4.8495 7.42403 1 
1.40596 1.43549 1 
1.11458 2.70361 1 
0.271137 0.329947 1 
0.176295 0.198447 1 
0.107039 0.150352 1 
0.10591 0.105911 1 
0.0993092 0.107439 1 
0.098094 0.117428 1 
0.0430397 0.0490029 1 
0.042639 0.0434362 1 
0.0412091 0.0447986 1 
0.0388508 0.0409986 1 
0.0388505 0.0409991 1 
0.0388499 0.0409986 1 
0.0379573 0.0388507 1 
0.0375022 0.0424377 1 
0.0331315 0.0353847 1 
0.0280951 0.0326162 1 
5.44695 5.50836 2 
3.85199 5.50983 2 
0.887183 3.60867 2 
0.3092 0.317411 2 
0.216589 0.237369 2 
0.180045 0.214278 2 
0.179473 0.195395 2 
0.177552 0.227515 2 
0.166537 0.17161 2 
0.147706 0.174139 2 
0.108709 0.109964 2 
0.107355 0.108867 2 
0.104527 0.117282 2 
0.103041 0.109023 2 
0.060867 0.0615674 2 
0.0592972 0.0614282 2 
0.0430397 0.0461178 2 
0.0412088 0.0505553 2 
0.0384069 0.0388503 2 
3.69999 4.29582 3 
3.69954 4.27385 3 
3.69378 4.26925 3 
3.61854 3.89483 3 
0.823797 3.82308 3 
0.168277 0.168278 3 
0.164724 0.211984 3 
0.16231 0.191584 3 
0.161991 0.164098 3 
0.150469 0.212792 3 
0.142986 0.198833 3 
0.131031 0.139832 3 
0.049002 0.0496973 3 
0.88254 3.73669 4 
0.157701 0.162889 4 
0.154404 0.156172 4 
0.154403 0.160344 4 
0.134198 0.137729 4 
0.131095 0.13547 4 
0.126975 0.132268 4 
0.0550988 0.0569358 4 
0.0536797 0.0543149 4 
0.0525495 0.0550986 4 
0.0491769 0.0500413 4 
0.0463032 0.0490029 4 
3.36088 3.36224 5 
1.459 1.67605 5 
1.16497 3.37668 5 
0.239417 0.251164 5 
0.176339 0.181945 5 
0.134006 0.13897 5 
0.121873 0.128918 5 
0.106879 0.112126 5 
0.0361043 0.0416214 5 
2.42103 3.00473 6 
2.41776 2.82147 6 
2.39825 2.62208 6 
1.89237 2.04966 6 
1.85881 1.94316 6 
1.83754 1.93834 6 
1.81208 1.89724 6 
1.73237 3.00626 6 
0.205452 0.232992 6 
0.155566 0.157484 6 
0.0958816 0.0959678 6 
0.0714901 0.0724439 6 
0.0705229 0.073504 6 
0.0594457 0.0710108 6 
0.0544721 0.057535 6 
1.8487 2.3186 7 
1.78816 1.9814 7 
1.78411 2.62988 7 
1.77684 2.5256 7 
1.65975 2.65026 7 
0.199181 0.217023 7 
0.104362 0.118737 7 
0.104362 0.119026 7 
0.0641613 0.0770375 7 
2.68834 2.98981 8 
1.73372 2.23909 8 
1.68794 2.34994 8 
1.32622 2.36405 8 
1.05099 1.08338 8 
0.729327 0.743772 8 
0.105989 0.111665 8 
2.4594 2.52858 9 
2.15926 2.21535 9 
2.14085 2.16678 9 
2.04104 2.11808 9 
1.47512 1.4829 9 
1.40438 2.08403 9 
1.27914 2.12594 9 
1.1287 1.29925 9 
0.56651 0.606155 9 
0.31589 0.32095 9 
0.104522 0.118593 9 
1.99918 2.27971 10 
1.99899 2.33325 10 
1.98344 2.00318 10 
1.91914 1.99956 10 
1.30853 1.90007 10 
1.09052 1.35486 10 
2.3208 2.32887 11 
2.3208 2.39612 11 
1.36515 1.38264 11 
1.30941 1.65957 11 
0.378279 0.391078 11 
1.99664 2.03258 12 
1.95099 1.98012 12 
1.57077 2.02136 12 
1.55135 1.89071 12 
1.54201 1.55399 12 
1.46533 1.63421 12 
1.3234 1.32484 12 
1.32339 1.37005 12 
0.314777 0.32594 12 
1.44238 1.57743 13 
1.42277 1.56643 13 
1.38204 1.52841 13 
1.1295 1.13805 13 
1.12336 1.20869 13 
1.10947 1.12171 13 
1.07791 1.22713 13 
1.03819 1.04681 13 
1.03409 1.04176 13 
1.02833 1.03714 13 
0.84158 0.930124 13 
0.83174 0.925197 13 
0.55985 0.566265 13 
0.966579 1.06976 14 
0.939942 1.07589 14 
0.930515 1.02374 14 
0.899063 1.09543 14 
1.87369 1.9546 15 
1.87332 1.95521 15 
1.8706 1.93937 15 
0.950994 0.959049 15 
0.948115 0.98657 15 
0.946267 0.987023 15 
0.944199 0.980084 15 
0.894634 0.967076 15 
0.401943 0.463232 16 
1.76559 1.78895 17 
1.60062 1.72355 17 
1.57603 1.85961 17 
0.486529 0.506004 17 
1.88627 2.09159 18 
1.44316 2.05348 18 
1.44221 2.06441 18 
1.37285 1.42517 19 
1.36952 1.42048 19 
1.36722 1.62474 19 
0.638523 0.643197 19 
0.627946 0.638688 19 
0.627127 0.638326 19 
1.09813 1.37057 20 
1.09073 1.36999 20 
