5.48368 9.07451 1 
0.82435 1.87066 1 
0.439219 0.595511 1 
0.331423 0.335683 1 
0.321502 0.346106 1 
0.217846 0.223567 1 
0.17254 0.174587 1 
0.160443 0.16719 1 
0.137953 0.144658 1 
0.126297 0.131507 1 
0.120213 0.120215 1 
0.117222 0.11856 1 
0.117218 0.144658 1 
0.0965296 0.112748 1 
0.0952992 0.108102 1 
0.0944612 0.102865 1 
0.0919173 0.0977436 1 
0.0914919 0.109196 1 
0.0861543 0.0901846 1 
0.0843029 0.097754 1 
0.0833632 0.087973 1 
0.0819286 0.0901853 1 
0.0804705 0.0809577 1 
0.0804678 0.0861543 1 
0.078985 0.0901856 1 
0.078483 0.0804711 1 
0.0748834 0.0779806 1 
0.0743491 0.0828905 1 
0.0732787 0.0819306 1 
0.0727358 0.0759305 1 
0.0716425 0.0764464 1 
0.0694093 0.0743486 1 
0.068256 0.0694092 1 
0.0676734 0.0699684 1 
0.0646934 0.082408 1 
0.0615637 0.0721935 1 
0.0609212 0.082408 1 
0.0547806 0.0562006 1 
6.20687 6.29433 2 
4.9455 6.32101 2 
0.702554 2.43263 2 
0.47364 0.523613 2 
0.472729 0.523757 2 
0.431877 0.451627 2 
0.288495 0.294856 2 
0.195094 0.210096 2 
0.122804 0.137377 2 
0.121193 0.122489 2 
0.121192 0.138523 2 
0.119883 0.120214 2 
0.116202 0.120214 2 
0.116199 0.124727 2 
0.115523 0.115866 2 
0.113457 0.115519 2 
0.112747 0.115519 2 
0.10992 0.11205 2 
0.107006 0.108105 2 
0.10589 0.110635 2 
0.105523 0.122489 2 
0.104389 0.110276 2 
0.104388 0.130297 2 
0.104008 0.12119 2 
0.100143 0.123454 2 
0.0961181 0.105891 2 
0.0879713 0.0888622 2 
0.0819307 0.0879713 2 
0.0779754 0.0866108 2 
0.0774658 0.0969399 2 
0.0743516 0.0748817 2 
0.0743484 0.0819263 2 
4.4848 5.0619 3 
4.47827 5.0585 3 
4.4753 5.05835 3 
4.46234 5.06798 3 
0.714664 0.829711 3 
0.628644 2.45112 3 
0.397311 0.442617 3 
0.383139 0.449698 3 
0.368433 0.441813 3 
0.313677 0.328306 3 
0.28115 0.310511 3 
0.276047 0.296995 3 
0.246905 0.249767 3 
0.150803 0.152103 3 
0.133295 0.136514 3 
0.128466 0.141628 3 
0.11415 0.121521 3 
0.113455 0.116205 3 
0.111345 0.131206 3 
0.110633 0.11654 3 
0.108833 0.110635 3 
0.108471 0.125042 3 
0.10325 0.122491 3 
0.102864 0.122489 3 
0.0952937 0.103633 3 
0.0927791 0.0931996 3 
0.0927791 0.0985565 3 
0.0910617 0.0997489 3 
0.0856988 0.0861578 3 
0.0789844 0.103633 3 
0.0738112 0.0910586 3 
0.671773 2.35247 4 
0.234604 0.269094 4 
0.138233 0.159952 4 
0.125041 0.125671 4 
0.124405 0.142737 4 
0.110634 0.121516 4 
0.110266 0.123129 4 
0.105891 0.1092 4 
0.10589 0.12249 4 
0.102098 0.123774 4 
0.102094 0.104765 4 
0.0997496 0.12504 4 
0.0953038 0.100142 4 
0.0953005 0.102871 4 
0.0944592 0.0985497 4 
0.0866163 0.0875201 4 
0.0852343 0.105897 4 
2.09287 2.11845 5 
1.1046 2.13488 5 
0.349061 0.356563 5 
0.347587 0.370464 5 
0.345878 0.374703 5 
0.267628 0.276907 5 
0.104007 0.105895 5 
0.103635 0.104394 5 
0.103632 0.104391 5 
0.090183 0.0923471 5 
0.0879743 0.0931955 5 
0.0754011 0.0989546 5 
0.0738111 0.110279 5 
1.86497 1.86537 6 
1.71361 1.91981 6 
0.32273 0.32626 6 
0.305509 0.329513 6 
0.278039 0.344855 6 
0.132104 0.133884 6 
0.130603 0.138236 6 
0.119222 0.125674 6 
0.117221 0.12152 6 
0.116203 0.125357 6 
0.115521 0.119886 6 
1.82812 1.84497 7 
1.5746 1.63071 7 
1.49717 1.57513 7 
1.27102 1.67444 7 
0.289589 0.292577 7 
0.100925 0.117559 7 
0.0973428 0.110638 7 
0.0852317 0.0927754 7 
1.47322 1.51209 8 
1.38378 1.39659 8 
1.25757 1.40342 8 
1.20498 1.42328 8 
0.356777 0.365743 8 
0.352661 0.36205 8 
0.288491 0.307191 8 
0.279745 0.304347 8 
0.127234 0.143838 8 
0.110991 0.131506 8 
0.101316 0.139657 8 
1.17046 1.22159 9 
1.06671 1.11299 9 
0.946915 1.28402 9 
0.870291 1.28079 9 
0.514562 0.555445 9 
0.393712 0.404986 9 
0.361619 0.407321 9 
0.286298 0.294456 9 
0.116199 0.123769 9 
0.108109 0.12313 9 
0.868253 1.23555 10 
0.414994 0.422625 10 
0.374066 0.417842 10 
0.237938 0.247861 10 
0.162399 0.194886 10 
0.966909 1.16113 11 
0.911729 0.929189 11 
0.480022 0.502679 11 
0.413951 0.46676 11 
0.36714 0.382626 11 
1.28093 1.29302 12 
1.17412 1.25112 12 
1.09254 1.20843 12 
0.905912 0.92065 12 
0.535467 0.601514 12 
0.197505 0.234309 12 
0.194727 0.223914 12 
1.0497 1.05795 13 
0.89367 0.904516 13 
0.857973 0.960162 13 
0.825752 0.960162 13 
1.01527 1.07733 14 
0.804973 0.850948 14 
0.664864 0.804433 14 
0.743422 0.80365 15 
0.618914 0.798276 15 
0.858198 0.878345 16 
0.557576 0.604398 16 
0.195081 0.203842 16 
1.09649 1.21312 18 
0.176891 0.181896 18 
0.176891 0.179051 18 
0.646254 0.682677 19 
0.580037 0.599148 20 
0.54431 0.606544 20 
0.436875 0.471056 20 
0.43588 0.482407 20 
0.410504 0.418975 20 
0.33796 0.339764 20 
