5.18356 9.04267 1 
0.58411 1.49141 1 
0.436209 0.506064 1 
0.425747 0.467773 1 
0.417936 0.521098 1 
0.329907 0.370057 1 
0.304202 0.336164 1 
0.288692 0.289294 1 
0.272464 0.326612 1 
0.227731 0.265375 1 
0.146072 0.162378 1 
0.141543 0.14306 1 
0.140616 0.14306 1 
0.138758 0.14813 1 
0.136554 0.154438 1 
0.134633 0.148714 1 
0.133346 0.134959 1 
0.131706 0.16529 1 
0.129716 0.132034 1 
0.124244 0.128708 1 
0.0474856 0.0617797 1 
0.0456258 0.0550956 1 
0.0456136 0.0744912 1 
6.26988 6.79445 2 
6.2667 6.83478 2 
4.37771 6.8363 2 
0.964777 0.996548 2 
0.526087 1.51014 2 
0.444097 0.477229 2 
0.443608 0.454994 2 
0.38205 0.425038 2 
0.376104 0.515323 2 
0.37495 0.389245 2 
0.341282 0.359603 2 
0.324347 0.331751 2 
0.292432 0.331876 2 
0.283995 0.303201 2 
0.214405 0.240697 2 
0.206785 0.218611 2 
0.201036 0.248325 2 
0.158595 0.161034 2 
0.157497 0.162372 2 
0.156112 0.168404 2 
0.154153 0.161829 2 
0.153311 0.158044 2 
0.150743 0.163438 2 
0.149877 0.169432 2 
0.142766 0.161032 2 
0.138449 0.165027 2 
0.136868 0.143666 2 
0.134314 0.169432 2 
0.106584 0.117054 2 
0.0945138 0.0981173 2 
0.0917152 0.117054 2 
0.0709265 0.0733273 2 
0.0631597 0.0638465 2 
4.17172 4.48672 3 
4.17025 4.75383 3 
4.15929 4.63196 3 
3.57904 4.75474 3 
1.20747 1.28924 3 
0.538044 1.4306 3 
0.404223 0.423298 3 
0.396641 0.399693 3 
0.346578 0.358514 3 
0.334223 0.401858 3 
0.286886 0.351057 3 
0.285071 0.340776 3 
0.215398 0.23114 3 
0.199742 0.221557 3 
0.155555 0.157769 3 
0.147835 0.168147 3 
0.145767 0.155553 3 
0.142765 0.152173 3 
0.102863 0.10536 3 
0.101586 0.104119 3 
0.093126 0.102012 3 
0.0750782 0.0750794 3 
0.0534923 0.0558767 3 
3.63181 3.9499 4 
3.6317 3.94898 4 
3.63056 3.94426 4 
2.97722 3.03269 4 
1.0292 1.1363 4 
0.985355 1.01805 4 
0.528814 1.38547 4 
0.524253 0.556282 4 
0.244978 0.272303 4 
0.180336 0.197773 4 
0.165545 0.212374 4 
0.161571 0.162911 4 
0.155832 0.165024 4 
0.155556 0.176202 4 
0.149004 0.178897 4 
0.143977 0.165285 4 
0.0917203 0.0940571 4 
0.0858589 0.0883509 4 
0.0684401 0.0715336 4 
0.0518503 0.0534975 4 
2.10436 2.12051 5 
1.21143 1.25398 5 
0.952791 0.955783 5 
0.931394 1.04113 5 
0.929222 1.27905 5 
0.231701 0.241064 5 
0.220775 0.24267 5 
0.154151 0.161036 5 
0.153591 0.157217 5 
0.0651886 0.0658557 5 
0.0631597 0.0638407 5 
1.90516 2.23417 6 
0.994368 1.05057 6 
0.953266 1.01679 6 
0.938235 1.11248 6 
0.249194 0.254528 6 
0.186027 0.186955 6 
0.180341 0.20211 6 
0.175715 0.186955 6 
0.162113 0.171972 6 
0.161842 0.189031 6 
0.150741 0.151313 6 
0.141849 0.153022 6 
0.139386 0.141854 6 
0.0677957 0.0756545 6 
1.84095 2.25283 7 
1.68903 1.74546 7 
1.65856 1.67811 7 
1.59953 1.88228 7 
1.50008 1.58177 7 
1.24585 1.28644 7 
1.24292 1.33371 7 
1.05326 1.05831 7 
0.893746 0.942355 7 
0.86725 0.889513 7 
0.820911 0.955649 7 
0.231141 0.233566 7 
0.230949 0.256729 7 
0.230762 0.260253 7 
0.221559 0.230005 7 
0.179132 0.191763 7 
0.175462 0.185787 7 
0.072133 0.0756545 7 
1.43284 1.493 8 
1.27015 1.27645 8 
1.22862 1.41024 8 
1.20693 1.30388 8 
1.05094 1.06326 8 
1.04333 1.17072 8 
0.625761 0.820168 8 
0.589138 0.785479 8 
0.315682 0.319369 8 
0.208029 0.227739 8 
0.16994 0.191308 8 
1.39819 1.45742 9 
1.15757 1.19408 9 
1.04764 1.1655 9 
1.00606 1.05637 9 
0.984309 1.17938 9 
0.964539 0.998609 9 
0.532457 0.709669 9 
0.326085 0.367824 9 
0.283388 0.294344 9 
0.260257 0.280158 9 
0.217813 0.23615 9 
0.184858 0.187649 9 
1.65323 1.99644 10 
1.63742 1.78489 10 
1.49099 1.56442 10 
1.11463 1.35582 10 
1.0463 1.12112 10 
1.03752 1.0997 10 
0.988388 1.02402 10 
0.53166 0.597031 10 
0.398349 0.418316 10 
0.385778 0.388809 10 
0.227353 0.236338 10 
1.60884 1.69139 11 
1.40892 1.67908 11 
1.40698 1.63958 11 
1.02026 1.08557 11 
0.992728 1.0704 11 
0.959673 1.20729 11 
0.529035 0.573254 11 
0.432411 0.476187 11 
0.374716 0.444186 11 
0.355109 0.388571 11 
0.354499 0.405393 11 
0.955959 1.02304 12 
0.835652 0.846777 12 
0.573704 0.615278 12 
0.407498 0.440108 12 
1.13764 1.22651 13 
1.0164 1.08897 13 
0.552443 0.58419 13 
0.4983 0.50915 13 
0.494105 0.499338 13 
0.364466 0.395898 13 
1.27697 1.29876 14 
1.26622 1.28408 14 
1.1283 1.1651 14 
0.713081 0.713327 14 
0.682322 0.801494 14 
1.63179 1.64492 15 
1.62937 1.63134 15 
1.2626 1.32007 15 
1.22158 1.31754 15 
1.02441 1.02974 15 
0.952647 1.02974 15 
0.907843 1.06878 15 
1.16708 1.2168 16 
1.0163 1.1821 16 
0.9805 1.00897 17 
0.489808 0.517803 17 
1.55973 1.58877 19 
0.384313 0.421861 19 
0.413869 0.450013 20 
