0 0.0146993 1 
0 0.0180053 1 
0 0.0194413 1 
0 0.0216297 1 
0 0.0224447 1 
0 0.0228416 1 
0 0.0228418 1 
0 0.022842 1 
0 0.0232399 1 
0 0.0236163 1 
0 0.024734 1 
0 0.0261549 1 
0 0.0264894 1 
0 0.0268209 1 
0 0.0278157 1 
0 0.0284538 1 
0 0.0284544 1 
0 0.0287631 1 
0 0.0287681 1 
0 0.0290759 1 
0 0.029996 1 
0 0.0302965 1 
0 0.0308767 1 
0 0.0314487 1 
0 0.0317426 1 
0 0.0320208 1 
0 0.0323037 1 
0 0.032304 1 
0 0.032853 1 
0 0.0333972 1 
0 0.0336681 1 
0 0.0344588 1 
0 0.03446 1 
0 0.03446 1 
0 0.0352351 1 
0 0.0359939 1 
0 0.0364847 1 
0 0.0367354 1 
0 0.0372204 1 
0 0.0372206 1 
0 0.0372216 1 
0 0.0381756 1 
0 0.0381756 1 
0 0.0384114 1 
0 0.0386502 1 
0 0.0400164 1 
0 0.0402426 1 
0 0.0406895 1 
0 0.0406895 1 
0 0.0413369 1 
0 0.0413373 1 
0 0.042417 1 
0 0.042421 1 
0 0.0438703 1 
0 0.0440817 1 
0 0.0440865 1 
0 0.0444857 1 
0 0.044693 1 
0 0.0462795 1 
0 0.0468496 1 
0 0.0470401 1 
0 0.0474279 1 
0 0.047617 1 
0 0.0539853 1 
0 0.0557936 1 
0 0.0559522 1 
0 0.0559545 1 
0 0.0580033 1 
0 0.0583194 1 
0 0.0590792 1 
0 0.0590851 1 
0 0.0596926 1 
0 0.0613223 1 
0 0.061471 1 
0 0.0620573 1 
0 0.0633354 1 
0 0.0650319 1 
0 0.0663926 1 
0 0.067737 1 
0 0.0757587 1 
0 0.0859949 1 
0 0.0870353 1 
0 0.0880597 1 
0 0.0904784 1 
0 0.0938001 1 
0 0.0947514 1 
0 0.10789 1 
0 0.10839 1 
0 0.111501 1 
0 0.118919 1 
0 0.122498 1 
0 0.13046 1 
0 0.140936 1 
0 0.154517 1 
0 0.154517 1 
0 0.155562 1 
0 0.167641 1 
0 0.196776 1 
0 0.208921 1 
0 0.220974 1 
0 0.25116 1 
0 0.322542 1 
0 0.340766 1 
0 0.388928 1 
0 0.527114 1 
0 0.556395 1 
0 0.580756 1 
0 0.588597 1 
0 0.620992 1 
0 0.628349 1 
0 0.7099 1 
0 0.717462 1 
0 0.757109 1 
0 0.764282 1 
0 0.79261 1 
0 0.818657 1 
0 0.97905 1 
0 0.990448 1 
0 1.06815 1 
0 1.07946 1 
0 1.14094 1 
0 1.21567 1 
0 1.22581 1 
0 2.03163 1 
0 2.29016 1 
0 2.35797 1 
0 2.52623 1 
0 3.12908 1 
0 3.67043 1 
0 3.78501 1 
0 3.7917 1 
0 inf 1 
0 0.0169635 2 
0 0.021216 2 
0 0.0220382 2 
0 0.022039 2 
0 0.0236145 2 
0 0.0258018 2 
0 0.0268267 2 
0 0.0284541 2 
0 0.0290789 2 
0 0.029083 2 
0 0.0293903 2 
0 0.0302965 2 
0 0.0317381 2 
0 0.0317419 2 
0 0.0325815 2 
0 0.033401 2 
0 0.0336669 2 
0 0.0339339 2 
0 0.0339387 2 
0 0.0347242 2 
0 0.0354914 2 
0 0.0364936 2 
0 0.036734 2 
0 0.0367379 2 
0 0.0367403 2 
0 0.0374613 2 
0 0.0374704 2 
0 0.0384101 2 
0 0.0391063 2 
0 0.0391115 2 
0 0.0402382 2 
0 0.0402421 2 
0 0.0409051 2 
0 0.041565 2 
0 0.0422015 2 
0 0.0422023 2 
0 0.0422045 2 
0 0.0422055 2 
0 0.0424123 2 
0 0.042418 2 
0 0.0428368 2 
0 0.0442889 2 
0 0.0452858 2 
0 0.0454853 2 
0 0.0458765 2 
0 0.0468468 2 
0 0.0509038 2 
0 0.0514301 2 
0 0.0514313 2 
0 0.0528085 2 
0 0.0534786 2 
0 0.0539863 2 
0 0.0544855 2 
0 0.055302 2 
0 0.0554662 2 
0 0.0554681 2 
0 0.0565867 2 
0 0.0596817 2 
0 0.0627753 2 
0 0.0632006 2 
0 0.064892 2 
0 0.0705972 2 
0 0.0714852 2 
0 0.0734742 2 
0 0.0789017 2 
0 0.0789017 2 
0 0.0810459 2 
0 0.0834483 2 
0 0.0944567 2 
0 0.0981073 2 
0 0.103203 2 
0 0.109467 2 
0 0.114992 2 
0 0.117321 2 
0 0.117779 2 
0 0.12191 2 
0 0.127605 2 
0 0.128729 2 
0 0.128729 2 
0 0.130947 2 
0 0.141319 2 
0 0.146445 2 
0 0.146572 2 
0 0.148703 2 
0 0.149062 2 
0 0.175508 2 
0 0.185376 2 
0 0.196356 2 
0 0.200891 2 
0 0.201017 2 
0 0.28407 2 
0 0.297949 2 
0 0.307845 2 
0 0.459548 2 
0 0.467006 2 
0 0.474752 2 
0 0.560027 2 
0 0.582422 2 
0 0.590716 2 
0 0.593566 2 
0 0.642731 2 
0 0.654319 2 
0 0.663537 2 
0 0.671873 2 
0 0.841902 2 
0 0.854586 2 
0 0.862692 2 
0 0.8915 2 
0 0.901218 2 
0 0.902026 2 
0 0.903629 2 
0 0.917896 2 
0 0.949716 2 
0 0.955596 2 
0 1.09395 2 
0 1.62403 2 
0 1.71435 2 
0 1.92789 2 
0 1.94761 2 
0 2.04455 2 
0 2.27063 2 
0 2.51298 2 
0 2.51881 2 
0 2.51942 2 
0 3.25802 2 
0 3.4867 2 
0 3.6386 2 
0 inf 2 
0 0.0146936 3 
0 0.0220407 3 
0 0.0261452 3 
0 0.026487 3 
0 0.0264894 3 
0 0.0271608 3 
0 0.0274898 3 
0 0.0278116 3 
0 0.0281303 3 
0 0.0290804 3 
0 0.0296928 3 
0 0.0299926 3 
0 0.0311706 3 
0 0.0311711 3 
0 0.0311711 3 
0 0.0314518 3 
0 0.0314563 3 
0 0.031741 3 
0 0.0323053 3 
0 0.0328532 3 
0 0.0334 3 
0 0.0336683 3 
0 0.0359941 3 
0 0.0364884 3 
0 0.0391034 3 
0 0.0391126 3 
0 0.0402407 3 
0 0.0446864 3 
0 0.0446959 3 
0 0.0450869 3 
0 0.0454876 3 
0 0.0454876 3 
0 0.0478106 3 
0 0.0485449 3 
0 0.0490988 3 
0 0.0492859 3 
0 0.0500153 3 
0 0.0514276 3 
0 0.052124 3 
0 0.0521257 3 
0 0.0521315 3 
0 0.0533152 3 
0 0.0546418 3 
0 0.05482 3 
0 0.0561135 3 
0 0.0561156 3 
0 0.0580039 3 
0 0.0586233 3 
0 0.0604315 3 
0 0.0641864 3 
0 0.0643317 3 
0 0.066118 3 
0 0.0770565 3 
0 0.0802561 3 
0 0.087654 3 
0 0.0900808 3 
0 0.0912708 3 
0 0.0940791 3 
0 0.0947565 3 
0 0.105788 3 
0 0.107462 3 
0 0.11531 3 
0 0.118998 3 
0 0.119372 3 
0 0.12124 3 
0 0.122937 3 
0 0.124974 3 
0 0.128449 3 
0 0.128594 3 
0 0.133603 3 
0 0.142843 3 
0 0.148279 3 
0 0.157967 3 
0 0.161072 3 
0 0.168927 3 
0 0.200671 3 
0 0.214867 3 
0 0.251051 3 
0 0.278245 3 
0 0.282707 3 
0 0.410782 3 
0 0.430351 3 
0 0.459578 3 
0 0.474064 3 
0 0.491676 3 
0 0.49353 3 
0 0.532651 3 
0 0.543362 3 
0 0.546478 3 
0 0.556029 3 
0 0.603269 3 
0 0.624865 3 
0 0.691761 3 
0 0.748597 3 
0 0.751282 3 
0 0.756932 3 
0 0.759353 3 
0 0.767749 3 
0 0.769665 3 
0 0.773823 3 
0 0.8311 3 
0 0.836325 3 
0 0.84867 3 
0 0.857847 3 
0 0.880511 3 
0 0.881597 3 
0 0.927787 3 
0 1.08592 3 
0 1.32081 3 
0 1.42181 3 
0 1.4235 3 
0 1.4241 3 
0 1.42474 3 
0 1.55258 3 
0 1.63228 3 
0 2.25871 3 
0 2.42323 3 
0 2.52436 3 
0 2.77977 3 
0 2.78554 3 
0 2.78611 3 
0 3.1797 3 
0 3.1797 3 
0 inf 3 
0 0.0164284 4 
0 0.0189672 4 
0 0.0199006 4 
0 0.0203395 4 
0 0.0216277 4 
0 0.0220353 4 
0 0.0264868 4 
0 0.0264996 4 
0 0.0290836 4 
0 0.0305898 4 
0 0.0314541 4 
0 0.0336665 4 
0 0.0352331 4 
0 0.0359921 4 
0 0.0359952 4 
0 0.0364948 4 
0 0.0374621 4 
0 0.0377032 4 
0 0.0388744 4 
0 0.0395601 4 
0 0.0395642 4 
0 0.039789 4 
0 0.0400234 4 
0 0.0404596 4 
0 0.0409046 4 
0 0.0426314 4 
0 0.0436709 4 
0 0.0446852 4 
0 0.0452906 4 
0 0.0454801 4 
0 0.0460758 4 
0 0.047616 4 
0 0.0476213 4 
0 0.048558 4 
0 0.0487328 4 
0 0.0491011 4 
0 0.0500053 4 
0 0.0505491 4 
0 0.0526347 4 
0 0.0561135 4 
0 0.0567483 4 
0 0.0572244 4 
0 0.0580054 4 
0 0.0583122 4 
0 0.0620501 4 
0 0.0651666 4 
0 0.0654359 4 
0 0.0677357 4 
0 0.0719869 4 
0 0.0792416 4 
0 0.0800319 4 
0 0.100198 4 
0 0.10268 4 
0 0.107059 4 
0 0.109134 4 
0 0.109134 4 
0 0.109875 4 
0 0.112462 4 
0 0.128728 4 
0 0.129421 4 
0 0.132923 4 
0 0.13299 4 
0 0.142594 4 
0 0.148514 4 
0 0.173809 4 
0 0.266761 4 
0 0.275777 4 
0 0.302713 4 
0 0.397624 4 
0 0.402237 4 
0 0.420463 4 
0 0.435205 4 
0 0.446128 4 
0 0.451735 4 
0 0.454213 4 
0 0.50615 4 
0 0.525995 4 
0 0.535287 4 
0 0.580721 4 
0 0.614426 4 
0 0.616995 4 
0 0.64213 4 
0 0.662402 4 
0 0.682869 4 
0 0.686023 4 
0 0.716183 4 
0 0.725469 4 
0 0.729134 4 
0 0.732413 4 
0 0.74211 4 
0 0.752676 4 
0 0.756597 4 
0 0.786527 4 
0 0.805939 4 
0 0.809686 4 
0 0.812792 4 
0 0.818135 4 
0 0.825095 4 
0 0.827277 4 
0 1.07932 4 
0 1.08894 4 
0 1.15397 4 
0 1.20536 4 
0 1.21669 4 
0 1.21707 4 
0 1.21753 4 
0 1.36515 4 
0 1.36918 4 
0 1.37023 4 
0 1.54382 4 
0 1.62546 4 
0 1.74576 4 
0 1.92661 4 
0 1.9385 4 
0 2.20709 4 
0 2.20738 4 
0 2.20748 4 
0 2.23153 4 
0 2.31087 4 
0 inf 4 
0 0.0194454 5 
0 0.0228465 5 
0 0.0254507 5 
0 0.0258031 5 
0 0.0284562 5 
0 0.0293871 5 
0 0.0302899 5 
0 0.0331288 5 
0 0.0336672 5 
0 0.0336676 5 
0 0.0339334 5 
0 0.0339373 5 
0 0.0344548 5 
0 0.0347234 5 
0 0.0349639 5 
0 0.0381745 5 
0 0.0386524 5 
0 0.0397992 5 
0 0.0411314 5 
0 0.0430372 5 
0 0.0444962 5 
0 0.0446968 5 
0 0.0452871 5 
0 0.0456801 5 
0 0.0462685 5 
0 0.0478076 5 
0 0.047995 5 
0 0.0492893 5 
0 0.0492894 5 
0 0.0500083 5 
0 0.0503653 5 
0 0.0507161 5 
0 0.0507289 5 
0 0.0508956 5 
0 0.052116 5 
0 0.0526423 5 
0 0.0565891 5 
0 0.0586211 5 
0 0.0633413 5 
0 0.0634803 5 
0 0.0637654 5 
0 0.0641856 5 
0 0.0657092 5 
0 0.0666635 5 
0 0.0667984 5 
0 0.0677303 5 
0 0.0808143 5 
0 0.0840865 5 
0 0.0904772 5 
0 0.0905738 5 
0 0.108226 5 
0 0.11484 5 
0 0.114843 5 
0 0.118012 5 
0 0.124969 5 
0 0.145758 5 
0 0.167643 5 
0 0.276786 5 
0 0.382961 5 
0 0.400784 5 
0 0.405885 5 
0 0.407885 5 
0 0.434417 5 
0 0.444756 5 
0 0.447996 5 
0 0.463835 5 
0 0.519641 5 
0 0.556587 5 
0 0.569028 5 
0 0.57249 5 
0 0.58059 5 
0 0.582636 5 
0 0.583068 5 
0 0.585526 5 
0 0.605533 5 
0 0.620985 5 
0 0.625163 5 
0 0.664854 5 
0 0.706724 5 
0 0.719455 5 
0 0.719597 5 
0 0.723983 5 
0 0.724269 5 
0 0.736815 5 
0 0.750497 5 
0 0.753941 5 
0 0.772554 5 
0 0.802519 5 
0 0.806466 5 
0 0.810639 5 
0 0.92908 5 
0 0.930113 5 
0 0.944061 5 
0 0.946678 5 
0 0.947646 5 
0 0.961519 5 
0 1.14348 5 
0 1.16185 5 
0 1.17822 5 
0 1.24885 5 
0 1.27028 5 
0 1.27129 5 
0 1.28194 5 
0 1.42761 5 
0 1.42988 5 
0 1.45612 5 
0 1.56153 5 
0 1.61623 5 
0 1.62173 5 
0 1.62173 5 
0 1.62375 5 
0 1.62505 5 
0 1.63935 5 
0 1.6933 5 
0 1.81631 5 
0 inf 5 
0 0.0228368 6 
0 0.0254482 6 
0 0.0278165 6 
0 0.0281278 6 
0 0.0290718 6 
0 0.0331201 6 
0 0.0333906 6 
0 0.0336754 6 
0 0.0354899 6 
0 0.0354899 6 
0 0.03549 6 
0 0.037467 6 
0 0.039108 6 
0 0.0404599 6 
0 0.0409035 6 
0 0.0428348 6 
0 0.0430445 6 
0 0.0436758 6 
0 0.0470459 6 
0 0.0478025 6 
0 0.0479902 6 
0 0.0479906 6 
0 0.0483645 6 
0 0.0487313 6 
0 0.0491035 6 
0 0.0500012 6 
0 0.0508942 6 
0 0.0514233 6 
0 0.0526446 6 
0 0.0541514 6 
0 0.0541607 6 
0 0.0620509 6 
0 0.0633388 6 
0 0.0661147 6 
0 0.0713525 6 
0 0.0718565 6 
0 0.072728 6 
0 0.0798117 6 
0 0.0811536 6 
0 0.0830117 6 
0 0.0876534 6 
0 0.0888768 6 
0 0.103212 6 
0 0.107797 6 
0 0.121764 6 
0 0.128376 6 
0 0.138037 6 
0 0.142648 6 
0 0.169566 6 
0 0.275581 6 
0 0.282698 6 
0 0.307011 6 
0 0.323006 6 
0 0.341489 6 
0 0.344358 6 
0 0.36919 6 
0 0.421945 6 
0 0.446692 6 
0 0.460814 6 
0 0.467405 6 
0 0.467617 6 
0 0.467637 6 
0 0.476807 6 
0 0.489323 6 
0 0.494589 6 
0 0.495025 6 
0 0.5215 6 
0 0.524733 6 
0 0.525966 6 
0 0.603494 6 
0 0.614055 6 
0 0.616569 6 
0 0.680235 6 
0 0.697756 6 
0 0.71368 6 
0 0.719167 6 
0 0.719617 6 
0 0.723008 6 
0 0.726508 6 
0 0.73352 6 
0 0.735174 6 
0 0.783359 6 
0 0.800232 6 
0 0.800625 6 
0 0.802141 6 
0 0.820903 6 
0 0.916376 6 
0 0.929416 6 
0 0.932894 6 
0 0.935023 6 
0 0.935437 6 
0 0.997129 6 
0 1.08274 6 
0 1.08356 6 
0 1.08453 6 
0 1.1049 6 
0 1.1124 6 
0 1.14709 6 
0 1.14998 6 
0 1.25874 6 
0 1.2871 6 
0 1.30362 6 
0 1.32856 6 
0 1.38177 6 
0 1.52239 6 
0 1.57191 6 
0 1.66881 6 
0 1.67245 6 
0 1.67995 6 
0 1.6921 6 
0 1.70492 6 
0 inf 6 
0 0.0274783 7 
0 0.031742 7 
0 0.0328561 7 
0 0.0384099 7 
0 0.0384114 7 
0 0.0388766 7 
0 0.0391082 7 
0 0.0397875 7 
0 0.0448942 7 
0 0.0456807 7 
0 0.0456814 7 
0 0.0464698 7 
0 0.0472282 7 
0 0.0491012 7 
0 0.0503661 7 
0 0.0526357 7 
0 0.05298 7 
0 0.0533158 7 
0 0.0541508 7 
0 0.0541524 7 
0 0.0553049 7 
0 0.0559593 7 
0 0.0569043 7 
0 0.0578458 7 
0 0.0602837 7 
0 0.0709773 7 
0 0.0717401 7 
0 0.0721079 7 
0 0.0722373 7 
0 0.0799193 7 
0 0.0821396 7 
0 0.0837663 7 
0 0.0883678 7 
0 0.0918632 7 
0 0.0938927 7 
0 0.0953198 7 
0 0.0966348 7 
0 0.112694 7 
0 0.117932 7 
0 0.127741 7 
0 0.147062 7 
0 0.166406 7 
0 0.175652 7 
0 0.267802 7 
0 0.275025 7 
0 0.292001 7 
0 0.292239 7 
0 0.304067 7 
0 0.304221 7 
0 0.307879 7 
0 0.311439 7 
0 0.319211 7 
0 0.322141 7 
0 0.334293 7 
0 0.375733 7 
0 0.375733 7 
0 0.376044 7 
0 0.442891 7 
0 0.484278 7 
0 0.490094 7 
0 0.491908 7 
0 0.542849 7 
0 0.548367 7 
0 0.551919 7 
0 0.552345 7 
0 0.557707 7 
0 0.558658 7 
0 0.567481 7 
0 0.568984 7 
0 0.576024 7 
0 0.605275 7 
0 0.60635 7 
0 0.674967 7 
0 0.697924 7 
0 0.700186 7 
0 0.702824 7 
0 0.70449 7 
0 0.705065 7 
0 0.712839 7 
0 0.713444 7 
0 0.734321 7 
0 0.795302 7 
0 0.79853 7 
0 0.798969 7 
0 0.912313 7 
0 0.915236 7 
0 0.928545 7 
0 0.928545 7 
0 0.928884 7 
0 0.951003 7 
0 0.960495 7 
0 0.964854 7 
0 0.967427 7 
0 1.03524 7 
0 1.03858 7 
0 1.15299 7 
0 1.28674 7 
0 1.55425 7 
0 1.57413 7 
0 1.60005 7 
0 1.62293 7 
0 1.62378 7 
0 1.62433 7 
0 1.63807 7 
0 1.66342 7 
0 1.68945 7 
0 1.80776 7 
0 inf 7 
0 0.0236244 8 
0 0.0362418 8 
0 0.0364887 8 
0 0.0384133 8 
0 0.0384153 8 
0 0.0395629 8 
0 0.0404588 8 
0 0.0413388 8 
0 0.041565 8 
0 0.041565 8 
0 0.0426216 8 
0 0.046074 8 
0 0.047043 8 
0 0.0474211 8 
0 0.0512549 8 
0 0.0543158 8 
0 0.0569084 8 
0 0.0570639 8 
0 0.0602888 8 
0 0.0614679 8 
0 0.0749203 8 
0 0.0782161 8 
0 0.0793558 8 
0 0.0811484 8 
0 0.10154 8 
0 0.102153 8 
0 0.102858 8 
0 0.103728 8 
0 0.115462 8 
0 0.123001 8 
0 0.127605 8 
0 0.136122 8 
0 0.145406 8 
0 0.166511 8 
0 0.185039 8 
0 0.216883 8 
0 0.219334 8 
0 0.225003 8 
0 0.243041 8 
0 0.254288 8 
0 0.25808 8 
0 0.270156 8 
0 0.272198 8 
0 0.272245 8 
0 0.295032 8 
0 0.300345 8 
0 0.304351 8 
0 0.315911 8 
0 0.323004 8 
0 0.338616 8 
0 0.340653 8 
0 0.379342 8 
0 0.382825 8 
0 0.383482 8 
0 0.392571 8 
0 0.415482 8 
0 0.434449 8 
0 0.43478 8 
0 0.443073 8 
0 0.535098 8 
0 0.56842 8 
0 0.573713 8 
0 0.573917 8 
0 0.603748 8 
0 0.604472 8 
0 0.610232 8 
0 0.698543 8 
0 0.705702 8 
0 0.710985 8 
0 0.711288 8 
0 0.714174 8 
0 0.719183 8 
0 0.71982 8 
0 0.741261 8 
0 0.7817 8 
0 0.785317 8 
0 0.787684 8 
0 0.807982 8 
0 0.90122 8 
0 0.901649 8 
0 0.931379 8 
0 0.932566 8 
0 0.933694 8 
0 0.93933 8 
0 0.961566 8 
0 0.995052 8 
0 1.06634 8 
0 1.07802 8 
0 1.08549 8 
0 1.12997 8 
0 1.13023 8 
0 1.16174 8 
0 1.21381 8 
0 1.31789 8 
0 1.39953 8 
0 1.50219 8 
0 1.6222 8 
0 1.62228 8 
0 1.62418 8 
0 1.66123 8 
0 1.71881 8 
0 1.91673 8 
0 2.05257 8 
0 inf 8 
0 0.0164284 9 
0 0.0314609 9 
0 0.0344622 9 
0 0.0357387 9 
0 0.0404612 9 
0 0.0409046 9 
0 0.0415572 9 
0 0.0436704 9 
0 0.0501897 9 
0 0.0510785 9 
0 0.052117 9 
0 0.0570706 9 
0 0.0581571 9 
0 0.0621948 9 
0 0.0633385 9 
0 0.0691583 9 
0 0.0721092 9 
0 0.0738342 9 
0 0.076937 9 
0 0.0861813 9 
0 0.0894747 9 
0 0.111423 9 
0 0.113342 9 
0 0.115841 9 
0 0.123231 9 
0 0.142131 9 
0 0.16716 9 
0 0.180029 9 
0 0.186097 9 
0 0.186869 9 
0 0.218528 9 
0 0.223782 9 
0 0.225704 9 
0 0.226088 9 
0 0.258444 9 
0 0.273517 9 
0 0.278603 9 
0 0.301841 9 
0 0.307979 9 
0 0.314173 9 
0 0.321868 9 
0 0.363639 9 
0 0.364528 9 
0 0.370111 9 
0 0.370111 9 
0 0.371524 9 
0 0.379681 9 
0 0.423762 9 
0 0.444998 9 
0 0.448677 9 
0 0.456628 9 
0 0.460942 9 
0 0.51213 9 
0 0.559814 9 
0 0.560284 9 
0 0.575272 9 
0 0.58503 9 
0 0.588847 9 
0 0.589442 9 
0 0.602095 9 
0 0.604566 9 
0 0.605305 9 
0 0.637579 9 
0 0.648709 9 
0 0.650357 9 
0 0.670818 9 
0 0.696788 9 
0 0.698338 9 
0 0.703791 9 
0 0.709836 9 
0 0.711998 9 
0 0.786324 9 
0 0.78669 9 
0 0.807156 9 
0 0.84292 9 
0 0.848648 9 
0 0.849411 9 
0 0.891508 9 
0 0.932164 9 
0 0.932209 9 
0 0.932933 9 
0 0.936369 9 
0 0.981873 9 
0 0.993921 9 
0 1.04651 9 
0 1.07088 9 
0 1.07145 9 
0 1.08377 9 
0 1.10154 9 
0 1.1383 9 
0 1.1388 9 
0 1.24797 9 
0 1.42874 9 
0 1.55071 9 
0 1.62198 9 
0 1.62206 9 
0 1.63039 9 
0 1.63055 9 
0 1.63077 9 
0 inf 9 
0 0.0397966 10 
0 0.0415678 10 
0 0.0430482 10 
0 0.0476192 10 
0 0.0483614 10 
0 0.0505523 10 
0 0.0610251 10 
0 0.0610259 10 
0 0.0617551 10 
0 0.0631962 10 
0 0.0774028 10 
0 0.077985 10 
0 0.0867646 10 
0 0.0891562 10 
0 0.0991004 10 
0 0.101256 10 
0 0.105275 10 
0 0.111901 10 
0 0.118694 10 
0 0.130387 10 
0 0.148588 10 
0 0.149475 10 
0 0.155145 10 
0 0.165918 10 
0 0.172055 10 
0 0.183737 10 
0 0.196903 10 
0 0.211571 10 
0 0.219541 10 
0 0.234803 10 
0 0.253618 10 
0 0.271601 10 
0 0.272232 10 
0 0.316504 10 
0 0.319868 10 
0 0.331217 10 
0 0.344426 10 
0 0.345287 10 
0 0.346045 10 
0 0.346668 10 
0 0.350458 10 
0 0.361199 10 
0 0.392946 10 
0 0.400092 10 
0 0.410634 10 
0 0.423858 10 
0 0.440006 10 
0 0.44346 10 
0 0.468661 10 
0 0.47688 10 
0 0.496018 10 
0 0.496557 10 
0 0.510551 10 
0 0.511343 10 
0 0.551007 10 
0 0.566036 10 
0 0.566243 10 
0 0.603389 10 
0 0.641036 10 
0 0.64119 10 
0 0.653885 10 
0 0.696957 10 
0 0.705081 10 
0 0.706598 10 
0 0.72429 10 
0 0.734772 10 
0 0.734784 10 
0 0.786539 10 
0 0.786551 10 
0 0.790115 10 
0 0.927207 10 
0 0.927595 10 
0 0.93053 10 
0 0.94162 10 
0 0.986215 10 
0 0.986735 10 
0 1.0165 10 
0 1.01664 10 
0 1.07839 10 
0 1.07843 10 
0 1.07933 10 
0 1.13928 10 
0 1.14278 10 
0 1.23981 10 
0 1.24657 10 
0 1.24816 10 
0 1.28818 10 
0 1.28868 10 
0 1.62411 10 
0 1.62415 10 
0 1.64064 10 
0 1.7788 10 
0 1.77886 10 
0 1.81997 10 
0 1.8202 10 
0 inf 10 
0 0.0322998 11 
0 0.0682601 11 
0 0.0785609 11 
0 0.080014 11 
0 0.0819217 11 
0 0.0924906 11 
0 0.0973615 11 
0 0.11183 11 
0 0.113262 11 
0 0.113486 11 
0 0.113579 11 
0 0.115451 11 
0 0.115541 11 
0 0.118605 11 
0 0.127181 11 
0 0.127532 11 
0 0.132366 11 
0 0.142778 11 
0 0.17083 11 
0 0.171011 11 
0 0.172656 11 
0 0.182295 11 
0 0.187026 11 
0 0.193145 11 
0 0.19375 11 
0 0.19904 11 
0 0.199784 11 
0 0.237925 11 
0 0.252978 11 
0 0.27496 11 
0 0.277328 11 
0 0.27775 11 
0 0.326482 11 
0 0.32819 11 
0 0.332787 11 
0 0.336332 11 
0 0.343033 11 
0 0.37108 11 
0 0.373906 11 
0 0.375083 11 
0 0.377461 11 
0 0.385945 11 
0 0.409401 11 
0 0.413169 11 
0 0.41672 11 
0 0.441425 11 
0 0.446237 11 
0 0.44881 11 
0 0.512353 11 
0 0.565748 11 
0 0.572641 11 
0 0.572656 11 
0 0.575182 11 
0 0.577087 11 
0 0.602554 11 
0 0.626285 11 
0 0.627017 11 
0 0.646087 11 
0 0.646309 11 
0 0.659255 11 
0 0.668582 11 
0 0.669551 11 
0 0.669981 11 
0 0.729463 11 
0 0.729956 11 
0 0.925702 11 
0 0.925809 11 
0 0.954413 11 
0 0.95703 11 
0 1.04983 11 
0 1.058 11 
0 1.12817 11 
0 1.12855 11 
0 1.14262 11 
0 1.1481 11 
0 1.15488 11 
0 1.15498 11 
0 1.17337 11 
0 1.18474 11 
0 1.18628 11 
0 1.23421 11 
0 1.23421 11 
0 1.6221 11 
0 1.62245 11 
0 1.62327 11 
0 1.62504 11 
0 1.66021 11 
0 1.6813 11 
0 1.68161 11 
0 1.93648 11 
0 1.93748 11 
0 inf 11 
0 0.0454871 12 
0 0.0500087 12 
0 0.0593818 12 
0 0.0746626 12 
0 0.0975445 12 
0 0.100503 12 
0 0.106284 12 
0 0.112695 12 
0 0.132718 12 
0 0.150205 12 
0 0.154222 12 
0 0.160232 12 
0 0.166129 12 
0 0.172163 12 
0 0.189412 12 
0 0.210936 12 
0 0.212423 12 
0 0.214019 12 
0 0.215904 12 
0 0.228699 12 
0 0.23734 12 
0 0.240844 12 
0 0.241307 12 
0 0.287959 12 
0 0.310497 12 
0 0.322184 12 
0 0.323967 12 
0 0.325749 12 
0 0.328983 12 
0 0.330274 12 
0 0.338522 12 
0 0.350439 12 
0 0.360242 12 
0 0.36114 12 
0 0.378987 12 
0 0.388771 12 
0 0.389118 12 
0 0.403649 12 
0 0.456266 12 
0 0.456266 12 
0 0.468163 12 
0 0.501514 12 
0 0.502087 12 
0 0.527411 12 
0 0.550615 12 
0 0.555301 12 
0 0.572426 12 
0 0.572426 12 
0 0.572865 12 
0 0.604432 12 
0 0.616205 12 
0 0.616832 12 
0 0.616905 12 
0 0.64146 12 
0 0.641461 12 
0 0.644188 12 
0 0.648641 12 
0 0.715328 12 
0 0.71834 12 
0 0.803795 12 
0 0.832818 12 
0 0.83351 12 
0 0.929242 12 
0 0.929242 12 
0 0.933291 12 
0 0.993486 12 
0 1.00253 12 
0 1.00296 12 
0 1.06194 12 
0 1.07828 12 
0 1.08814 12 
0 1.12595 12 
0 1.1263 12 
0 1.12669 12 
0 1.12719 12 
0 1.37977 12 
0 1.38069 12 
0 1.38196 12 
0 1.46718 12 
0 1.51485 12 
0 1.575 12 
0 1.57597 12 
0 1.62073 12 
0 1.62093 12 
0 1.65958 12 
0 1.66006 12 
0 1.66021 12 
0 inf 12 
0 0.0738119 13 
0 0.0969872 13 
0 0.100236 13 
0 0.103101 13 
0 0.104076 13 
0 0.108393 13 
0 0.113105 13 
0 0.131901 13 
0 0.170251 13 
0 0.171269 13 
0 0.184693 13 
0 0.192429 13 
0 0.196134 13 
0 0.201466 13 
0 0.252055 13 
0 0.277458 13 
0 0.287774 13 
0 0.301493 13 
0 0.312201 13 
0 0.319328 13 
0 0.359767 13 
0 0.360076 13 
0 0.362566 13 
0 0.363325 13 
0 0.371833 13 
0 0.372341 13 
0 0.375537 13 
0 0.385919 13 
0 0.385989 13 
0 0.40013 13 
0 0.401028 13 
0 0.405398 13 
0 0.408646 13 
0 0.452777 13 
0 0.485582 13 
0 0.492517 13 
0 0.493848 13 
0 0.497153 13 
0 0.49775 13 
0 0.508053 13 
0 0.54952 13 
0 0.556014 13 
0 0.614939 13 
0 0.625843 13 
0 0.625915 13 
0 0.625973 13 
0 0.62856 13 
0 0.63009 13 
0 0.630161 13 
0 0.633231 13 
0 0.634573 13 
0 0.635069 13 
0 0.635069 13 
0 0.71364 13 
0 0.714346 13 
0 0.715818 13 
0 0.728865 13 
0 0.729063 13 
0 0.731268 13 
0 0.808216 13 
0 0.924759 13 
0 0.926149 13 
0 0.96537 13 
0 0.98244 13 
0 0.992285 13 
0 0.992856 13 
0 0.993435 13 
0 1.06306 13 
0 1.08218 13 
0 1.0827 13 
0 1.08353 13 
0 1.08518 13 
0 1.17888 13 
0 1.18121 13 
0 1.18994 13 
0 1.20536 13 
0 1.2073 13 
0 1.20942 13 
0 1.62336 13 
0 1.62566 13 
0 1.62924 13 
0 1.62933 13 
0 1.63148 13 
0 inf 13 
0 0.0472363 14 
0 0.0686373 14 
0 0.0834435 14 
0 0.101624 14 
0 0.112287 14 
0 0.116242 14 
0 0.149388 14 
0 0.192989 14 
0 0.204789 14 
0 0.221347 14 
0 0.240358 14 
0 0.241067 14 
0 0.245583 14 
0 0.247737 14 
0 0.261887 14 
0 0.26867 14 
0 0.271865 14 
0 0.27236 14 
0 0.286283 14 
0 0.292683 14 
0 0.294186 14 
0 0.295285 14 
0 0.306267 14 
0 0.308911 14 
0 0.310579 14 
0 0.317964 14 
0 0.318388 14 
0 0.349114 14 
0 0.349655 14 
0 0.349861 14 
0 0.351094 14 
0 0.357123 14 
0 0.358254 14 
0 0.361365 14 
0 0.37828 14 
0 0.382849 14 
0 0.383366 14 
0 0.384634 14 
0 0.384892 14 
0 0.385122 14 
0 0.386055 14 
0 0.386986 14 
0 0.388448 14 
0 0.389188 14 
0 0.399049 14 
0 0.47215 14 
0 0.48104 14 
0 0.481209 14 
0 0.481881 14 
0 0.508274 14 
0 0.526828 14 
0 0.534298 14 
0 0.53692 14 
0 0.537456 14 
0 0.555593 14 
0 0.561391 14 
0 0.616997 14 
0 0.643265 14 
0 0.644452 14 
0 0.64828 14 
0 0.8895 14 
0 0.889986 14 
0 0.893788 14 
0 0.928884 14 
0 0.935912 14 
0 0.938599 14 
0 0.938599 14 
0 1.07838 14 
0 1.0813 14 
0 1.21033 14 
0 1.21158 14 
0 1.21204 14 
0 1.23233 14 
0 1.23565 14 
0 1.23641 14 
0 1.62216 14 
0 1.64906 14 
0 1.64906 14 
0 1.64919 14 
0 inf 14 
0 0.0478026 15 
0 0.0683937 15 
0 0.0691611 15 
0 0.0824704 15 
0 0.0892779 15 
0 0.113381 15 
0 0.123507 15 
0 0.145397 15 
0 0.202623 15 
0 0.248028 15 
0 0.249469 15 
0 0.256268 15 
0 0.262234 15 
0 0.262957 15 
0 0.264186 15 
0 0.271541 15 
0 0.272896 15 
0 0.279835 15 
0 0.28357 15 
0 0.285998 15 
0 0.2895 15 
0 0.319288 15 
0 0.320223 15 
0 0.32389 15 
0 0.334746 15 
0 0.337297 15 
0 0.337297 15 
0 0.355305 15 
0 0.356291 15 
0 0.357878 15 
0 0.35869 15 
0 0.360382 15 
0 0.367612 15 
0 0.368469 15 
0 0.368956 15 
0 0.373982 15 
0 0.375229 15 
0 0.37602 15 
0 0.376785 15 
0 0.38685 15 
0 0.387199 15 
0 0.387593 15 
0 0.389631 15 
0 0.460494 15 
0 0.461531 15 
0 0.563167 15 
0 0.608807 15 
0 0.634117 15 
0 0.714922 15 
0 0.715526 15 
0 0.715526 15 
0 0.895344 15 
0 0.904652 15 
0 0.917389 15 
0 0.933077 15 
0 0.955424 15 
0 0.955848 15 
0 0.956356 15 
0 0.975455 15 
0 0.978292 15 
0 0.978843 15 
0 1.08112 15 
0 1.23234 15 
0 1.23627 15 
0 1.23647 15 
0 1.23699 15 
0 1.23732 15 
0 1.2375 15 
0 1.62266 15 
0 1.6823 15 
0 1.68243 15 
0 1.68256 15 
0 1.76547 15 
0 1.76559 15 
0 1.76559 15 
0 inf 15 
0 0.0536522 16 
0 0.086186 16 
0 0.103416 16 
0 0.104305 16 
0 0.129552 16 
0 0.14351 16 
0 0.144259 16 
0 0.153464 16 
0 0.240449 16 
0 0.256446 16 
0 0.257845 16 
0 0.260034 16 
0 0.26062 16 
0 0.284639 16 
0 0.286335 16 
0 0.305127 16 
0 0.306787 16 
0 0.307723 16 
0 0.309209 16 
0 0.316298 16 
0 0.316383 16 
0 0.317065 16 
0 0.320714 16 
0 0.340156 16 
0 0.357862 16 
0 0.358264 16 
0 0.358791 16 
0 0.358791 16 
0 0.362226 16 
0 0.362722 16 
0 0.367335 16 
0 0.367625 16 
0 0.369651 16 
0 0.369967 16 
0 0.370331 16 
0 0.370573 16 
0 0.373282 16 
0 0.386804 16 
0 0.393514 16 
0 0.394245 16 
0 0.447891 16 
0 0.572625 16 
0 0.594334 16 
0 0.594924 16 
0 0.59515 16 
0 0.609665 16 
0 0.793105 16 
0 0.905227 16 
0 0.92991 16 
0 1.0554 16 
0 1.08519 16 
0 1.08838 16 
0 1.11834 16 
0 1.1184 16 
0 1.1184 16 
0 1.12458 16 
0 1.13354 16 
0 1.13417 16 
0 1.1604 16 
0 1.16128 16 
0 1.16154 16 
0 1.33677 16 
0 1.33677 16 
0 1.33694 16 
0 1.62426 16 
0 1.68145 16 
0 1.68295 16 
0 1.6831 16 
0 1.75006 16 
0 1.76662 16 
0 1.76713 16 
0 inf 16 
0 0.071333 17 
0 0.0757358 17 
0 0.0785358 17 
0 0.0809032 17 
0 0.0919951 17 
0 0.0919984 17 
0 0.122527 17 
0 0.123331 17 
0 0.160843 17 
0 0.238905 17 
0 0.296194 17 
0 0.298131 17 
0 0.298372 17 
0 0.298372 17 
0 0.318651 17 
0 0.329886 17 
0 0.330839 17 
0 0.330875 17 
0 0.354519 17 
0 0.355381 17 
0 0.355381 17 
0 0.355912 17 
0 0.359542 17 
0 0.360342 17 
0 0.360342 17 
0 0.362135 17 
0 0.379166 17 
0 0.37945 17 
0 0.380611 17 
0 0.381177 17 
0 0.383707 17 
0 0.388452 17 
0 0.39053 17 
0 0.391083 17 
0 0.391152 17 
0 0.515613 17 
0 0.589379 17 
0 0.590248 17 
0 0.590492 17 
0 0.591208 17 
0 0.606714 17 
0 0.60818 17 
0 0.608372 17 
0 0.783627 17 
0 0.785496 17 
0 0.786148 17 
0 0.92872 17 
0 1.02816 17 
0 1.02816 17 
0 1.02826 17 
0 1.09242 17 
0 1.09675 17 
0 1.09839 17 
0 1.09891 17 
0 1.18791 17 
0 1.19069 17 
0 1.19076 17 
0 1.52497 17 
0 1.52502 17 
0 1.52809 17 
0 1.57203 17 
0 1.58338 17 
0 1.62718 17 
0 1.63391 17 
0 1.63513 17 
0 1.63524 17 
0 1.73742 17 
0 inf 17 
0 0.0791097 18 
0 0.0836423 18 
0 0.0843918 18 
0 0.0943164 18 
0 0.0951703 18 
0 0.0996043 18 
0 0.15972 18 
0 0.169557 18 
0 0.169558 18 
0 0.230982 18 
0 0.237698 18 
0 0.238907 18 
0 0.275217 18 
0 0.318593 18 
0 0.321553 18 
0 0.321665 18 
0 0.349361 18 
0 0.36283 18 
0 0.364315 18 
0 0.364907 18 
0 0.364932 18 
0 0.365292 18 
0 0.365292 18 
0 0.365882 18 
0 0.366472 18 
0 0.3808 18 
0 0.3808 18 
0 0.383933 18 
0 0.407898 18 
0 0.40867 18 
0 0.408736 18 
0 0.408824 18 
0 0.44406 18 
0 0.4581 18 
0 0.458101 18 
0 0.597113 18 
0 0.599819 18 
0 0.601258 18 
0 0.601392 18 
0 0.61184 18 
0 0.611914 18 
0 0.613367 18 
0 0.75566 18 
0 0.799631 18 
0 0.803268 18 
0 0.942861 18 
0 0.948283 18 
0 0.948653 18 
0 1.09949 18 
0 1.10175 18 
0 1.10207 18 
0 1.10226 18 
0 1.20774 18 
0 1.32694 18 
0 1.33019 18 
0 1.33049 18 
0 1.34951 18 
0 1.36788 18 
0 1.62944 18 
0 1.62986 18 
0 1.63052 18 
0 1.63052 18 
0 1.64748 18 
0 inf 18 
0 0.0870125 19 
0 0.0893621 19 
0 0.0918424 19 
0 0.107509 19 
0 0.122015 19 
0 0.122528 19 
0 0.1873 19 
0 0.187684 19 
0 0.187875 19 
0 0.241267 19 
0 0.242939 19 
0 0.24342 19 
0 0.250151 19 
0 0.250689 19 
0 0.25591 19 
0 0.289428 19 
0 0.290205 19 
0 0.290298 19 
0 0.357082 19 
0 0.357611 19 
0 0.35829 19 
0 0.368287 19 
0 0.36897 19 
0 0.372199 19 
0 0.397555 19 
0 0.403159 19 
0 0.40324 19 
0 0.403619 19 
0 0.403797 19 
0 0.453045 19 
0 0.453581 19 
0 0.527462 19 
0 0.52794 19 
0 0.530455 19 
0 0.604923 19 
0 0.61015 19 
0 0.611078 19 
0 0.617218 19 
0 0.658533 19 
0 0.662523 19 
0 0.662849 19 
0 0.66289 19 
0 0.669449 19 
0 0.670858 19 
0 0.793994 19 
0 0.934628 19 
0 0.940118 19 
0 0.940194 19 
0 1.0283 19 
0 1.04331 19 
0 1.05854 19 
0 1.10299 19 
0 1.10438 19 
0 1.10438 19 
0 1.17638 19 
0 1.26502 19 
0 1.63537 19 
0 1.63538 19 
0 1.6355 19 
0 inf 19 
0 0.0822334 20 
0 0.0873281 20 
0 0.0969887 20 
0 0.140005 20 
0 0.140005 20 
0 0.14071 20 
0 0.154687 20 
0 0.172294 20 
0 0.172295 20 
0 0.194696 20 
0 0.196078 20 
0 0.197221 20 
0 0.262722 20 
0 0.267776 20 
0 0.268145 20 
0 0.28756 20 
0 0.287779 20 
0 0.288871 20 
0 0.31903 20 
0 0.321418 20 
0 0.377056 20 
0 0.377056 20 
0 0.430144 20 
0 0.430291 20 
0 0.441894 20 
0 0.443176 20 
0 0.443196 20 
0 0.473617 20 
0 0.494688 20 
0 0.49605 20 
0 0.54683 20 
0 0.582776 20 
0 0.605756 20 
0 0.606231 20 
0 0.606275 20 
0 0.613855 20 
0 0.653747 20 
0 0.654077 20 
0 0.662118 20 
0 0.663733 20 
0 0.696414 20 
0 0.726598 20 
0 0.774724 20 
0 0.784666 20 
0 0.78627 20 
0 0.940731 20 
0 0.941782 20 
0 0.941849 20 
0 1.13777 20 
0 1.13786 20 
0 1.16459 20 
0 1.64058 20 
0 1.64063 20 
0 1.72752 20 
0 1.81865 20 
0 inf 20 
