5.37729 9.05943 1 
0.848386 2.16294 1 
0.21199 0.233984 1 
0.202435 0.250485 1 
0.197668 0.280069 1 
0.187576 0.249459 1 
0.0892046 0.140132 1 
0.0758758 0.0809051 1 
0.0561576 0.0576084 1 
0.0520925 0.0543318 1 
0.0512045 0.0517384 1 
0.0497523 0.0533105 1 
0.0308779 0.0311734 1 
0.025692 0.026396 1 
0.0234535 0.0245982 1 
0.0191497 0.0200844 1 
0.0191497 0.02141 1 
0.0186648 0.0209774 1 
0.0165841 0.02141 1 
6.59963 6.8307 2 
6.59638 6.65385 2 
4.19056 6.83223 2 
0.674366 2.94326 2 
0.306214 0.341806 2 
0.293274 0.294774 2 
0.222788 0.252887 2 
0.183675 0.216057 2 
0.134523 0.150718 2 
0.0966968 0.109421 2 
0.0943971 0.108156 2 
0.0920368 0.180505 2 
0.0531385 0.0559946 2 
0.0499366 0.0529656 2 
0.0493813 0.0513835 2 
0.0226578 0.022658 2 
0.0222499 0.0230593 2 
0.021834 0.0230593 2 
0.0205358 0.025692 2 
0.0200844 0.0234526 2 
4.72636 4.85837 3 
4.72499 5.07686 3 
4.71037 5.07414 3 
4.37343 5.08015 3 
0.624179 3.04212 3 
0.291273 0.299337 3 
0.287368 0.330321 3 
0.268235 0.290511 3 
0.228393 0.231901 3 
0.160844 0.169287 3 
0.13835 0.141759 3 
0.128889 0.173353 3 
0.127454 0.132254 3 
0.117893 0.118823 3 
0.0533106 0.0585556 3 
0.0355684 0.0380586 3 
0.0323276 0.0326107 3 
0.0305788 0.031466 3 
0.0293555 0.0326107 3 
0.028078 0.0305789 3 
2.82389 2.82647 4 
1.31214 2.83429 4 
0.276939 0.293993 4 
0.199104 0.209554 4 
0.166006 0.170205 4 
0.140394 0.170797 4 
0.137223 0.143432 4 
0.0608587 0.0621999 4 
0.0546683 0.057128 4 
0.041736 0.0428202 4 
0.041736 0.0436682 4 
0.0401687 0.0442936 4 
0.0277501 0.0331682 4 
2.49759 2.51393 5 
2.48306 2.51489 5 
1.55942 2.51541 5 
0.246316 0.271559 5 
0.217327 0.223401 5 
0.158027 0.166336 5 
0.152296 0.152837 5 
0.147276 0.156218 5 
0.140654 0.154863 5 
0.0392448 0.0451129 5 
0.038775 0.0399396 5 
0.0326107 0.0360801 5 
2.26324 2.37166 6 
2.25987 2.32606 6 
2.24386 2.31089 6 
2.22286 2.23236 6 
1.59125 2.28125 6 
0.235161 0.251256 6 
0.145524 0.151693 6 
0.128387 0.133842 6 
0.0858504 0.0918364 6 
0.0459191 0.0465139 6 
0.0426049 0.0476823 6 
2.4213 2.52003 7 
2.34708 2.40994 7 
2.06497 2.06661 7 
2.03093 2.18063 7 
1.99471 2.02728 7 
1.99294 2.00845 7 
1.70531 2.01477 7 
1.69149 2.04281 7 
0.0914376 0.0915387 7 
2.12623 2.28715 8 
1.88199 2.24618 8 
1.82214 2.00502 8 
1.74659 1.76544 8 
1.70404 1.81835 8 
1.45061 1.78394 8 
1.39907 1.85754 8 
0.169234 0.170419 8 
0.107135 0.114738 8 
0.0911359 0.0941052 8 
0.0875457 0.10541 8 
2.27156 2.28952 9 
2.20837 2.26404 9 
2.15424 2.15824 9 
1.50508 1.53349 9 
1.4999 1.53855 9 
1.49787 1.60034 9 
0.604606 0.610867 9 
0.535278 0.546971 9 
0.358252 0.374184 9 
0.140785 0.157737 9 
0.0870196 0.0906325 9 
1.87246 2.10614 10 
1.83925 2.10044 10 
1.28705 1.34376 10 
0.554031 0.556922 10 
0.161465 0.187476 10 
0.135262 0.142665 10 
1.64077 1.81087 11 
1.39879 1.55676 11 
1.39549 1.58285 11 
1.0931 1.11738 11 
0.75825 0.772491 11 
0.542427 0.618936 11 
0.510863 0.558889 11 
0.20841 0.218631 11 
0.205089 0.205176 11 
1.08061 1.10595 12 
1.04149 1.06851 12 
0.94135 0.945992 12 
0.834821 1.146 12 
0.828826 0.91218 12 
0.819706 0.921528 12 
0.507854 0.576266 12 
0.217746 0.235743 12 
0.150179 0.163618 12 
1.7986 1.86044 13 
1.79433 1.85386 13 
1.79354 1.85623 13 
0.974427 0.993522 13 
0.480519 0.516019 13 
2.20678 2.21805 14 
0.474124 0.485237 14 
0.149336 0.159994 14 
1.75199 2.09343 15 
1.75042 2.13392 15 
1.74847 1.99048 15 
0.360894 0.386145 15 
0.155222 0.175307 15 
1.63806 1.84154 16 
1.63753 1.75508 16 
1.58894 1.69274 16 
1.2336 1.31184 16 
0.988141 1.02638 17 
0.986841 1.06898 17 
0.617502 0.620912 17 
0.396512 0.398474 17 
0.39009 0.396685 17 
0.379971 0.397493 17 
1.4905 1.49627 18 
1.48964 1.4949 18 
1.45434 1.45699 18 
0.335831 0.379556 19 
0.464787 0.471815 20 
0.448335 0.449377 20 
