0 0.0196 1 
0 0.021918 1 
0 0.0277186 1 
0 0.0309935 1 
0 0.0309935 1 
0 0.0339482 1 
0 0.0339491 1 
0 0.0339511 1 
0 0.0339511 1 
0 0.0339511 1 
0 0.0353344 1 
0 0.0353372 1 
0 0.0366682 1 
0 0.0379552 1 
0 0.0379552 1 
0 0.0392 1 
0 0.0392 1 
0 0.0392075 1 
0 0.0427172 1 
0 0.0438276 1 
0 0.0459661 1 
0 0.0459663 1 
0 0.0469992 1 
0 0.0469992 1 
0 0.04801 1 
0 0.04801 1 
0 0.0545644 1 
0 0.054565 1 
0 0.0562967 1 
0 0.0571433 1 
0 0.0571433 1 
0 0.0571433 1 
0 0.0588 1 
0 0.0588 1 
0 0.0604113 1 
0 0.061201 1 
0 0.0612021 1 
0 0.064264 1 
0 0.0664676 1 
0 0.0692964 1 
0 0.0699873 1 
0 0.0713458 1 
0 0.072016 1 
0 0.0720164 1 
0 0.0726801 1 
0 0.0752763 1 
0 0.0796137 1 
0 0.0802157 1 
0 0.0808138 1 
0 0.0814035 1 
0 0.0819944 1 
0 0.0825756 1 
0 0.0831571 1 
0 0.0831577 1 
0 0.0876561 1 
0 0.0882006 1 
0 0.088756 1 
0 0.0914182 1 
0 0.0934876 1 
0 0.0960297 1 
0 0.0994611 1 
0 0.101374 1 
0 0.102322 1 
0 0.103713 1 
0 0.103716 1 
0 0.105555 1 
0 0.107356 1 
0 0.108245 1 
0 0.10957 1 
0 0.110441 1 
0 0.110888 1 
0 0.111739 1 
0 0.115545 1 
0 0.117602 1 
0 0.120425 1 
0 0.121616 1 
0 0.121619 1 
0 0.122017 1 
0 0.123581 1 
0 0.126651 1 
0 0.129642 1 
0 0.134014 1 
0 0.135439 1 
0 0.138604 1 
0 0.144693 1 
0 0.147008 1 
0 0.148303 1 
0 0.148629 1 
0 0.149912 1 
0 0.149913 1 
0 0.150875 1 
0 0.150877 1 
0 0.155572 1 
0 0.156191 1 
0 0.157716 1 
0 0.164865 1 
0 0.168324 1 
0 0.183076 1 
0 0.214495 1 
0 0.218049 1 
0 0.218269 1 
0 0.226676 1 
0 0.257059 1 
0 0.259285 1 
0 0.27857 1 
0 0.283864 1 
0 0.307416 1 
0 0.3626 1 
0 0.362612 1 
0 0.372284 1 
0 0.378804 1 
0 0.407742 1 
0 0.42424 1 
0 0.42976 1 
0 0.466931 1 
0 0.575711 1 
0 0.580533 1 
0 0.592485 1 
0 0.60855 1 
0 0.638897 1 
0 0.653831 1 
0 0.948072 1 
0 1.43476 1 
0 2.24319 1 
0 2.67199 1 
0 2.74118 1 
0 3.46858 1 
0 3.94049 1 
0 4.84454 1 
0 4.90748 1 
0 5.04527 1 
0 inf 1 
0 0.024005 2 
0 0.0309903 2 
0 0.032512 2 
0 0.0339569 2 
0 0.0353344 2 
0 0.0366682 2 
0 0.0366682 2 
0 0.0366685 2 
0 0.0366763 2 
0 0.0379552 2 
0 0.0379552 2 
0 0.0379578 2 
0 0.0379578 2 
0 0.037963 2 
0 0.0392 2 
0 0.0392075 2 
0 0.0427177 2 
0 0.0459661 2 
0 0.0459703 2 
0 0.0469992 2 
0 0.0469992 2 
0 0.049 2 
0 0.0509262 2 
0 0.0518567 2 
0 0.0518567 2 
0 0.0536768 2 
0 0.0571443 2 
0 0.0588005 2 
0 0.0604119 2 
0 0.0604145 2 
0 0.061201 2 
0 0.0635113 2 
0 0.0642628 2 
0 0.0664672 2 
0 0.0671855 2 
0 0.0686012 2 
0 0.0726789 2 
0 0.0733385 2 
0 0.074632 2 
0 0.074638 2 
0 0.0765415 2 
0 0.0784063 2 
0 0.0790099 2 
0 0.0802182 2 
0 0.0802184 2 
0 0.0802185 2 
0 0.0819942 2 
0 0.083733 2 
0 0.0848685 2 
0 0.0860001 2 
0 0.0876539 2 
0 0.0882003 2 
0 0.0929732 2 
0 0.0934858 2 
0 0.0934864 2 
0 0.093487 2 
0 0.0934989 2 
0 0.0934991 2 
0 0.0999455 2 
0 0.101384 2 
0 0.103725 2 
0 0.104637 2 
0 0.108246 2 
0 0.10957 2 
0 0.114706 2 
0 0.114706 2 
0 0.120025 2 
0 0.12435 2 
0 0.125122 2 
0 0.126265 2 
0 0.135439 2 
0 0.135799 2 
0 0.140999 2 
0 0.142358 2 
0 0.146345 2 
0 0.158633 2 
0 0.161037 2 
0 0.173938 2 
0 0.178572 2 
0 0.187491 2 
0 0.193541 2 
0 0.194531 2 
0 0.199408 2 
0 0.203689 2 
0 0.20604 2 
0 0.206738 2 
0 0.208362 2 
0 0.208586 2 
0 0.212693 2 
0 0.217376 2 
0 0.221543 2 
0 0.234187 2 
0 0.266232 2 
0 0.266411 2 
0 0.267847 2 
0 0.277533 2 
0 0.284538 2 
0 0.328425 2 
0 0.331761 2 
0 0.353616 2 
0 0.374342 2 
0 0.380828 2 
0 0.449221 2 
0 0.457168 2 
0 0.457569 2 
0 0.492756 2 
0 0.509151 2 
0 0.512325 2 
0 0.513546 2 
0 0.537777 2 
0 0.546436 2 
0 0.553768 2 
0 0.572954 2 
0 0.816642 2 
0 1.18548 2 
0 1.88043 2 
0 1.90584 2 
0 2.06078 2 
0 3.04544 2 
0 3.37739 2 
0 3.47401 2 
0 3.48991 2 
0 3.54526 2 
0 3.57884 2 
0 3.84845 2 
0 4.20459 2 
0 4.21728 2 
0 inf 2 
0 0.0196 3 
0 0.0339482 3 
0 0.0339482 3 
0 0.0366736 3 
0 0.0379553 3 
0 0.0379553 3 
0 0.037963 3 
0 0.041585 3 
0 0.041585 3 
0 0.0427172 3 
0 0.0459661 3 
0 0.0470033 3 
0 0.0470054 3 
0 0.04801 3 
0 0.0499711 3 
0 0.0527747 3 
0 0.0536768 3 
0 0.0562967 3 
0 0.0579776 3 
0 0.0604113 3 
0 0.061201 3 
0 0.0635113 3 
0 0.0642629 3 
0 0.0642629 3 
0 0.0713455 3 
0 0.071346 3 
0 0.0726805 3 
0 0.077792 3 
0 0.0825777 3 
0 0.082578 3 
0 0.0831542 3 
0 0.0843042 3 
0 0.0848705 3 
0 0.0848713 3 
0 0.085433 3 
0 0.0871123 3 
0 0.0914095 3 
0 0.0914096 3 
0 0.0914101 3 
0 0.0919339 3 
0 0.0939976 3 
0 0.0975105 3 
0 0.0994575 3 
0 0.100896 3 
0 0.101844 3 
0 0.104637 3 
0 0.110445 3 
0 0.113019 3 
0 0.114708 3 
0 0.118006 3 
0 0.118821 3 
0 0.118821 3 
0 0.120032 3 
0 0.120034 3 
0 0.123964 3 
0 0.127783 3 
0 0.131116 3 
0 0.141676 3 
0 0.142022 3 
0 0.143368 3 
0 0.143702 3 
0 0.153081 3 
0 0.16661 3 
0 0.169176 3 
0 0.169751 3 
0 0.171428 3 
0 0.171709 3 
0 0.171996 3 
0 0.178298 3 
0 0.180178 3 
0 0.183866 3 
0 0.187227 3 
0 0.187489 3 
0 0.18825 3 
0 0.18825 3 
0 0.189778 3 
0 0.195273 3 
0 0.225403 3 
0 0.244018 3 
0 0.259474 3 
0 0.260402 3 
0 0.261513 3 
0 0.264058 3 
0 0.2791 3 
0 0.284545 3 
0 0.297087 3 
0 0.310065 3 
0 0.310368 3 
0 0.326505 3 
0 0.336506 3 
0 0.388935 3 
0 0.395051 3 
0 0.406552 3 
0 0.431209 3 
0 0.432431 3 
0 0.441243 3 
0 0.442739 3 
0 0.452934 3 
0 0.455902 3 
0 0.463733 3 
0 0.495264 3 
0 0.497585 3 
0 0.498838 3 
0 0.49992 3 
0 0.595152 3 
0 0.798384 3 
0 1.09396 3 
0 1.1163 3 
0 1.34574 3 
0 1.55172 3 
0 1.55935 3 
0 1.55959 3 
0 1.6628 3 
0 1.79482 3 
0 2.15783 3 
0 3.31684 3 
0 3.44421 3 
0 3.51844 3 
0 3.55238 3 
0 3.55272 3 
0 3.65427 3 
0 4.02462 3 
0 4.0247 3 
0 inf 3 
0 0.024005 4 
0 0.024005 4 
0 0.0294 4 
0 0.0294 4 
0 0.0366763 4 
0 0.0415779 4 
0 0.0427172 4 
0 0.0427172 4 
0 0.0427241 4 
0 0.0438269 4 
0 0.0438336 4 
0 0.0459673 4 
0 0.0469992 4 
0 0.04801 4 
0 0.0499704 4 
0 0.0509223 4 
0 0.0571433 4 
0 0.059612 4 
0 0.0642675 4 
0 0.0642681 4 
0 0.067187 4 
0 0.0686 4 
0 0.0686 4 
0 0.0706704 4 
0 0.0720098 4 
0 0.07268 4 
0 0.075282 4 
0 0.0871061 4 
0 0.088744 4 
0 0.0903529 4 
0 0.0914166 4 
0 0.0919321 4 
0 0.0994582 4 
0 0.103249 4 
0 0.103257 4 
0 0.105099 4 
0 0.108689 4 
0 0.115121 4 
0 0.115545 4 
0 0.121615 4 
0 0.127785 4 
0 0.128157 4 
0 0.130019 4 
0 0.13002 4 
0 0.131117 4 
0 0.138595 4 
0 0.145697 4 
0 0.148625 4 
0 0.150552 4 
0 0.161639 4 
0 0.161639 4 
0 0.161639 4 
0 0.162516 4 
0 0.163118 4 
0 0.175039 4 
0 0.178027 4 
0 0.178027 4 
0 0.180172 4 
0 0.185942 4 
0 0.186201 4 
0 0.19255 4 
0 0.198202 4 
0 0.204873 4 
0 0.205107 4 
0 0.209736 4 
0 0.212919 4 
0 0.2254 4 
0 0.225615 4 
0 0.249102 4 
0 0.25139 4 
0 0.277554 4 
0 0.288233 4 
0 0.291708 4 
0 0.29951 4 
0 0.309438 4 
0 0.310379 4 
0 0.314367 4 
0 0.319667 4 
0 0.350636 4 
0 0.370335 4 
0 0.371645 4 
0 0.375758 4 
0 0.377797 4 
0 0.39298 4 
0 0.396525 4 
0 0.411718 4 
0 0.413116 4 
0 0.43287 4 
0 0.433754 4 
0 0.443716 4 
0 0.45347 4 
0 0.456005 4 
0 0.457044 4 
0 0.466314 4 
0 0.467021 4 
0 0.51485 4 
0 0.57754 4 
0 0.704988 4 
0 0.835302 4 
0 1.08709 4 
0 1.1232 4 
0 1.17298 4 
0 1.41637 4 
0 1.41708 4 
0 1.42043 4 
0 1.54131 4 
0 1.6639 4 
0 1.73278 4 
0 1.73278 4 
0 1.73303 4 
0 1.73363 4 
0 2.46466 4 
0 2.46653 4 
0 2.4681 4 
0 2.46956 4 
0 3.32008 4 
0 3.70597 4 
0 3.97183 4 
0 3.99705 4 
0 inf 4 
0 0.0138593 5 
0 0.0219224 5 
0 0.0240132 5 
0 0.0259284 5 
0 0.0309903 5 
0 0.0339482 5 
0 0.0379552 5 
0 0.0379552 5 
0 0.0379552 5 
0 0.0571433 5 
0 0.0571433 5 
0 0.0571433 5 
0 0.0635113 5 
0 0.0657398 5 
0 0.070673 5 
0 0.0726797 5 
0 0.0746355 5 
0 0.0819927 5 
0 0.0892846 5 
0 0.0892889 5 
0 0.0892893 5 
0 0.0929696 5 
0 0.0950159 5 
0 0.098488 5 
0 0.100899 5 
0 0.101374 5 
0 0.107355 5 
0 0.108247 5 
0 0.110439 5 
0 0.112603 5 
0 0.112603 5 
0 0.115964 5 
0 0.117603 5 
0 0.119626 5 
0 0.119633 5 
0 0.125883 5 
0 0.126273 5 
0 0.12816 5 
0 0.13002 5 
0 0.13112 5 
0 0.139627 5 
0 0.139971 5 
0 0.140317 5 
0 0.141001 5 
0 0.145689 5 
0 0.147976 5 
0 0.158329 5 
0 0.162223 5 
0 0.163109 5 
0 0.17031 5 
0 0.172548 5 
0 0.172551 5 
0 0.176948 5 
0 0.177492 5 
0 0.179101 5 
0 0.196499 5 
0 0.198684 5 
0 0.198926 5 
0 0.199648 5 
0 0.219139 5 
0 0.21914 5 
0 0.241648 5 
0 0.249087 5 
0 0.255556 5 
0 0.293848 5 
0 0.297574 5 
0 0.307269 5 
0 0.324155 5 
0 0.32637 5 
0 0.327251 5 
0 0.330598 5 
0 0.330756 5 
0 0.335786 5 
0 0.337071 5 
0 0.376384 5 
0 0.378293 5 
0 0.38095 5 
0 0.392267 5 
0 0.39434 5 
0 0.397957 5 
0 0.417413 5 
0 0.417988 5 
0 0.429658 5 
0 0.435411 5 
0 0.453243 5 
0 0.455041 5 
0 0.455884 5 
0 0.546786 5 
0 0.548625 5 
0 0.826808 5 
0 0.848592 5 
0 0.925101 5 
0 0.925257 5 
0 0.928366 5 
0 0.951862 5 
0 1.09541 5 
0 1.20449 5 
0 1.30043 5 
0 1.47805 5 
0 1.68221 5 
0 1.70855 5 
0 1.7099 5 
0 1.71243 5 
0 1.71621 5 
0 1.74212 5 
0 1.80873 5 
0 1.81819 5 
0 1.81837 5 
0 1.85151 5 
0 1.85656 5 
0 1.86724 5 
0 2.27678 5 
0 2.28596 5 
0 2.29393 5 
0 2.32784 5 
0 inf 5 
0 0.0196 6 
0 0.0259284 6 
0 0.0309903 6 
0 0.0459661 6 
0 0.0459661 6 
0 0.04801 6 
0 0.0499713 6 
0 0.0499763 6 
0 0.0499763 6 
0 0.0579776 6 
0 0.0619806 6 
0 0.0635082 6 
0 0.0635082 6 
0 0.0635086 6 
0 0.0664642 6 
0 0.0720226 6 
0 0.0726841 6 
0 0.0819927 6 
0 0.0871055 6 
0 0.0903528 6 
0 0.091934 6 
0 0.101372 6 
0 0.109568 6 
0 0.112168 6 
0 0.113443 6 
0 0.113443 6 
0 0.115546 6 
0 0.115956 6 
0 0.118828 6 
0 0.123573 6 
0 0.123575 6 
0 0.125125 6 
0 0.125885 6 
0 0.126645 6 
0 0.127024 6 
0 0.1274 6 
0 0.1289 6 
0 0.132936 6 
0 0.137553 6 
0 0.140314 6 
0 0.142023 6 
0 0.142361 6 
0 0.144035 6 
0 0.154332 6 
0 0.16044 6 
0 0.162816 6 
0 0.162816 6 
0 0.169177 6 
0 0.171433 6 
0 0.171712 6 
0 0.178301 6 
0 0.187742 6 
0 0.187744 6 
0 0.247535 6 
0 0.251576 6 
0 0.255553 6 
0 0.275626 6 
0 0.299666 6 
0 0.300146 6 
0 0.300306 6 
0 0.313911 6 
0 0.319371 6 
0 0.321765 6 
0 0.331478 6 
0 0.337071 6 
0 0.339062 6 
0 0.350626 6 
0 0.354983 6 
0 0.355786 6 
0 0.359962 6 
0 0.361814 6 
0 0.391276 6 
0 0.400483 6 
0 0.410226 6 
0 0.412094 6 
0 0.414882 6 
0 0.43486 6 
0 0.43486 6 
0 0.436183 6 
0 0.654842 6 
0 0.705474 6 
0 0.753393 6 
0 0.786324 6 
0 0.801807 6 
0 0.806286 6 
0 0.80819 6 
0 0.828841 6 
0 0.893963 6 
0 0.983039 6 
0 1.0106 6 
0 1.0142 6 
0 1.10905 6 
0 1.10935 6 
0 1.23812 6 
0 1.28621 6 
0 1.29158 6 
0 1.33895 6 
0 1.3411 6 
0 1.34539 6 
0 1.34696 6 
0 1.40055 6 
0 1.43727 6 
0 1.46135 6 
0 1.46503 6 
0 1.46686 6 
0 1.46922 6 
0 1.46984 6 
0 1.51046 6 
0 1.57632 6 
0 1.59248 6 
0 1.64221 6 
0 inf 6 
0 0.0309903 7 
0 0.0379552 7 
0 0.0449092 7 
0 0.0459703 7 
0 0.0489971 7 
0 0.0509223 7 
0 0.0509281 7 
0 0.0545605 7 
0 0.0545605 7 
0 0.0699878 7 
0 0.0802161 7 
0 0.0929741 7 
0 0.100897 7 
0 0.100899 7 
0 0.100905 7 
0 0.104177 7 
0 0.11044 7 
0 0.112169 7 
0 0.112176 7 
0 0.112176 7 
0 0.113866 7 
0 0.115551 7 
0 0.117605 7 
0 0.118419 7 
0 0.120426 7 
0 0.120426 7 
0 0.121224 7 
0 0.123963 7 
0 0.126642 7 
0 0.129271 7 
0 0.129271 7 
0 0.141002 7 
0 0.141002 7 
0 0.14863 7 
0 0.168037 7 
0 0.170585 7 
0 0.175857 7 
0 0.175863 7 
0 0.178571 7 
0 0.186981 7 
0 0.187486 7 
0 0.187488 7 
0 0.189024 7 
0 0.190536 7 
0 0.19551 7 
0 0.206741 7 
0 0.207896 7 
0 0.215154 7 
0 0.22476 7 
0 0.22858 7 
0 0.243828 7 
0 0.290552 7 
0 0.303013 7 
0 0.314517 7 
0 0.31528 7 
0 0.335929 7 
0 0.335929 7 
0 0.338214 7 
0 0.343841 7 
0 0.351576 7 
0 0.357016 7 
0 0.358211 7 
0 0.358613 7 
0 0.362873 7 
0 0.380455 7 
0 0.384599 7 
0 0.385971 7 
0 0.425484 7 
0 0.453147 7 
0 0.465588 7 
0 0.466824 7 
0 0.538472 7 
0 0.545115 7 
0 0.566204 7 
0 0.570098 7 
0 0.612169 7 
0 0.768475 7 
0 0.770536 7 
0 0.800127 7 
0 0.803062 7 
0 0.80396 7 
0 0.805634 7 
0 0.80926 7 
0 0.809675 7 
0 0.870555 7 
0 0.94925 7 
0 1.09668 7 
0 1.11462 7 
0 1.12492 7 
0 1.12786 7 
0 1.12854 7 
0 1.12896 7 
0 1.12914 7 
0 1.143 7 
0 1.16197 7 
0 1.31931 7 
0 1.34284 7 
0 1.3876 7 
0 1.3876 7 
0 1.3877 7 
0 1.4 7 
0 1.46227 7 
0 1.47727 7 
0 1.49459 7 
0 1.49539 7 
0 1.52811 7 
0 1.7583 7 
0 inf 7 
0 0.0138593 8 
0 0.0309998 8 
0 0.0366763 8 
0 0.0545605 8 
0 0.0545605 8 
0 0.0545641 8 
0 0.0733443 8 
0 0.0825763 8 
0 0.0934873 8 
0 0.110006 8 
0 0.110886 8 
0 0.112595 8 
0 0.113867 8 
0 0.113868 8 
0 0.120034 8 
0 0.120433 8 
0 0.121613 8 
0 0.122802 8 
0 0.126264 8 
0 0.126646 8 
0 0.128907 8 
0 0.130014 8 
0 0.131854 8 
0 0.136859 8 
0 0.140662 8 
0 0.141003 8 
0 0.142025 8 
0 0.142691 8 
0 0.146022 8 
0 0.147655 8 
0 0.149913 8 
0 0.152458 8 
0 0.158937 8 
0 0.167745 8 
0 0.174762 8 
0 0.184652 8 
0 0.185175 8 
0 0.191797 8 
0 0.192541 8 
0 0.19354 8 
0 0.194033 8 
0 0.196002 8 
0 0.205569 8 
0 0.210418 8 
0 0.225622 8 
0 0.247931 8 
0 0.248314 8 
0 0.261322 8 
0 0.282168 8 
0 0.293021 8 
0 0.324294 8 
0 0.329142 8 
0 0.330453 8 
0 0.331331 8 
0 0.33349 8 
0 0.360228 8 
0 0.361824 8 
0 0.374596 8 
0 0.387461 8 
0 0.393244 8 
0 0.395786 8 
0 0.415317 8 
0 0.423122 8 
0 0.425273 8 
0 0.433422 8 
0 0.435191 8 
0 0.58135 8 
0 0.654109 8 
0 0.70662 8 
0 0.710078 8 
0 0.716541 8 
0 0.784122 8 
0 0.785591 8 
0 0.78858 8 
0 0.810265 8 
0 0.810265 8 
0 0.840365 8 
0 0.851304 8 
0 0.893584 8 
0 0.896324 8 
0 0.900382 8 
0 0.944883 8 
0 0.954285 8 
0 1.02292 8 
0 1.06053 8 
0 1.07282 8 
0 1.07533 8 
0 1.08493 8 
0 1.08559 8 
0 1.08771 8 
0 1.10779 8 
0 1.10809 8 
0 1.11238 8 
0 1.20361 8 
0 1.20489 8 
0 1.22089 8 
0 1.22121 8 
0 1.25261 8 
0 1.46316 8 
0 1.46434 8 
0 1.46706 8 
0 1.46732 8 
0 1.4717 8 
0 inf 8 
0 0.0353344 9 
0 0.0353344 9 
0 0.0527759 9 
0 0.0536782 9 
0 0.0579742 9 
0 0.0587967 9 
0 0.0671857 9 
0 0.0892855 9 
0 0.0965188 9 
0 0.0970185 9 
0 0.0989755 9 
0 0.102785 9 
0 0.106001 9 
0 0.113878 9 
0 0.115136 9 
0 0.122795 9 
0 0.125885 9 
0 0.127777 9 
0 0.127777 9 
0 0.132582 9 
0 0.135085 9 
0 0.138246 9 
0 0.141678 9 
0 0.15402 9 
0 0.163989 9 
0 0.169181 9 
0 0.174763 9 
0 0.178301 9 
0 0.182295 9 
0 0.184386 9 
0 0.185689 9 
0 0.188507 9 
0 0.191794 9 
0 0.193784 9 
0 0.216936 9 
0 0.229205 9 
0 0.262968 9 
0 0.265151 9 
0 0.26641 9 
0 0.272119 9 
0 0.28607 9 
0 0.293192 9 
0 0.3027 9 
0 0.305694 9 
0 0.314977 9 
0 0.318467 9 
0 0.334787 9 
0 0.335219 9 
0 0.33522 9 
0 0.343282 9 
0 0.358486 9 
0 0.376135 9 
0 0.38272 9 
0 0.38572 9 
0 0.398681 9 
0 0.455358 9 
0 0.456937 9 
0 0.521616 9 
0 0.521617 9 
0 0.523544 9 
0 0.612724 9 
0 0.616162 9 
0 0.678765 9 
0 0.745318 9 
0 0.746349 9 
0 0.749371 9 
0 0.765036 9 
0 0.782289 9 
0 0.785652 9 
0 0.78614 9 
0 0.78785 9 
0 0.792188 9 
0 0.815346 9 
0 0.816759 9 
0 0.820221 9 
0 0.820689 9 
0 0.83076 9 
0 0.840353 9 
0 0.843439 9 
0 0.851946 9 
0 0.868177 9 
0 0.869062 9 
0 0.986462 9 
0 0.986608 9 
0 1.06329 9 
0 1.06365 9 
0 1.08236 9 
0 1.08568 9 
0 1.09559 9 
0 1.12875 9 
0 1.12913 9 
0 1.15811 9 
0 1.46427 9 
0 1.46427 9 
0 1.46977 9 
0 1.50541 9 
0 1.50924 9 
0 1.53971 9 
0 1.53974 9 
0 inf 9 
0 0.0379553 10 
0 0.0438276 10 
0 0.0509281 10 
0 0.0650074 10 
0 0.0752799 10 
0 0.0819927 10 
0 0.0825778 10 
0 0.0865513 10 
0 0.0871043 10 
0 0.0960213 10 
0 0.110444 10 
0 0.114707 10 
0 0.1176 10 
0 0.117609 10 
0 0.118414 10 
0 0.125889 10 
0 0.132934 10 
0 0.14269 10 
0 0.145024 10 
0 0.16689 10 
0 0.175037 10 
0 0.177215 10 
0 0.189777 10 
0 0.194282 10 
0 0.197473 10 
0 0.20108 10 
0 0.205339 10 
0 0.208132 10 
0 0.239851 10 
0 0.244806 10 
0 0.253856 10 
0 0.255372 10 
0 0.255385 10 
0 0.262067 10 
0 0.263333 10 
0 0.264244 10 
0 0.264787 10 
0 0.273182 10 
0 0.312685 10 
0 0.326506 10 
0 0.331324 10 
0 0.344261 10 
0 0.352549 10 
0 0.358615 10 
0 0.36826 10 
0 0.368401 10 
0 0.370211 10 
0 0.399403 10 
0 0.399525 10 
0 0.400248 10 
0 0.413004 10 
0 0.416471 10 
0 0.417393 10 
0 0.497585 10 
0 0.497875 10 
0 0.501718 10 
0 0.502483 10 
0 0.507049 10 
0 0.572526 10 
0 0.579959 10 
0 0.588503 10 
0 0.636029 10 
0 0.688948 10 
0 0.795009 10 
0 0.795974 10 
0 0.817404 10 
0 0.817639 10 
0 0.817933 10 
0 0.826412 10 
0 0.831971 10 
0 0.844679 10 
0 0.844736 10 
0 0.863961 10 
0 0.865294 10 
0 0.874071 10 
0 0.874957 10 
0 0.875341 10 
0 1.00779 10 
0 1.08378 10 
0 1.08449 10 
0 1.09804 10 
0 1.10258 10 
0 1.10883 10 
0 1.18187 10 
0 1.18297 10 
0 1.28033 10 
0 1.28213 10 
0 1.38161 10 
0 1.46424 10 
0 1.46476 10 
0 1.47209 10 
0 1.49356 10 
0 1.49366 10 
0 1.58004 10 
0 1.58016 10 
0 inf 10 
0 0.0353399 11 
0 0.0518573 11 
0 0.0536732 11 
0 0.0882 11 
0 0.112603 11 
0 0.113868 11 
0 0.115965 11 
0 0.121219 11 
0 0.12964 11 
0 0.151187 11 
0 0.158936 11 
0 0.15954 11 
0 0.162219 11 
0 0.163695 11 
0 0.166895 11 
0 0.170025 11 
0 0.17171 11 
0 0.172546 11 
0 0.199883 11 
0 0.204396 11 
0 0.216044 11 
0 0.218035 11 
0 0.222622 11 
0 0.239253 11 
0 0.244023 11 
0 0.244215 11 
0 0.254803 11 
0 0.267867 11 
0 0.269119 11 
0 0.272828 11 
0 0.291874 11 
0 0.324891 11 
0 0.32798 11 
0 0.329735 11 
0 0.333066 11 
0 0.335786 11 
0 0.336653 11 
0 0.342445 11 
0 0.365111 11 
0 0.368255 11 
0 0.381467 11 
0 0.381467 11 
0 0.382347 11 
0 0.38535 11 
0 0.410902 11 
0 0.411257 11 
0 0.462065 11 
0 0.502967 11 
0 0.50344 11 
0 0.508092 11 
0 0.540868 11 
0 0.54326 11 
0 0.545475 11 
0 0.55116 11 
0 0.556798 11 
0 0.560836 11 
0 0.637685 11 
0 0.639646 11 
0 0.683627 11 
0 0.721615 11 
0 0.721615 11 
0 0.745584 11 
0 0.757098 11 
0 0.795431 11 
0 0.795672 11 
0 0.801625 11 
0 0.803124 11 
0 0.80402 11 
0 0.807355 11 
0 0.807593 11 
0 0.82728 11 
0 0.827454 11 
0 0.830987 11 
0 0.899853 11 
0 0.901826 11 
0 0.907401 11 
0 1.04304 11 
0 1.04373 11 
0 1.084 11 
0 1.08471 11 
0 1.08471 11 
0 1.08577 11 
0 1.08895 11 
0 1.2691 11 
0 1.28164 11 
0 1.28863 11 
0 1.46454 11 
0 1.46752 11 
0 1.4744 11 
0 1.4744 11 
0 1.47805 11 
0 inf 11 
0 0.0635086 12 
0 0.11637 12 
0 0.119224 12 
0 0.119633 12 
0 0.119633 12 
0 0.120025 12 
0 0.122411 12 
0 0.128901 12 
0 0.141678 12 
0 0.151198 12 
0 0.16918 12 
0 0.174215 12 
0 0.178035 12 
0 0.193535 12 
0 0.198196 12 
0 0.209041 12 
0 0.218917 12 
0 0.220446 12 
0 0.226675 12 
0 0.230251 12 
0 0.231911 12 
0 0.233359 12 
0 0.234587 12 
0 0.245783 12 
0 0.249291 12 
0 0.252154 12 
0 0.312073 12 
0 0.314672 12 
0 0.323116 12 
0 0.324887 12 
0 0.328268 12 
0 0.3306 12 
0 0.33379 12 
0 0.334795 12 
0 0.338222 12 
0 0.339911 12 
0 0.344267 12 
0 0.347179 12 
0 0.348143 12 
0 0.352534 12 
0 0.367614 12 
0 0.394078 12 
0 0.396511 12 
0 0.415898 12 
0 0.423109 12 
0 0.460608 12 
0 0.489324 12 
0 0.503438 12 
0 0.504962 12 
0 0.623989 12 
0 0.627905 12 
0 0.629722 12 
0 0.631625 12 
0 0.638581 12 
0 0.704169 12 
0 0.709062 12 
0 0.785347 12 
0 0.790891 12 
0 0.811163 12 
0 0.811982 12 
0 0.812291 12 
0 0.813459 12 
0 0.813459 12 
0 0.824377 12 
0 0.839546 12 
0 0.839832 12 
0 0.845019 12 
0 0.853726 12 
0 0.856422 12 
0 0.868954 12 
0 0.873364 12 
0 0.92251 12 
0 1.06311 12 
0 1.07175 12 
0 1.08457 12 
0 1.08471 12 
0 1.09957 12 
0 1.09965 12 
0 1.09965 12 
0 1.10306 12 
0 1.10484 12 
0 1.13104 12 
0 1.46512 12 
0 1.46529 12 
0 1.46778 12 
0 1.46853 12 
0 1.46892 12 
0 inf 12 
0 0.0657374 13 
0 0.0814031 13 
0 0.119224 13 
0 0.125885 13 
0 0.1289 13 
0 0.142017 13 
0 0.142362 13 
0 0.142699 13 
0 0.143697 13 
0 0.167748 13 
0 0.167748 13 
0 0.167749 13 
0 0.169742 13 
0 0.195016 13 
0 0.196741 13 
0 0.202275 13 
0 0.202513 13 
0 0.20789 13 
0 0.208582 13 
0 0.223045 13 
0 0.230684 13 
0 0.234181 13 
0 0.244611 13 
0 0.249858 13 
0 0.254801 13 
0 0.264963 13 
0 0.273366 13 
0 0.275103 13 
0 0.275103 13 
0 0.294004 13 
0 0.31407 13 
0 0.31422 13 
0 0.32769 13 
0 0.335076 13 
0 0.343011 13 
0 0.373178 13 
0 0.382956 13 
0 0.392744 13 
0 0.397364 13 
0 0.414181 13 
0 0.416836 13 
0 0.423354 13 
0 0.502198 13 
0 0.50525 13 
0 0.51149 13 
0 0.554549 13 
0 0.554806 13 
0 0.565098 13 
0 0.56637 13 
0 0.573448 13 
0 0.709334 13 
0 0.730874 13 
0 0.751667 13 
0 0.76201 13 
0 0.762515 13 
0 0.785591 13 
0 0.786141 13 
0 0.792165 13 
0 0.792226 13 
0 0.795552 13 
0 0.811806 13 
0 0.812752 13 
0 0.813292 13 
0 0.814708 13 
0 0.816827 13 
0 0.852829 13 
0 0.852829 13 
0 0.860956 13 
0 1.04083 13 
0 1.05895 13 
0 1.08502 13 
0 1.08701 13 
0 1.1512 13 
0 1.1522 13 
0 1.15515 13 
0 1.19219 13 
0 1.19625 13 
0 1.19722 13 
0 1.46059 13 
0 1.46129 13 
0 1.4771 13 
0 1.47779 13 
0 1.47847 13 
0 inf 13 
0 0.116791 14 
0 0.123963 14 
0 0.143366 14 
0 0.146018 14 
0 0.152458 14 
0 0.164278 14 
0 0.166029 14 
0 0.167749 14 
0 0.168891 14 
0 0.183085 14 
0 0.186721 14 
0 0.190539 14 
0 0.203691 14 
0 0.207898 14 
0 0.212916 14 
0 0.214708 14 
0 0.217819 14 
0 0.226887 14 
0 0.230249 14 
0 0.231722 14 
0 0.235015 14 
0 0.235201 14 
0 0.237643 14 
0 0.26424 14 
0 0.277017 14 
0 0.287731 14 
0 0.32012 14 
0 0.322666 14 
0 0.322666 14 
0 0.329433 14 
0 0.335508 14 
0 0.338068 14 
0 0.338068 14 
0 0.35254 14 
0 0.36747 14 
0 0.384842 14 
0 0.387949 14 
0 0.418894 14 
0 0.430421 14 
0 0.506765 14 
0 0.522166 14 
0 0.529565 14 
0 0.5339 14 
0 0.540248 14 
0 0.54221 14 
0 0.618498 14 
0 0.728439 14 
0 0.73474 14 
0 0.793921 14 
0 0.796096 14 
0 0.796156 14 
0 0.796699 14 
0 0.797602 14 
0 0.802294 14 
0 0.802525 14 
0 0.803781 14 
0 0.808021 14 
0 0.808556 14 
0 0.859955 14 
0 0.873694 14 
0 0.875891 14 
0 1.05486 14 
0 1.06775 14 
0 1.07862 14 
0 1.07934 14 
0 1.11354 14 
0 1.11367 14 
0 1.11389 14 
0 1.19445 14 
0 1.19891 14 
0 1.20023 14 
0 1.46145 14 
0 1.46161 14 
0 1.51282 14 
0 1.51739 14 
0 1.51976 14 
0 1.6172 14 
0 1.63057 14 
0 1.63104 14 
0 inf 14 
0 0.0924546 15 
0 0.105094 15 
0 0.117609 15 
0 0.123966 15 
0 0.127776 15 
0 0.139284 15 
0 0.152455 15 
0 0.156192 15 
0 0.157114 15 
0 0.18044 15 
0 0.190534 15 
0 0.190534 15 
0 0.191539 15 
0 0.21516 15 
0 0.21738 15 
0 0.219359 15 
0 0.220669 15 
0 0.237643 15 
0 0.237842 15 
0 0.239251 15 
0 0.239254 15 
0 0.240651 15 
0 0.248317 15 
0 0.248906 15 
0 0.252345 15 
0 0.259856 15 
0 0.269652 15 
0 0.271248 15 
0 0.274242 15 
0 0.288403 15 
0 0.308201 15 
0 0.311762 15 
0 0.330162 15 
0 0.333635 15 
0 0.367336 15 
0 0.367338 15 
0 0.422993 15 
0 0.460515 15 
0 0.49137 15 
0 0.539801 15 
0 0.541223 15 
0 0.542286 15 
0 0.544408 15 
0 0.70636 15 
0 0.711776 15 
0 0.750647 15 
0 0.788458 15 
0 0.791389 15 
0 0.794767 15 
0 0.804674 15 
0 0.804674 15 
0 0.80676 15 
0 0.808188 15 
0 0.831278 15 
0 0.832664 15 
0 0.835134 15 
0 0.836978 15 
0 0.837889 15 
0 0.838061 15 
0 1.06577 15 
0 1.0784 15 
0 1.07996 15 
0 1.08974 15 
0 1.08992 15 
0 1.08992 15 
0 1.18763 15 
0 1.21121 15 
0 1.21121 15 
0 1.42162 15 
0 1.43413 15 
0 1.43493 15 
0 1.47134 15 
0 1.48921 15 
0 1.49668 15 
0 1.49693 15 
0 inf 15 
0 0.0536777 16 
0 0.0545643 16 
0 0.06042 16 
0 0.112167 16 
0 0.121615 16 
0 0.131489 16 
0 0.140313 16 
0 0.141003 16 
0 0.153394 16 
0 0.154641 16 
0 0.182027 16 
0 0.184386 16 
0 0.187486 16 
0 0.192789 16 
0 0.195764 16 
0 0.196734 16 
0 0.197951 16 
0 0.198921 16 
0 0.206964 16 
0 0.207438 16 
0 0.223263 16 
0 0.224977 16 
0 0.251197 16 
0 0.253296 16 
0 0.267688 16 
0 0.267688 16 
0 0.296445 16 
0 0.305239 16 
0 0.341739 16 
0 0.355247 16 
0 0.368006 16 
0 0.375246 16 
0 0.399162 16 
0 0.451024 16 
0 0.493631 16 
0 0.512513 16 
0 0.522901 16 
0 0.525192 16 
0 0.526562 16 
0 0.530568 16 
0 0.570182 16 
0 0.585143 16 
0 0.586537 16 
0 0.71372 16 
0 0.749375 16 
0 0.763402 16 
0 0.787117 16 
0 0.7873 16 
0 0.787606 16 
0 0.788824 16 
0 0.81518 16 
0 0.826053 16 
0 0.827447 16 
0 0.830754 16 
0 0.831043 16 
0 0.831384 16 
0 0.831615 16 
0 0.833351 16 
0 0.892401 16 
0 1.05777 16 
0 1.0867 16 
0 1.08736 16 
0 1.09089 16 
0 1.09335 16 
0 1.14438 16 
0 1.15254 16 
0 1.15354 16 
0 1.46355 16 
0 1.47039 16 
0 1.47078 16 
0 1.47167 16 
0 inf 16 
0 0.0771643 17 
0 0.0771643 17 
0 0.0771668 17 
0 0.102783 17 
0 0.106002 17 
0 0.12082 17 
0 0.127777 17 
0 0.1289 17 
0 0.130017 17 
0 0.132576 17 
0 0.132939 17 
0 0.158329 17 
0 0.190786 17 
0 0.191539 17 
0 0.196498 17 
0 0.224759 17 
0 0.225399 17 
0 0.238248 17 
0 0.243039 17 
0 0.24343 17 
0 0.260398 17 
0 0.291708 17 
0 0.298866 17 
0 0.310389 17 
0 0.314536 17 
0 0.317728 17 
0 0.32236 17 
0 0.338926 17 
0 0.354162 17 
0 0.388692 17 
0 0.39785 17 
0 0.406671 17 
0 0.438054 17 
0 0.43904 17 
0 0.477295 17 
0 0.521066 17 
0 0.535791 17 
0 0.535791 17 
0 0.535881 17 
0 0.540789 17 
0 0.646664 17 
0 0.696707 17 
0 0.707183 17 
0 0.737156 17 
0 0.761257 17 
0 0.766726 17 
0 0.767978 17 
0 0.791012 17 
0 0.793136 17 
0 0.793438 17 
0 0.798326 17 
0 0.809316 17 
0 0.809316 17 
0 0.810561 17 
0 0.824134 17 
0 1.07693 17 
0 1.10788 17 
0 1.10892 17 
0 1.11462 17 
0 1.11943 17 
0 1.11978 17 
0 1.12866 17 
0 1.15424 17 
0 1.46224 17 
0 1.46273 17 
0 1.46457 17 
0 1.46509 17 
0 inf 17 
0 0.0989763 18 
0 0.108245 18 
0 0.115541 18 
0 0.133659 18 
0 0.136499 18 
0 0.138944 18 
0 0.197228 18 
0 0.216267 18 
0 0.216267 18 
0 0.217154 18 
0 0.230672 18 
0 0.234798 18 
0 0.246764 18 
0 0.25443 18 
0 0.256685 18 
0 0.29709 18 
0 0.302701 18 
0 0.302701 18 
0 0.302852 18 
0 0.304126 18 
0 0.307104 18 
0 0.310371 18 
0 0.317561 18 
0 0.34358 18 
0 0.344696 18 
0 0.348024 18 
0 0.349245 18 
0 0.395537 18 
0 0.397474 18 
0 0.400004 18 
0 0.521982 18 
0 0.524277 18 
0 0.524277 18 
0 0.524278 18 
0 0.534896 18 
0 0.580117 18 
0 0.662725 18 
0 0.682504 18 
0 0.781244 18 
0 0.78149 18 
0 0.782473 18 
0 0.788276 18 
0 0.789798 18 
0 0.792895 18 
0 0.802824 18 
0 0.804939 18 
0 0.816526 18 
0 0.83938 18 
0 0.839438 18 
0 0.84081 18 
0 0.848938 18 
0 1.0919 18 
0 1.09207 18 
0 1.09256 18 
0 1.09519 18 
0 1.1584 18 
0 1.1584 18 
0 1.15869 18 
0 1.21121 18 
0 1.47003 18 
0 1.47369 18 
0 1.47447 18 
0 1.51457 18 
0 inf 18 
0 0.0480107 19 
0 0.099942 19 
0 0.111737 19 
0 0.111737 19 
0 0.118414 19 
0 0.160439 19 
0 0.180709 19 
0 0.192546 19 
0 0.192546 19 
0 0.193293 19 
0 0.201085 19 
0 0.215603 19 
0 0.21914 19 
0 0.223045 19 
0 0.224118 19 
0 0.228574 19 
0 0.25158 19 
0 0.265689 19 
0 0.287235 19 
0 0.291707 19 
0 0.293028 19 
0 0.293028 19 
0 0.294166 19 
0 0.296605 19 
0 0.319074 19 
0 0.330169 19 
0 0.344697 19 
0 0.346918 19 
0 0.348023 19 
0 0.393833 19 
0 0.393833 19 
0 0.402517 19 
0 0.494591 19 
0 0.552204 19 
0 0.564589 19 
0 0.567897 19 
0 0.612886 19 
0 0.724877 19 
0 0.801626 19 
0 0.801805 19 
0 0.807772 19 
0 0.807773 19 
0 0.817522 19 
0 0.818056 19 
0 0.819869 19 
0 0.822734 19 
0 0.939527 19 
0 0.940753 19 
0 1.0994 19 
0 1.09957 19 
0 1.10023 19 
0 1.31317 19 
0 1.31317 19 
0 1.47912 19 
0 1.47925 19 
0 1.48217 19 
0 1.48298 19 
0 1.73491 19 
0 3.55342 19 
0 inf 19 
0 0.0571433 20 
0 0.0657409 20 
0 0.0746354 20 
0 0.0746354 20 
0 0.107357 20 
0 0.135794 20 
0 0.150233 20 
0 0.151194 20 
0 0.157723 20 
0 0.196737 20 
0 0.196978 20 
0 0.205341 20 
0 0.216048 20 
0 0.221098 20 
0 0.231703 20 
0 0.234996 20 
0 0.246174 20 
0 0.248899 20 
0 0.250629 20 
0 0.252348 20 
0 0.278226 20 
0 0.28539 20 
0 0.287903 20 
0 0.291213 20 
0 0.298222 20 
0 0.303486 20 
0 0.319522 20 
0 0.3306 20 
0 0.347195 20 
0 0.347609 20 
0 0.347747 20 
0 0.353352 20 
0 0.393833 20 
0 0.397716 20 
0 0.39856 20 
0 0.506007 20 
0 0.506765 20 
0 0.508279 20 
0 0.601808 20 
0 0.655218 20 
0 0.775271 20 
0 0.81617 20 
0 0.81617 20 
0 0.81711 20 
0 0.875334 20 
0 0.876211 20 
0 1.00974 20 
0 1.01102 20 
0 1.09878 20 
0 1.1041 20 
0 1.10501 20 
0 1.38035 20 
0 1.38053 20 
0 1.47167 20 
0 1.47326 20 
0 inf 20 
