5.42484 9.58513 1 
0.704524 0.716831 1 
0.700719 1.71169 1 
0.397668 0.410685 1 
0.341917 0.38543 1 
0.327457 0.435544 1 
0.240229 0.263157 1 
0.227288 0.26979 1 
0.208489 0.226877 1 
0.200993 0.254706 1 
0.200058 0.234541 1 
0.194158 0.202371 1 
0.169323 0.173933 1 
0.147582 0.149774 1 
0.14695 0.169599 1 
0.14664 0.177378 1 
0.143749 0.160572 1 
0.135065 0.136099 1 
0.130508 0.140138 1 
0.115373 0.116977 1 
0.0993281 0.101189 1 
0.0979148 0.0983899 1 
0.0930369 0.101647 1 
0.0904994 0.0945228 1 
0.0873657 0.0983856 1 
0.0841096 0.0852027 1 
0.083551 0.0920321 1 
0.0829845 0.084659 1 
0.0789706 0.0852117 1 
0.0741074 0.0812957 1 
0.0734804 0.087897 1 
0.0682203 0.0789706 1 
0.0661425 0.0682188 1 
0.0625271 0.0654311 1 
7.21607 7.22015 2 
4.45344 7.23292 2 
0.573986 1.93136 2 
0.398025 0.431569 2 
0.392484 0.401862 2 
0.334769 0.405207 2 
0.296737 0.339599 2 
0.293745 0.310832 2 
0.290235 0.439371 2 
0.228917 0.242352 2 
0.222106 0.234546 2 
0.218733 0.222948 2 
0.187824 0.203749 2 
0.162299 0.167379 2 
0.148523 0.178418 2 
0.131926 0.138469 2 
0.0789695 0.0920336 2 
0.0632656 0.0695733 2 
5.29376 5.31979 3 
5.29175 5.30402 3 
4.0881 5.32329 3 
1.64408 1.65292 3 
0.538232 1.672 3 
0.506947 0.522679 3 
0.429738 0.44548 3 
0.42963 0.49213 3 
0.410004 0.491374 3 
0.372539 0.498617 3 
0.323457 0.338092 3 
0.316324 0.316326 3 
0.256349 0.283914 3 
0.231348 0.253239 3 
0.228922 0.234546 3 
0.211815 0.215513 3 
0.135755 0.137119 3 
0.133679 0.137794 3 
0.130512 0.148213 3 
0.123927 0.124675 3 
0.101185 0.114962 3 
0.0857513 0.0945311 3 
0.083553 0.0894645 3 
0.0835449 0.0857452 3 
0.0812993 0.0959912 3 
0.0689022 0.0857452 3 
3.08979 3.2545 4 
1.41523 1.4495 4 
0.614285 0.693437 4 
0.504413 1.48885 4 
0.488333 0.510691 4 
0.484316 0.526315 4 
0.41821 0.419318 4 
0.402326 0.408757 4 
0.401396 0.451597 4 
0.386269 0.41012 4 
0.371283 0.475787 4 
0.343143 0.387838 4 
0.329019 0.364199 4 
0.320563 0.336988 4 
0.176849 0.193437 4 
0.164581 0.190532 4 
0.137123 0.140472 4 
0.130159 0.137795 4 
0.104357 0.13575 4 
0.0722006 0.0734778 4 
1.35306 1.3617 5 
1.3012 1.3302 5 
1.2636 1.34409 5 
1.07589 1.37377 5 
0.503347 0.522587 5 
0.502973 0.546017 5 
0.450766 0.456516 5 
0.42919 0.447458 5 
0.227898 0.229726 5 
0.225849 0.248422 5 
0.225849 0.245406 5 
0.224195 0.248235 5 
0.147901 0.169867 5 
0.126895 0.133333 5 
0.123172 0.161146 5 
0.123171 0.142769 5 
0.0852072 0.0945238 5 
1.28809 1.30479 6 
1.14338 1.17755 6 
1.13167 1.18759 6 
1.12858 1.2077 6 
0.504551 0.557491 6 
0.451079 0.511425 6 
0.392014 0.424827 6 
0.181777 0.185076 6 
1.16146 1.29144 7 
1.14158 1.1482 7 
1.13903 1.17681 7 
0.978069 1.0179 7 
0.972487 0.973978 7 
0.966634 1.10186 7 
0.465795 0.518112 7 
0.372283 0.383858 7 
0.221902 0.229734 7 
0.131578 0.163729 7 
0.129797 0.146948 7 
0.0801421 0.0818653 7 
1.25511 1.31054 8 
0.925424 0.926087 8 
0.77513 0.807332 8 
0.752335 0.889038 8 
0.680188 1.01217 8 
0.215951 0.233152 8 
0.21422 0.236127 8 
0.165988 0.167101 8 
1.12439 1.22315 9 
0.749252 0.815133 9 
0.681446 0.722361 9 
0.669529 0.796981 9 
0.661489 0.680765 9 
0.453344 0.457125 9 
0.302642 0.304328 9 
0.760537 0.845919 10 
0.525782 0.647765 10 
0.478905 0.556153 10 
0.448281 0.458345 10 
0.413278 0.53508 10 
0.846491 0.913577 11 
0.822102 0.912366 11 
0.813222 0.841977 11 
0.669966 0.687751 11 
0.544314 0.564462 11 
0.510237 0.526141 11 
0.506675 0.5506 11 
0.450048 0.465801 11 
0.446519 0.508687 11 
0.431466 0.434151 11 
0.427667 0.469386 11 
0.40209 0.420418 11 
0.362768 0.432304 11 
0.333006 0.358301 11 
0.20557 0.229332 11 
0.798501 0.834353 12 
0.576455 0.735515 12 
0.568482 0.577178 12 
0.521875 0.658526 12 
0.467795 0.531505 12 
0.372678 0.378121 12 
0.356295 0.437435 12 
0.335596 0.462594 12 
0.565932 0.568704 13 
0.54174 0.558072 13 
0.527113 0.529931 13 
0.524544 0.539245 13 
0.523643 0.588016 13 
0.165438 0.184582 13 
0.163171 0.179212 13 
0.497361 0.507961 15 
0.362257 0.443581 15 
0.289268 0.299541 15 
0.854007 1.01226 16 
0.8472 0.952724 16 
0.372514 0.439663 16 
1.01276 1.04158 17 
0.65103 0.705738 17 
0.184876 0.191512 17 
0.168782 0.175064 17 
0.528086 0.619165 18 
0.508778 0.534647 18 
0.380664 0.405262 18 
0.375866 0.396321 18 
0.559573 0.66308 19 
0.404285 0.410343 19 
0.688665 0.763691 20 
0.397209 0.47402 20 
0.383242 0.414968 20 
0.272368 0.284897 20 
