0 0.0236492 1 
0 0.0244796 1 
0 0.02682 1 
0 0.0275436 1 
0 0.0275517 1 
0 0.0306331 1 
0 0.0306404 1 
0 0.03129 1 
0 0.0316048 1 
0 0.0340268 1 
0 0.034899 1 
0 0.0349045 1 
0 0.0354716 1 
0 0.0365806 1 
0 0.0368527 1 
0 0.0371204 1 
0 0.037382 1 
0 0.0381841 1 
0 0.0392162 1 
0 0.0397134 1 
0 0.0404684 1 
0 0.0404686 1 
0 0.0404687 1 
0 0.0404687 1 
0 0.0409606 1 
0 0.0412092 1 
0 0.0430905 1 
0 0.044907 1 
0 0.0451339 1 
0 0.0457844 1 
0 0.0460108 1 
0 0.0460112 1 
0 0.0466577 1 
0 0.0466596 1 
0 0.0468719 1 
0 0.0475057 1 
0 0.0475069 1 
0 0.0477159 1 
0 0.0483396 1 
0 0.0483404 1 
0 0.0495636 1 
0 0.0497695 1 
0 0.0509544 1 
0 0.0515432 1 
0 0.0524992 1 
0 0.0526946 1 
0 0.0528778 1 
0 0.0530662 1 
0 0.0536278 1 
0 0.0538138 1 
0 0.0543651 1 
0 0.0559961 1 
0 0.0559963 1 
0 0.0570527 1 
0 0.058097 1 
0 0.0581035 1 
0 0.058106 1 
0 0.0581072 1 
0 0.0582686 1 
0 0.0599549 1 
0 0.0639865 1 
0 0.0689449 1 
0 0.0705197 1 
0 0.0726127 1 
0 0.0735697 1 
0 0.075581 1 
0 0.0816739 1 
0 0.0840872 1 
0 0.08432 1 
0 0.0858464 1 
0 0.0859634 1 
0 0.0859635 1 
0 0.0873461 1 
0 0.0900489 1 
0 0.0904913 1 
0 0.0906012 1 
0 0.0921306 1 
0 0.0936373 1 
0 0.0939558 1 
0 0.0939569 1 
0 0.0943788 1 
0 0.0967834 1 
0 0.0972974 1 
0 0.0990332 1 
0 0.10132 1 
0 0.104808 1 
0 0.105282 1 
0 0.108457 1 
0 0.112084 1 
0 0.115331 1 
0 0.11849 1 
0 0.123124 1 
0 0.140613 1 
0 0.155646 1 
0 0.162241 1 
0 0.164629 1 
0 0.173659 1 
0 0.181143 1 
0 0.205088 1 
0 0.205772 1 
0 0.221075 1 
0 0.236939 1 
0 0.270811 1 
0 0.348384 1 
0 0.420346 1 
0 0.423486 1 
0 0.44271 1 
0 0.442839 1 
0 0.453558 1 
0 0.482383 1 
0 0.520328 1 
0 0.558257 1 
0 0.574457 1 
0 0.588899 1 
0 0.603192 1 
0 0.633235 1 
0 0.73676 1 
0 0.778237 1 
0 0.823123 1 
0 1.03426 1 
0 1.11388 1 
0 1.48933 1 
0 1.8907 1 
0 2.07312 1 
0 2.79592 1 
0 2.90017 1 
0 3.65509 1 
0 4.34176 1 
0 5.027 1 
0 5.03639 1 
0 5.12824 1 
0 inf 1 
0 0.0141291 2 
0 0.0167252 2 
0 0.022346 2 
0 0.0268167 2 
0 0.0316034 2 
0 0.0340294 2 
0 0.0343243 2 
0 0.0371204 2 
0 0.0373908 2 
0 0.0379205 2 
0 0.038183 2 
0 0.038183 2 
0 0.0389626 2 
0 0.0402223 2 
0 0.04023 2 
0 0.0412034 2 
0 0.0423975 2 
0 0.0449149 2 
0 0.045794 2 
0 0.045794 2 
0 0.0466584 2 
0 0.0483395 2 
0 0.0483501 2 
0 0.0487521 2 
0 0.0491608 2 
0 0.0491618 2 
0 0.0501609 2 
0 0.0507694 2 
0 0.0509548 2 
0 0.0528779 2 
0 0.0530611 2 
0 0.0532541 2 
0 0.0534417 2 
0 0.0536247 2 
0 0.0541845 2 
0 0.054916 2 
0 0.0556385 2 
0 0.0563522 2 
0 0.0563583 2 
0 0.0570563 2 
0 0.0587762 2 
0 0.058949 2 
0 0.0591167 2 
0 0.0592881 2 
0 0.0601332 2 
0 0.0604568 2 
0 0.0607853 2 
0 0.0611125 2 
0 0.0611127 2 
0 0.0635123 2 
0 0.0636772 2 
0 0.0642971 2 
0 0.0664368 2 
0 0.0667373 2 
0 0.0738311 2 
0 0.0762354 2 
0 0.0771404 2 
0 0.0804373 2 
0 0.0823983 2 
0 0.0838478 2 
0 0.0842011 2 
0 0.0873483 2 
0 0.0896038 2 
0 0.0902699 2 
0 0.093849 2 
0 0.107069 2 
0 0.108002 2 
0 0.10809 2 
0 0.111545 2 
0 0.117388 2 
0 0.122877 2 
0 0.124333 2 
0 0.134142 2 
0 0.136434 2 
0 0.137961 2 
0 0.150165 2 
0 0.151816 2 
0 0.155201 2 
0 0.157115 2 
0 0.164502 2 
0 0.169996 2 
0 0.174235 2 
0 0.178543 2 
0 0.188282 2 
0 0.188545 2 
0 0.192424 2 
0 0.192737 2 
0 0.196536 2 
0 0.215819 2 
0 0.215908 2 
0 0.220615 2 
0 0.3113 2 
0 0.344757 2 
0 0.368848 2 
0 0.402609 2 
0 0.414314 2 
0 0.455213 2 
0 0.456711 2 
0 0.461435 2 
0 0.469149 2 
0 0.491423 2 
0 0.492308 2 
0 0.53349 2 
0 0.590571 2 
0 0.592391 2 
0 0.610731 2 
0 0.622784 2 
0 0.630557 2 
0 0.64335 2 
0 0.652711 2 
0 0.654549 2 
0 0.877266 2 
0 0.894796 2 
0 1.05591 2 
0 1.09337 2 
0 1.57136 2 
0 1.76197 2 
0 2.31485 2 
0 3.22983 2 
0 3.52658 2 
0 3.72428 2 
0 3.80911 2 
0 4.01561 2 
0 4.0217 2 
0 4.08431 2 
0 4.1043 2 
0 4.11858 2 
0 inf 2 
0 0.0167172 3 
0 0.0167196 3 
0 0.0223476 3 
0 0.0240658 3 
0 0.0244794 3 
0 0.0275475 3 
0 0.0275476 3 
0 0.02965 3 
0 0.0312881 3 
0 0.0315978 3 
0 0.031602 3 
0 0.0337478 3 
0 0.034624 3 
0 0.040214 3 
0 0.0404683 3 
0 0.0407145 3 
0 0.0409571 3 
0 0.0414449 3 
0 0.0430926 3 
0 0.0442404 3 
0 0.0449129 3 
0 0.045575 3 
0 0.0462274 3 
0 0.0468745 3 
0 0.0475094 3 
0 0.0483382 3 
0 0.0487509 3 
0 0.0491573 3 
0 0.0493626 3 
0 0.0507546 3 
0 0.0507563 3 
0 0.052117 3 
0 0.0538145 3 
0 0.0550974 3 
0 0.0552788 3 
0 0.0607904 3 
0 0.0625717 3 
0 0.0650666 3 
0 0.066886 3 
0 0.0690929 3 
0 0.0699471 3 
0 0.0703822 3 
0 0.0719244 3 
0 0.0720586 3 
0 0.0724761 3 
0 0.0732972 3 
0 0.0737078 3 
0 0.082283 3 
0 0.082526 3 
0 0.0866582 3 
0 0.0896045 3 
0 0.0898255 3 
0 0.0924495 3 
0 0.0931016 3 
0 0.0931025 3 
0 0.093325 3 
0 0.10956 3 
0 0.115423 3 
0 0.11637 3 
0 0.116371 3 
0 0.116448 3 
0 0.122386 3 
0 0.132802 3 
0 0.134295 3 
0 0.141532 3 
0 0.142585 3 
0 0.142586 3 
0 0.142587 3 
0 0.142796 3 
0 0.142797 3 
0 0.14728 3 
0 0.147954 3 
0 0.157496 3 
0 0.158513 3 
0 0.16888 3 
0 0.201555 3 
0 0.204941 3 
0 0.209042 3 
0 0.248462 3 
0 0.288896 3 
0 0.341597 3 
0 0.350167 3 
0 0.363135 3 
0 0.382331 3 
0 0.385949 3 
0 0.389653 3 
0 0.405908 3 
0 0.406732 3 
0 0.431459 3 
0 0.468292 3 
0 0.476682 3 
0 0.486822 3 
0 0.495082 3 
0 0.501221 3 
0 0.502497 3 
0 0.5039 3 
0 0.518922 3 
0 0.536908 3 
0 0.586136 3 
0 0.589274 3 
0 0.600691 3 
0 0.606114 3 
0 0.607767 3 
0 0.614827 3 
0 0.70494 3 
0 0.89004 3 
0 1.03704 3 
0 1.30797 3 
0 1.54665 3 
0 2.08856 3 
0 2.09282 3 
0 2.42181 3 
0 2.72089 3 
0 2.72178 3 
0 2.72222 3 
0 2.73097 3 
0 2.86376 3 
0 2.87166 3 
0 2.87193 3 
0 3.83234 3 
0 4.17698 3 
0 4.35711 3 
0 4.37136 3 
0 inf 3 
0 0.0218903 4 
0 0.0236417 4 
0 0.0236424 4 
0 0.0240628 4 
0 0.0322232 4 
0 0.03461 4 
0 0.0348975 4 
0 0.0368581 4 
0 0.0381907 4 
0 0.0392228 4 
0 0.0416841 4 
0 0.0421652 4 
0 0.0423976 4 
0 0.0426326 4 
0 0.0433295 4 
0 0.0435621 4 
0 0.0444643 4 
0 0.0453598 4 
0 0.046444 4 
0 0.0501703 4 
0 0.0519249 4 
0 0.0547342 4 
0 0.0547367 4 
0 0.0559964 4 
0 0.0563521 4 
0 0.0565289 4 
0 0.0567104 4 
0 0.0574093 4 
0 0.0591205 4 
0 0.05996 4 
0 0.0620852 4 
0 0.0638303 4 
0 0.0649215 4 
0 0.066591 4 
0 0.0676251 4 
0 0.0676266 4 
0 0.079191 4 
0 0.084204 4 
0 0.085847 4 
0 0.0870046 4 
0 0.0902699 4 
0 0.093529 4 
0 0.0938552 4 
0 0.0960572 4 
0 0.0985193 4 
0 0.0993287 4 
0 0.101022 4 
0 0.102099 4 
0 0.121157 4 
0 0.123119 4 
0 0.128127 4 
0 0.13227 4 
0 0.132271 4 
0 0.13481 4 
0 0.14259 4 
0 0.148759 4 
0 0.152406 4 
0 0.153191 4 
0 0.153516 4 
0 0.153517 4 
0 0.153711 4 
0 0.156161 4 
0 0.156798 4 
0 0.156799 4 
0 0.157371 4 
0 0.157621 4 
0 0.16051 4 
0 0.162558 4 
0 0.164024 4 
0 0.201704 4 
0 0.326182 4 
0 0.331979 4 
0 0.342037 4 
0 0.373265 4 
0 0.383125 4 
0 0.383524 4 
0 0.406246 4 
0 0.408547 4 
0 0.435838 4 
0 0.450711 4 
0 0.453799 4 
0 0.462817 4 
0 0.48617 4 
0 0.488632 4 
0 0.491815 4 
0 0.49837 4 
0 0.501876 4 
0 0.504575 4 
0 0.530055 4 
0 0.533267 4 
0 0.533944 4 
0 0.557802 4 
0 0.561673 4 
0 0.562382 4 
0 0.57752 4 
0 0.580297 4 
0 0.65667 4 
0 0.893769 4 
0 0.894069 4 
0 1.02479 4 
0 1.07483 4 
0 1.19703 4 
0 1.24788 4 
0 1.24788 4 
0 1.249 4 
0 1.54986 4 
0 1.72383 4 
0 1.72583 4 
0 1.7325 4 
0 1.76768 4 
0 2.02544 4 
0 2.5974 4 
0 2.7941 4 
0 2.79446 4 
0 2.79468 4 
0 3.02205 4 
0 3.06454 4 
0 3.06647 4 
0 3.08817 4 
0 inf 4 
0 0.013402 5 
0 0.015477 5 
0 0.015477 5 
0 0.0286123 5 
0 0.0286159 5 
0 0.0293056 5 
0 0.029642 5 
0 0.0296444 5 
0 0.035753 5 
0 0.0360367 5 
0 0.0363055 5 
0 0.0381823 5 
0 0.0386998 5 
0 0.0386999 5 
0 0.0399725 5 
0 0.0412067 5 
0 0.0428681 5 
0 0.0440244 5 
0 0.0455799 5 
0 0.0491584 5 
0 0.051151 5 
0 0.0539984 5 
0 0.0540072 5 
0 0.0541825 5 
0 0.0545484 5 
0 0.0554637 5 
0 0.0575797 5 
0 0.0586084 5 
0 0.059123 5 
0 0.0601234 5 
0 0.0631998 5 
0 0.0706627 5 
0 0.076754 5 
0 0.0831236 5 
0 0.0834897 5 
0 0.0838408 5 
0 0.0840848 5 
0 0.0844367 5 
0 0.0852608 5 
0 0.0856101 5 
0 0.0873479 5 
0 0.0890432 5 
0 0.0899378 5 
0 0.0922416 5 
0 0.0941671 5 
0 0.0992295 5 
0 0.100431 5 
0 0.105188 5 
0 0.130297 5 
0 0.132122 5 
0 0.134821 5 
0 0.136582 5 
0 0.136802 5 
0 0.140689 5 
0 0.148017 5 
0 0.171515 5 
0 0.183772 5 
0 0.189869 5 
0 0.191544 5 
0 0.195671 5 
0 0.202938 5 
0 0.203233 5 
0 0.257087 5 
0 0.3581 5 
0 0.372247 5 
0 0.376086 5 
0 0.380994 5 
0 0.386742 5 
0 0.390877 5 
0 0.400165 5 
0 0.444487 5 
0 0.462995 5 
0 0.465357 5 
0 0.466772 5 
0 0.471827 5 
0 0.472431 5 
0 0.479064 5 
0 0.479711 5 
0 0.479814 5 
0 0.498173 5 
0 0.499454 5 
0 0.514814 5 
0 0.515252 5 
0 0.518583 5 
0 0.519661 5 
0 0.536872 5 
0 0.539951 5 
0 0.541705 5 
0 0.87982 5 
0 0.909813 5 
0 1.02224 5 
0 1.06768 5 
0 1.27216 5 
0 1.51028 5 
0 1.52209 5 
0 1.53446 5 
0 1.53525 5 
0 1.53593 5 
0 1.53716 5 
0 1.55311 5 
0 1.55318 5 
0 1.66781 5 
0 1.73411 5 
0 2.0023 5 
0 2.08111 5 
0 2.08111 5 
0 2.08663 5 
0 2.15415 5 
0 2.23995 5 
0 2.24478 5 
0 2.2449 5 
0 2.24496 5 
0 2.24851 5 
0 2.25165 5 
0 2.29815 5 
0 inf 5 
0 0.0244741 6 
0 0.0264364 6 
0 0.0275514 6 
0 0.0306377 6 
0 0.032841 6 
0 0.0340338 6 
0 0.0379214 6 
0 0.0389587 6 
0 0.0407156 6 
0 0.0437823 6 
0 0.0455788 6 
0 0.0457975 6 
0 0.0470838 6 
0 0.0477182 6 
0 0.0530642 6 
0 0.0550964 6 
0 0.0551035 6 
0 0.0554575 6 
0 0.0554665 6 
0 0.058097 6 
0 0.0606177 6 
0 0.0619285 6 
0 0.0650671 6 
0 0.0650751 6 
0 0.06568 6 
0 0.0671825 6 
0 0.0733009 6 
0 0.0782971 6 
0 0.0786873 6 
0 0.0859669 6 
0 0.0859677 6 
0 0.0871187 6 
0 0.0892683 6 
0 0.0900488 6 
0 0.0907117 6 
0 0.0914776 6 
0 0.092349 6 
0 0.0945951 6 
0 0.0958503 6 
0 0.102689 6 
0 0.106699 6 
0 0.107536 6 
0 0.127663 6 
0 0.13302 6 
0 0.133775 6 
0 0.135622 6 
0 0.138902 6 
0 0.145026 6 
0 0.152207 6 
0 0.158067 6 
0 0.182573 6 
0 0.201655 6 
0 0.204942 6 
0 0.206926 6 
0 0.223371 6 
0 0.280307 6 
0 0.307841 6 
0 0.310425 6 
0 0.314294 6 
0 0.338666 6 
0 0.362939 6 
0 0.366554 6 
0 0.367941 6 
0 0.37617 6 
0 0.396259 6 
0 0.427883 6 
0 0.429281 6 
0 0.439271 6 
0 0.443722 6 
0 0.447312 6 
0 0.449095 6 
0 0.461318 6 
0 0.478559 6 
0 0.490624 6 
0 0.520665 6 
0 0.524887 6 
0 0.525598 6 
0 0.549887 6 
0 0.553632 6 
0 0.553795 6 
0 0.58597 6 
0 0.632006 6 
0 0.635194 6 
0 0.808679 6 
0 0.816544 6 
0 0.825301 6 
0 0.836632 6 
0 0.839221 6 
0 0.890073 6 
0 0.974466 6 
0 1.02275 6 
0 1.10846 6 
0 1.17118 6 
0 1.48235 6 
0 1.48789 6 
0 1.50296 6 
0 1.53321 6 
0 1.54126 6 
0 1.5515 6 
0 1.56204 6 
0 1.58 6 
0 1.59075 6 
0 1.69361 6 
0 1.76866 6 
0 1.76909 6 
0 1.77104 6 
0 1.79307 6 
0 2.27019 6 
0 2.27435 6 
0 2.28781 6 
0 2.42071 6 
0 inf 6 
0 0.0289598 7 
0 0.0293054 7 
0 0.0363034 7 
0 0.0426316 7 
0 0.0431021 7 
0 0.0442414 7 
0 0.045798 7 
0 0.046873 7 
0 0.0477235 7 
0 0.0507618 7 
0 0.0532569 7 
0 0.0534498 7 
0 0.0543682 7 
0 0.0561745 7 
0 0.0579209 7 
0 0.0601272 7 
0 0.062245 7 
0 0.0635152 7 
0 0.0642963 7 
0 0.0652217 7 
0 0.0659851 7 
0 0.0659858 7 
0 0.0667356 7 
0 0.0674795 7 
0 0.0674805 7 
0 0.0717792 7 
0 0.0805615 7 
0 0.0834914 7 
0 0.0876881 7 
0 0.089051 7 
0 0.0998407 7 
0 0.101319 7 
0 0.101517 7 
0 0.103271 7 
0 0.108185 7 
0 0.123614 7 
0 0.124331 7 
0 0.13189 7 
0 0.132042 7 
0 0.135036 7 
0 0.135479 7 
0 0.135921 7 
0 0.150293 7 
0 0.151744 7 
0 0.15856 7 
0 0.181749 7 
0 0.185896 7 
0 0.200313 7 
0 0.214513 7 
0 0.228391 7 
0 0.237648 7 
0 0.237911 7 
0 0.259125 7 
0 0.291935 7 
0 0.294116 7 
0 0.294657 7 
0 0.294792 7 
0 0.330126 7 
0 0.37396 7 
0 0.428938 7 
0 0.433015 7 
0 0.433407 7 
0 0.435998 7 
0 0.437826 7 
0 0.445429 7 
0 0.459313 7 
0 0.462227 7 
0 0.48747 7 
0 0.536626 7 
0 0.540294 7 
0 0.543302 7 
0 0.543905 7 
0 0.543963 7 
0 0.546049 7 
0 0.615393 7 
0 0.628813 7 
0 0.632016 7 
0 0.664335 7 
0 0.805932 7 
0 0.80613 7 
0 0.807121 7 
0 0.859516 7 
0 0.899015 7 
0 0.929106 7 
0 0.966674 7 
0 1.03262 7 
0 1.0593 7 
0 1.18822 7 
0 1.20472 7 
0 1.36872 7 
0 1.3701 7 
0 1.37435 7 
0 1.37528 7 
0 1.37609 7 
0 1.38725 7 
0 1.45549 7 
0 1.45817 7 
0 1.46315 7 
0 1.55623 7 
0 1.57409 7 
0 1.63749 7 
0 1.81459 7 
0 2.0062 7 
0 2.00628 7 
0 2.00898 7 
0 2.01276 7 
0 2.0826 7 
0 inf 7 
0 0.0223428 8 
0 0.0256698 8 
0 0.0337384 8 
0 0.0357501 8 
0 0.0409575 8 
0 0.0515364 8 
0 0.0515381 8 
0 0.0575807 8 
0 0.0628839 8 
0 0.0635175 8 
0 0.0635221 8 
0 0.0641456 8 
0 0.06807 8 
0 0.0739786 8 
0 0.0755821 8 
0 0.0796938 8 
0 0.084554 8 
0 0.0859663 8 
0 0.086306 8 
0 0.0899352 8 
0 0.0908223 8 
0 0.0913724 8 
0 0.0938517 8 
0 0.0939619 8 
0 0.0987237 8 
0 0.101205 8 
0 0.110743 8 
0 0.114729 8 
0 0.131522 8 
0 0.13257 8 
0 0.133248 8 
0 0.135696 8 
0 0.136651 8 
0 0.139044 8 
0 0.141677 8 
0 0.145429 8 
0 0.152142 8 
0 0.153024 8 
0 0.155134 8 
0 0.15737 8 
0 0.178931 8 
0 0.199765 8 
0 0.201354 8 
0 0.202441 8 
0 0.205332 8 
0 0.210942 8 
0 0.212639 8 
0 0.231967 8 
0 0.231967 8 
0 0.289048 8 
0 0.300065 8 
0 0.304066 8 
0 0.331213 8 
0 0.374201 8 
0 0.401659 8 
0 0.406011 8 
0 0.443001 8 
0 0.4635 8 
0 0.479235 8 
0 0.481978 8 
0 0.524798 8 
0 0.527228 8 
0 0.527387 8 
0 0.544374 8 
0 0.545473 8 
0 0.634455 8 
0 0.654432 8 
0 0.659175 8 
0 0.677482 8 
0 0.736571 8 
0 0.745385 8 
0 0.749155 8 
0 0.779362 8 
0 0.810885 8 
0 0.811574 8 
0 0.819901 8 
0 0.821457 8 
0 0.825785 8 
0 0.870192 8 
0 0.960805 8 
0 0.962259 8 
0 0.999706 8 
0 1.01754 8 
0 1.05364 8 
0 1.0925 8 
0 1.15414 8 
0 1.16702 8 
0 1.4637 8 
0 1.4661 8 
0 1.47757 8 
0 1.4862 8 
0 1.50425 8 
0 1.51244 8 
0 1.52544 8 
0 1.53125 8 
0 1.53248 8 
0 1.54931 8 
0 1.581 8 
0 1.58306 8 
0 1.60389 8 
0 1.66388 8 
0 1.67804 8 
0 1.7403 8 
0 inf 8 
0 0.0381797 9 
0 0.0521207 9 
0 0.0536328 9 
0 0.0604574 9 
0 0.066443 9 
0 0.0665769 9 
0 0.0682173 9 
0 0.069356 9 
0 0.0700845 9 
0 0.0719208 9 
0 0.072059 9 
0 0.0822844 9 
0 0.0859688 9 
0 0.09278 9 
0 0.0960383 9 
0 0.0974045 9 
0 0.100127 9 
0 0.101615 9 
0 0.101909 9 
0 0.103659 9 
0 0.10752 9 
0 0.110741 9 
0 0.112611 9 
0 0.117048 9 
0 0.1187 9 
0 0.122468 9 
0 0.127504 9 
0 0.131282 9 
0 0.141106 9 
0 0.142301 9 
0 0.148692 9 
0 0.149894 9 
0 0.166676 9 
0 0.17965 9 
0 0.197147 9 
0 0.242045 9 
0 0.245487 9 
0 0.25747 9 
0 0.258513 9 
0 0.26436 9 
0 0.271622 9 
0 0.278047 9 
0 0.330973 9 
0 0.358451 9 
0 0.362441 9 
0 0.369302 9 
0 0.369761 9 
0 0.37289 9 
0 0.441056 9 
0 0.445474 9 
0 0.450886 9 
0 0.461622 9 
0 0.467129 9 
0 0.46841 9 
0 0.513813 9 
0 0.514512 9 
0 0.528733 9 
0 0.532046 9 
0 0.536386 9 
0 0.5886 9 
0 0.678912 9 
0 0.685707 9 
0 0.69567 9 
0 0.703379 9 
0 0.709638 9 
0 0.791974 9 
0 0.809653 9 
0 0.809703 9 
0 0.829576 9 
0 0.84111 9 
0 0.89004 9 
0 0.915132 9 
0 0.918889 9 
0 0.92794 9 
0 0.931806 9 
0 0.950612 9 
0 0.950623 9 
0 0.97737 9 
0 1.00507 9 
0 1.04564 9 
0 1.0464 9 
0 1.05225 9 
0 1.08065 9 
0 1.09409 9 
0 1.0973 9 
0 1.35699 9 
0 1.36472 9 
0 1.47664 9 
0 1.47718 9 
0 1.52857 9 
0 1.52918 9 
0 1.53138 9 
0 1.53388 9 
0 1.53403 9 
0 1.55465 9 
0 1.59817 9 
0 1.59819 9 
0 1.6987 9 
0 1.69879 9 
0 inf 9 
0 0.0479242 10 
0 0.0567076 10 
0 0.0596193 10 
0 0.0633586 10 
0 0.0659892 10 
0 0.0714842 10 
0 0.0781696 10 
0 0.0796897 10 
0 0.0808148 10 
0 0.086083 10 
0 0.0891611 10 
0 0.0894964 10 
0 0.104611 10 
0 0.107708 10 
0 0.121897 10 
0 0.122799 10 
0 0.125648 10 
0 0.128905 10 
0 0.129994 10 
0 0.131205 10 
0 0.133475 10 
0 0.134591 10 
0 0.154167 10 
0 0.157242 10 
0 0.16572 10 
0 0.18116 10 
0 0.206595 10 
0 0.207053 10 
0 0.21269 10 
0 0.231191 10 
0 0.23166 10 
0 0.231963 10 
0 0.236274 10 
0 0.279024 10 
0 0.308755 10 
0 0.33399 10 
0 0.335898 10 
0 0.345033 10 
0 0.351371 10 
0 0.364107 10 
0 0.368138 10 
0 0.369955 10 
0 0.373101 10 
0 0.37377 10 
0 0.37717 10 
0 0.377699 10 
0 0.383271 10 
0 0.391188 10 
0 0.442866 10 
0 0.468614 10 
0 0.468955 10 
0 0.4914 10 
0 0.493428 10 
0 0.498054 10 
0 0.499356 10 
0 0.584914 10 
0 0.623822 10 
0 0.62867 10 
0 0.671724 10 
0 0.697439 10 
0 0.735205 10 
0 0.804842 10 
0 0.807183 10 
0 0.845517 10 
0 0.85444 10 
0 0.873111 10 
0 0.873477 10 
0 0.90496 10 
0 0.907604 10 
0 0.917248 10 
0 0.964488 10 
0 0.96486 10 
0 0.982303 10 
0 1.01373 10 
0 1.02188 10 
0 1.03492 10 
0 1.03672 10 
0 1.04257 10 
0 1.04315 10 
0 1.04478 10 
0 1.07068 10 
0 1.28183 10 
0 1.28214 10 
0 1.32124 10 
0 1.32167 10 
0 1.45366 10 
0 1.45487 10 
0 1.53359 10 
0 1.5345 10 
0 1.54606 10 
0 1.54645 10 
0 1.54879 10 
0 1.56102 10 
0 1.6609 10 
0 1.66103 10 
0 inf 10 
0 0.0592891 11 
0 0.0635133 11 
0 0.0645845 11 
0 0.0898119 11 
0 0.100529 11 
0 0.112521 11 
0 0.115159 11 
0 0.117051 11 
0 0.117565 11 
0 0.131437 11 
0 0.132879 11 
0 0.132952 11 
0 0.134514 11 
0 0.14273 11 
0 0.143703 11 
0 0.148216 11 
0 0.153967 11 
0 0.161511 11 
0 0.170351 11 
0 0.17167 11 
0 0.17725 11 
0 0.18627 11 
0 0.192218 11 
0 0.206789 11 
0 0.213823 11 
0 0.216745 11 
0 0.290192 11 
0 0.297989 11 
0 0.321468 11 
0 0.321789 11 
0 0.322904 11 
0 0.327504 11 
0 0.330585 11 
0 0.348162 11 
0 0.350021 11 
0 0.373131 11 
0 0.376299 11 
0 0.38128 11 
0 0.395625 11 
0 0.436114 11 
0 0.437828 11 
0 0.441889 11 
0 0.453582 11 
0 0.473571 11 
0 0.476116 11 
0 0.486336 11 
0 0.486418 11 
0 0.492297 11 
0 0.50128 11 
0 0.501765 11 
0 0.536927 11 
0 0.543601 11 
0 0.548264 11 
0 0.595809 11 
0 0.630225 11 
0 0.631306 11 
0 0.644131 11 
0 0.646324 11 
0 0.72344 11 
0 0.801746 11 
0 0.805437 11 
0 0.808528 11 
0 0.828046 11 
0 0.828154 11 
0 0.828299 11 
0 0.854669 11 
0 0.856136 11 
0 0.905765 11 
0 0.906602 11 
0 0.907042 11 
0 0.920713 11 
0 0.991285 11 
0 0.992463 11 
0 1.00236 11 
0 1.04196 11 
0 1.0454 11 
0 1.04826 11 
0 1.04883 11 
0 1.05737 11 
0 1.12636 11 
0 1.15848 11 
0 1.45732 11 
0 1.45763 11 
0 1.53042 11 
0 1.53104 11 
0 1.53104 11 
0 1.53168 11 
0 1.53251 11 
0 1.54318 11 
0 1.54658 11 
0 1.54665 11 
0 inf 11 
0 0.0763469 12 
0 0.100728 12 
0 0.102983 12 
0 0.105663 12 
0 0.107434 12 
0 0.108446 12 
0 0.128399 12 
0 0.144743 12 
0 0.146531 12 
0 0.152345 12 
0 0.152604 12 
0 0.154878 12 
0 0.158001 12 
0 0.177751 12 
0 0.18388 12 
0 0.219218 12 
0 0.222878 12 
0 0.24427 12 
0 0.25862 12 
0 0.27283 12 
0 0.279199 12 
0 0.287625 12 
0 0.297035 12 
0 0.300532 12 
0 0.304356 12 
0 0.304872 12 
0 0.308268 12 
0 0.314845 12 
0 0.318623 12 
0 0.325816 12 
0 0.328381 12 
0 0.328484 12 
0 0.333291 12 
0 0.340442 12 
0 0.371761 12 
0 0.401717 12 
0 0.407882 12 
0 0.409517 12 
0 0.437002 12 
0 0.456408 12 
0 0.45946 12 
0 0.460763 12 
0 0.476728 12 
0 0.479809 12 
0 0.530404 12 
0 0.577144 12 
0 0.589424 12 
0 0.592415 12 
0 0.592617 12 
0 0.5972 12 
0 0.60726 12 
0 0.627173 12 
0 0.627937 12 
0 0.640629 12 
0 0.657263 12 
0 0.657432 12 
0 0.712499 12 
0 0.729194 12 
0 0.748959 12 
0 0.761929 12 
0 0.803486 12 
0 0.804492 12 
0 0.805113 12 
0 0.81182 12 
0 0.813148 12 
0 0.814863 12 
0 0.933966 12 
0 0.937647 12 
0 0.937775 12 
0 1.03728 12 
0 1.03936 12 
0 1.13236 12 
0 1.13238 12 
0 1.13616 12 
0 1.25954 12 
0 1.27138 12 
0 1.28433 12 
0 1.46137 12 
0 1.46407 12 
0 1.4676 12 
0 1.4676 12 
0 1.47548 12 
0 1.5313 12 
0 1.53362 12 
0 1.56536 12 
0 1.56538 12 
0 1.56545 12 
0 inf 12 
0 0.0801756 13 
0 0.0981215 13 
0 0.144222 13 
0 0.147612 13 
0 0.148151 13 
0 0.168407 13 
0 0.170527 13 
0 0.187861 13 
0 0.189283 13 
0 0.203819 13 
0 0.21312 13 
0 0.220897 13 
0 0.239788 13 
0 0.240287 13 
0 0.242672 13 
0 0.25221 13 
0 0.274062 13 
0 0.275996 13 
0 0.276862 13 
0 0.286459 13 
0 0.298109 13 
0 0.298244 13 
0 0.30136 13 
0 0.302288 13 
0 0.302848 13 
0 0.303244 13 
0 0.304461 13 
0 0.305508 13 
0 0.311945 13 
0 0.321956 13 
0 0.322134 13 
0 0.338878 13 
0 0.346109 13 
0 0.346224 13 
0 0.355586 13 
0 0.358607 13 
0 0.391233 13 
0 0.407395 13 
0 0.41261 13 
0 0.436752 13 
0 0.438121 13 
0 0.43819 13 
0 0.448757 13 
0 0.459765 13 
0 0.463981 13 
0 0.489808 13 
0 0.614695 13 
0 0.643124 13 
0 0.645505 13 
0 0.654209 13 
0 0.670161 13 
0 0.683671 13 
0 0.753001 13 
0 0.799462 13 
0 0.800923 13 
0 0.803351 13 
0 0.866234 13 
0 0.866315 13 
0 0.866407 13 
0 0.914578 13 
0 0.917064 13 
0 0.917368 13 
0 1.03363 13 
0 1.04808 13 
0 1.11159 13 
0 1.11171 13 
0 1.11174 13 
0 1.14444 13 
0 1.14515 13 
0 1.14528 13 
0 1.26777 13 
0 1.27129 13 
0 1.32713 13 
0 1.45535 13 
0 1.45883 13 
0 1.53405 13 
0 1.53551 13 
0 1.53645 13 
0 1.53659 13 
0 1.53672 13 
0 1.59269 13 
0 1.59282 13 
0 1.59793 13 
0 inf 13 
0 0.0517353 14 
0 0.0878978 14 
0 0.110375 14 
0 0.121892 14 
0 0.133919 14 
0 0.140682 14 
0 0.20343 14 
0 0.203815 14 
0 0.217847 14 
0 0.219436 14 
0 0.224873 14 
0 0.232269 14 
0 0.233012 14 
0 0.238619 14 
0 0.24237 14 
0 0.242524 14 
0 0.250225 14 
0 0.258326 14 
0 0.279741 14 
0 0.28618 14 
0 0.287155 14 
0 0.287294 14 
0 0.287885 14 
0 0.304952 14 
0 0.305345 14 
0 0.311865 14 
0 0.318597 14 
0 0.319066 14 
0 0.352208 14 
0 0.360031 14 
0 0.360059 14 
0 0.360088 14 
0 0.360531 14 
0 0.365867 14 
0 0.377172 14 
0 0.380314 14 
0 0.390498 14 
0 0.408217 14 
0 0.408662 14 
0 0.408999 14 
0 0.428814 14 
0 0.429559 14 
0 0.440666 14 
0 0.448683 14 
0 0.455208 14 
0 0.611485 14 
0 0.646476 14 
0 0.765038 14 
0 0.801957 14 
0 0.80494 14 
0 0.887435 14 
0 0.893722 14 
0 0.902262 14 
0 0.902528 14 
0 0.918488 14 
0 0.918792 14 
0 0.91914 14 
0 1.03532 14 
0 1.04658 14 
0 1.05606 14 
0 1.05606 14 
0 1.05631 14 
0 1.13446 14 
0 1.25972 14 
0 1.29841 14 
0 1.30586 14 
0 1.42777 14 
0 1.42808 14 
0 1.42819 14 
0 1.45359 14 
0 1.46072 14 
0 1.52937 14 
0 1.53917 14 
0 1.55095 14 
0 1.55137 14 
0 1.55145 14 
0 1.71696 14 
0 1.71726 14 
0 1.71758 14 
0 inf 14 
0 0.0444658 15 
0 0.0876871 15 
0 0.104798 15 
0 0.11216 15 
0 0.128131 15 
0 0.136358 15 
0 0.136943 15 
0 0.137736 15 
0 0.138098 15 
0 0.140473 15 
0 0.140686 15 
0 0.144327 15 
0 0.168867 15 
0 0.185249 15 
0 0.217984 15 
0 0.218533 15 
0 0.2189 15 
0 0.220944 15 
0 0.232256 15 
0 0.251736 15 
0 0.262542 15 
0 0.278897 15 
0 0.28959 15 
0 0.303574 15 
0 0.303574 15 
0 0.316419 15 
0 0.329959 15 
0 0.33189 15 
0 0.35695 15 
0 0.357202 15 
0 0.35738 15 
0 0.357733 15 
0 0.358096 15 
0 0.385452 15 
0 0.415744 15 
0 0.418258 15 
0 0.422817 15 
0 0.441126 15 
0 0.449736 15 
0 0.45512 15 
0 0.455536 15 
0 0.455887 15 
0 0.455974 15 
0 0.473364 15 
0 0.699626 15 
0 0.804766 15 
0 0.826595 15 
0 0.828008 15 
0 0.828333 15 
0 0.910398 15 
0 0.948091 15 
0 0.958118 15 
0 0.962236 15 
0 0.993602 15 
0 0.994375 15 
0 0.994616 15 
0 1.0333 15 
0 1.05756 15 
0 1.05798 15 
0 1.05817 15 
0 1.05818 15 
0 1.06556 15 
0 1.27121 15 
0 1.29587 15 
0 1.30363 15 
0 1.30581 15 
0 1.46282 15 
0 1.52927 15 
0 1.53777 15 
0 1.53969 15 
0 1.54008 15 
0 1.54024 15 
0 1.56687 15 
0 1.56828 15 
0 1.56891 15 
0 inf 15 
0 0.0554601 16 
0 0.0687761 16 
0 0.0693829 16 
0 0.0935299 16 
0 0.101605 16 
0 0.110378 16 
0 0.116009 16 
0 0.11632 16 
0 0.132079 16 
0 0.139829 16 
0 0.140399 16 
0 0.141316 16 
0 0.146445 16 
0 0.147068 16 
0 0.148611 16 
0 0.166334 16 
0 0.169898 16 
0 0.218214 16 
0 0.218351 16 
0 0.219128 16 
0 0.223996 16 
0 0.260073 16 
0 0.279451 16 
0 0.309032 16 
0 0.309967 16 
0 0.313456 16 
0 0.330025 16 
0 0.370099 16 
0 0.370503 16 
0 0.371796 16 
0 0.383041 16 
0 0.451914 16 
0 0.453414 16 
0 0.453678 16 
0 0.461296 16 
0 0.464333 16 
0 0.505168 16 
0 0.527525 16 
0 0.534196 16 
0 0.592868 16 
0 0.623075 16 
0 0.704764 16 
0 0.745828 16 
0 0.775227 16 
0 0.787318 16 
0 0.787508 16 
0 0.819609 16 
0 0.823256 16 
0 0.823498 16 
0 0.823559 16 
0 0.883457 16 
0 0.987058 16 
0 0.994907 16 
0 0.997764 16 
0 0.997764 16 
0 1.00191 16 
0 1.07154 16 
0 1.07185 16 
0 1.07199 16 
0 1.07205 16 
0 1.12911 16 
0 1.21631 16 
0 1.37214 16 
0 1.47521 16 
0 1.49109 16 
0 1.49337 16 
0 1.49374 16 
0 1.54579 16 
0 1.54586 16 
0 1.546 16 
0 1.54608 16 
0 inf 16 
0 0.0754243 17 
0 0.0773857 17 
0 0.105574 17 
0 0.113221 17 
0 0.140045 17 
0 0.14033 17 
0 0.140686 17 
0 0.146728 17 
0 0.148991 17 
0 0.150392 17 
0 0.150559 17 
0 0.15056 17 
0 0.213804 17 
0 0.21425 17 
0 0.261701 17 
0 0.279806 17 
0 0.302316 17 
0 0.303371 17 
0 0.303897 17 
0 0.304061 17 
0 0.327544 17 
0 0.328397 17 
0 0.329368 17 
0 0.409933 17 
0 0.442019 17 
0 0.452702 17 
0 0.453936 17 
0 0.454529 17 
0 0.463728 17 
0 0.464008 17 
0 0.464481 17 
0 0.465327 17 
0 0.473383 17 
0 0.482975 17 
0 0.483037 17 
0 0.522151 17 
0 0.55019 17 
0 0.551621 17 
0 0.558126 17 
0 0.648888 17 
0 0.684943 17 
0 0.689014 17 
0 0.691141 17 
0 0.817312 17 
0 0.820422 17 
0 0.824986 17 
0 0.825228 17 
0 0.839939 17 
0 0.859297 17 
0 0.863297 17 
0 0.863944 17 
0 0.914118 17 
0 0.918532 17 
0 1.07082 17 
0 1.07095 17 
0 1.07113 17 
0 1.07139 17 
0 1.14117 17 
0 1.1506 17 
0 1.49283 17 
0 1.50556 17 
0 1.50587 17 
0 1.50651 17 
0 1.55588 17 
0 1.55598 17 
0 1.55613 17 
0 1.55627 17 
0 inf 17 
0 0.0909161 18 
0 0.0913531 18 
0 0.0943653 18 
0 0.144363 18 
0 0.144571 18 
0 0.153999 18 
0 0.220848 18 
0 0.251456 18 
0 0.251456 18 
0 0.251931 18 
0 0.256026 18 
0 0.256182 18 
0 0.330004 18 
0 0.330004 18 
0 0.33064 18 
0 0.374573 18 
0 0.375425 18 
0 0.375425 18 
0 0.398468 18 
0 0.411489 18 
0 0.412195 18 
0 0.41234 18 
0 0.412413 18 
0 0.416314 18 
0 0.421509 18 
0 0.421735 18 
0 0.431259 18 
0 0.437849 18 
0 0.447955 18 
0 0.448401 18 
0 0.455932 18 
0 0.459121 18 
0 0.460539 18 
0 0.460539 18 
0 0.460864 18 
0 0.461454 18 
0 0.478307 18 
0 0.545411 18 
0 0.66866 18 
0 0.837445 18 
0 0.841146 18 
0 0.841335 18 
0 0.841526 18 
0 0.898026 18 
0 0.898059 18 
0 0.917723 18 
0 0.97159 18 
0 0.972053 18 
0 0.979044 18 
0 1.01905 18 
0 1.07606 18 
0 1.07665 18 
0 1.07672 18 
0 1.09358 18 
0 1.12553 18 
0 1.51082 18 
0 1.52815 18 
0 1.52817 18 
0 1.52883 18 
0 1.55424 18 
0 1.55522 18 
0 1.55678 18 
0 1.55678 18 
0 inf 18 
0 0.138327 19 
0 0.145915 19 
0 0.158758 19 
0 0.161255 19 
0 0.162063 19 
0 0.169485 19 
0 0.170014 19 
0 0.170717 19 
0 0.185718 19 
0 0.200113 19 
0 0.200113 19 
0 0.200313 19 
0 0.22562 19 
0 0.22668 19 
0 0.228391 19 
0 0.240121 19 
0 0.261158 19 
0 0.332206 19 
0 0.332446 19 
0 0.333046 19 
0 0.377071 19 
0 0.377388 19 
0 0.378023 19 
0 0.380966 19 
0 0.391311 19 
0 0.394664 19 
0 0.407786 19 
0 0.426952 19 
0 0.427209 19 
0 0.444643 19 
0 0.444734 19 
0 0.445272 19 
0 0.462486 19 
0 0.463177 19 
0 0.463521 19 
0 0.480708 19 
0 0.569171 19 
0 0.859354 19 
0 0.860746 19 
0 0.860792 19 
0 0.860966 19 
0 0.893947 19 
0 0.897959 19 
0 0.903597 19 
0 1.0537 19 
0 1.05413 19 
0 1.05424 19 
0 1.05826 19 
0 1.05868 19 
0 1.06004 19 
0 1.16498 19 
0 1.55588 19 
0 1.55595 19 
0 1.55608 19 
0 1.55914 19 
0 1.55922 19 
0 1.56096 19 
0 1.5761 19 
0 3.61979 19 
0 inf 19 
0 0.072338 20 
0 0.0761104 20 
0 0.0821671 20 
0 0.102786 20 
0 0.104711 20 
0 0.124655 20 
0 0.127193 20 
0 0.138686 20 
0 0.138898 20 
0 0.153709 20 
0 0.154486 20 
0 0.156223 20 
0 0.194702 20 
0 0.20933 20 
0 0.211231 20 
0 0.213489 20 
0 0.231232 20 
0 0.273092 20 
0 0.274733 20 
0 0.284728 20 
0 0.331002 20 
0 0.342828 20 
0 0.343293 20 
0 0.357766 20 
0 0.358658 20 
0 0.361017 20 
0 0.371791 20 
0 0.37222 20 
0 0.383036 20 
0 0.432991 20 
0 0.44453 20 
0 0.446124 20 
0 0.44666 20 
0 0.446683 20 
0 0.46421 20 
0 0.465241 20 
0 0.468065 20 
0 0.569371 20 
0 0.707176 20 
0 0.851478 20 
0 0.851853 20 
0 0.915581 20 
0 0.915583 20 
0 1.04311 20 
0 1.04357 20 
0 1.04363 20 
0 1.05392 20 
0 1.06614 20 
0 1.06821 20 
0 1.11174 20 
0 1.54828 20 
0 1.54828 20 
0 1.54841 20 
0 1.55974 20 
0 1.56002 20 
0 inf 20 
