6.03246 8.46034 1 
0.888765 2.21691 1 
0.22565 0.25776 1 
0.17935 0.192416 1 
0.155281 0.169684 1 
0.120964 0.123511 1 
0.119369 0.124708 1 
0.0719969 0.0819984 1 
0.0671006 0.0701221 1 
0.0670997 0.0734238 1 
0.0641663 0.0692716 1 
0.0627666 0.0786824 1 
0.0627659 0.0673206 1 
0.0613369 0.0703357 1 
0.0606057 0.0610928 1 
0.0601143 0.0686271 1 
0.0578574 0.0724081 1 
0.0573404 0.0581094 1 
0.0516305 0.0524884 1 
0.0483737 0.0483739 1 
0.0455394 0.0458644 1 
0.0435396 0.0452082 1 
0.0421587 0.0477609 1 
0.0356898 0.0361018 1 
0.0356847 0.0356892 1 
6.26399 6.33707 2 
6.25651 6.46302 2 
4.99464 6.4867 2 
0.726741 2.96692 2 
0.292025 0.295603 2 
0.260898 0.267517 2 
0.254697 0.268286 2 
0.245878 0.277034 2 
0.239348 0.311987 2 
0.223539 0.228263 2 
0.177447 0.18376 2 
0.0742262 0.0818217 2 
0.0615784 0.0653042 2 
0.0613296 0.0653042 2 
0.0608515 0.0634648 2 
0.0593737 0.0641693 2 
0.0573415 0.0606078 2 
0.0573393 0.0625297 2 
0.0560344 0.0568218 2 
0.0549672 0.0568218 2 
0.0465009 0.0471333 2 
0.0442147 0.0458591 2 
0.0388683 0.0403633 2 
0.0348496 0.036914 2 
0.0339898 0.0356898 2 
0.671927 3.1266 3 
0.256488 0.282171 3 
0.228712 0.231805 3 
0.219464 0.276926 3 
0.218177 0.279321 3 
0.212957 0.240334 3 
0.195778 0.23692 3 
0.0750201 0.0760007 3 
0.0732195 0.0760007 3 
0.0519175 0.0519177 3 
0.0458584 0.0483732 3 
3.05072 3.07734 4 
0.755017 3.07849 4 
0.279956 0.284997 4 
0.243523 0.244312 4 
0.235353 0.254985 4 
0.209734 0.241623 4 
0.206316 0.24696 4 
0.072816 0.0730193 4 
0.0504718 0.0541524 4 
0.0396225 0.0425074 4 
0.037312 0.0377071 4 
2.99148 3.34396 5 
2.98822 3.37495 5 
2.98799 3.37038 5 
2.98785 3.37061 5 
2.64281 2.75422 5 
2.63339 2.75065 5 
2.24644 2.33025 5 
2.19143 2.21396 5 
2.14001 2.15059 5 
0.985105 2.78386 5 
0.212675 0.235163 5 
0.210998 0.234722 5 
0.185523 0.196834 5 
0.15432 0.173734 5 
0.0421581 0.0522034 5 
2.56027 2.79041 6 
2.53724 2.70624 6 
2.53702 2.72301 6 
2.53436 2.73014 6 
1.76015 2.47079 6 
1.75324 2.44066 6 
1.73041 2.10853 6 
1.58414 2.47335 6 
0.24358 0.244061 6 
0.219186 0.219661 6 
0.159883 0.186958 6 
0.143995 0.156228 6 
0.136607 0.140031 6 
0.133092 0.133978 6 
2.3212 2.46797 7 
2.13762 2.2213 7 
1.67275 2.09227 7 
1.38308 2.16645 7 
1.36494 2.16705 7 
0.129026 0.154229 7 
0.0994649 0.103694 7 
0.0786823 0.0843147 7 
2.82614 2.90793 8 
1.54498 1.56379 8 
1.49686 1.86689 8 
1.24317 1.92275 8 
0.991036 1.96383 8 
2.16836 2.22118 9 
2.11737 2.20536 9 
2.05006 2.1134 9 
1.79818 1.86748 9 
1.76484 1.79137 9 
1.35511 1.6652 9 
1.00685 1.73182 9 
0.35112 0.373561 9 
0.11442 0.120105 9 
2.71328 2.73131 10 
1.46062 1.46827 10 
1.10882 1.58633 10 
0.404525 0.40736 10 
0.356847 0.383419 10 
2.60853 2.62683 11 
2.08637 2.0885 11 
1.16611 1.25247 11 
1.1109 1.40486 11 
1.63397 1.6475 12 
1.46464 1.46785 12 
1.37142 1.73692 12 
1.36057 1.69616 12 
1.02983 1.14045 12 
0.65998 0.680994 12 
0.436958 0.459371 12 
0.298598 0.301031 12 
1.71297 1.82787 13 
1.6966 1.82787 13 
1.25075 1.34068 13 
1.2054 1.32065 13 
1.15829 1.27988 13 
0.937471 1.0097 13 
0.928261 0.93399 13 
0.864008 0.997197 13 
0.671574 0.843661 13 
0.497689 0.564004 13 
0.258161 0.275288 13 
2.19365 2.22446 14 
0.847301 0.879903 14 
0.806279 0.894198 14 
0.717873 0.907624 14 
0.712199 0.745163 14 
0.502045 0.535224 14 
2.68326 2.71181 15 
0.865748 0.901993 15 
0.861985 0.989446 15 
0.861982 0.878304 15 
0.819523 0.862696 15 
0.654096 0.659173 15 
0.623013 0.623089 16 
1.63148 1.63401 17 
1.62492 1.63263 17 
1.57302 1.9244 17 
1.57045 1.92475 17 
2.0235 2.07257 18 
2.00291 2.08835 18 
1.90366 1.93162 18 
1.85244 1.9321 18 
1.84724 1.94657 18 
0.663856 0.794198 20 
0.404708 0.439167 20 
0.403938 0.439167 20 
0.255574 0.256804 20 
