0 0.0258311 1 
0 0.0298258 1 
0 0.0298286 1 
0 0.0298314 1 
0 0.0316353 1 
0 0.0349771 1 
0 0.0365272 1 
0 0.038018 1 
0 0.0394504 1 
0 0.0394526 1 
0 0.0394531 1 
0 0.0394534 1 
0 0.0394542 1 
0 0.0408388 1 
0 0.0408391 1 
0 0.0421755 1 
0 0.0447316 1 
0 0.0447316 1 
0 0.0459628 1 
0 0.0471497 1 
0 0.0483198 1 
0 0.0494566 1 
0 0.0505695 1 
0 0.0505698 1 
0 0.0537654 1 
0 0.0547905 1 
0 0.0557959 1 
0 0.0557959 1 
0 0.0586986 1 
0 0.0587087 1 
0 0.0587087 1 
0 0.0587103 1 
0 0.0605721 1 
0 0.0614829 1 
0 0.0614829 1 
0 0.0649947 1 
0 0.0649972 1 
0 0.0675177 1 
0 0.0691398 1 
0 0.0699386 1 
0 0.0722892 1 
0 0.0722895 1 
0 0.0738105 1 
0 0.07456 1 
0 0.0753031 1 
0 0.0796086 1 
0 0.0802994 1 
0 0.0803044 1 
0 0.0816683 1 
0 0.0816683 1 
0 0.083694 1 
0 0.0856633 1 
0 0.0856636 1 
0 0.0894722 1 
0 0.0900845 1 
0 0.0900916 1 
0 0.0907019 1 
0 0.0907087 1 
0 0.0937208 1 
0 0.0949033 1 
0 0.0954862 1 
0 0.096064 1 
0 0.0983573 1 
0 0.100589 1 
0 0.104916 1 
0 0.109075 1 
0 0.120229 1 
0 0.124765 1 
0 0.125208 1 
0 0.126535 1 
0 0.132542 1 
0 0.134209 1 
0 0.141466 1 
0 0.142253 1 
0 0.142255 1 
0 0.143035 1 
0 0.157819 1 
0 0.16061 1 
0 0.161298 1 
0 0.161642 1 
0 0.166724 1 
0 0.172294 1 
0 0.17613 1 
0 0.180484 1 
0 0.182941 1 
0 0.18324 1 
0 0.185357 1 
0 0.185956 1 
0 0.187745 1 
0 0.188627 1 
0 0.188629 1 
0 0.1898 1 
0 0.190096 1 
0 0.190391 1 
0 0.19097 1 
0 0.196982 1 
0 0.202825 1 
0 0.206358 1 
0 0.215842 1 
0 0.222685 1 
0 0.227863 1 
0 0.228349 1 
0 0.247285 1 
0 0.247286 1 
0 0.279574 1 
0 0.283136 1 
0 0.288191 1 
0 0.291092 1 
0 0.310475 1 
0 0.343624 1 
0 0.361909 1 
0 0.377539 1 
0 0.399711 1 
0 0.41406 1 
0 0.425999 1 
0 0.453508 1 
0 0.544543 1 
0 0.570765 1 
0 0.584424 1 
0 0.633192 1 
0 0.773267 1 
0 1.01027 1 
0 1.72811 1 
0 2.10669 1 
0 2.2835 1 
0 3.39056 1 
0 3.51206 1 
0 4.93521 1 
0 4.98864 1 
0 5.05776 1 
0 5.70557 1 
0 inf 1 
0 0.0258311 2 
0 0.0316333 2 
0 0.0316347 2 
0 0.0333367 2 
0 0.0333367 2 
0 0.0333431 2 
0 0.039452 2 
0 0.0394574 2 
0 0.0408362 2 
0 0.0421715 2 
0 0.043475 2 
0 0.0447349 2 
0 0.04832 2 
0 0.0505643 2 
0 0.0505677 2 
0 0.0505735 2 
0 0.0516534 2 
0 0.0516561 2 
0 0.0516593 2 
0 0.0537654 2 
0 0.053766 2 
0 0.0537672 2 
0 0.0577542 2 
0 0.0577545 2 
0 0.0605735 2 
0 0.0623754 2 
0 0.0658463 2 
0 0.0658498 2 
0 0.0683308 2 
0 0.0683362 2 
0 0.0683389 2 
0 0.0691451 2 
0 0.0691451 2 
0 0.0745636 2 
0 0.0836938 2 
0 0.0856569 2 
0 0.0863097 2 
0 0.0882168 2 
0 0.088221 2 
0 0.0882215 2 
0 0.088224 2 
0 0.0900916 2 
0 0.0900959 2 
0 0.0931256 2 
0 0.0943119 2 
0 0.0943119 2 
0 0.0948956 2 
0 0.0960644 2 
0 0.103313 2 
0 0.104385 2 
0 0.107014 2 
0 0.108561 2 
0 0.108568 2 
0 0.111094 2 
0 0.115987 2 
0 0.116938 2 
0 0.118362 2 
0 0.122515 2 
0 0.125652 2 
0 0.125655 2 
0 0.129572 2 
0 0.130855 2 
0 0.135858 2 
0 0.141863 2 
0 0.150978 2 
0 0.151707 2 
0 0.152071 2 
0 0.15208 2 
0 0.153173 2 
0 0.156406 2 
0 0.170032 2 
0 0.171971 2 
0 0.17801 2 
0 0.178638 2 
0 0.182027 2 
0 0.185653 2 
0 0.188033 2 
0 0.188626 2 
0 0.190386 2 
0 0.190678 2 
0 0.194994 2 
0 0.195286 2 
0 0.197551 2 
0 0.204193 2 
0 0.207165 2 
0 0.208236 2 
0 0.220933 2 
0 0.233406 2 
0 0.235068 2 
0 0.239985 2 
0 0.244578 2 
0 0.244801 2 
0 0.247513 2 
0 0.250413 2 
0 0.274565 2 
0 0.302128 2 
0 0.307966 2 
0 0.315805 2 
0 0.320694 2 
0 0.328586 2 
0 0.341029 2 
0 0.361886 2 
0 0.407537 2 
0 0.427044 2 
0 0.430167 2 
0 0.435483 2 
0 0.444408 2 
0 0.446196 2 
0 0.458565 2 
0 0.463507 2 
0 0.473992 2 
0 0.659763 2 
0 0.735307 2 
0 0.769439 2 
0 1.44412 2 
0 1.54952 2 
0 1.81962 2 
0 1.95597 2 
0 3.0849 2 
0 3.46211 2 
0 3.67182 2 
0 3.68928 2 
0 3.73174 2 
0 3.74315 2 
0 4.55214 2 
0 4.75354 2 
0 4.76232 2 
0 inf 2 
0 0.0235771 3 
0 0.0298251 3 
0 0.031632 3 
0 0.0349747 3 
0 0.0365272 3 
0 0.0408385 3 
0 0.0421822 3 
0 0.0447368 3 
0 0.0459648 3 
0 0.0471591 3 
0 0.049457 3 
0 0.0505625 3 
0 0.0516565 3 
0 0.0516575 3 
0 0.0516595 3 
0 0.0557953 3 
0 0.0577427 3 
0 0.0577544 3 
0 0.0577563 3 
0 0.0577592 3 
0 0.0614771 3 
0 0.06148 3 
0 0.0614877 3 
0 0.0623809 3 
0 0.0641375 3 
0 0.0658489 3 
0 0.0666853 3 
0 0.0699432 3 
0 0.0781987 3 
0 0.0816762 3 
0 0.0863124 3 
0 0.0954819 3 
0 0.100034 3 
0 0.100034 3 
0 0.112584 3 
0 0.113077 3 
0 0.11883 3 
0 0.119304 3 
0 0.120226 3 
0 0.122065 3 
0 0.124316 3 
0 0.129573 3 
0 0.130002 3 
0 0.130853 3 
0 0.130854 3 
0 0.135447 3 
0 0.148377 3 
0 0.150235 3 
0 0.15097 3 
0 0.151343 3 
0 0.151344 3 
0 0.152071 3 
0 0.152805 3 
0 0.153164 3 
0 0.156044 3 
0 0.16061 3 
0 0.160611 3 
0 0.161291 3 
0 0.173587 3 
0 0.174543 3 
0 0.176444 3 
0 0.181105 3 
0 0.182331 3 
0 0.184754 3 
0 0.185953 3 
0 0.188035 3 
0 0.195003 3 
0 0.196423 3 
0 0.203922 3 
0 0.205813 3 
0 0.205821 3 
0 0.212992 3 
0 0.214805 3 
0 0.216612 3 
0 0.219671 3 
0 0.228837 3 
0 0.230291 3 
0 0.236961 3 
0 0.242065 3 
0 0.244349 3 
0 0.251305 3 
0 0.254601 3 
0 0.259568 3 
0 0.263398 3 
0 0.276375 3 
0 0.287617 3 
0 0.295432 3 
0 0.295446 3 
0 0.301177 3 
0 0.322054 3 
0 0.332946 3 
0 0.34906 3 
0 0.383416 3 
0 0.386311 3 
0 0.39069 3 
0 0.391397 3 
0 0.394802 3 
0 0.408007 3 
0 0.412831 3 
0 0.413014 3 
0 0.413956 3 
0 0.438055 3 
0 0.464539 3 
0 0.632577 3 
0 0.725565 3 
0 0.758525 3 
0 1.32162 3 
0 1.37304 3 
0 1.42482 3 
0 1.80438 3 
0 1.84532 3 
0 1.92676 3 
0 1.94056 3 
0 1.9409 3 
0 2.6794 3 
0 2.9847 3 
0 2.98814 3 
0 3.66602 3 
0 3.69275 3 
0 3.69299 3 
0 3.83827 3 
0 3.86866 3 
0 3.88711 3 
0 inf 3 
0 0.0258307 4 
0 0.0298251 4 
0 0.033337 4 
0 0.0394512 4 
0 0.042176 4 
0 0.0434803 4 
0 0.0447302 4 
0 0.0447346 4 
0 0.0459611 4 
0 0.0471587 4 
0 0.0483152 4 
0 0.0494604 4 
0 0.0527186 4 
0 0.0527186 4 
0 0.0527218 4 
0 0.0527236 4 
0 0.053768 4 
0 0.0547932 4 
0 0.057759 4 
0 0.0683352 4 
0 0.0683352 4 
0 0.0753005 4 
0 0.0823538 4 
0 0.0907014 4 
0 0.097217 4 
0 0.097217 4 
0 0.102774 4 
0 0.103312 4 
0 0.105971 4 
0 0.109073 4 
0 0.110093 4 
0 0.111595 4 
0 0.113076 4 
0 0.114057 4 
0 0.114545 4 
0 0.115507 4 
0 0.116944 4 
0 0.125653 4 
0 0.126973 4 
0 0.127406 4 
0 0.129143 4 
0 0.131276 4 
0 0.132124 4 
0 0.132961 4 
0 0.132963 4 
0 0.136267 4 
0 0.14108 4 
0 0.146868 4 
0 0.157466 4 
0 0.157813 4 
0 0.161303 4 
0 0.167058 4 
0 0.173901 4 
0 0.174537 4 
0 0.182025 4 
0 0.186253 4 
0 0.188332 4 
0 0.192991 4 
0 0.205007 4 
0 0.20501 4 
0 0.211946 4 
0 0.216353 4 
0 0.220175 4 
0 0.222435 4 
0 0.225918 4 
0 0.226154 4 
0 0.229807 4 
0 0.231493 4 
0 0.231493 4 
0 0.233664 4 
0 0.239063 4 
0 0.257859 4 
0 0.264836 4 
0 0.268009 4 
0 0.268209 4 
0 0.284864 4 
0 0.285095 4 
0 0.304509 4 
0 0.30721 4 
0 0.314753 4 
0 0.316339 4 
0 0.325655 4 
0 0.327698 4 
0 0.331273 4 
0 0.334604 4 
0 0.366215 4 
0 0.369776 4 
0 0.375155 4 
0 0.384147 4 
0 0.430753 4 
0 0.431912 4 
0 0.435502 4 
0 0.436194 4 
0 0.437213 4 
0 0.448636 4 
0 0.667388 4 
0 0.731664 4 
0 0.75618 4 
0 1.17104 4 
0 1.24866 4 
0 1.32636 4 
0 1.37848 4 
0 1.37848 4 
0 1.37945 4 
0 1.42513 4 
0 1.87045 4 
0 1.91138 4 
0 2.06513 4 
0 2.29157 4 
0 2.33671 4 
0 2.33813 4 
0 2.33927 4 
0 2.35361 4 
0 3.11938 4 
0 3.33962 4 
0 3.3492 4 
0 3.4887 4 
0 3.48876 4 
0 3.489 4 
0 inf 4 
0 0.033344 5 
0 0.033345 5 
0 0.0394451 5 
0 0.0408357 5 
0 0.0494511 5 
0 0.049457 5 
0 0.0494581 5 
0 0.04946 5 
0 0.0494604 5 
0 0.0505727 5 
0 0.0516569 5 
0 0.0527268 5 
0 0.0537599 5 
0 0.0537605 5 
0 0.0537654 5 
0 0.0537709 5 
0 0.0577479 5 
0 0.0577508 5 
0 0.0632633 5 
0 0.067523 5 
0 0.0753008 5 
0 0.0760317 5 
0 0.0836967 5 
0 0.0931257 5 
0 0.0937207 5 
0 0.0937212 5 
0 0.0937212 5 
0 0.0989072 5 
0 0.100034 5 
0 0.102774 5 
0 0.103853 5 
0 0.108051 5 
0 0.108564 5 
0 0.109072 5 
0 0.11059 5 
0 0.111092 5 
0 0.111592 5 
0 0.112088 5 
0 0.112584 5 
0 0.112585 5 
0 0.113077 5 
0 0.114544 5 
0 0.118366 5 
0 0.123871 5 
0 0.132537 5 
0 0.134214 5 
0 0.135032 5 
0 0.137485 5 
0 0.137886 5 
0 0.141077 5 
0 0.141493 5 
0 0.145347 5 
0 0.154614 5 
0 0.1564 5 
0 0.16572 5 
0 0.228355 5 
0 0.245714 5 
0 0.246128 5 
0 0.249754 5 
0 0.253501 5 
0 0.260866 5 
0 0.261284 5 
0 0.266341 5 
0 0.273098 5 
0 0.275774 5 
0 0.281176 5 
0 0.285881 5 
0 0.291036 5 
0 0.292976 5 
0 0.297647 5 
0 0.301025 5 
0 0.301358 5 
0 0.314576 5 
0 0.329762 5 
0 0.331953 5 
0 0.333782 5 
0 0.335774 5 
0 0.349753 5 
0 0.361105 5 
0 0.378693 5 
0 0.379281 5 
0 0.380452 5 
0 0.381035 5 
0 0.397793 5 
0 0.420618 5 
0 0.420618 5 
0 0.421542 5 
0 0.634334 5 
0 0.765456 5 
0 0.775848 5 
0 1.13698 5 
0 1.26634 5 
0 1.27036 5 
0 1.27067 5 
0 1.27106 5 
0 1.27316 5 
0 1.41463 5 
0 1.42431 5 
0 1.43446 5 
0 1.43597 5 
0 1.4383 5 
0 1.53539 5 
0 1.67317 5 
0 1.80222 5 
0 1.83114 5 
0 1.83129 5 
0 1.83554 5 
0 1.87828 5 
0 2.02484 5 
0 2.26954 5 
0 2.29924 5 
0 2.30243 5 
0 2.31118 5 
0 2.40457 5 
0 2.48913 5 
0 inf 5 
0 0.0235784 6 
0 0.0235798 6 
0 0.0316337 6 
0 0.0333475 6 
0 0.0349693 6 
0 0.0421792 6 
0 0.0459644 6 
0 0.0505718 6 
0 0.0547865 6 
0 0.054794 6 
0 0.0587094 6 
0 0.0649973 6 
0 0.0658559 6 
0 0.070734 6 
0 0.071508 6 
0 0.0738073 6 
0 0.07456 6 
0 0.07456 6 
0 0.077482 6 
0 0.0856622 6 
0 0.0882222 6 
0 0.0954836 6 
0 0.0994768 6 
0 0.107538 6 
0 0.108557 6 
0 0.11793 6 
0 0.122517 6 
0 0.129142 6 
0 0.129574 6 
0 0.130853 6 
0 0.130857 6 
0 0.134208 6 
0 0.136265 6 
0 0.137483 6 
0 0.137889 6 
0 0.142646 6 
0 0.143033 6 
0 0.14573 6 
0 0.150985 6 
0 0.152077 6 
0 0.154974 6 
0 0.157102 6 
0 0.161643 6 
0 0.163015 6 
0 0.165717 6 
0 0.166395 6 
0 0.167056 6 
0 0.170032 6 
0 0.170359 6 
0 0.178014 6 
0 0.182023 6 
0 0.188332 6 
0 0.189507 6 
0 0.195853 6 
0 0.206315 6 
0 0.216353 6 
0 0.222936 6 
0 0.226887 6 
0 0.241624 6 
0 0.241624 6 
0 0.242065 6 
0 0.245276 6 
0 0.253947 6 
0 0.287036 6 
0 0.28839 6 
0 0.300992 6 
0 0.301177 6 
0 0.30173 6 
0 0.353388 6 
0 0.356024 6 
0 0.357426 6 
0 0.378102 6 
0 0.39159 6 
0 0.403341 6 
0 0.404305 6 
0 0.422541 6 
0 0.426729 6 
0 0.429844 6 
0 0.479718 6 
0 0.724952 6 
0 0.740754 6 
0 0.786789 6 
0 0.988474 6 
0 1.12548 6 
0 1.13521 6 
0 1.13654 6 
0 1.13888 6 
0 1.15208 6 
0 1.22597 6 
0 1.28166 6 
0 1.28183 6 
0 1.28183 6 
0 1.28201 6 
0 1.29863 6 
0 1.38337 6 
0 1.41978 6 
0 1.42048 6 
0 1.42174 6 
0 1.43321 6 
0 1.55998 6 
0 1.55998 6 
0 1.56034 6 
0 1.57517 6 
0 1.57736 6 
0 1.57908 6 
0 1.58968 6 
0 1.6278 6 
0 1.63638 6 
0 1.63842 6 
0 1.66588 6 
0 1.85598 6 
0 inf 6 
0 0.0421775 7 
0 0.0483187 7 
0 0.0494511 7 
0 0.0587079 7 
0 0.06057 7 
0 0.0623803 7 
0 0.0623829 7 
0 0.0641412 7 
0 0.0641414 7 
0 0.0675142 7 
0 0.0683312 7 
0 0.0683336 7 
0 0.0699395 7 
0 0.0760402 7 
0 0.0767655 7 
0 0.078206 7 
0 0.0803498 7 
0 0.086951 7 
0 0.088264 7 
0 0.0913576 7 
0 0.114544 7 
0 0.117894 7 
0 0.121146 7 
0 0.125652 7 
0 0.125653 7 
0 0.127412 7 
0 0.128278 7 
0 0.129573 7 
0 0.130446 7 
0 0.138288 7 
0 0.139088 7 
0 0.15207 7 
0 0.156754 7 
0 0.164376 7 
0 0.171656 7 
0 0.172299 7 
0 0.182023 7 
0 0.182942 7 
0 0.184755 7 
0 0.185656 7 
0 0.185656 7 
0 0.188049 7 
0 0.192721 7 
0 0.195002 7 
0 0.195286 7 
0 0.19839 7 
0 0.202003 7 
0 0.204467 7 
0 0.205776 7 
0 0.206359 7 
0 0.206626 7 
0 0.217122 7 
0 0.236254 7 
0 0.242747 7 
0 0.24344 7 
0 0.255703 7 
0 0.292756 7 
0 0.292946 7 
0 0.298055 7 
0 0.30524 7 
0 0.321388 7 
0 0.321561 7 
0 0.358945 7 
0 0.360652 7 
0 0.370439 7 
0 0.396472 7 
0 0.397032 7 
0 0.399126 7 
0 0.429638 7 
0 0.430543 7 
0 0.431059 7 
0 0.650946 7 
0 0.746562 7 
0 0.750864 7 
0 0.857154 7 
0 0.940939 7 
0 0.962658 7 
0 0.972138 7 
0 0.995249 7 
0 1.00493 7 
0 1.0117 7 
0 1.0248 7 
0 1.0248 7 
0 1.03048 7 
0 1.03811 7 
0 1.05838 7 
0 1.12662 7 
0 1.13036 7 
0 1.1486 7 
0 1.14865 7 
0 1.15049 7 
0 1.15179 7 
0 1.16084 7 
0 1.16393 7 
0 1.22493 7 
0 1.23608 7 
0 1.23725 7 
0 1.23779 7 
0 1.28663 7 
0 1.43632 7 
0 1.49881 7 
0 1.58716 7 
0 1.59816 7 
0 1.60524 7 
0 1.61491 7 
0 1.63094 7 
0 1.71905 7 
0 inf 7 
0 0.0258282 8 
0 0.0408303 8 
0 0.0557959 8 
0 0.0557961 8 
0 0.0577517 8 
0 0.0632658 8 
0 0.0658377 8 
0 0.073814 8 
0 0.0753259 8 
0 0.0907019 8 
0 0.0937186 8 
0 0.0960799 8 
0 0.097782 8 
0 0.0977989 8 
0 0.103315 8 
0 0.104381 8 
0 0.118829 8 
0 0.121602 8 
0 0.122973 8 
0 0.124761 8 
0 0.129577 8 
0 0.134621 8 
0 0.142649 8 
0 0.143805 8 
0 0.148375 8 
0 0.149863 8 
0 0.150974 8 
0 0.156072 8 
0 0.159216 8 
0 0.159217 8 
0 0.159219 8 
0 0.159245 8 
0 0.161988 8 
0 0.164043 8 
0 0.165383 8 
0 0.16772 8 
0 0.176127 8 
0 0.177386 8 
0 0.183238 8 
0 0.183849 8 
0 0.193869 8 
0 0.198121 8 
0 0.21584 8 
0 0.224917 8 
0 0.231015 8 
0 0.232214 8 
0 0.232215 8 
0 0.237622 8 
0 0.237661 8 
0 0.240221 8 
0 0.241335 8 
0 0.242977 8 
0 0.243439 8 
0 0.280163 8 
0 0.280956 8 
0 0.348319 8 
0 0.349236 8 
0 0.371277 8 
0 0.40705 8 
0 0.408277 8 
0 0.429714 8 
0 0.430231 8 
0 0.493427 8 
0 0.558953 8 
0 0.646139 8 
0 0.649404 8 
0 0.683438 8 
0 0.703085 8 
0 0.7195 8 
0 0.744126 8 
0 0.746934 8 
0 0.76646 8 
0 0.824005 8 
0 0.833261 8 
0 0.837311 8 
0 0.84741 8 
0 0.857917 8 
0 0.857917 8 
0 0.866369 8 
0 0.876003 8 
0 0.891417 8 
0 0.942003 8 
0 0.951258 8 
0 0.978637 8 
0 1.02445 8 
0 1.0333 8 
0 1.108 8 
0 1.12058 8 
0 1.12394 8 
0 1.13099 8 
0 1.13276 8 
0 1.13342 8 
0 1.2267 8 
0 1.22692 8 
0 1.23977 8 
0 1.24133 8 
0 1.24977 8 
0 1.26827 8 
0 1.56608 8 
0 1.56668 8 
0 1.56838 8 
0 1.59478 8 
0 1.60936 8 
0 inf 8 
0 0.061484 9 
0 0.0658517 9 
0 0.0683332 9 
0 0.0691477 9 
0 0.0715145 9 
0 0.0830506 9 
0 0.0900901 9 
0 0.0937166 9 
0 0.0937225 9 
0 0.0977875 9 
0 0.0983471 9 
0 0.0983492 9 
0 0.123873 9 
0 0.127429 9 
0 0.130855 9 
0 0.131296 9 
0 0.131711 9 
0 0.132971 9 
0 0.135447 9 
0 0.13748 9 
0 0.143025 9 
0 0.143831 9 
0 0.144197 9 
0 0.147249 9 
0 0.148395 9 
0 0.154251 9 
0 0.160948 9 
0 0.177386 9 
0 0.177386 9 
0 0.181718 9 
0 0.18505 9 
0 0.188032 9 
0 0.209038 9 
0 0.216084 9 
0 0.217382 9 
0 0.220162 9 
0 0.222935 9 
0 0.225907 9 
0 0.231734 9 
0 0.233175 9 
0 0.235784 9 
0 0.243173 9 
0 0.243858 9 
0 0.247295 9 
0 0.268419 9 
0 0.290903 9 
0 0.291647 9 
0 0.314212 9 
0 0.315624 9 
0 0.325685 9 
0 0.336601 9 
0 0.359719 9 
0 0.363317 9 
0 0.363317 9 
0 0.383391 9 
0 0.41698 9 
0 0.41977 9 
0 0.580142 9 
0 0.61583 9 
0 0.658241 9 
0 0.674757 9 
0 0.702373 9 
0 0.735081 9 
0 0.74925 9 
0 0.752798 9 
0 0.758682 9 
0 0.773982 9 
0 0.780989 9 
0 0.787441 9 
0 0.787717 9 
0 0.792992 9 
0 0.793343 9 
0 0.800598 9 
0 0.807664 9 
0 0.81757 9 
0 0.844016 9 
0 0.897333 9 
0 0.916508 9 
0 0.916811 9 
0 0.962082 9 
0 1.05134 9 
0 1.05261 9 
0 1.11341 9 
0 1.11555 9 
0 1.11555 9 
0 1.117 9 
0 1.11715 9 
0 1.20295 9 
0 1.20332 9 
0 1.22819 9 
0 1.23487 9 
0 1.2351 9 
0 1.27562 9 
0 1.27637 9 
0 1.57228 9 
0 1.57284 9 
0 1.58499 9 
0 1.59618 9 
0 1.59896 9 
0 inf 9 
0 0.0483126 10 
0 0.0843559 10 
0 0.0882205 10 
0 0.0913601 10 
0 0.0925221 10 
0 0.0925233 10 
0 0.100589 10 
0 0.105437 10 
0 0.114541 10 
0 0.120223 10 
0 0.121607 10 
0 0.12207 10 
0 0.124354 10 
0 0.133379 10 
0 0.133805 10 
0 0.135869 10 
0 0.137497 10 
0 0.142653 10 
0 0.154972 10 
0 0.159566 10 
0 0.162692 10 
0 0.164373 10 
0 0.173582 10 
0 0.175814 10 
0 0.178627 10 
0 0.179257 10 
0 0.18685 10 
0 0.193856 10 
0 0.194147 10 
0 0.203641 10 
0 0.205813 10 
0 0.213774 10 
0 0.229526 10 
0 0.229564 10 
0 0.243665 10 
0 0.243913 10 
0 0.251524 10 
0 0.260638 10 
0 0.26255 10 
0 0.276985 10 
0 0.300669 10 
0 0.308861 10 
0 0.310298 10 
0 0.333952 10 
0 0.346363 10 
0 0.362335 10 
0 0.370077 10 
0 0.371875 10 
0 0.376543 10 
0 0.387569 10 
0 0.409478 10 
0 0.469911 10 
0 0.497494 10 
0 0.596486 10 
0 0.633632 10 
0 0.634421 10 
0 0.637917 10 
0 0.638005 10 
0 0.642084 10 
0 0.68135 10 
0 0.698115 10 
0 0.728466 10 
0 0.729686 10 
0 0.752491 10 
0 0.752638 10 
0 0.75286 10 
0 0.756701 10 
0 0.761316 10 
0 0.810885 10 
0 0.819355 10 
0 0.821252 10 
0 0.836199 10 
0 0.995367 10 
0 1.0016 10 
0 1.13106 10 
0 1.13497 10 
0 1.14516 10 
0 1.14589 10 
0 1.16469 10 
0 1.16527 10 
0 1.17052 10 
0 1.23004 10 
0 1.23541 10 
0 1.2487 10 
0 1.25066 10 
0 1.25066 10 
0 1.41742 10 
0 1.41997 10 
0 1.48099 10 
0 1.48829 10 
0 1.61828 10 
0 1.61845 10 
0 1.63672 10 
0 1.68425 10 
0 1.68442 10 
0 inf 10 
0 0.079635 11 
0 0.0803016 11 
0 0.0823799 11 
0 0.0856611 11 
0 0.0888395 11 
0 0.0888397 11 
0 0.0913197 11 
0 0.118357 11 
0 0.128709 11 
0 0.131291 11 
0 0.143808 11 
0 0.149463 11 
0 0.150944 11 
0 0.159566 11 
0 0.159927 11 
0 0.182319 11 
0 0.183545 11 
0 0.185643 11 
0 0.186845 11 
0 0.192426 11 
0 0.196991 11 
0 0.202552 11 
0 0.229564 11 
0 0.230298 11 
0 0.231736 11 
0 0.246387 11 
0 0.248409 11 
0 0.250638 11 
0 0.261069 11 
0 0.261071 11 
0 0.265085 11 
0 0.268003 11 
0 0.274763 11 
0 0.276978 11 
0 0.277375 11 
0 0.284696 11 
0 0.307962 11 
0 0.332416 11 
0 0.333251 11 
0 0.333918 11 
0 0.334113 11 
0 0.357735 11 
0 0.387543 11 
0 0.388688 11 
0 0.412341 11 
0 0.445494 11 
0 0.451076 11 
0 0.560465 11 
0 0.564911 11 
0 0.56646 11 
0 0.59097 11 
0 0.603065 11 
0 0.60371 11 
0 0.623114 11 
0 0.626838 11 
0 0.628263 11 
0 0.63047 11 
0 0.630734 11 
0 0.730679 11 
0 0.736514 11 
0 0.743949 11 
0 0.745524 11 
0 0.746579 11 
0 0.747301 11 
0 0.748491 11 
0 0.758821 11 
0 0.761746 11 
0 0.838176 11 
0 0.855715 11 
0 0.859928 11 
0 1.0894 11 
0 1.12687 11 
0 1.13263 11 
0 1.13443 11 
0 1.13443 11 
0 1.13927 11 
0 1.14064 11 
0 1.14103 11 
0 1.15439 11 
0 1.17374 11 
0 1.17728 11 
0 1.23865 11 
0 1.24084 11 
0 1.25319 11 
0 1.2535 11 
0 1.26393 11 
0 1.56544 11 
0 1.56643 11 
0 1.61208 11 
0 1.61669 11 
0 1.61789 11 
0 inf 11 
0 0.0538426 12 
0 0.0931147 12 
0 0.102219 12 
0 0.121615 12 
0 0.124772 12 
0 0.132957 12 
0 0.139088 12 
0 0.139098 12 
0 0.141072 12 
0 0.142641 12 
0 0.153182 12 
0 0.15497 12 
0 0.162677 12 
0 0.163704 12 
0 0.182318 12 
0 0.184441 12 
0 0.199512 12 
0 0.206335 12 
0 0.224917 12 
0 0.237663 12 
0 0.240452 12 
0 0.246385 12 
0 0.249974 12 
0 0.251977 12 
0 0.256344 12 
0 0.256557 12 
0 0.270064 12 
0 0.272119 12 
0 0.277984 12 
0 0.31173 12 
0 0.315275 12 
0 0.329754 12 
0 0.33527 12 
0 0.335608 12 
0 0.338409 12 
0 0.339229 12 
0 0.342492 12 
0 0.369958 12 
0 0.387427 12 
0 0.387428 12 
0 0.397625 12 
0 0.403728 12 
0 0.404142 12 
0 0.420587 12 
0 0.438043 12 
0 0.438043 12 
0 0.450431 12 
0 0.597597 12 
0 0.616197 12 
0 0.700712 12 
0 0.701425 12 
0 0.720505 12 
0 0.721828 12 
0 0.722416 12 
0 0.723109 12 
0 0.728039 12 
0 0.748596 12 
0 0.750185 12 
0 0.752495 12 
0 0.755281 12 
0 0.75587 12 
0 0.759555 12 
0 0.773536 12 
0 0.785387 12 
0 0.785599 12 
0 0.792983 12 
0 0.807502 12 
0 0.87053 12 
0 0.871552 12 
0 0.993204 12 
0 0.999731 12 
0 1.02391 12 
0 1.12117 12 
0 1.12236 12 
0 1.13065 12 
0 1.1309 12 
0 1.13751 12 
0 1.22415 12 
0 1.22561 12 
0 1.22579 12 
0 1.22792 12 
0 1.22846 12 
0 1.56625 12 
0 1.56838 12 
0 1.59496 12 
0 1.59548 12 
0 1.59715 12 
0 inf 12 
0 0.0568524 13 
0 0.0894689 13 
0 0.0931671 13 
0 0.104409 13 
0 0.11061 13 
0 0.137474 13 
0 0.147973 13 
0 0.14912 13 
0 0.158521 13 
0 0.165051 13 
0 0.167057 13 
0 0.175185 13 
0 0.186517 13 
0 0.191549 13 
0 0.2093 13 
0 0.209557 13 
0 0.220174 13 
0 0.232451 13 
0 0.233648 13 
0 0.235307 13 
0 0.240454 13 
0 0.242062 13 
0 0.243213 13 
0 0.251973 13 
0 0.253064 13 
0 0.25807 13 
0 0.262331 13 
0 0.284898 13 
0 0.299918 13 
0 0.30615 13 
0 0.320348 13 
0 0.325004 13 
0 0.32756 13 
0 0.352549 13 
0 0.368605 13 
0 0.369654 13 
0 0.382371 13 
0 0.401796 13 
0 0.410282 13 
0 0.421515 13 
0 0.441232 13 
0 0.443115 13 
0 0.447112 13 
0 0.457683 13 
0 0.473209 13 
0 0.574644 13 
0 0.625861 13 
0 0.627015 13 
0 0.663543 13 
0 0.663543 13 
0 0.663794 13 
0 0.69273 13 
0 0.715639 13 
0 0.731512 13 
0 0.738999 13 
0 0.743051 13 
0 0.745814 13 
0 0.746037 13 
0 0.781795 13 
0 0.809945 13 
0 0.819595 13 
0 0.821289 13 
0 0.822304 13 
0 0.843214 13 
0 0.907669 13 
0 0.910665 13 
0 0.916203 13 
0 1.10981 13 
0 1.11101 13 
0 1.11256 13 
0 1.11276 13 
0 1.11461 13 
0 1.24039 13 
0 1.2429 13 
0 1.2433 13 
0 1.24468 13 
0 1.25536 13 
0 1.42918 13 
0 1.56142 13 
0 1.56199 13 
0 1.56983 13 
0 1.57577 13 
0 1.57602 13 
0 inf 13 
0 0.0527136 14 
0 0.0803495 14 
0 0.0966322 14 
0 0.125224 14 
0 0.135864 14 
0 0.155341 14 
0 0.168061 14 
0 0.177059 14 
0 0.189203 14 
0 0.194111 14 
0 0.198664 14 
0 0.201447 14 
0 0.21036 14 
0 0.222439 14 
0 0.236721 14 
0 0.237661 14 
0 0.246613 14 
0 0.248632 14 
0 0.248632 14 
0 0.249302 14 
0 0.250193 14 
0 0.251957 14 
0 0.252405 14 
0 0.252625 14 
0 0.25372 14 
0 0.257203 14 
0 0.266966 14 
0 0.274767 14 
0 0.292979 14 
0 0.295997 14 
0 0.313333 14 
0 0.314749 14 
0 0.314749 14 
0 0.323116 14 
0 0.331267 14 
0 0.350352 14 
0 0.351622 14 
0 0.354607 14 
0 0.356953 14 
0 0.432712 14 
0 0.43335 14 
0 0.43399 14 
0 0.445493 14 
0 0.468843 14 
0 0.531321 14 
0 0.544039 14 
0 0.62524 14 
0 0.646572 14 
0 0.650686 14 
0 0.688301 14 
0 0.69936 14 
0 0.699835 14 
0 0.727021 14 
0 0.729769 14 
0 0.735914 14 
0 0.742374 14 
0 0.74596 14 
0 0.761304 14 
0 0.761304 14 
0 0.764584 14 
0 0.866432 14 
0 1.12557 14 
0 1.1271 14 
0 1.14282 14 
0 1.14399 14 
0 1.2247 14 
0 1.27267 14 
0 1.27491 14 
0 1.27526 14 
0 1.27539 14 
0 1.28454 14 
0 1.29282 14 
0 1.31234 14 
0 1.34286 14 
0 1.37255 14 
0 1.58681 14 
0 1.65499 14 
0 1.67874 14 
0 1.67927 14 
0 inf 14 
0 0.0830222 15 
0 0.0937226 15 
0 0.0978018 15 
0 0.100588 15 
0 0.122069 15 
0 0.124325 15 
0 0.126974 15 
0 0.148778 15 
0 0.167722 15 
0 0.192406 15 
0 0.195852 15 
0 0.196702 15 
0 0.196702 15 
0 0.200343 15 
0 0.211635 15 
0 0.213498 15 
0 0.213758 15 
0 0.218136 15 
0 0.246617 15 
0 0.264666 15 
0 0.270067 15 
0 0.271101 15 
0 0.271715 15 
0 0.280179 15 
0 0.306697 15 
0 0.307781 15 
0 0.314039 15 
0 0.319655 15 
0 0.334275 15 
0 0.341678 15 
0 0.349559 15 
0 0.370407 15 
0 0.370558 15 
0 0.384841 15 
0 0.388143 15 
0 0.389721 15 
0 0.404004 15 
0 0.423224 15 
0 0.424798 15 
0 0.42624 15 
0 0.427802 15 
0 0.476476 15 
0 0.541166 15 
0 0.582337 15 
0 0.62542 15 
0 0.626128 15 
0 0.629052 15 
0 0.640611 15 
0 0.641218 15 
0 0.721267 15 
0 0.728629 15 
0 0.742975 15 
0 0.748565 15 
0 0.748788 15 
0 0.75079 15 
0 0.771254 15 
0 0.872953 15 
0 1.12082 15 
0 1.16603 15 
0 1.16675 15 
0 1.17671 15 
0 1.23289 15 
0 1.23537 15 
0 1.23752 15 
0 1.23824 15 
0 1.3012 15 
0 1.31654 15 
0 1.31738 15 
0 1.34663 15 
0 1.36642 15 
0 1.36886 15 
0 1.56714 15 
0 1.66663 15 
0 1.6698 15 
0 1.671 15 
0 inf 15 
0 0.0658433 16 
0 0.069173 16 
0 0.0691737 16 
0 0.0781878 16 
0 0.0781924 16 
0 0.0843483 16 
0 0.117924 16 
0 0.133394 16 
0 0.138693 16 
0 0.14068 16 
0 0.155682 16 
0 0.157079 16 
0 0.182942 16 
0 0.19642 16 
0 0.233412 16 
0 0.235777 16 
0 0.256989 16 
0 0.259573 16 
0 0.260854 16 
0 0.274149 16 
0 0.280761 16 
0 0.285678 16 
0 0.3023 16 
0 0.305046 16 
0 0.311725 16 
0 0.318081 16 
0 0.33444 16 
0 0.34037 16 
0 0.342324 16 
0 0.342324 16 
0 0.361568 16 
0 0.365569 16 
0 0.366329 16 
0 0.373553 16 
0 0.374582 16 
0 0.465271 16 
0 0.58652 16 
0 0.597509 16 
0 0.615831 16 
0 0.657316 16 
0 0.665385 16 
0 0.665719 16 
0 0.667721 16 
0 0.670049 16 
0 0.678544 16 
0 0.731437 16 
0 0.738923 16 
0 0.739299 16 
0 0.740501 16 
0 0.782494 16 
0 0.797696 16 
0 0.799849 16 
0 0.80794 16 
0 0.817521 16 
0 0.817589 16 
0 0.851023 16 
0 0.975905 16 
0 0.979032 16 
0 0.979032 16 
0 1.11491 16 
0 1.11595 16 
0 1.12033 16 
0 1.1274 16 
0 1.22542 16 
0 1.24169 16 
0 1.25155 16 
0 1.25275 16 
0 1.56778 16 
0 1.58018 16 
0 1.58092 16 
0 1.5826 16 
0 inf 16 
0 0.0597158 17 
0 0.0983457 17 
0 0.103301 17 
0 0.109574 17 
0 0.110124 17 
0 0.121619 17 
0 0.131245 17 
0 0.14222 17 
0 0.145313 17 
0 0.162683 17 
0 0.162683 17 
0 0.219881 17 
0 0.234134 17 
0 0.246622 17 
0 0.265918 17 
0 0.271505 17 
0 0.271509 17 
0 0.273135 17 
0 0.287808 17 
0 0.29069 17 
0 0.315092 17 
0 0.318253 17 
0 0.318776 17 
0 0.318776 17 
0 0.327724 17 
0 0.352287 17 
0 0.353547 17 
0 0.353547 17 
0 0.353704 17 
0 0.398181 17 
0 0.432552 17 
0 0.453652 17 
0 0.519892 17 
0 0.524134 17 
0 0.526674 17 
0 0.538262 17 
0 0.610482 17 
0 0.661865 17 
0 0.662453 17 
0 0.667886 17 
0 0.670875 17 
0 0.683197 17 
0 0.697372 17 
0 0.698328 17 
0 0.712124 17 
0 0.754339 17 
0 0.755233 17 
0 0.767124 17 
0 0.772901 17 
0 0.781912 17 
0 0.782977 17 
0 0.909262 17 
0 0.918023 17 
0 0.935836 17 
0 0.935836 17 
0 1.11276 17 
0 1.11436 17 
0 1.11456 17 
0 1.11536 17 
0 1.23649 17 
0 1.23851 17 
0 1.24567 17 
0 1.24995 17 
0 1.57058 17 
0 1.57058 17 
0 1.5873 17 
0 1.58744 17 
0 inf 17 
0 0.0483086 18 
0 0.0483086 18 
0 0.083718 18 
0 0.0875825 18 
0 0.093147 18 
0 0.0983717 18 
0 0.102811 18 
0 0.201727 18 
0 0.202233 18 
0 0.20766 18 
0 0.232694 18 
0 0.234832 18 
0 0.239297 18 
0 0.241847 18 
0 0.248599 18 
0 0.255478 18 
0 0.263832 18 
0 0.266344 18 
0 0.282549 18 
0 0.288969 18 
0 0.308327 18 
0 0.311198 18 
0 0.320174 18 
0 0.321041 18 
0 0.347325 18 
0 0.347807 18 
0 0.347807 18 
0 0.352104 18 
0 0.352882 18 
0 0.363561 18 
0 0.38846 18 
0 0.390744 18 
0 0.400799 18 
0 0.400826 18 
0 0.40246 18 
0 0.402487 18 
0 0.652814 18 
0 0.658327 18 
0 0.659087 18 
0 0.677635 18 
0 0.724799 18 
0 0.72503 18 
0 0.786799 18 
0 0.789552 18 
0 0.804615 18 
0 0.80496 18 
0 0.815615 18 
0 0.892924 18 
0 0.934005 18 
0 0.960405 18 
0 0.960693 18 
0 0.960694 18 
0 1.12013 18 
0 1.12072 18 
0 1.12231 18 
0 1.22719 18 
0 1.22742 18 
0 1.22796 18 
0 1.23271 18 
0 1.44342 18 
0 1.58748 18 
0 1.58748 18 
0 1.58835 18 
0 inf 18 
0 0.122066 19 
0 0.13379 19 
0 0.142672 19 
0 0.190382 19 
0 0.190674 19 
0 0.195287 19 
0 0.199811 19 
0 0.203923 19 
0 0.204194 19 
0 0.205274 19 
0 0.20665 19 
0 0.208239 19 
0 0.211371 19 
0 0.220932 19 
0 0.222947 19 
0 0.229771 19 
0 0.231698 19 
0 0.247735 19 
0 0.248406 19 
0 0.248406 19 
0 0.253507 19 
0 0.279574 19 
0 0.282154 19 
0 0.296379 19 
0 0.302133 19 
0 0.315452 19 
0 0.328578 19 
0 0.332614 19 
0 0.334611 19 
0 0.360399 19 
0 0.360799 19 
0 0.360799 19 
0 0.366152 19 
0 0.367275 19 
0 0.530804 19 
0 0.683192 19 
0 0.693129 19 
0 0.718404 19 
0 0.719563 19 
0 0.727335 19 
0 0.732286 19 
0 0.747076 19 
0 0.750639 19 
0 0.750861 19 
0 1.05681 19 
0 1.05918 19 
0 1.11082 19 
0 1.11865 19 
0 1.11865 19 
0 1.12163 19 
0 1.13321 19 
0 1.13864 19 
0 1.14005 19 
0 1.24232 19 
0 1.24375 19 
0 1.24375 19 
0 1.59871 19 
0 1.59899 19 
0 1.62602 19 
0 inf 19 
0 0.0483182 20 
0 0.0675124 20 
0 0.0767637 20 
0 0.110091 20 
0 0.117895 20 
0 0.123869 20 
0 0.144578 20 
0 0.145726 20 
0 0.14687 20 
0 0.147619 20 
0 0.150602 20 
0 0.159219 20 
0 0.182031 20 
0 0.189508 20 
0 0.20739 20 
0 0.239288 20 
0 0.243684 20 
0 0.25394 20 
0 0.259356 20 
0 0.266515 20 
0 0.269656 20 
0 0.275973 20 
0 0.282119 20 
0 0.292804 20 
0 0.320872 20 
0 0.321564 20 
0 0.329953 20 
0 0.334949 20 
0 0.362336 20 
0 0.37831 20 
0 0.381821 20 
0 0.394791 20 
0 0.395495 20 
0 0.414463 20 
0 0.637219 20 
0 0.641394 20 
0 0.752275 20 
0 0.753451 20 
0 0.754115 20 
0 0.771537 20 
0 1.0778 20 
0 1.11136 20 
0 1.12712 20 
0 1.12889 20 
0 1.13512 20 
0 1.13747 20 
0 1.15547 20 
0 1.15585 20 
0 1.2483 20 
0 1.25137 20 
0 1.25399 20 
0 1.60132 20 
0 1.63672 20 
0 1.63808 20 
0 2.16714 20 
0 inf 20 
