0 0.012861 1 
0 0.0134896 1 
0 0.0172581 1 
0 0.0177292 1 
0 0.0181949 1 
0 0.0190857 1 
0 0.0195149 1 
0 0.0199286 1 
0 0.0199327 1 
0 0.020342 1 
0 0.0226608 1 
0 0.0257283 1 
0 0.027292 1 
0 0.0272934 1 
0 0.0272934 1 
0 0.0278894 1 
0 0.0281834 1 
0 0.0284771 1 
0 0.0287665 1 
0 0.0290572 1 
0 0.0290586 1 
0 0.029896 1 
0 0.0307133 1 
0 0.0307159 1 
0 0.0309817 1 
0 0.0309837 1 
0 0.0317736 1 
0 0.0317749 1 
0 0.0317749 1 
0 0.0317749 1 
0 0.0330523 1 
0 0.0337923 1 
0 0.0342838 1 
0 0.0345233 1 
0 0.0349929 1 
0 0.0361581 1 
0 0.0372858 1 
0 0.0375159 1 
0 0.0385893 1 
0 0.0388116 1 
0 0.0394446 1 
0 0.0394446 1 
0 0.0394468 1 
0 0.039653 1 
0 0.0396538 1 
0 0.0400696 1 
0 0.0402677 1 
0 0.0402728 1 
0 0.0402751 1 
0 0.0412883 1 
0 0.0416914 1 
0 0.0438176 1 
0 0.0441986 1 
0 0.0443804 1 
0 0.0447545 1 
0 0.0456676 1 
0 0.0463893 1 
0 0.0469245 1 
0 0.0484837 1 
0 0.0486501 1 
0 0.0489935 1 
0 0.0512998 1 
0 0.051301 1 
0 0.0544302 1 
0 0.0573911 1 
0 0.0596534 1 
0 0.06048 1 
0 0.0618321 1 
0 0.0622342 1 
0 0.0627637 1 
0 0.0627675 1 
0 0.0665988 1 
0 0.0667262 1 
0 0.0668544 1 
0 0.0689218 1 
0 0.0689224 1 
0 0.0708175 1 
0 0.0724354 1 
0 0.0819759 1 
0 0.0857277 1 
0 0.0937541 1 
0 0.0967864 1 
0 0.0975507 1 
0 0.0985693 1 
0 0.102522 1 
0 0.103243 1 
0 0.104513 1 
0 0.106471 1 
0 0.107176 1 
0 0.113622 1 
0 0.131885 1 
0 0.136514 1 
0 0.143376 1 
0 0.163086 1 
0 0.175978 1 
0 0.203825 1 
0 0.208801 1 
0 0.217536 1 
0 0.233529 1 
0 0.233706 1 
0 0.272276 1 
0 0.364041 1 
0 0.369635 1 
0 0.425719 1 
0 0.440764 1 
0 0.466975 1 
0 0.533486 1 
0 0.548812 1 
0 0.555561 1 
0 0.608074 1 
0 0.620069 1 
0 0.653744 1 
0 0.666423 1 
0 0.679478 1 
0 0.706215 1 
0 0.820294 1 
0 0.827381 1 
0 0.927176 1 
0 1.00846 1 
0 1.02164 1 
0 1.08647 1 
0 1.40181 1 
0 1.44217 1 
0 1.71253 1 
0 2.66477 1 
0 2.6743 1 
0 2.78066 1 
0 3.92001 1 
0 4.4341 1 
0 4.47192 1 
0 4.70791 1 
0 inf 1 
0 0.0107569 2 
0 0.0134836 2 
0 0.0134866 2 
0 0.0211368 2 
0 0.0211368 2 
0 0.0219065 2 
0 0.0219083 2 
0 0.0222795 2 
0 0.0233647 2 
0 0.0266766 2 
0 0.0266781 2 
0 0.0269822 2 
0 0.0269846 2 
0 0.0269853 2 
0 0.0290614 2 
0 0.0290656 2 
0 0.0296204 2 
0 0.0298974 2 
0 0.0309896 2 
0 0.031248 2 
0 0.032545 2 
0 0.0335402 2 
0 0.0335415 2 
0 0.0337863 2 
0 0.034279 2 
0 0.034279 2 
0 0.0347636 2 
0 0.0357027 2 
0 0.0368433 2 
0 0.0370619 2 
0 0.0379431 2 
0 0.0381608 2 
0 0.0388085 2 
0 0.0424815 2 
0 0.0436263 2 
0 0.0436275 2 
0 0.0441885 2 
0 0.0451223 2 
0 0.0452979 2 
0 0.047086 2 
0 0.04831 2 
0 0.0484806 2 
0 0.0486576 2 
0 0.0503189 2 
0 0.0524103 2 
0 0.0538244 2 
0 0.0576817 2 
0 0.0589564 2 
0 0.0654691 2 
0 0.0654701 2 
0 0.0671068 2 
0 0.0672203 2 
0 0.0677118 2 
0 0.0694023 2 
0 0.0698757 2 
0 0.0707006 2 
0 0.0708173 2 
0 0.071284 2 
0 0.0728909 2 
0 0.0740181 2 
0 0.074472 2 
0 0.075457 2 
0 0.0770846 2 
0 0.0797238 2 
0 0.0808571 2 
0 0.0852395 2 
0 0.0863976 2 
0 0.0889432 2 
0 0.0978062 2 
0 0.107561 2 
0 0.110822 2 
0 0.118187 2 
0 0.120066 2 
0 0.122254 2 
0 0.123265 2 
0 0.135112 2 
0 0.136514 2 
0 0.144412 2 
0 0.14504 2 
0 0.15282 2 
0 0.162019 2 
0 0.176119 2 
0 0.187938 2 
0 0.188908 2 
0 0.189213 2 
0 0.19418 2 
0 0.197597 2 
0 0.206083 2 
0 0.223203 2 
0 0.31709 2 
0 0.318343 2 
0 0.345728 2 
0 0.422127 2 
0 0.442773 2 
0 0.457233 2 
0 0.474486 2 
0 0.48555 2 
0 0.515515 2 
0 0.538938 2 
0 0.56725 2 
0 0.589028 2 
0 0.603247 2 
0 0.604574 2 
0 0.68393 2 
0 0.741436 2 
0 0.765822 2 
0 0.795972 2 
0 0.796671 2 
0 0.816385 2 
0 0.826053 2 
0 0.830746 2 
0 0.831238 2 
0 0.839678 2 
0 0.906303 2 
0 1.29922 2 
0 1.49999 2 
0 1.51831 2 
0 2.20847 2 
0 2.68275 2 
0 3.14261 2 
0 3.1908 2 
0 3.23031 2 
0 3.45675 2 
0 3.4785 2 
0 3.63902 2 
0 3.79055 2 
0 3.82913 2 
0 inf 2 
0 0.017727 3 
0 0.0177407 3 
0 0.0181926 3 
0 0.0211387 3 
0 0.0226464 3 
0 0.02372 3 
0 0.0254011 3 
0 0.0275952 3 
0 0.0290516 3 
0 0.0290546 3 
0 0.0290547 3 
0 0.0296163 3 
0 0.0298919 3 
0 0.0304454 3 
0 0.0307133 3 
0 0.0315067 3 
0 0.0315132 3 
0 0.0315145 3 
0 0.033055 3 
0 0.0340485 3 
0 0.0352391 3 
0 0.0357004 3 
0 0.0359294 3 
0 0.0385924 3 
0 0.0388096 3 
0 0.0394364 3 
0 0.0410921 3 
0 0.0441996 3 
0 0.0443797 3 
0 0.0456652 3 
0 0.0463841 3 
0 0.0465676 3 
0 0.0484703 3 
0 0.0512966 3 
0 0.0524127 3 
0 0.052727 3 
0 0.0560822 3 
0 0.0573914 3 
0 0.0585318 3 
0 0.0604849 3 
0 0.061837 3 
0 0.0629018 3 
0 0.0638143 3 
0 0.0670963 3 
0 0.0672172 3 
0 0.0685612 3 
0 0.0687993 3 
0 0.0699962 3 
0 0.071283 3 
0 0.0718601 3 
0 0.0723208 3 
0 0.0730069 3 
0 0.0760034 3 
0 0.0762194 3 
0 0.0763307 3 
0 0.0789947 3 
0 0.0804463 3 
0 0.0855319 3 
0 0.0911534 3 
0 0.0912438 3 
0 0.106321 3 
0 0.109086 3 
0 0.109544 3 
0 0.116067 3 
0 0.125787 3 
0 0.127488 3 
0 0.1291 3 
0 0.139989 3 
0 0.140577 3 
0 0.153794 3 
0 0.176352 3 
0 0.1777 3 
0 0.17803 3 
0 0.185327 3 
0 0.186212 3 
0 0.19039 3 
0 0.209787 3 
0 0.287759 3 
0 0.314048 3 
0 0.320511 3 
0 0.375454 3 
0 0.409002 3 
0 0.417619 3 
0 0.420921 3 
0 0.424181 3 
0 0.431613 3 
0 0.444556 3 
0 0.466352 3 
0 0.479885 3 
0 0.527129 3 
0 0.570559 3 
0 0.627802 3 
0 0.633426 3 
0 0.654916 3 
0 0.665525 3 
0 0.670433 3 
0 0.689242 3 
0 0.694972 3 
0 0.738699 3 
0 0.73984 3 
0 0.744758 3 
0 0.765808 3 
0 0.777654 3 
0 0.789628 3 
0 0.826239 3 
0 0.841455 3 
0 0.872559 3 
0 1.19331 3 
0 1.21625 3 
0 1.44341 3 
0 1.4699 3 
0 1.4763 3 
0 1.47642 3 
0 2.08502 3 
0 2.14253 3 
0 2.65898 3 
0 2.74282 3 
0 2.88729 3 
0 3.39884 3 
0 3.39953 3 
0 3.48227 3 
0 3.48291 3 
0 3.48339 3 
0 inf 3 
0 0.0140845 4 
0 0.0181971 4 
0 0.020338 4 
0 0.0257251 4 
0 0.027289 4 
0 0.0281877 4 
0 0.0317826 4 
0 0.0317839 4 
0 0.0330513 4 
0 0.0337959 4 
0 0.035697 4 
0 0.0372825 4 
0 0.0388127 4 
0 0.0388127 4 
0 0.0418843 4 
0 0.0418858 4 
0 0.0441931 4 
0 0.0452965 4 
0 0.0452983 4 
0 0.046739 4 
0 0.0469193 4 
0 0.0477904 4 
0 0.048986 4 
0 0.0491548 4 
0 0.0530437 4 
0 0.0548828 4 
0 0.0560771 4 
0 0.0606188 4 
0 0.0606208 4 
0 0.0608977 4 
0 0.0615634 4 
0 0.0621013 4 
0 0.0622324 4 
0 0.0625062 4 
0 0.0625062 4 
0 0.0630241 4 
0 0.0635466 4 
0 0.0635555 4 
0 0.0636771 4 
0 0.0644606 4 
0 0.0650948 4 
0 0.066102 4 
0 0.06685 4 
0 0.0677114 4 
0 0.0695176 4 
0 0.0755654 4 
0 0.0777259 4 
0 0.0783608 4 
0 0.0823778 4 
0 0.0835732 4 
0 0.0840685 4 
0 0.0964457 4 
0 0.0984823 4 
0 0.103402 4 
0 0.106944 4 
0 0.112376 4 
0 0.114348 4 
0 0.114709 4 
0 0.115859 4 
0 0.156459 4 
0 0.168182 4 
0 0.168238 4 
0 0.19061 4 
0 0.196083 4 
0 0.201943 4 
0 0.297984 4 
0 0.307551 4 
0 0.32028 4 
0 0.348169 4 
0 0.393962 4 
0 0.395099 4 
0 0.399287 4 
0 0.405522 4 
0 0.423185 4 
0 0.441746 4 
0 0.449854 4 
0 0.461885 4 
0 0.469569 4 
0 0.470786 4 
0 0.473874 4 
0 0.543909 4 
0 0.556407 4 
0 0.601216 4 
0 0.607093 4 
0 0.61544 4 
0 0.619089 4 
0 0.642245 4 
0 0.65962 4 
0 0.667516 4 
0 0.668526 4 
0 0.707165 4 
0 0.719309 4 
0 0.726362 4 
0 0.727231 4 
0 0.727697 4 
0 0.729756 4 
0 0.739456 4 
0 0.750785 4 
0 0.838264 4 
0 0.954254 4 
0 1.09621 4 
0 1.32066 4 
0 1.37633 4 
0 1.37739 4 
0 1.37787 4 
0 1.45075 4 
0 1.45578 4 
0 1.60075 4 
0 1.60672 4 
0 1.61241 4 
0 2.05194 4 
0 2.0571 4 
0 2.27845 4 
0 2.28514 4 
0 2.33075 4 
0 2.33297 4 
0 2.33635 4 
0 2.39263 4 
0 2.44296 4 
0 inf 4 
0 0.0157579 5 
0 0.0181949 5 
0 0.0240767 5 
0 0.0263689 5 
0 0.0287701 5 
0 0.0361671 5 
0 0.0366144 5 
0 0.0379463 5 
0 0.0428621 5 
0 0.0434454 5 
0 0.0436272 5 
0 0.0458509 5 
0 0.0479591 5 
0 0.0498292 5 
0 0.0501544 5 
0 0.0528885 5 
0 0.0544296 5 
0 0.0550344 5 
0 0.0553356 5 
0 0.0569507 5 
0 0.0573973 5 
0 0.0617 5 
0 0.0617008 5 
0 0.0628992 5 
0 0.0629024 5 
0 0.0635594 5 
0 0.0643195 5 
0 0.0650903 5 
0 0.0658539 5 
0 0.0658588 5 
0 0.0669726 5 
0 0.0669811 5 
0 0.0683205 5 
0 0.0689221 5 
0 0.0692839 5 
0 0.0698699 5 
0 0.0698846 5 
0 0.0716262 5 
0 0.0731124 5 
0 0.0735695 5 
0 0.0739043 5 
0 0.0741295 5 
0 0.0743501 5 
0 0.0743521 5 
0 0.0756752 5 
0 0.0807565 5 
0 0.08177 5 
0 0.0842623 5 
0 0.0961015 5 
0 0.101876 5 
0 0.103483 5 
0 0.106089 5 
0 0.107253 5 
0 0.146292 5 
0 0.159606 5 
0 0.190826 5 
0 0.304095 5 
0 0.310231 5 
0 0.329955 5 
0 0.337348 5 
0 0.347742 5 
0 0.359812 5 
0 0.379798 5 
0 0.421323 5 
0 0.429702 5 
0 0.431401 5 
0 0.470513 5 
0 0.478871 5 
0 0.499777 5 
0 0.508209 5 
0 0.524604 5 
0 0.525109 5 
0 0.531553 5 
0 0.537506 5 
0 0.540446 5 
0 0.545809 5 
0 0.564893 5 
0 0.567321 5 
0 0.591809 5 
0 0.593472 5 
0 0.609698 5 
0 0.621751 5 
0 0.637673 5 
0 0.671245 5 
0 0.673571 5 
0 0.673571 5 
0 0.675142 5 
0 0.691465 5 
0 0.6981 5 
0 0.698716 5 
0 0.72269 5 
0 0.766102 5 
0 0.766598 5 
0 0.770807 5 
0 0.896028 5 
0 1.03534 5 
0 1.15919 5 
0 1.17611 5 
0 1.29979 5 
0 1.30538 5 
0 1.31947 5 
0 1.3295 5 
0 1.34248 5 
0 1.36093 5 
0 1.37128 5 
0 1.45588 5 
0 1.87028 5 
0 1.8707 5 
0 1.87234 5 
0 1.87318 5 
0 2.06872 5 
0 2.42715 5 
0 2.4274 5 
0 2.4286 5 
0 2.43232 5 
0 inf 5 
0 0.030441 6 
0 0.0325506 6 
0 0.0354726 6 
0 0.0426732 6 
0 0.0434403 6 
0 0.0451171 6 
0 0.0488167 6 
0 0.0488225 6 
0 0.0517809 6 
0 0.0519399 6 
0 0.0519427 6 
0 0.0520989 6 
0 0.0521001 6 
0 0.052263 6 
0 0.0527301 6 
0 0.0527344 6 
0 0.053047 6 
0 0.0530494 6 
0 0.0533544 6 
0 0.0603465 6 
0 0.0611559 6 
0 0.0614347 6 
0 0.0643224 6 
0 0.0647078 6 
0 0.0648424 6 
0 0.0652174 6 
0 0.0653454 6 
0 0.0656032 6 
0 0.0658491 6 
0 0.0677129 6 
0 0.0678351 6 
0 0.068927 6 
0 0.0716318 6 
0 0.0717519 6 
0 0.0726616 6 
0 0.0753519 6 
0 0.0770833 6 
0 0.0772908 6 
0 0.0804511 6 
0 0.0944522 6 
0 0.101221 6 
0 0.107324 6 
0 0.108791 6 
0 0.108794 6 
0 0.112817 6 
0 0.11993 6 
0 0.126507 6 
0 0.135479 6 
0 0.191606 6 
0 0.267769 6 
0 0.282273 6 
0 0.287398 6 
0 0.293342 6 
0 0.298684 6 
0 0.308008 6 
0 0.321656 6 
0 0.396745 6 
0 0.405246 6 
0 0.418089 6 
0 0.418815 6 
0 0.426198 6 
0 0.426198 6 
0 0.427934 6 
0 0.439177 6 
0 0.439272 6 
0 0.452089 6 
0 0.457634 6 
0 0.47582 6 
0 0.491003 6 
0 0.523238 6 
0 0.524739 6 
0 0.526581 6 
0 0.585634 6 
0 0.590826 6 
0 0.592616 6 
0 0.60308 6 
0 0.606473 6 
0 0.621285 6 
0 0.636037 6 
0 0.666222 6 
0 0.675598 6 
0 0.685991 6 
0 0.688159 6 
0 0.689744 6 
0 0.710429 6 
0 0.730677 6 
0 0.731073 6 
0 0.733514 6 
0 0.755231 6 
0 0.887279 6 
0 0.931479 6 
0 0.950939 6 
0 0.970372 6 
0 0.989419 6 
0 1.19204 6 
0 1.19341 6 
0 1.31172 6 
0 1.45077 6 
0 1.45109 6 
0 1.45177 6 
0 1.47413 6 
0 1.49825 6 
0 1.86108 6 
0 1.86376 6 
0 1.88153 6 
0 1.94727 6 
0 2.06964 6 
0 2.14026 6 
0 2.14032 6 
0 2.14171 6 
0 2.14566 6 
0 inf 6 
0 0.0290522 7 
0 0.0379472 7 
0 0.0388103 7 
0 0.0394393 7 
0 0.0412851 7 
0 0.0420777 7 
0 0.0428604 7 
0 0.0428613 7 
0 0.0451189 7 
0 0.0511383 7 
0 0.0530397 7 
0 0.0536602 7 
0 0.0545847 7 
0 0.0548842 7 
0 0.0550341 7 
0 0.0573973 7 
0 0.0586838 7 
0 0.0600666 7 
0 0.0600666 7 
0 0.0627661 7 
0 0.0658542 7 
0 0.0659735 7 
0 0.067832 7 
0 0.069879 7 
0 0.0702264 7 
0 0.0704743 7 
0 0.0718578 7 
0 0.0731166 7 
0 0.0749036 7 
0 0.0762168 7 
0 0.0767601 7 
0 0.0770831 7 
0 0.0810644 7 
0 0.081166 7 
0 0.0825813 7 
0 0.090148 7 
0 0.109315 7 
0 0.109472 7 
0 0.180523 7 
0 0.185009 7 
0 0.191822 7 
0 0.213241 7 
0 0.236918 7 
0 0.242026 7 
0 0.243118 7 
0 0.244069 7 
0 0.318497 7 
0 0.329865 7 
0 0.331068 7 
0 0.333185 7 
0 0.351361 7 
0 0.355958 7 
0 0.357503 7 
0 0.360799 7 
0 0.36302 7 
0 0.364814 7 
0 0.366198 7 
0 0.402047 7 
0 0.404201 7 
0 0.416959 7 
0 0.427135 7 
0 0.468794 7 
0 0.476568 7 
0 0.548711 7 
0 0.557216 7 
0 0.565949 7 
0 0.571188 7 
0 0.571991 7 
0 0.572924 7 
0 0.573552 7 
0 0.577349 7 
0 0.608353 7 
0 0.617236 7 
0 0.62285 7 
0 0.663609 7 
0 0.663962 7 
0 0.670918 7 
0 0.671596 7 
0 0.672196 7 
0 0.703281 7 
0 0.703863 7 
0 0.71079 7 
0 0.711069 7 
0 0.776274 7 
0 0.967293 7 
0 0.96777 7 
0 1.07751 7 
0 1.0896 7 
0 1.11243 7 
0 1.13262 7 
0 1.19412 7 
0 1.22551 7 
0 1.23036 7 
0 1.23843 7 
0 1.25451 7 
0 1.25636 7 
0 1.25862 7 
0 1.28684 7 
0 1.33289 7 
0 1.38055 7 
0 1.41747 7 
0 1.51943 7 
0 2.04771 7 
0 2.04822 7 
0 2.04839 7 
0 2.06572 7 
0 2.07697 7 
0 inf 7 
0 0.0207414 8 
0 0.0422794 8 
0 0.0438142 8 
0 0.0460271 8 
0 0.0467405 8 
0 0.0469204 8 
0 0.0479669 8 
0 0.048138 8 
0 0.0483101 8 
0 0.0488208 8 
0 0.0496604 8 
0 0.0522644 8 
0 0.0531983 8 
0 0.0533568 8 
0 0.0535102 8 
0 0.065728 8 
0 0.0690424 8 
0 0.0701138 8 
0 0.0722048 8 
0 0.0740219 8 
0 0.0750216 8 
0 0.077515 8 
0 0.0793009 8 
0 0.0793041 8 
0 0.0796165 8 
0 0.0909674 8 
0 0.0919649 8 
0 0.097216 8 
0 0.113545 8 
0 0.129879 8 
0 0.150363 8 
0 0.19575 8 
0 0.199895 8 
0 0.204185 8 
0 0.211482 8 
0 0.216702 8 
0 0.248503 8 
0 0.253645 8 
0 0.260088 8 
0 0.26488 8 
0 0.270365 8 
0 0.29406 8 
0 0.29608 8 
0 0.305824 8 
0 0.343747 8 
0 0.352117 8 
0 0.357713 8 
0 0.414975 8 
0 0.420123 8 
0 0.429657 8 
0 0.446632 8 
0 0.46784 8 
0 0.474552 8 
0 0.480184 8 
0 0.490686 8 
0 0.491091 8 
0 0.49753 8 
0 0.502218 8 
0 0.506629 8 
0 0.507412 8 
0 0.516786 8 
0 0.537199 8 
0 0.537507 8 
0 0.541001 8 
0 0.554064 8 
0 0.610363 8 
0 0.616337 8 
0 0.628301 8 
0 0.643233 8 
0 0.6494 8 
0 0.660935 8 
0 0.670189 8 
0 0.69317 8 
0 0.693695 8 
0 0.69403 8 
0 0.699361 8 
0 0.704089 8 
0 0.704454 8 
0 0.74231 8 
0 0.853848 8 
0 0.86838 8 
0 0.876244 8 
0 0.915154 8 
0 0.94312 8 
0 1.03758 8 
0 1.03764 8 
0 1.04527 8 
0 1.06152 8 
0 1.08765 8 
0 1.14391 8 
0 1.21257 8 
0 1.21435 8 
0 1.22364 8 
0 1.2432 8 
0 1.49119 8 
0 1.52154 8 
0 1.73486 8 
0 1.99567 8 
0 2.0467 8 
0 2.04719 8 
0 2.04952 8 
0 2.06693 8 
0 2.10807 8 
0 inf 8 
0 0.0396459 9 
0 0.0441891 9 
0 0.0456712 9 
0 0.0493278 9 
0 0.0524179 9 
0 0.0533554 9 
0 0.0544322 9 
0 0.055783 9 
0 0.0569534 9 
0 0.0571052 9 
0 0.0595152 9 
0 0.0600646 9 
0 0.0612982 9 
0 0.0623669 9 
0 0.0669748 9 
0 0.0715128 9 
0 0.0735735 9 
0 0.0758981 9 
0 0.08167 9 
0 0.0906958 9 
0 0.0933883 9 
0 0.100727 9 
0 0.122333 9 
0 0.124262 9 
0 0.164365 9 
0 0.174381 9 
0 0.177905 9 
0 0.180472 9 
0 0.189914 9 
0 0.230402 9 
0 0.234143 9 
0 0.241845 9 
0 0.252659 9 
0 0.257755 9 
0 0.261485 9 
0 0.277604 9 
0 0.279926 9 
0 0.279926 9 
0 0.309082 9 
0 0.312631 9 
0 0.321484 9 
0 0.331222 9 
0 0.361168 9 
0 0.389633 9 
0 0.408123 9 
0 0.416071 9 
0 0.416472 9 
0 0.417563 9 
0 0.418643 9 
0 0.425531 9 
0 0.426675 9 
0 0.429712 9 
0 0.524641 9 
0 0.527106 9 
0 0.534252 9 
0 0.536092 9 
0 0.540315 9 
0 0.54128 9 
0 0.557473 9 
0 0.576086 9 
0 0.608353 9 
0 0.617343 9 
0 0.673008 9 
0 0.677322 9 
0 0.684716 9 
0 0.685725 9 
0 0.68602 9 
0 0.688188 9 
0 0.697037 9 
0 0.70286 9 
0 0.772662 9 
0 0.780067 9 
0 0.790243 9 
0 0.830546 9 
0 0.831492 9 
0 0.867344 9 
0 0.886621 9 
0 0.905211 9 
0 0.915638 9 
0 0.963108 9 
0 0.982497 9 
0 0.983306 9 
0 1.00032 9 
0 1.01323 9 
0 1.03977 9 
0 1.04386 9 
0 1.07252 9 
0 1.07905 9 
0 1.12232 9 
0 1.20077 9 
0 1.23964 9 
0 1.249 9 
0 1.31197 9 
0 1.31581 9 
0 2.04715 9 
0 2.04715 9 
0 2.0508 9 
0 2.05293 9 
0 2.05346 9 
0 inf 9 
0 0.033794 10 
0 0.0394446 10 
0 0.048825 10 
0 0.0522585 10 
0 0.054736 10 
0 0.0571024 10 
0 0.0583917 10 
0 0.0623618 10 
0 0.0653482 10 
0 0.0695187 10 
0 0.0730051 10 
0 0.0732261 10 
0 0.0899648 10 
0 0.0974691 10 
0 0.101056 10 
0 0.115872 10 
0 0.134611 10 
0 0.144233 10 
0 0.144252 10 
0 0.153696 10 
0 0.160883 10 
0 0.164917 10 
0 0.193538 10 
0 0.20781 10 
0 0.222806 10 
0 0.22357 10 
0 0.22425 10 
0 0.240894 10 
0 0.241717 10 
0 0.264733 10 
0 0.265451 10 
0 0.291556 10 
0 0.295341 10 
0 0.306014 10 
0 0.330357 10 
0 0.332357 10 
0 0.336109 10 
0 0.33703 10 
0 0.360163 10 
0 0.380627 10 
0 0.390096 10 
0 0.398301 10 
0 0.398966 10 
0 0.413713 10 
0 0.418564 10 
0 0.458772 10 
0 0.459133 10 
0 0.468598 10 
0 0.495034 10 
0 0.495968 10 
0 0.501137 10 
0 0.511368 10 
0 0.523328 10 
0 0.523449 10 
0 0.528942 10 
0 0.54826 10 
0 0.548396 10 
0 0.602557 10 
0 0.603915 10 
0 0.610458 10 
0 0.621423 10 
0 0.627694 10 
0 0.630548 10 
0 0.63658 10 
0 0.665107 10 
0 0.665108 10 
0 0.666883 10 
0 0.667082 10 
0 0.687178 10 
0 0.694177 10 
0 0.710857 10 
0 0.814175 10 
0 0.827272 10 
0 0.830785 10 
0 0.841531 10 
0 0.860248 10 
0 0.863675 10 
0 0.872228 10 
0 0.888385 10 
0 0.980499 10 
0 0.980701 10 
0 1.19307 10 
0 1.19345 10 
0 1.20118 10 
0 1.21165 10 
0 1.21266 10 
0 1.54071 10 
0 1.54092 10 
0 1.58632 10 
0 1.58657 10 
0 2.0569 10 
0 2.05706 10 
0 2.0728 10 
0 2.15191 10 
0 2.15196 10 
0 inf 10 
0 0.0530425 11 
0 0.0560726 11 
0 0.0631557 11 
0 0.0685657 11 
0 0.0834587 11 
0 0.092591 11 
0 0.0953217 11 
0 0.103961 11 
0 0.104599 11 
0 0.107806 11 
0 0.112069 11 
0 0.117555 11 
0 0.136229 11 
0 0.139942 11 
0 0.141048 11 
0 0.16804 11 
0 0.175787 11 
0 0.187457 11 
0 0.19571 11 
0 0.215936 11 
0 0.2209 11 
0 0.221199 11 
0 0.223766 11 
0 0.24024 11 
0 0.240481 11 
0 0.244788 11 
0 0.247845 11 
0 0.281334 11 
0 0.282937 11 
0 0.286354 11 
0 0.307363 11 
0 0.329386 11 
0 0.359161 11 
0 0.383292 11 
0 0.384672 11 
0 0.38639 11 
0 0.38983 11 
0 0.397231 11 
0 0.403155 11 
0 0.405101 11 
0 0.413414 11 
0 0.417911 11 
0 0.44159 11 
0 0.443983 11 
0 0.474401 11 
0 0.485702 11 
0 0.495914 11 
0 0.496064 11 
0 0.513697 11 
0 0.543716 11 
0 0.547221 11 
0 0.547818 11 
0 0.547833 11 
0 0.548761 11 
0 0.600217 11 
0 0.608176 11 
0 0.618369 11 
0 0.623222 11 
0 0.63825 11 
0 0.63961 11 
0 0.656373 11 
0 0.658136 11 
0 0.659286 11 
0 0.659775 11 
0 0.735542 11 
0 0.735913 11 
0 0.840896 11 
0 0.852554 11 
0 0.853602 11 
0 0.855695 11 
0 0.872954 11 
0 0.873219 11 
0 0.893835 11 
0 0.946854 11 
0 0.957285 11 
0 1.04744 11 
0 1.08418 11 
0 1.19348 11 
0 1.19498 11 
0 1.28709 11 
0 1.28758 11 
0 1.46067 11 
0 1.49357 11 
0 1.49384 11 
0 1.6874 11 
0 1.68846 11 
0 2.04676 11 
0 2.04731 11 
0 2.07165 11 
0 2.09375 11 
0 2.09388 11 
0 inf 11 
0 0.092309 12 
0 0.0963452 12 
0 0.0991705 12 
0 0.100066 12 
0 0.103316 12 
0 0.119996 12 
0 0.129877 12 
0 0.133217 12 
0 0.14685 12 
0 0.154054 12 
0 0.155714 12 
0 0.197234 12 
0 0.197927 12 
0 0.220027 12 
0 0.229389 12 
0 0.242091 12 
0 0.247835 12 
0 0.252213 12 
0 0.252468 12 
0 0.252737 12 
0 0.274577 12 
0 0.290725 12 
0 0.326894 12 
0 0.362503 12 
0 0.362504 12 
0 0.370374 12 
0 0.370575 12 
0 0.373627 12 
0 0.374136 12 
0 0.374423 12 
0 0.39488 12 
0 0.403688 12 
0 0.408427 12 
0 0.409216 12 
0 0.411267 12 
0 0.412372 12 
0 0.413875 12 
0 0.416602 12 
0 0.424854 12 
0 0.427011 12 
0 0.431005 12 
0 0.446544 12 
0 0.454666 12 
0 0.489112 12 
0 0.491003 12 
0 0.494999 12 
0 0.495998 12 
0 0.496402 12 
0 0.504881 12 
0 0.626904 12 
0 0.629298 12 
0 0.630071 12 
0 0.630213 12 
0 0.630843 12 
0 0.632902 12 
0 0.640767 12 
0 0.641981 12 
0 0.827702 12 
0 0.828652 12 
0 0.836727 12 
0 0.848422 12 
0 0.848471 12 
0 0.849056 12 
0 0.849105 12 
0 0.863848 12 
0 0.887724 12 
0 0.888171 12 
0 0.976215 12 
0 1.05184 12 
0 1.05602 12 
0 1.1173 12 
0 1.11741 12 
0 1.12797 12 
0 1.13559 12 
0 1.16419 12 
0 1.16425 12 
0 1.2209 12 
0 1.28884 12 
0 1.289 12 
0 1.48727 12 
0 1.48736 12 
0 1.48766 12 
0 2.04664 12 
0 2.04806 12 
0 2.06548 12 
0 2.06607 12 
0 2.06675 12 
0 inf 12 
0 0.0886686 13 
0 0.101965 13 
0 0.10827 13 
0 0.112507 13 
0 0.13438 13 
0 0.136573 13 
0 0.148045 13 
0 0.148589 13 
0 0.190269 13 
0 0.191034 13 
0 0.197388 13 
0 0.21677 13 
0 0.243695 13 
0 0.255528 13 
0 0.273235 13 
0 0.274545 13 
0 0.276098 13 
0 0.332057 13 
0 0.335059 13 
0 0.335997 13 
0 0.335997 13 
0 0.346847 13 
0 0.347015 13 
0 0.357962 13 
0 0.372117 13 
0 0.379863 13 
0 0.392863 13 
0 0.403394 13 
0 0.405522 13 
0 0.405734 13 
0 0.446019 13 
0 0.446761 13 
0 0.448923 13 
0 0.452921 13 
0 0.453724 13 
0 0.455181 13 
0 0.497119 13 
0 0.525276 13 
0 0.574403 13 
0 0.601166 13 
0 0.615499 13 
0 0.615516 13 
0 0.61561 13 
0 0.615811 13 
0 0.620796 13 
0 0.626934 13 
0 0.627448 13 
0 0.628279 13 
0 0.631754 13 
0 0.636019 13 
0 0.636227 13 
0 0.636632 13 
0 0.63689 13 
0 0.654726 13 
0 0.656746 13 
0 0.686095 13 
0 0.728598 13 
0 0.745418 13 
0 0.750871 13 
0 0.777508 13 
0 0.816969 13 
0 0.826861 13 
0 0.831014 13 
0 0.842046 13 
0 0.859209 13 
0 0.859527 13 
0 0.860018 13 
0 0.862871 13 
0 0.899532 13 
0 1.03854 13 
0 1.03969 13 
0 1.03969 13 
0 1.23464 13 
0 1.23731 13 
0 1.23748 13 
0 1.25506 13 
0 1.25691 13 
0 1.26057 13 
0 2.0472 13 
0 2.04725 13 
0 2.05513 13 
0 2.05529 13 
0 2.05567 13 
0 inf 13 
0 0.0579693 14 
0 0.0825762 14 
0 0.0889461 14 
0 0.103978 14 
0 0.146908 14 
0 0.149863 14 
0 0.151516 14 
0 0.159412 14 
0 0.186961 14 
0 0.224753 14 
0 0.242401 14 
0 0.255828 14 
0 0.257762 14 
0 0.258147 14 
0 0.261986 14 
0 0.269423 14 
0 0.269668 14 
0 0.281323 14 
0 0.282732 14 
0 0.287608 14 
0 0.290014 14 
0 0.292826 14 
0 0.316437 14 
0 0.318968 14 
0 0.320753 14 
0 0.32114 14 
0 0.321681 14 
0 0.326072 14 
0 0.329129 14 
0 0.34284 14 
0 0.343779 14 
0 0.359417 14 
0 0.374512 14 
0 0.378875 14 
0 0.383046 14 
0 0.38477 14 
0 0.397387 14 
0 0.410116 14 
0 0.436509 14 
0 0.441316 14 
0 0.441485 14 
0 0.44156 14 
0 0.455816 14 
0 0.463666 14 
0 0.514308 14 
0 0.616622 14 
0 0.621065 14 
0 0.628101 14 
0 0.62822 14 
0 0.630418 14 
0 0.632721 14 
0 0.633871 14 
0 0.637971 14 
0 0.660448 14 
0 0.662233 14 
0 0.662303 14 
0 0.680669 14 
0 0.70697 14 
0 0.708716 14 
0 0.729167 14 
0 0.729904 14 
0 0.731716 14 
0 0.734222 14 
0 0.827712 14 
0 0.833849 14 
0 0.862985 14 
0 0.952318 14 
0 0.953985 14 
0 0.957664 14 
0 1.03479 14 
0 1.03536 14 
0 1.03594 14 
0 1.22193 14 
0 1.22195 14 
0 1.22201 14 
0 2.04807 14 
0 2.05894 14 
0 2.05903 14 
0 2.05924 14 
0 inf 14 
0 0.0578273 15 
0 0.0735679 15 
0 0.0747939 15 
0 0.13296 15 
0 0.181809 15 
0 0.188145 15 
0 0.192508 15 
0 0.234767 15 
0 0.238648 15 
0 0.243527 15 
0 0.254655 15 
0 0.260345 15 
0 0.261865 15 
0 0.264133 15 
0 0.271417 15 
0 0.274385 15 
0 0.275017 15 
0 0.277145 15 
0 0.278576 15 
0 0.279761 15 
0 0.301133 15 
0 0.304603 15 
0 0.305038 15 
0 0.310629 15 
0 0.313083 15 
0 0.323806 15 
0 0.324215 15 
0 0.325107 15 
0 0.325615 15 
0 0.325615 15 
0 0.336318 15 
0 0.345413 15 
0 0.347586 15 
0 0.348727 15 
0 0.348727 15 
0 0.370692 15 
0 0.381905 15 
0 0.41698 15 
0 0.432394 15 
0 0.514381 15 
0 0.515152 15 
0 0.515409 15 
0 0.522983 15 
0 0.523758 15 
0 0.524642 15 
0 0.572068 15 
0 0.585628 15 
0 0.628719 15 
0 0.634006 15 
0 0.645167 15 
0 0.645628 15 
0 0.659567 15 
0 0.683458 15 
0 0.683458 15 
0 0.683458 15 
0 0.734904 15 
0 0.834275 15 
0 0.870711 15 
0 0.923287 15 
0 0.931194 15 
0 0.93218 15 
0 0.932579 15 
0 1.20787 15 
0 1.21132 15 
0 1.21154 15 
0 1.44291 15 
0 1.44436 15 
0 1.44438 15 
0 1.56617 15 
0 1.56634 15 
0 1.56684 15 
0 2.04848 15 
0 2.13857 15 
0 2.1386 15 
0 2.13881 15 
0 inf 15 
0 0.112907 16 
0 0.163431 16 
0 0.19048 16 
0 0.19061 16 
0 0.199462 16 
0 0.217534 16 
0 0.238886 16 
0 0.256628 16 
0 0.267679 16 
0 0.268142 16 
0 0.268844 16 
0 0.271783 16 
0 0.272057 16 
0 0.273841 16 
0 0.274541 16 
0 0.274565 16 
0 0.275918 16 
0 0.276727 16 
0 0.303156 16 
0 0.304463 16 
0 0.306009 16 
0 0.307492 16 
0 0.321652 16 
0 0.322063 16 
0 0.322604 16 
0 0.326175 16 
0 0.349534 16 
0 0.351422 16 
0 0.352592 16 
0 0.356101 16 
0 0.356658 16 
0 0.371316 16 
0 0.373538 16 
0 0.374754 16 
0 0.374755 16 
0 0.423093 16 
0 0.42764 16 
0 0.431723 16 
0 0.434341 16 
0 0.435007 16 
0 0.435102 16 
0 0.585538 16 
0 0.627731 16 
0 0.654936 16 
0 0.655253 16 
0 0.655441 16 
0 0.65645 16 
0 0.658233 16 
0 0.659526 16 
0 0.66113 16 
0 0.831968 16 
0 0.837097 16 
0 0.856411 16 
0 0.856865 16 
0 0.857183 16 
0 0.893578 16 
0 0.898755 16 
0 1.0546 16 
0 1.21503 16 
0 1.23229 16 
0 1.23245 16 
0 1.47568 16 
0 1.47613 16 
0 1.47614 16 
0 1.76178 16 
0 1.76191 16 
0 1.76191 16 
0 2.04897 16 
0 2.09052 16 
0 2.09119 16 
0 2.09134 16 
0 inf 16 
0 0.105687 17 
0 0.109935 17 
0 0.110309 17 
0 0.11031 17 
0 0.11722 17 
0 0.149604 17 
0 0.19053 17 
0 0.20167 17 
0 0.207455 17 
0 0.212713 17 
0 0.260153 17 
0 0.278871 17 
0 0.278871 17 
0 0.279109 17 
0 0.279701 17 
0 0.279908 17 
0 0.280587 17 
0 0.280588 17 
0 0.281235 17 
0 0.344045 17 
0 0.344261 17 
0 0.346228 17 
0 0.346514 17 
0 0.346831 17 
0 0.347332 17 
0 0.347332 17 
0 0.347403 17 
0 0.376847 17 
0 0.377176 17 
0 0.378054 17 
0 0.378382 17 
0 0.399959 17 
0 0.40062 17 
0 0.400785 17 
0 0.468174 17 
0 0.468174 17 
0 0.469938 17 
0 0.471608 17 
0 0.655131 17 
0 0.66713 17 
0 0.667316 17 
0 0.693226 17 
0 0.757116 17 
0 0.844254 17 
0 0.845488 17 
0 0.846134 17 
0 0.84628 17 
0 0.884818 17 
0 0.914999 17 
0 0.919627 17 
0 0.938773 17 
0 1.11271 17 
0 1.1296 17 
0 1.13728 17 
0 1.13833 17 
0 1.25346 17 
0 1.34191 17 
0 1.34321 17 
0 1.34343 17 
0 1.35531 17 
0 1.35568 17 
0 1.35995 17 
0 1.36151 17 
0 2.04967 17 
0 2.05706 17 
0 2.05761 17 
0 2.05777 17 
0 inf 17 
0 0.107422 18 
0 0.109152 18 
0 0.111727 18 
0 0.115228 18 
0 0.116131 18 
0 0.117054 18 
0 0.143679 18 
0 0.15863 18 
0 0.168496 18 
0 0.194783 18 
0 0.213617 18 
0 0.244032 18 
0 0.246864 18 
0 0.270772 18 
0 0.271991 18 
0 0.272721 18 
0 0.272721 18 
0 0.274426 18 
0 0.285452 18 
0 0.2858 18 
0 0.326123 18 
0 0.326655 18 
0 0.329732 18 
0 0.329732 18 
0 0.369915 18 
0 0.370183 18 
0 0.371098 18 
0 0.371989 18 
0 0.37566 18 
0 0.375726 18 
0 0.378731 18 
0 0.379778 18 
0 0.474823 18 
0 0.475955 18 
0 0.476077 18 
0 0.476233 18 
0 0.769325 18 
0 0.811983 18 
0 0.82488 18 
0 0.825658 18 
0 0.82671 18 
0 0.827614 18 
0 0.86529 18 
0 0.86529 18 
0 0.86552 18 
0 0.86595 18 
0 0.925405 18 
0 0.936288 18 
0 1.03013 18 
0 1.0303 18 
0 1.03126 18 
0 1.03206 18 
0 1.08626 18 
0 1.08923 18 
0 1.23963 18 
0 1.25344 18 
0 1.26368 18 
0 1.26404 18 
0 1.45142 18 
0 2.05058 18 
0 2.05133 18 
0 2.05164 18 
0 2.05212 18 
0 inf 18 
0 0.105322 19 
0 0.107731 19 
0 0.107808 19 
0 0.143886 19 
0 0.144116 19 
0 0.144975 19 
0 0.147151 19 
0 0.151311 19 
0 0.152128 19 
0 0.178912 19 
0 0.182531 19 
0 0.183075 19 
0 0.27106 19 
0 0.30351 19 
0 0.304083 19 
0 0.305387 19 
0 0.340748 19 
0 0.340966 19 
0 0.351893 19 
0 0.35295 19 
0 0.353301 19 
0 0.35517 19 
0 0.373095 19 
0 0.373827 19 
0 0.374158 19 
0 0.429015 19 
0 0.433906 19 
0 0.435049 19 
0 0.50429 19 
0 0.504569 19 
0 0.504684 19 
0 0.504929 19 
0 0.518054 19 
0 0.521096 19 
0 0.52162 19 
0 0.5664 19 
0 0.568036 19 
0 0.605722 19 
0 0.61153 19 
0 0.614309 19 
0 0.614416 19 
0 0.615184 19 
0 0.736705 19 
0 0.749018 19 
0 0.755139 19 
0 0.755139 19 
0 0.780037 19 
0 0.781319 19 
0 0.869277 19 
0 0.870115 19 
0 0.870647 19 
0 1.06561 19 
0 1.09378 19 
0 1.09774 19 
0 1.20242 19 
0 1.20993 19 
0 2.05367 19 
0 2.0556 19 
0 2.0556 19 
0 inf 19 
0 0.117294 20 
0 0.132905 20 
0 0.133899 20 
0 0.152163 20 
0 0.157034 20 
0 0.159337 20 
0 0.168347 20 
0 0.169326 20 
0 0.17185 20 
0 0.257973 20 
0 0.269808 20 
0 0.273663 20 
0 0.275562 20 
0 0.279303 20 
0 0.280204 20 
0 0.281352 20 
0 0.296151 20 
0 0.296264 20 
0 0.297156 20 
0 0.303518 20 
0 0.303845 20 
0 0.309215 20 
0 0.312118 20 
0 0.312436 20 
0 0.398222 20 
0 0.399239 20 
0 0.424687 20 
0 0.424687 20 
0 0.425095 20 
0 0.436261 20 
0 0.438172 20 
0 0.521374 20 
0 0.521564 20 
0 0.538438 20 
0 0.538929 20 
0 0.561326 20 
0 0.594273 20 
0 0.59519 20 
0 0.609142 20 
0 0.60921 20 
0 0.611109 20 
0 0.615087 20 
0 0.827609 20 
0 0.837628 20 
0 0.83901 20 
0 0.885278 20 
0 0.885325 20 
0 1.19377 20 
0 1.19402 20 
0 1.19819 20 
0 1.19819 20 
0 2.06241 20 
0 2.07282 20 
0 2.07291 20 
0 2.17389 20 
0 inf 20 
