0 0.0085009 1 
0 0.00982001 1 
0 0.0162789 1 
0 0.01963 1 
0 0.0208247 1 
0 0.0219493 1 
0 0.0224933 1 
0 0.0230193 1 
0 0.0264356 1 
0 0.0277698 1 
0 0.0282023 1 
0 0.0282023 1 
0 0.0286193 1 
0 0.0286204 1 
0 0.0286248 1 
0 0.0286248 1 
0 0.0286248 1 
0 0.0290381 1 
0 0.0290385 1 
0 0.02945 1 
0 0.0298466 1 
0 0.0298581 1 
0 0.0306528 1 
0 0.0325557 1 
0 0.0329274 1 
0 0.033288 1 
0 0.0332912 1 
0 0.0332924 1 
0 0.0336481 1 
0 0.033651 1 
0 0.0347079 1 
0 0.0357343 1 
0 0.0360728 1 
0 0.0367292 1 
0 0.0377027 1 
0 0.0386474 1 
0 0.0392635 1 
0 0.0392692 1 
0 0.0401766 1 
0 0.0401788 1 
0 0.0401791 1 
0 0.0404756 1 
0 0.0416493 1 
0 0.0422235 1 
0 0.0422235 1 
0 0.0430703 1 
0 0.0441733 1 
0 0.0444487 1 
0 0.044452 1 
0 0.0447223 1 
0 0.0465646 1 
0 0.0465677 1 
0 0.0470784 1 
0 0.0470784 1 
0 0.0470805 1 
0 0.0478414 1 
0 0.048591 1 
0 0.0485911 1 
0 0.049084 1 
0 0.049327 1 
0 0.0495717 1 
0 0.0498153 1 
0 0.0514802 1 
0 0.053548 1 
0 0.0537677 1 
0 0.0550986 1 
0 0.055314 1 
0 0.0566101 1 
0 0.0568178 1 
0 0.058287 1 
0 0.0593021 1 
0 0.059718 1 
0 0.0601186 1 
0 0.0618939 1 
0 0.0697617 1 
0 0.0737889 1 
0 0.0834422 1 
0 0.0862808 1 
0 0.0897035 1 
0 0.090373 1 
0 0.0924764 1 
0 0.0928712 1 
0 0.0935173 1 
0 0.0964377 1 
0 0.104697 1 
0 0.113529 1 
0 0.113638 1 
0 0.120526 1 
0 0.121227 1 
0 0.128458 1 
0 0.12958 1 
0 0.13069 1 
0 0.131247 1 
0 0.131975 1 
0 0.137173 1 
0 0.138308 1 
0 0.172776 1 
0 0.187101 1 
0 0.189976 1 
0 0.223094 1 
0 0.230952 1 
0 0.295075 1 
0 0.341295 1 
0 0.385658 1 
0 0.462374 1 
0 0.489567 1 
0 0.511889 1 
0 0.525429 1 
0 0.545587 1 
0 0.574649 1 
0 0.595869 1 
0 0.653457 1 
0 0.667827 1 
0 0.684579 1 
0 0.710893 1 
0 0.747383 1 
0 0.853539 1 
0 0.92911 1 
0 0.951924 1 
0 0.973599 1 
0 1.01388 1 
0 1.1918 1 
0 1.6171 1 
0 2.03162 1 
0 2.53197 1 
0 2.60171 1 
0 2.93921 1 
0 3.84326 1 
0 3.9733 1 
0 4.09572 1 
0 4.22212 1 
0 inf 1 
0 0.01963 2 
0 0.0224865 2 
0 0.0224956 2 
0 0.0230227 2 
0 0.0230248 2 
0 0.0250342 2 
0 0.0255041 2 
0 0.0268804 2 
0 0.0277582 2 
0 0.0286203 2 
0 0.0294497 2 
0 0.0302511 2 
0 0.0314259 2 
0 0.0321833 2 
0 0.0321863 2 
0 0.0329206 2 
0 0.0343543 2 
0 0.0347048 2 
0 0.035049 2 
0 0.036066 2 
0 0.0364018 2 
0 0.0367315 2 
0 0.037381 2 
0 0.0373815 2 
0 0.0373856 2 
0 0.0377022 2 
0 0.0377023 2 
0 0.0377023 2 
0 0.0383291 2 
0 0.0392635 2 
0 0.0392638 2 
0 0.0392675 2 
0 0.039873 2 
0 0.0401766 2 
0 0.0413582 2 
0 0.0413593 2 
0 0.0416545 2 
0 0.0433526 2 
0 0.0436263 2 
0 0.0441711 2 
0 0.0444465 2 
0 0.044716 2 
0 0.044718 2 
0 0.0449857 2 
0 0.045519 2 
0 0.0457835 2 
0 0.0460415 2 
0 0.0463113 2 
0 0.0465654 2 
0 0.0473306 2 
0 0.0475887 2 
0 0.0480947 2 
0 0.0498143 2 
0 0.0505308 2 
0 0.0505368 2 
0 0.0530968 2 
0 0.0555362 2 
0 0.0566084 2 
0 0.0568201 2 
0 0.0568235 2 
0 0.0572443 2 
0 0.059307 2 
0 0.0593076 2 
0 0.0624671 2 
0 0.0663987 2 
0 0.0955564 2 
0 0.0980461 2 
0 0.0981708 2 
0 0.114586 2 
0 0.11831 2 
0 0.118715 2 
0 0.123491 2 
0 0.125038 2 
0 0.132248 2 
0 0.138221 2 
0 0.142262 2 
0 0.14627 2 
0 0.151764 2 
0 0.156377 2 
0 0.156608 2 
0 0.157908 2 
0 0.160783 2 
0 0.170453 2 
0 0.170883 2 
0 0.19041 2 
0 0.211173 2 
0 0.215623 2 
0 0.219728 2 
0 0.223317 2 
0 0.248545 2 
0 0.287214 2 
0 0.315985 2 
0 0.327219 2 
0 0.393098 2 
0 0.422373 2 
0 0.453373 2 
0 0.47776 2 
0 0.524211 2 
0 0.530019 2 
0 0.530029 2 
0 0.557962 2 
0 0.560184 2 
0 0.589943 2 
0 0.625908 2 
0 0.691455 2 
0 0.694019 2 
0 0.73186 2 
0 0.737924 2 
0 0.746347 2 
0 0.763058 2 
0 0.763078 2 
0 0.769588 2 
0 0.906003 2 
0 0.927636 2 
0 1.32914 2 
0 1.4693 2 
0 1.54763 2 
0 2.15795 2 
0 2.58725 2 
0 2.65603 2 
0 2.72909 2 
0 3.0065 2 
0 3.01741 2 
0 3.0345 2 
0 3.28314 2 
0 3.73867 2 
0 3.81786 2 
0 inf 2 
0 0.012986 3 
0 0.0230226 3 
0 0.0230226 3 
0 0.0240401 3 
0 0.024536 3 
0 0.0264269 3 
0 0.0273286 3 
0 0.0298516 3 
0 0.0298516 3 
0 0.0298516 3 
0 0.0298549 3 
0 0.0306524 3 
0 0.0306529 3 
0 0.0314237 3 
0 0.0347072 3 
0 0.0350526 3 
0 0.0367313 3 
0 0.0370599 3 
0 0.038333 3 
0 0.0389647 3 
0 0.0392643 3 
0 0.0392643 3 
0 0.0392655 3 
0 0.0398755 3 
0 0.0398762 3 
0 0.0401787 3 
0 0.0407675 3 
0 0.0410633 3 
0 0.0410669 3 
0 0.0413572 3 
0 0.0413606 3 
0 0.042226 3 
0 0.0430691 3 
0 0.0430693 3 
0 0.043903 3 
0 0.0452549 3 
0 0.047079 3 
0 0.0498142 3 
0 0.0498167 3 
0 0.0510099 3 
0 0.0512504 3 
0 0.0517177 3 
0 0.0523999 3 
0 0.0524142 3 
0 0.0526427 3 
0 0.0528675 3 
0 0.0568184 3 
0 0.0574487 3 
0 0.0620905 3 
0 0.0662239 3 
0 0.0745999 3 
0 0.0804994 3 
0 0.0834433 3 
0 0.0866959 3 
0 0.0890344 3 
0 0.0919587 3 
0 0.0923498 3 
0 0.101903 3 
0 0.102724 3 
0 0.112249 3 
0 0.112679 3 
0 0.117598 3 
0 0.119224 3 
0 0.119426 3 
0 0.119427 3 
0 0.119728 3 
0 0.119933 3 
0 0.124174 3 
0 0.126004 3 
0 0.13088 3 
0 0.133793 3 
0 0.162271 3 
0 0.167816 3 
0 0.169033 3 
0 0.190851 3 
0 0.28025 3 
0 0.284137 3 
0 0.28955 3 
0 0.300114 3 
0 0.337369 3 
0 0.360949 3 
0 0.390128 3 
0 0.438343 3 
0 0.439472 3 
0 0.452217 3 
0 0.452337 3 
0 0.458234 3 
0 0.460214 3 
0 0.466017 3 
0 0.549404 3 
0 0.562939 3 
0 0.571874 3 
0 0.572234 3 
0 0.6078 3 
0 0.625463 3 
0 0.628468 3 
0 0.628756 3 
0 0.654115 3 
0 0.686559 3 
0 0.692343 3 
0 0.699612 3 
0 0.710699 3 
0 0.715099 3 
0 0.718654 3 
0 0.824892 3 
0 0.916861 3 
0 1.07238 3 
0 1.1035 3 
0 1.27876 3 
0 1.46661 3 
0 1.91586 3 
0 1.93444 3 
0 1.94276 3 
0 1.94358 3 
0 1.99434 3 
0 2.50763 3 
0 2.89739 3 
0 2.91538 3 
0 2.91558 3 
0 2.91593 3 
0 3.30475 3 
0 3.49172 3 
0 3.51581 3 
0 inf 3 
0 0.0208209 4 
0 0.0245424 4 
0 0.0245424 4 
0 0.0250264 4 
0 0.0290395 4 
0 0.0302575 4 
0 0.0321827 4 
0 0.0329263 4 
0 0.0329271 4 
0 0.0340026 4 
0 0.0340071 4 
0 0.0350546 4 
0 0.0357339 4 
0 0.0360689 4 
0 0.0360728 4 
0 0.0364028 4 
0 0.0377024 4 
0 0.0383341 4 
0 0.0398734 4 
0 0.0410655 4 
0 0.0413581 4 
0 0.0413605 4 
0 0.0422237 4 
0 0.0425082 4 
0 0.0425119 4 
0 0.0441771 4 
0 0.0444476 4 
0 0.0452495 4 
0 0.045518 4 
0 0.0455194 4 
0 0.0455259 4 
0 0.0465645 4 
0 0.0478434 4 
0 0.0480907 4 
0 0.0502881 4 
0 0.0510085 4 
0 0.0510134 4 
0 0.0568244 4 
0 0.0572406 4 
0 0.0584854 4 
0 0.0605094 4 
0 0.0630452 4 
0 0.0640055 4 
0 0.0695887 4 
0 0.0857246 4 
0 0.0971834 4 
0 0.0985356 4 
0 0.104931 4 
0 0.10596 4 
0 0.10596 4 
0 0.108652 4 
0 0.109538 4 
0 0.117084 4 
0 0.119527 4 
0 0.127052 4 
0 0.127144 4 
0 0.129397 4 
0 0.129677 4 
0 0.130876 4 
0 0.131524 4 
0 0.131975 4 
0 0.13298 4 
0 0.136911 4 
0 0.140815 4 
0 0.143435 4 
0 0.155454 4 
0 0.204442 4 
0 0.27311 4 
0 0.318017 4 
0 0.345832 4 
0 0.376786 4 
0 0.389991 4 
0 0.401198 4 
0 0.423747 4 
0 0.433728 4 
0 0.44847 4 
0 0.450536 4 
0 0.458115 4 
0 0.523655 4 
0 0.52795 4 
0 0.534836 4 
0 0.536601 4 
0 0.554279 4 
0 0.569063 4 
0 0.591061 4 
0 0.594119 4 
0 0.597092 4 
0 0.599174 4 
0 0.600218 4 
0 0.621946 4 
0 0.625791 4 
0 0.637231 4 
0 0.637232 4 
0 0.68152 4 
0 0.697623 4 
0 0.705744 4 
0 0.708925 4 
0 0.770553 4 
0 0.818322 4 
0 0.819249 4 
0 0.821011 4 
0 0.898252 4 
0 0.96653 4 
0 1.07769 4 
0 1.29032 4 
0 1.57254 4 
0 1.64497 4 
0 1.72368 4 
0 1.9171 4 
0 1.96665 4 
0 2.07416 4 
0 2.07514 4 
0 2.07533 4 
0 2.23018 4 
0 2.23557 4 
0 2.23886 4 
0 2.80106 4 
0 2.82135 4 
0 2.84242 4 
0 inf 4 
0 0.0162756 5 
0 0.0183635 5 
0 0.0213921 5 
0 0.0255021 5 
0 0.0277716 5 
0 0.0290381 5 
0 0.0294477 5 
0 0.0306515 5 
0 0.0321839 5 
0 0.035395 5 
0 0.0370551 5 
0 0.0386491 5 
0 0.0389579 5 
0 0.039265 5 
0 0.0398762 5 
0 0.039878 5 
0 0.0407725 5 
0 0.0419394 5 
0 0.0422239 5 
0 0.0433468 5 
0 0.0433526 5 
0 0.0436267 5 
0 0.0444491 5 
0 0.0488367 5 
0 0.0488382 5 
0 0.0490856 5 
0 0.0498114 5 
0 0.0502948 5 
0 0.051007 5 
0 0.051479 5 
0 0.0517177 5 
0 0.0521724 5 
0 0.0526403 5 
0 0.0537681 5 
0 0.0537681 5 
0 0.0542158 5 
0 0.0572425 5 
0 0.0584863 5 
0 0.0589066 5 
0 0.059104 5 
0 0.0638099 5 
0 0.0647419 5 
0 0.0654873 5 
0 0.0706198 5 
0 0.0741122 5 
0 0.0800554 5 
0 0.0919586 5 
0 0.0955525 5 
0 0.0970545 5 
0 0.10389 5 
0 0.11626 5 
0 0.117905 5 
0 0.121825 5 
0 0.129308 5 
0 0.135139 5 
0 0.135937 5 
0 0.14167 5 
0 0.155066 5 
0 0.202606 5 
0 0.282646 5 
0 0.307191 5 
0 0.344646 5 
0 0.364909 5 
0 0.420146 5 
0 0.424035 5 
0 0.429403 5 
0 0.434852 5 
0 0.449732 5 
0 0.464802 5 
0 0.468827 5 
0 0.521094 5 
0 0.527284 5 
0 0.533235 5 
0 0.533429 5 
0 0.537277 5 
0 0.538888 5 
0 0.545672 5 
0 0.557633 5 
0 0.559597 5 
0 0.563546 5 
0 0.567295 5 
0 0.614869 5 
0 0.615027 5 
0 0.617606 5 
0 0.623874 5 
0 0.652417 5 
0 0.654481 5 
0 0.655363 5 
0 0.747905 5 
0 0.883839 5 
0 0.963493 5 
0 1.10993 5 
0 1.19045 5 
0 1.20952 5 
0 1.30884 5 
0 1.36342 5 
0 1.37145 5 
0 1.37255 5 
0 1.37741 5 
0 1.4215 5 
0 1.48829 5 
0 1.48829 5 
0 1.48948 5 
0 1.68919 5 
0 1.71173 5 
0 1.75014 5 
0 1.89483 5 
0 1.97599 5 
0 1.97624 5 
0 1.98237 5 
0 1.99007 5 
0 2.16761 5 
0 2.65634 5 
0 2.66192 5 
0 2.6943 5 
0 inf 5 
0 0.0196295 6 
0 0.024532 6 
0 0.0250279 6 
0 0.0268804 6 
0 0.0302582 6 
0 0.0310433 6 
0 0.0336493 6 
0 0.03607 6 
0 0.0377067 6 
0 0.0383352 6 
0 0.0386483 6 
0 0.0386489 6 
0 0.0404739 6 
0 0.0410585 6 
0 0.0413615 6 
0 0.0430714 6 
0 0.0436272 6 
0 0.0463073 6 
0 0.0470826 6 
0 0.0470846 6 
0 0.050533 6 
0 0.0542155 6 
0 0.05787 6 
0 0.0582828 6 
0 0.0584876 6 
0 0.0595138 6 
0 0.0607042 6 
0 0.0609054 6 
0 0.0624807 6 
0 0.0634311 6 
0 0.0636177 6 
0 0.0665858 6 
0 0.0721334 6 
0 0.0742795 6 
0 0.0782297 6 
0 0.0841576 6 
0 0.0858659 6 
0 0.0869737 6 
0 0.0886213 6 
0 0.0890296 6 
0 0.0913014 6 
0 0.0913015 6 
0 0.0939049 6 
0 0.0995055 6 
0 0.108654 6 
0 0.110849 6 
0 0.115114 6 
0 0.123784 6 
0 0.131428 6 
0 0.136114 6 
0 0.190851 6 
0 0.224329 6 
0 0.282433 6 
0 0.290028 6 
0 0.331316 6 
0 0.365567 6 
0 0.373268 6 
0 0.382055 6 
0 0.383667 6 
0 0.385203 6 
0 0.386288 6 
0 0.388689 6 
0 0.391246 6 
0 0.435032 6 
0 0.481284 6 
0 0.496826 6 
0 0.50134 6 
0 0.50278 6 
0 0.51687 6 
0 0.517934 6 
0 0.518492 6 
0 0.547092 6 
0 0.559594 6 
0 0.587662 6 
0 0.60811 6 
0 0.610068 6 
0 0.632442 6 
0 0.637735 6 
0 0.637735 6 
0 0.659222 6 
0 0.672251 6 
0 0.673969 6 
0 0.681976 6 
0 0.684805 6 
0 0.735522 6 
0 0.838345 6 
0 0.842002 6 
0 0.858788 6 
0 0.932169 6 
0 0.949849 6 
0 0.988049 6 
0 1.11391 6 
0 1.12482 6 
0 1.1848 6 
0 1.19428 6 
0 1.30395 6 
0 1.30451 6 
0 1.3052 6 
0 1.30756 6 
0 1.34554 6 
0 1.35683 6 
0 1.42207 6 
0 1.49131 6 
0 1.62118 6 
0 1.71115 6 
0 1.72345 6 
0 1.72572 6 
0 1.7647 6 
0 1.77632 6 
0 1.88179 6 
0 2.15782 6 
0 inf 6 
0 0.0213916 7 
0 0.0255056 7 
0 0.0264344 7 
0 0.0318103 7 
0 0.032924 7 
0 0.0350511 7 
0 0.0364012 7 
0 0.0380211 7 
0 0.0407735 7 
0 0.0410645 7 
0 0.0422258 7 
0 0.0427906 7 
0 0.0433481 7 
0 0.0433481 7 
0 0.0449845 7 
0 0.0452523 7 
0 0.0465678 7 
0 0.0468244 7 
0 0.0559589 7 
0 0.0563921 7 
0 0.058077 7 
0 0.0584923 7 
0 0.060112 7 
0 0.0609133 7 
0 0.0618867 7 
0 0.0618992 7 
0 0.0620886 7 
0 0.0647504 7 
0 0.0649325 7 
0 0.0701036 7 
0 0.0704464 7 
0 0.073956 7 
0 0.0776139 7 
0 0.0776145 7 
0 0.0838761 7 
0 0.0880773 7 
0 0.0887603 7 
0 0.0914352 7 
0 0.114069 7 
0 0.124657 7 
0 0.132433 7 
0 0.132885 7 
0 0.137519 7 
0 0.187669 7 
0 0.199822 7 
0 0.271517 7 
0 0.276546 7 
0 0.280482 7 
0 0.289736 7 
0 0.291395 7 
0 0.340314 7 
0 0.360231 7 
0 0.374776 7 
0 0.375036 7 
0 0.378359 7 
0 0.422232 7 
0 0.434395 7 
0 0.48573 7 
0 0.488696 7 
0 0.504282 7 
0 0.516614 7 
0 0.522156 7 
0 0.524827 7 
0 0.532778 7 
0 0.53402 7 
0 0.558043 7 
0 0.627294 7 
0 0.631027 7 
0 0.634075 7 
0 0.634136 7 
0 0.636866 7 
0 0.639037 7 
0 0.646793 7 
0 0.648801 7 
0 0.649525 7 
0 0.727739 7 
0 0.806264 7 
0 0.8121 7 
0 0.821348 7 
0 0.889111 7 
0 0.945659 7 
0 0.952229 7 
0 0.966385 7 
0 0.9723 7 
0 0.98026 7 
0 0.98207 7 
0 1.06296 7 
0 1.0917 7 
0 1.09263 7 
0 1.10799 7 
0 1.1545 7 
0 1.16199 7 
0 1.18848 7 
0 1.24686 7 
0 1.2852 7 
0 1.31684 7 
0 1.34239 7 
0 1.41505 7 
0 1.48886 7 
0 1.50689 7 
0 1.52461 7 
0 1.52569 7 
0 1.5572 7 
0 1.76272 7 
0 2.00712 7 
0 2.01921 7 
0 2.22481 7 
0 inf 7 
0 0.0155217 8 
0 0.0235365 8 
0 0.0318065 8 
0 0.0380194 8 
0 0.0425095 8 
0 0.0425095 8 
0 0.0468247 8 
0 0.0485933 8 
0 0.0490841 8 
0 0.0507733 8 
0 0.0524085 8 
0 0.0535452 8 
0 0.0550932 8 
0 0.0563954 8 
0 0.0566037 8 
0 0.0586954 8 
0 0.0607091 8 
0 0.0651147 8 
0 0.0653027 8 
0 0.0676528 8 
0 0.0692485 8 
0 0.072639 8 
0 0.0763556 8 
0 0.0825746 8 
0 0.0916946 8 
0 0.0956208 8 
0 0.0965592 8 
0 0.0981687 8 
0 0.100234 8 
0 0.105499 8 
0 0.105504 8 
0 0.116774 8 
0 0.121924 8 
0 0.136551 8 
0 0.137868 8 
0 0.140558 8 
0 0.182233 8 
0 0.184074 8 
0 0.191356 8 
0 0.238899 8 
0 0.244875 8 
0 0.271295 8 
0 0.281195 8 
0 0.303935 8 
0 0.308956 8 
0 0.315439 8 
0 0.342999 8 
0 0.371326 8 
0 0.389699 8 
0 0.389875 8 
0 0.395224 8 
0 0.396897 8 
0 0.42766 8 
0 0.450144 8 
0 0.452146 8 
0 0.468407 8 
0 0.520932 8 
0 0.535961 8 
0 0.538114 8 
0 0.551675 8 
0 0.554723 8 
0 0.560369 8 
0 0.586639 8 
0 0.61602 8 
0 0.618303 8 
0 0.621302 8 
0 0.631833 8 
0 0.632976 8 
0 0.640043 8 
0 0.640946 8 
0 0.650987 8 
0 0.652382 8 
0 0.654595 8 
0 0.743016 8 
0 0.807235 8 
0 0.817214 8 
0 0.822226 8 
0 0.857467 8 
0 0.877743 8 
0 0.878086 8 
0 0.900241 8 
0 0.931698 8 
0 0.956116 8 
0 1.06755 8 
0 1.07846 8 
0 1.08773 8 
0 1.10738 8 
0 1.11321 8 
0 1.14212 8 
0 1.17016 8 
0 1.17918 8 
0 1.20702 8 
0 1.25905 8 
0 1.26234 8 
0 1.26282 8 
0 1.26706 8 
0 1.28831 8 
0 1.30157 8 
0 1.33979 8 
0 1.33991 8 
0 1.43777 8 
0 1.48786 8 
0 1.63283 8 
0 inf 8 
0 0.0410681 9 
0 0.0413589 9 
0 0.04222 9 
0 0.0473389 9 
0 0.0533168 9 
0 0.0553187 9 
0 0.0574504 9 
0 0.0616971 9 
0 0.0660412 9 
0 0.0701008 9 
0 0.0701068 9 
0 0.0706111 9 
0 0.0737882 9 
0 0.0739475 9 
0 0.0744416 9 
0 0.0779196 9 
0 0.0818388 9 
0 0.0824273 9 
0 0.0831499 9 
0 0.0910414 9 
0 0.0919582 9 
0 0.0968082 9 
0 0.0984646 9 
0 0.107316 9 
0 0.111713 9 
0 0.117288 9 
0 0.121329 9 
0 0.128559 9 
0 0.165104 9 
0 0.169638 9 
0 0.193981 9 
0 0.20308 9 
0 0.212642 9 
0 0.215921 9 
0 0.22654 9 
0 0.235428 9 
0 0.27289 9 
0 0.279515 9 
0 0.29557 9 
0 0.331535 9 
0 0.341455 9 
0 0.376612 9 
0 0.382704 9 
0 0.422638 9 
0 0.424345 9 
0 0.428336 9 
0 0.430676 9 
0 0.434561 9 
0 0.437876 9 
0 0.442602 9 
0 0.442687 9 
0 0.445775 9 
0 0.481993 9 
0 0.503419 9 
0 0.517336 9 
0 0.535312 9 
0 0.539625 9 
0 0.540161 9 
0 0.552094 9 
0 0.560025 9 
0 0.602427 9 
0 0.603445 9 
0 0.615415 9 
0 0.617467 9 
0 0.636733 9 
0 0.638716 9 
0 0.687536 9 
0 0.75594 9 
0 0.810329 9 
0 0.829302 9 
0 0.8344 9 
0 0.877866 9 
0 0.880729 9 
0 0.909928 9 
0 0.945389 9 
0 0.972807 9 
0 1.00675 9 
0 1.00688 9 
0 1.02082 9 
0 1.10427 9 
0 1.13117 9 
0 1.16293 9 
0 1.1716 9 
0 1.22801 9 
0 1.25631 9 
0 1.2699 9 
0 1.27036 9 
0 1.30306 9 
0 1.30374 9 
0 1.30485 9 
0 1.30693 9 
0 1.31626 9 
0 1.37218 9 
0 1.37387 9 
0 1.39388 9 
0 1.47139 9 
0 1.50353 9 
0 1.99487 9 
0 1.99538 9 
0 inf 9 
0 0.0455201 10 
0 0.0457823 10 
0 0.0473348 10 
0 0.0488442 10 
0 0.0557519 10 
0 0.0593045 10 
0 0.0609122 10 
0 0.061105 10 
0 0.0641886 10 
0 0.0641907 10 
0 0.066035 10 
0 0.0737882 10 
0 0.0813986 10 
0 0.0816881 10 
0 0.0830067 10 
0 0.0830767 10 
0 0.102371 10 
0 0.103426 10 
0 0.106013 10 
0 0.106978 10 
0 0.117085 10 
0 0.143352 10 
0 0.160425 10 
0 0.181277 10 
0 0.20052 10 
0 0.20789 10 
0 0.225789 10 
0 0.245445 10 
0 0.271517 10 
0 0.275084 10 
0 0.290572 10 
0 0.32685 10 
0 0.329054 10 
0 0.357987 10 
0 0.362202 10 
0 0.364616 10 
0 0.377364 10 
0 0.396061 10 
0 0.397549 10 
0 0.407927 10 
0 0.409077 10 
0 0.422602 10 
0 0.425258 10 
0 0.426022 10 
0 0.426162 10 
0 0.427629 10 
0 0.427829 10 
0 0.428053 10 
0 0.428979 10 
0 0.509384 10 
0 0.516624 10 
0 0.516917 10 
0 0.521635 10 
0 0.527902 10 
0 0.530633 10 
0 0.545911 10 
0 0.576297 10 
0 0.5773 10 
0 0.586996 10 
0 0.590372 10 
0 0.641144 10 
0 0.642946 10 
0 0.643884 10 
0 0.719719 10 
0 0.726129 10 
0 0.7603 10 
0 0.76106 10 
0 0.78173 10 
0 0.806847 10 
0 0.809603 10 
0 0.930904 10 
0 0.931422 10 
0 0.933321 10 
0 1.0226 10 
0 1.03055 10 
0 1.10446 10 
0 1.1623 10 
0 1.16974 10 
0 1.23317 10 
0 1.23348 10 
0 1.24248 10 
0 1.24264 10 
0 1.26555 10 
0 1.26661 10 
0 1.29432 10 
0 1.2944 10 
0 1.29692 10 
0 1.31719 10 
0 1.4861 10 
0 1.48726 10 
0 1.53018 10 
0 1.58408 10 
0 1.58839 10 
0 1.75856 10 
0 1.759 10 
0 inf 10 
0 0.0425126 11 
0 0.0568189 11 
0 0.0589022 11 
0 0.0617031 11 
0 0.063236 11 
0 0.0654866 11 
0 0.0827181 11 
0 0.0892975 11 
0 0.0924807 11 
0 0.092741 11 
0 0.105503 11 
0 0.106913 11 
0 0.121173 11 
0 0.140388 11 
0 0.142843 11 
0 0.14799 11 
0 0.159955 11 
0 0.161474 11 
0 0.192423 11 
0 0.217697 11 
0 0.22704 11 
0 0.231074 11 
0 0.240938 11 
0 0.252906 11 
0 0.274869 11 
0 0.292552 11 
0 0.334501 11 
0 0.340214 11 
0 0.340671 11 
0 0.354056 11 
0 0.356902 11 
0 0.374586 11 
0 0.378938 11 
0 0.382261 11 
0 0.411421 11 
0 0.413262 11 
0 0.414684 11 
0 0.423907 11 
0 0.431166 11 
0 0.434937 11 
0 0.449457 11 
0 0.477397 11 
0 0.497562 11 
0 0.501612 11 
0 0.550897 11 
0 0.552295 11 
0 0.569331 11 
0 0.572706 11 
0 0.576515 11 
0 0.580872 11 
0 0.585532 11 
0 0.597132 11 
0 0.601635 11 
0 0.607464 11 
0 0.608158 11 
0 0.609049 11 
0 0.61296 11 
0 0.632043 11 
0 0.6329 11 
0 0.68644 11 
0 0.689479 11 
0 0.692128 11 
0 0.692824 11 
0 0.756896 11 
0 0.80372 11 
0 0.807503 11 
0 0.91703 11 
0 0.91703 11 
0 0.920427 11 
0 0.958679 11 
0 0.959182 11 
0 1.01628 11 
0 1.02145 11 
0 1.02808 11 
0 1.0285 11 
0 1.15197 11 
0 1.15988 11 
0 1.20564 11 
0 1.21963 11 
0 1.25799 11 
0 1.26629 11 
0 1.26717 11 
0 1.26724 11 
0 1.26757 11 
0 1.26759 11 
0 1.2694 11 
0 1.29571 11 
0 1.30458 11 
0 1.42798 11 
0 1.43495 11 
0 1.43502 11 
0 inf 11 
0 0.0444479 12 
0 0.0858623 12 
0 0.089301 12 
0 0.0998711 12 
0 0.109035 12 
0 0.110087 12 
0 0.115948 12 
0 0.118052 12 
0 0.123979 12 
0 0.132983 12 
0 0.137077 12 
0 0.173881 12 
0 0.216261 12 
0 0.237293 12 
0 0.247832 12 
0 0.256801 12 
0 0.257978 12 
0 0.25926 12 
0 0.283351 12 
0 0.284444 12 
0 0.286285 12 
0 0.287193 12 
0 0.299277 12 
0 0.299614 12 
0 0.336729 12 
0 0.338759 12 
0 0.339363 12 
0 0.346547 12 
0 0.354872 12 
0 0.355683 12 
0 0.359724 12 
0 0.363425 12 
0 0.366413 12 
0 0.368675 12 
0 0.37234 12 
0 0.374372 12 
0 0.375015 12 
0 0.387372 12 
0 0.388793 12 
0 0.393504 12 
0 0.426461 12 
0 0.454357 12 
0 0.45524 12 
0 0.466648 12 
0 0.467059 12 
0 0.46914 12 
0 0.46953 12 
0 0.483558 12 
0 0.506311 12 
0 0.510859 12 
0 0.52157 12 
0 0.539269 12 
0 0.629924 12 
0 0.632062 12 
0 0.635492 12 
0 0.638536 12 
0 0.639196 12 
0 0.678487 12 
0 0.67854 12 
0 0.687009 12 
0 0.712463 12 
0 0.737493 12 
0 0.737688 12 
0 0.785255 12 
0 0.786589 12 
0 0.815621 12 
0 0.815652 12 
0 0.820334 12 
0 0.85068 12 
0 0.851317 12 
0 0.865044 12 
0 0.926276 12 
0 0.92991 12 
0 0.951121 12 
0 1.16488 12 
0 1.16837 12 
0 1.16877 12 
0 1.17398 12 
0 1.18378 12 
0 1.24379 12 
0 1.25728 12 
0 1.25766 12 
0 1.26194 12 
0 1.26378 12 
0 1.31607 12 
0 1.31629 12 
0 1.31629 12 
0 inf 12 
0 0.0822026 13 
0 0.108766 13 
0 0.116673 13 
0 0.130698 13 
0 0.146596 13 
0 0.165102 13 
0 0.196763 13 
0 0.219793 13 
0 0.222459 13 
0 0.23267 13 
0 0.261267 13 
0 0.273634 13 
0 0.29065 13 
0 0.292303 13 
0 0.295423 13 
0 0.297049 13 
0 0.301224 13 
0 0.316935 13 
0 0.317374 13 
0 0.322104 13 
0 0.324135 13 
0 0.327094 13 
0 0.327991 13 
0 0.332079 13 
0 0.332215 13 
0 0.337548 13 
0 0.341332 13 
0 0.342261 13 
0 0.343491 13 
0 0.352419 13 
0 0.353279 13 
0 0.355142 13 
0 0.359764 13 
0 0.369868 13 
0 0.369966 13 
0 0.372206 13 
0 0.398017 13 
0 0.413612 13 
0 0.434212 13 
0 0.439561 13 
0 0.439917 13 
0 0.455526 13 
0 0.456777 13 
0 0.458963 13 
0 0.529147 13 
0 0.529261 13 
0 0.529466 13 
0 0.535349 13 
0 0.63107 13 
0 0.632271 13 
0 0.719729 13 
0 0.730563 13 
0 0.730909 13 
0 0.730959 13 
0 0.800777 13 
0 0.80868 13 
0 0.844604 13 
0 0.878436 13 
0 0.945558 13 
0 0.945622 13 
0 0.945685 13 
0 0.998157 13 
0 1.01199 13 
0 1.01199 13 
0 1.01247 13 
0 1.02759 13 
0 1.05344 13 
0 1.15737 13 
0 1.17069 13 
0 1.25308 13 
0 1.25648 13 
0 1.25691 13 
0 1.26298 13 
0 1.26988 13 
0 1.36942 13 
0 1.36971 13 
0 1.37006 13 
0 1.44743 13 
0 1.45146 13 
0 1.45169 13 
0 1.5638 13 
0 1.56398 13 
0 1.56896 13 
0 inf 13 
0 0.0463062 14 
0 0.0857853 14 
0 0.105617 14 
0 0.111499 14 
0 0.119526 14 
0 0.20445 14 
0 0.209986 14 
0 0.217864 14 
0 0.246294 14 
0 0.254399 14 
0 0.264984 14 
0 0.272508 14 
0 0.274118 14 
0 0.289865 14 
0 0.294482 14 
0 0.303904 14 
0 0.307287 14 
0 0.312695 14 
0 0.314668 14 
0 0.319302 14 
0 0.3319 14 
0 0.333095 14 
0 0.334251 14 
0 0.334251 14 
0 0.335128 14 
0 0.349073 14 
0 0.349073 14 
0 0.362959 14 
0 0.363131 14 
0 0.364119 14 
0 0.3675 14 
0 0.369374 14 
0 0.37021 14 
0 0.37073 14 
0 0.371974 14 
0 0.39099 14 
0 0.418189 14 
0 0.456121 14 
0 0.487917 14 
0 0.488115 14 
0 0.489323 14 
0 0.490675 14 
0 0.520956 14 
0 0.527305 14 
0 0.629197 14 
0 0.632767 14 
0 0.702794 14 
0 0.804739 14 
0 0.813315 14 
0 0.815738 14 
0 0.815974 14 
0 0.815974 14 
0 0.932171 14 
0 0.942003 14 
0 0.942617 14 
0 0.949835 14 
0 0.979643 14 
0 1.01451 14 
0 1.10077 14 
0 1.1547 14 
0 1.1807 14 
0 1.19149 14 
0 1.19811 14 
0 1.20356 14 
0 1.20464 14 
0 1.22133 14 
0 1.22608 14 
0 1.22741 14 
0 1.2634 14 
0 1.27304 14 
0 1.29954 14 
0 1.29958 14 
0 1.29972 14 
0 1.34347 14 
0 1.34347 14 
0 1.34387 14 
0 1.90554 14 
0 1.90598 14 
0 1.90659 14 
0 inf 14 
0 0.072306 15 
0 0.083875 15 
0 0.0923555 15 
0 0.093063 15 
0 0.097433 15 
0 0.0974881 15 
0 0.104178 15 
0 0.105213 15 
0 0.119326 15 
0 0.185697 15 
0 0.210043 15 
0 0.221211 15 
0 0.221211 15 
0 0.223648 15 
0 0.240006 15 
0 0.285224 15 
0 0.287571 15 
0 0.289449 15 
0 0.28945 15 
0 0.291688 15 
0 0.292159 15 
0 0.303647 15 
0 0.343281 15 
0 0.355617 15 
0 0.358417 15 
0 0.35892 15 
0 0.361028 15 
0 0.389754 15 
0 0.390772 15 
0 0.400968 15 
0 0.405625 15 
0 0.407402 15 
0 0.414224 15 
0 0.435061 15 
0 0.492807 15 
0 0.503304 15 
0 0.503902 15 
0 0.51675 15 
0 0.51696 15 
0 0.517729 15 
0 0.517798 15 
0 0.522664 15 
0 0.647447 15 
0 0.65114 15 
0 0.696631 15 
0 0.700511 15 
0 0.701199 15 
0 0.825679 15 
0 0.90416 15 
0 0.938859 15 
0 0.941255 15 
0 0.941511 15 
0 0.941511 15 
0 0.98395 15 
0 1.08004 15 
0 1.08021 15 
0 1.08049 15 
0 1.14984 15 
0 1.17835 15 
0 1.17906 15 
0 1.1807 15 
0 1.18119 15 
0 1.18142 15 
0 1.19503 15 
0 1.19696 15 
0 1.20345 15 
0 1.21133 15 
0 1.2619 15 
0 1.2761 15 
0 1.277 15 
0 1.277 15 
0 1.27723 15 
0 1.49282 15 
0 1.49282 15 
0 1.49282 15 
0 inf 15 
0 0.0603146 16 
0 0.0616941 16 
0 0.0832217 16 
0 0.0881422 16 
0 0.0886874 16 
0 0.0897068 16 
0 0.107429 16 
0 0.112088 16 
0 0.127622 16 
0 0.140035 16 
0 0.141494 16 
0 0.146599 16 
0 0.148234 16 
0 0.22072 16 
0 0.236934 16 
0 0.246793 16 
0 0.247816 16 
0 0.273678 16 
0 0.283775 16 
0 0.284961 16 
0 0.285173 16 
0 0.285469 16 
0 0.31938 16 
0 0.321185 16 
0 0.349126 16 
0 0.350146 16 
0 0.398036 16 
0 0.399487 16 
0 0.399607 16 
0 0.399848 16 
0 0.497117 16 
0 0.528037 16 
0 0.53258 16 
0 0.532761 16 
0 0.533055 16 
0 0.534231 16 
0 0.538935 16 
0 0.611347 16 
0 0.62081 16 
0 0.620946 16 
0 0.650024 16 
0 0.650747 16 
0 0.652097 16 
0 0.652688 16 
0 0.838452 16 
0 0.852592 16 
0 0.885023 16 
0 0.885118 16 
0 0.885811 16 
0 0.954919 16 
0 0.957904 16 
0 0.957942 16 
0 0.959148 16 
0 1.03896 16 
0 1.0409 16 
0 1.04163 16 
0 1.16263 16 
0 1.17694 16 
0 1.18813 16 
0 1.19779 16 
0 1.21835 16 
0 1.24797 16 
0 1.28413 16 
0 1.28481 16 
0 1.28556 16 
0 1.28754 16 
0 1.28766 16 
0 1.28774 16 
0 1.28796 16 
0 1.32477 16 
0 1.32549 16 
0 inf 16 
0 0.0955588 17 
0 0.0968082 17 
0 0.102309 17 
0 0.104753 17 
0 0.104754 17 
0 0.106465 17 
0 0.128748 17 
0 0.129029 17 
0 0.130975 17 
0 0.196328 17 
0 0.209814 17 
0 0.212098 17 
0 0.213458 17 
0 0.214689 17 
0 0.293295 17 
0 0.329648 17 
0 0.330086 17 
0 0.334356 17 
0 0.339335 17 
0 0.34008 17 
0 0.340823 17 
0 0.34584 17 
0 0.381095 17 
0 0.426302 17 
0 0.428135 17 
0 0.428359 17 
0 0.434645 17 
0 0.517616 17 
0 0.523057 17 
0 0.541059 17 
0 0.541059 17 
0 0.541059 17 
0 0.541837 17 
0 0.561185 17 
0 0.562451 17 
0 0.562558 17 
0 0.582785 17 
0 0.657801 17 
0 0.658515 17 
0 0.658533 17 
0 0.659448 17 
0 0.875264 17 
0 0.87993 17 
0 0.881298 17 
0 0.881571 17 
0 0.933108 17 
0 0.961425 17 
0 0.961425 17 
0 0.961575 17 
0 0.965513 17 
0 1.03128 17 
0 1.08205 17 
0 1.08246 17 
0 1.09111 17 
0 1.0924 17 
0 1.17802 17 
0 1.2323 17 
0 1.26849 17 
0 1.27731 17 
0 1.29875 17 
0 1.3009 17 
0 1.30097 17 
0 1.30297 17 
0 1.30297 17 
0 1.3036 17 
0 1.30375 17 
0 1.30375 17 
0 inf 17 
0 0.080722 18 
0 0.0877306 18 
0 0.0877306 18 
0 0.120032 18 
0 0.122515 18 
0 0.124949 18 
0 0.278482 18 
0 0.280035 18 
0 0.281194 18 
0 0.281541 18 
0 0.282438 18 
0 0.282566 18 
0 0.322098 18 
0 0.33662 18 
0 0.336799 18 
0 0.339293 18 
0 0.342685 18 
0 0.372103 18 
0 0.372718 18 
0 0.372879 18 
0 0.403899 18 
0 0.43257 18 
0 0.434368 18 
0 0.449629 18 
0 0.449629 18 
0 0.463202 18 
0 0.498615 18 
0 0.498687 18 
0 0.498905 18 
0 0.517941 18 
0 0.519972 18 
0 0.557784 18 
0 0.558107 18 
0 0.558259 18 
0 0.612323 18 
0 0.616147 18 
0 0.682965 18 
0 0.685571 18 
0 0.689355 18 
0 0.689355 18 
0 0.814006 18 
0 0.923929 18 
0 0.939291 18 
0 0.939355 18 
0 0.939547 18 
0 0.969222 18 
0 0.971221 18 
0 0.972956 18 
0 0.973884 18 
0 1.0737 18 
0 1.2193 18 
0 1.24157 18 
0 1.24313 18 
0 1.24327 18 
0 1.30456 18 
0 1.3047 18 
0 1.30493 18 
0 1.30541 18 
0 1.30603 18 
0 1.38588 18 
0 1.38608 18 
0 1.3867 18 
0 1.38699 18 
0 inf 18 
0 0.0865646 19 
0 0.129948 19 
0 0.130226 19 
0 0.138391 19 
0 0.145439 19 
0 0.145687 19 
0 0.204535 19 
0 0.207136 19 
0 0.207484 19 
0 0.207658 19 
0 0.212791 19 
0 0.216829 19 
0 0.272624 19 
0 0.272933 19 
0 0.273066 19 
0 0.353107 19 
0 0.35355 19 
0 0.353721 19 
0 0.37388 19 
0 0.374041 19 
0 0.374427 19 
0 0.387648 19 
0 0.419774 19 
0 0.427959 19 
0 0.43111 19 
0 0.432003 19 
0 0.43409 19 
0 0.467019 19 
0 0.467019 19 
0 0.468436 19 
0 0.519405 19 
0 0.519474 19 
0 0.51966 19 
0 0.557589 19 
0 0.558129 19 
0 0.558302 19 
0 0.708629 19 
0 0.708714 19 
0 0.709479 19 
0 0.715665 19 
0 0.754842 19 
0 0.947366 19 
0 0.947366 19 
0 0.94757 19 
0 0.996926 19 
0 1.00285 19 
0 1.00305 19 
0 1.00476 19 
0 1.1909 19 
0 1.2285 19 
0 1.22854 19 
0 1.23951 19 
0 1.30913 19 
0 1.30926 19 
0 1.30971 19 
0 1.4893 19 
0 1.49007 19 
0 1.4916 19 
0 2.64436 19 
0 inf 19 
0 0.0809544 20 
0 0.081694 20 
0 0.0825754 20 
0 0.0834451 20 
0 0.0851596 20 
0 0.0954347 20 
0 0.115734 20 
0 0.115735 20 
0 0.128366 20 
0 0.190978 20 
0 0.190978 20 
0 0.210195 20 
0 0.240306 20 
0 0.240306 20 
0 0.242303 20 
0 0.278005 20 
0 0.278827 20 
0 0.279733 20 
0 0.346133 20 
0 0.34863 20 
0 0.369733 20 
0 0.370416 20 
0 0.370774 20 
0 0.370774 20 
0 0.370806 20 
0 0.396672 20 
0 0.422187 20 
0 0.422187 20 
0 0.422188 20 
0 0.431865 20 
0 0.431949 20 
0 0.434701 20 
0 0.517849 20 
0 0.517965 20 
0 0.518894 20 
0 0.519232 20 
0 0.560455 20 
0 0.5614 20 
0 0.562751 20 
0 0.717237 20 
0 0.720522 20 
0 0.815166 20 
0 0.927144 20 
0 0.927768 20 
0 0.928287 20 
0 1.02558 20 
0 1.02857 20 
0 1.19111 20 
0 1.28264 20 
0 1.28335 20 
0 1.29588 20 
0 1.29595 20 
0 1.2961 20 
0 1.52452 20 
0 1.52501 20 
0 inf 20 
