0 0.0257588 1 
0 0.0348767 1 
0 0.0379135 1 
0 0.0379146 1 
0 0.0379146 1 
0 0.0393408 1 
0 0.0407273 1 
0 0.0407273 1 
0 0.0407275 1 
0 0.040728 1 
0 0.0446154 1 
0 0.045837 1 
0 0.0458375 1 
0 0.0458382 1 
0 0.0458389 1 
0 0.0481869 1 
0 0.0493216 1 
0 0.050429 1 
0 0.0504325 1 
0 0.0504365 1 
0 0.0515171 1 
0 0.0525754 1 
0 0.0525758 1 
0 0.0525794 1 
0 0.0536182 1 
0 0.0536209 1 
0 0.0556445 1 
0 0.0566285 1 
0 0.0566293 1 
0 0.0575958 1 
0 0.0585461 1 
0 0.0585481 1 
0 0.0585495 1 
0 0.0613166 1 
0 0.0613173 1 
0 0.063095 1 
0 0.0648253 1 
0 0.0656679 1 
0 0.0673296 1 
0 0.068953 1 
0 0.0743594 1 
0 0.0772736 1 
0 0.0779879 1 
0 0.0786922 1 
0 0.078695 1 
0 0.0793907 1 
0 0.079391 1 
0 0.0814566 1 
0 0.082128 1 
0 0.0828003 1 
0 0.0834625 1 
0 0.0847802 1 
0 0.0867168 1 
0 0.087981 1 
0 0.0892304 1 
0 0.0898461 1 
0 0.0940587 1 
0 0.0952236 1 
0 0.0952267 1 
0 0.0969497 1 
0 0.0975234 1 
0 0.100866 1 
0 0.105684 1 
0 0.106203 1 
0 0.106203 1 
0 0.108267 1 
0 0.110791 1 
0 0.110792 1 
0 0.113744 1 
0 0.11804 1 
0 0.122183 1 
0 0.123083 1 
0 0.12793 1 
0 0.130925 1 
0 0.133846 1 
0 0.134262 1 
0 0.13831 1 
0 0.139506 1 
0 0.140693 1 
0 0.142642 1 
0 0.149458 1 
0 0.152024 1 
0 0.153472 1 
0 0.155263 1 
0 0.168916 1 
0 0.171184 1 
0 0.176905 1 
0 0.194472 1 
0 0.209794 1 
0 0.211102 1 
0 0.212146 1 
0 0.212409 1 
0 0.226031 1 
0 0.22822 1 
0 0.231588 1 
0 0.249954 1 
0 0.254776 1 
0 0.261627 1 
0 0.266037 1 
0 0.284706 1 
0 0.299476 1 
0 0.309636 1 
0 0.333703 1 
0 0.34718 1 
0 0.347188 1 
0 0.356607 1 
0 0.357248 1 
0 0.372826 1 
0 0.380038 1 
0 0.392197 1 
0 0.401532 1 
0 0.404433 1 
0 0.404834 1 
0 0.412523 1 
0 0.422466 1 
0 0.541548 1 
0 0.544291 1 
0 0.574818 1 
0 0.611722 1 
0 0.63687 1 
0 0.809481 1 
0 1.08795 1 
0 1.6579 1 
0 2.04753 1 
0 2.51717 1 
0 3.30828 1 
0 3.333 1 
0 4.79346 1 
0 5.17591 1 
0 5.23184 1 
0 5.83064 1 
0 inf 1 
0 0.0235132 2 
0 0.0235154 2 
0 0.0257572 2 
0 0.0257575 2 
0 0.0257592 2 
0 0.0278212 2 
0 0.0332532 2 
0 0.0348761 2 
0 0.0364271 2 
0 0.037911 2 
0 0.0379126 2 
0 0.0379146 2 
0 0.0393451 2 
0 0.0407252 2 
0 0.0407275 2 
0 0.040728 2 
0 0.0420634 2 
0 0.0446161 2 
0 0.0458374 2 
0 0.0481882 2 
0 0.0493195 2 
0 0.052576 2 
0 0.0536189 2 
0 0.0536196 2 
0 0.0576012 2 
0 0.0613202 2 
0 0.0639629 2 
0 0.0639709 2 
0 0.0648221 2 
0 0.0648227 2 
0 0.0648242 2 
0 0.0648242 2 
0 0.0648243 2 
0 0.0648268 2 
0 0.0689598 2 
0 0.0697548 2 
0 0.0713212 2 
0 0.0743568 2 
0 0.0743622 2 
0 0.0765527 2 
0 0.076558 2 
0 0.0800851 2 
0 0.0827993 2 
0 0.0834617 2 
0 0.0841304 2 
0 0.0867155 2 
0 0.0910683 2 
0 0.095221 2 
0 0.0952234 2 
0 0.0969527 2 
0 0.0980822 2 
0 0.098084 2 
0 0.10249 2 
0 0.104098 2 
0 0.10463 2 
0 0.109788 2 
0 0.11079 2 
0 0.11228 2 
0 0.117572 2 
0 0.11804 2 
0 0.127071 2 
0 0.130922 2 
0 0.138318 2 
0 0.144947 2 
0 0.149825 2 
0 0.150933 2 
0 0.15913 2 
0 0.162572 2 
0 0.166272 2 
0 0.171829 2 
0 0.174705 2 
0 0.175648 2 
0 0.18782 2 
0 0.191028 2 
0 0.191892 2 
0 0.197854 2 
0 0.201738 2 
0 0.203911 2 
0 0.219824 2 
0 0.239567 2 
0 0.246845 2 
0 0.266441 2 
0 0.275021 2 
0 0.288944 2 
0 0.293706 2 
0 0.296871 2 
0 0.301676 2 
0 0.305862 2 
0 0.306769 2 
0 0.306979 2 
0 0.30749 2 
0 0.311979 2 
0 0.315472 2 
0 0.336181 2 
0 0.343819 2 
0 0.34877 2 
0 0.349876 2 
0 0.350822 2 
0 0.353337 2 
0 0.37327 2 
0 0.381769 2 
0 0.381769 2 
0 0.433555 2 
0 0.435466 2 
0 0.455307 2 
0 0.481921 2 
0 0.489392 2 
0 0.49492 2 
0 0.503789 2 
0 0.509042 2 
0 0.511916 2 
0 0.634617 2 
0 0.824165 2 
0 0.864328 2 
0 1.42113 2 
0 1.48405 2 
0 1.67078 2 
0 1.97815 2 
0 2.96878 2 
0 3.63685 2 
0 3.76556 2 
0 3.95429 2 
0 4.02274 2 
0 4.03864 2 
0 4.47494 2 
0 4.62271 2 
0 4.64632 2 
0 inf 2 
0 0.0332523 3 
0 0.0348731 3 
0 0.0446149 3 
0 0.0446153 3 
0 0.0481895 3 
0 0.0481895 3 
0 0.0493229 3 
0 0.0493233 3 
0 0.0493284 3 
0 0.0504273 3 
0 0.052577 3 
0 0.0536204 3 
0 0.0546414 3 
0 0.0556441 3 
0 0.0556451 3 
0 0.0576031 3 
0 0.0585476 3 
0 0.0585497 3 
0 0.0604048 3 
0 0.0613171 3 
0 0.0630945 3 
0 0.0639609 3 
0 0.0656697 3 
0 0.0681544 3 
0 0.0705392 3 
0 0.0705418 3 
0 0.0713175 3 
0 0.0720925 3 
0 0.0720961 3 
0 0.0743567 3 
0 0.0743592 3 
0 0.0772692 3 
0 0.0772737 3 
0 0.0772742 3 
0 0.0779851 3 
0 0.0814516 3 
0 0.0841256 3 
0 0.0892287 3 
0 0.0904611 3 
0 0.0904639 3 
0 0.0910683 3 
0 0.0928664 3 
0 0.0969483 3 
0 0.0980809 3 
0 0.0980828 3 
0 0.108265 3 
0 0.109788 3 
0 0.118973 3 
0 0.119899 3 
0 0.129221 3 
0 0.135075 3 
0 0.135488 3 
0 0.137507 3 
0 0.154905 3 
0 0.160859 3 
0 0.178768 3 
0 0.186352 3 
0 0.18782 3 
0 0.190444 3 
0 0.193906 3 
0 0.218312 3 
0 0.230629 3 
0 0.232065 3 
0 0.239567 3 
0 0.24232 3 
0 0.25521 3 
0 0.255648 3 
0 0.255859 3 
0 0.258874 3 
0 0.260569 3 
0 0.267486 3 
0 0.268311 3 
0 0.268943 3 
0 0.270531 3 
0 0.271388 3 
0 0.274002 3 
0 0.285119 3 
0 0.285869 3 
0 0.293312 3 
0 0.293313 3 
0 0.294253 3 
0 0.295753 3 
0 0.297106 3 
0 0.310884 3 
0 0.310884 3 
0 0.311593 3 
0 0.315636 3 
0 0.325315 3 
0 0.332188 3 
0 0.33254 3 
0 0.33254 3 
0 0.342676 3 
0 0.35985 3 
0 0.406056 3 
0 0.411464 3 
0 0.422079 3 
0 0.455471 3 
0 0.456695 3 
0 0.461365 3 
0 0.466028 3 
0 0.468402 3 
0 0.476824 3 
0 0.529889 3 
0 0.66191 3 
0 0.689547 3 
0 0.844394 3 
0 1.12895 3 
0 1.27811 3 
0 1.37824 3 
0 1.48789 3 
0 1.68211 3 
0 1.69184 3 
0 1.69573 3 
0 1.8478 3 
0 2.74047 3 
0 2.96901 3 
0 3.3927 3 
0 3.77048 3 
0 3.80185 3 
0 3.82412 3 
0 3.82436 3 
0 3.98066 3 
0 3.99663 3 
0 inf 3 
0 0.0315473 4 
0 0.0315473 4 
0 0.0332542 4 
0 0.0364291 4 
0 0.0379143 4 
0 0.040725 4 
0 0.0407267 4 
0 0.042062 4 
0 0.0433554 4 
0 0.0446142 4 
0 0.0458345 4 
0 0.048188 4 
0 0.0504315 4 
0 0.0525844 4 
0 0.0546403 4 
0 0.0546435 4 
0 0.0639676 4 
0 0.068149 4 
0 0.0681515 4 
0 0.072098 4 
0 0.0750983 4 
0 0.0779862 4 
0 0.0786933 4 
0 0.0800856 4 
0 0.0814518 4 
0 0.0828041 4 
0 0.0834655 4 
0 0.0904593 4 
0 0.0910702 4 
0 0.0952234 4 
0 0.0963825 4 
0 0.0969543 4 
0 0.0975191 4 
0 0.0980817 4 
0 0.099765 4 
0 0.100863 4 
0 0.105682 4 
0 0.116148 4 
0 0.119896 4 
0 0.121731 4 
0 0.123531 4 
0 0.127928 4 
0 0.130072 4 
0 0.1305 4 
0 0.130922 4 
0 0.132602 4 
0 0.1363 4 
0 0.138314 4 
0 0.138314 4 
0 0.1438 4 
0 0.144187 4 
0 0.152387 4 
0 0.155974 4 
0 0.157738 4 
0 0.164597 4 
0 0.17151 4 
0 0.189312 4 
0 0.207401 4 
0 0.235609 4 
0 0.236546 4 
0 0.237246 4 
0 0.238172 4 
0 0.249044 4 
0 0.249285 4 
0 0.257155 4 
0 0.260144 4 
0 0.267897 4 
0 0.277029 4 
0 0.277849 4 
0 0.279829 4 
0 0.287602 4 
0 0.296687 4 
0 0.307666 4 
0 0.311776 4 
0 0.324802 4 
0 0.325162 4 
0 0.346543 4 
0 0.347204 4 
0 0.34831 4 
0 0.352256 4 
0 0.355381 4 
0 0.363688 4 
0 0.370747 4 
0 0.380298 4 
0 0.380333 4 
0 0.38967 4 
0 0.404967 4 
0 0.409267 4 
0 0.413092 4 
0 0.425954 4 
0 0.428153 4 
0 0.429494 4 
0 0.431754 4 
0 0.441054 4 
0 0.442056 4 
0 0.673664 4 
0 0.751342 4 
0 0.85079 4 
0 0.886903 4 
0 1.13639 4 
0 1.20941 4 
0 1.21009 4 
0 1.21356 4 
0 1.23258 4 
0 1.27047 4 
0 1.85637 4 
0 2.05931 4 
0 2.22931 4 
0 2.36857 4 
0 2.57381 4 
0 2.66734 4 
0 2.66736 4 
0 2.66867 4 
0 3.00492 4 
0 3.38566 4 
0 3.42015 4 
0 3.42635 4 
0 3.42712 4 
0 3.46378 4 
0 inf 4 
0 0.0536153 5 
0 0.0630952 5 
0 0.063963 5 
0 0.0648228 5 
0 0.0665087 5 
0 0.0681459 5 
0 0.0681504 5 
0 0.0689545 5 
0 0.0689551 5 
0 0.0689551 5 
0 0.0697507 5 
0 0.0705465 5 
0 0.0713199 5 
0 0.0713214 5 
0 0.0736074 5 
0 0.0743562 5 
0 0.0743593 5 
0 0.0750942 5 
0 0.0750942 5 
0 0.076555 5 
0 0.0772785 5 
0 0.0786905 5 
0 0.0800848 5 
0 0.080085 5 
0 0.0800884 5 
0 0.0800894 5 
0 0.0807728 5 
0 0.0807743 5 
0 0.0814512 5 
0 0.082802 5 
0 0.0847852 5 
0 0.0898448 5 
0 0.100312 5 
0 0.102499 5 
0 0.106206 5 
0 0.106206 5 
0 0.110792 5 
0 0.112772 5 
0 0.116148 5 
0 0.122183 5 
0 0.127493 5 
0 0.127495 5 
0 0.142294 5 
0 0.142644 5 
0 0.146091 5 
0 0.151662 5 
0 0.15275 5 
0 0.153472 5 
0 0.157035 5 
0 0.15948 5 
0 0.162229 5 
0 0.163583 5 
0 0.163925 5 
0 0.164933 5 
0 0.167924 5 
0 0.170539 5 
0 0.175648 5 
0 0.188108 5 
0 0.193332 5 
0 0.20553 5 
0 0.207671 5 
0 0.22282 5 
0 0.237268 5 
0 0.278443 5 
0 0.286471 5 
0 0.287649 5 
0 0.288992 5 
0 0.289352 5 
0 0.297808 5 
0 0.299514 5 
0 0.300204 5 
0 0.306768 5 
0 0.31534 5 
0 0.321377 5 
0 0.344942 5 
0 0.349244 5 
0 0.349244 5 
0 0.383051 5 
0 0.406713 5 
0 0.408905 5 
0 0.418902 5 
0 0.420877 5 
0 0.4319 5 
0 0.441648 5 
0 0.446999 5 
0 0.450571 5 
0 0.453873 5 
0 0.680374 5 
0 0.833093 5 
0 0.859377 5 
0 0.869158 5 
0 1.0151 5 
0 1.01853 5 
0 1.02227 5 
0 1.03228 5 
0 1.24615 5 
0 1.26925 5 
0 1.46393 5 
0 1.4645 5 
0 1.46601 5 
0 1.47578 5 
0 1.56815 5 
0 1.91825 5 
0 1.94312 5 
0 2.02224 5 
0 2.06191 5 
0 2.06681 5 
0 2.07428 5 
0 2.08386 5 
0 2.2916 5 
0 2.29247 5 
0 2.31283 5 
0 2.52881 5 
0 2.57624 5 
0 2.72759 5 
0 inf 5 
0 0.0446149 6 
0 0.044621 6 
0 0.0525785 6 
0 0.0536184 6 
0 0.0604095 6 
0 0.0622094 6 
0 0.0656707 6 
0 0.0656727 6 
0 0.0681461 6 
0 0.0681496 6 
0 0.0689564 6 
0 0.0713216 6 
0 0.0736149 6 
0 0.0750962 6 
0 0.0827995 6 
0 0.0847852 6 
0 0.0854352 6 
0 0.087977 6 
0 0.0904585 6 
0 0.0952307 6 
0 0.096951 6 
0 0.0975171 6 
0 0.0986497 6 
0 0.103568 6 
0 0.104099 6 
0 0.108267 6 
0 0.110787 6 
0 0.114229 6 
0 0.119439 6 
0 0.122183 6 
0 0.122183 6 
0 0.127498 6 
0 0.129216 6 
0 0.1305 6 
0 0.134261 6 
0 0.141863 6 
0 0.146466 6 
0 0.146507 6 
0 0.147969 6 
0 0.148334 6 
0 0.148712 6 
0 0.149828 6 
0 0.153475 6 
0 0.166268 6 
0 0.202552 6 
0 0.203637 6 
0 0.203637 6 
0 0.204453 6 
0 0.207936 6 
0 0.215275 6 
0 0.224061 6 
0 0.230866 6 
0 0.234221 6 
0 0.235145 6 
0 0.237968 6 
0 0.245266 6 
0 0.250619 6 
0 0.250621 6 
0 0.25172 6 
0 0.264155 6 
0 0.285447 6 
0 0.290283 6 
0 0.292147 6 
0 0.301094 6 
0 0.309105 6 
0 0.318287 6 
0 0.31881 6 
0 0.338493 6 
0 0.346241 6 
0 0.363795 6 
0 0.364864 6 
0 0.394453 6 
0 0.441042 6 
0 0.441668 6 
0 0.44254 6 
0 0.444037 6 
0 0.447016 6 
0 0.448501 6 
0 0.478785 6 
0 0.790227 6 
0 0.81545 6 
0 0.819779 6 
0 0.820048 6 
0 0.822998 6 
0 0.829514 6 
0 0.847633 6 
0 0.888295 6 
0 0.93719 6 
0 1.22249 6 
0 1.23553 6 
0 1.26948 6 
0 1.27651 6 
0 1.2885 6 
0 1.2885 6 
0 1.29073 6 
0 1.30046 6 
0 1.31824 6 
0 1.321 6 
0 1.49535 6 
0 1.50122 6 
0 1.50181 6 
0 1.50273 6 
0 1.60092 6 
0 1.60833 6 
0 1.63272 6 
0 1.87025 6 
0 1.87757 6 
0 1.88606 6 
0 1.88638 6 
0 1.90241 6 
0 1.9033 6 
0 inf 6 
0 0.0604063 7 
0 0.061317 7 
0 0.0673315 7 
0 0.0673364 7 
0 0.0689576 7 
0 0.0736106 7 
0 0.0772729 7 
0 0.0772803 7 
0 0.083461 7 
0 0.0841285 7 
0 0.0854293 7 
0 0.0860748 7 
0 0.0873514 7 
0 0.0879785 7 
0 0.0879858 7 
0 0.0898449 7 
0 0.0928704 7 
0 0.0980846 7 
0 0.0986487 7 
0 0.101408 7 
0 0.101956 7 
0 0.10463 7 
0 0.115194 7 
0 0.118973 7 
0 0.131757 7 
0 0.133846 7 
0 0.134302 7 
0 0.140297 7 
0 0.140688 7 
0 0.141514 7 
0 0.142641 7 
0 0.14499 7 
0 0.147221 7 
0 0.151656 7 
0 0.154548 7 
0 0.154551 7 
0 0.163585 7 
0 0.166932 7 
0 0.16763 7 
0 0.168252 7 
0 0.18183 7 
0 0.189284 7 
0 0.19276 7 
0 0.193618 7 
0 0.199243 7 
0 0.200075 7 
0 0.201761 7 
0 0.201761 7 
0 0.213963 7 
0 0.219323 7 
0 0.224056 7 
0 0.252818 7 
0 0.262475 7 
0 0.267274 7 
0 0.28509 7 
0 0.290285 7 
0 0.297455 7 
0 0.299465 7 
0 0.301674 7 
0 0.30604 7 
0 0.334339 7 
0 0.334834 7 
0 0.334835 7 
0 0.352847 7 
0 0.386354 7 
0 0.390907 7 
0 0.411977 7 
0 0.417207 7 
0 0.481803 7 
0 0.485802 7 
0 0.494489 7 
0 0.679711 7 
0 0.682851 7 
0 0.758934 7 
0 0.772125 7 
0 0.78385 7 
0 0.785753 7 
0 0.799701 7 
0 0.812964 7 
0 0.829847 7 
0 0.846887 7 
0 0.870153 7 
0 0.970356 7 
0 1.01067 7 
0 1.01464 7 
0 1.10119 7 
0 1.12308 7 
0 1.13587 7 
0 1.14416 7 
0 1.16784 7 
0 1.17161 7 
0 1.1719 7 
0 1.17373 7 
0 1.21955 7 
0 1.23132 7 
0 1.23594 7 
0 1.23701 7 
0 1.24632 7 
0 1.29461 7 
0 1.31689 7 
0 1.44854 7 
0 1.67602 7 
0 1.85162 7 
0 1.86234 7 
0 1.86993 7 
0 1.89463 7 
0 2.03127 7 
0 inf 7 
0 0.0536217 8 
0 0.0713221 8 
0 0.0736151 8 
0 0.0800913 8 
0 0.0807747 8 
0 0.0834719 8 
0 0.095804 8 
0 0.0975188 8 
0 0.0980825 8 
0 0.0992059 8 
0 0.100314 8 
0 0.100315 8 
0 0.104113 8 
0 0.107756 8 
0 0.108776 8 
0 0.109787 8 
0 0.110795 8 
0 0.112772 8 
0 0.123534 8 
0 0.123979 8 
0 0.130493 8 
0 0.133843 8 
0 0.138715 8 
0 0.142248 8 
0 0.142641 8 
0 0.14341 8 
0 0.143462 8 
0 0.146091 8 
0 0.146135 8 
0 0.15134 8 
0 0.174066 8 
0 0.178767 8 
0 0.180919 8 
0 0.181229 8 
0 0.187521 8 
0 0.190736 8 
0 0.191025 8 
0 0.193334 8 
0 0.193644 8 
0 0.194189 8 
0 0.19785 8 
0 0.200584 8 
0 0.207674 8 
0 0.210011 8 
0 0.21113 8 
0 0.212108 8 
0 0.214732 8 
0 0.227001 8 
0 0.22992 8 
0 0.250399 8 
0 0.275026 8 
0 0.288949 8 
0 0.331392 8 
0 0.337182 8 
0 0.35067 8 
0 0.361846 8 
0 0.386235 8 
0 0.394432 8 
0 0.397942 8 
0 0.402069 8 
0 0.403062 8 
0 0.420634 8 
0 0.421685 8 
0 0.575361 8 
0 0.643926 8 
0 0.648157 8 
0 0.661573 8 
0 0.674459 8 
0 0.676615 8 
0 0.756094 8 
0 0.775606 8 
0 0.776124 8 
0 0.776908 8 
0 0.778968 8 
0 0.792399 8 
0 0.794629 8 
0 0.819141 8 
0 0.84346 8 
0 0.858397 8 
0 0.861836 8 
0 0.863311 8 
0 0.898929 8 
0 0.919975 8 
0 0.950488 8 
0 0.952289 8 
0 0.965436 8 
0 0.968866 8 
0 0.986744 8 
0 1.00807 8 
0 1.01471 8 
0 1.04628 8 
0 1.12118 8 
0 1.21691 8 
0 1.21868 8 
0 1.21977 8 
0 1.22485 8 
0 1.23011 8 
0 1.23047 8 
0 1.86338 8 
0 1.86611 8 
0 1.87253 8 
0 1.87612 8 
0 1.87801 8 
0 inf 8 
0 0.0779827 9 
0 0.0814546 9 
0 0.0821293 9 
0 0.0834689 9 
0 0.106205 9 
0 0.11326 9 
0 0.116616 9 
0 0.120809 9 
0 0.120809 9 
0 0.121731 9 
0 0.123978 9 
0 0.129223 9 
0 0.130541 9 
0 0.130919 9 
0 0.130927 9 
0 0.132181 9 
0 0.141085 9 
0 0.14109 9 
0 0.141863 9 
0 0.142641 9 
0 0.143454 9 
0 0.152424 9 
0 0.15383 9 
0 0.163271 9 
0 0.169235 9 
0 0.17021 9 
0 0.170539 9 
0 0.18545 9 
0 0.185485 9 
0 0.192469 9 
0 0.201726 9 
0 0.20278 9 
0 0.217038 9 
0 0.217047 9 
0 0.21806 9 
0 0.222073 9 
0 0.223782 9 
0 0.227248 9 
0 0.228246 9 
0 0.233015 9 
0 0.233725 9 
0 0.233733 9 
0 0.257369 9 
0 0.258014 9 
0 0.268299 9 
0 0.278016 9 
0 0.297064 9 
0 0.314397 9 
0 0.366073 9 
0 0.384245 9 
0 0.384677 9 
0 0.393329 9 
0 0.418795 9 
0 0.419188 9 
0 0.421685 9 
0 0.42325 9 
0 0.427033 9 
0 0.445779 9 
0 0.46006 9 
0 0.554853 9 
0 0.686321 9 
0 0.690177 9 
0 0.692046 9 
0 0.749947 9 
0 0.759326 9 
0 0.773868 9 
0 0.779543 9 
0 0.782305 9 
0 0.803978 9 
0 0.804301 9 
0 0.805421 9 
0 0.807614 9 
0 0.809235 9 
0 0.819387 9 
0 0.837566 9 
0 0.840532 9 
0 0.846994 9 
0 0.860224 9 
0 0.863304 9 
0 0.867558 9 
0 0.867558 9 
0 0.873943 9 
0 0.915049 9 
0 0.917403 9 
0 0.973797 9 
0 0.975159 9 
0 0.984496 9 
0 1.21723 9 
0 1.21886 9 
0 1.22389 9 
0 1.28187 9 
0 1.28231 9 
0 1.2827 9 
0 1.28768 9 
0 1.86984 9 
0 1.87028 9 
0 1.87807 9 
0 1.90157 9 
0 1.90288 9 
0 inf 9 
0 0.0867135 10 
0 0.0879823 10 
0 0.106259 10 
0 0.109281 10 
0 0.110841 10 
0 0.112274 10 
0 0.114231 10 
0 0.114246 10 
0 0.118507 10 
0 0.12879 10 
0 0.133013 10 
0 0.13713 10 
0 0.138762 10 
0 0.140296 10 
0 0.153472 10 
0 0.159138 10 
0 0.162906 10 
0 0.17089 10 
0 0.172793 10 
0 0.181227 10 
0 0.181548 10 
0 0.196728 10 
0 0.19868 10 
0 0.201451 10 
0 0.207093 10 
0 0.207402 10 
0 0.207411 10 
0 0.210841 10 
0 0.216019 10 
0 0.216237 10 
0 0.219325 10 
0 0.229906 10 
0 0.23467 10 
0 0.239333 10 
0 0.240247 10 
0 0.255428 10 
0 0.256721 10 
0 0.262891 10 
0 0.262895 10 
0 0.263105 10 
0 0.27465 10 
0 0.287247 10 
0 0.309818 10 
0 0.318788 10 
0 0.328859 10 
0 0.334528 10 
0 0.336999 10 
0 0.356741 10 
0 0.408229 10 
0 0.411063 10 
0 0.484982 10 
0 0.487709 10 
0 0.492111 10 
0 0.530919 10 
0 0.594253 10 
0 0.596548 10 
0 0.602293 10 
0 0.627432 10 
0 0.665833 10 
0 0.670797 10 
0 0.690296 10 
0 0.811167 10 
0 0.812258 10 
0 0.81389 10 
0 0.819238 10 
0 0.82489 10 
0 0.82725 10 
0 0.827785 10 
0 0.840176 10 
0 0.846096 10 
0 0.848185 10 
0 0.850964 10 
0 0.858347 10 
0 0.861562 10 
0 0.864446 10 
0 0.86477 10 
0 0.865345 10 
0 1.09334 10 
0 1.1075 10 
0 1.1087 10 
0 1.23473 10 
0 1.23647 10 
0 1.24255 10 
0 1.24401 10 
0 1.2618 10 
0 1.27191 10 
0 1.27274 10 
0 1.2769 10 
0 1.28663 10 
0 1.28701 10 
0 1.9011 10 
0 1.90345 10 
0 1.92761 10 
0 1.93219 10 
0 1.94033 10 
0 inf 10 
0 0.0536201 11 
0 0.0751188 11 
0 0.0821357 11 
0 0.0860935 11 
0 0.102499 11 
0 0.102499 11 
0 0.122634 11 
0 0.141903 11 
0 0.166267 11 
0 0.167925 11 
0 0.177213 11 
0 0.178718 11 
0 0.189239 11 
0 0.210839 11 
0 0.215522 11 
0 0.217802 11 
0 0.219823 11 
0 0.222324 11 
0 0.227245 11 
0 0.229427 11 
0 0.231109 11 
0 0.237713 11 
0 0.238642 11 
0 0.243462 11 
0 0.245036 11 
0 0.246162 11 
0 0.247514 11 
0 0.251062 11 
0 0.257367 11 
0 0.277015 11 
0 0.278816 11 
0 0.284926 11 
0 0.28875 11 
0 0.297087 11 
0 0.319476 11 
0 0.324297 11 
0 0.328364 11 
0 0.368055 11 
0 0.390645 11 
0 0.398217 11 
0 0.403452 11 
0 0.414258 11 
0 0.41944 11 
0 0.419445 11 
0 0.420503 11 
0 0.422191 11 
0 0.425711 11 
0 0.483037 11 
0 0.501126 11 
0 0.525263 11 
0 0.538222 11 
0 0.538324 11 
0 0.5696 11 
0 0.594771 11 
0 0.615871 11 
0 0.663502 11 
0 0.675068 11 
0 0.680371 11 
0 0.725126 11 
0 0.732334 11 
0 0.774028 11 
0 0.777236 11 
0 0.795592 11 
0 0.801016 11 
0 0.805147 11 
0 0.822481 11 
0 0.825903 11 
0 0.83846 11 
0 0.83947 11 
0 0.841049 11 
0 0.845684 11 
0 0.84673 11 
0 0.867137 11 
0 0.870702 11 
0 0.872223 11 
0 0.946083 11 
0 0.957817 11 
0 0.972312 11 
0 1.15801 11 
0 1.16462 11 
0 1.16633 11 
0 1.22171 11 
0 1.22284 11 
0 1.23459 11 
0 1.23817 11 
0 1.24382 11 
0 1.84642 11 
0 1.8469 11 
0 1.90087 11 
0 1.90567 11 
0 1.90627 11 
0 inf 11 
0 0.087998 12 
0 0.101946 12 
0 0.107749 12 
0 0.114767 12 
0 0.120819 12 
0 0.135938 12 
0 0.169875 12 
0 0.174068 12 
0 0.180309 12 
0 0.18155 12 
0 0.188111 12 
0 0.192762 12 
0 0.194489 12 
0 0.200359 12 
0 0.202271 12 
0 0.206295 12 
0 0.209521 12 
0 0.212666 12 
0 0.220328 12 
0 0.22381 12 
0 0.225534 12 
0 0.227004 12 
0 0.237012 12 
0 0.238407 12 
0 0.251898 12 
0 0.25543 12 
0 0.270593 12 
0 0.29256 12 
0 0.304414 12 
0 0.307871 12 
0 0.314417 12 
0 0.317916 12 
0 0.325818 12 
0 0.335192 12 
0 0.338632 12 
0 0.350982 12 
0 0.352234 12 
0 0.356453 12 
0 0.358001 12 
0 0.358772 12 
0 0.364886 12 
0 0.382486 12 
0 0.40795 12 
0 0.429994 12 
0 0.451691 12 
0 0.461019 12 
0 0.462576 12 
0 0.531643 12 
0 0.635719 12 
0 0.638582 12 
0 0.691326 12 
0 0.708372 12 
0 0.729747 12 
0 0.744005 12 
0 0.745934 12 
0 0.761217 12 
0 0.762378 12 
0 0.781379 12 
0 0.790226 12 
0 0.794838 12 
0 0.799001 12 
0 0.799564 12 
0 0.801695 12 
0 0.823914 12 
0 0.833502 12 
0 0.843787 12 
0 0.850055 12 
0 0.851056 12 
0 0.851317 12 
0 0.868858 12 
0 0.870892 12 
0 0.873159 12 
0 0.897577 12 
0 0.904579 12 
0 0.90702 12 
0 0.934582 12 
0 0.954015 12 
0 1.21409 12 
0 1.22045 12 
0 1.23276 12 
0 1.23455 12 
0 1.23504 12 
0 1.85996 12 
0 1.86053 12 
0 1.86139 12 
0 1.86166 12 
0 1.87698 12 
0 inf 12 
0 0.0922652 13 
0 0.106215 13 
0 0.126678 13 
0 0.144938 13 
0 0.166293 13 
0 0.179382 13 
0 0.180617 13 
0 0.187812 13 
0 0.190694 13 
0 0.199239 13 
0 0.205794 13 
0 0.227738 13 
0 0.240282 13 
0 0.243236 13 
0 0.255181 13 
0 0.256506 13 
0 0.258012 13 
0 0.259512 13 
0 0.259721 13 
0 0.268306 13 
0 0.271613 13 
0 0.271613 13 
0 0.2726 13 
0 0.280986 13 
0 0.286259 13 
0 0.293311 13 
0 0.303136 13 
0 0.308917 13 
0 0.325481 13 
0 0.334033 13 
0 0.336836 13 
0 0.341396 13 
0 0.341561 13 
0 0.341726 13 
0 0.356919 13 
0 0.356919 13 
0 0.374311 13 
0 0.43332 13 
0 0.435992 13 
0 0.454491 13 
0 0.495262 13 
0 0.503346 13 
0 0.504114 13 
0 0.50723 13 
0 0.50723 13 
0 0.580419 13 
0 0.580514 13 
0 0.581941 13 
0 0.633748 13 
0 0.670539 13 
0 0.684743 13 
0 0.718928 13 
0 0.721462 13 
0 0.772482 13 
0 0.772482 13 
0 0.773627 13 
0 0.775339 13 
0 0.778116 13 
0 0.811126 13 
0 0.819386 13 
0 0.820965 13 
0 0.82894 13 
0 0.838068 13 
0 0.83853 13 
0 0.840637 13 
0 0.852022 13 
0 0.86535 13 
0 0.866882 13 
0 0.872224 13 
0 0.877531 13 
0 1.0218 13 
0 1.04237 13 
0 1.06768 13 
0 1.21886 13 
0 1.22172 13 
0 1.26209 13 
0 1.26642 13 
0 1.26712 13 
0 1.84309 13 
0 1.84585 13 
0 1.84684 13 
0 1.84696 13 
0 1.84708 13 
0 inf 13 
0 0.10358 14 
0 0.106729 14 
0 0.125307 14 
0 0.134711 14 
0 0.138314 14 
0 0.15564 14 
0 0.157026 14 
0 0.176539 14 
0 0.189572 14 
0 0.210576 14 
0 0.214987 14 
0 0.217799 14 
0 0.220322 14 
0 0.221574 14 
0 0.223323 14 
0 0.258021 14 
0 0.264779 14 
0 0.268956 14 
0 0.275628 14 
0 0.276222 14 
0 0.281978 14 
0 0.294068 14 
0 0.296504 14 
0 0.296902 14 
0 0.306766 14 
0 0.315293 14 
0 0.320172 14 
0 0.320684 14 
0 0.32086 14 
0 0.329034 14 
0 0.341728 14 
0 0.342531 14 
0 0.375807 14 
0 0.381065 14 
0 0.419842 14 
0 0.448745 14 
0 0.456175 14 
0 0.488615 14 
0 0.510511 14 
0 0.514073 14 
0 0.535481 14 
0 0.612145 14 
0 0.621557 14 
0 0.660549 14 
0 0.672844 14 
0 0.674813 14 
0 0.69396 14 
0 0.69579 14 
0 0.775768 14 
0 0.778046 14 
0 0.803882 14 
0 0.80608 14 
0 0.819597 14 
0 0.82444 14 
0 0.827118 14 
0 0.83848 14 
0 0.845861 14 
0 0.845899 14 
0 0.846645 14 
0 0.847428 14 
0 0.847728 14 
0 0.847923 14 
0 0.849552 14 
0 1.15441 14 
0 1.20755 14 
0 1.20778 14 
0 1.21886 14 
0 1.2261 14 
0 1.23145 14 
0 1.23576 14 
0 1.23576 14 
0 1.28394 14 
0 1.28807 14 
0 1.29 14 
0 1.84252 14 
0 1.84273 14 
0 1.98409 14 
0 1.98437 14 
0 1.98545 14 
0 inf 14 
0 0.134305 15 
0 0.138723 15 
0 0.143807 15 
0 0.150193 15 
0 0.18065 15 
0 0.189868 15 
0 0.194187 15 
0 0.19809 15 
0 0.21551 15 
0 0.218315 15 
0 0.219285 15 
0 0.22004 15 
0 0.221294 15 
0 0.243229 15 
0 0.259291 15 
0 0.260598 15 
0 0.265642 15 
0 0.275828 15 
0 0.278223 15 
0 0.280595 15 
0 0.284119 15 
0 0.286251 15 
0 0.288944 15 
0 0.293689 15 
0 0.295779 15 
0 0.298198 15 
0 0.303147 15 
0 0.30839 15 
0 0.350346 15 
0 0.354749 15 
0 0.357557 15 
0 0.361249 15 
0 0.365334 15 
0 0.384674 15 
0 0.385084 15 
0 0.395982 15 
0 0.4523 15 
0 0.484409 15 
0 0.494686 15 
0 0.560281 15 
0 0.575785 15 
0 0.595105 15 
0 0.650457 15 
0 0.670788 15 
0 0.681826 15 
0 0.685465 15 
0 0.686191 15 
0 0.793248 15 
0 0.801774 15 
0 0.819238 15 
0 0.819575 15 
0 0.821685 15 
0 0.844394 15 
0 0.847402 15 
0 0.850852 15 
0 0.852595 15 
0 0.853772 15 
0 0.855001 15 
0 0.856799 15 
0 0.882691 15 
0 1.10209 15 
0 1.14243 15 
0 1.14437 15 
0 1.21049 15 
0 1.21359 15 
0 1.214 15 
0 1.214 15 
0 1.25761 15 
0 1.25959 15 
0 1.26183 15 
0 1.26196 15 
0 1.85496 15 
0 1.90731 15 
0 1.91864 15 
0 1.91864 15 
0 inf 15 
0 0.10249 16 
0 0.111289 16 
0 0.124032 16 
0 0.126632 16 
0 0.134303 16 
0 0.135493 16 
0 0.15383 16 
0 0.156721 16 
0 0.181528 16 
0 0.183957 16 
0 0.19365 16 
0 0.193856 16 
0 0.195609 16 
0 0.198152 16 
0 0.200585 16 
0 0.200585 16 
0 0.206333 16 
0 0.222076 16 
0 0.228461 16 
0 0.231375 16 
0 0.235167 16 
0 0.251719 16 
0 0.260357 16 
0 0.263732 16 
0 0.26909 16 
0 0.279013 16 
0 0.350631 16 
0 0.360945 16 
0 0.368225 16 
0 0.368825 16 
0 0.376082 16 
0 0.377859 16 
0 0.400572 16 
0 0.400985 16 
0 0.418783 16 
0 0.454013 16 
0 0.525056 16 
0 0.538323 16 
0 0.540923 16 
0 0.650452 16 
0 0.676858 16 
0 0.679385 16 
0 0.679629 16 
0 0.679792 16 
0 0.764306 16 
0 0.776125 16 
0 0.778614 16 
0 0.782015 16 
0 0.787115 16 
0 0.789009 16 
0 0.799011 16 
0 0.816978 16 
0 0.847679 16 
0 0.850725 16 
0 0.85079 16 
0 0.854616 16 
0 0.854939 16 
0 0.901634 16 
0 0.902214 16 
0 0.922907 16 
0 0.949215 16 
0 0.970925 16 
0 0.977282 16 
0 1.21364 16 
0 1.21482 16 
0 1.21596 16 
0 1.21618 16 
0 1.85428 16 
0 1.86017 16 
0 1.86791 16 
0 1.86818 16 
0 inf 16 
0 0.114289 17 
0 0.129269 17 
0 0.132608 17 
0 0.134306 17 
0 0.136309 17 
0 0.141513 17 
0 0.150597 17 
0 0.154198 17 
0 0.160206 17 
0 0.214774 17 
0 0.222084 17 
0 0.25256 17 
0 0.253653 17 
0 0.253653 17 
0 0.256509 17 
0 0.265196 17 
0 0.278234 17 
0 0.292756 17 
0 0.309816 17 
0 0.319309 17 
0 0.320863 17 
0 0.322924 17 
0 0.33881 17 
0 0.342822 17 
0 0.342865 17 
0 0.381617 17 
0 0.407417 17 
0 0.444416 17 
0 0.447515 17 
0 0.470981 17 
0 0.47192 17 
0 0.474373 17 
0 0.476708 17 
0 0.478444 17 
0 0.533826 17 
0 0.574591 17 
0 0.578906 17 
0 0.581288 17 
0 0.585081 17 
0 0.671038 17 
0 0.683935 17 
0 0.703782 17 
0 0.707778 17 
0 0.70965 17 
0 0.710896 17 
0 0.776623 17 
0 0.77982 17 
0 0.786878 17 
0 0.791292 17 
0 0.847792 17 
0 0.847792 17 
0 0.850916 17 
0 0.860979 17 
0 0.871538 17 
0 0.872426 17 
0 0.87287 17 
0 0.875512 17 
0 0.881692 17 
0 0.890962 17 
0 1.227 17 
0 1.2297 17 
0 1.2315 17 
0 1.23406 17 
0 1.84303 17 
0 1.84378 17 
0 1.84387 17 
0 1.84402 17 
0 inf 17 
0 0.124024 18 
0 0.124024 18 
0 0.129266 18 
0 0.159824 18 
0 0.166596 18 
0 0.167919 18 
0 0.216048 18 
0 0.230176 18 
0 0.23587 18 
0 0.259505 18 
0 0.264778 18 
0 0.280988 18 
0 0.299812 18 
0 0.301467 18 
0 0.303692 18 
0 0.339111 18 
0 0.353469 18 
0 0.355033 18 
0 0.355363 18 
0 0.358004 18 
0 0.359524 18 
0 0.363041 18 
0 0.372535 18 
0 0.394578 18 
0 0.403325 18 
0 0.408772 18 
0 0.408772 18 
0 0.440786 18 
0 0.445409 18 
0 0.457888 18 
0 0.471454 18 
0 0.47391 18 
0 0.664548 18 
0 0.683686 18 
0 0.687316 18 
0 0.696267 18 
0 0.717773 18 
0 0.775794 18 
0 0.778995 18 
0 0.789359 18 
0 0.805695 18 
0 0.808641 18 
0 0.808846 18 
0 0.817818 18 
0 0.822554 18 
0 0.826243 18 
0 0.857282 18 
0 0.871662 18 
0 0.874512 18 
0 0.882003 18 
0 0.890427 18 
0 0.919084 18 
0 0.965784 18 
0 0.96647 18 
0 0.968299 18 
0 1.22013 18 
0 1.22063 18 
0 1.22511 18 
0 1.22727 18 
0 1.87382 18 
0 1.87895 18 
0 1.87904 18 
0 1.88174 18 
0 inf 18 
0 0.148381 19 
0 0.148383 19 
0 0.159139 19 
0 0.160867 19 
0 0.174384 19 
0 0.175023 19 
0 0.175648 19 
0 0.175968 19 
0 0.175968 19 
0 0.179082 19 
0 0.188142 19 
0 0.216022 19 
0 0.239332 19 
0 0.240023 19 
0 0.243682 19 
0 0.244814 19 
0 0.247286 19 
0 0.250424 19 
0 0.251943 19 
0 0.26017 19 
0 0.279632 19 
0 0.291043 19 
0 0.312486 19 
0 0.313016 19 
0 0.34253 19 
0 0.37355 19 
0 0.377233 19 
0 0.39347 19 
0 0.395562 19 
0 0.397943 19 
0 0.402225 19 
0 0.421533 19 
0 0.443653 19 
0 0.685209 19 
0 0.687141 19 
0 0.691714 19 
0 0.801223 19 
0 0.806037 19 
0 0.806449 19 
0 0.807065 19 
0 0.816616 19 
0 0.832707 19 
0 0.874946 19 
0 0.877406 19 
0 0.878162 19 
0 1.03454 19 
0 1.03801 19 
0 1.22452 19 
0 1.22452 19 
0 1.22502 19 
0 1.27146 19 
0 1.27459 19 
0 1.28665 19 
0 1.86377 19 
0 1.90615 19 
0 1.91125 19 
0 1.91241 19 
0 1.91319 19 
0 2.41678 19 
0 inf 19 
0 0.0750981 20 
0 0.0772755 20 
0 0.123981 20 
0 0.139116 20 
0 0.142644 20 
0 0.146468 20 
0 0.151296 20 
0 0.155626 20 
0 0.158095 20 
0 0.178151 20 
0 0.181863 20 
0 0.195062 20 
0 0.195062 20 
0 0.210316 20 
0 0.219326 20 
0 0.227252 20 
0 0.238639 20 
0 0.240256 20 
0 0.2484 20 
0 0.26078 20 
0 0.26373 20 
0 0.26394 20 
0 0.273411 20 
0 0.277819 20 
0 0.287022 20 
0 0.287603 20 
0 0.299465 20 
0 0.326502 20 
0 0.369534 20 
0 0.371473 20 
0 0.380734 20 
0 0.413612 20 
0 0.413869 20 
0 0.415614 20 
0 0.431922 20 
0 0.495463 20 
0 0.678989 20 
0 0.679639 20 
0 0.681589 20 
0 0.816807 20 
0 0.818498 20 
0 0.83569 20 
0 0.840966 20 
0 0.850452 20 
0 0.853178 20 
0 0.853372 20 
0 1.09425 20 
0 1.09707 20 
0 1.25754 20 
0 1.25864 20 
0 1.271 20 
0 1.27621 20 
0 1.27621 20 
0 1.91708 20 
0 1.9185 20 
0 inf 20 
