6.83154 9.5483 1 
0.535411 1.42533 1 
0.285284 0.289591 1 
0.281396 0.319779 1 
0.281006 0.290013 1 
0.260979 0.262899 1 
0.185091 0.213486 1 
0.123773 0.124543 1 
0.106777 0.149917 1 
0.105756 0.106268 1 
0.0632461 0.0672084 1 
0.0630247 0.0761252 1 
0.0511103 0.0566647 1 
0.0508436 0.0559397 1 
0.0460703 0.0486554 1 
0.0442632 0.052425 1 
0.0442631 0.0874436 1 
0.0423878 0.0436497 1 
0.0285714 0.0304166 1 
7.34736 7.44157 2 
5.71202 7.45508 2 
0.431368 1.99778 2 
0.283611 0.309268 2 
0.271804 0.287138 2 
0.26777 0.331357 2 
0.260462 0.270801 2 
0.247437 0.288321 2 
0.246444 0.301153 2 
0.207476 0.214123 2 
0.129889 0.23984 2 
0.104716 0.107788 2 
0.0680115 0.072274 2 
0.0615008 0.0686115 2 
0.0597048 0.0617214 2 
0.0594765 0.0651531 2 
0.0556965 0.0908023 2 
0.0526838 0.0539642 2 
0.0423784 0.045476 2 
0.0390365 0.0400682 2 
5.66983 5.78546 3 
5.66975 5.77426 3 
5.66499 5.786 3 
0.419843 1.9785 3 
0.295863 0.29637 3 
0.270752 0.272003 3 
0.267464 0.269695 3 
0.266753 0.267314 3 
0.256508 0.295778 3 
0.236703 0.25946 3 
0.230883 0.314111 3 
0.218587 0.221558 3 
0.107663 0.116876 3 
0.0909518 0.0954767 3 
0.0844355 0.098147 3 
0.044873 0.0497614 3 
1.69597 1.71213 4 
0.907399 1.75416 4 
0.260769 0.294802 4 
0.255601 0.276567 4 
0.248694 0.284328 4 
0.243501 0.263413 4 
0.240804 0.257354 4 
0.203506 0.208789 4 
0.188727 0.203908 4 
0.108419 0.118722 4 
0.0847572 0.115941 4 
3.68971 4.05852 5 
3.6877 4.04872 5 
3.68668 4.04531 5 
3.68609 4.04359 5 
1.517 1.56779 5 
1.5022 1.56865 5 
1.49444 1.57274 5 
0.275734 0.291466 5 
0.21934 0.266956 5 
0.217158 0.251203 5 
0.139486 0.141136 5 
0.0460731 0.0511112 5 
0.0414051 0.0511108 5 
3.21021 3.3021 6 
3.19113 3.31841 6 
3.18922 3.3497 6 
3.1884 3.32399 6 
1.39937 1.46373 6 
1.38993 1.39537 6 
1.37418 1.41842 6 
1.35408 1.36799 6 
0.169595 0.17301 6 
0.15942 0.238929 6 
0.156317 0.20826 6 
0.0439552 0.050305 6 
1.25196 1.3013 7 
1.20852 1.28736 7 
0.237214 0.251635 7 
0.181302 0.201894 7 
0.121553 0.140941 7 
1.12945 1.13335 8 
1.12109 1.14183 8 
0.334335 0.410999 8 
0.257831 0.272303 8 
0.226235 0.228392 8 
0.204308 0.216713 8 
0.159593 0.167496 8 
0.12989 0.138599 8 
0.120995 0.151455 8 
0.922868 1.00322 9 
0.21413 0.250715 9 
0.145593 0.148461 9 
0.116642 0.124207 9 
0.857261 0.860522 10 
0.850439 0.907855 10 
0.834084 0.903561 11 
0.83237 1.04485 11 
0.79311 0.873409 11 
0.769123 0.8373 11 
0.413049 0.421323 11 
0.322115 0.361823 11 
0.207811 0.25894 11 
0.912769 0.938266 12 
0.762864 0.763881 12 
0.736736 0.785799 12 
0.672764 0.690543 12 
0.353909 0.359386 12 
0.343694 0.392414 12 
0.343564 0.381868 12 
0.314848 0.349365 12 
0.342496 0.362218 13 
0.304842 0.353126 13 
0.25825 0.266982 13 
0.620516 0.635699 14 
0.338544 0.346751 14 
0.793518 0.824561 15 
0.596755 0.652307 15 
0.379009 0.382608 15 
0.45664 0.487848 16 
0.337547 0.340631 16 
0.564174 0.588579 18 
0.527945 0.588579 18 
0.449915 0.47951 18 
0.559784 0.589048 19 
0.535268 0.554029 19 
0.531288 0.55501 19 
0.514711 0.565547 19 
0.508625 0.57497 19 
0.604799 0.656072 20 
0.598549 0.65623 20 
0.55211 0.634095 20 
