4.82057 7.55672 1 
1.49412 1.49608 1 
1.13382 2.8217 1 
0.349612 0.360438 1 
0.188444 0.195058 1 
0.182657 0.19256 1 
0.176446 0.204401 1 
0.110225 0.116427 1 
0.0960484 0.0962136 1 
0.0733411 0.0793805 1 
0.0670189 0.0678576 1 
0.0656798 0.0674992 1 
0.0639375 0.065931 1 
0.0583869 0.0674992 1 
0.0569895 0.0621459 1 
0.0548174 0.0675039 1 
0.0545218 0.0559842 1 
0.0536307 0.0658082 1 
0.0465245 0.0482275 1 
0.0460005 0.0465236 1 
0.0456584 0.0528749 1 
0.0434774 0.0470461 1 
0.0429219 0.0431032 1 
0.0409844 0.0487341 1 
0.0326548 0.0354994 1 
0.0308782 0.03216 1 
0.0295354 0.0298131 1 
0.0284226 0.0316495 1 
5.43997 5.81235 2 
5.43942 5.70759 2 
5.36907 5.39389 2 
3.9466 5.82009 2 
0.96418 3.64348 2 
0.16573 0.196506 2 
0.163768 0.214433 2 
0.156036 0.180968 2 
0.14448 0.172185 2 
0.134157 0.136306 2 
0.0886146 0.0890708 2 
0.0869551 0.0881562 2 
0.0809929 0.0894289 2 
0.0659275 0.0697415 2 
0.0654362 0.0706625 2 
0.056413 0.0592103 2 
0.0411906 0.0431064 2 
0.0409844 0.045647 2 
0.0389599 0.045647 2 
0.0379233 0.0431064 2 
0.0354985 0.0355003 2 
0.029266 0.0316459 2 
3.82691 4.03655 3 
3.81359 4.01104 3 
3.80408 3.89683 3 
3.53178 4.05521 3 
0.84503 3.8152 3 
0.177538 0.179712 3 
0.175159 0.185636 3 
0.161131 0.190831 3 
0.159521 0.163572 3 
0.158859 0.177678 3 
0.155416 0.184814 3 
0.0753061 0.0833505 3 
0.0588007 0.0744396 3 
0.0565614 0.0604324 3 
0.0540787 0.0546726 3 
0.0537806 0.0543779 3 
0.0536297 0.0593486 3 
0.0536292 0.0537772 3 
0.0522508 0.0546706 3 
0.0522492 0.0568415 3 
0.0517914 0.0558449 3 
0.0473935 0.0480702 3 
0.0473908 0.04923 3 
3.06952 3.10032 4 
1.06802 1.07888 4 
0.875527 3.77051 4 
0.161182 0.171241 4 
0.160932 0.170203 4 
0.160932 0.175713 4 
0.160932 0.17115 4 
0.159265 0.163718 4 
0.158353 0.181148 4 
0.154161 0.156707 4 
2.52367 2.54936 5 
1.07338 3.43103 5 
0.150612 0.166845 5 
0.150128 0.156039 5 
2.57172 3.02245 6 
2.57059 2.85787 6 
2.53123 2.6966 6 
1.90407 3.07808 6 
0.144424 0.148178 6 
0.132279 0.190418 6 
1.8231 2.33855 7 
1.76672 2.6576 7 
1.76181 2.40038 7 
1.50877 2.71677 7 
0.209555 0.224447 7 
0.194987 0.206807 7 
0.12944 0.136075 7 
3.01678 3.02663 8 
2.86466 3.06684 8 
1.68334 2.33587 8 
1.64072 2.24199 8 
1.33844 2.37783 8 
0.260458 0.265555 8 
0.124149 0.126918 8 
2.32489 2.41743 9 
2.11829 2.21737 9 
1.81152 2.10423 9 
1.06493 1.95975 9 
1.00094 2.08805 9 
0.44893 0.46521 9 
0.110885 0.119982 9 
2.00605 2.04014 10 
1.24118 1.32217 10 
1.08423 1.7811 10 
1.16236 1.57492 11 
0.615989 0.651454 11 
1.52901 1.96823 12 
1.52297 1.97277 12 
1.34895 1.39008 12 
1.22009 1.42838 12 
0.278191 0.283055 12 
1.61033 1.6192 13 
1.60643 1.6076 13 
1.41625 1.42416 13 
1.3976 1.40983 13 
1.32921 1.42002 13 
1.15295 1.17507 13 
1.14549 1.18152 13 
0.998173 1.19711 13 
0.990455 1.19861 13 
0.937048 0.974396 13 
0.827195 0.852572 13 
0.597523 0.641969 13 
0.321084 0.334613 13 
1.0672 1.07077 14 
1.04292 1.07044 14 
0.993424 0.998026 14 
0.992087 0.999125 14 
0.98133 1.07696 14 
0.932739 1.0711 14 
0.918544 1.09694 14 
0.761658 0.775539 14 
0.73642 0.777463 14 
0.944773 1.00826 15 
0.936113 1.08578 15 
1.10484 1.11233 16 
2.30792 2.31233 17 
1.22726 1.81236 18 
1.2047 1.82105 18 
1.12527 1.13543 18 
1.10331 1.14099 18 
1.14107 1.23564 19 
1.10602 1.11582 19 
1.1035 1.11225 19 
1.00542 1.14289 19 
0.916008 1.07398 19 
1.23177 1.30625 20 
1.23085 1.30467 20 
0.866115 0.867107 20 
0.673691 0.773927 20 
