5.37866 8.93005 1 
0.854234 2.21014 1 
0.256033 0.268026 1 
0.255722 0.258102 1 
0.254141 0.257261 1 
0.250078 0.255261 1 
0.245946 0.250745 1 
0.245423 0.258293 1 
0.231546 0.250234 1 
0.160906 0.161394 1 
0.151699 0.160777 1 
0.0952003 0.114895 1 
0.085501 0.0855044 1 
0.0676105 0.0738769 1 
0.0674696 0.0734818 1 
0.0649346 0.0661368 1 
0.0640174 0.0664346 1 
0.0637162 0.0659887 1 
0.0611853 0.063088 1 
0.0593876 0.0641716 1 
0.0566709 0.0624598 1 
0.0563221 0.063088 1 
0.055089 0.0659887 1 
0.0536347 0.0554407 1 
0.0465544 0.0469761 1 
0.0463429 0.0482179 1 
0.0446097 0.0877717 1 
0.0439419 0.04483 1 
6.63358 6.66988 2 
6.63101 6.67886 2 
4.39773 6.68428 2 
0.689086 2.94749 2 
0.232136 0.264215 2 
0.231626 0.247584 2 
0.226991 0.263503 2 
0.223492 0.231932 2 
0.222961 0.226815 2 
0.221187 0.24782 2 
0.221145 0.226815 2 
0.21845 0.25503 2 
0.216047 0.216914 2 
0.213155 0.254409 2 
0.212088 0.254989 2 
0.211299 0.211719 2 
0.205005 0.216914 2 
0.203172 0.206731 2 
0.197862 0.225197 2 
0.187068 0.191543 2 
0.159429 0.192768 2 
0.136091 0.14044 2 
0.0843365 0.090969 2 
0.08328 0.0836344 2 
0.0605369 0.0621437 2 
0.0592217 0.0600475 2 
0.0592215 0.0619847 2 
0.058384 0.0637095 2 
0.0559715 0.0691943 2 
0.0559715 0.0607001 2 
0.0550845 0.0941611 2 
0.0452674 0.054905 2 
4.44762 5.0835 3 
4.31748 5.17865 3 
4.20163 5.18956 3 
0.645309 3.02627 3 
0.607729 0.618306 3 
0.249648 0.250826 3 
0.225379 0.265662 3 
0.220478 0.225509 3 
0.204856 0.266738 3 
0.196765 0.207726 3 
0.196615 0.198262 3 
0.194905 0.210646 3 
0.185848 0.21682 3 
0.185211 0.196964 3 
0.181176 0.202049 3 
0.176217 0.186323 3 
0.171455 0.212462 3 
0.167323 0.205484 3 
0.164175 0.184035 3 
0.088108 0.0930032 3 
0.0792802 0.0792804 3 
0.078656 0.087547 3 
0.0772659 0.0810007 3 
0.0744089 0.0932148 3 
0.0712981 0.079404 3 
0.0708823 0.0753293 3 
0.0689086 0.0810012 3 
0.0680508 0.0704673 3 
0.0680461 0.0684789 3 
0.0616661 0.0748042 3 
0.0508048 0.0527077 3 
3.19045 3.26419 4 
1.08105 2.76592 4 
0.239243 0.278269 4 
0.221232 0.223311 4 
0.218495 0.230348 4 
0.212968 0.254069 4 
0.209657 0.224891 4 
0.198608 0.203122 4 
0.189104 0.19045 4 
0.182154 0.184514 4 
0.178382 0.185207 4 
0.178216 0.183443 4 
0.165963 0.170008 4 
0.150129 0.172025 4 
0.0894397 0.0904254 4 
0.0764966 0.0956138 4 
0.070184 0.0719856 4 
0.0624598 0.0637088 4 
0.059553 0.0650861 4 
0.0593876 0.0605375 4 
0.0580453 0.0643248 4 
2.41049 2.43872 5 
2.40558 2.44878 5 
1.43002 2.45649 5 
0.243045 0.246106 5 
0.214448 0.23887 5 
0.198515 0.221853 5 
0.18194 0.182048 5 
0.178654 0.180355 5 
0.175542 0.188794 5 
0.163335 0.183553 5 
0.156874 0.174078 5 
0.148489 0.170474 5 
0.100734 0.105976 5 
0.085957 0.0921525 5 
0.0846868 0.0878838 5 
2.72453 2.77903 6 
2.41715 2.63043 6 
2.40692 2.60585 6 
2.38892 2.60898 6 
2.15812 2.21573 6 
2.04045 2.22193 6 
0.225243 0.233319 6 
0.187799 0.236349 6 
0.165969 0.193836 6 
0.137672 0.139095 6 
0.131227 0.134787 6 
0.128724 0.13017 6 
0.12672 0.170472 6 
2.55405 2.6708 7 
1.91059 1.95419 7 
1.90935 1.96629 7 
1.74369 2.15611 7 
1.7247 2.00099 7 
1.72455 2.02328 7 
0.181505 0.196267 7 
0.16926 0.175771 7 
0.153703 0.169607 7 
0.153702 0.179927 7 
0.150662 0.167093 7 
0.1386 0.143835 7 
1.89654 2.05566 8 
1.85627 2.16578 8 
1.72686 1.75466 8 
1.6986 1.71669 8 
1.68276 1.68308 8 
1.6605 2.02014 8 
1.65127 1.80739 8 
1.33698 1.75874 8 
0.419955 0.47158 8 
0.177055 0.179378 8 
0.164174 0.16756 8 
0.149477 0.204568 8 
0.140303 0.216997 8 
2.30239 2.3345 9 
2.25771 2.31668 9 
1.27434 1.33969 9 
1.26694 1.5337 9 
0.183776 0.186745 9 
0.162916 0.211863 9 
0.131077 0.155802 9 
1.98792 2.11513 10 
1.96158 2.09724 10 
1.05919 1.32817 10 
0.406455 0.439709 10 
0.166855 0.225897 10 
0.129943 0.132052 10 
1.33989 1.38351 11 
1.33983 1.36793 11 
1.33077 1.34598 11 
1.31092 1.34538 11 
1.28034 1.31829 11 
1.14521 1.31649 11 
1.14417 1.34538 11 
1.08787 1.113 11 
0.948855 1.23349 11 
0.493415 0.514924 11 
0.412303 0.414905 11 
0.168387 0.17157 11 
0.13609 0.157937 11 
1.49411 1.53746 12 
1.46928 1.52004 12 
1.26684 1.39704 12 
1.25735 1.26957 12 
1.24444 1.26257 12 
1.23809 1.25193 12 
1.23393 1.27205 12 
0.882644 0.918255 12 
0.853676 0.906091 12 
0.716314 0.996418 12 
0.706302 0.878231 12 
0.584344 0.590449 12 
0.42392 0.435615 12 
2.07999 2.10681 13 
2.02948 2.03509 13 
0.820711 0.922567 13 
0.484197 0.501072 13 
0.456423 0.500744 13 
0.407061 0.433413 13 
0.405679 0.472397 13 
2.27797 2.34119 14 
2.26612 2.34812 14 
2.26183 2.34271 14 
1.89793 2.00664 15 
1.89387 2.01143 15 
1.89387 2.01115 15 
0.909879 0.913827 15 
0.685244 0.719764 15 
0.416097 0.502247 15 
1.35365 1.69119 16 
1.35365 1.61503 16 
1.34676 1.34806 16 
1.09465 1.10752 16 
0.483791 0.507597 16 
0.62826 0.631999 19 
0.396696 0.425339 19 
0.646883 0.770016 20 
0.63957 0.755042 20 
0.432461 0.434079 20 
0.338953 0.341643 20 
