5.40864 8.88687 1 
0.851967 2.18319 1 
0.227117 0.259966 1 
0.191709 0.232692 1 
0.189444 0.191859 1 
0.169941 0.173465 1 
0.156727 0.162108 1 
0.132971 0.194708 1 
0.121028 0.200874 1 
0.120796 0.142919 1 
0.119223 0.124557 1 
0.115451 0.133244 1 
0.0944565 0.125783 1 
0.091446 0.101106 1 
0.0584272 0.0631802 1 
0.050466 0.0650114 1 
0.0459708 0.0518779 1 
0.0320868 0.0326449 1 
6.56707 6.72643 2 
6.47809 6.75092 2 
4.22145 6.91218 2 
0.689149 2.93171 2 
0.266525 0.266964 2 
0.256081 0.317659 2 
0.214267 0.224521 2 
0.207802 0.239994 2 
0.200375 0.235128 2 
0.174914 0.268181 2 
0.161381 0.197242 2 
0.106154 0.143676 2 
0.0930117 0.137907 2 
0.0892457 0.0898509 2 
0.063891 0.0734894 2 
4.78772 4.94594 3 
4.78605 4.82394 3 
4.30655 4.94598 3 
0.766137 0.783278 3 
0.627917 2.90296 3 
0.245426 0.264826 3 
0.229532 0.231919 3 
0.223958 0.23788 3 
0.218526 0.240296 3 
0.20881 0.210351 3 
0.191008 0.218157 3 
0.189106 0.193588 3 
0.184904 0.18544 3 
0.163219 0.247261 3 
0.0900521 0.0914447 3 
0.0453759 0.0486429 3 
3.8424 3.90182 4 
3.84212 3.8938 4 
3.84195 3.88995 4 
1.20341 2.59944 4 
0.322909 0.337728 4 
0.249805 0.299941 4 
0.222097 0.242836 4 
0.207419 0.224038 4 
0.206196 0.209326 4 
0.187285 0.191433 4 
0.186319 0.214945 4 
0.174299 0.236851 4 
0.0581174 0.0617347 4 
0.0471343 0.0529115 4 
1.562 2.39762 5 
0.235165 0.236851 5 
0.178342 0.225962 5 
0.159583 0.174504 5 
2.55489 2.55913 6 
2.21625 2.22623 6 
2.11857 2.12996 6 
1.7405 2.20479 6 
0.330041 0.331789 6 
0.158445 0.189441 6 
0.15839 0.186897 6 
0.156611 0.169356 6 
0.0513529 0.0560614 6 
0.0471339 0.0501057 6 
2.54572 2.5458 7 
2.01807 2.12013 7 
1.85785 1.90175 7 
1.7966 1.8942 7 
1.78506 1.93966 7 
1.75573 1.77996 7 
0.11945 0.1383 7 
2.0767 2.16183 8 
1.89792 2.13605 8 
1.76445 1.85713 8 
1.7073 1.86316 8 
1.66512 1.73519 8 
1.55349 1.55948 8 
1.41022 1.83232 8 
1.33327 1.64959 8 
0.152992 0.176662 8 
0.149112 0.153938 8 
1.34897 1.36107 9 
1.30404 1.44589 9 
1.10707 1.11041 9 
0.129325 0.134664 9 
0.116312 0.130991 9 
1.86787 2.07808 10 
1.84644 2.05536 10 
1.61574 1.6449 10 
1.47703 1.49672 10 
1.13326 1.22196 10 
0.981123 1.07726 10 
0.508092 0.54336 10 
0.277868 0.310414 10 
1.53929 1.69549 11 
1.30869 1.45533 11 
1.30748 1.49759 11 
1.19811 1.22401 11 
1.19049 1.22003 11 
1.02436 1.03529 11 
0.825927 0.831241 11 
0.530884 0.56319 11 
0.216785 0.261568 11 
0.205402 0.214389 11 
1.48775 1.53691 12 
1.39235 1.51052 12 
1.38445 1.51262 12 
0.96872 1.0371 12 
0.957043 1.02956 12 
0.898735 0.937838 12 
0.898061 0.951564 12 
0.895966 1.08279 12 
0.86258 0.933282 12 
0.405999 0.420704 12 
0.276631 0.293056 12 
1.86456 1.87973 13 
1.85871 1.88595 13 
0.400399 0.407089 13 
0.328557 0.338835 13 
2.24023 2.26121 14 
2.23093 2.26644 14 
2.22889 2.24838 14 
0.473068 0.476275 14 
1.82156 2.09071 15 
1.76491 1.98477 15 
1.76016 2.14551 15 
1.48589 1.50389 15 
1.53239 1.5627 16 
1.52108 1.67162 16 
1.33065 1.76748 16 
1.32415 1.35851 16 
1.31348 1.36855 16 
1.22486 1.363 16 
0.38535 0.406687 16 
1.00355 1.0081 17 
0.907158 1.03104 17 
0.851115 1.03104 17 
0.731188 0.751472 17 
0.164039 0.179003 17 
0.161374 0.176564 17 
0.157947 0.16564 17 
0.57086 0.616357 18 
0.676311 0.69782 19 
0.447721 0.464665 19 
0.363356 0.369002 19 
0.761243 0.808328 20 
