0 0.0120703 1 
0 0.01527 1 
0 0.0253176 1 
0 0.025324 1 
0 0.0275249 1 
0 0.0290688 1 
0 0.0295679 1 
0 0.0300552 1 
0 0.0314751 1 
0 0.0341478 1 
0 0.0345675 1 
0 0.0358105 1 
0 0.0366143 1 
0 0.0377843 1 
0 0.0400313 1 
0 0.0407585 1 
0 0.0411173 1 
0 0.0451662 1 
0 0.0458064 1 
0 0.0464444 1 
0 0.0467469 1 
0 0.0473643 1 
0 0.0479839 1 
0 0.049181 1 
0 0.0494787 1 
0 0.0497725 1 
0 0.0500689 1 
0 0.050935 1 
0 0.0526163 1 
0 0.052617 1 
0 0.0545264 1 
0 0.0553189 1 
0 0.0566223 1 
0 0.0576478 1 
0 0.0591394 1 
0 0.0596268 1 
0 0.0603667 1 
0 0.0615624 1 
0 0.0620152 1 
0 0.0620178 1 
0 0.0620256 1 
0 0.063643 1 
0 0.0636464 1 
0 0.0636489 1 
0 0.06387 1 
0 0.0638708 1 
0 0.0654468 1 
0 0.0663303 1 
0 0.0669884 1 
0 0.0689191 1 
0 0.0699781 1 
0 0.0701877 1 
0 0.0703859 1 
0 0.0720225 1 
0 0.0724248 1 
0 0.072628 1 
0 0.0746076 1 
0 0.079515 1 
0 0.0816957 1 
0 0.082048 1 
0 0.08223 1 
0 0.0832734 1 
0 0.0848411 1 
0 0.0875431 1 
0 0.0888686 1 
0 0.091774 1 
0 0.0917788 1 
0 0.0919352 1 
0 0.0924022 1 
0 0.0939683 1 
0 0.0944385 1 
0 0.0955019 1 
0 0.0986503 1 
0 0.0989539 1 
0 0.0995396 1 
0 0.0996795 1 
0 0.100848 1 
0 0.101856 1 
0 0.108237 1 
0 0.114004 1 
0 0.124161 1 
0 0.1266 1 
0 0.129788 1 
0 0.131894 1 
0 0.13816 1 
0 0.142723 1 
0 0.142931 1 
0 0.147744 1 
0 0.151158 1 
0 0.156271 1 
0 0.165687 1 
0 0.176088 1 
0 0.183381 1 
0 0.201261 1 
0 0.201407 1 
0 0.207675 1 
0 0.229474 1 
0 0.241721 1 
0 0.252457 1 
0 0.282627 1 
0 0.283246 1 
0 0.284733 1 
0 0.321687 1 
0 0.334655 1 
0 0.345754 1 
0 0.428678 1 
0 0.447673 1 
0 0.45542 1 
0 0.489122 1 
0 0.504663 1 
0 0.541953 1 
0 0.546793 1 
0 0.550992 1 
0 0.56519 1 
0 0.579873 1 
0 0.593281 1 
0 0.706369 1 
0 0.729012 1 
0 0.822243 1 
0 0.842139 1 
0 1.44397 1 
0 1.48412 1 
0 1.9884 1 
0 2.38556 1 
0 2.48397 1 
0 2.85491 1 
0 3.3014 1 
0 5.07954 1 
0 5.43132 1 
0 5.72575 1 
0 5.74316 1 
0 inf 1 
0 0.0235266 2 
0 0.025324 2 
0 0.026996 2 
0 0.0285722 2 
0 0.03327 2 
0 0.0332716 2 
0 0.0337182 2 
0 0.0354086 2 
0 0.037003 2 
0 0.0370059 2 
0 0.03779 2 
0 0.0400299 2 
0 0.0414652 2 
0 0.0414691 2 
0 0.0418153 2 
0 0.0425019 2 
0 0.0428461 2 
0 0.0428486 2 
0 0.0451617 2 
0 0.0491886 2 
0 0.0497671 2 
0 0.0500678 2 
0 0.0526245 2 
0 0.0531646 2 
0 0.0534441 2 
0 0.0555818 2 
0 0.0563537 2 
0 0.0566204 2 
0 0.0568745 2 
0 0.0568754 2 
0 0.057645 2 
0 0.0601067 2 
0 0.0601067 2 
0 0.0615484 2 
0 0.0615491 2 
0 0.0615502 2 
0 0.061551 2 
0 0.0615546 2 
0 0.0636431 2 
0 0.0650113 2 
0 0.0661142 2 
0 0.0663327 2 
0 0.0663373 2 
0 0.0665627 2 
0 0.0676402 2 
0 0.0685025 2 
0 0.0695563 2 
0 0.0705882 2 
0 0.0720188 2 
0 0.0742137 2 
0 0.0759634 2 
0 0.0769206 2 
0 0.0791541 2 
0 0.079155 2 
0 0.083628 2 
0 0.0843277 2 
0 0.085695 2 
0 0.0888715 2 
0 0.0903354 2 
0 0.0906493 2 
0 0.0912868 2 
0 0.100708 2 
0 0.104255 2 
0 0.106744 2 
0 0.108636 2 
0 0.108774 2 
0 0.119503 2 
0 0.119742 2 
0 0.12155 2 
0 0.135502 2 
0 0.148322 2 
0 0.149507 2 
0 0.153069 2 
0 0.164445 2 
0 0.181147 2 
0 0.18259 2 
0 0.189102 2 
0 0.197239 2 
0 0.200759 2 
0 0.203075 2 
0 0.206337 2 
0 0.209355 2 
0 0.213421 2 
0 0.214582 2 
0 0.214641 2 
0 0.219806 2 
0 0.226091 2 
0 0.237158 2 
0 0.275424 2 
0 0.2832 2 
0 0.293208 2 
0 0.331459 2 
0 0.333128 2 
0 0.366837 2 
0 0.382893 2 
0 0.437989 2 
0 0.449252 2 
0 0.455133 2 
0 0.463736 2 
0 0.474859 2 
0 0.48094 2 
0 0.482188 2 
0 0.53542 2 
0 0.542532 2 
0 0.627443 2 
0 0.62761 2 
0 0.63738 2 
0 0.641439 2 
0 0.647299 2 
0 0.662945 2 
0 0.664196 2 
0 0.666329 2 
0 1.29827 2 
0 1.37657 2 
0 1.48526 2 
0 1.51837 2 
0 1.9524 2 
0 2.08877 2 
0 2.57842 2 
0 3.53246 2 
0 3.74435 2 
0 4.01111 2 
0 4.03486 2 
0 4.52511 2 
0 4.79005 2 
0 4.8109 2 
0 4.96535 2 
0 inf 2 
0 0.0222599 3 
0 0.0253176 3 
0 0.0258871 3 
0 0.027521 3 
0 0.0290762 3 
0 0.0366116 3 
0 0.0381728 3 
0 0.0381739 3 
0 0.0381753 3 
0 0.0414678 3 
0 0.0421613 3 
0 0.0425057 3 
0 0.0425057 3 
0 0.0425057 3 
0 0.0473654 3 
0 0.04737 3 
0 0.0476847 3 
0 0.0479715 3 
0 0.048888 3 
0 0.0514968 3 
0 0.0523323 3 
0 0.053986 3 
0 0.0566204 3 
0 0.057135 3 
0 0.0601148 3 
0 0.0601202 3 
0 0.0608389 3 
0 0.0622533 3 
0 0.0622619 3 
0 0.0636506 3 
0 0.0652294 3 
0 0.0654608 3 
0 0.0678587 3 
0 0.0691334 3 
0 0.0699735 3 
0 0.0703859 3 
0 0.072631 3 
0 0.074415 3 
0 0.0748008 3 
0 0.0767224 3 
0 0.0774837 3 
0 0.0782279 3 
0 0.0784141 3 
0 0.0787885 3 
0 0.0791557 3 
0 0.0832812 3 
0 0.0838028 3 
0 0.0862034 3 
0 0.0900092 3 
0 0.0950456 3 
0 0.101717 3 
0 0.108502 3 
0 0.120592 3 
0 0.124634 3 
0 0.131674 3 
0 0.132012 3 
0 0.146746 3 
0 0.159318 3 
0 0.164009 3 
0 0.169684 3 
0 0.172661 3 
0 0.178961 3 
0 0.180898 3 
0 0.180907 3 
0 0.182193 3 
0 0.182196 3 
0 0.184487 3 
0 0.18724 3 
0 0.188167 3 
0 0.193356 3 
0 0.196126 3 
0 0.198056 3 
0 0.209491 3 
0 0.211154 3 
0 0.231188 3 
0 0.275432 3 
0 0.279206 3 
0 0.323341 3 
0 0.32462 3 
0 0.330749 3 
0 0.332156 3 
0 0.333375 3 
0 0.346964 3 
0 0.36282 3 
0 0.388814 3 
0 0.404113 3 
0 0.420522 3 
0 0.422802 3 
0 0.432021 3 
0 0.454316 3 
0 0.458749 3 
0 0.470927 3 
0 0.47912 3 
0 0.481944 3 
0 0.516016 3 
0 0.528107 3 
0 0.530645 3 
0 0.56447 3 
0 0.582971 3 
0 0.587847 3 
0 0.59042 3 
0 0.613551 3 
0 0.617736 3 
0 0.637864 3 
0 0.650083 3 
0 1.23481 3 
0 1.28632 3 
0 1.34963 3 
0 1.54621 3 
0 1.63494 3 
0 1.79486 3 
0 1.92373 3 
0 2.08788 3 
0 2.3262 3 
0 2.35357 3 
0 2.35911 3 
0 2.47875 3 
0 2.48044 3 
0 2.48233 3 
0 3.94691 3 
0 3.94939 3 
0 3.9586 3 
0 3.96205 3 
0 inf 3 
0 0.0258929 4 
0 0.0300498 4 
0 0.0305435 4 
0 0.0349837 4 
0 0.0349914 4 
0 0.0362183 4 
0 0.0370045 4 
0 0.0374033 4 
0 0.0377829 4 
0 0.0381739 4 
0 0.0385483 4 
0 0.0435164 4 
0 0.0454905 4 
0 0.0454965 4 
0 0.0488803 4 
0 0.0514886 4 
0 0.0537151 4 
0 0.053976 4 
0 0.0563556 4 
0 0.0606006 4 
0 0.0629583 4 
0 0.0636422 4 
0 0.0650039 4 
0 0.0674201 4 
0 0.0676442 4 
0 0.0685057 4 
0 0.0685057 4 
0 0.0687158 4 
0 0.0689175 4 
0 0.0691381 4 
0 0.0695524 4 
0 0.0716195 4 
0 0.071816 4 
0 0.0718171 4 
0 0.0720225 4 
0 0.0746143 4 
0 0.0789733 4 
0 0.0811506 4 
0 0.0811519 4 
0 0.0825734 4 
0 0.0873829 4 
0 0.0877132 4 
0 0.0974764 4 
0 0.0986645 4 
0 0.101993 4 
0 0.10285 4 
0 0.104403 4 
0 0.11142 4 
0 0.1231 4 
0 0.12718 4 
0 0.138059 4 
0 0.147436 4 
0 0.166657 4 
0 0.168482 4 
0 0.168741 4 
0 0.172491 4 
0 0.180262 4 
0 0.18481 4 
0 0.187158 4 
0 0.190859 4 
0 0.229858 4 
0 0.238928 4 
0 0.249432 4 
0 0.257719 4 
0 0.271051 4 
0 0.283041 4 
0 0.302625 4 
0 0.307027 4 
0 0.323502 4 
0 0.329784 4 
0 0.332519 4 
0 0.342741 4 
0 0.388945 4 
0 0.405666 4 
0 0.409856 4 
0 0.426369 4 
0 0.443962 4 
0 0.458089 4 
0 0.461114 4 
0 0.461454 4 
0 0.464339 4 
0 0.468666 4 
0 0.474902 4 
0 0.483427 4 
0 0.486645 4 
0 0.528602 4 
0 0.530913 4 
0 0.545821 4 
0 0.549177 4 
0 0.549337 4 
0 0.555637 4 
0 0.556293 4 
0 0.557696 4 
0 0.566931 4 
0 0.583814 4 
0 0.59626 4 
0 0.765702 4 
0 0.780322 4 
0 1.20037 4 
0 1.24967 4 
0 1.3489 4 
0 1.60919 4 
0 1.80014 4 
0 1.90349 4 
0 1.97204 4 
0 1.97658 4 
0 1.97982 4 
0 1.99799 4 
0 2.01934 4 
0 2.02165 4 
0 2.02211 4 
0 2.07201 4 
0 2.08195 4 
0 2.08438 4 
0 2.09156 4 
0 2.26484 4 
0 2.30162 4 
0 2.30178 4 
0 2.30302 4 
0 inf 4 
0 0.0353964 5 
0 0.0362183 5 
0 0.0385469 5 
0 0.0407532 5 
0 0.0407548 5 
0 0.0445186 5 
0 0.0451725 5 
0 0.0461236 5 
0 0.0500635 5 
0 0.0517783 5 
0 0.0517804 5 
0 0.0545195 5 
0 0.0593746 5 
0 0.0593857 5 
0 0.0596277 5 
0 0.0601193 5 
0 0.0608389 5 
0 0.0615449 5 
0 0.0617871 5 
0 0.0622576 5 
0 0.0622611 5 
0 0.0631815 5 
0 0.0634161 5 
0 0.0641029 5 
0 0.065679 5 
0 0.066124 5 
0 0.066992 5 
0 0.0684923 5 
0 0.068495 5 
0 0.0693494 5 
0 0.0705927 5 
0 0.0767217 5 
0 0.0791631 5 
0 0.07953 5 
0 0.0873828 5 
0 0.0933504 5 
0 0.0955064 5 
0 0.102144 5 
0 0.113113 5 
0 0.115153 5 
0 0.11691 5 
0 0.121194 5 
0 0.123931 5 
0 0.125094 5 
0 0.127636 5 
0 0.130678 5 
0 0.142514 5 
0 0.143945 5 
0 0.146651 5 
0 0.151434 5 
0 0.166822 5 
0 0.169596 5 
0 0.170624 5 
0 0.187083 5 
0 0.205992 5 
0 0.270242 5 
0 0.289147 5 
0 0.292274 5 
0 0.293901 5 
0 0.310141 5 
0 0.312638 5 
0 0.319093 5 
0 0.358409 5 
0 0.36697 5 
0 0.390437 5 
0 0.402166 5 
0 0.402926 5 
0 0.447948 5 
0 0.449462 5 
0 0.45641 5 
0 0.467568 5 
0 0.470986 5 
0 0.472364 5 
0 0.479357 5 
0 0.492048 5 
0 0.500763 5 
0 0.504913 5 
0 0.509761 5 
0 0.518832 5 
0 0.52588 5 
0 0.529266 5 
0 0.530909 5 
0 0.532225 5 
0 0.533576 5 
0 0.533576 5 
0 0.534148 5 
0 0.540339 5 
0 0.540339 5 
0 0.54098 5 
0 0.770924 5 
0 0.794013 5 
0 0.806398 5 
0 0.823151 5 
0 1.02769 5 
0 1.18146 5 
0 1.24855 5 
0 1.36818 5 
0 1.58359 5 
0 1.73486 5 
0 1.75768 5 
0 1.75822 5 
0 1.76066 5 
0 1.91849 5 
0 1.91982 5 
0 1.9535 5 
0 1.95418 5 
0 1.95851 5 
0 2.26524 5 
0 2.26634 5 
0 2.26863 5 
0 2.27029 5 
0 2.83307 5 
0 3.02976 5 
0 3.02992 5 
0 3.03008 5 
0 inf 5 
0 0.0414691 6 
0 0.047378 6 
0 0.0482832 6 
0 0.0491777 6 
0 0.0500668 6 
0 0.0537153 6 
0 0.0593873 6 
0 0.05987 6 
0 0.0622568 6 
0 0.0631891 6 
0 0.0641076 6 
0 0.064552 6 
0 0.0672077 6 
0 0.0676506 6 
0 0.0703913 6 
0 0.0705923 6 
0 0.0707975 6 
0 0.0712112 6 
0 0.0720188 6 
0 0.0744172 6 
0 0.0746107 6 
0 0.075186 6 
0 0.0751872 6 
0 0.0761615 6 
0 0.0769143 6 
0 0.0860324 6 
0 0.0896847 6 
0 0.0900036 6 
0 0.0970157 6 
0 0.0974741 6 
0 0.100995 6 
0 0.101854 6 
0 0.101854 6 
0 0.103139 6 
0 0.107695 6 
0 0.109046 6 
0 0.113883 6 
0 0.116542 6 
0 0.122273 6 
0 0.126029 6 
0 0.136246 6 
0 0.137741 6 
0 0.139414 6 
0 0.140873 6 
0 0.142108 6 
0 0.178407 6 
0 0.181147 6 
0 0.192082 6 
0 0.215322 6 
0 0.272819 6 
0 0.298671 6 
0 0.304393 6 
0 0.314165 6 
0 0.337118 6 
0 0.337118 6 
0 0.352221 6 
0 0.379446 6 
0 0.380711 6 
0 0.382659 6 
0 0.428477 6 
0 0.433169 6 
0 0.436722 6 
0 0.438852 6 
0 0.439681 6 
0 0.443141 6 
0 0.444864 6 
0 0.455163 6 
0 0.466478 6 
0 0.471793 6 
0 0.476657 6 
0 0.48249 6 
0 0.486298 6 
0 0.492206 6 
0 0.497409 6 
0 0.497714 6 
0 0.498111 6 
0 0.500304 6 
0 0.507616 6 
0 0.514946 6 
0 0.51672 6 
0 0.519421 6 
0 0.519981 6 
0 0.52099 6 
0 0.544456 6 
0 0.554954 6 
0 0.559894 6 
0 0.56363 6 
0 0.642666 6 
0 0.802371 6 
0 1.09649 6 
0 1.14569 6 
0 1.23331 6 
0 1.36507 6 
0 1.56571 6 
0 1.61074 6 
0 1.62392 6 
0 1.62648 6 
0 1.62715 6 
0 1.63002 6 
0 1.81989 6 
0 1.82184 6 
0 1.82407 6 
0 1.83223 6 
0 1.91845 6 
0 2.12879 6 
0 2.18999 6 
0 2.19655 6 
0 2.42506 6 
0 2.42831 6 
0 2.42837 6 
0 2.42943 6 
0 inf 6 
0 0.0425047 7 
0 0.0451749 7 
0 0.0451765 7 
0 0.0470678 7 
0 0.0523385 7 
0 0.0542544 7 
0 0.058647 7 
0 0.0603577 7 
0 0.0631825 7 
0 0.0636467 7 
0 0.0652245 7 
0 0.0654586 7 
0 0.0697624 7 
0 0.073819 7 
0 0.0744078 7 
0 0.0746143 7 
0 0.0793374 7 
0 0.08187 7 
0 0.0831014 7 
0 0.0838054 7 
0 0.0867132 7 
0 0.0867138 7 
0 0.0875486 7 
0 0.0882073 7 
0 0.0908129 7 
0 0.0979164 7 
0 0.104821 7 
0 0.107564 7 
0 0.11259 7 
0 0.115528 7 
0 0.116534 7 
0 0.117158 7 
0 0.117898 7 
0 0.128991 7 
0 0.131126 7 
0 0.132451 7 
0 0.1416 7 
0 0.166031 7 
0 0.169951 7 
0 0.173192 7 
0 0.200197 7 
0 0.208622 7 
0 0.219844 7 
0 0.219846 7 
0 0.22297 7 
0 0.257673 7 
0 0.258858 7 
0 0.268203 7 
0 0.278368 7 
0 0.279306 7 
0 0.281023 7 
0 0.289628 7 
0 0.304013 7 
0 0.307065 7 
0 0.308531 7 
0 0.332999 7 
0 0.334002 7 
0 0.336928 7 
0 0.347697 7 
0 0.359564 7 
0 0.422717 7 
0 0.424369 7 
0 0.432632 7 
0 0.438797 7 
0 0.446939 7 
0 0.451952 7 
0 0.452268 7 
0 0.459934 7 
0 0.494957 7 
0 0.506136 7 
0 0.506395 7 
0 0.509126 7 
0 0.523936 7 
0 0.52413 7 
0 0.552454 7 
0 0.552666 7 
0 0.55506 7 
0 0.585802 7 
0 0.58805 7 
0 0.70445 7 
0 0.83554 7 
0 1.1635 7 
0 1.20278 7 
0 1.23374 7 
0 1.30622 7 
0 1.30729 7 
0 1.30781 7 
0 1.34552 7 
0 1.43758 7 
0 1.57524 7 
0 1.57536 7 
0 1.5765 7 
0 1.59171 7 
0 1.59573 7 
0 1.60337 7 
0 1.62193 7 
0 1.62457 7 
0 1.74789 7 
0 1.85817 7 
0 1.8685 7 
0 1.87486 7 
0 1.94845 7 
0 1.96283 7 
0 2.0191 7 
0 2.02094 7 
0 2.02141 7 
0 2.03563 7 
0 inf 7 
0 0.0349818 8 
0 0.0497719 8 
0 0.0517765 8 
0 0.0520571 8 
0 0.0550576 8 
0 0.0643263 8 
0 0.0643291 8 
0 0.0707953 8 
0 0.0707953 8 
0 0.0753811 8 
0 0.0811539 8 
0 0.0841526 8 
0 0.0846682 8 
0 0.0846714 8 
0 0.0846721 8 
0 0.0885406 8 
0 0.0939677 8 
0 0.0985069 8 
0 0.0986548 8 
0 0.112851 8 
0 0.113489 8 
0 0.113632 8 
0 0.117895 8 
0 0.122504 8 
0 0.124664 8 
0 0.1266 8 
0 0.129343 8 
0 0.130797 8 
0 0.142514 8 
0 0.149497 8 
0 0.154779 8 
0 0.15813 8 
0 0.165339 8 
0 0.207001 8 
0 0.209656 8 
0 0.228287 8 
0 0.230618 8 
0 0.232466 8 
0 0.232466 8 
0 0.234192 8 
0 0.236752 8 
0 0.238041 8 
0 0.242329 8 
0 0.250166 8 
0 0.264329 8 
0 0.266113 8 
0 0.280456 8 
0 0.281673 8 
0 0.340311 8 
0 0.341677 8 
0 0.345915 8 
0 0.34642 8 
0 0.374177 8 
0 0.407645 8 
0 0.407967 8 
0 0.414661 8 
0 0.446123 8 
0 0.447706 8 
0 0.457845 8 
0 0.495443 8 
0 0.511724 8 
0 0.519103 8 
0 0.521289 8 
0 0.521289 8 
0 0.523297 8 
0 0.52338 8 
0 0.545485 8 
0 0.559437 8 
0 0.56771 8 
0 0.630027 8 
0 0.723538 8 
0 0.796965 8 
0 0.831801 8 
0 0.917617 8 
0 0.985323 8 
0 1.00596 8 
0 1.04962 8 
0 1.08756 8 
0 1.24622 8 
0 1.24709 8 
0 1.28117 8 
0 1.28154 8 
0 1.28426 8 
0 1.28614 8 
0 1.31311 8 
0 1.35776 8 
0 1.37079 8 
0 1.39534 8 
0 1.40158 8 
0 1.40223 8 
0 1.40489 8 
0 1.4104 8 
0 1.57965 8 
0 1.58105 8 
0 1.58171 8 
0 1.58171 8 
0 1.61273 8 
0 1.67042 8 
0 1.80673 8 
0 1.81223 8 
0 1.81785 8 
0 1.91333 8 
0 1.93152 8 
0 inf 8 
0 0.0448453 9 
0 0.0479797 9 
0 0.0523415 9 
0 0.0624895 9 
0 0.062493 9 
0 0.0652296 9 
0 0.0705905 9 
0 0.0712074 9 
0 0.0845026 9 
0 0.0962664 9 
0 0.0992468 9 
0 0.104396 9 
0 0.106747 9 
0 0.107292 9 
0 0.107694 9 
0 0.113105 9 
0 0.119976 9 
0 0.12334 9 
0 0.124746 9 
0 0.133327 9 
0 0.142244 9 
0 0.143441 9 
0 0.145652 9 
0 0.147844 9 
0 0.157566 9 
0 0.158588 9 
0 0.181028 9 
0 0.18437 9 
0 0.187255 9 
0 0.190892 9 
0 0.196371 9 
0 0.197425 9 
0 0.204389 9 
0 0.216237 9 
0 0.21898 9 
0 0.23707 9 
0 0.26649 9 
0 0.27016 9 
0 0.27367 9 
0 0.287935 9 
0 0.289298 9 
0 0.349097 9 
0 0.363425 9 
0 0.373426 9 
0 0.3744 9 
0 0.380991 9 
0 0.390103 9 
0 0.391416 9 
0 0.41937 9 
0 0.41937 9 
0 0.425065 9 
0 0.439891 9 
0 0.441303 9 
0 0.443305 9 
0 0.448975 9 
0 0.460532 9 
0 0.496653 9 
0 0.505061 9 
0 0.513215 9 
0 0.518121 9 
0 0.518373 9 
0 0.523114 9 
0 0.531075 9 
0 0.597286 9 
0 0.62012 9 
0 0.624055 9 
0 0.654154 9 
0 0.667931 9 
0 0.759268 9 
0 0.780148 9 
0 0.78674 9 
0 0.969068 9 
0 0.994801 9 
0 1.03815 9 
0 1.08201 9 
0 1.14838 9 
0 1.22057 9 
0 1.23914 9 
0 1.25592 9 
0 1.26823 9 
0 1.33059 9 
0 1.34049 9 
0 1.34153 9 
0 1.34282 9 
0 1.35105 9 
0 1.38976 9 
0 1.38979 9 
0 1.4539 9 
0 1.4563 9 
0 1.57165 9 
0 1.57183 9 
0 1.5749 9 
0 1.58064 9 
0 1.58086 9 
0 1.81067 9 
0 1.8137 9 
0 1.82673 9 
0 1.83209 9 
0 1.83897 9 
0 inf 9 
0 0.0506494 10 
0 0.0703829 10 
0 0.0726258 10 
0 0.0763442 10 
0 0.0811582 10 
0 0.090483 10 
0 0.0986629 10 
0 0.0993987 10 
0 0.105367 10 
0 0.107156 10 
0 0.111554 10 
0 0.112595 10 
0 0.117565 10 
0 0.125448 10 
0 0.130347 10 
0 0.143435 10 
0 0.145961 10 
0 0.150513 10 
0 0.152158 10 
0 0.153959 10 
0 0.156266 10 
0 0.158797 10 
0 0.16154 10 
0 0.162979 10 
0 0.170797 10 
0 0.18151 10 
0 0.184911 10 
0 0.189181 10 
0 0.194523 10 
0 0.206796 10 
0 0.207252 10 
0 0.261974 10 
0 0.26496 10 
0 0.271157 10 
0 0.278527 10 
0 0.282263 10 
0 0.29823 10 
0 0.352047 10 
0 0.354605 10 
0 0.357083 10 
0 0.362613 10 
0 0.362894 10 
0 0.365172 10 
0 0.370013 10 
0 0.375046 10 
0 0.377949 10 
0 0.387932 10 
0 0.453123 10 
0 0.458116 10 
0 0.458402 10 
0 0.460224 10 
0 0.467539 10 
0 0.470278 10 
0 0.471763 10 
0 0.505409 10 
0 0.508169 10 
0 0.521524 10 
0 0.524115 10 
0 0.525202 10 
0 0.573605 10 
0 0.575634 10 
0 0.586874 10 
0 0.599648 10 
0 0.605314 10 
0 0.61827 10 
0 0.752639 10 
0 0.809078 10 
0 0.838053 10 
0 0.839096 10 
0 0.880906 10 
0 0.922122 10 
0 0.945848 10 
0 0.954406 10 
0 0.966558 10 
0 1.24786 10 
0 1.24986 10 
0 1.26337 10 
0 1.34291 10 
0 1.34496 10 
0 1.36917 10 
0 1.43764 10 
0 1.43891 10 
0 1.49127 10 
0 1.52478 10 
0 1.52552 10 
0 1.58358 10 
0 1.58358 10 
0 1.59239 10 
0 1.63987 10 
0 1.63987 10 
0 1.80748 10 
0 1.80748 10 
0 1.889 10 
0 1.96624 10 
0 1.96624 10 
0 inf 10 
0 0.0441816 11 
0 0.0454917 11 
0 0.072024 11 
0 0.0865425 11 
0 0.0912963 11 
0 0.109443 11 
0 0.113358 11 
0 0.118577 11 
0 0.118578 11 
0 0.124865 11 
0 0.128432 11 
0 0.13531 11 
0 0.136035 11 
0 0.140572 11 
0 0.144071 11 
0 0.148848 11 
0 0.150132 11 
0 0.153303 11 
0 0.169517 11 
0 0.181393 11 
0 0.187201 11 
0 0.187888 11 
0 0.192168 11 
0 0.205658 11 
0 0.241782 11 
0 0.243764 11 
0 0.260527 11 
0 0.297525 11 
0 0.299597 11 
0 0.301923 11 
0 0.310936 11 
0 0.333103 11 
0 0.333628 11 
0 0.333759 11 
0 0.340994 11 
0 0.341677 11 
0 0.344082 11 
0 0.348268 11 
0 0.3549 11 
0 0.373032 11 
0 0.376325 11 
0 0.376325 11 
0 0.397941 11 
0 0.427121 11 
0 0.453989 11 
0 0.460966 11 
0 0.464383 11 
0 0.471358 11 
0 0.471991 11 
0 0.472123 11 
0 0.482654 11 
0 0.484141 11 
0 0.486663 11 
0 0.500116 11 
0 0.505132 11 
0 0.50532 11 
0 0.505593 11 
0 0.505825 11 
0 0.527015 11 
0 0.849794 11 
0 0.868915 11 
0 0.869368 11 
0 0.879531 11 
0 0.895869 11 
0 0.900349 11 
0 0.908349 11 
0 0.941108 11 
0 0.953891 11 
0 0.954624 11 
0 1.02184 11 
0 1.03809 11 
0 1.27908 11 
0 1.28317 11 
0 1.35389 11 
0 1.35398 11 
0 1.38155 11 
0 1.38171 11 
0 1.39009 11 
0 1.49475 11 
0 1.51344 11 
0 1.51375 11 
0 1.57292 11 
0 1.57311 11 
0 1.5932 11 
0 1.61428 11 
0 1.61435 11 
0 1.79125 11 
0 1.79454 11 
0 1.92169 11 
0 1.92472 11 
0 1.92547 11 
0 inf 11 
0 0.0815127 12 
0 0.111815 12 
0 0.112209 12 
0 0.113369 12 
0 0.141186 12 
0 0.150711 12 
0 0.155282 12 
0 0.160693 12 
0 0.164933 12 
0 0.171139 12 
0 0.183787 12 
0 0.191246 12 
0 0.193926 12 
0 0.204067 12 
0 0.226921 12 
0 0.22941 12 
0 0.231499 12 
0 0.234714 12 
0 0.245546 12 
0 0.261663 12 
0 0.288581 12 
0 0.29378 12 
0 0.294523 12 
0 0.300016 12 
0 0.316529 12 
0 0.322772 12 
0 0.334869 12 
0 0.335481 12 
0 0.341647 12 
0 0.346126 12 
0 0.346757 12 
0 0.350739 12 
0 0.356708 12 
0 0.356708 12 
0 0.368118 12 
0 0.377694 12 
0 0.388343 12 
0 0.390588 12 
0 0.400943 12 
0 0.427191 12 
0 0.448766 12 
0 0.450225 12 
0 0.457651 12 
0 0.460729 12 
0 0.460824 12 
0 0.462214 12 
0 0.466262 12 
0 0.475745 12 
0 0.477594 12 
0 0.478417 12 
0 0.485296 12 
0 0.601358 12 
0 0.609801 12 
0 0.61209 12 
0 0.618285 12 
0 0.622512 12 
0 0.634013 12 
0 0.74098 12 
0 0.781155 12 
0 0.826161 12 
0 0.838293 12 
0 0.845816 12 
0 0.867424 12 
0 0.902542 12 
0 0.903578 12 
0 0.974953 12 
0 0.984055 12 
0 0.999804 12 
0 1.00333 12 
0 1.04067 12 
0 1.16898 12 
0 1.21445 12 
0 1.34127 12 
0 1.34517 12 
0 1.35066 12 
0 1.35066 12 
0 1.35149 12 
0 1.57642 12 
0 1.57894 12 
0 1.60585 12 
0 1.60585 12 
0 1.61042 12 
0 1.79749 12 
0 1.80202 12 
0 1.91276 12 
0 1.91278 12 
0 1.91283 12 
0 inf 12 
0 0.113883 13 
0 0.13215 13 
0 0.141801 13 
0 0.150817 13 
0 0.152021 13 
0 0.15613 13 
0 0.166125 13 
0 0.187045 13 
0 0.193366 13 
0 0.215121 13 
0 0.241301 13 
0 0.25979 13 
0 0.271513 13 
0 0.271513 13 
0 0.276482 13 
0 0.289861 13 
0 0.290504 13 
0 0.291543 13 
0 0.292142 13 
0 0.306472 13 
0 0.31044 13 
0 0.317818 13 
0 0.318734 13 
0 0.324933 13 
0 0.339666 13 
0 0.344023 13 
0 0.359792 13 
0 0.360543 13 
0 0.400307 13 
0 0.401071 13 
0 0.406628 13 
0 0.431395 13 
0 0.435725 13 
0 0.440255 13 
0 0.441961 13 
0 0.443816 13 
0 0.456491 13 
0 0.461617 13 
0 0.469663 13 
0 0.470155 13 
0 0.474424 13 
0 0.474885 13 
0 0.477078 13 
0 0.477546 13 
0 0.48363 13 
0 0.509833 13 
0 0.51503 13 
0 0.533537 13 
0 0.533564 13 
0 0.533564 13 
0 0.53632 13 
0 0.561937 13 
0 0.563878 13 
0 0.56697 13 
0 0.683485 13 
0 0.686357 13 
0 0.696406 13 
0 0.763621 13 
0 0.810045 13 
0 0.812434 13 
0 0.827196 13 
0 0.833511 13 
0 0.906453 13 
0 1.22644 13 
0 1.2326 13 
0 1.2636 13 
0 1.26535 13 
0 1.27018 13 
0 1.34414 13 
0 1.34474 13 
0 1.34521 13 
0 1.34526 13 
0 1.34986 13 
0 1.57444 13 
0 1.57444 13 
0 1.57851 13 
0 1.58079 13 
0 1.58108 13 
0 1.79474 13 
0 1.80718 13 
0 1.86859 13 
0 1.86922 13 
0 1.87392 13 
0 inf 13 
0 0.100559 14 
0 0.113622 14 
0 0.122154 14 
0 0.149362 14 
0 0.151478 14 
0 0.153924 14 
0 0.175752 14 
0 0.181262 14 
0 0.183663 14 
0 0.190212 14 
0 0.191127 14 
0 0.19113 14 
0 0.211507 14 
0 0.222578 14 
0 0.242504 14 
0 0.244241 14 
0 0.248792 14 
0 0.253778 14 
0 0.253846 14 
0 0.262509 14 
0 0.263038 14 
0 0.268468 14 
0 0.275008 14 
0 0.282011 14 
0 0.28328 14 
0 0.309545 14 
0 0.316849 14 
0 0.317355 14 
0 0.320279 14 
0 0.322817 14 
0 0.327479 14 
0 0.339994 14 
0 0.343761 14 
0 0.42527 14 
0 0.442618 14 
0 0.445604 14 
0 0.445873 14 
0 0.45134 14 
0 0.456793 14 
0 0.457858 14 
0 0.491182 14 
0 0.504762 14 
0 0.508016 14 
0 0.528202 14 
0 0.531474 14 
0 0.544311 14 
0 0.545595 14 
0 0.557874 14 
0 0.630653 14 
0 0.630838 14 
0 0.631668 14 
0 0.690794 14 
0 0.704383 14 
0 0.727448 14 
0 0.797008 14 
0 0.825557 14 
0 0.84137 14 
0 0.855246 14 
0 1.27145 14 
0 1.2715 14 
0 1.27255 14 
0 1.34062 14 
0 1.34548 14 
0 1.36692 14 
0 1.40916 14 
0 1.41401 14 
0 1.41413 14 
0 1.41475 14 
0 1.52858 14 
0 1.57343 14 
0 1.57676 14 
0 1.57935 14 
0 1.58068 14 
0 1.58115 14 
0 1.79278 14 
0 1.79898 14 
0 1.82476 14 
0 1.82482 14 
0 1.82731 14 
0 inf 14 
0 0.107291 15 
0 0.114132 15 
0 0.114641 15 
0 0.135204 15 
0 0.15163 15 
0 0.16132 15 
0 0.171514 15 
0 0.188442 15 
0 0.206202 15 
0 0.225181 15 
0 0.228972 15 
0 0.229414 15 
0 0.230495 15 
0 0.237898 15 
0 0.244312 15 
0 0.245739 15 
0 0.263007 15 
0 0.272985 15 
0 0.273838 15 
0 0.274715 15 
0 0.275562 15 
0 0.277825 15 
0 0.278244 15 
0 0.279968 15 
0 0.281031 15 
0 0.281213 15 
0 0.281834 15 
0 0.301731 15 
0 0.326675 15 
0 0.335045 15 
0 0.357429 15 
0 0.358818 15 
0 0.360555 15 
0 0.361444 15 
0 0.373 15 
0 0.41529 15 
0 0.442191 15 
0 0.452581 15 
0 0.480242 15 
0 0.516799 15 
0 0.519786 15 
0 0.522516 15 
0 0.522916 15 
0 0.523278 15 
0 0.523769 15 
0 0.525187 15 
0 0.611751 15 
0 0.611892 15 
0 0.612843 15 
0 0.639148 15 
0 0.727813 15 
0 0.788738 15 
0 0.789403 15 
0 0.789634 15 
0 0.790288 15 
0 0.959548 15 
0 1.23969 15 
0 1.24887 15 
0 1.25055 15 
0 1.34217 15 
0 1.34324 15 
0 1.41352 15 
0 1.41413 15 
0 1.41427 15 
0 1.51644 15 
0 1.52198 15 
0 1.52293 15 
0 1.57543 15 
0 1.6325 15 
0 1.63496 15 
0 1.63528 15 
0 1.80709 15 
0 1.95726 15 
0 1.95782 15 
0 1.95806 15 
0 inf 15 
0 0.0441814 16 
0 0.0883774 16 
0 0.0900126 16 
0 0.146991 16 
0 0.157335 16 
0 0.15978 16 
0 0.177407 16 
0 0.215361 16 
0 0.217143 16 
0 0.218814 16 
0 0.219413 16 
0 0.221329 16 
0 0.25154 16 
0 0.252407 16 
0 0.252754 16 
0 0.253444 16 
0 0.269952 16 
0 0.27049 16 
0 0.271727 16 
0 0.273066 16 
0 0.273705 16 
0 0.274076 16 
0 0.274872 16 
0 0.283894 16 
0 0.312641 16 
0 0.333736 16 
0 0.342741 16 
0 0.345117 16 
0 0.345328 16 
0 0.345918 16 
0 0.346802 16 
0 0.348057 16 
0 0.361122 16 
0 0.364536 16 
0 0.364536 16 
0 0.41377 16 
0 0.433852 16 
0 0.434241 16 
0 0.436416 16 
0 0.436416 16 
0 0.440255 16 
0 0.470541 16 
0 0.476328 16 
0 0.483825 16 
0 0.485178 16 
0 0.660361 16 
0 0.716757 16 
0 0.891573 16 
0 0.907881 16 
0 0.912602 16 
0 0.915949 16 
0 0.916188 16 
0 1.12148 16 
0 1.2401 16 
0 1.25466 16 
0 1.25498 16 
0 1.34597 16 
0 1.35019 16 
0 1.35203 16 
0 1.35271 16 
0 1.51326 16 
0 1.51471 16 
0 1.51534 16 
0 1.57772 16 
0 1.63765 16 
0 1.63782 16 
0 1.6385 16 
0 1.8114 16 
0 1.9195 16 
0 1.92205 16 
0 1.92263 16 
0 inf 16 
0 0.126369 17 
0 0.148565 17 
0 0.179001 17 
0 0.181425 17 
0 0.184285 17 
0 0.184838 17 
0 0.186574 17 
0 0.233194 17 
0 0.242084 17 
0 0.243523 17 
0 0.24729 17 
0 0.247794 17 
0 0.264187 17 
0 0.268545 17 
0 0.268707 17 
0 0.271191 17 
0 0.271352 17 
0 0.277667 17 
0 0.27772 17 
0 0.280227 17 
0 0.280797 17 
0 0.315424 17 
0 0.320916 17 
0 0.320916 17 
0 0.322411 17 
0 0.322591 17 
0 0.3823 17 
0 0.389212 17 
0 0.39134 17 
0 0.391451 17 
0 0.409603 17 
0 0.413454 17 
0 0.422224 17 
0 0.424409 17 
0 0.453275 17 
0 0.467298 17 
0 0.467454 17 
0 0.479105 17 
0 0.479105 17 
0 0.479682 17 
0 0.481502 17 
0 0.497907 17 
0 0.696441 17 
0 0.762249 17 
0 0.764158 17 
0 0.929449 17 
0 0.947377 17 
0 1.02816 17 
0 1.22188 17 
0 1.3007 17 
0 1.30797 17 
0 1.30936 17 
0 1.31008 17 
0 1.34733 17 
0 1.35105 17 
0 1.35196 17 
0 1.35256 17 
0 1.51809 17 
0 1.54551 17 
0 1.57783 17 
0 1.57873 17 
0 1.58306 17 
0 1.58435 17 
0 1.81248 17 
0 1.88346 17 
0 1.88399 17 
0 1.88434 17 
0 inf 17 
0 0.0961212 18 
0 0.126956 18 
0 0.129232 18 
0 0.142355 18 
0 0.149245 18 
0 0.151089 18 
0 0.179323 18 
0 0.179973 18 
0 0.191506 18 
0 0.221924 18 
0 0.225891 18 
0 0.226987 18 
0 0.229857 18 
0 0.231562 18 
0 0.231745 18 
0 0.241723 18 
0 0.244153 18 
0 0.256039 18 
0 0.283069 18 
0 0.284711 18 
0 0.288577 18 
0 0.29219 18 
0 0.296203 18 
0 0.329872 18 
0 0.332905 18 
0 0.333561 18 
0 0.359505 18 
0 0.396336 18 
0 0.401864 18 
0 0.404899 18 
0 0.404899 18 
0 0.407805 18 
0 0.424307 18 
0 0.437828 18 
0 0.495502 18 
0 0.496495 18 
0 0.506948 18 
0 0.509473 18 
0 0.510415 18 
0 0.573974 18 
0 0.603676 18 
0 0.616005 18 
0 0.875726 18 
0 0.977998 18 
0 1.04494 18 
0 1.08821 18 
0 1.17197 18 
0 1.17275 18 
0 1.31212 18 
0 1.31291 18 
0 1.34999 18 
0 1.35082 18 
0 1.35237 18 
0 1.35259 18 
0 1.57168 18 
0 1.57531 18 
0 1.57583 18 
0 1.5759 18 
0 1.57601 18 
0 1.8243 18 
0 1.83372 18 
0 1.841 18 
0 1.84131 18 
0 inf 18 
0 0.121789 19 
0 0.123014 19 
0 0.123487 19 
0 0.124278 19 
0 0.125825 19 
0 0.13311 19 
0 0.15743 19 
0 0.166343 19 
0 0.1677 19 
0 0.168 19 
0 0.226699 19 
0 0.234998 19 
0 0.240184 19 
0 0.243764 19 
0 0.245935 19 
0 0.249845 19 
0 0.294566 19 
0 0.322183 19 
0 0.339107 19 
0 0.346165 19 
0 0.348515 19 
0 0.351636 19 
0 0.367724 19 
0 0.370763 19 
0 0.380538 19 
0 0.412632 19 
0 0.415026 19 
0 0.415833 19 
0 0.420932 19 
0 0.443503 19 
0 0.44511 19 
0 0.448241 19 
0 0.457876 19 
0 0.45994 19 
0 0.460036 19 
0 0.469534 19 
0 0.470029 19 
0 0.51194 19 
0 0.513389 19 
0 0.515682 19 
0 0.558175 19 
0 0.601002 19 
0 0.604098 19 
0 0.604098 19 
0 1.23913 19 
0 1.23923 19 
0 1.26813 19 
0 1.36505 19 
0 1.36533 19 
0 1.36549 19 
0 1.51522 19 
0 1.58111 19 
0 1.58501 19 
0 1.58593 19 
0 1.58663 19 
0 1.86759 19 
0 1.86765 19 
0 1.86834 19 
0 4.0121 19 
0 inf 19 
0 0.150987 20 
0 0.153163 20 
0 0.156457 20 
0 0.157661 20 
0 0.159529 20 
0 0.161436 20 
0 0.181823 20 
0 0.191122 20 
0 0.196013 20 
0 0.213422 20 
0 0.262633 20 
0 0.263135 20 
0 0.267255 20 
0 0.267857 20 
0 0.269486 20 
0 0.270294 20 
0 0.272068 20 
0 0.27476 20 
0 0.275025 20 
0 0.286239 20 
0 0.299507 20 
0 0.306658 20 
0 0.307558 20 
0 0.323808 20 
0 0.339151 20 
0 0.359807 20 
0 0.360172 20 
0 0.419127 20 
0 0.439359 20 
0 0.439527 20 
0 0.439527 20 
0 0.439624 20 
0 0.441644 20 
0 0.441741 20 
0 0.450563 20 
0 0.453046 20 
0 0.457207 20 
0 0.46008 20 
0 0.461125 20 
0 0.461345 20 
0 0.527169 20 
0 0.527169 20 
0 0.529486 20 
0 0.559371 20 
0 1.24159 20 
0 1.24355 20 
0 1.36476 20 
0 1.36582 20 
0 1.36684 20 
0 1.44409 20 
0 1.51243 20 
0 1.59239 20 
0 1.59283 20 
0 1.88942 20 
0 1.89066 20 
0 inf 20 
