0 0.0355265 1 
0 0.0384918 1 
0 0.0398923 1 
0 0.0398923 1 
0 0.043825 1 
0 0.043825 1 
0 0.0438256 1 
0 0.045665 1 
0 0.0468514 1 
0 0.0480078 1 
0 0.0496872 1 
0 0.0502425 1 
0 0.0507853 1 
0 0.0518544 1 
0 0.0544363 1 
0 0.0544364 1 
0 0.0549379 1 
0 0.0564171 1 
0 0.0569008 1 
0 0.0578524 1 
0 0.0583287 1 
0 0.0583312 1 
0 0.0592632 1 
0 0.0615344 1 
0 0.0619777 1 
0 0.0632927 1 
0 0.0645814 1 
0 0.0654239 1 
0 0.0658408 1 
0 0.0670814 1 
0 0.0670828 1 
0 0.0686902 1 
0 0.0690955 1 
0 0.0694918 1 
0 0.0706666 1 
0 0.0714379 1 
0 0.0714406 1 
0 0.0718185 1 
0 0.0718201 1 
0 0.072204 1 
0 0.0729668 1 
0 0.0740781 1 
0 0.074086 1 
0 0.0751818 1 
0 0.0755453 1 
0 0.0762687 1 
0 0.0776977 1 
0 0.0780483 1 
0 0.0780534 1 
0 0.079095 1 
0 0.079784 1 
0 0.0797859 1 
0 0.0804619 1 
0 0.0821664 1 
0 0.0831536 1 
0 0.0841315 1 
0 0.0844633 1 
0 0.0844668 1 
0 0.0851135 1 
0 0.0854355 1 
0 0.086072 1 
0 0.0860724 1 
0 0.0863924 1 
0 0.087021 1 
0 0.087022 1 
0 0.0892052 1 
0 0.0904162 1 
0 0.0904274 1 
0 0.0907258 1 
0 0.0907271 1 
0 0.0922275 1 
0 0.0931144 1 
0 0.0985547 1 
0 0.098835 1 
0 0.10076 1 
0 0.103182 1 
0 0.103182 1 
0 0.105024 1 
0 0.112098 1 
0 0.112829 1 
0 0.117359 1 
0 0.118068 1 
0 0.121047 1 
0 0.121498 1 
0 0.125933 1 
0 0.130003 1 
0 0.134568 1 
0 0.137992 1 
0 0.142484 1 
0 0.148342 1 
0 0.149445 1 
0 0.150352 1 
0 0.152897 1 
0 0.156621 1 
0 0.167949 1 
0 0.190743 1 
0 0.210834 1 
0 0.227359 1 
0 0.233363 1 
0 0.234958 1 
0 0.238563 1 
0 0.256726 1 
0 0.26023 1 
0 0.261491 1 
0 0.279285 1 
0 0.283152 1 
0 0.285592 1 
0 0.287858 1 
0 0.301726 1 
0 0.304532 1 
0 0.307342 1 
0 0.330477 1 
0 0.338901 1 
0 0.341002 1 
0 0.355806 1 
0 0.358724 1 
0 0.364789 1 
0 0.40472 1 
0 0.413313 1 
0 0.777611 1 
0 1.10339 1 
0 2.14261 1 
0 2.74925 1 
0 2.75375 1 
0 3.65068 1 
0 3.84334 1 
0 5.38738 1 
0 6.42645 1 
0 7.76778 1 
0 7.93075 1 
0 7.97972 1 
0 inf 1 
0 0.0392003 2 
0 0.0398914 2 
0 0.0398942 2 
0 0.0425512 2 
0 0.0425533 2 
0 0.0431911 2 
0 0.0474326 2 
0 0.0491346 2 
0 0.0507806 2 
0 0.0513206 2 
0 0.0534201 2 
0 0.0544366 2 
0 0.0559267 2 
0 0.0564165 2 
0 0.057381 2 
0 0.059263 2 
0 0.0606331 2 
0 0.0624195 2 
0 0.0633017 2 
0 0.0637245 2 
0 0.0637256 2 
0 0.063726 2 
0 0.0645803 2 
0 0.064581 2 
0 0.0650013 2 
0 0.0658402 2 
0 0.0658405 2 
0 0.0666706 2 
0 0.0678928 2 
0 0.0678958 2 
0 0.0682958 2 
0 0.0698903 2 
0 0.0698931 2 
0 0.0702778 2 
0 0.0706668 2 
0 0.070667 2 
0 0.0722051 2 
0 0.072582 2 
0 0.0740791 2 
0 0.0755451 2 
0 0.0759133 2 
0 0.0769847 2 
0 0.0776963 2 
0 0.0783967 2 
0 0.0787461 2 
0 0.0790937 2 
0 0.0790942 2 
0 0.0797869 2 
0 0.0857523 2 
0 0.0873366 2 
0 0.0873367 2 
0 0.0879619 2 
0 0.0882759 2 
0 0.088276 2 
0 0.088276 2 
0 0.088895 2 
0 0.0898157 2 
0 0.0934092 2 
0 0.0945805 2 
0 0.0977155 2 
0 0.0996603 2 
0 0.0996616 2 
0 0.0996622 2 
0 0.099663 2 
0 0.0999419 2 
0 0.102115 2 
0 0.102115 2 
0 0.105804 2 
0 0.106317 2 
0 0.106579 2 
0 0.110621 2 
0 0.118761 2 
0 0.121275 2 
0 0.122621 2 
0 0.123956 2 
0 0.133132 2 
0 0.148712 2 
0 0.150364 2 
0 0.156444 2 
0 0.157147 2 
0 0.16247 2 
0 0.181004 2 
0 0.197382 2 
0 0.200691 2 
0 0.201378 2 
0 0.203001 2 
0 0.205687 2 
0 0.210964 2 
0 0.214824 2 
0 0.219255 2 
0 0.230122 2 
0 0.243557 2 
0 0.250647 2 
0 0.25282 2 
0 0.253825 2 
0 0.27069 2 
0 0.272941 2 
0 0.289056 2 
0 0.297424 2 
0 0.299074 2 
0 0.302706 2 
0 0.305435 2 
0 0.309141 2 
0 0.309279 2 
0 0.322559 2 
0 0.330457 2 
0 0.337342 2 
0 0.337551 2 
0 0.338421 2 
0 0.339057 2 
0 0.345059 2 
0 0.803945 2 
0 1.06569 2 
0 1.28334 2 
0 1.86088 2 
0 1.86418 2 
0 2.03344 2 
0 3.62438 2 
0 3.65099 2 
0 5.11504 2 
0 5.25844 2 
0 5.95507 2 
0 5.9862 2 
0 6.20169 2 
0 6.2262 2 
0 6.26156 2 
0 6.26682 2 
0 inf 2 
0 0.0456627 3 
0 0.0456667 3 
0 0.0462637 3 
0 0.052383 3 
0 0.0529023 3 
0 0.0549361 3 
0 0.0569015 3 
0 0.0601774 3 
0 0.0601819 3 
0 0.0619714 3 
0 0.062859 3 
0 0.0641505 3 
0 0.0641511 3 
0 0.0641534 3 
0 0.06458 3 
0 0.0654198 3 
0 0.0662577 3 
0 0.0666702 3 
0 0.0670792 3 
0 0.0674896 3 
0 0.0682972 3 
0 0.0682972 3 
0 0.0702732 3 
0 0.0710517 3 
0 0.0718218 3 
0 0.0722018 3 
0 0.0744523 3 
0 0.0748153 3 
0 0.0751727 3 
0 0.0759127 3 
0 0.0769845 3 
0 0.07734 3 
0 0.0776923 3 
0 0.0776941 3 
0 0.0811463 3 
0 0.0814861 3 
0 0.0821566 3 
0 0.082157 3 
0 0.0824902 3 
0 0.0824903 3 
0 0.0828186 3 
0 0.0844626 3 
0 0.084466 3 
0 0.0847875 3 
0 0.0860714 3 
0 0.0863896 3 
0 0.0870161 3 
0 0.0922285 3 
0 0.0928191 3 
0 0.0942861 3 
0 0.0945766 3 
0 0.0965876 3 
0 0.101031 3 
0 0.102109 3 
0 0.109571 3 
0 0.111608 3 
0 0.11968 3 
0 0.122398 3 
0 0.125278 3 
0 0.129583 3 
0 0.131266 3 
0 0.13958 3 
0 0.146245 3 
0 0.151456 3 
0 0.151818 3 
0 0.161453 3 
0 0.171344 3 
0 0.175618 3 
0 0.181607 3 
0 0.182961 3 
0 0.184753 3 
0 0.185195 3 
0 0.197387 3 
0 0.199601 3 
0 0.209135 3 
0 0.210832 3 
0 0.212906 3 
0 0.213413 3 
0 0.214442 3 
0 0.215969 3 
0 0.220496 3 
0 0.227961 3 
0 0.239474 3 
0 0.249012 3 
0 0.255112 3 
0 0.264746 3 
0 0.264753 3 
0 0.265104 3 
0 0.265272 3 
0 0.266373 3 
0 0.268864 3 
0 0.278066 3 
0 0.278073 3 
0 0.281107 3 
0 0.290513 3 
0 0.295379 3 
0 0.29638 3 
0 0.30006 3 
0 0.313086 3 
0 0.316836 3 
0 0.326471 3 
0 0.335021 3 
0 0.348508 3 
0 0.657177 3 
0 0.728086 3 
0 0.919777 3 
0 0.925989 3 
0 1.0513 3 
0 1.05674 3 
0 1.39021 3 
0 1.39141 3 
0 1.39346 3 
0 1.75591 3 
0 1.84914 3 
0 3.40811 3 
0 3.41181 3 
0 3.41956 3 
0 3.42216 3 
0 3.5204 3 
0 4.30607 3 
0 4.3921 3 
0 4.50187 3 
0 4.50446 3 
0 inf 3 
0 0.0384881 4 
0 0.0384919 4 
0 0.0405738 4 
0 0.041242 4 
0 0.0444463 4 
0 0.0491373 4 
0 0.0496913 4 
0 0.0507892 4 
0 0.0539312 4 
0 0.0544349 4 
0 0.0568993 4 
0 0.0569006 4 
0 0.0573805 4 
0 0.0578579 4 
0 0.0619782 4 
0 0.0619797 4 
0 0.0650041 4 
0 0.0666673 4 
0 0.0690953 4 
0 0.0690959 4 
0 0.0690959 4 
0 0.0702743 4 
0 0.070279 4 
0 0.071821 4 
0 0.0718216 4 
0 0.0733381 4 
0 0.0733388 4 
0 0.0766321 4 
0 0.078046 4 
0 0.0808101 4 
0 0.0821564 4 
0 0.08249 4 
0 0.0834818 4 
0 0.0851095 4 
0 0.0860713 4 
0 0.0898138 4 
0 0.0916308 4 
0 0.0934096 4 
0 0.0942866 4 
0 0.0954508 4 
0 0.0957318 4 
0 0.0968671 4 
0 0.0993868 4 
0 0.0999419 4 
0 0.100484 4 
0 0.104766 4 
0 0.107605 4 
0 0.108872 4 
0 0.111119 4 
0 0.117124 4 
0 0.117127 4 
0 0.120594 4 
0 0.122847 4 
0 0.134979 4 
0 0.142301 4 
0 0.176053 4 
0 0.176078 4 
0 0.179167 4 
0 0.187997 4 
0 0.190311 4 
0 0.190937 4 
0 0.194026 4 
0 0.195013 4 
0 0.196971 4 
0 0.204358 4 
0 0.207016 4 
0 0.207554 4 
0 0.214313 4 
0 0.214954 4 
0 0.215205 4 
0 0.223496 4 
0 0.231779 4 
0 0.232133 4 
0 0.236002 4 
0 0.244542 4 
0 0.24627 4 
0 0.250122 4 
0 0.250227 4 
0 0.251099 4 
0 0.251104 4 
0 0.255322 4 
0 0.265829 4 
0 0.269176 4 
0 0.269262 4 
0 0.275722 4 
0 0.281825 4 
0 0.292679 4 
0 0.292679 4 
0 0.295734 4 
0 0.298153 4 
0 0.298251 4 
0 0.302292 4 
0 0.302927 4 
0 0.303517 4 
0 0.309569 4 
0 0.313852 4 
0 0.433655 4 
0 0.461134 4 
0 0.926673 4 
0 1.04856 4 
0 1.58583 4 
0 1.58749 4 
0 1.59645 4 
0 1.69087 4 
0 1.692 4 
0 1.84632 4 
0 1.95681 4 
0 1.96474 4 
0 1.96604 4 
0 1.96608 4 
0 3.44049 4 
0 3.48253 4 
0 3.51708 4 
0 3.52304 4 
0 3.52603 4 
0 3.62708 4 
0 3.63457 4 
0 3.63482 4 
0 3.63651 4 
0 inf 4 
0 0.0277182 5 
0 0.0339458 5 
0 0.0544364 5 
0 0.0559249 5 
0 0.0564162 5 
0 0.0564186 5 
0 0.0592629 5 
0 0.0601805 5 
0 0.0619787 5 
0 0.0637259 5 
0 0.064153 5 
0 0.0690963 5 
0 0.0710533 5 
0 0.0729533 5 
0 0.0729562 5 
0 0.0773371 5 
0 0.0787413 5 
0 0.0787413 5 
0 0.0794403 5 
0 0.08081 5 
0 0.0821556 5 
0 0.0824899 5 
0 0.0828217 5 
0 0.0851097 5 
0 0.0885841 5 
0 0.0898148 5 
0 0.091927 5 
0 0.0919306 5 
0 0.094577 5 
0 0.0954443 5 
0 0.0968703 5 
0 0.098548 5 
0 0.100779 5 
0 0.102108 5 
0 0.103713 5 
0 0.103982 5 
0 0.104241 5 
0 0.104501 5 
0 0.104502 5 
0 0.10787 5 
0 0.122619 5 
0 0.129375 5 
0 0.131892 5 
0 0.137201 5 
0 0.14908 5 
0 0.149452 5 
0 0.150001 5 
0 0.173726 5 
0 0.177172 5 
0 0.17748 5 
0 0.182959 5 
0 0.18593 5 
0 0.188131 5 
0 0.190169 5 
0 0.199475 5 
0 0.200835 5 
0 0.203414 5 
0 0.203424 5 
0 0.210842 5 
0 0.211871 5 
0 0.213429 5 
0 0.216355 5 
0 0.224439 5 
0 0.225953 5 
0 0.22818 5 
0 0.22844 5 
0 0.235771 5 
0 0.239602 5 
0 0.243336 5 
0 0.248905 5 
0 0.250808 5 
0 0.252516 5 
0 0.255842 5 
0 0.257461 5 
0 0.267176 5 
0 0.268713 5 
0 0.268928 5 
0 0.272061 5 
0 0.273806 5 
0 0.277291 5 
0 0.277686 5 
0 0.286323 5 
0 0.288936 5 
0 0.288936 5 
0 0.296805 5 
0 0.306413 5 
0 0.308644 5 
0 0.321728 5 
0 0.375906 5 
0 0.550929 5 
0 0.593687 5 
0 0.606853 5 
0 0.744102 5 
0 0.813175 5 
0 0.93121 5 
0 0.93121 5 
0 0.931652 5 
0 0.940008 5 
0 0.950065 5 
0 1.07072 5 
0 1.67965 5 
0 1.83972 5 
0 2.04866 5 
0 2.04883 5 
0 2.04947 5 
0 2.06724 5 
0 3.38819 5 
0 4.01805 5 
0 4.01857 5 
0 4.01881 5 
0 4.0213 5 
0 4.56048 5 
0 4.56779 5 
0 4.57004 5 
0 4.57546 5 
0 inf 5 
0 0.0518525 6 
0 0.060184 6 
0 0.0606343 6 
0 0.0606351 6 
0 0.060636 6 
0 0.0619769 6 
0 0.0637203 6 
0 0.0637218 6 
0 0.0637224 6 
0 0.0682926 6 
0 0.0790946 6 
0 0.0794453 6 
0 0.0804694 6 
0 0.0804697 6 
0 0.0814857 6 
0 0.0818197 6 
0 0.0818209 6 
0 0.0818258 6 
0 0.0824941 6 
0 0.0873357 6 
0 0.088274 6 
0 0.0892004 6 
0 0.0904242 6 
0 0.0919276 6 
0 0.0919326 6 
0 0.0928196 6 
0 0.0937027 6 
0 0.103973 6 
0 0.105288 6 
0 0.115237 6 
0 0.11713 6 
0 0.118523 6 
0 0.121946 6 
0 0.122623 6 
0 0.128945 6 
0 0.130011 6 
0 0.130432 6 
0 0.130638 6 
0 0.134775 6 
0 0.137997 6 
0 0.153613 6 
0 0.155915 6 
0 0.168434 6 
0 0.169742 6 
0 0.178395 6 
0 0.182956 6 
0 0.182971 6 
0 0.183105 6 
0 0.183859 6 
0 0.184304 6 
0 0.190161 6 
0 0.192457 6 
0 0.201236 6 
0 0.201237 6 
0 0.202738 6 
0 0.206405 6 
0 0.211608 6 
0 0.215969 6 
0 0.217228 6 
0 0.230131 6 
0 0.231429 6 
0 0.23378 6 
0 0.235318 6 
0 0.237177 6 
0 0.241721 6 
0 0.251184 6 
0 0.253058 6 
0 0.253644 6 
0 0.256334 6 
0 0.256441 6 
0 0.257032 6 
0 0.258203 6 
0 0.263552 6 
0 0.263864 6 
0 0.267699 6 
0 0.268238 6 
0 0.281521 6 
0 0.301451 6 
0 0.30193 6 
0 0.30193 6 
0 0.320362 6 
0 0.32845 6 
0 0.348476 6 
0 0.382338 6 
0 0.412256 6 
0 0.456828 6 
0 0.522289 6 
0 0.53899 6 
0 0.59438 6 
0 0.873086 6 
0 0.916402 6 
0 1.05586 6 
0 1.38402 6 
0 1.38402 6 
0 1.38444 6 
0 1.38954 6 
0 1.65556 6 
0 1.84647 6 
0 1.91694 6 
0 1.91959 6 
0 1.93529 6 
0 1.93745 6 
0 3.16604 6 
0 3.16937 6 
0 3.18171 6 
0 3.18678 6 
0 3.44019 6 
0 3.79827 6 
0 3.86751 6 
0 3.8845 6 
0 3.88566 6 
0 inf 6 
0 0.0419017 7 
0 0.0513253 7 
0 0.0568984 7 
0 0.0597171 7 
0 0.0601839 7 
0 0.0710538 7 
0 0.0729559 7 
0 0.0780415 7 
0 0.0828295 7 
0 0.0854359 7 
0 0.0882763 7 
0 0.0885829 7 
0 0.0919281 7 
0 0.0922251 7 
0 0.0928199 7 
0 0.0960162 7 
0 0.09744 7 
0 0.0979955 7 
0 0.0982758 7 
0 0.10021 7 
0 0.100485 7 
0 0.101299 7 
0 0.103175 7 
0 0.103979 7 
0 0.104237 7 
0 0.107093 7 
0 0.107606 7 
0 0.109376 7 
0 0.109377 7 
0 0.112345 7 
0 0.114521 7 
0 0.115238 7 
0 0.117129 7 
0 0.120582 7 
0 0.129157 7 
0 0.131685 7 
0 0.140359 7 
0 0.160758 7 
0 0.160758 7 
0 0.162806 7 
0 0.164662 7 
0 0.164811 7 
0 0.171333 7 
0 0.184899 7 
0 0.185785 7 
0 0.187834 7 
0 0.189297 7 
0 0.191176 7 
0 0.192174 7 
0 0.198489 7 
0 0.204998 7 
0 0.206085 7 
0 0.206105 7 
0 0.207676 7 
0 0.208782 7 
0 0.209962 7 
0 0.210435 7 
0 0.211525 7 
0 0.219991 7 
0 0.221382 7 
0 0.224935 7 
0 0.226146 7 
0 0.22928 7 
0 0.233095 7 
0 0.248556 7 
0 0.250877 7 
0 0.256701 7 
0 0.277194 7 
0 0.279167 7 
0 0.279265 7 
0 0.279277 7 
0 0.28985 7 
0 0.290606 7 
0 0.290984 7 
0 0.303176 7 
0 0.370822 7 
0 0.401663 7 
0 0.413443 7 
0 0.417143 7 
0 0.449454 7 
0 0.735797 7 
0 0.924806 7 
0 0.947927 7 
0 0.958205 7 
0 0.960601 7 
0 0.964454 7 
0 1.00265 7 
0 1.08116 7 
0 1.4886 7 
0 1.48867 7 
0 1.5473 7 
0 1.58376 7 
0 1.63849 7 
0 1.64826 7 
0 1.6585 7 
0 1.65871 7 
0 1.6614 7 
0 1.85832 7 
0 2.05064 7 
0 2.05599 7 
0 2.05887 7 
0 2.06223 7 
0 3.34247 7 
0 3.38193 7 
0 3.38426 7 
0 3.38631 7 
0 3.51103 7 
0 inf 7 
0 0.0534175 8 
0 0.0601751 8 
0 0.0606338 8 
0 0.0606388 8 
0 0.0610862 8 
0 0.0658407 8 
0 0.067082 8 
0 0.0710551 8 
0 0.0818205 8 
0 0.085111 8 
0 0.0857509 8 
0 0.0895061 8 
0 0.0901198 8 
0 0.0910318 8 
0 0.0965907 8 
0 0.0977164 8 
0 0.0982742 8 
0 0.0996837 8 
0 0.100758 8 
0 0.101305 8 
0 0.101571 8 
0 0.102933 8 
0 0.105281 8 
0 0.111847 8 
0 0.11259 8 
0 0.114517 8 
0 0.118292 8 
0 0.123974 8 
0 0.136792 8 
0 0.140555 8 
0 0.145731 8 
0 0.149066 8 
0 0.160086 8 
0 0.161784 8 
0 0.178404 8 
0 0.185637 8 
0 0.185637 8 
0 0.185938 8 
0 0.189579 8 
0 0.190856 8 
0 0.192432 8 
0 0.192859 8 
0 0.197667 8 
0 0.203003 8 
0 0.205311 8 
0 0.213932 8 
0 0.218378 8 
0 0.222031 8 
0 0.222402 8 
0 0.222975 8 
0 0.224081 8 
0 0.233666 8 
0 0.24015 8 
0 0.240495 8 
0 0.242532 8 
0 0.242877 8 
0 0.242885 8 
0 0.247362 8 
0 0.247829 8 
0 0.258204 8 
0 0.263186 8 
0 0.265986 8 
0 0.266596 8 
0 0.297692 8 
0 0.299071 8 
0 0.300078 8 
0 0.309974 8 
0 0.331039 8 
0 0.337197 8 
0 0.353641 8 
0 0.371945 8 
0 0.62279 8 
0 0.685735 8 
0 0.689566 8 
0 0.744667 8 
0 0.756653 8 
0 0.874307 8 
0 0.931634 8 
0 0.936658 8 
0 0.943224 8 
0 0.94992 8 
0 0.951997 8 
0 1.02558 8 
0 1.04804 8 
0 1.38358 8 
0 1.38453 8 
0 1.38494 8 
0 1.38536 8 
0 1.63307 8 
0 1.63656 8 
0 1.63809 8 
0 1.64644 8 
0 1.67756 8 
0 1.84075 8 
0 1.84223 8 
0 1.84606 8 
0 1.84803 8 
0 1.85033 8 
0 3.31693 8 
0 3.32882 8 
0 3.40645 8 
0 3.48766 8 
0 3.49112 8 
0 inf 8 
0 0.0480061 9 
0 0.0610839 9 
0 0.0619819 9 
0 0.0698833 9 
0 0.0714378 9 
0 0.0784286 9 
0 0.0801205 9 
0 0.085748 9 
0 0.0895109 9 
0 0.0910304 9 
0 0.0919292 9 
0 0.0937055 9 
0 0.0954393 9 
0 0.106571 9 
0 0.106839 9 
0 0.110458 9 
0 0.111853 9 
0 0.115241 9 
0 0.116975 9 
0 0.116975 9 
0 0.124177 9 
0 0.125714 9 
0 0.126368 9 
0 0.137985 9 
0 0.137985 9 
0 0.144976 9 
0 0.146481 9 
0 0.147615 9 
0 0.149829 9 
0 0.179599 9 
0 0.180362 9 
0 0.18235 9 
0 0.182354 9 
0 0.183379 9 
0 0.184752 9 
0 0.191319 9 
0 0.196693 9 
0 0.199735 9 
0 0.203406 9 
0 0.219996 9 
0 0.22062 9 
0 0.233077 9 
0 0.23624 9 
0 0.23777 9 
0 0.239609 9 
0 0.239693 9 
0 0.240493 9 
0 0.240721 9 
0 0.241859 9 
0 0.2598 9 
0 0.260749 9 
0 0.264017 9 
0 0.277969 9 
0 0.278856 9 
0 0.296688 9 
0 0.323829 9 
0 0.329204 9 
0 0.329204 9 
0 0.337842 9 
0 0.364715 9 
0 0.374669 9 
0 0.434166 9 
0 0.476236 9 
0 0.490149 9 
0 0.510122 9 
0 0.517757 9 
0 0.582543 9 
0 0.605875 9 
0 0.643498 9 
0 0.771639 9 
0 0.870918 9 
0 0.914633 9 
0 0.918585 9 
0 0.92109 9 
0 0.9322 9 
0 0.941107 9 
0 0.941505 9 
0 0.973196 9 
0 1.03695 9 
0 1.06014 9 
0 1.06726 9 
0 1.06749 9 
0 1.07716 9 
0 1.07984 9 
0 1.63561 9 
0 1.63616 9 
0 1.64824 9 
0 1.64944 9 
0 1.65557 9 
0 1.84284 9 
0 1.8447 9 
0 1.84825 9 
0 1.8525 9 
0 1.85429 9 
0 3.26588 9 
0 3.37697 9 
0 3.39308 9 
0 3.42894 9 
0 3.43291 9 
0 inf 9 
0 0.0450576 10 
0 0.0847869 10 
0 0.0853631 10 
0 0.0853631 10 
0 0.0895105 10 
0 0.0968695 10 
0 0.0971521 10 
0 0.0993835 10 
0 0.101027 10 
0 0.104499 10 
0 0.110642 10 
0 0.112603 10 
0 0.112832 10 
0 0.113311 10 
0 0.113338 10 
0 0.114518 10 
0 0.117143 10 
0 0.119215 10 
0 0.122474 10 
0 0.12462 10 
0 0.125934 10 
0 0.139575 10 
0 0.1423 10 
0 0.151819 10 
0 0.160829 10 
0 0.181746 10 
0 0.183548 10 
0 0.193315 10 
0 0.195714 10 
0 0.196269 10 
0 0.196693 10 
0 0.198355 10 
0 0.200278 10 
0 0.203416 10 
0 0.210539 10 
0 0.215876 10 
0 0.219369 10 
0 0.219751 10 
0 0.225903 10 
0 0.241411 10 
0 0.24322 10 
0 0.260543 10 
0 0.260649 10 
0 0.267391 10 
0 0.268525 10 
0 0.268926 10 
0 0.269544 10 
0 0.273487 10 
0 0.278162 10 
0 0.279733 10 
0 0.282951 10 
0 0.295022 10 
0 0.296584 10 
0 0.320691 10 
0 0.324512 10 
0 0.326283 10 
0 0.342769 10 
0 0.344941 10 
0 0.347635 10 
0 0.355967 10 
0 0.359648 10 
0 0.360726 10 
0 0.381637 10 
0 0.414774 10 
0 0.54797 10 
0 0.596483 10 
0 0.626624 10 
0 0.642408 10 
0 0.794014 10 
0 0.797325 10 
0 0.908405 10 
0 0.910032 10 
0 0.910125 10 
0 0.910364 10 
0 0.910876 10 
0 1.05467 10 
0 1.05508 10 
0 1.06463 10 
0 1.07808 10 
0 1.07866 10 
0 1.62458 10 
0 1.6258 10 
0 1.65256 10 
0 1.70639 10 
0 1.70692 10 
0 1.84746 10 
0 1.84795 10 
0 1.85969 10 
0 1.85979 10 
0 1.85997 10 
0 3.25169 10 
0 3.45443 10 
0 3.45736 10 
0 3.48703 10 
0 3.51343 10 
0 inf 10 
0 0.0378244 11 
0 0.0426016 11 
0 0.0773136 11 
0 0.0998812 11 
0 0.103183 11 
0 0.105546 11 
0 0.110623 11 
0 0.111119 11 
0 0.114041 11 
0 0.114521 11 
0 0.116424 11 
0 0.121945 11 
0 0.129145 11 
0 0.129152 11 
0 0.132301 11 
0 0.134772 11 
0 0.134968 11 
0 0.13956 11 
0 0.150167 11 
0 0.161623 11 
0 0.165507 11 
0 0.169731 11 
0 0.174517 11 
0 0.177668 11 
0 0.18311 11 
0 0.184156 11 
0 0.196279 11 
0 0.197526 11 
0 0.211351 11 
0 0.214565 11 
0 0.218505 11 
0 0.218876 11 
0 0.219007 11 
0 0.219379 11 
0 0.220875 11 
0 0.226506 11 
0 0.226627 11 
0 0.226764 11 
0 0.228197 11 
0 0.22928 11 
0 0.22928 11 
0 0.231421 11 
0 0.232489 11 
0 0.234369 11 
0 0.249792 11 
0 0.251434 11 
0 0.26924 11 
0 0.275288 11 
0 0.312976 11 
0 0.31632 11 
0 0.318308 11 
0 0.402009 11 
0 0.402009 11 
0 0.405474 11 
0 0.405474 11 
0 0.410541 11 
0 0.487787 11 
0 0.494491 11 
0 0.495938 11 
0 0.571505 11 
0 0.571829 11 
0 0.59566 11 
0 0.716179 11 
0 0.731342 11 
0 0.780396 11 
0 0.848611 11 
0 0.906982 11 
0 0.906982 11 
0 0.90804 11 
0 0.92771 11 
0 0.929335 11 
0 1.04882 11 
0 1.04944 11 
0 1.06502 11 
0 1.06525 11 
0 1.06525 11 
0 1.63173 11 
0 1.63221 11 
0 1.64624 11 
0 1.67281 11 
0 1.67322 11 
0 1.8454 11 
0 1.84683 11 
0 1.85336 11 
0 1.85372 11 
0 1.86081 11 
0 3.25413 11 
0 3.25818 11 
0 3.26813 11 
0 3.39827 11 
0 3.41502 11 
0 inf 11 
0 0.0619437 12 
0 0.0904501 12 
0 0.0940203 12 
0 0.111201 12 
0 0.113401 12 
0 0.11519 12 
0 0.117312 12 
0 0.135378 12 
0 0.139806 12 
0 0.141717 12 
0 0.15662 12 
0 0.166969 12 
0 0.180079 12 
0 0.190344 12 
0 0.190882 12 
0 0.191892 12 
0 0.195707 12 
0 0.207149 12 
0 0.220395 12 
0 0.229281 12 
0 0.229286 12 
0 0.230254 12 
0 0.235777 12 
0 0.242885 12 
0 0.244005 12 
0 0.24703 12 
0 0.247585 12 
0 0.249114 12 
0 0.250761 12 
0 0.251099 12 
0 0.254145 12 
0 0.259377 12 
0 0.262002 12 
0 0.274283 12 
0 0.277376 12 
0 0.283242 12 
0 0.284411 12 
0 0.285941 12 
0 0.292118 12 
0 0.29872 12 
0 0.299899 12 
0 0.302903 12 
0 0.3049 12 
0 0.3049 12 
0 0.330201 12 
0 0.330534 12 
0 0.349349 12 
0 0.372752 12 
0 0.375685 12 
0 0.376558 12 
0 0.3903 12 
0 0.399475 12 
0 0.429339 12 
0 0.436876 12 
0 0.439192 12 
0 0.472603 12 
0 0.536035 12 
0 0.57045 12 
0 0.649664 12 
0 0.670612 12 
0 0.707013 12 
0 0.721803 12 
0 0.912411 12 
0 0.915294 12 
0 0.924095 12 
0 0.931695 12 
0 0.932166 12 
0 1.04702 12 
0 1.04914 12 
0 1.04937 12 
0 1.04989 12 
0 1.05016 12 
0 1.63368 12 
0 1.63421 12 
0 1.64452 12 
0 1.64597 12 
0 1.64996 12 
0 1.84056 12 
0 1.84074 12 
0 1.8408 12 
0 1.84091 12 
0 1.84123 12 
0 3.28826 12 
0 3.28901 12 
0 3.33509 12 
0 3.3365 12 
0 3.36082 12 
0 inf 12 
0 0.0706972 13 
0 0.0898376 13 
0 0.0996085 13 
0 0.102058 13 
0 0.116894 13 
0 0.119677 13 
0 0.13008 13 
0 0.131963 13 
0 0.135983 13 
0 0.16994 13 
0 0.17752 13 
0 0.178239 13 
0 0.181897 13 
0 0.183261 13 
0 0.189148 13 
0 0.189579 13 
0 0.189582 13 
0 0.202875 13 
0 0.204895 13 
0 0.205061 13 
0 0.205991 13 
0 0.208767 13 
0 0.21226 13 
0 0.225426 13 
0 0.23496 13 
0 0.23542 13 
0 0.235537 13 
0 0.238206 13 
0 0.248027 13 
0 0.252194 13 
0 0.270763 13 
0 0.270766 13 
0 0.270766 13 
0 0.274587 13 
0 0.287952 13 
0 0.29108 13 
0 0.293719 13 
0 0.294361 13 
0 0.310602 13 
0 0.310602 13 
0 0.310685 13 
0 0.321794 13 
0 0.328121 13 
0 0.330121 13 
0 0.332193 13 
0 0.356346 13 
0 0.360558 13 
0 0.366968 13 
0 0.446933 13 
0 0.491322 13 
0 0.500868 13 
0 0.507833 13 
0 0.50999 13 
0 0.591885 13 
0 0.617656 13 
0 0.65269 13 
0 0.684056 13 
0 0.721993 13 
0 0.911178 13 
0 0.915474 13 
0 0.923113 13 
0 0.926673 13 
0 0.929777 13 
0 1.04715 13 
0 1.04736 13 
0 1.05895 13 
0 1.05934 13 
0 1.06102 13 
0 1.62499 13 
0 1.62652 13 
0 1.62819 13 
0 1.62989 13 
0 1.6303 13 
0 1.84051 13 
0 1.84074 13 
0 1.84765 13 
0 1.84814 13 
0 1.85043 13 
0 3.29514 13 
0 3.29735 13 
0 3.44095 13 
0 3.44312 13 
0 3.50804 13 
0 inf 13 
0 0.0954476 14 
0 0.0971771 14 
0 0.0996689 14 
0 0.110637 14 
0 0.112836 14 
0 0.121947 14 
0 0.134774 14 
0 0.141486 14 
0 0.150895 14 
0 0.165295 14 
0 0.165309 14 
0 0.165847 14 
0 0.166641 14 
0 0.168442 14 
0 0.169879 14 
0 0.176237 14 
0 0.177484 14 
0 0.181156 14 
0 0.182943 14 
0 0.186087 14 
0 0.193459 14 
0 0.20014 14 
0 0.205153 14 
0 0.215205 14 
0 0.218876 14 
0 0.221114 14 
0 0.230474 14 
0 0.231667 14 
0 0.232722 14 
0 0.234023 14 
0 0.234493 14 
0 0.242887 14 
0 0.245917 14 
0 0.25034 14 
0 0.259588 14 
0 0.260643 14 
0 0.27268 14 
0 0.272883 14 
0 0.278257 14 
0 0.280811 14 
0 0.340597 14 
0 0.357655 14 
0 0.357963 14 
0 0.35888 14 
0 0.364867 14 
0 0.405608 14 
0 0.408307 14 
0 0.418329 14 
0 0.448874 14 
0 0.567355 14 
0 0.578134 14 
0 0.623581 14 
0 0.62411 14 
0 0.798694 14 
0 0.8622 14 
0 0.908161 14 
0 0.910086 14 
0 0.911803 14 
0 0.911893 14 
0 0.933915 14 
0 1.04633 14 
0 1.04662 14 
0 1.0688 14 
0 1.06919 14 
0 1.06972 14 
0 1.62902 14 
0 1.64772 14 
0 1.6515 14 
0 1.65196 14 
0 1.74098 14 
0 1.84474 14 
0 1.84514 14 
0 1.84924 14 
0 1.85234 14 
0 1.85613 14 
0 3.28987 14 
0 3.40102 14 
0 3.47105 14 
0 3.62618 14 
0 inf 14 
0 0.0867276 15 
0 0.100488 15 
0 0.10344 15 
0 0.117358 15 
0 0.128733 15 
0 0.128945 15 
0 0.139378 15 
0 0.140033 15 
0 0.142103 15 
0 0.143605 15 
0 0.14684 15 
0 0.147596 15 
0 0.161283 15 
0 0.179315 15 
0 0.187702 15 
0 0.191893 15 
0 0.194054 15 
0 0.19448 15 
0 0.199732 15 
0 0.201135 15 
0 0.20236 15 
0 0.202597 15 
0 0.202603 15 
0 0.203003 15 
0 0.203143 15 
0 0.204216 15 
0 0.204624 15 
0 0.210048 15 
0 0.220745 15 
0 0.237158 15 
0 0.237288 15 
0 0.239002 15 
0 0.241061 15 
0 0.247026 15 
0 0.247026 15 
0 0.247253 15 
0 0.250219 15 
0 0.250555 15 
0 0.250555 15 
0 0.280226 15 
0 0.282184 15 
0 0.300543 15 
0 0.305343 15 
0 0.310954 15 
0 0.327457 15 
0 0.341963 15 
0 0.437499 15 
0 0.520662 15 
0 0.549431 15 
0 0.550479 15 
0 0.586762 15 
0 0.691584 15 
0 0.715272 15 
0 0.729806 15 
0 0.732171 15 
0 0.906016 15 
0 0.945666 15 
0 0.945842 15 
0 0.946103 15 
0 1.06639 15 
0 1.07293 15 
0 1.07704 15 
0 1.07989 15 
0 1.62559 15 
0 1.6795 15 
0 1.6814 15 
0 1.68179 15 
0 1.84114 15 
0 1.84682 15 
0 1.84764 15 
0 1.84875 15 
0 3.38678 15 
0 3.48161 15 
0 3.62497 15 
0 3.62871 15 
0 inf 15 
0 0.091868 16 
0 0.108366 16 
0 0.116031 16 
0 0.119171 16 
0 0.123973 16 
0 0.131432 16 
0 0.131432 16 
0 0.135169 16 
0 0.136193 16 
0 0.140359 16 
0 0.143325 16 
0 0.145604 16 
0 0.147848 16 
0 0.165634 16 
0 0.173258 16 
0 0.178099 16 
0 0.178253 16 
0 0.178855 16 
0 0.184337 16 
0 0.186556 16 
0 0.201781 16 
0 0.213924 16 
0 0.215585 16 
0 0.217116 16 
0 0.219994 16 
0 0.236351 16 
0 0.242877 16 
0 0.242877 16 
0 0.244119 16 
0 0.256507 16 
0 0.2594 16 
0 0.262867 16 
0 0.269038 16 
0 0.276879 16 
0 0.282471 16 
0 0.322313 16 
0 0.322987 16 
0 0.333434 16 
0 0.33508 16 
0 0.340276 16 
0 0.342926 16 
0 0.547917 16 
0 0.553562 16 
0 0.594048 16 
0 0.594556 16 
0 0.646899 16 
0 0.707401 16 
0 0.716758 16 
0 0.718792 16 
0 0.835348 16 
0 0.861089 16 
0 0.920582 16 
0 0.927738 16 
0 0.938908 16 
0 0.940338 16 
0 1.0467 16 
0 1.04764 16 
0 1.04984 16 
0 1.05036 16 
0 1.62998 16 
0 1.66363 16 
0 1.66594 16 
0 1.66708 16 
0 1.84508 16 
0 1.84746 16 
0 1.84841 16 
0 1.84984 16 
0 3.22522 16 
0 3.44644 16 
0 3.46169 16 
0 3.624 16 
0 inf 16 
0 0.0451091 17 
0 0.0883002 17 
0 0.118007 17 
0 0.118007 17 
0 0.119001 17 
0 0.125351 17 
0 0.132913 17 
0 0.146918 17 
0 0.153494 17 
0 0.161272 17 
0 0.16461 17 
0 0.172426 17 
0 0.173088 17 
0 0.173606 17 
0 0.175493 17 
0 0.175606 17 
0 0.179925 17 
0 0.179926 17 
0 0.194015 17 
0 0.209686 17 
0 0.211343 17 
0 0.211358 17 
0 0.213425 17 
0 0.214857 17 
0 0.218874 17 
0 0.225297 17 
0 0.227116 17 
0 0.232725 17 
0 0.234253 17 
0 0.243665 17 
0 0.246464 17 
0 0.253055 17 
0 0.287964 17 
0 0.316276 17 
0 0.317243 17 
0 0.317243 17 
0 0.325693 17 
0 0.328712 17 
0 0.63202 17 
0 0.639658 17 
0 0.663572 17 
0 0.667283 17 
0 0.6679 17 
0 0.694511 17 
0 0.710567 17 
0 0.762816 17 
0 0.920543 17 
0 0.934575 17 
0 0.936159 17 
0 0.959605 17 
0 0.963457 17 
0 1.05672 17 
0 1.0589 17 
0 1.05983 17 
0 1.06014 17 
0 1.6375 17 
0 1.64138 17 
0 1.64419 17 
0 1.64544 17 
0 1.83775 17 
0 1.83966 17 
0 1.83989 17 
0 1.84087 17 
0 3.21551 17 
0 3.32928 17 
0 3.33348 17 
0 3.62919 17 
0 inf 17 
0 0.0601658 18 
0 0.0879514 18 
0 0.0928095 18 
0 0.10128 18 
0 0.10128 18 
0 0.103193 18 
0 0.106082 18 
0 0.107364 18 
0 0.109606 18 
0 0.110458 18 
0 0.131128 18 
0 0.131963 18 
0 0.141486 18 
0 0.193446 18 
0 0.201684 18 
0 0.208337 18 
0 0.210954 18 
0 0.215967 18 
0 0.228349 18 
0 0.238344 18 
0 0.240064 18 
0 0.247138 18 
0 0.272275 18 
0 0.274183 18 
0 0.274982 18 
0 0.276177 18 
0 0.294362 18 
0 0.299627 18 
0 0.30054 18 
0 0.306061 18 
0 0.306061 18 
0 0.313324 18 
0 0.329206 18 
0 0.330205 18 
0 0.330869 18 
0 0.36965 18 
0 0.419703 18 
0 0.533306 18 
0 0.554259 18 
0 0.612934 18 
0 0.613649 18 
0 0.621679 18 
0 0.628133 18 
0 0.718448 18 
0 0.920972 18 
0 0.92121 18 
0 0.923809 18 
0 0.923828 18 
0 1.05734 18 
0 1.05765 18 
0 1.05765 18 
0 1.05859 18 
0 1.63341 18 
0 1.65638 18 
0 1.65651 18 
0 1.65731 18 
0 1.84394 18 
0 1.8455 18 
0 1.84831 18 
0 1.84904 18 
0 3.24541 18 
0 3.34813 18 
0 3.62773 18 
0 inf 18 
0 0.0569372 19 
0 0.080835 19 
0 0.0886085 19 
0 0.114992 19 
0 0.136183 19 
0 0.140415 19 
0 0.143434 19 
0 0.156452 19 
0 0.157634 19 
0 0.159107 19 
0 0.167343 19 
0 0.17099 19 
0 0.186347 19 
0 0.207804 19 
0 0.210441 19 
0 0.216609 19 
0 0.216973 19 
0 0.219612 19 
0 0.221607 19 
0 0.221608 19 
0 0.233789 19 
0 0.238205 19 
0 0.252517 19 
0 0.255544 19 
0 0.255866 19 
0 0.266783 19 
0 0.266907 19 
0 0.270054 19 
0 0.274909 19 
0 0.276502 19 
0 0.292312 19 
0 0.296506 19 
0 0.315081 19 
0 0.33376 19 
0 0.351459 19 
0 0.352161 19 
0 0.365991 19 
0 0.449444 19 
0 0.470384 19 
0 0.569436 19 
0 0.672516 19 
0 0.880941 19 
0 0.905165 19 
0 0.905165 19 
0 0.905529 19 
0 1.04895 19 
0 1.05 19 
0 1.05128 19 
0 1.05198 19 
0 1.63216 19 
0 1.69497 19 
0 1.69536 19 
0 1.84401 19 
0 1.84419 19 
0 1.84437 19 
0 1.84543 19 
0 3.21361 19 
0 3.62546 19 
0 3.62559 19 
0 inf 19 
0 0.0954628 20 
0 0.0954636 20 
0 0.115018 20 
0 0.160816 20 
0 0.16735 20 
0 0.171973 20 
0 0.173729 20 
0 0.176702 20 
0 0.183699 20 
0 0.187103 20 
0 0.188717 20 
0 0.189726 20 
0 0.194872 20 
0 0.19738 20 
0 0.198911 20 
0 0.201787 20 
0 0.203816 20 
0 0.206626 20 
0 0.208213 20 
0 0.210539 20 
0 0.214797 20 
0 0.222852 20 
0 0.223348 20 
0 0.226153 20 
0 0.228325 20 
0 0.230361 20 
0 0.232464 20 
0 0.237746 20 
0 0.249891 20 
0 0.261166 20 
0 0.261166 20 
0 0.261908 20 
0 0.29953 20 
0 0.300992 20 
0 0.32443 20 
0 0.329481 20 
0 0.329802 20 
0 0.334442 20 
0 0.350844 20 
0 0.363972 20 
0 0.603631 20 
0 0.705452 20 
0 0.910063 20 
0 0.911749 20 
0 0.912922 20 
0 1.06481 20 
0 1.06623 20 
0 1.65007 20 
0 1.65082 20 
0 1.85902 20 
0 1.8591 20 
0 3.23119 20 
0 3.62377 20 
0 3.62797 20 
0 4.9609 20 
0 inf 20 
