4.74629 7.41959 1 
1.13688 2.79413 1 
0.188252 0.241919 1 
0.136207 0.150844 1 
0.114445 0.148087 1 
0.100965 0.102379 1 
0.0843783 0.0958192 1 
0.0839072 0.0900156 1 
0.0816082 0.0900151 1 
0.067811 0.0679306 1 
0.0593272 0.066633 1 
0.0583888 0.082285 1 
0.0578434 0.070449 1 
0.0565952 0.0649449 1 
0.0565951 0.0638366 1 
0.0547414 0.0551694 1 
0.0544557 0.0563097 1 
0.051922 0.05489 1 
0.0509884 0.054737 1 
0.0430725 0.0432569 1 
0.0402218 0.0448754 1 
5.32917 5.67209 2 
5.32815 5.62419 2 
3.92165 5.67329 2 
0.914374 3.63795 2 
0.227981 0.234021 2 
0.194177 0.214475 2 
0.189762 0.250164 2 
0.184033 0.211121 2 
0.0983477 0.102224 2 
0.0790416 0.0820928 2 
0.0489324 0.0492552 2 
0.046948 0.0492552 2 
3.45192 4.12467 3 
3.45161 4.11758 3 
3.41304 4.06083 3 
0.833526 3.83212 3 
0.205643 0.240506 3 
0.194385 0.197299 3 
0.193238 0.258676 3 
0.189467 0.195848 3 
0.138513 0.150208 3 
0.068746 0.0714572 3 
0.0644545 0.0663937 3 
0.0586588 0.0665134 3 
0.0532761 0.0540153 3 
0.883924 3.67021 4 
0.197661 0.218578 4 
0.190598 0.228959 4 
0.188421 0.219446 4 
0.180907 0.197423 4 
0.176383 0.216751 4 
0.0878754 0.090714 4 
0.070784 0.0729896 4 
1.17076 3.30898 5 
0.193729 0.202456 5 
0.190763 0.222028 5 
0.176153 0.218499 5 
2.60521 2.97363 6 
2.60238 2.85424 6 
2.56567 2.69425 6 
2.18067 2.2289 6 
2.16964 2.2289 6 
2.16912 2.23077 6 
1.92829 2.97845 6 
1.80873 1.84115 6 
0.288331 0.334869 6 
0.0854077 0.0862377 6 
1.8631 2.36336 7 
1.84763 2.42134 7 
1.78096 2.54075 7 
1.7785 2.59345 7 
0.25169 0.259386 7 
2.81155 2.9747 8 
1.68105 2.26571 8 
1.65506 2.25851 8 
1.32532 2.29694 8 
2.44466 2.5062 9 
2.1368 2.25194 9 
1.94731 1.97301 9 
1.33274 2.02255 9 
1.25871 2.01067 9 
1.16724 2.03089 9 
2.02348 2.03058 10 
1.69326 1.73584 10 
1.16493 1.74047 10 
2.77712 2.86802 11 
1.16978 1.60485 11 
1.65781 1.90797 12 
1.64868 1.89703 12 
1.23414 1.26469 12 
1.21377 1.32318 12 
1.21375 1.4466 12 
1.18146 1.28765 12 
0.257139 0.264746 12 
1.62121 1.63103 13 
1.60659 1.60851 13 
1.58576 1.74156 13 
1.01659 1.03114 13 
1.00972 1.15795 13 
1.00471 1.01545 13 
0.983148 1.16394 13 
0.811666 0.919237 13 
0.781941 1.00552 13 
0.906813 0.987343 14 
0.889125 0.993024 14 
0.842024 0.853655 14 
0.808701 0.997493 14 
0.732324 0.779529 14 
0.728905 0.782828 14 
0.674659 0.975146 14 
0.669728 0.732551 14 
0.668307 0.699958 14 
0.937909 1.01047 15 
0.877923 0.952282 15 
0.766594 0.770526 15 
0.612306 0.666773 15 
2.49653 2.50462 16 
2.49553 2.50389 16 
2.48932 2.50126 16 
0.835422 0.84312 16 
0.585495 0.645052 16 
1.40554 1.70085 18 
1.3963 1.70011 18 
1.24015 1.41025 19 
0.674392 0.719902 20 
0.66301 0.693058 20 
