5.44717 9.0838 1 
0.84968 1.97085 1 
0.397235 0.569169 1 
0.153033 0.160158 1 
0.150407 0.154586 1 
0.149881 0.16433 1 
0.149069 0.16625 1 
0.129946 0.134465 1 
0.129946 0.134467 1 
0.115683 0.116368 1 
0.106358 0.107472 1 
0.106348 0.115332 1 
0.105603 0.122372 1 
0.104842 0.108207 1 
0.0957124 0.0969534 1 
0.0957102 0.101761 1 
0.0936063 0.0948742 1 
0.0914574 0.0969503 1 
0.082287 0.0842017 1 
0.0793273 0.0803249 1 
0.0778072 0.0783161 1 
0.077293 0.078824 1 
0.0752032 0.0798275 1 
0.0730541 0.0793268 1 
0.073051 0.0757291 1 
0.0725038 0.0813105 1 
0.071955 0.0803246 1 
0.0708402 0.0846701 1 
0.0685539 0.0725064 1 
0.0667891 0.0708403 1 
0.0643592 0.072507 1 
0.060532 0.0624747 1 
0.0605319 0.0778058 1 
0.0578406 0.0649749 1 
6.29167 6.32479 2 
6.28631 6.31546 2 
4.65083 6.34303 2 
0.746407 2.58517 2 
0.452717 0.472433 2 
0.435223 0.457091 2 
0.42259 0.429047 2 
0.328287 0.495793 2 
0.203517 0.211954 2 
0.149604 0.164324 2 
0.145015 0.149076 2 
0.135352 0.136815 2 
0.130563 0.152246 2 
0.129334 0.16189 2 
0.121718 0.123023 2 
0.121063 0.126845 2 
0.118062 0.154329 2 
0.117392 0.126535 2 
0.116023 0.120735 2 
0.110756 0.113947 2 
0.109673 0.114991 2 
0.10821 0.108211 2 
0.104842 0.10635 2 
0.103702 0.10858 2 
0.103701 0.112543 2 
0.101764 0.108949 2 
0.100184 0.10254 2 
0.0931769 0.100577 2 
0.0865311 0.0865312 2 
0.085606 0.0923212 2 
0.0788208 0.0869895 2 
0.0772931 0.081311 2 
0.0752037 0.0808195 2 
0.073054 0.0746718 2 
0.0679711 0.0702757 2 
4.9123 5.06736 3 
4.90752 5.02984 3 
4.34408 5.06802 3 
0.691431 2.55019 3 
0.351148 0.418902 3 
0.346121 0.435681 3 
0.310456 0.418712 3 
0.302265 0.44392 3 
0.166731 0.170746 3 
0.138837 0.153029 3 
0.137396 0.149339 3 
0.13417 0.136525 3 
0.127786 0.145286 3 
0.127161 0.159154 3 
0.123346 0.125902 3 
0.120733 0.136525 3 
0.115337 0.119741 3 
0.110757 0.113947 3 
0.108577 0.124631 3 
0.106727 0.129335 3 
0.102153 0.120732 3 
0.102151 0.119741 3 
0.0746719 0.0762555 3 
0.0741363 0.0793272 3 
0.070276 0.0762557 3 
0.0643597 0.0772935 3 
0.660329 0.689309 4 
0.581815 2.47286 4 
0.30213 0.326463 4 
0.30213 0.316049 4 
0.141117 0.14168 4 
0.138265 0.15865 4 
0.132078 0.139983 4 
0.128715 0.14168 4 
0.126849 0.130867 4 
0.125587 0.133873 4 
0.124307 0.127787 4 
0.123991 0.134466 4 
0.123347 0.13056 4 
0.121717 0.136818 4 
0.119406 0.135649 4 
0.119406 0.130867 4 
0.119075 0.14474 4 
0.115336 0.119074 4 
0.113597 0.155101 4 
0.113596 0.113597 4 
0.107842 0.112893 4 
0.102154 0.1037 4 
0.0977689 0.138841 4 
0.0969476 0.100183 4 
0.0940307 0.101369 4 
0.0818033 0.0985831 4 
0.0798275 0.0803249 4 
0.0714002 0.0841984 4 
2.16432 2.16529 5 
2.15002 2.17852 5 
1.12803 2.1991 5 
0.153807 0.155101 5 
0.137975 0.185931 5 
0.135649 0.140552 5 
0.134173 0.145836 5 
0.130866 0.144188 5 
0.128715 0.133276 5 
0.128406 0.137395 5 
0.11874 0.145013 5 
0.118735 0.137688 5 
0.111474 0.13328 5 
0.110396 0.110756 5 
0.0965378 0.112894 5 
0.0793267 0.111116 5 
2.04216 2.04603 6 
1.90681 2.00966 6 
1.85261 1.86582 6 
1.83066 1.83535 6 
0.255418 0.259131 6 
0.144736 0.166256 6 
0.139123 0.170511 6 
0.138837 0.148005 6 
0.138554 0.152506 6 
0.134169 0.14854 6 
0.13238 0.148005 6 
0.131168 0.14692 6 
0.125902 0.125906 6 
0.112537 0.117048 6 
0.108577 0.108578 6 
0.107841 0.109308 6 
0.102929 0.122373 6 
0.10058 0.104084 6 
0.100183 0.118063 6 
1.67605 1.74967 7 
1.65761 1.69463 7 
1.62363 1.67649 7 
1.61647 1.65778 7 
0.237145 0.246529 7 
0.227538 0.239982 7 
0.201162 0.248616 7 
0.191007 0.200766 7 
0.176705 0.178943 7 
0.134765 0.141681 7 
0.107472 0.109309 7 
0.0837238 0.0888007 7 
1.3732 1.50737 8 
1.35876 1.51389 8 
0.243445 0.251646 8 
0.239648 0.264007 8 
0.114992 0.136528 8 
0.0837249 0.0856057 8 
1.24407 1.44648 9 
1.23781 1.30477 9 
1.15909 1.35077 9 
1.05593 1.33812 9 
0.518111 0.535575 9 
0.224554 0.256512 9 
0.1071 0.114296 9 
0.997131 1.06242 10 
0.956757 1.16471 10 
0.506217 0.522474 10 
0.460394 0.461966 10 
0.373383 0.41862 10 
0.234783 0.236472 10 
0.115682 0.134169 10 
0.576339 0.577232 11 
0.528156 0.547557 11 
0.367903 0.389134 11 
0.973643 1.066 12 
0.963608 1.066 12 
0.499403 0.535425 12 
0.947477 0.956593 13 
0.749965 0.842073 13 
0.710641 0.902434 13 
0.622643 0.624427 13 
0.365598 0.377203 13 
0.633796 0.723415 14 
0.54208 0.661715 14 
0.538612 0.703034 14 
0.63712 0.739965 15 
0.632918 0.712326 15 
0.63008 0.728192 15 
0.356913 0.358001 15 
0.896378 0.947693 18 
0.876973 0.942086 18 
0.851994 0.930045 18 
0.355906 0.356219 19 
0.392495 0.396257 20 
0.325972 0.397742 20 
