0 0.0137855 1 
0 0.0147372 1 
0 0.0208415 1 
0 0.022107 1 
0 0.0238752 1 
0 0.0238774 1 
0 0.0238775 1 
0 0.0238778 1 
0 0.0244394 1 
0 0.0255265 1 
0 0.0255265 1 
0 0.0275708 1 
0 0.0280567 1 
0 0.0280592 1 
0 0.028539 1 
0 0.0285397 1 
0 0.0290106 1 
0 0.0312629 1 
0 0.0337684 1 
0 0.033769 1 
0 0.0341643 1 
0 0.035339 1 
0 0.0353393 1 
0 0.0368435 1 
0 0.0368448 1 
0 0.036845 1 
0 0.0379327 1 
0 0.0379338 1 
0 0.0393385 1 
0 0.0393393 1 
0 0.0406937 1 
0 0.0406945 1 
0 0.0435937 1 
0 0.0451228 1 
0 0.045128 1 
0 0.0486056 1 
0 0.0494382 1 
0 0.0513197 1 
0 0.0526231 1 
0 0.0531362 1 
0 0.0536454 1 
0 0.0553889 1 
0 0.0556334 1 
0 0.0556334 1 
0 0.0584877 1 
0 0.0584907 1 
0 0.059867 1 
0 0.0618687 1 
0 0.0627485 1 
0 0.0663164 1 
0 0.0667243 1 
0 0.0695174 1 
0 0.0699069 1 
0 0.0710604 1 
0 0.0716299 1 
0 0.0720106 1 
0 0.0727601 1 
0 0.0727608 1 
0 0.0727611 1 
0 0.0731328 1 
0 0.0734999 1 
0 0.0735038 1 
0 0.0742382 1 
0 0.0749654 1 
0 0.0767573 1 
0 0.0790191 1 
0 0.0803815 1 
0 0.0813891 1 
0 0.0818823 1 
0 0.0851408 1 
0 0.0854613 1 
0 0.0885794 1 
0 0.0903992 1 
0 0.091296 1 
0 0.0940785 1 
0 0.09465 1 
0 0.0950787 1 
0 0.0992784 1 
0 0.101701 1 
0 0.107547 1 
0 0.117785 1 
0 0.122082 1 
0 0.128692 1 
0 0.138153 1 
0 0.138352 1 
0 0.143646 1 
0 0.144023 1 
0 0.15553 1 
0 0.164437 1 
0 0.169963 1 
0 0.177 1 
0 0.193635 1 
0 0.197865 1 
0 0.200921 1 
0 0.201871 1 
0 0.206262 1 
0 0.217976 1 
0 0.222777 1 
0 0.225322 1 
0 0.232443 1 
0 0.232733 1 
0 0.235224 1 
0 0.252101 1 
0 0.264402 1 
0 0.266185 1 
0 0.28569 1 
0 0.294542 1 
0 0.316126 1 
0 0.324182 1 
0 0.357802 1 
0 0.366656 1 
0 0.375473 1 
0 0.387952 1 
0 0.390996 1 
0 0.391847 1 
0 0.393284 1 
0 0.436631 1 
0 0.480745 1 
0 0.503159 1 
0 1.08174 1 
0 1.23663 1 
0 1.99605 1 
0 2.52874 1 
0 2.66248 1 
0 2.83798 1 
0 3.08834 1 
0 4.5594 1 
0 4.87929 1 
0 6.63802 1 
0 6.72384 1 
0 6.72857 1 
0 inf 1 
0 0.0164774 2 
0 0.0164774 2 
0 0.0172816 2 
0 0.0194962 2 
0 0.0265684 2 
0 0.0290139 2 
0 0.0325396 2 
0 0.0329512 2 
0 0.0329541 2 
0 0.0337678 2 
0 0.0364741 2 
0 0.0372101 2 
0 0.0379339 2 
0 0.0382889 2 
0 0.0420071 2 
0 0.0432823 2 
0 0.0435919 2 
0 0.0460185 2 
0 0.0463124 2 
0 0.0468941 2 
0 0.0468948 2 
0 0.0483207 2 
0 0.0488786 2 
0 0.0491571 2 
0 0.049431 2 
0 0.0497051 2 
0 0.0513205 2 
0 0.0518442 2 
0 0.0518457 2 
0 0.0528809 2 
0 0.053897 2 
0 0.0563598 2 
0 0.0582521 2 
0 0.0587194 2 
0 0.0594091 2 
0 0.0612109 2 
0 0.0618716 2 
0 0.06275 2 
0 0.0633885 2 
0 0.0648731 2 
0 0.0663192 2 
0 0.0689281 2 
0 0.074419 2 
0 0.0758658 2 
0 0.0762163 2 
0 0.0778123 2 
0 0.0788543 2 
0 0.0788543 2 
0 0.0791927 2 
0 0.0812239 2 
0 0.0828765 2 
0 0.0845027 2 
0 0.0870289 2 
0 0.0870342 2 
0 0.0878069 2 
0 0.0900943 2 
0 0.0908482 2 
0 0.0912914 2 
0 0.0953662 2 
0 0.0974781 2 
0 0.0995434 2 
0 0.100221 2 
0 0.101296 2 
0 0.107542 2 
0 0.118591 2 
0 0.118702 2 
0 0.119837 2 
0 0.123962 2 
0 0.133044 2 
0 0.134373 2 
0 0.136866 2 
0 0.138152 2 
0 0.145618 2 
0 0.153687 2 
0 0.154657 2 
0 0.155361 2 
0 0.160174 2 
0 0.166816 2 
0 0.179214 2 
0 0.185032 2 
0 0.187435 2 
0 0.190383 2 
0 0.202074 2 
0 0.206655 2 
0 0.21853 2 
0 0.23056 2 
0 0.232084 2 
0 0.238888 2 
0 0.250701 2 
0 0.25162 2 
0 0.260264 2 
0 0.269137 2 
0 0.272592 2 
0 0.277574 2 
0 0.281279 2 
0 0.290283 2 
0 0.300219 2 
0 0.310183 2 
0 0.311187 2 
0 0.318931 2 
0 0.337939 2 
0 0.33806 2 
0 0.339352 2 
0 0.346415 2 
0 0.362333 2 
0 0.380508 2 
0 0.383648 2 
0 0.394369 2 
0 0.414105 2 
0 0.419975 2 
0 0.425968 2 
0 1.01956 2 
0 1.09164 2 
0 1.14154 2 
0 1.71812 2 
0 2.04568 2 
0 2.10966 2 
0 2.26414 2 
0 4.06083 2 
0 4.18777 2 
0 4.52229 2 
0 4.65018 2 
0 4.65106 2 
0 4.75823 2 
0 5.36126 2 
0 5.47543 2 
0 5.72672 2 
0 inf 2 
0 0.0285386 3 
0 0.0285394 3 
0 0.0308257 3 
0 0.0308258 3 
0 0.0321225 3 
0 0.0353394 3 
0 0.0382894 3 
0 0.0382902 3 
0 0.0400223 3 
0 0.0410266 3 
0 0.042651 3 
0 0.043904 3 
0 0.0439052 3 
0 0.0442116 3 
0 0.0442116 3 
0 0.0445177 3 
0 0.0466035 3 
0 0.0468939 3 
0 0.0497047 3 
0 0.0497055 3 
0 0.0499753 3 
0 0.0505177 3 
0 0.0513175 3 
0 0.0558762 3 
0 0.0558767 3 
0 0.0561234 3 
0 0.0584873 3 
0 0.0584884 3 
0 0.060541 3 
0 0.0620947 3 
0 0.0629587 3 
0 0.0631771 3 
0 0.063816 3 
0 0.0654989 3 
0 0.0659078 3 
0 0.0665265 3 
0 0.0675329 3 
0 0.0675356 3 
0 0.0679302 3 
0 0.0718253 3 
0 0.0731278 3 
0 0.0751498 3 
0 0.0818909 3 
0 0.0875024 3 
0 0.091149 3 
0 0.0946501 3 
0 0.0952221 3 
0 0.0962135 3 
0 0.0981706 3 
0 0.0995501 3 
0 0.101301 3 
0 0.102765 3 
0 0.106781 3 
0 0.111382 3 
0 0.11199 3 
0 0.112835 3 
0 0.113314 3 
0 0.115927 3 
0 0.118359 3 
0 0.123964 3 
0 0.142219 3 
0 0.152984 3 
0 0.155446 3 
0 0.171075 3 
0 0.177693 3 
0 0.181548 3 
0 0.188735 3 
0 0.200248 3 
0 0.202276 3 
0 0.20368 3 
0 0.206 3 
0 0.210946 3 
0 0.215842 3 
0 0.220695 3 
0 0.221188 3 
0 0.221808 3 
0 0.230916 3 
0 0.232964 3 
0 0.233897 3 
0 0.247862 3 
0 0.258218 3 
0 0.259857 3 
0 0.260667 3 
0 0.262484 3 
0 0.265981 3 
0 0.266344 3 
0 0.267343 3 
0 0.271102 3 
0 0.294706 3 
0 0.296873 3 
0 0.300325 3 
0 0.317401 3 
0 0.317529 3 
0 0.317636 3 
0 0.325894 3 
0 0.326556 3 
0 0.330625 3 
0 0.349451 3 
0 0.353759 3 
0 0.373173 3 
0 0.37773 3 
0 0.378101 3 
0 0.387941 3 
0 0.390769 3 
0 0.81556 3 
0 1.02738 3 
0 1.59595 3 
0 1.68564 3 
0 1.99997 3 
0 2.05028 3 
0 2.1624 3 
0 2.34408 3 
0 2.54969 3 
0 2.55271 3 
0 2.55601 3 
0 3.04819 3 
0 3.34333 3 
0 3.45035 3 
0 3.45174 3 
0 3.45975 3 
0 4.56548 3 
0 4.75714 3 
0 4.76781 3 
0 inf 3 
0 0.0244377 4 
0 0.0244398 4 
0 0.0316944 4 
0 0.0333686 4 
0 0.0357223 4 
0 0.0396817 4 
0 0.0403572 4 
0 0.0474685 4 
0 0.0486 4 
0 0.0505181 4 
0 0.0505181 4 
0 0.0528808 4 
0 0.0536485 4 
0 0.0536498 4 
0 0.0551473 4 
0 0.055875 4 
0 0.0558755 4 
0 0.0558756 4 
0 0.0563605 4 
0 0.0568398 4 
0 0.0603159 4 
0 0.0607647 4 
0 0.0633868 4 
0 0.0642377 4 
0 0.0644506 4 
0 0.0683347 4 
0 0.0683347 4 
0 0.0689278 4 
0 0.0710652 4 
0 0.0736834 4 
0 0.0762217 4 
0 0.0764007 4 
0 0.0785002 4 
0 0.0812265 4 
0 0.0857788 4 
0 0.0918863 4 
0 0.0926224 4 
0 0.092624 4 
0 0.0934988 4 
0 0.0935016 4 
0 0.0957963 4 
0 0.0992731 4 
0 0.102768 4 
0 0.108921 4 
0 0.112959 4 
0 0.113558 4 
0 0.1179 4 
0 0.119274 4 
0 0.127206 4 
0 0.134364 4 
0 0.141356 4 
0 0.142599 4 
0 0.145613 4 
0 0.145614 4 
0 0.152451 4 
0 0.164027 4 
0 0.181248 4 
0 0.181474 4 
0 0.183259 4 
0 0.184215 4 
0 0.184732 4 
0 0.191237 4 
0 0.193003 4 
0 0.196968 4 
0 0.197999 4 
0 0.206524 4 
0 0.215779 4 
0 0.23446 4 
0 0.235495 4 
0 0.235745 4 
0 0.241509 4 
0 0.249676 4 
0 0.25049 4 
0 0.253605 4 
0 0.258062 4 
0 0.262753 4 
0 0.26425 4 
0 0.264504 4 
0 0.267116 4 
0 0.27638 4 
0 0.292809 4 
0 0.299294 4 
0 0.305411 4 
0 0.308118 4 
0 0.313297 4 
0 0.316594 4 
0 0.322776 4 
0 0.324598 4 
0 0.330438 4 
0 0.331941 4 
0 0.362416 4 
0 0.362678 4 
0 0.365566 4 
0 0.373284 4 
0 0.383081 4 
0 0.411884 4 
0 0.89096 4 
0 1.03538 4 
0 1.27744 4 
0 1.5225 4 
0 1.54214 4 
0 1.69309 4 
0 1.9936 4 
0 2.03144 4 
0 2.13116 4 
0 2.13508 4 
0 2.13708 4 
0 2.37705 4 
0 2.40103 4 
0 2.40194 4 
0 2.40357 4 
0 2.83876 4 
0 2.84 4 
0 2.84071 4 
0 2.84086 4 
0 2.99811 4 
0 3.52464 4 
0 3.52658 4 
0 3.5444 4 
0 inf 4 
0 0.0353438 5 
0 0.0372148 5 
0 0.0379327 5 
0 0.0423293 5 
0 0.0451233 5 
0 0.0451244 5 
0 0.0451245 5 
0 0.0457217 5 
0 0.046312 5 
0 0.0499769 5 
0 0.0505168 5 
0 0.0513178 5 
0 0.052363 5 
0 0.0582542 5 
0 0.058724 5 
0 0.0596392 5 
0 0.0609867 5 
0 0.0609882 5 
0 0.0633893 5 
0 0.0642391 5 
0 0.0654942 5 
0 0.0656991 5 
0 0.0665206 5 
0 0.0681371 5 
0 0.0689332 5 
0 0.0706832 5 
0 0.0706832 5 
0 0.0731288 5 
0 0.0776355 5 
0 0.0808878 5 
0 0.0848198 5 
0 0.0878088 5 
0 0.0920343 5 
0 0.0923328 5 
0 0.0952247 5 
0 0.0996823 5 
0 0.0996838 5 
0 0.101303 5 
0 0.103296 5 
0 0.105121 5 
0 0.107545 5 
0 0.109047 5 
0 0.109792 5 
0 0.110164 5 
0 0.110776 5 
0 0.113799 5 
0 0.117439 5 
0 0.1195 5 
0 0.119502 5 
0 0.13026 5 
0 0.161101 5 
0 0.161187 5 
0 0.161776 5 
0 0.173363 5 
0 0.17701 5 
0 0.179895 5 
0 0.186998 5 
0 0.188084 5 
0 0.19265 5 
0 0.202679 5 
0 0.207242 5 
0 0.222367 5 
0 0.22844 5 
0 0.237358 5 
0 0.24693 5 
0 0.251453 5 
0 0.251615 5 
0 0.271603 5 
0 0.279486 5 
0 0.279486 5 
0 0.286252 5 
0 0.287467 5 
0 0.287668 5 
0 0.290512 5 
0 0.291176 5 
0 0.296715 5 
0 0.297127 5 
0 0.297218 5 
0 0.297948 5 
0 0.30515 5 
0 0.322622 5 
0 0.322628 5 
0 0.331797 5 
0 0.333103 5 
0 0.35381 5 
0 0.361404 5 
0 0.3638 5 
0 0.403871 5 
0 0.857282 5 
0 1.02957 5 
0 1.23089 5 
0 1.2493 5 
0 1.69306 5 
0 1.92918 5 
0 1.93019 5 
0 1.93104 5 
0 1.93475 5 
0 1.96594 5 
0 1.99011 5 
0 2.00067 5 
0 2.03313 5 
0 2.08691 5 
0 2.09439 5 
0 2.33728 5 
0 2.3971 5 
0 2.40075 5 
0 2.43233 5 
0 2.60349 5 
0 2.60491 5 
0 2.60928 5 
0 2.61005 5 
0 2.72028 5 
0 2.7581 5 
0 2.7581 5 
0 2.7631 5 
0 inf 5 
0 0.0321192 6 
0 0.0382951 6 
0 0.0448199 6 
0 0.0466033 6 
0 0.0471836 6 
0 0.0480374 6 
0 0.048878 6 
0 0.0536447 6 
0 0.0536451 6 
0 0.0541491 6 
0 0.054399 6 
0 0.0575507 6 
0 0.058722 6 
0 0.0603132 6 
0 0.063173 6 
0 0.0640301 6 
0 0.0646578 6 
0 0.0648714 6 
0 0.0708709 6 
0 0.0710636 6 
0 0.0718236 6 
0 0.0731282 6 
0 0.0738721 6 
0 0.074785 6 
0 0.077108 6 
0 0.0778133 6 
0 0.0884262 6 
0 0.0891918 6 
0 0.0899492 6 
0 0.0909991 6 
0 0.0924797 6 
0 0.0942255 6 
0 0.0950856 6 
0 0.0980379 6 
0 0.107294 6 
0 0.108546 6 
0 0.111389 6 
0 0.114744 6 
0 0.117553 6 
0 0.11813 6 
0 0.118585 6 
0 0.124938 6 
0 0.128689 6 
0 0.131299 6 
0 0.132325 6 
0 0.135872 6 
0 0.137264 6 
0 0.140202 6 
0 0.141836 6 
0 0.151643 6 
0 0.154133 6 
0 0.158728 6 
0 0.159586 6 
0 0.170597 6 
0 0.180347 6 
0 0.188809 6 
0 0.196919 6 
0 0.22556 6 
0 0.23872 6 
0 0.244734 6 
0 0.253175 6 
0 0.26341 6 
0 0.271896 6 
0 0.274827 6 
0 0.27719 6 
0 0.277191 6 
0 0.277728 6 
0 0.282104 6 
0 0.284405 6 
0 0.284964 6 
0 0.290046 6 
0 0.291197 6 
0 0.292904 6 
0 0.301927 6 
0 0.303497 6 
0 0.326138 6 
0 0.329438 6 
0 0.334343 6 
0 0.33564 6 
0 0.442133 6 
0 0.623321 6 
0 1.06503 6 
0 1.24581 6 
0 1.24808 6 
0 1.25467 6 
0 1.25899 6 
0 1.25907 6 
0 1.27356 6 
0 1.29526 6 
0 1.30656 6 
0 1.40025 6 
0 1.51516 6 
0 1.70238 6 
0 1.772 6 
0 1.78516 6 
0 1.79136 6 
0 1.84695 6 
0 1.99379 6 
0 2.03737 6 
0 2.17888 6 
0 2.18187 6 
0 2.19002 6 
0 2.20193 6 
0 2.23366 6 
0 2.23439 6 
0 2.23541 6 
0 2.23983 6 
0 2.63952 6 
0 2.64026 6 
0 2.6414 6 
0 2.6483 6 
0 inf 6 
0 0.0265688 7 
0 0.0400222 7 
0 0.0523648 7 
0 0.0528804 7 
0 0.0546442 7 
0 0.0546453 7 
0 0.0605438 7 
0 0.0629591 7 
0 0.0704858 7 
0 0.0710581 7 
0 0.0710608 7 
0 0.0727602 7 
0 0.0740517 7 
0 0.0740581 7 
0 0.0767585 7 
0 0.0778071 7 
0 0.0807235 7 
0 0.0815599 7 
0 0.0818902 7 
0 0.082717 7 
0 0.0828744 7 
0 0.0856195 7 
0 0.0888841 7 
0 0.0894912 7 
0 0.0898014 7 
0 0.0902507 7 
0 0.0914451 7 
0 0.0924782 7 
0 0.0973413 7 
0 0.0994107 7 
0 0.100634 7 
0 0.101574 7 
0 0.102769 7 
0 0.107163 7 
0 0.121193 7 
0 0.123963 7 
0 0.133454 7 
0 0.133658 7 
0 0.134061 7 
0 0.138447 7 
0 0.143171 7 
0 0.147284 7 
0 0.147377 7 
0 0.150119 7 
0 0.155711 7 
0 0.155965 7 
0 0.166557 7 
0 0.181758 7 
0 0.183246 7 
0 0.19152 7 
0 0.20147 7 
0 0.204628 7 
0 0.227895 7 
0 0.228073 7 
0 0.251734 7 
0 0.255151 7 
0 0.25953 7 
0 0.285358 7 
0 0.285816 7 
0 0.288308 7 
0 0.288518 7 
0 0.294841 7 
0 0.296127 7 
0 0.296591 7 
0 0.29861 7 
0 0.301086 7 
0 0.307907 7 
0 0.308316 7 
0 0.316575 7 
0 0.343315 7 
0 0.343671 7 
0 0.365863 7 
0 0.383328 7 
0 0.408083 7 
0 0.422153 7 
0 0.641254 7 
0 0.819601 7 
0 0.964357 7 
0 0.986293 7 
0 1.02886 7 
0 1.15421 7 
0 1.22957 7 
0 1.23031 7 
0 1.23066 7 
0 1.23945 7 
0 1.24708 7 
0 1.25932 7 
0 1.37103 7 
0 1.38141 7 
0 1.38772 7 
0 1.39583 7 
0 1.52606 7 
0 1.68758 7 
0 1.99272 7 
0 2.01973 7 
0 2.02123 7 
0 2.02606 7 
0 2.03114 7 
0 2.03298 7 
0 2.03773 7 
0 2.0381 7 
0 2.03922 7 
0 2.04491 7 
0 2.24143 7 
0 2.24149 7 
0 2.24207 7 
0 2.24321 7 
0 inf 7 
0 0.0400206 8 
0 0.0439026 8 
0 0.0502467 8 
0 0.052104 8 
0 0.0596391 8 
0 0.0679328 8 
0 0.0720142 8 
0 0.0764007 8 
0 0.0783316 8 
0 0.0820551 8 
0 0.0835295 8 
0 0.0849799 8 
0 0.0849839 8 
0 0.0862515 8 
0 0.0864043 8 
0 0.0864087 8 
0 0.0903995 8 
0 0.0917412 8 
0 0.095366 8 
0 0.0959359 8 
0 0.0981772 8 
0 0.103426 8 
0 0.103822 8 
0 0.107797 8 
0 0.110529 8 
0 0.111993 8 
0 0.112598 8 
0 0.115457 8 
0 0.116861 8 
0 0.118816 8 
0 0.129531 8 
0 0.131301 8 
0 0.13487 8 
0 0.137264 8 
0 0.13835 8 
0 0.144467 8 
0 0.156407 8 
0 0.156486 8 
0 0.162838 8 
0 0.16287 8 
0 0.165484 8 
0 0.167955 8 
0 0.171552 8 
0 0.187863 8 
0 0.193862 8 
0 0.207194 8 
0 0.213193 8 
0 0.215221 8 
0 0.217488 8 
0 0.23575 8 
0 0.240134 8 
0 0.253298 8 
0 0.255486 8 
0 0.255964 8 
0 0.260522 8 
0 0.285279 8 
0 0.30196 8 
0 0.303767 8 
0 0.304436 8 
0 0.304529 8 
0 0.316981 8 
0 0.322076 8 
0 0.328694 8 
0 0.348351 8 
0 0.348351 8 
0 0.375579 8 
0 0.381842 8 
0 0.41198 8 
0 0.463408 8 
0 0.521809 8 
0 0.533134 8 
0 0.592582 8 
0 0.6744 8 
0 0.76547 8 
0 1.06901 8 
0 1.22715 8 
0 1.22856 8 
0 1.22859 8 
0 1.22892 8 
0 1.22965 8 
0 1.28295 8 
0 1.29665 8 
0 1.30432 8 
0 1.32218 8 
0 1.47356 8 
0 1.59898 8 
0 1.60061 8 
0 1.60657 8 
0 1.65452 8 
0 1.66521 8 
0 1.67281 8 
0 1.73025 8 
0 1.82967 8 
0 1.99122 8 
0 1.99504 8 
0 1.99514 8 
0 2.00058 8 
0 2.01612 8 
0 2.02542 8 
0 2.0256 8 
0 2.02992 8 
0 2.03278 8 
0 2.03403 8 
0 inf 8 
0 0.0265747 9 
0 0.0454203 9 
0 0.0515806 9 
0 0.0526208 9 
0 0.053896 9 
0 0.0614316 9 
0 0.065075 9 
0 0.0689267 9 
0 0.0697104 9 
0 0.0718177 9 
0 0.0778119 9 
0 0.0807232 9 
0 0.0843357 9 
0 0.0856151 9 
0 0.0862492 9 
0 0.0994007 9 
0 0.103423 9 
0 0.103784 9 
0 0.104855 9 
0 0.107294 9 
0 0.107296 9 
0 0.108424 9 
0 0.112119 9 
0 0.118845 9 
0 0.120184 9 
0 0.124699 9 
0 0.126453 9 
0 0.128481 9 
0 0.129006 9 
0 0.130372 9 
0 0.131404 9 
0 0.149388 9 
0 0.151998 9 
0 0.163771 9 
0 0.165107 9 
0 0.167718 9 
0 0.175372 9 
0 0.183927 9 
0 0.189664 9 
0 0.193442 9 
0 0.194273 9 
0 0.19511 9 
0 0.224529 9 
0 0.233133 9 
0 0.242169 9 
0 0.242742 9 
0 0.251962 9 
0 0.265527 9 
0 0.286393 9 
0 0.297987 9 
0 0.312636 9 
0 0.315058 9 
0 0.315114 9 
0 0.315907 9 
0 0.316027 9 
0 0.323045 9 
0 0.325507 9 
0 0.331022 9 
0 0.335485 9 
0 0.336616 9 
0 0.33886 9 
0 0.390721 9 
0 0.494503 9 
0 0.614402 9 
0 0.620759 9 
0 0.740797 9 
0 0.893143 9 
0 0.893325 9 
0 1.0326 9 
0 1.03618 9 
0 1.03709 9 
0 1.04499 9 
0 1.05295 9 
0 1.08216 9 
0 1.17414 9 
0 1.20713 9 
0 1.23065 9 
0 1.23923 9 
0 1.23954 9 
0 1.25039 9 
0 1.26782 9 
0 1.26785 9 
0 1.46142 9 
0 1.48304 9 
0 1.58483 9 
0 1.59014 9 
0 1.69046 9 
0 1.70727 9 
0 1.70883 9 
0 1.99335 9 
0 1.99669 9 
0 1.99669 9 
0 1.99692 9 
0 1.99889 9 
0 2.02243 9 
0 2.02249 9 
0 2.0325 9 
0 2.04545 9 
0 2.0456 9 
0 inf 9 
0 0.0360971 10 
0 0.0463111 10 
0 0.0546466 10 
0 0.0742353 10 
0 0.0803428 10 
0 0.0833646 10 
0 0.0868795 10 
0 0.090099 10 
0 0.0911514 10 
0 0.0917416 10 
0 0.0923299 10 
0 0.0936433 10 
0 0.095935 10 
0 0.0964665 10 
0 0.0969197 10 
0 0.105507 10 
0 0.105636 10 
0 0.120856 10 
0 0.128795 10 
0 0.135375 10 
0 0.142221 10 
0 0.156139 10 
0 0.156525 10 
0 0.160273 10 
0 0.162369 10 
0 0.164675 10 
0 0.164852 10 
0 0.169007 10 
0 0.174918 10 
0 0.179455 10 
0 0.190666 10 
0 0.19145 10 
0 0.194709 10 
0 0.196472 10 
0 0.196472 10 
0 0.199052 10 
0 0.21624 10 
0 0.223147 10 
0 0.226645 10 
0 0.240039 10 
0 0.250436 10 
0 0.252039 10 
0 0.253329 10 
0 0.258481 10 
0 0.28908 10 
0 0.291865 10 
0 0.296727 10 
0 0.318702 10 
0 0.322113 10 
0 0.323434 10 
0 0.324097 10 
0 0.324641 10 
0 0.326633 10 
0 0.348401 10 
0 0.387925 10 
0 0.39269 10 
0 0.39269 10 
0 0.393519 10 
0 0.546489 10 
0 0.54716 10 
0 0.586914 10 
0 0.655167 10 
0 0.701029 10 
0 0.707735 10 
0 0.765128 10 
0 0.765553 10 
0 0.951511 10 
0 0.992349 10 
0 1.01405 10 
0 1.01482 10 
0 1.01509 10 
0 1.01646 10 
0 1.01742 10 
0 1.17996 10 
0 1.23855 10 
0 1.23867 10 
0 1.24869 10 
0 1.25026 10 
0 1.25348 10 
0 1.27499 10 
0 1.5871 10 
0 1.59424 10 
0 1.68683 10 
0 1.68734 10 
0 1.69643 10 
0 1.9922 10 
0 1.99229 10 
0 1.99781 10 
0 2.01621 10 
0 2.01627 10 
0 2.02255 10 
0 2.02321 10 
0 2.02834 10 
0 2.0309 10 
0 2.03112 10 
0 inf 10 
0 0.0353454 11 
0 0.0582532 11 
0 0.0587148 11 
0 0.0603149 11 
0 0.0700996 11 
0 0.106911 11 
0 0.118799 11 
0 0.118934 11 
0 0.121223 11 
0 0.123191 11 
0 0.144104 11 
0 0.1458 11 
0 0.149934 11 
0 0.15067 11 
0 0.153596 11 
0 0.154557 11 
0 0.159325 11 
0 0.165661 11 
0 0.166253 11 
0 0.168194 11 
0 0.173192 11 
0 0.173916 11 
0 0.174298 11 
0 0.176221 11 
0 0.178685 11 
0 0.198 11 
0 0.20927 11 
0 0.211905 11 
0 0.213837 11 
0 0.221243 11 
0 0.229718 11 
0 0.230367 11 
0 0.235308 11 
0 0.237752 11 
0 0.258751 11 
0 0.261257 11 
0 0.261539 11 
0 0.276302 11 
0 0.277194 11 
0 0.279974 11 
0 0.288329 11 
0 0.290887 11 
0 0.308749 11 
0 0.309745 11 
0 0.310314 11 
0 0.316588 11 
0 0.365207 11 
0 0.368206 11 
0 0.396443 11 
0 0.398873 11 
0 0.404651 11 
0 0.405012 11 
0 0.408811 11 
0 0.416685 11 
0 0.417043 11 
0 0.445253 11 
0 0.452752 11 
0 0.554078 11 
0 0.5564 11 
0 0.72714 11 
0 0.734293 11 
0 0.779409 11 
0 0.803948 11 
0 0.819264 11 
0 0.831547 11 
0 0.889581 11 
0 1.01257 11 
0 1.01525 11 
0 1.02437 11 
0 1.02441 11 
0 1.02568 11 
0 1.22501 11 
0 1.22518 11 
0 1.23271 11 
0 1.23284 11 
0 1.23289 11 
0 1.55341 11 
0 1.55955 11 
0 1.60132 11 
0 1.60434 11 
0 1.60462 11 
0 1.99322 11 
0 1.9942 11 
0 2.0041 11 
0 2.00721 11 
0 2.00745 11 
0 2.02433 11 
0 2.02505 11 
0 2.02594 11 
0 2.02601 11 
0 2.02719 11 
0 inf 11 
0 0.0321257 12 
0 0.0832091 12 
0 0.0849401 12 
0 0.0873047 12 
0 0.0927748 12 
0 0.103555 12 
0 0.110165 12 
0 0.125487 12 
0 0.141949 12 
0 0.143952 12 
0 0.144226 12 
0 0.148477 12 
0 0.158903 12 
0 0.173056 12 
0 0.184797 12 
0 0.187774 12 
0 0.188927 12 
0 0.18944 12 
0 0.196792 12 
0 0.20005 12 
0 0.207527 12 
0 0.211909 12 
0 0.216227 12 
0 0.225905 12 
0 0.228909 12 
0 0.231074 12 
0 0.239456 12 
0 0.240926 12 
0 0.241658 12 
0 0.245777 12 
0 0.256278 12 
0 0.257961 12 
0 0.263682 12 
0 0.278072 12 
0 0.279599 12 
0 0.29686 12 
0 0.298526 12 
0 0.300705 12 
0 0.308423 12 
0 0.317879 12 
0 0.319419 12 
0 0.327601 12 
0 0.329743 12 
0 0.330242 12 
0 0.336467 12 
0 0.366738 12 
0 0.37042 12 
0 0.375082 12 
0 0.376526 12 
0 0.385576 12 
0 0.391862 12 
0 0.423819 12 
0 0.423915 12 
0 0.456391 12 
0 0.563245 12 
0 0.695773 12 
0 0.716597 12 
0 0.894127 12 
0 0.908361 12 
0 0.917269 12 
0 0.959564 12 
0 1.0157 12 
0 1.01934 12 
0 1.0531 12 
0 1.05314 12 
0 1.05725 12 
0 1.2278 12 
0 1.22782 12 
0 1.228 12 
0 1.2303 12 
0 1.23099 12 
0 1.25068 12 
0 1.57792 12 
0 1.58711 12 
0 1.58777 12 
0 1.58798 12 
0 1.61004 12 
0 1.99249 12 
0 1.99257 12 
0 1.99793 12 
0 1.99798 12 
0 1.99798 12 
0 2.02316 12 
0 2.02322 12 
0 2.02716 12 
0 2.02716 12 
0 2.0283 12 
0 inf 12 
0 0.0667263 13 
0 0.0841491 13 
0 0.0920394 13 
0 0.0984351 13 
0 0.0998524 13 
0 0.12877 13 
0 0.136853 13 
0 0.146263 13 
0 0.148034 13 
0 0.149204 13 
0 0.154594 13 
0 0.159928 13 
0 0.171062 13 
0 0.176704 13 
0 0.180336 13 
0 0.193862 13 
0 0.193977 13 
0 0.199619 13 
0 0.212861 13 
0 0.221677 13 
0 0.227153 13 
0 0.229531 13 
0 0.229558 13 
0 0.23104 13 
0 0.231122 13 
0 0.238035 13 
0 0.238831 13 
0 0.244345 13 
0 0.245267 13 
0 0.246826 13 
0 0.25342 13 
0 0.255739 13 
0 0.256269 13 
0 0.258594 13 
0 0.266245 13 
0 0.267907 13 
0 0.272241 13 
0 0.272727 13 
0 0.272727 13 
0 0.280639 13 
0 0.311892 13 
0 0.312614 13 
0 0.315526 13 
0 0.340479 13 
0 0.342946 13 
0 0.372505 13 
0 0.39921 13 
0 0.399515 13 
0 0.406655 13 
0 0.529442 13 
0 0.627282 13 
0 0.657391 13 
0 0.657474 13 
0 0.664844 13 
0 0.78876 13 
0 0.858616 13 
0 1.01491 13 
0 1.01732 13 
0 1.04507 13 
0 1.04579 13 
0 1.04678 13 
0 1.22597 13 
0 1.22607 13 
0 1.22624 13 
0 1.22836 13 
0 1.23905 13 
0 1.23918 13 
0 1.23941 13 
0 1.2956 13 
0 1.58892 13 
0 1.68002 13 
0 1.69674 13 
0 1.69722 13 
0 1.69825 13 
0 1.99087 13 
0 1.99194 13 
0 1.99194 13 
0 1.99218 13 
0 2.02449 13 
0 2.02567 13 
0 2.04371 13 
0 2.04376 13 
0 2.04479 13 
0 inf 13 
0 0.0930579 14 
0 0.0930587 14 
0 0.0934606 14 
0 0.126348 14 
0 0.131635 14 
0 0.140197 14 
0 0.1529 14 
0 0.153073 14 
0 0.157171 14 
0 0.162361 14 
0 0.170983 14 
0 0.176837 14 
0 0.187718 14 
0 0.18857 14 
0 0.199898 14 
0 0.199898 14 
0 0.201814 14 
0 0.220084 14 
0 0.221696 14 
0 0.223025 14 
0 0.226882 14 
0 0.234455 14 
0 0.234455 14 
0 0.237218 14 
0 0.237218 14 
0 0.237312 14 
0 0.237904 14 
0 0.239404 14 
0 0.239574 14 
0 0.241046 14 
0 0.24323 14 
0 0.247337 14 
0 0.250218 14 
0 0.251678 14 
0 0.262608 14 
0 0.267466 14 
0 0.267762 14 
0 0.274178 14 
0 0.284774 14 
0 0.286296 14 
0 0.292376 14 
0 0.301542 14 
0 0.302216 14 
0 0.316166 14 
0 0.350498 14 
0 0.381252 14 
0 0.382106 14 
0 0.388099 14 
0 0.389878 14 
0 0.421565 14 
0 0.568425 14 
0 0.799648 14 
0 0.803187 14 
0 0.803373 14 
0 0.842916 14 
0 0.871076 14 
0 1.02778 14 
0 1.0308 14 
0 1.03139 14 
0 1.03284 14 
0 1.22709 14 
0 1.24925 14 
0 1.2499 14 
0 1.25233 14 
0 1.31514 14 
0 1.3274 14 
0 1.33279 14 
0 1.576 14 
0 1.68587 14 
0 1.68591 14 
0 1.68598 14 
0 1.99113 14 
0 1.99578 14 
0 1.99633 14 
0 1.99636 14 
0 2.02382 14 
0 2.03905 14 
0 2.03915 14 
0 2.04 14 
0 inf 14 
0 0.0746026 15 
0 0.107669 15 
0 0.123495 15 
0 0.126105 15 
0 0.129617 15 
0 0.129922 15 
0 0.14693 15 
0 0.15031 15 
0 0.151299 15 
0 0.163711 15 
0 0.16569 15 
0 0.169647 15 
0 0.181681 15 
0 0.188587 15 
0 0.190019 15 
0 0.201176 15 
0 0.203863 15 
0 0.20674 15 
0 0.207765 15 
0 0.208683 15 
0 0.211649 15 
0 0.214707 15 
0 0.218271 15 
0 0.22203 15 
0 0.224343 15 
0 0.227594 15 
0 0.233184 15 
0 0.235443 15 
0 0.250472 15 
0 0.251553 15 
0 0.252597 15 
0 0.262448 15 
0 0.264559 15 
0 0.265379 15 
0 0.273884 15 
0 0.27701 15 
0 0.2884 15 
0 0.337546 15 
0 0.395379 15 
0 0.396099 15 
0 0.396099 15 
0 0.396818 15 
0 0.415532 15 
0 0.480899 15 
0 0.53699 15 
0 0.537091 15 
0 0.580343 15 
0 0.581209 15 
0 0.582958 15 
0 0.715946 15 
0 0.832933 15 
0 0.843263 15 
0 0.872613 15 
0 0.913583 15 
0 1.02472 15 
0 1.02479 15 
0 1.02511 15 
0 1.02659 15 
0 1.11152 15 
0 1.22974 15 
0 1.23819 15 
0 1.2382 15 
0 1.24004 15 
0 1.60401 15 
0 1.68556 15 
0 1.68556 15 
0 1.68582 15 
0 2.00129 15 
0 2.01354 15 
0 2.02097 15 
0 2.02129 15 
0 2.02327 15 
0 2.02619 15 
0 2.02619 15 
0 2.02641 15 
0 inf 15 
0 0.093317 16 
0 0.0950469 16 
0 0.100361 16 
0 0.1083 16 
0 0.123712 16 
0 0.123853 16 
0 0.123854 16 
0 0.125996 16 
0 0.160009 16 
0 0.171254 16 
0 0.184077 16 
0 0.185162 16 
0 0.187078 16 
0 0.188738 16 
0 0.192007 16 
0 0.195247 16 
0 0.195525 16 
0 0.196288 16 
0 0.19794 16 
0 0.202198 16 
0 0.202198 16 
0 0.203803 16 
0 0.205687 16 
0 0.208544 16 
0 0.220515 16 
0 0.228429 16 
0 0.265634 16 
0 0.266411 16 
0 0.266717 16 
0 0.267479 16 
0 0.283297 16 
0 0.287641 16 
0 0.301249 16 
0 0.333225 16 
0 0.355745 16 
0 0.39022 16 
0 0.39022 16 
0 0.390741 16 
0 0.397004 16 
0 0.397721 16 
0 0.39872 16 
0 0.403683 16 
0 0.427818 16 
0 0.443185 16 
0 0.501298 16 
0 0.551726 16 
0 0.553323 16 
0 0.915795 16 
0 1.03154 16 
0 1.03197 16 
0 1.032 16 
0 1.032 16 
0 1.04618 16 
0 1.09465 16 
0 1.18925 16 
0 1.22681 16 
0 1.22792 16 
0 1.2281 16 
0 1.22833 16 
0 1.62969 16 
0 1.63749 16 
0 1.63943 16 
0 1.64007 16 
0 1.99163 16 
0 2.00694 16 
0 2.00731 16 
0 2.00798 16 
0 2.02776 16 
0 2.02846 16 
0 2.02849 16 
0 2.0286 16 
0 inf 16 
0 0.0463094 17 
0 0.0518415 17 
0 0.0526212 17 
0 0.109049 17 
0 0.149479 17 
0 0.151439 17 
0 0.152273 17 
0 0.164583 17 
0 0.16731 17 
0 0.168522 17 
0 0.170444 17 
0 0.175752 17 
0 0.188066 17 
0 0.191468 17 
0 0.191747 17 
0 0.193228 17 
0 0.20469 17 
0 0.212374 17 
0 0.21314 17 
0 0.214267 17 
0 0.222488 17 
0 0.272891 17 
0 0.282969 17 
0 0.292608 17 
0 0.292907 17 
0 0.296226 17 
0 0.297873 17 
0 0.298418 17 
0 0.302822 17 
0 0.303225 17 
0 0.306893 17 
0 0.307512 17 
0 0.313329 17 
0 0.31637 17 
0 0.373588 17 
0 0.374495 17 
0 0.37652 17 
0 0.40326 17 
0 0.413325 17 
0 0.414737 17 
0 0.417993 17 
0 0.470118 17 
0 0.470321 17 
0 0.470321 17 
0 0.662509 17 
0 0.814122 17 
0 0.8432 17 
0 1.02924 17 
0 1.02957 17 
0 1.0303 17 
0 1.03049 17 
0 1.23473 17 
0 1.2349 17 
0 1.23539 17 
0 1.23666 17 
0 1.44849 17 
0 1.663 17 
0 1.68838 17 
0 1.6884 17 
0 1.68922 17 
0 1.99583 17 
0 2.00372 17 
0 2.00379 17 
0 2.02862 17 
0 2.02866 17 
0 2.0287 17 
0 2.02927 17 
0 inf 17 
0 0.131297 18 
0 0.137755 18 
0 0.137853 18 
0 0.148551 18 
0 0.150368 18 
0 0.151111 18 
0 0.153936 18 
0 0.154224 18 
0 0.155013 18 
0 0.190375 18 
0 0.196344 18 
0 0.202493 18 
0 0.203096 18 
0 0.205488 18 
0 0.205488 18 
0 0.222222 18 
0 0.222771 18 
0 0.224783 18 
0 0.237643 18 
0 0.237643 18 
0 0.238327 18 
0 0.239011 18 
0 0.24627 18 
0 0.258265 18 
0 0.261932 18 
0 0.263018 18 
0 0.264091 18 
0 0.266298 18 
0 0.277133 18 
0 0.279328 18 
0 0.284087 18 
0 0.286241 18 
0 0.291307 18 
0 0.296846 18 
0 0.297805 18 
0 0.367446 18 
0 0.373128 18 
0 0.37331 18 
0 0.395177 18 
0 0.456904 18 
0 0.46433 18 
0 0.58296 18 
0 0.584802 18 
0 0.607854 18 
0 0.613456 18 
0 1.0254 18 
0 1.02599 18 
0 1.02709 18 
0 1.02962 18 
0 1.24509 18 
0 1.25066 18 
0 1.25066 18 
0 1.43068 18 
0 1.68901 18 
0 1.68901 18 
0 1.69069 18 
0 1.69201 18 
0 1.99312 18 
0 1.99464 18 
0 1.99532 18 
0 2.0326 18 
0 2.03304 18 
0 2.03443 18 
0 inf 18 
0 0.127105 19 
0 0.128699 19 
0 0.131613 19 
0 0.132133 19 
0 0.134576 19 
0 0.141457 19 
0 0.14655 19 
0 0.148482 19 
0 0.165594 19 
0 0.165594 19 
0 0.168523 19 
0 0.171632 19 
0 0.180647 19 
0 0.190945 19 
0 0.192104 19 
0 0.19827 19 
0 0.198412 19 
0 0.200659 19 
0 0.20099 19 
0 0.203097 19 
0 0.204164 19 
0 0.205933 19 
0 0.206526 19 
0 0.213625 19 
0 0.24003 19 
0 0.240256 19 
0 0.253228 19 
0 0.253228 19 
0 0.254147 19 
0 0.255629 19 
0 0.289764 19 
0 0.290326 19 
0 0.292534 19 
0 0.292747 19 
0 0.349945 19 
0 0.355487 19 
0 0.356059 19 
0 0.471793 19 
0 0.550018 19 
0 0.577128 19 
0 0.714682 19 
0 0.7162 19 
0 1.02117 19 
0 1.02137 19 
0 1.03464 19 
0 1.22202 19 
0 1.24288 19 
0 1.24391 19 
0 1.24963 19 
0 1.48736 19 
0 1.68747 19 
0 1.68759 19 
0 1.69268 19 
0 1.99219 19 
0 1.99245 19 
0 1.99425 19 
0 2.03948 19 
0 2.03969 19 
0 2.0415 19 
0 inf 19 
0 0.077808 20 
0 0.081888 20 
0 0.103429 20 
0 0.103952 20 
0 0.117206 20 
0 0.117787 20 
0 0.1195 20 
0 0.121192 20 
0 0.151289 20 
0 0.151916 20 
0 0.152006 20 
0 0.168918 20 
0 0.177384 20 
0 0.178837 20 
0 0.181321 20 
0 0.204207 20 
0 0.214011 20 
0 0.215726 20 
0 0.218725 20 
0 0.229634 20 
0 0.244403 20 
0 0.245122 20 
0 0.24524 20 
0 0.246448 20 
0 0.25296 20 
0 0.255365 20 
0 0.257797 20 
0 0.259697 20 
0 0.276511 20 
0 0.281956 20 
0 0.284803 20 
0 0.286371 20 
0 0.340518 20 
0 0.34207 20 
0 0.561172 20 
0 0.584713 20 
0 0.586011 20 
0 0.608266 20 
0 1.01529 20 
0 1.01642 20 
0 1.24172 20 
0 1.25478 20 
0 1.25515 20 
0 1.41082 20 
0 1.49185 20 
0 1.6848 20 
0 1.69501 20 
0 1.69501 20 
0 1.87309 20 
0 1.99796 20 
0 1.99861 20 
0 2.00812 20 
0 2.02805 20 
0 2.02855 20 
0 2.02921 20 
0 inf 20 
