0 0.00962046 1 
0 0.0105385 1 
0 0.0155111 1 
0 0.0155122 1 
0 0.017208 1 
0 0.0182528 1 
0 0.0182528 1 
0 0.0197142 1 
0 0.0197142 1 
0 0.0206318 1 
0 0.0235634 1 
0 0.0239525 1 
0 0.0239525 1 
0 0.0254518 1 
0 0.0254518 1 
0 0.0268663 1 
0 0.0282101 1 
0 0.0282107 1 
0 0.0282113 1 
0 0.0285371 1 
0 0.0291782 1 
0 0.0294931 1 
0 0.0304197 1 
0 0.030723 1 
0 0.0327631 1 
0 0.0330444 1 
0 0.0330444 1 
0 0.0333252 1 
0 0.0341466 1 
0 0.0352139 1 
0 0.0357317 1 
0 0.0359907 1 
0 0.0372572 1 
0 0.0377509 1 
0 0.0379947 1 
0 0.0382378 1 
0 0.0389567 1 
0 0.0391902 1 
0 0.0391902 1 
0 0.0394296 1 
0 0.0394302 1 
0 0.0401273 1 
0 0.0410395 1 
0 0.04302 1 
0 0.0432314 1 
0 0.0440838 1 
0 0.0442947 1 
0 0.0447082 1 
0 0.0447088 1 
0 0.046732 1 
0 0.0467324 1 
0 0.0477091 1 
0 0.047904 1 
0 0.0496117 1 
0 0.0496139 1 
0 0.0510841 1 
0 0.0510842 1 
0 0.0516217 1 
0 0.051624 1 
0 0.0521591 1 
0 0.0521594 1 
0 0.0525119 1 
0 0.0542463 1 
0 0.0577181 1 
0 0.0586716 1 
0 0.0681569 1 
0 0.069368 1 
0 0.0730111 1 
0 0.0743868 1 
0 0.0792083 1 
0 0.0801391 1 
0 0.0834196 1 
0 0.0859337 1 
0 0.0860393 1 
0 0.0920694 1 
0 0.0955205 1 
0 0.0960048 1 
0 0.0972502 1 
0 0.0976285 1 
0 0.100891 1 
0 0.100978 1 
0 0.10307 1 
0 0.109677 1 
0 0.118205 1 
0 0.121602 1 
0 0.121912 1 
0 0.128123 1 
0 0.143842 1 
0 0.145505 1 
0 0.148093 1 
0 0.164039 1 
0 0.176014 1 
0 0.194252 1 
0 0.198593 1 
0 0.204424 1 
0 0.206271 1 
0 0.206944 1 
0 0.217496 1 
0 0.217628 1 
0 0.22192 1 
0 0.256255 1 
0 0.276068 1 
0 0.332708 1 
0 0.337593 1 
0 0.422467 1 
0 0.424871 1 
0 0.434216 1 
0 0.51115 1 
0 0.515815 1 
0 0.517806 1 
0 0.566158 1 
0 0.573677 1 
0 0.581952 1 
0 0.582415 1 
0 0.58683 1 
0 0.587621 1 
0 0.708965 1 
0 0.732361 1 
0 0.827586 1 
0 0.830559 1 
0 1.35309 1 
0 1.54344 1 
0 1.57011 1 
0 2.08413 1 
0 2.97569 1 
0 2.98492 1 
0 3.10852 1 
0 4.35669 1 
0 4.94923 1 
0 5.00187 1 
0 5.18015 1 
0 inf 1 
0 0.0235634 2 
0 0.0235643 2 
0 0.0239525 2 
0 0.0239532 2 
0 0.0265193 2 
0 0.0268685 2 
0 0.0275466 2 
0 0.0291776 2 
0 0.0304197 2 
0 0.0304206 2 
0 0.031319 2 
0 0.031319 2 
0 0.0319061 2 
0 0.0324797 2 
0 0.0324797 2 
0 0.0327631 2 
0 0.0330453 2 
0 0.0341464 2 
0 0.0341464 2 
0 0.0354759 2 
0 0.0354762 2 
0 0.0357305 2 
0 0.0362518 2 
0 0.0372569 2 
0 0.037504 2 
0 0.037751 2 
0 0.0379952 2 
0 0.0382357 2 
0 0.038238 2 
0 0.0391931 2 
0 0.039429 2 
0 0.0394297 2 
0 0.0419331 2 
0 0.0421511 2 
0 0.0428059 2 
0 0.04302 2 
0 0.0432344 2 
0 0.0442926 2 
0 0.0442927 2 
0 0.0449142 2 
0 0.0453247 2 
0 0.0461347 2 
0 0.0465342 2 
0 0.0467317 2 
0 0.0471271 2 
0 0.0473218 2 
0 0.0473222 2 
0 0.0488597 2 
0 0.0490505 2 
0 0.0499847 2 
0 0.0509038 2 
0 0.0514463 2 
0 0.0550942 2 
0 0.0564211 2 
0 0.0596129 2 
0 0.0638119 2 
0 0.0871056 2 
0 0.0917639 2 
0 0.0929684 2 
0 0.0996004 2 
0 0.100155 2 
0 0.102706 2 
0 0.10686 2 
0 0.111768 2 
0 0.113004 2 
0 0.113983 2 
0 0.114064 2 
0 0.114072 2 
0 0.132601 2 
0 0.133504 2 
0 0.154394 2 
0 0.156891 2 
0 0.157659 2 
0 0.158068 2 
0 0.16811 2 
0 0.170463 2 
0 0.170565 2 
0 0.173473 2 
0 0.175538 2 
0 0.182267 2 
0 0.186084 2 
0 0.187322 2 
0 0.187768 2 
0 0.190751 2 
0 0.190946 2 
0 0.195489 2 
0 0.206143 2 
0 0.206806 2 
0 0.252025 2 
0 0.266727 2 
0 0.266903 2 
0 0.270752 2 
0 0.357445 2 
0 0.405571 2 
0 0.440768 2 
0 0.453095 2 
0 0.462627 2 
0 0.463991 2 
0 0.475109 2 
0 0.484371 2 
0 0.524289 2 
0 0.532307 2 
0 0.539985 2 
0 0.56388 2 
0 0.582469 2 
0 0.621816 2 
0 0.624599 2 
0 0.624708 2 
0 0.639224 2 
0 0.641994 2 
0 0.647749 2 
0 0.677343 2 
0 0.683803 2 
0 1.24725 2 
0 1.47597 2 
0 1.67647 2 
0 1.70483 2 
0 2.46353 2 
0 2.95115 2 
0 3.53807 2 
0 3.54927 2 
0 3.62636 2 
0 3.87788 2 
0 3.9144 2 
0 4.05129 2 
0 4.13685 2 
0 4.24583 2 
0 inf 2 
0 0.0142681 3 
0 0.0192391 3 
0 0.0223548 3 
0 0.0223552 3 
0 0.022764 3 
0 0.023167 3 
0 0.0265196 3 
0 0.0268665 3 
0 0.0282115 3 
0 0.0288596 3 
0 0.033324 3 
0 0.0341464 3 
0 0.0349501 3 
0 0.0354756 3 
0 0.0370082 3 
0 0.0372569 3 
0 0.0377467 3 
0 0.0389573 3 
0 0.0391931 3 
0 0.0394291 3 
0 0.0408135 3 
0 0.0410346 3 
0 0.0428046 3 
0 0.0428046 3 
0 0.0432318 3 
0 0.0434473 3 
0 0.0436616 3 
0 0.0442924 3 
0 0.0445016 3 
0 0.0447077 3 
0 0.0453244 3 
0 0.0459334 3 
0 0.0461345 3 
0 0.0463345 3 
0 0.0494267 3 
0 0.0514464 3 
0 0.0519808 3 
0 0.0549244 3 
0 0.0554277 3 
0 0.0578768 3 
0 0.0603775 3 
0 0.0609921 3 
0 0.0624904 3 
0 0.0639505 3 
0 0.0649575 3 
0 0.065384 3 
0 0.0708209 3 
0 0.0748866 3 
0 0.0750064 3 
0 0.0779115 3 
0 0.0796711 3 
0 0.0797872 3 
0 0.0801342 3 
0 0.0839712 3 
0 0.0928677 3 
0 0.094056 3 
0 0.0942547 3 
0 0.098947 3 
0 0.0989472 3 
0 0.0990406 3 
0 0.100984 3 
0 0.120073 3 
0 0.124681 3 
0 0.125129 3 
0 0.143784 3 
0 0.149463 3 
0 0.150878 3 
0 0.152343 3 
0 0.155472 3 
0 0.156832 3 
0 0.178935 3 
0 0.186883 3 
0 0.202514 3 
0 0.204241 3 
0 0.21216 3 
0 0.212199 3 
0 0.220243 3 
0 0.270655 3 
0 0.276636 3 
0 0.280396 3 
0 0.335849 3 
0 0.361948 3 
0 0.376466 3 
0 0.385436 3 
0 0.396707 3 
0 0.39849 3 
0 0.401225 3 
0 0.409908 3 
0 0.499442 3 
0 0.505587 3 
0 0.518562 3 
0 0.521671 3 
0 0.528805 3 
0 0.531368 3 
0 0.534963 3 
0 0.535583 3 
0 0.540524 3 
0 0.56705 3 
0 0.577137 3 
0 0.578074 3 
0 0.593905 3 
0 0.616522 3 
0 0.622256 3 
0 0.630515 3 
0 0.634745 3 
0 1.22348 3 
0 1.2342 3 
0 1.26754 3 
0 1.31064 3 
0 1.60332 3 
0 1.79176 3 
0 1.79317 3 
0 1.79639 3 
0 2.19468 3 
0 2.20937 3 
0 3.40575 3 
0 3.53356 3 
0 3.58418 3 
0 3.87981 3 
0 3.87997 3 
0 3.88512 3 
0 3.88515 3 
0 3.95797 3 
0 inf 3 
0 0.0166621 4 
0 0.0239509 4 
0 0.0239538 4 
0 0.0243367 4 
0 0.0261685 4 
0 0.02652 4 
0 0.0282109 4 
0 0.0291776 4 
0 0.0307241 4 
0 0.0313194 4 
0 0.0316135 4 
0 0.0319045 4 
0 0.0319051 4 
0 0.0349505 4 
0 0.0357351 4 
0 0.0362493 4 
0 0.038237 4 
0 0.0387188 4 
0 0.0391936 4 
0 0.0408133 4 
0 0.0419312 4 
0 0.0428049 4 
0 0.04302 4 
0 0.0436605 4 
0 0.0438692 4 
0 0.0440833 4 
0 0.0453261 4 
0 0.0463338 4 
0 0.0479072 4 
0 0.0484832 4 
0 0.0484843 4 
0 0.049051 4 
0 0.0528641 4 
0 0.0567501 4 
0 0.0638098 4 
0 0.0638117 4 
0 0.0645308 4 
0 0.0676131 4 
0 0.0698983 4 
0 0.0718556 4 
0 0.0796753 4 
0 0.0851722 4 
0 0.0882705 4 
0 0.0904456 4 
0 0.0948402 4 
0 0.0948407 4 
0 0.0948414 4 
0 0.0956181 4 
0 0.0966747 4 
0 0.100155 4 
0 0.10089 4 
0 0.126086 4 
0 0.13183 4 
0 0.134398 4 
0 0.135972 4 
0 0.13604 4 
0 0.141773 4 
0 0.142229 4 
0 0.143782 4 
0 0.146208 4 
0 0.149643 4 
0 0.157066 4 
0 0.158065 4 
0 0.164496 4 
0 0.165837 4 
0 0.168277 4 
0 0.185691 4 
0 0.194923 4 
0 0.261185 4 
0 0.270825 4 
0 0.325563 4 
0 0.347915 4 
0 0.363537 4 
0 0.369241 4 
0 0.398463 4 
0 0.402466 4 
0 0.406579 4 
0 0.411606 4 
0 0.437451 4 
0 0.458901 4 
0 0.476162 4 
0 0.495872 4 
0 0.50196 4 
0 0.503148 4 
0 0.505757 4 
0 0.507908 4 
0 0.513997 4 
0 0.523327 4 
0 0.523328 4 
0 0.53595 4 
0 0.566994 4 
0 0.581817 4 
0 0.590045 4 
0 0.592455 4 
0 0.604409 4 
0 0.607843 4 
0 0.633151 4 
0 0.635236 4 
0 1.17365 4 
0 1.26155 4 
0 1.51134 4 
0 1.59939 4 
0 1.59953 4 
0 1.59985 4 
0 1.60442 4 
0 1.7174 4 
0 1.8279 4 
0 1.96946 4 
0 1.97368 4 
0 1.97745 4 
0 1.992 4 
0 2.08745 4 
0 2.16062 4 
0 2.22178 4 
0 2.6034 4 
0 2.61224 4 
0 2.61847 4 
0 2.97333 4 
0 3.00813 4 
0 inf 4 
0 0.0149025 5 
0 0.0210758 5 
0 0.022764 5 
0 0.0250853 5 
0 0.0268684 5 
0 0.0272095 5 
0 0.0282107 5 
0 0.0333251 5 
0 0.0357315 5 
0 0.0357317 5 
0 0.0367566 5 
0 0.038237 5 
0 0.0391944 5 
0 0.0403569 5 
0 0.0408111 5 
0 0.0419282 5 
0 0.0436605 5 
0 0.0444979 5 
0 0.0445013 5 
0 0.0505381 5 
0 0.0507208 5 
0 0.0512645 5 
0 0.0539017 5 
0 0.0549251 5 
0 0.0573973 5 
0 0.0575572 5 
0 0.0588271 5 
0 0.0624893 5 
0 0.0624906 5 
0 0.0648169 5 
0 0.0659486 5 
0 0.0662273 5 
0 0.0662281 5 
0 0.0680207 5 
0 0.0733872 5 
0 0.0737653 5 
0 0.0753772 5 
0 0.0859334 5 
0 0.0913621 5 
0 0.0918676 5 
0 0.0970566 5 
0 0.0980041 5 
0 0.0985723 5 
0 0.0995069 5 
0 0.10334 5 
0 0.104142 5 
0 0.104231 5 
0 0.107551 5 
0 0.111686 5 
0 0.12069 5 
0 0.121302 5 
0 0.12689 5 
0 0.127181 5 
0 0.127545 5 
0 0.141183 5 
0 0.142488 5 
0 0.160392 5 
0 0.170679 5 
0 0.18161 5 
0 0.19143 5 
0 0.260795 5 
0 0.267341 5 
0 0.351689 5 
0 0.387694 5 
0 0.396443 5 
0 0.402 5 
0 0.405518 5 
0 0.408759 5 
0 0.419581 5 
0 0.419581 5 
0 0.445559 5 
0 0.448608 5 
0 0.451857 5 
0 0.474863 5 
0 0.478068 5 
0 0.486328 5 
0 0.49093 5 
0 0.492541 5 
0 0.500211 5 
0 0.501394 5 
0 0.502992 5 
0 0.527441 5 
0 0.528405 5 
0 0.529941 5 
0 0.530346 5 
0 0.538947 5 
0 0.577137 5 
0 0.577473 5 
0 0.584101 5 
0 0.618615 5 
0 0.848724 5 
0 0.870364 5 
0 0.871416 5 
0 0.877005 5 
0 1.05089 5 
0 1.25754 5 
0 1.27966 5 
0 1.35073 5 
0 1.36094 5 
0 1.45081 5 
0 1.52311 5 
0 1.6152 5 
0 1.94642 5 
0 2.02373 5 
0 2.03699 5 
0 2.03727 5 
0 2.03849 5 
0 2.04412 5 
0 2.09564 5 
0 2.11211 5 
0 2.22047 5 
0 2.58877 5 
0 2.58895 5 
0 2.59302 5 
0 2.59631 5 
0 inf 5 
0 0.0268684 6 
0 0.0272082 6 
0 0.028859 6 
0 0.0291782 6 
0 0.0319042 6 
0 0.0335997 6 
0 0.0349496 6 
0 0.0375053 6 
0 0.0387171 6 
0 0.0408106 6 
0 0.0430205 6 
0 0.0432346 6 
0 0.0436614 6 
0 0.0449153 6 
0 0.0484815 6 
0 0.0499852 6 
0 0.0501697 6 
0 0.0519804 6 
0 0.0523338 6 
0 0.0525086 6 
0 0.0547557 6 
0 0.05961 6 
0 0.0612922 6 
0 0.061443 6 
0 0.0626364 6 
0 0.0638096 6 
0 0.0658088 6 
0 0.0666462 6 
0 0.0676102 6 
0 0.0684286 6 
0 0.0708198 6 
0 0.071082 6 
0 0.0748868 6 
0 0.0777946 6 
0 0.0794421 6 
0 0.0824114 6 
0 0.0839732 6 
0 0.0897233 6 
0 0.0928687 6 
0 0.0939576 6 
0 0.0993227 6 
0 0.0999712 6 
0 0.109513 6 
0 0.119451 6 
0 0.123413 6 
0 0.124837 6 
0 0.130274 6 
0 0.132809 6 
0 0.145065 6 
0 0.149402 6 
0 0.152708 6 
0 0.18222 6 
0 0.191714 6 
0 0.217246 6 
0 0.258657 6 
0 0.267616 6 
0 0.311796 6 
0 0.320104 6 
0 0.335076 6 
0 0.337997 6 
0 0.338783 6 
0 0.3395 6 
0 0.3418 6 
0 0.347014 6 
0 0.347183 6 
0 0.357287 6 
0 0.380908 6 
0 0.387071 6 
0 0.392218 6 
0 0.436256 6 
0 0.437207 6 
0 0.442052 6 
0 0.442491 6 
0 0.450024 6 
0 0.467978 6 
0 0.468926 6 
0 0.471229 6 
0 0.500613 6 
0 0.512761 6 
0 0.532127 6 
0 0.543482 6 
0 0.546781 6 
0 0.552667 6 
0 0.565075 6 
0 0.565861 6 
0 0.776334 6 
0 0.999805 6 
0 1.00718 6 
0 1.08136 6 
0 1.14041 6 
0 1.27497 6 
0 1.33788 6 
0 1.60595 6 
0 1.61033 6 
0 1.66123 6 
0 1.66454 6 
0 1.68587 6 
0 1.76532 6 
0 1.76859 6 
0 1.7716 6 
0 1.78677 6 
0 1.7888 6 
0 1.79414 6 
0 1.83351 6 
0 1.83616 6 
0 1.88923 6 
0 1.9865 6 
0 1.9884 6 
0 1.98916 6 
0 2.04669 6 
0 2.19027 6 
0 inf 6 
0 0.0272082 7 
0 0.035735 7 
0 0.0375051 7 
0 0.0375059 7 
0 0.03919 7 
0 0.0391921 7 
0 0.0410355 7 
0 0.0425876 7 
0 0.0432353 7 
0 0.0438718 7 
0 0.0516236 7 
0 0.051978 7 
0 0.0533861 7 
0 0.0544158 7 
0 0.0549236 7 
0 0.0564184 7 
0 0.0565823 7 
0 0.0620439 7 
0 0.0621929 7 
0 0.0621936 7 
0 0.0646742 7 
0 0.064817 7 
0 0.0651019 7 
0 0.0689675 7 
0 0.0743879 7 
0 0.0834215 7 
0 0.0849593 7 
0 0.0874238 7 
0 0.0880606 7 
0 0.0883759 7 
0 0.0888974 7 
0 0.0890021 7 
0 0.0898294 7 
0 0.0906503 7 
0 0.0921668 7 
0 0.0973428 7 
0 0.097725 7 
0 0.103944 7 
0 0.104496 7 
0 0.11102 7 
0 0.111353 7 
0 0.112016 7 
0 0.119451 7 
0 0.120765 7 
0 0.192205 7 
0 0.203421 7 
0 0.230825 7 
0 0.237151 7 
0 0.256174 7 
0 0.256715 7 
0 0.260547 7 
0 0.289809 7 
0 0.314032 7 
0 0.316394 7 
0 0.324344 7 
0 0.325149 7 
0 0.334244 7 
0 0.355774 7 
0 0.370454 7 
0 0.391864 7 
0 0.419409 7 
0 0.420467 7 
0 0.436046 7 
0 0.440337 7 
0 0.453347 7 
0 0.456589 7 
0 0.465586 7 
0 0.466762 7 
0 0.467238 7 
0 0.495485 7 
0 0.535809 7 
0 0.543355 7 
0 0.548188 7 
0 0.570846 7 
0 0.575818 7 
0 0.582067 7 
0 0.582504 7 
0 0.659316 7 
0 0.663557 7 
0 0.712579 7 
0 0.845344 7 
0 0.875796 7 
0 0.891101 7 
0 0.979738 7 
0 1.24828 7 
0 1.27673 7 
0 1.38209 7 
0 1.38363 7 
0 1.39742 7 
0 1.3984 7 
0 1.40686 7 
0 1.40781 7 
0 1.41695 7 
0 1.44171 7 
0 1.53451 7 
0 1.6301 7 
0 1.6573 7 
0 1.77134 7 
0 1.77893 7 
0 1.80677 7 
0 1.807 7 
0 1.81665 7 
0 1.81965 7 
0 1.82896 7 
0 1.89888 7 
0 1.9563 7 
0 2.09546 7 
0 inf 7 
0 0.0319034 8 
0 0.0321908 8 
0 0.0321932 8 
0 0.041262 8 
0 0.0436604 8 
0 0.0436604 8 
0 0.0436606 8 
0 0.0436634 8 
0 0.0447114 8 
0 0.04693 8 
0 0.0484811 8 
0 0.0509019 8 
0 0.0509045 8 
0 0.0646733 8 
0 0.0674732 8 
0 0.0686986 8 
0 0.0686999 8 
0 0.0730044 8 
0 0.0730055 8 
0 0.076474 8 
0 0.0838579 8 
0 0.0878503 8 
0 0.0883758 8 
0 0.088795 8 
0 0.0897262 8 
0 0.0917661 8 
0 0.0952311 8 
0 0.100891 8 
0 0.10334 8 
0 0.106315 8 
0 0.107466 8 
0 0.110339 8 
0 0.111107 8 
0 0.111771 8 
0 0.123116 8 
0 0.136722 8 
0 0.137395 8 
0 0.180005 8 
0 0.181234 8 
0 0.188215 8 
0 0.200764 8 
0 0.227107 8 
0 0.259514 8 
0 0.264078 8 
0 0.268326 8 
0 0.290578 8 
0 0.302559 8 
0 0.303983 8 
0 0.338064 8 
0 0.338537 8 
0 0.338537 8 
0 0.344774 8 
0 0.350245 8 
0 0.353338 8 
0 0.357566 8 
0 0.358607 8 
0 0.360597 8 
0 0.36706 8 
0 0.367262 8 
0 0.392525 8 
0 0.397819 8 
0 0.4392 8 
0 0.48432 8 
0 0.492504 8 
0 0.499799 8 
0 0.516052 8 
0 0.518091 8 
0 0.521083 8 
0 0.532117 8 
0 0.583235 8 
0 0.585325 8 
0 0.648391 8 
0 0.698903 8 
0 0.699517 8 
0 0.775356 8 
0 0.7816 8 
0 0.789826 8 
0 0.791074 8 
0 0.794804 8 
0 0.937126 8 
0 0.972133 8 
0 1.12698 8 
0 1.29145 8 
0 1.30718 8 
0 1.31544 8 
0 1.32335 8 
0 1.32822 8 
0 1.38005 8 
0 1.42068 8 
0 1.43688 8 
0 1.45397 8 
0 1.45453 8 
0 1.48036 8 
0 1.48252 8 
0 1.4952 8 
0 1.52892 8 
0 1.53427 8 
0 1.544 8 
0 1.82159 8 
0 1.82614 8 
0 1.84718 8 
0 1.84814 8 
0 1.85422 8 
0 inf 8 
0 0.0149055 9 
0 0.0375028 9 
0 0.0382388 9 
0 0.0414853 9 
0 0.0469267 9 
0 0.0499868 9 
0 0.0539045 9 
0 0.0547554 9 
0 0.0592996 9 
0 0.0611423 9 
0 0.0632261 9 
0 0.0632275 9 
0 0.0663676 9 
0 0.0765925 9 
0 0.0768325 9 
0 0.0786247 9 
0 0.0793235 9 
0 0.0824165 9 
0 0.0859333 9 
0 0.0928504 9 
0 0.0946452 9 
0 0.099134 9 
0 0.0999704 9 
0 0.10235 9 
0 0.103427 9 
0 0.11447 9 
0 0.116375 9 
0 0.118834 9 
0 0.120382 9 
0 0.159972 9 
0 0.17277 9 
0 0.175846 9 
0 0.183369 9 
0 0.186238 9 
0 0.208244 9 
0 0.212117 9 
0 0.22151 9 
0 0.238036 9 
0 0.261963 9 
0 0.293262 9 
0 0.299641 9 
0 0.30659 9 
0 0.334023 9 
0 0.346264 9 
0 0.346358 9 
0 0.346785 9 
0 0.350885 9 
0 0.385769 9 
0 0.387278 9 
0 0.393122 9 
0 0.393208 9 
0 0.40486 9 
0 0.440273 9 
0 0.470689 9 
0 0.47111 9 
0 0.485362 9 
0 0.495578 9 
0 0.497117 9 
0 0.497208 9 
0 0.498102 9 
0 0.500047 9 
0 0.50391 9 
0 0.535297 9 
0 0.566478 9 
0 0.566527 9 
0 0.567053 9 
0 0.585443 9 
0 0.585632 9 
0 0.615037 9 
0 0.690225 9 
0 0.695995 9 
0 0.795143 9 
0 0.836062 9 
0 0.983241 9 
0 0.998585 9 
0 1.03392 9 
0 1.07789 9 
0 1.0883 9 
0 1.22555 9 
0 1.226 9 
0 1.25552 9 
0 1.27394 9 
0 1.27569 9 
0 1.28106 9 
0 1.28165 9 
0 1.28225 9 
0 1.28542 9 
0 1.43963 9 
0 1.44492 9 
0 1.5841 9 
0 1.6643 9 
0 1.66433 9 
0 1.81936 9 
0 1.82229 9 
0 1.88452 9 
0 1.90363 9 
0 1.90395 9 
0 2.10008 9 
0 2.10018 9 
0 inf 9 
0 0.0210779 10 
0 0.0219367 10 
0 0.0438713 10 
0 0.0442913 10 
0 0.0486698 10 
0 0.051445 10 
0 0.0562569 10 
0 0.0642412 10 
0 0.0684021 10 
0 0.0730071 10 
0 0.0829752 10 
0 0.102526 10 
0 0.102975 10 
0 0.104672 10 
0 0.104851 10 
0 0.108749 10 
0 0.110185 10 
0 0.111272 10 
0 0.113315 10 
0 0.118442 10 
0 0.128542 10 
0 0.145124 10 
0 0.170546 10 
0 0.183834 10 
0 0.194219 10 
0 0.200776 10 
0 0.216182 10 
0 0.232356 10 
0 0.239445 10 
0 0.245633 10 
0 0.248171 10 
0 0.249621 10 
0 0.263338 10 
0 0.292415 10 
0 0.314856 10 
0 0.314885 10 
0 0.335638 10 
0 0.336993 10 
0 0.341357 10 
0 0.341846 10 
0 0.343084 10 
0 0.391347 10 
0 0.391715 10 
0 0.39532 10 
0 0.401232 10 
0 0.401785 10 
0 0.429108 10 
0 0.437588 10 
0 0.438131 10 
0 0.449668 10 
0 0.470294 10 
0 0.47808 10 
0 0.480821 10 
0 0.492152 10 
0 0.492403 10 
0 0.49498 10 
0 0.50669 10 
0 0.50669 10 
0 0.536311 10 
0 0.536587 10 
0 0.543384 10 
0 0.544503 10 
0 0.545335 10 
0 0.548858 10 
0 0.553136 10 
0 0.652716 10 
0 0.781949 10 
0 0.813958 10 
0 0.822707 10 
0 0.82382 10 
0 0.844341 10 
0 0.844955 10 
0 0.905335 10 
0 1.16064 10 
0 1.22264 10 
0 1.22591 10 
0 1.24035 10 
0 1.24357 10 
0 1.24363 10 
0 1.27445 10 
0 1.27724 10 
0 1.36004 10 
0 1.36008 10 
0 1.41298 10 
0 1.4215 10 
0 1.44315 10 
0 1.44437 10 
0 1.60588 10 
0 1.60588 10 
0 1.60841 10 
0 1.82361 10 
0 1.82409 10 
0 1.91688 10 
0 1.95929 10 
0 1.95963 10 
0 inf 10 
0 0.0434468 11 
0 0.0461343 11 
0 0.0510834 11 
0 0.063662 11 
0 0.0693671 11 
0 0.0703955 11 
0 0.0748829 11 
0 0.0752559 11 
0 0.0800278 11 
0 0.0916641 11 
0 0.100785 11 
0 0.114066 11 
0 0.114448 11 
0 0.119222 11 
0 0.130883 11 
0 0.164163 11 
0 0.185342 11 
0 0.194121 11 
0 0.199809 11 
0 0.201103 11 
0 0.209266 11 
0 0.212719 11 
0 0.223213 11 
0 0.228737 11 
0 0.234617 11 
0 0.246835 11 
0 0.250189 11 
0 0.253484 11 
0 0.267036 11 
0 0.281739 11 
0 0.288947 11 
0 0.293359 11 
0 0.294461 11 
0 0.312822 11 
0 0.317752 11 
0 0.322045 11 
0 0.355969 11 
0 0.371239 11 
0 0.382894 11 
0 0.383473 11 
0 0.390994 11 
0 0.397235 11 
0 0.398983 11 
0 0.400118 11 
0 0.444196 11 
0 0.45194 11 
0 0.459534 11 
0 0.461409 11 
0 0.463436 11 
0 0.494304 11 
0 0.50482 11 
0 0.504875 11 
0 0.505169 11 
0 0.524128 11 
0 0.529049 11 
0 0.54112 11 
0 0.547473 11 
0 0.558781 11 
0 0.622885 11 
0 0.623004 11 
0 0.633608 11 
0 0.680855 11 
0 0.713149 11 
0 0.740947 11 
0 0.826506 11 
0 0.840197 11 
0 0.840362 11 
0 0.840636 11 
0 0.841516 11 
0 0.948439 11 
0 0.953256 11 
0 1.0308 11 
0 1.06301 11 
0 1.13958 11 
0 1.16266 11 
0 1.16469 11 
0 1.22577 11 
0 1.22582 11 
0 1.24005 11 
0 1.24246 11 
0 1.24373 11 
0 1.40623 11 
0 1.40862 11 
0 1.57532 11 
0 1.58485 11 
0 1.58513 11 
0 1.81635 11 
0 1.81855 11 
0 1.86674 11 
0 1.87021 11 
0 1.87041 11 
0 inf 11 
0 0.0535602 12 
0 0.0787115 12 
0 0.0804574 12 
0 0.0859141 12 
0 0.103603 12 
0 0.111421 12 
0 0.116393 12 
0 0.141316 12 
0 0.149957 12 
0 0.201606 12 
0 0.203025 12 
0 0.205824 12 
0 0.213295 12 
0 0.213313 12 
0 0.214285 12 
0 0.216778 12 
0 0.231344 12 
0 0.233851 12 
0 0.250485 12 
0 0.259693 12 
0 0.281926 12 
0 0.29317 12 
0 0.300065 12 
0 0.300863 12 
0 0.309507 12 
0 0.315973 12 
0 0.316675 12 
0 0.317333 12 
0 0.319257 12 
0 0.319257 12 
0 0.321603 12 
0 0.323325 12 
0 0.325086 12 
0 0.330492 12 
0 0.330536 12 
0 0.331536 12 
0 0.335858 12 
0 0.335858 12 
0 0.337347 12 
0 0.337374 12 
0 0.338798 12 
0 0.338826 12 
0 0.340531 12 
0 0.357924 12 
0 0.408288 12 
0 0.415011 12 
0 0.425874 12 
0 0.427009 12 
0 0.4555 12 
0 0.471758 12 
0 0.471758 12 
0 0.51664 12 
0 0.520692 12 
0 0.535787 12 
0 0.555377 12 
0 0.639709 12 
0 0.657134 12 
0 0.659762 12 
0 0.742809 12 
0 0.743444 12 
0 0.745135 12 
0 0.753855 12 
0 0.789198 12 
0 0.835801 12 
0 0.839373 12 
0 0.843437 12 
0 0.857728 12 
0 0.979879 12 
0 0.993804 12 
0 1.22196 12 
0 1.227 12 
0 1.30307 12 
0 1.30354 12 
0 1.30365 12 
0 1.31052 12 
0 1.31234 12 
0 1.31293 12 
0 1.41975 12 
0 1.42877 12 
0 1.42902 12 
0 1.43117 12 
0 1.44528 12 
0 1.81993 12 
0 1.81997 12 
0 1.82053 12 
0 1.82467 12 
0 1.82469 12 
0 inf 12 
0 0.0732394 13 
0 0.0879588 13 
0 0.095397 13 
0 0.129195 13 
0 0.195786 13 
0 0.198042 13 
0 0.203205 13 
0 0.224841 13 
0 0.228566 13 
0 0.228608 13 
0 0.229056 13 
0 0.251959 13 
0 0.252498 13 
0 0.253275 13 
0 0.258366 13 
0 0.260794 13 
0 0.278211 13 
0 0.288205 13 
0 0.288545 13 
0 0.289427 13 
0 0.292792 13 
0 0.29492 13 
0 0.29492 13 
0 0.297544 13 
0 0.298381 13 
0 0.309834 13 
0 0.310936 13 
0 0.311577 13 
0 0.320626 13 
0 0.324152 13 
0 0.330152 13 
0 0.3306 13 
0 0.34109 13 
0 0.342201 13 
0 0.342417 13 
0 0.346331 13 
0 0.381535 13 
0 0.391495 13 
0 0.392012 13 
0 0.395999 13 
0 0.397119 13 
0 0.401933 13 
0 0.418251 13 
0 0.441463 13 
0 0.443136 13 
0 0.447128 13 
0 0.479192 13 
0 0.489131 13 
0 0.489264 13 
0 0.507934 13 
0 0.535528 13 
0 0.561129 13 
0 0.595374 13 
0 0.616165 13 
0 0.616165 13 
0 0.61765 13 
0 0.737808 13 
0 0.796209 13 
0 0.838098 13 
0 0.845332 13 
0 0.882772 13 
0 0.910611 13 
0 1.22341 13 
0 1.23175 13 
0 1.28818 13 
0 1.29134 13 
0 1.29166 13 
0 1.2922 13 
0 1.29247 13 
0 1.29275 13 
0 1.34841 13 
0 1.34913 13 
0 1.35225 13 
0 1.41853 13 
0 1.59017 13 
0 1.62838 13 
0 1.62954 13 
0 1.62999 13 
0 1.81829 13 
0 1.82577 13 
0 1.96893 13 
0 1.96946 13 
0 1.9698 13 
0 inf 13 
0 0.0496134 14 
0 0.067612 14 
0 0.0850653 14 
0 0.0910619 14 
0 0.0920635 14 
0 0.0944256 14 
0 0.100598 14 
0 0.164864 14 
0 0.178684 14 
0 0.209482 14 
0 0.219323 14 
0 0.220666 14 
0 0.222991 14 
0 0.223382 14 
0 0.225483 14 
0 0.229537 14 
0 0.230543 14 
0 0.233177 14 
0 0.233177 14 
0 0.234238 14 
0 0.237084 14 
0 0.238834 14 
0 0.241608 14 
0 0.254006 14 
0 0.292146 14 
0 0.297027 14 
0 0.297058 14 
0 0.297556 14 
0 0.298797 14 
0 0.300002 14 
0 0.307228 14 
0 0.316209 14 
0 0.316677 14 
0 0.317261 14 
0 0.319093 14 
0 0.324211 14 
0 0.345549 14 
0 0.354016 14 
0 0.354199 14 
0 0.356931 14 
0 0.369001 14 
0 0.375771 14 
0 0.408076 14 
0 0.41621 14 
0 0.470698 14 
0 0.502367 14 
0 0.541336 14 
0 0.577225 14 
0 0.577609 14 
0 0.579242 14 
0 0.58384 14 
0 0.589153 14 
0 0.5908 14 
0 0.59091 14 
0 0.636526 14 
0 0.729659 14 
0 0.815523 14 
0 0.817951 14 
0 0.844611 14 
0 0.904951 14 
0 1.11455 14 
0 1.23657 14 
0 1.24649 14 
0 1.24661 14 
0 1.24934 14 
0 1.27612 14 
0 1.27664 14 
0 1.2767 14 
0 1.43235 14 
0 1.615 14 
0 1.61527 14 
0 1.61532 14 
0 1.65012 14 
0 1.65019 14 
0 1.65094 14 
0 1.82618 14 
0 2.02923 14 
0 2.02949 14 
0 2.02963 14 
0 inf 14 
0 0.0530372 15 
0 0.0762108 15 
0 0.109005 15 
0 0.127747 15 
0 0.133416 15 
0 0.133486 15 
0 0.13684 15 
0 0.195455 15 
0 0.195833 15 
0 0.200087 15 
0 0.200318 15 
0 0.216261 15 
0 0.227807 15 
0 0.227955 15 
0 0.23793 15 
0 0.24858 15 
0 0.248915 15 
0 0.251689 15 
0 0.252679 15 
0 0.267472 15 
0 0.284257 15 
0 0.292191 15 
0 0.293929 15 
0 0.294212 15 
0 0.300452 15 
0 0.306233 15 
0 0.30759 15 
0 0.313504 15 
0 0.317248 15 
0 0.333023 15 
0 0.367431 15 
0 0.367758 15 
0 0.377444 15 
0 0.377468 15 
0 0.395482 15 
0 0.400692 15 
0 0.419296 15 
0 0.420948 15 
0 0.421146 15 
0 0.424773 15 
0 0.506164 15 
0 0.532808 15 
0 0.547161 15 
0 0.586102 15 
0 0.600353 15 
0 0.601323 15 
0 0.601554 15 
0 0.601938 15 
0 0.705385 15 
0 0.77274 15 
0 0.789041 15 
0 0.790211 15 
0 0.790761 15 
0 0.838775 15 
0 0.838786 15 
0 1.05119 15 
0 1.05535 15 
0 1.05541 15 
0 1.16248 15 
0 1.24009 15 
0 1.24237 15 
0 1.24273 15 
0 1.24311 15 
0 1.25458 15 
0 1.34739 15 
0 1.35235 15 
0 1.35238 15 
0 1.44633 15 
0 1.59813 15 
0 1.59813 15 
0 1.59825 15 
0 1.83386 15 
0 1.88561 15 
0 1.88577 15 
0 1.88608 15 
0 inf 15 
0 0.0810293 16 
0 0.0854748 16 
0 0.112986 16 
0 0.11693 16 
0 0.1243 16 
0 0.132932 16 
0 0.13569 16 
0 0.136029 16 
0 0.177167 16 
0 0.203565 16 
0 0.21124 16 
0 0.216223 16 
0 0.229349 16 
0 0.232076 16 
0 0.232555 16 
0 0.241522 16 
0 0.241522 16 
0 0.242096 16 
0 0.242426 16 
0 0.242636 16 
0 0.242744 16 
0 0.26947 16 
0 0.270959 16 
0 0.292445 16 
0 0.301061 16 
0 0.301906 16 
0 0.304287 16 
0 0.349105 16 
0 0.350401 16 
0 0.350911 16 
0 0.351508 16 
0 0.351693 16 
0 0.358478 16 
0 0.365152 16 
0 0.36576 16 
0 0.417632 16 
0 0.443728 16 
0 0.541804 16 
0 0.614956 16 
0 0.615001 16 
0 0.617704 16 
0 0.617704 16 
0 0.667347 16 
0 0.704432 16 
0 0.761148 16 
0 0.767203 16 
0 0.768107 16 
0 0.804047 16 
0 0.872026 16 
0 0.894254 16 
0 0.903051 16 
0 0.903133 16 
0 0.903215 16 
0 0.918243 16 
0 0.921189 16 
0 0.93273 16 
0 1.12394 16 
0 1.12985 16 
0 1.25243 16 
0 1.25266 16 
0 1.25302 16 
0 1.25308 16 
0 1.33546 16 
0 1.46683 16 
0 1.50613 16 
0 1.50664 16 
0 1.50694 16 
0 1.84359 16 
0 1.84975 16 
0 1.8507 16 
0 1.85073 16 
0 inf 16 
0 0.0675868 17 
0 0.0685387 17 
0 0.0696105 17 
0 0.108829 17 
0 0.115253 17 
0 0.115431 17 
0 0.116071 17 
0 0.198738 17 
0 0.20807 17 
0 0.209179 17 
0 0.209356 17 
0 0.209841 17 
0 0.214238 17 
0 0.28233 17 
0 0.307705 17 
0 0.307706 17 
0 0.308808 17 
0 0.309654 17 
0 0.312717 17 
0 0.314038 17 
0 0.316825 17 
0 0.339532 17 
0 0.352779 17 
0 0.353957 17 
0 0.353957 17 
0 0.354036 17 
0 0.399628 17 
0 0.440232 17 
0 0.440232 17 
0 0.447383 17 
0 0.448375 17 
0 0.46614 17 
0 0.498612 17 
0 0.500094 17 
0 0.50039 17 
0 0.511004 17 
0 0.511639 17 
0 0.513426 17 
0 0.513426 17 
0 0.548422 17 
0 0.579651 17 
0 0.581116 17 
0 0.597943 17 
0 0.604522 17 
0 0.604843 17 
0 0.60492 17 
0 0.605211 17 
0 0.821748 17 
0 0.831855 17 
0 0.835861 17 
0 0.846587 17 
0 0.84877 17 
0 0.881074 17 
0 0.881494 17 
0 1.26029 17 
0 1.26032 17 
0 1.26035 17 
0 1.26234 17 
0 1.28875 17 
0 1.50354 17 
0 1.51137 17 
0 1.51687 17 
0 1.51885 17 
0 1.85539 17 
0 1.85636 17 
0 1.85672 17 
0 1.85784 17 
0 inf 17 
0 0.103142 18 
0 0.103589 18 
0 0.103589 18 
0 0.104302 18 
0 0.105885 18 
0 0.112 18 
0 0.112659 18 
0 0.154019 18 
0 0.261327 18 
0 0.274285 18 
0 0.275463 18 
0 0.2805 18 
0 0.280731 18 
0 0.281981 18 
0 0.302073 18 
0 0.304439 18 
0 0.30544 18 
0 0.305713 18 
0 0.310995 18 
0 0.323112 18 
0 0.32494 18 
0 0.325879 18 
0 0.373572 18 
0 0.390052 18 
0 0.390052 18 
0 0.396908 18 
0 0.405306 18 
0 0.405306 18 
0 0.424466 18 
0 0.453444 18 
0 0.454342 18 
0 0.454484 18 
0 0.45769 18 
0 0.469524 18 
0 0.489269 18 
0 0.494924 18 
0 0.495074 18 
0 0.495522 18 
0 0.495522 18 
0 0.555318 18 
0 0.564557 18 
0 0.576479 18 
0 0.58298 18 
0 0.583234 18 
0 0.583234 18 
0 0.609997 18 
0 0.619593 18 
0 0.673917 18 
0 0.989721 18 
0 1.06221 18 
0 1.06238 18 
0 1.2552 18 
0 1.25528 18 
0 1.25566 18 
0 1.25568 18 
0 1.28185 18 
0 1.55541 18 
0 1.57918 18 
0 1.57927 18 
0 1.61998 18 
0 1.88049 18 
0 1.88181 18 
0 1.88185 18 
0 inf 18 
0 0.0990269 19 
0 0.102064 19 
0 0.104216 19 
0 0.104659 19 
0 0.121295 19 
0 0.144675 19 
0 0.144675 19 
0 0.184892 19 
0 0.184892 19 
0 0.187278 19 
0 0.218975 19 
0 0.219313 19 
0 0.219861 19 
0 0.224195 19 
0 0.265018 19 
0 0.268453 19 
0 0.268453 19 
0 0.314014 19 
0 0.314486 19 
0 0.314986 19 
0 0.341302 19 
0 0.342411 19 
0 0.343625 19 
0 0.382133 19 
0 0.386827 19 
0 0.392313 19 
0 0.392502 19 
0 0.392784 19 
0 0.405673 19 
0 0.440043 19 
0 0.440274 19 
0 0.440883 19 
0 0.465017 19 
0 0.465037 19 
0 0.467005 19 
0 0.507899 19 
0 0.5087 19 
0 0.508739 19 
0 0.508918 19 
0 0.529188 19 
0 0.548966 19 
0 0.569334 19 
0 0.569415 19 
0 0.571443 19 
0 0.705196 19 
0 1.12464 19 
0 1.12534 19 
0 1.12572 19 
0 1.24714 19 
0 1.24733 19 
0 1.24807 19 
0 1.28251 19 
0 1.28301 19 
0 1.613 19 
0 1.61308 19 
0 1.61313 19 
0 1.93456 19 
0 1.93456 19 
0 1.93458 19 
0 inf 19 
0 0.0840807 20 
0 0.0849613 20 
0 0.0852875 20 
0 0.0865797 20 
0 0.103068 20 
0 0.10599 20 
0 0.136041 20 
0 0.136041 20 
0 0.140656 20 
0 0.193882 20 
0 0.196159 20 
0 0.208552 20 
0 0.215999 20 
0 0.217536 20 
0 0.23489 20 
0 0.251075 20 
0 0.261114 20 
0 0.262492 20 
0 0.262528 20 
0 0.313928 20 
0 0.314546 20 
0 0.3974 20 
0 0.397772 20 
0 0.406584 20 
0 0.406584 20 
0 0.407493 20 
0 0.438111 20 
0 0.438638 20 
0 0.441267 20 
0 0.447652 20 
0 0.448312 20 
0 0.495223 20 
0 0.495672 20 
0 0.495821 20 
0 0.497333 20 
0 0.506361 20 
0 0.548533 20 
0 0.548938 20 
0 0.596326 20 
0 0.676123 20 
0 0.76146 20 
0 1.11498 20 
0 1.14631 20 
0 1.14643 20 
0 1.23707 20 
0 1.23737 20 
0 1.28535 20 
0 1.28934 20 
0 1.60404 20 
0 1.60804 20 
0 1.60819 20 
0 1.90948 20 
0 1.91676 20 
0 1.91684 20 
0 2.31746 20 
0 inf 20 
