3.9763 6.71316 1 
1.2466 3.15238 1 
0.17493 0.179544 1 
0.171456 0.202379 1 
0.118417 0.11897 1 
0.102322 0.121778 1 
0.093189 0.125657 1 
0.076826 0.0769462 1 
0.0692297 0.074468 1 
0.0644464 0.0770667 1 
0.0626749 0.0667472 1 
0.0620779 0.0738341 1 
0.0541489 0.0699077 1 
0.053273 0.0541489 1 
0.0482725 0.0530909 1 
0.0470908 0.052562 1 
0.0464886 0.0480793 1 
0.0454663 0.0456706 1 
0.045464 0.0472852 1 
0.0429133 0.0431382 1 
0.0420356 0.0464891 1 
0.0411289 0.0413561 1 
0.0402022 0.0437859 1 
0.0362735 0.0399721 1 
0.0309609 0.036271 1 
4.86816 4.89517 2 
4.85378 5.0113 2 
3.57548 5.02972 2 
1.02315 4.09547 2 
0.182859 0.185719 2 
0.180902 0.193158 2 
0.179282 0.198202 2 
0.160296 0.176374 2 
0.147534 0.165717 2 
0.110194 0.116411 2 
0.104053 0.110193 2 
0.0912467 0.0998131 2 
0.0685482 0.079586 2 
0.0675815 0.0739566 2 
0.0661781 0.0674443 2 
0.0614621 0.0668877 2 
0.0575122 0.058004 2 
0.0573546 0.0596069 2 
0.0561973 0.057026 2 
0.0543242 0.059287 2 
0.0522046 0.0546666 2 
3.64818 3.79797 3 
3.59819 3.79401 3 
2.86243 3.84721 3 
0.937113 4.29624 3 
0.15632 0.166959 3 
0.152789 0.166903 3 
0.152481 0.167184 3 
0.14606 0.165546 3 
0.145871 0.166566 3 
0.142938 0.147781 3 
0.138327 0.154502 3 
0.12788 0.16006 3 
0.0663226 0.0720323 3 
0.0581668 0.0581672 3 
0.0474893 0.049621 3 
0.0435717 0.0450563 3 
0.0327303 0.0370412 3 
2.25276 2.41598 4 
2.24769 2.40681 4 
2.2476 2.40378 4 
0.87712 4.06688 4 
0.152356 0.158167 4 
0.149491 0.165317 4 
0.128102 0.142941 4 
0.12362 0.137305 4 
0.0952848 0.0960679 4 
0.0740812 0.0763363 4 
0.0454681 0.0486658 4 
2.05078 2.10298 5 
1.91335 1.94497 5 
1.89861 1.93008 5 
1.4684 1.47161 5 
1.45659 3.75223 5 
0.0895892 0.0904275 5 
0.0891622 0.0916665 5 
0.0734531 0.0815732 5 
0.0709731 0.0750911 5 
0.0496222 0.0544964 5 
3.16482 3.27898 6 
3.16437 3.34162 6 
1.94951 1.96348 6 
1.73743 3.34533 6 
1.59111 1.68647 6 
1.36301 1.48606 6 
1.29173 1.40611 6 
1.28516 1.37434 6 
2.57342 2.63637 7 
2.49961 2.67449 7 
2.45592 2.66742 7 
2.45528 2.80415 7 
2.45472 2.80515 7 
1.82144 1.86274 7 
1.44662 1.49319 7 
1.34833 1.36223 7 
0.0806496 0.0876828 7 
2.2574 2.40247 8 
2.02686 3.34206 8 
1.96537 2.52017 8 
0.0754655 0.0842928 8 
2.16746 2.2 9 
2.05886 2.07112 9 
1.90364 2.17719 9 
1.61164 2.20822 9 
0.202937 0.206931 9 
0.11189 0.121471 9 
0.107866 0.108208 9 
2.01861 2.06781 10 
1.94029 2.07402 10 
1.91741 2.33644 10 
1.91741 2.33657 10 
1.90633 1.91332 10 
1.87672 2.25903 10 
1.8766 2.18999 10 
1.45545 1.60743 10 
1.35877 1.93476 10 
1.09818 1.1092 10 
0.292537 0.293338 10 
0.0947838 0.115439 10 
2.05612 2.83204 11 
2.05513 2.74668 11 
1.54555 1.65961 11 
0.654855 0.719742 11 
0.134119 0.144897 11 
1.9119 1.97975 12 
1.68115 2.09585 12 
1.65779 1.66628 12 
1.54579 2.0221 12 
1.53564 1.56479 12 
1.51031 1.55471 12 
0.598404 0.645738 12 
1.53855 1.55677 13 
1.47345 1.53395 13 
1.40106 1.5689 13 
1.29175 1.31349 13 
1.25342 1.29496 13 
1.20226 1.25388 13 
1.05343 1.24268 13 
1.053 1.3142 13 
1.14395 1.14552 14 
1.0371 1.11976 14 
1.00266 1.19104 14 
0.769184 0.786059 14 
1.91408 2.25516 15 
1.91384 2.25516 15 
1.91349 2.2559 15 
1.72563 1.9507 15 
1.72548 1.96991 15 
1.72535 1.96972 15 
1.00588 1.02583 15 
0.985611 1.00553 15 
0.938415 1.12033 15 
1.99776 2.41512 16 
1.99774 2.41537 16 
1.99764 2.41487 16 
1.13682 1.14096 16 
1.62456 1.86268 17 
1.62373 1.85833 17 
1.62304 1.86009 17 
1.21432 1.28122 17 
1.21401 1.28052 17 
1.20811 1.26987 17 
1.75032 1.81386 18 
1.74812 2.09446 18 
1.70566 1.74755 18 
1.53271 1.68788 18 
1.44337 1.70088 18 
1.69481 2.12868 19 
1.69446 1.71144 19 
1.69337 1.70616 19 
1.47044 1.59381 20 
1.46916 1.5905 20 
0.750767 0.8311 20 
