0 0.0237508 1 
0 0.0237508 1 
0 0.0248549 1 
0 0.0248591 1 
0 0.0259 1 
0 0.025915 1 
0 0.0264239 1 
0 0.0288644 1 
0 0.0293156 1 
0 0.0302266 1 
0 0.0306573 1 
0 0.0310987 1 
0 0.0323665 1 
0 0.0339852 1 
0 0.0339919 1 
0 0.0359068 1 
0 0.0377261 1 
0 0.040475 1 
0 0.0408059 1 
0 0.0408128 1 
0 0.0411332 1 
0 0.0414553 1 
0 0.0424214 1 
0 0.0430474 1 
0 0.0430548 1 
0 0.0436641 1 
0 0.0439697 1 
0 0.0442775 1 
0 0.0445786 1 
0 0.0448799 1 
0 0.0454737 1 
0 0.0457723 1 
0 0.0457755 1 
0 0.0463448 1 
0 0.0469276 1 
0 0.0469301 1 
0 0.0469301 1 
0 0.0469389 1 
0 0.0472085 1 
0 0.0472085 1 
0 0.0480576 1 
0 0.048614 1 
0 0.0488871 1 
0 0.0494367 1 
0 0.0494455 1 
0 0.0507851 1 
0 0.0520808 1 
0 0.0528466 1 
0 0.0528468 1 
0 0.0528513 1 
0 0.0530968 1 
0 0.0548429 1 
0 0.0555726 1 
0 0.0558137 1 
0 0.0560539 1 
0 0.0560599 1 
0 0.0577093 1 
0 0.0579455 1 
0 0.0581716 1 
0 0.0581721 1 
0 0.0602151 1 
0 0.0617545 1 
0 0.0619754 1 
0 0.0628352 1 
0 0.0628367 1 
0 0.0665687 1 
0 0.0683599 1 
0 0.0683615 1 
0 0.068556 1 
0 0.0691446 1 
0 0.0706824 1 
0 0.0708669 1 
0 0.071434 1 
0 0.072737 1 
0 0.0749194 1 
0 0.0784232 1 
0 0.0791079 1 
0 0.0791081 1 
0 0.0792733 1 
0 0.0794498 1 
0 0.0827562 1 
0 0.0888658 1 
0 0.0893104 1 
0 0.0962568 1 
0 0.0975083 1 
0 0.104026 1 
0 0.10544 1 
0 0.107463 1 
0 0.111872 1 
0 0.115645 1 
0 0.117946 1 
0 0.119303 1 
0 0.127987 1 
0 0.131499 1 
0 0.140017 1 
0 0.142298 1 
0 0.1423 1 
0 0.147126 1 
0 0.156415 1 
0 0.167767 1 
0 0.177948 1 
0 0.218573 1 
0 0.220534 1 
0 0.222912 1 
0 0.248319 1 
0 0.289246 1 
0 0.297655 1 
0 0.311266 1 
0 0.345859 1 
0 0.348044 1 
0 0.358251 1 
0 0.369258 1 
0 0.389963 1 
0 0.392271 1 
0 0.410985 1 
0 0.423533 1 
0 0.479967 1 
0 0.499128 1 
0 0.53535 1 
0 0.974962 1 
0 1.38563 1 
0 1.84334 1 
0 2.3446 1 
0 2.59 1 
0 2.71185 1 
0 3.10551 1 
0 4.10215 1 
0 5.25484 1 
0 6.44884 1 
0 6.60612 1 
0 6.64488 1 
0 inf 1 
0 0.0253914 2 
0 0.0279082 2 
0 0.0279141 2 
0 0.0288509 2 
0 0.0288536 2 
0 0.028857 2 
0 0.0306554 2 
0 0.0306605 2 
0 0.0323627 2 
0 0.0323667 2 
0 0.032777 2 
0 0.034761 2 
0 0.0351516 2 
0 0.0366409 2 
0 0.0366451 2 
0 0.0384348 2 
0 0.0387785 2 
0 0.0387823 2 
0 0.0401399 2 
0 0.040473 2 
0 0.0430505 2 
0 0.0433581 2 
0 0.0433593 2 
0 0.0433605 2 
0 0.0442778 2 
0 0.0448787 2 
0 0.0460566 2 
0 0.0466455 2 
0 0.0480632 2 
0 0.0486076 2 
0 0.0502446 2 
0 0.0515642 2 
0 0.051826 2 
0 0.0523352 2 
0 0.0525979 2 
0 0.0531018 2 
0 0.0543521 2 
0 0.0553327 2 
0 0.0555721 2 
0 0.0562966 2 
0 0.0572403 2 
0 0.0590873 2 
0 0.0590874 2 
0 0.0613159 2 
0 0.0617541 2 
0 0.0619781 2 
0 0.0619781 2 
0 0.0626241 2 
0 0.0677674 2 
0 0.0679645 2 
0 0.0679664 2 
0 0.0685545 2 
0 0.0685635 2 
0 0.0701055 2 
0 0.0714391 2 
0 0.0716274 2 
0 0.0758117 2 
0 0.0759926 2 
0 0.0791063 2 
0 0.0794464 2 
0 0.0799504 2 
0 0.0802853 2 
0 0.084524 2 
0 0.0882573 2 
0 0.0913922 2 
0 0.0919723 2 
0 0.0942755 2 
0 0.0947026 2 
0 0.0952753 2 
0 0.108327 2 
0 0.11187 2 
0 0.116921 2 
0 0.123723 2 
0 0.125775 2 
0 0.131104 2 
0 0.13334 2 
0 0.135136 2 
0 0.137892 2 
0 0.142866 2 
0 0.144176 2 
0 0.145292 2 
0 0.149033 2 
0 0.153996 2 
0 0.160155 2 
0 0.16769 2 
0 0.181738 2 
0 0.205859 2 
0 0.206835 2 
0 0.214612 2 
0 0.21931 2 
0 0.220717 2 
0 0.220957 2 
0 0.237594 2 
0 0.291227 2 
0 0.301245 2 
0 0.305825 2 
0 0.315544 2 
0 0.322046 2 
0 0.325605 2 
0 0.333719 2 
0 0.337839 2 
0 0.340545 2 
0 0.382956 2 
0 0.387072 2 
0 0.393938 2 
0 0.395564 2 
0 0.399075 2 
0 0.40376 2 
0 0.40987 2 
0 0.426177 2 
0 0.426177 2 
0 0.918046 2 
0 1.25235 2 
0 1.26731 2 
0 1.60061 2 
0 1.63671 2 
0 2.19094 2 
0 2.20585 2 
0 3.4771 2 
0 3.99907 2 
0 4.23912 2 
0 4.4667 2 
0 4.55783 2 
0 5.11993 2 
0 5.51796 2 
0 5.52864 2 
0 5.74586 2 
0 inf 2 
0 0.022589 3 
0 0.0264263 3 
0 0.0310947 3 
0 0.0315205 3 
0 0.0351457 3 
0 0.0366445 3 
0 0.0370135 3 
0 0.0380829 3 
0 0.0380841 3 
0 0.0380909 3 
0 0.0433564 3 
0 0.0439726 3 
0 0.044577 3 
0 0.0448867 3 
0 0.0457621 3 
0 0.0460588 3 
0 0.046642 3 
0 0.0494371 3 
0 0.0533605 3 
0 0.0541105 3 
0 0.0543523 3 
0 0.054604 3 
0 0.0555752 3 
0 0.0558191 3 
0 0.0562858 3 
0 0.0562949 3 
0 0.0577036 3 
0 0.0581639 3 
0 0.058173 3 
0 0.058174 3 
0 0.0590979 3 
0 0.0595438 3 
0 0.0599815 3 
0 0.0599862 3 
0 0.0602137 3 
0 0.0604343 3 
0 0.0608836 3 
0 0.0624137 3 
0 0.0626241 3 
0 0.062838 3 
0 0.0636871 3 
0 0.0647262 3 
0 0.0653435 3 
0 0.0667707 3 
0 0.0675719 3 
0 0.0693366 3 
0 0.0701052 3 
0 0.0701067 3 
0 0.0706783 3 
0 0.0706821 3 
0 0.0832388 3 
0 0.083239 3 
0 0.0840425 3 
0 0.0840425 3 
0 0.0871731 3 
0 0.0912424 3 
0 0.0963999 3 
0 0.0969529 3 
0 0.106964 3 
0 0.107087 3 
0 0.11005 3 
0 0.122747 3 
0 0.131309 3 
0 0.131824 3 
0 0.132125 3 
0 0.134141 3 
0 0.138089 3 
0 0.153897 3 
0 0.165258 3 
0 0.168556 3 
0 0.169113 3 
0 0.169509 3 
0 0.169993 3 
0 0.170625 3 
0 0.180637 3 
0 0.186203 3 
0 0.186851 3 
0 0.202962 3 
0 0.239177 3 
0 0.250423 3 
0 0.254256 3 
0 0.258008 3 
0 0.260484 3 
0 0.276909 3 
0 0.28214 3 
0 0.283544 3 
0 0.283782 3 
0 0.302912 3 
0 0.306959 3 
0 0.320333 3 
0 0.326132 3 
0 0.326294 3 
0 0.32827 3 
0 0.345576 3 
0 0.3465 3 
0 0.363942 3 
0 0.377063 3 
0 0.380573 3 
0 0.382774 3 
0 0.386362 3 
0 0.392236 3 
0 0.403529 3 
0 0.416169 3 
0 0.420061 3 
0 0.884625 3 
0 0.912469 3 
0 1.47204 3 
0 1.57344 3 
0 1.60724 3 
0 1.7702 3 
0 2.01949 3 
0 2.74788 3 
0 2.86576 3 
0 2.87707 3 
0 2.87855 3 
0 2.88307 3 
0 3.00233 3 
0 3.01796 3 
0 3.01838 3 
0 4.25068 3 
0 5.07486 3 
0 5.09423 3 
0 5.09453 3 
0 inf 3 
0 0.0179497 4 
0 0.0213674 4 
0 0.0219887 4 
0 0.0310952 4 
0 0.0315251 4 
0 0.0327753 4 
0 0.0339811 4 
0 0.0351528 4 
0 0.0351534 4 
0 0.0394725 4 
0 0.0398101 4 
0 0.042418 4 
0 0.0433653 4 
0 0.0433667 4 
0 0.0445833 4 
0 0.0448785 4 
0 0.0457671 4 
0 0.0457712 4 
0 0.0466402 4 
0 0.0472085 4 
0 0.0472085 4 
0 0.0472096 4 
0 0.0472177 4 
0 0.0553351 4 
0 0.0560545 4 
0 0.0560571 4 
0 0.0565337 4 
0 0.0572394 4 
0 0.0572405 4 
0 0.0588643 4 
0 0.0604298 4 
0 0.0608785 4 
0 0.0617538 4 
0 0.0626216 4 
0 0.0632595 4 
0 0.0634744 4 
0 0.0643159 4 
0 0.0667738 4 
0 0.0679656 4 
0 0.067966 4 
0 0.0689482 4 
0 0.0710576 4 
0 0.0794389 4 
0 0.0814467 4 
0 0.085784 4 
0 0.0894612 4 
0 0.0970937 4 
0 0.0985979 4 
0 0.104413 4 
0 0.11151 4 
0 0.114363 4 
0 0.115764 4 
0 0.117149 4 
0 0.121539 4 
0 0.132332 4 
0 0.132332 4 
0 0.132531 4 
0 0.133845 4 
0 0.136129 4 
0 0.137307 4 
0 0.138281 4 
0 0.140496 4 
0 0.168963 4 
0 0.176352 4 
0 0.181296 4 
0 0.183942 4 
0 0.184816 4 
0 0.208393 4 
0 0.219746 4 
0 0.237227 4 
0 0.242072 4 
0 0.245406 4 
0 0.262107 4 
0 0.274175 4 
0 0.275777 4 
0 0.28823 4 
0 0.289042 4 
0 0.291327 4 
0 0.298927 4 
0 0.311216 4 
0 0.316338 4 
0 0.323704 4 
0 0.326186 4 
0 0.33567 4 
0 0.34525 4 
0 0.346024 4 
0 0.351605 4 
0 0.354809 4 
0 0.356169 4 
0 0.357629 4 
0 0.368284 4 
0 0.377908 4 
0 0.378014 4 
0 0.38341 4 
0 0.401939 4 
0 0.721972 4 
0 0.855984 4 
0 0.933076 4 
0 1.19247 4 
0 1.5583 4 
0 1.57922 4 
0 1.61457 4 
0 1.6328 4 
0 1.72185 4 
0 1.80036 4 
0 1.8015 4 
0 1.80954 4 
0 2.21093 4 
0 2.23465 4 
0 2.23469 4 
0 2.23493 4 
0 3.13821 4 
0 3.1397 4 
0 3.13971 4 
0 3.14093 4 
0 3.16486 4 
0 3.16581 4 
0 3.16946 4 
0 3.19496 4 
0 inf 4 
0 0.0248591 5 
0 0.032367 5 
0 0.0347619 5 
0 0.0370108 5 
0 0.0384284 5 
0 0.0398144 5 
0 0.042101 5 
0 0.0424221 5 
0 0.0445805 5 
0 0.0460583 5 
0 0.0472109 5 
0 0.0480571 5 
0 0.04944 5 
0 0.0502428 5 
0 0.0518215 5 
0 0.0520732 5 
0 0.055575 5 
0 0.0555807 5 
0 0.0560543 5 
0 0.056295 5 
0 0.056295 5 
0 0.0563011 5 
0 0.0570023 5 
0 0.0570054 5 
0 0.0577069 5 
0 0.0581774 5 
0 0.0581788 5 
0 0.0581824 5 
0 0.0584018 5 
0 0.0584092 5 
0 0.0597616 5 
0 0.0599844 5 
0 0.0621891 5 
0 0.0626177 5 
0 0.0669721 5 
0 0.0683698 5 
0 0.0687498 5 
0 0.0758087 5 
0 0.078765 5 
0 0.0792756 5 
0 0.0837223 5 
0 0.084522 5 
0 0.0906514 5 
0 0.0912436 5 
0 0.092121 5 
0 0.0925637 5 
0 0.0968084 5 
0 0.110416 5 
0 0.111264 5 
0 0.115175 5 
0 0.11953 5 
0 0.13384 5 
0 0.143059 5 
0 0.14557 5 
0 0.147039 5 
0 0.148579 5 
0 0.166235 5 
0 0.166477 5 
0 0.175967 5 
0 0.193794 5 
0 0.200042 5 
0 0.203027 5 
0 0.267799 5 
0 0.274858 5 
0 0.276321 5 
0 0.27705 5 
0 0.278068 5 
0 0.280565 5 
0 0.282084 5 
0 0.282853 5 
0 0.294384 5 
0 0.294384 5 
0 0.317043 5 
0 0.317357 5 
0 0.32022 5 
0 0.323838 5 
0 0.33016 5 
0 0.335606 5 
0 0.33833 5 
0 0.338671 5 
0 0.338846 5 
0 0.342747 5 
0 0.366957 5 
0 0.381202 5 
0 0.381906 5 
0 0.382573 5 
0 0.393026 5 
0 0.771369 5 
0 0.853253 5 
0 0.928225 5 
0 1.14934 5 
0 1.33452 5 
0 1.5382 5 
0 1.58072 5 
0 1.61059 5 
0 1.72272 5 
0 1.72397 5 
0 1.72677 5 
0 1.72718 5 
0 2.26767 5 
0 2.26858 5 
0 2.26862 5 
0 2.27054 5 
0 2.3186 5 
0 2.35834 5 
0 2.36039 5 
0 2.36344 5 
0 2.55862 5 
0 2.55875 5 
0 2.55906 5 
0 2.56158 5 
0 2.66426 5 
0 2.70745 5 
0 2.70928 5 
0 2.74614 5 
0 inf 5 
0 0.0163874 6 
0 0.0259071 6 
0 0.0297742 6 
0 0.0366451 6 
0 0.0366458 6 
0 0.0451799 6 
0 0.0457697 6 
0 0.0457699 6 
0 0.0469312 6 
0 0.048057 6 
0 0.0491658 6 
0 0.0510422 6 
0 0.0525931 6 
0 0.0543453 6 
0 0.0558154 6 
0 0.0562975 6 
0 0.0565395 6 
0 0.0579394 6 
0 0.058406 6 
0 0.0590849 6 
0 0.0597626 6 
0 0.0617578 6 
0 0.0617591 6 
0 0.0636824 6 
0 0.0641022 6 
0 0.0659632 6 
0 0.0683615 6 
0 0.0691377 6 
0 0.0729186 6 
0 0.073837 6 
0 0.074199 6 
0 0.0777407 6 
0 0.078417 6 
0 0.0851569 6 
0 0.0873324 6 
0 0.0990076 6 
0 0.0994143 6 
0 0.103252 6 
0 0.10403 6 
0 0.107212 6 
0 0.112107 6 
0 0.118742 6 
0 0.126732 6 
0 0.129248 6 
0 0.12956 6 
0 0.136517 6 
0 0.144635 6 
0 0.145732 6 
0 0.148673 6 
0 0.150467 6 
0 0.155384 6 
0 0.161768 6 
0 0.166078 6 
0 0.198624 6 
0 0.198627 6 
0 0.225754 6 
0 0.228591 6 
0 0.23684 6 
0 0.254643 6 
0 0.262481 6 
0 0.265464 6 
0 0.266242 6 
0 0.269053 6 
0 0.270129 6 
0 0.270276 6 
0 0.292149 6 
0 0.294121 6 
0 0.2968 6 
0 0.316256 6 
0 0.316976 6 
0 0.318077 6 
0 0.3197 6 
0 0.326156 6 
0 0.337209 6 
0 0.337566 6 
0 0.361223 6 
0 0.366574 6 
0 0.367452 6 
0 0.454511 6 
0 0.820986 6 
0 0.829472 6 
0 0.955587 6 
0 0.976196 6 
0 0.988751 6 
0 1.03283 6 
0 1.11213 6 
0 1.24086 6 
0 1.25081 6 
0 1.25292 6 
0 1.25292 6 
0 1.28988 6 
0 1.52355 6 
0 1.53084 6 
0 1.55185 6 
0 1.5567 6 
0 1.55766 6 
0 1.56168 6 
0 1.60025 6 
0 1.60748 6 
0 2.173 6 
0 2.17852 6 
0 2.17907 6 
0 2.24126 6 
0 2.24317 6 
0 2.24322 6 
0 2.24473 6 
0 2.25326 6 
0 2.59045 6 
0 2.59074 6 
0 2.59161 6 
0 2.59583 6 
0 inf 6 
0 0.022586 7 
0 0.0339798 7 
0 0.0362748 7 
0 0.0404801 7 
0 0.0404801 7 
0 0.0424204 7 
0 0.0424247 7 
0 0.0457657 7 
0 0.0460626 7 
0 0.0463491 7 
0 0.0513056 7 
0 0.055327 7 
0 0.0581693 7 
0 0.059089 7 
0 0.0617563 7 
0 0.0632613 7 
0 0.0643093 7 
0 0.0657601 7 
0 0.066166 7 
0 0.0673729 7 
0 0.0697182 7 
0 0.0710632 7 
0 0.0802821 7 
0 0.0811041 7 
0 0.0814451 7 
0 0.0819374 7 
0 0.0834062 7 
0 0.0859384 7 
0 0.0868696 7 
0 0.0890106 7 
0 0.0890138 7 
0 0.0925491 7 
0 0.0941104 7 
0 0.0947023 7 
0 0.0985952 7 
0 0.0987318 7 
0 0.100751 7 
0 0.102735 7 
0 0.107841 7 
0 0.115996 7 
0 0.116693 7 
0 0.142207 7 
0 0.14258 7 
0 0.143186 7 
0 0.167292 7 
0 0.168252 7 
0 0.182121 7 
0 0.183224 7 
0 0.19807 7 
0 0.202363 7 
0 0.204556 7 
0 0.226799 7 
0 0.232125 7 
0 0.236752 7 
0 0.240411 7 
0 0.243464 7 
0 0.269331 7 
0 0.26965 7 
0 0.279033 7 
0 0.313978 7 
0 0.316326 7 
0 0.324012 7 
0 0.328202 7 
0 0.33063 7 
0 0.330852 7 
0 0.333179 7 
0 0.352567 7 
0 0.370067 7 
0 0.378675 7 
0 0.383606 7 
0 0.399749 7 
0 0.784983 7 
0 0.785531 7 
0 0.79415 7 
0 0.858196 7 
0 0.882284 7 
0 0.890992 7 
0 0.919954 7 
0 0.929193 7 
0 0.993798 7 
0 1.0388 7 
0 1.1886 7 
0 1.19317 7 
0 1.20392 7 
0 1.24977 7 
0 1.25505 7 
0 1.38036 7 
0 1.46776 7 
0 1.49382 7 
0 1.50253 7 
0 1.52061 7 
0 1.52076 7 
0 1.52182 7 
0 1.52467 7 
0 1.53126 7 
0 1.53363 7 
0 1.55389 7 
0 1.57545 7 
0 1.61511 7 
0 1.84984 7 
0 1.85228 7 
0 1.85369 7 
0 1.85401 7 
0 2.29646 7 
0 2.2965 7 
0 2.29849 7 
0 2.29856 7 
0 inf 7 
0 0.0155499 8 
0 0.0288541 8 
0 0.0335841 8 
0 0.0339848 8 
0 0.0362763 8 
0 0.0391317 8 
0 0.0430444 8 
0 0.0436733 8 
0 0.0641026 8 
0 0.0683616 8 
0 0.0697217 8 
0 0.0710597 8 
0 0.0745616 8 
0 0.0749236 8 
0 0.0756318 8 
0 0.0766918 8 
0 0.0812762 8 
0 0.09005 8 
0 0.0919775 8 
0 0.0925575 8 
0 0.0931356 8 
0 0.0932828 8 
0 0.0959452 8 
0 0.0959722 8 
0 0.0969547 8 
0 0.0977811 8 
0 0.10075 8 
0 0.102731 8 
0 0.103898 8 
0 0.104541 8 
0 0.110535 8 
0 0.116343 8 
0 0.119864 8 
0 0.129769 8 
0 0.132227 8 
0 0.143602 8 
0 0.144273 8 
0 0.144493 8 
0 0.1464 8 
0 0.147296 8 
0 0.147497 8 
0 0.151445 8 
0 0.186498 8 
0 0.199505 8 
0 0.200915 8 
0 0.209741 8 
0 0.227693 8 
0 0.22787 8 
0 0.257367 8 
0 0.2623 8 
0 0.267683 8 
0 0.276505 8 
0 0.298375 8 
0 0.303192 8 
0 0.311898 8 
0 0.312108 8 
0 0.312544 8 
0 0.315939 8 
0 0.33133 8 
0 0.332907 8 
0 0.372289 8 
0 0.37459 8 
0 0.465818 8 
0 0.677484 8 
0 0.765371 8 
0 0.776675 8 
0 0.848801 8 
0 0.856532 8 
0 0.859115 8 
0 0.904261 8 
0 0.904267 8 
0 0.92337 8 
0 0.961099 8 
0 0.969666 8 
0 0.980331 8 
0 1.01292 8 
0 1.11294 8 
0 1.14352 8 
0 1.19949 8 
0 1.20016 8 
0 1.20172 8 
0 1.20173 8 
0 1.20569 8 
0 1.21468 8 
0 1.43358 8 
0 1.44075 8 
0 1.52116 8 
0 1.5212 8 
0 1.52361 8 
0 1.52372 8 
0 1.52446 8 
0 1.59584 8 
0 1.59587 8 
0 1.59637 8 
0 1.60606 8 
0 1.61468 8 
0 1.61831 8 
0 1.62587 8 
0 1.64735 8 
0 1.64735 8 
0 1.65178 8 
0 1.67266 8 
0 1.87931 8 
0 inf 8 
0 0.0448879 9 
0 0.06175 9 
0 0.0619769 9 
0 0.0649226 9 
0 0.0651417 9 
0 0.0653444 9 
0 0.0653492 9 
0 0.0667722 9 
0 0.067369 9 
0 0.0675707 9 
0 0.0721756 9 
0 0.0725531 9 
0 0.0741994 9 
0 0.084995 9 
0 0.0851238 9 
0 0.0862448 9 
0 0.0874903 9 
0 0.0900552 9 
0 0.0932783 9 
0 0.0962561 9 
0 0.105418 9 
0 0.106076 9 
0 0.109437 9 
0 0.111393 9 
0 0.114249 9 
0 0.117035 9 
0 0.118375 9 
0 0.131201 9 
0 0.132635 9 
0 0.135832 9 
0 0.137114 9 
0 0.139481 9 
0 0.145291 9 
0 0.152861 9 
0 0.161651 9 
0 0.176429 9 
0 0.182816 9 
0 0.186887 9 
0 0.201379 9 
0 0.222223 9 
0 0.226058 9 
0 0.256269 9 
0 0.268085 9 
0 0.281644 9 
0 0.283357 9 
0 0.31061 9 
0 0.310825 9 
0 0.315558 9 
0 0.331631 9 
0 0.333569 9 
0 0.336853 9 
0 0.34636 9 
0 0.35749 9 
0 0.360484 9 
0 0.370957 9 
0 0.611113 9 
0 0.622288 9 
0 0.8056 9 
0 0.808547 9 
0 0.820415 9 
0 0.824569 9 
0 0.84312 9 
0 0.845791 9 
0 0.847931 9 
0 0.85451 9 
0 0.857193 9 
0 0.86202 9 
0 0.933936 9 
0 0.965428 9 
0 0.966318 9 
0 0.977823 9 
0 0.983997 9 
0 1.00984 9 
0 1.03506 9 
0 1.05358 9 
0 1.14189 9 
0 1.1492 9 
0 1.1982 9 
0 1.19828 9 
0 1.24892 9 
0 1.28322 9 
0 1.28373 9 
0 1.35651 9 
0 1.35666 9 
0 1.52458 9 
0 1.52458 9 
0 1.53451 9 
0 1.55992 9 
0 1.56033 9 
0 1.56898 9 
0 1.5697 9 
0 1.57861 9 
0 1.59054 9 
0 1.59054 9 
0 1.60762 9 
0 1.61175 9 
0 1.61402 9 
0 1.61405 9 
0 1.61458 9 
0 inf 9 
0 0.0411341 10 
0 0.0469316 10 
0 0.0550896 10 
0 0.0574652 10 
0 0.0628353 10 
0 0.0677698 10 
0 0.0679342 10 
0 0.0693321 10 
0 0.0706769 10 
0 0.0743767 10 
0 0.0797798 10 
0 0.0804419 10 
0 0.0829137 10 
0 0.0976385 10 
0 0.106963 10 
0 0.107838 10 
0 0.108189 10 
0 0.116449 10 
0 0.132975 10 
0 0.13454 10 
0 0.135045 10 
0 0.138577 10 
0 0.140407 10 
0 0.140502 10 
0 0.148977 10 
0 0.165105 10 
0 0.168404 10 
0 0.192963 10 
0 0.193473 10 
0 0.199689 10 
0 0.203173 10 
0 0.24571 10 
0 0.247215 10 
0 0.249324 10 
0 0.259652 10 
0 0.267582 10 
0 0.279896 10 
0 0.279944 10 
0 0.284008 10 
0 0.287765 10 
0 0.312263 10 
0 0.319708 10 
0 0.320086 10 
0 0.323846 10 
0 0.340761 10 
0 0.353231 10 
0 0.358395 10 
0 0.361419 10 
0 0.415072 10 
0 0.452229 10 
0 0.460701 10 
0 0.460841 10 
0 0.46186 10 
0 0.773992 10 
0 0.816644 10 
0 0.823652 10 
0 0.828921 10 
0 0.829501 10 
0 0.835633 10 
0 0.850916 10 
0 0.880115 10 
0 0.886067 10 
0 0.89311 10 
0 0.908532 10 
0 0.912425 10 
0 0.912734 10 
0 0.913351 10 
0 0.914277 10 
0 0.993413 10 
0 1.00357 10 
0 1.03011 10 
0 1.04342 10 
0 1.04357 10 
0 1.07465 10 
0 1.07613 10 
0 1.18507 10 
0 1.18594 10 
0 1.24955 10 
0 1.28982 10 
0 1.29181 10 
0 1.52705 10 
0 1.5272 10 
0 1.53774 10 
0 1.53831 10 
0 1.53969 10 
0 1.57117 10 
0 1.57117 10 
0 1.57121 10 
0 1.57168 10 
0 1.57565 10 
0 1.60944 10 
0 1.61011 10 
0 1.61438 10 
0 1.632 10 
0 1.63212 10 
0 inf 10 
0 0.0442559 11 
0 0.0491065 11 
0 0.0510425 11 
0 0.0562922 11 
0 0.0597479 11 
0 0.0736554 11 
0 0.0928604 11 
0 0.0944296 11 
0 0.0945607 11 
0 0.0987038 11 
0 0.103507 11 
0 0.114604 11 
0 0.130086 11 
0 0.13721 11 
0 0.139735 11 
0 0.147041 11 
0 0.156881 11 
0 0.180044 11 
0 0.187282 11 
0 0.189337 11 
0 0.193755 11 
0 0.205342 11 
0 0.208589 11 
0 0.215025 11 
0 0.21652 11 
0 0.240742 11 
0 0.241633 11 
0 0.257967 11 
0 0.266442 11 
0 0.269181 11 
0 0.270278 11 
0 0.27057 11 
0 0.274122 11 
0 0.317383 11 
0 0.317693 11 
0 0.321139 11 
0 0.326733 11 
0 0.334201 11 
0 0.341016 11 
0 0.349524 11 
0 0.354521 11 
0 0.355653 11 
0 0.357839 11 
0 0.360914 11 
0 0.419871 11 
0 0.421403 11 
0 0.438642 11 
0 0.4723 11 
0 0.474597 11 
0 0.614754 11 
0 0.724575 11 
0 0.741719 11 
0 0.754444 11 
0 0.817468 11 
0 0.828094 11 
0 0.83033 11 
0 0.831865 11 
0 0.879909 11 
0 0.880214 11 
0 0.88087 11 
0 0.911425 11 
0 0.911579 11 
0 0.913896 11 
0 0.920359 11 
0 0.920578 11 
0 0.923025 11 
0 0.956712 11 
0 0.961686 11 
0 0.966033 11 
0 0.969057 11 
0 0.99159 11 
0 1.18347 11 
0 1.18642 11 
0 1.22122 11 
0 1.22564 11 
0 1.22578 11 
0 1.51901 11 
0 1.51933 11 
0 1.524 11 
0 1.52526 11 
0 1.52536 11 
0 1.56821 11 
0 1.56855 11 
0 1.57459 11 
0 1.57582 11 
0 1.5761 11 
0 1.6085 11 
0 1.60916 11 
0 1.61875 11 
0 1.62942 11 
0 1.63061 11 
0 inf 11 
0 0.0477833 12 
0 0.0569933 12 
0 0.0617467 12 
0 0.065512 12 
0 0.0710207 12 
0 0.0799462 12 
0 0.080949 12 
0 0.110294 12 
0 0.127265 12 
0 0.13348 12 
0 0.143245 12 
0 0.143901 12 
0 0.15993 12 
0 0.182031 12 
0 0.186621 12 
0 0.209457 12 
0 0.209905 12 
0 0.213919 12 
0 0.218889 12 
0 0.223565 12 
0 0.226963 12 
0 0.229719 12 
0 0.235945 12 
0 0.264707 12 
0 0.271633 12 
0 0.285468 12 
0 0.292288 12 
0 0.292426 12 
0 0.294298 12 
0 0.295942 12 
0 0.299773 12 
0 0.314931 12 
0 0.321793 12 
0 0.339434 12 
0 0.342746 12 
0 0.36471 12 
0 0.381449 12 
0 0.385239 12 
0 0.387531 12 
0 0.408089 12 
0 0.419485 12 
0 0.439611 12 
0 0.439885 12 
0 0.441429 12 
0 0.44395 12 
0 0.46395 12 
0 0.516962 12 
0 0.568901 12 
0 0.68389 12 
0 0.8285 12 
0 0.828743 12 
0 0.84264 12 
0 0.843219 12 
0 0.844555 12 
0 0.859693 12 
0 0.873505 12 
0 0.904627 12 
0 0.905369 12 
0 0.910112 12 
0 0.91165 12 
0 0.912602 12 
0 0.96194 12 
0 0.962121 12 
0 0.964129 12 
0 1.04301 12 
0 1.04511 12 
0 1.05018 12 
0 1.18589 12 
0 1.18657 12 
0 1.19679 12 
0 1.20001 12 
0 1.20019 12 
0 1.51955 12 
0 1.51984 12 
0 1.52082 12 
0 1.52138 12 
0 1.5218 12 
0 1.56552 12 
0 1.56786 12 
0 1.58814 12 
0 1.58815 12 
0 1.58842 12 
0 1.60809 12 
0 1.60822 12 
0 1.61943 12 
0 1.61957 12 
0 1.61973 12 
0 inf 12 
0 0.0469195 13 
0 0.0815778 13 
0 0.105948 13 
0 0.127369 13 
0 0.141963 13 
0 0.144456 13 
0 0.144963 13 
0 0.14777 13 
0 0.152176 13 
0 0.168792 13 
0 0.172562 13 
0 0.173109 13 
0 0.173805 13 
0 0.209458 13 
0 0.210688 13 
0 0.211464 13 
0 0.212326 13 
0 0.212916 13 
0 0.21298 13 
0 0.227841 13 
0 0.231987 13 
0 0.232912 13 
0 0.232979 13 
0 0.233146 13 
0 0.241572 13 
0 0.258539 13 
0 0.260521 13 
0 0.263682 13 
0 0.271285 13 
0 0.2771 13 
0 0.297605 13 
0 0.319843 13 
0 0.321728 13 
0 0.328198 13 
0 0.32857 13 
0 0.337134 13 
0 0.369469 13 
0 0.372797 13 
0 0.376522 13 
0 0.3964 13 
0 0.398528 13 
0 0.399033 13 
0 0.647142 13 
0 0.682854 13 
0 0.695029 13 
0 0.799896 13 
0 0.817561 13 
0 0.820175 13 
0 0.832001 13 
0 0.834064 13 
0 0.834322 13 
0 0.848548 13 
0 0.908458 13 
0 0.915038 13 
0 0.915879 13 
0 0.936108 13 
0 0.936108 13 
0 0.936578 13 
0 0.936793 13 
0 0.936797 13 
0 1.09017 13 
0 1.0902 13 
0 1.09375 13 
0 1.18343 13 
0 1.1904 13 
0 1.2491 13 
0 1.24929 13 
0 1.24933 13 
0 1.5191 13 
0 1.52143 13 
0 1.54239 13 
0 1.54244 13 
0 1.54253 13 
0 1.5674 13 
0 1.56881 13 
0 1.58876 13 
0 1.58941 13 
0 1.59088 13 
0 1.60727 13 
0 1.60727 13 
0 1.61147 13 
0 1.61161 13 
0 1.61173 13 
0 inf 13 
0 0.0424053 14 
0 0.0649321 14 
0 0.0667626 14 
0 0.0860995 14 
0 0.128315 14 
0 0.137993 14 
0 0.141166 14 
0 0.178833 14 
0 0.180625 14 
0 0.183739 14 
0 0.189691 14 
0 0.19082 14 
0 0.194734 14 
0 0.207719 14 
0 0.207719 14 
0 0.210352 14 
0 0.210799 14 
0 0.219748 14 
0 0.223856 14 
0 0.231647 14 
0 0.23957 14 
0 0.241636 14 
0 0.243847 14 
0 0.247293 14 
0 0.257275 14 
0 0.266393 14 
0 0.275749 14 
0 0.292926 14 
0 0.314645 14 
0 0.326679 14 
0 0.335379 14 
0 0.336094 14 
0 0.338831 14 
0 0.367874 14 
0 0.368421 14 
0 0.375485 14 
0 0.375807 14 
0 0.378625 14 
0 0.381022 14 
0 0.384215 14 
0 0.567557 14 
0 0.750183 14 
0 0.814078 14 
0 0.827353 14 
0 0.841791 14 
0 0.847058 14 
0 0.847938 14 
0 0.858942 14 
0 0.85927 14 
0 0.88125 14 
0 0.912866 14 
0 0.913044 14 
0 0.914277 14 
0 0.927562 14 
0 0.92762 14 
0 0.929832 14 
0 0.933392 14 
0 1.14478 14 
0 1.14616 14 
0 1.14657 14 
0 1.18743 14 
0 1.20003 14 
0 1.32616 14 
0 1.32965 14 
0 1.32997 14 
0 1.52039 14 
0 1.52293 14 
0 1.54402 14 
0 1.54444 14 
0 1.54444 14 
0 1.56604 14 
0 1.57054 14 
0 1.57554 14 
0 1.57562 14 
0 1.57568 14 
0 1.60765 14 
0 1.61242 14 
0 1.61266 14 
0 1.61269 14 
0 inf 14 
0 0.0200317 15 
0 0.0219492 15 
0 0.0225567 15 
0 0.029743 15 
0 0.0327726 15 
0 0.0683695 15 
0 0.0738338 15 
0 0.111378 15 
0 0.133549 15 
0 0.134751 15 
0 0.137024 15 
0 0.138583 15 
0 0.16481 15 
0 0.173592 15 
0 0.184684 15 
0 0.187265 15 
0 0.188193 15 
0 0.203283 15 
0 0.203811 15 
0 0.217659 15 
0 0.236727 15 
0 0.237577 15 
0 0.249884 15 
0 0.256651 15 
0 0.26003 15 
0 0.267685 15 
0 0.26875 15 
0 0.281663 15 
0 0.315939 15 
0 0.317602 15 
0 0.318917 15 
0 0.320295 15 
0 0.3213 15 
0 0.331987 15 
0 0.381592 15 
0 0.381768 15 
0 0.382331 15 
0 0.385966 15 
0 0.386298 15 
0 0.620397 15 
0 0.859738 15 
0 0.865814 15 
0 0.869498 15 
0 0.890408 15 
0 0.899884 15 
0 0.900974 15 
0 0.909994 15 
0 0.926532 15 
0 0.926532 15 
0 0.926879 15 
0 0.92701 15 
0 0.940477 15 
0 0.949194 15 
0 0.957939 15 
0 0.957939 15 
0 1.00002 15 
0 1.01838 15 
0 1.01854 15 
0 1.19702 15 
0 1.23752 15 
0 1.24195 15 
0 1.24203 15 
0 1.52189 15 
0 1.52607 15 
0 1.52783 15 
0 1.52784 15 
0 1.56634 15 
0 1.57592 15 
0 1.57592 15 
0 1.57615 15 
0 1.57669 15 
0 1.60909 15 
0 1.62783 15 
0 1.62869 15 
0 1.62879 15 
0 inf 15 
0 0.0577056 16 
0 0.0685492 16 
0 0.0766505 16 
0 0.0800753 16 
0 0.081447 16 
0 0.096812 16 
0 0.0987304 16 
0 0.105029 16 
0 0.10503 16 
0 0.122525 16 
0 0.130117 16 
0 0.13022 16 
0 0.132631 16 
0 0.134745 16 
0 0.136661 16 
0 0.136918 16 
0 0.137152 16 
0 0.143809 16 
0 0.15038 16 
0 0.162152 16 
0 0.213537 16 
0 0.213851 16 
0 0.214853 16 
0 0.217277 16 
0 0.282748 16 
0 0.286502 16 
0 0.31382 16 
0 0.314295 16 
0 0.334439 16 
0 0.382772 16 
0 0.382772 16 
0 0.384137 16 
0 0.386333 16 
0 0.39563 16 
0 0.403905 16 
0 0.404104 16 
0 0.404137 16 
0 0.519178 16 
0 0.523429 16 
0 0.743141 16 
0 0.748961 16 
0 0.768626 16 
0 0.886094 16 
0 0.901808 16 
0 0.910359 16 
0 0.920961 16 
0 0.92236 16 
0 0.928604 16 
0 0.928835 16 
0 0.928835 16 
0 0.929298 16 
0 0.94894 16 
0 0.97449 16 
0 0.974697 16 
0 1.15788 16 
0 1.19921 16 
0 1.20563 16 
0 1.20635 16 
0 1.20702 16 
0 1.52343 16 
0 1.52431 16 
0 1.5246 16 
0 1.5247 16 
0 1.57514 16 
0 1.57527 16 
0 1.57555 16 
0 1.57572 16 
0 1.61475 16 
0 1.62896 16 
0 1.63603 16 
0 1.63616 16 
0 inf 16 
0 0.0634336 17 
0 0.0685216 17 
0 0.0761473 17 
0 0.0790907 17 
0 0.0794148 17 
0 0.089296 17 
0 0.113302 17 
0 0.119417 17 
0 0.119736 17 
0 0.137051 17 
0 0.137247 17 
0 0.137929 17 
0 0.175059 17 
0 0.175748 17 
0 0.179077 17 
0 0.180273 17 
0 0.208028 17 
0 0.259447 17 
0 0.27818 17 
0 0.282015 17 
0 0.304745 17 
0 0.314833 17 
0 0.322393 17 
0 0.325195 17 
0 0.329503 17 
0 0.369897 17 
0 0.370441 17 
0 0.370441 17 
0 0.371202 17 
0 0.398832 17 
0 0.411665 17 
0 0.413455 17 
0 0.416078 17 
0 0.49128 17 
0 0.508482 17 
0 0.533929 17 
0 0.540924 17 
0 0.756888 17 
0 0.808042 17 
0 0.82212 17 
0 0.851242 17 
0 0.866603 17 
0 0.906396 17 
0 0.928511 17 
0 0.928858 17 
0 0.929798 17 
0 0.931313 17 
0 0.940151 17 
0 0.95882 17 
0 0.961952 17 
0 0.962231 17 
0 1.21935 17 
0 1.23083 17 
0 1.23198 17 
0 1.23214 17 
0 1.52905 17 
0 1.52945 17 
0 1.52958 17 
0 1.52963 17 
0 1.5794 17 
0 1.5794 17 
0 1.5794 17 
0 1.5796 17 
0 1.61081 17 
0 1.61476 17 
0 1.61596 17 
0 1.61603 17 
0 inf 17 
0 0.0752345 18 
0 0.0778659 18 
0 0.0819029 18 
0 0.129037 18 
0 0.130692 18 
0 0.132832 18 
0 0.141966 18 
0 0.144589 18 
0 0.145053 18 
0 0.203833 18 
0 0.228613 18 
0 0.229083 18 
0 0.256531 18 
0 0.259393 18 
0 0.259393 18 
0 0.269234 18 
0 0.270032 18 
0 0.271964 18 
0 0.314191 18 
0 0.314191 18 
0 0.314191 18 
0 0.320005 18 
0 0.344736 18 
0 0.347874 18 
0 0.348486 18 
0 0.351287 18 
0 0.351441 18 
0 0.353199 18 
0 0.356793 18 
0 0.385722 18 
0 0.650509 18 
0 0.678081 18 
0 0.807173 18 
0 0.82258 18 
0 0.841463 18 
0 0.84433 18 
0 0.867058 18 
0 0.875609 18 
0 0.887614 18 
0 0.926371 18 
0 0.926501 18 
0 0.926501 18 
0 0.929034 18 
0 0.982009 18 
0 1.00739 18 
0 1.00751 18 
0 1.00792 18 
0 1.23776 18 
0 1.24902 18 
0 1.24902 18 
0 1.25022 18 
0 1.52962 18 
0 1.53409 18 
0 1.53411 18 
0 1.53479 18 
0 1.57789 18 
0 1.5781 18 
0 1.5783 18 
0 1.58288 18 
0 1.6099 18 
0 1.61017 18 
0 1.61029 18 
0 1.61043 18 
0 inf 18 
0 0.0941392 19 
0 0.100886 19 
0 0.107959 19 
0 0.133723 19 
0 0.137584 19 
0 0.13846 19 
0 0.147674 19 
0 0.14849 19 
0 0.148884 19 
0 0.148884 19 
0 0.149571 19 
0 0.150765 19 
0 0.197135 19 
0 0.207941 19 
0 0.208265 19 
0 0.210954 19 
0 0.211779 19 
0 0.230774 19 
0 0.25981 19 
0 0.260016 19 
0 0.260275 19 
0 0.262922 19 
0 0.265415 19 
0 0.265415 19 
0 0.26703 19 
0 0.273731 19 
0 0.311961 19 
0 0.311962 19 
0 0.312649 19 
0 0.336563 19 
0 0.336763 19 
0 0.337042 19 
0 0.705455 19 
0 0.838351 19 
0 0.842437 19 
0 0.843154 19 
0 0.914405 19 
0 0.915277 19 
0 0.915277 19 
0 0.915644 19 
0 0.919325 19 
0 1.0503 19 
0 1.05157 19 
0 1.05219 19 
0 1.25938 19 
0 1.25964 19 
0 1.25994 19 
0 1.26793 19 
0 1.5326 19 
0 1.53268 19 
0 1.5329 19 
0 1.53952 19 
0 1.57553 19 
0 1.5758 19 
0 1.5758 19 
0 1.60825 19 
0 1.60849 19 
0 1.60966 19 
0 3.93687 19 
0 inf 19 
0 0.080451 20 
0 0.0811144 20 
0 0.084995 20 
0 0.107957 20 
0 0.108454 20 
0 0.109317 20 
0 0.111506 20 
0 0.115298 20 
0 0.122854 20 
0 0.142961 20 
0 0.147127 20 
0 0.166318 20 
0 0.186272 20 
0 0.195727 20 
0 0.195796 20 
0 0.198628 20 
0 0.199059 20 
0 0.199438 20 
0 0.201847 20 
0 0.207233 20 
0 0.261754 20 
0 0.263246 20 
0 0.263501 20 
0 0.264519 20 
0 0.267029 20 
0 0.268234 20 
0 0.268833 20 
0 0.316025 20 
0 0.316153 20 
0 0.316195 20 
0 0.324262 20 
0 0.326944 20 
0 0.330031 20 
0 0.33064 20 
0 0.331614 20 
0 0.857929 20 
0 0.869332 20 
0 0.880517 20 
0 0.908576 20 
0 0.909152 20 
0 0.909462 20 
0 0.961268 20 
0 1.00034 20 
0 1.00038 20 
0 1.25079 20 
0 1.25101 20 
0 1.53992 20 
0 1.54041 20 
0 1.57518 20 
0 1.57518 20 
0 1.57535 20 
0 1.61359 20 
0 1.61359 20 
0 1.61945 20 
0 1.6208 20 
0 inf 20 
