6.75894 9.64472 1 
0.55211 1.52677 1 
0.265699 0.277988 1 
0.217544 0.232109 1 
0.212793 0.241043 1 
0.172438 0.173308 1 
0.165329 0.24977 1 
0.120807 0.182578 1 
0.111652 0.120692 1 
0.105237 0.118526 1 
0.102878 0.105497 1 
0.0853379 0.0853383 1 
0.0850179 0.0866094 1 
0.0827426 0.0842195 1 
0.0733082 0.0764051 1 
0.0690964 0.0753297 1 
0.0658598 0.0664743 1 
0.0637551 0.0643922 1 
0.0606896 0.0666798 1 
0.0576886 0.0635386 1 
0.0498227 0.0506373 1 
0.0404559 0.0411243 1 
7.27611 7.29682 2 
5.8394 7.44708 2 
0.477506 1.9638 2 
0.279317 0.280966 2 
0.258412 0.259203 2 
0.253613 0.254527 2 
0.251565 0.269979 2 
0.251509 0.29257 2 
0.248727 0.264923 2 
0.247794 0.260564 2 
0.23276 0.254205 2 
0.231407 0.270728 2 
0.226278 0.247461 2 
0.17941 0.268605 2 
0.130153 0.131408 2 
0.100599 0.114903 2 
0.0965875 0.0996457 2 
0.0965875 0.0984062 2 
0.0950216 0.100599 2 
0.0834023 0.0838917 2 
0.083239 0.0834025 2 
0.0588559 0.0593179 2 
0.492187 1.98156 3 
0.303153 0.313282 3 
0.292621 0.296967 3 
0.264827 0.290515 3 
0.258725 0.280479 3 
0.24911 0.278974 3 
0.248179 0.30597 3 
0.240819 0.264621 3 
0.230277 0.235426 3 
0.230277 0.240924 3 
0.230277 0.246139 3 
0.208319 0.236126 3 
0.177185 0.228377 3 
0.116904 0.132437 3 
0.113348 0.134075 3 
0.111039 0.117949 3 
0.105756 0.1064 3 
0.104974 0.112381 3 
0.0719921 0.0760461 3 
3.38909 3.53431 4 
3.38905 3.53315 4 
3.38899 3.53151 4 
1.65746 1.68723 4 
0.782066 1.69909 4 
0.31302 0.317647 4 
0.309293 0.311182 4 
0.265906 0.291686 4 
0.244524 0.247739 4 
0.238082 0.24453 4 
0.238082 0.245421 4 
0.234445 0.244084 4 
0.231636 0.234508 4 
0.21458 0.229924 4 
0.208192 0.254743 4 
0.188168 0.210216 4 
0.184955 0.196678 4 
0.166314 0.190186 4 
0.111161 0.111284 4 
0.111039 0.126647 4 
0.10614 0.111895 4 
0.10367 0.105755 4 
0.100328 0.103407 4 
0.0982672 0.106781 4 
3.28986 3.70419 5 
3.28875 3.69992 5 
3.28866 3.69868 5 
3.28831 3.69793 5 
1.47048 1.55124 5 
1.46895 1.55147 5 
1.26233 1.55664 5 
0.325584 0.328961 5 
0.322256 0.322506 5 
0.205494 0.221469 5 
0.182201 0.198951 5 
0.177653 0.193601 5 
0.143697 0.157033 5 
0.104848 0.108681 5 
0.102745 0.105497 5 
0.101544 0.129101 5 
0.100327 0.125673 5 
0.0989561 0.104979 5 
0.094738 0.0951693 5 
2.95829 2.98071 6 
2.8517 2.979 6 
2.82252 2.97846 6 
2.81217 2.97846 6 
1.39966 1.45247 6 
1.38821 1.42754 6 
1.35773 1.40156 6 
1.34394 1.43722 6 
0.255653 0.283526 6 
0.164421 0.23264 6 
0.143506 0.159277 6 
0.104848 0.11153 6 
1.28079 1.29158 7 
1.25377 1.34986 7 
1.22589 1.28493 7 
1.03201 1.30463 7 
0.303967 0.304854 7 
0.248838 0.251728 7 
0.21041 0.218919 7 
0.186125 0.187875 7 
1.52567 1.5722 8 
1.39715 1.52776 8 
1.27798 1.29828 8 
0.854146 1.14591 8 
0.240255 0.240985 8 
0.21496 0.244641 8 
0.179259 0.208325 8 
0.159361 0.159958 8 
0.15511 0.162416 8 
0.0931376 0.0999193 8 
1.61963 1.67321 9 
1.57879 1.66479 9 
1.27011 1.27706 9 
0.964968 1.01369 9 
0.895418 1.01989 9 
0.339656 0.353839 9 
0.19183 0.198192 9 
1.09737 1.10835 10 
1.08864 1.13294 10 
1.08607 1.10543 10 
0.929749 0.985187 10 
0.884067 0.911325 10 
0.351609 0.351685 10 
0.186715 0.19888 10 
0.178958 0.185838 10 
1.02348 1.11668 11 
1.01024 1.01407 11 
0.91238 0.973626 11 
1.41433 1.61638 12 
1.30109 1.33981 12 
1.30084 1.34697 12 
0.758075 0.855247 12 
0.693939 0.706675 12 
0.333532 0.339556 12 
1.53363 1.56879 13 
1.4384 1.5433 13 
1.4384 1.53973 13 
0.936203 0.942985 13 
0.908268 0.942985 13 
0.741794 0.745861 13 
0.363509 0.381982 13 
0.356041 0.428949 13 
0.334867 0.404524 13 
0.176115 0.208496 13 
0.943458 1.12366 15 
0.904095 0.957332 15 
0.860581 1.0394 15 
0.183465 0.197422 16 
0.170672 0.175673 16 
0.783743 0.784007 17 
0.766339 0.819463 17 
0.456725 0.497219 18 
0.567894 0.584044 19 
0.344513 0.418681 19 
0.339734 0.362194 19 
0.437945 0.439282 20 
