0 0.028587 1 
0 0.0299823 1 
0 0.0338246 1 
0 0.0350118 1 
0 0.03616 1 
0 0.0383535 1 
0 0.0433522 1 
0 0.0433524 1 
0 0.0442868 1 
0 0.0469709 1 
0 0.0534761 1 
0 0.0549882 1 
0 0.0564548 1 
0 0.0564548 1 
0 0.0571702 1 
0 0.0578842 1 
0 0.0592793 1 
0 0.0592793 1 
0 0.0599585 1 
0 0.0599646 1 
0 0.0606343 1 
0 0.0613081 1 
0 0.0613123 1 
0 0.0613123 1 
0 0.0613123 1 
0 0.0613123 1 
0 0.0626194 1 
0 0.06328 1 
0 0.0639225 1 
0 0.0645585 1 
0 0.0645585 1 
0 0.0664302 1 
0 0.0664302 1 
0 0.0670372 1 
0 0.0670392 1 
0 0.0670424 1 
0 0.0694323 1 
0 0.069437 1 
0 0.0694376 1 
0 0.0700235 1 
0 0.0706047 1 
0 0.0706047 1 
0 0.0711759 1 
0 0.0728766 1 
0 0.0734339 1 
0 0.0734413 1 
0 0.0745458 1 
0 0.0756245 1 
0 0.0756286 1 
0 0.0756293 1 
0 0.0761671 1 
0 0.0766987 1 
0 0.0803493 1 
0 0.0808482 1 
0 0.0808498 1 
0 0.0823495 1 
0 0.0823583 1 
0 0.0828442 1 
0 0.0833328 1 
0 0.0857568 1 
0 0.090389 1 
0 0.0903916 1 
0 0.0903916 1 
0 0.0921818 1 
0 0.092182 1 
0 0.0921832 1 
0 0.0926246 1 
0 0.096089 1 
0 0.100663 1 
0 0.105028 1 
0 0.105804 1 
0 0.113988 1 
0 0.115052 1 
0 0.118551 1 
0 0.119917 1 
0 0.123606 1 
0 0.124925 1 
0 0.12911 1 
0 0.13254 1 
0 0.14062 1 
0 0.143499 1 
0 0.146592 1 
0 0.147706 1 
0 0.15072 1 
0 0.16043 1 
0 0.164453 1 
0 0.169834 1 
0 0.171271 1 
0 0.172936 1 
0 0.176211 1 
0 0.192813 1 
0 0.197009 1 
0 0.201721 1 
0 0.256949 1 
0 0.264004 1 
0 0.267083 1 
0 0.267844 1 
0 0.276847 1 
0 0.28968 1 
0 0.311308 1 
0 0.313913 1 
0 0.326676 1 
0 0.329536 1 
0 0.346216 1 
0 0.369733 1 
0 0.391837 1 
0 0.397313 1 
0 0.444036 1 
0 0.446083 1 
0 0.488288 1 
0 0.491822 1 
0 0.515661 1 
0 0.524351 1 
0 0.528346 1 
0 0.633494 1 
0 0.656529 1 
0 0.712379 1 
0 0.820343 1 
0 0.85012 1 
0 0.860747 1 
0 0.86765 1 
0 1.0968 1 
0 1.3268 1 
0 1.67743 1 
0 2.1913 1 
0 3.01351 1 
0 3.41613 1 
0 4.40154 1 
0 4.72887 1 
0 5.01564 1 
0 5.15764 1 
0 inf 1 
0 0.03616 2 
0 0.0383535 2 
0 0.0394044 2 
0 0.0414265 2 
0 0.0460873 2 
0 0.051138 2 
0 0.0549882 2 
0 0.0549882 2 
0 0.0549882 2 
0 0.0557244 2 
0 0.0557263 2 
0 0.0564521 2 
0 0.0564548 2 
0 0.0564548 2 
0 0.0592747 2 
0 0.0592792 2 
0 0.0592793 2 
0 0.0619693 2 
0 0.0619751 2 
0 0.062631 2 
0 0.0632761 2 
0 0.063277 2 
0 0.0639222 2 
0 0.0651884 2 
0 0.0670424 2 
0 0.0670424 2 
0 0.0682472 2 
0 0.0682505 2 
0 0.0688466 2 
0 0.070021 2 
0 0.0728828 2 
0 0.0734401 2 
0 0.0739956 2 
0 0.0756314 2 
0 0.077229 2 
0 0.0782887 2 
0 0.0788026 2 
0 0.0798391 2 
0 0.0798391 2 
0 0.0803493 2 
0 0.081358 2 
0 0.0818518 2 
0 0.0823583 2 
0 0.0838258 2 
0 0.0838335 2 
0 0.0843195 2 
0 0.0857525 2 
0 0.0867086 2 
0 0.091746 2 
0 0.0926237 2 
0 0.0926259 2 
0 0.0930616 2 
0 0.0930639 2 
0 0.0948055 2 
0 0.0952355 2 
0 0.0994327 2 
0 0.0994327 2 
0 0.103854 2 
0 0.103854 2 
0 0.106187 2 
0 0.106187 2 
0 0.110338 2 
0 0.118197 2 
0 0.123943 2 
0 0.12558 2 
0 0.12942 2 
0 0.129735 2 
0 0.131615 2 
0 0.135285 2 
0 0.135892 2 
0 0.13945 2 
0 0.144912 2 
0 0.149898 2 
0 0.156825 2 
0 0.200093 2 
0 0.215052 2 
0 0.219006 2 
0 0.219383 2 
0 0.219756 2 
0 0.228148 2 
0 0.230812 2 
0 0.230818 2 
0 0.233282 2 
0 0.253588 2 
0 0.254708 2 
0 0.257896 2 
0 0.264621 2 
0 0.280079 2 
0 0.302794 2 
0 0.318178 2 
0 0.333608 2 
0 0.334573 2 
0 0.340997 2 
0 0.350441 2 
0 0.386266 2 
0 0.398089 2 
0 0.404204 2 
0 0.433023 2 
0 0.445391 2 
0 0.456913 2 
0 0.458343 2 
0 0.551906 2 
0 0.558645 2 
0 0.565587 2 
0 0.602319 2 
0 0.610098 2 
0 0.636326 2 
0 0.656465 2 
0 0.732037 2 
0 0.753425 2 
0 0.760173 2 
0 0.767404 2 
0 0.804055 2 
0 0.858453 2 
0 0.886559 2 
0 1.43301 2 
0 1.66555 2 
0 2.40411 2 
0 2.52452 2 
0 2.69732 2 
0 3.04319 2 
0 3.15271 2 
0 3.15912 2 
0 3.88889 2 
0 4.40954 2 
0 4.5365 2 
0 4.58949 2 
0 inf 2 
0 0.0338246 3 
0 0.0350118 3 
0 0.0495068 3 
0 0.0495068 3 
0 0.0527118 3 
0 0.0527118 3 
0 0.0534814 3 
0 0.05424 3 
0 0.0549882 3 
0 0.0549882 3 
0 0.0557263 3 
0 0.057174 3 
0 0.057174 3 
0 0.0578842 3 
0 0.0592792 3 
0 0.0613122 3 
0 0.0613123 3 
0 0.0645501 3 
0 0.0645501 3 
0 0.0670416 3 
0 0.0676411 3 
0 0.0688466 3 
0 0.0706047 3 
0 0.0728828 3 
0 0.0734364 3 
0 0.0739929 3 
0 0.0739939 3 
0 0.0739956 3 
0 0.0756305 3 
0 0.077765 3 
0 0.0782887 3 
0 0.0798387 3 
0 0.0803441 3 
0 0.08136 3 
0 0.0833399 3 
0 0.0862286 3 
0 0.0871726 3 
0 0.0871786 3 
0 0.0881036 3 
0 0.0885646 3 
0 0.0903948 3 
0 0.0912995 3 
0 0.092622 3 
0 0.0930621 3 
0 0.101468 3 
0 0.102267 3 
0 0.105028 3 
0 0.106187 3 
0 0.108095 3 
0 0.108473 3 
0 0.112172 3 
0 0.115049 3 
0 0.116812 3 
0 0.117508 3 
0 0.127836 3 
0 0.13739 3 
0 0.13739 3 
0 0.14826 3 
0 0.148531 3 
0 0.153667 3 
0 0.1589 3 
0 0.171747 3 
0 0.224164 3 
0 0.233806 3 
0 0.234678 3 
0 0.241037 3 
0 0.244063 3 
0 0.246401 3 
0 0.246566 3 
0 0.249859 3 
0 0.250014 3 
0 0.250181 3 
0 0.250182 3 
0 0.264311 3 
0 0.269513 3 
0 0.279642 3 
0 0.281091 3 
0 0.281385 3 
0 0.321682 3 
0 0.332629 3 
0 0.341472 3 
0 0.34986 3 
0 0.352309 3 
0 0.359418 3 
0 0.364279 3 
0 0.384147 3 
0 0.387091 3 
0 0.388359 3 
0 0.4136 3 
0 0.414982 3 
0 0.429966 3 
0 0.469217 3 
0 0.480331 3 
0 0.528056 3 
0 0.558352 3 
0 0.64568 3 
0 0.647704 3 
0 0.65549 3 
0 0.666042 3 
0 0.681491 3 
0 0.682641 3 
0 0.687472 3 
0 0.696141 3 
0 0.696141 3 
0 0.717367 3 
0 0.853969 3 
0 0.855746 3 
0 1.16391 3 
0 1.29287 3 
0 1.55854 3 
0 1.97514 3 
0 2.16391 3 
0 2.1676 3 
0 2.3507 3 
0 2.35925 3 
0 2.35944 3 
0 2.42212 3 
0 2.4306 3 
0 2.43186 3 
0 3.53217 3 
0 4.02346 3 
0 4.0789 3 
0 4.08773 3 
0 inf 3 
0 0.028587 4 
0 0.0299823 4 
0 0.0394044 4 
0 0.0478352 4 
0 0.0495141 4 
0 0.0503285 4 
0 0.0503326 4 
0 0.0519277 4 
0 0.0519294 4 
0 0.0519308 4 
0 0.0519309 4 
0 0.05424 4 
0 0.0564548 4 
0 0.0664288 4 
0 0.0670414 4 
0 0.0694349 4 
0 0.0694373 4 
0 0.07232 4 
0 0.0734383 4 
0 0.0734403 4 
0 0.0734413 4 
0 0.0734413 4 
0 0.0750851 4 
0 0.0750919 4 
0 0.0750919 4 
0 0.0756329 4 
0 0.0756341 4 
0 0.0761705 4 
0 0.0761723 4 
0 0.077765 4 
0 0.0782887 4 
0 0.0818556 4 
0 0.0828453 4 
0 0.0843118 4 
0 0.0862277 4 
0 0.0876371 4 
0 0.0917389 4 
0 0.0930673 4 
0 0.0939378 4 
0 0.0948023 4 
0 0.096092 4 
0 0.0977751 4 
0 0.0981944 4 
0 0.0986074 4 
0 0.113985 4 
0 0.134991 4 
0 0.134996 4 
0 0.139159 4 
0 0.141779 4 
0 0.155783 4 
0 0.164211 4 
0 0.164706 4 
0 0.187877 4 
0 0.187878 4 
0 0.197632 4 
0 0.212572 4 
0 0.21353 4 
0 0.238472 4 
0 0.242042 4 
0 0.243056 4 
0 0.246237 4 
0 0.249029 4 
0 0.252453 4 
0 0.256468 4 
0 0.25647 4 
0 0.258702 4 
0 0.260739 4 
0 0.267845 4 
0 0.271622 4 
0 0.295129 4 
0 0.301566 4 
0 0.30985 4 
0 0.336457 4 
0 0.338647 4 
0 0.369823 4 
0 0.404855 4 
0 0.409769 4 
0 0.425423 4 
0 0.430961 4 
0 0.467951 4 
0 0.495191 4 
0 0.500881 4 
0 0.501817 4 
0 0.504541 4 
0 0.549433 4 
0 0.549804 4 
0 0.552958 4 
0 0.554539 4 
0 0.601977 4 
0 0.602748 4 
0 0.60599 4 
0 0.618249 4 
0 0.629338 4 
0 0.638361 4 
0 0.643461 4 
0 0.665121 4 
0 0.710042 4 
0 0.830116 4 
0 0.861789 4 
0 1.27694 4 
0 1.27755 4 
0 1.43064 4 
0 1.55081 4 
0 1.76631 4 
0 1.93643 4 
0 1.95472 4 
0 1.95758 4 
0 1.95825 4 
0 1.97032 4 
0 1.97684 4 
0 1.97694 4 
0 1.97967 4 
0 2.27358 4 
0 2.49165 4 
0 2.49244 4 
0 2.49296 4 
0 2.71667 4 
0 2.81645 4 
0 2.90638 4 
0 inf 4 
0 0.0180795 5 
0 0.0239176 5 
0 0.02712 5 
0 0.028587 5 
0 0.0299823 5 
0 0.0394024 5 
0 0.0394024 5 
0 0.0414212 5 
0 0.0414265 5 
0 0.0503326 5 
0 0.0542347 5 
0 0.0564548 5 
0 0.059278 5 
0 0.0599646 5 
0 0.0619722 5 
0 0.0639225 5 
0 0.0670361 5 
0 0.0670424 5 
0 0.0694368 5 
0 0.0739956 5 
0 0.0761724 5 
0 0.078288 5 
0 0.0788082 5 
0 0.0818528 5 
0 0.0852832 5 
0 0.0912961 5 
0 0.0912964 5 
0 0.0917428 5 
0 0.0948041 5 
0 0.101472 5 
0 0.102266 5 
0 0.103461 5 
0 0.105423 5 
0 0.112538 5 
0 0.112907 5 
0 0.113271 5 
0 0.113271 5 
0 0.113984 5 
0 0.117164 5 
0 0.118208 5 
0 0.13037 5 
0 0.145476 5 
0 0.14854 5 
0 0.149636 5 
0 0.163211 5 
0 0.165939 5 
0 0.171032 5 
0 0.17411 5 
0 0.174111 5 
0 0.181464 5 
0 0.183479 5 
0 0.183481 5 
0 0.190906 5 
0 0.219012 5 
0 0.238122 5 
0 0.250184 5 
0 0.255996 5 
0 0.264925 5 
0 0.272762 5 
0 0.287825 5 
0 0.301837 5 
0 0.332138 5 
0 0.361055 5 
0 0.365441 5 
0 0.376523 5 
0 0.389259 5 
0 0.390934 5 
0 0.392604 5 
0 0.402427 5 
0 0.402934 5 
0 0.40617 5 
0 0.430212 5 
0 0.439049 5 
0 0.447802 5 
0 0.44897 5 
0 0.451512 5 
0 0.452159 5 
0 0.56156 5 
0 0.575281 5 
0 0.582068 5 
0 0.586889 5 
0 0.590407 5 
0 0.620414 5 
0 0.620982 5 
0 0.623346 5 
0 0.658739 5 
0 0.663989 5 
0 0.664666 5 
0 0.692799 5 
0 0.800384 5 
0 0.870555 5 
0 0.882262 5 
0 0.93518 5 
0 0.936751 5 
0 0.942794 5 
0 0.97739 5 
0 1.30372 5 
0 1.36517 5 
0 1.41163 5 
0 1.5693 5 
0 1.69584 5 
0 1.69584 5 
0 1.70353 5 
0 1.71398 5 
0 1.75002 5 
0 1.75048 5 
0 1.85716 5 
0 1.86178 5 
0 1.86211 5 
0 1.86634 5 
0 1.89831 5 
0 2.39802 5 
0 2.41191 5 
0 2.41234 5 
0 2.41295 5 
0 inf 5 
0 0.0221434 6 
0 0.0255672 6 
0 0.0255676 6 
0 0.0338219 6 
0 0.0350118 6 
0 0.0503326 6 
0 0.0564525 6 
0 0.0626288 6 
0 0.0645584 6 
0 0.0694376 6 
0 0.0700206 6 
0 0.0717528 6 
0 0.0772378 6 
0 0.0772378 6 
0 0.0777555 6 
0 0.0843114 6 
0 0.0847932 6 
0 0.0847933 6 
0 0.0876388 6 
0 0.0935105 6 
0 0.0956704 6 
0 0.0994306 6 
0 0.10107 6 
0 0.102268 6 
0 0.105415 6 
0 0.105417 6 
0 0.106957 6 
0 0.107716 6 
0 0.114697 6 
0 0.117509 6 
0 0.11786 6 
0 0.120603 6 
0 0.127841 6 
0 0.144347 6 
0 0.149631 6 
0 0.156568 6 
0 0.16271 6 
0 0.170074 6 
0 0.171024 6 
0 0.174343 6 
0 0.186354 6 
0 0.205734 6 
0 0.208692 6 
0 0.214106 6 
0 0.214107 6 
0 0.240868 6 
0 0.240868 6 
0 0.245404 6 
0 0.260508 6 
0 0.267238 6 
0 0.268598 6 
0 0.279773 6 
0 0.279773 6 
0 0.281682 6 
0 0.321114 6 
0 0.33023 6 
0 0.332082 6 
0 0.332574 6 
0 0.347048 6 
0 0.34853 6 
0 0.3664 6 
0 0.389955 6 
0 0.408075 6 
0 0.424758 6 
0 0.42734 6 
0 0.428962 6 
0 0.430009 6 
0 0.430582 6 
0 0.432569 6 
0 0.438572 6 
0 0.43932 6 
0 0.447886 6 
0 0.493706 6 
0 0.539144 6 
0 0.5578 6 
0 0.588104 6 
0 0.58866 6 
0 0.5897 6 
0 0.615603 6 
0 0.633417 6 
0 0.646497 6 
0 0.654033 6 
0 0.692389 6 
0 0.699609 6 
0 0.700776 6 
0 0.703099 6 
0 0.886533 6 
0 0.907456 6 
0 0.91285 6 
0 1.06723 6 
0 1.2218 6 
0 1.31081 6 
0 1.42838 6 
0 1.43486 6 
0 1.44439 6 
0 1.44617 6 
0 1.4515 6 
0 1.46428 6 
0 1.4934 6 
0 1.58552 6 
0 1.58859 6 
0 1.59213 6 
0 1.59254 6 
0 1.66408 6 
0 1.66481 6 
0 1.70145 6 
0 1.74689 6 
0 1.74894 6 
0 1.75128 6 
0 1.75912 6 
0 1.76496 6 
0 inf 6 
0 0.0424011 7 
0 0.0433541 7 
0 0.0460949 7 
0 0.0469648 7 
0 0.0571738 7 
0 0.0606374 7 
0 0.0706016 7 
0 0.0711709 7 
0 0.0739946 7 
0 0.0798391 7 
0 0.082853 7 
0 0.0852722 7 
0 0.0876378 7 
0 0.0917396 7 
0 0.0926317 7 
0 0.0981995 7 
0 0.101874 7 
0 0.106567 7 
0 0.107711 7 
0 0.109604 7 
0 0.111816 7 
0 0.112545 7 
0 0.119244 7 
0 0.121278 7 
0 0.122947 7 
0 0.129419 7 
0 0.143211 7 
0 0.146035 7 
0 0.146303 7 
0 0.148812 7 
0 0.152869 7 
0 0.152871 7 
0 0.154995 7 
0 0.156831 7 
0 0.157091 7 
0 0.185032 7 
0 0.185905 7 
0 0.188099 7 
0 0.191959 7 
0 0.19302 7 
0 0.213528 7 
0 0.219188 7 
0 0.250022 7 
0 0.267698 7 
0 0.269054 7 
0 0.271322 7 
0 0.275061 7 
0 0.298435 7 
0 0.312672 7 
0 0.351843 7 
0 0.354904 7 
0 0.364281 7 
0 0.394228 7 
0 0.411314 7 
0 0.418358 7 
0 0.419575 7 
0 0.421763 7 
0 0.422968 7 
0 0.423739 7 
0 0.423739 7 
0 0.426099 7 
0 0.432709 7 
0 0.434873 7 
0 0.445876 7 
0 0.45888 7 
0 0.465686 7 
0 0.515358 7 
0 0.528598 7 
0 0.579598 7 
0 0.581568 7 
0 0.581568 7 
0 0.613366 7 
0 0.617016 7 
0 0.649537 7 
0 0.650857 7 
0 0.654861 7 
0 0.681144 7 
0 0.691325 7 
0 0.770947 7 
0 0.846534 7 
0 0.895694 7 
0 0.906566 7 
0 0.9096 7 
0 0.94001 7 
0 0.965576 7 
0 0.993753 7 
0 1.0578 7 
0 1.07227 7 
0 1.11764 7 
0 1.1296 7 
0 1.21413 7 
0 1.2885 7 
0 1.31094 7 
0 1.32178 7 
0 1.32351 7 
0 1.33 7 
0 1.34284 7 
0 1.41963 7 
0 1.42938 7 
0 1.4375 7 
0 1.45181 7 
0 1.45207 7 
0 1.74068 7 
0 1.75499 7 
0 1.79066 7 
0 1.7907 7 
0 1.79077 7 
0 inf 7 
0 0.0156554 8 
0 0.0285845 8 
0 0.0619751 8 
0 0.0626309 8 
0 0.0632774 8 
0 0.0664051 8 
0 0.0664302 8 
0 0.078287 8 
0 0.0857525 8 
0 0.089944 8 
0 0.0912995 8 
0 0.0939464 8 
0 0.0969334 8 
0 0.102667 8 
0 0.110697 8 
0 0.112176 8 
0 0.121612 8 
0 0.121947 8 
0 0.128155 8 
0 0.132236 8 
0 0.132236 8 
0 0.136191 8 
0 0.136496 8 
0 0.139457 8 
0 0.140323 8 
0 0.155262 8 
0 0.164706 8 
0 0.168387 8 
0 0.171986 8 
0 0.178517 8 
0 0.180336 8 
0 0.182591 8 
0 0.186505 8 
0 0.193661 8 
0 0.195136 8 
0 0.213718 8 
0 0.218068 8 
0 0.22525 8 
0 0.226876 8 
0 0.271548 8 
0 0.281013 8 
0 0.281449 8 
0 0.326362 8 
0 0.336044 8 
0 0.338105 8 
0 0.364056 8 
0 0.372886 8 
0 0.381055 8 
0 0.385002 8 
0 0.385579 8 
0 0.387956 8 
0 0.391214 8 
0 0.39655 8 
0 0.400547 8 
0 0.436788 8 
0 0.440143 8 
0 0.443379 8 
0 0.456028 8 
0 0.467662 8 
0 0.468709 8 
0 0.494197 8 
0 0.502918 8 
0 0.537982 8 
0 0.550178 8 
0 0.557481 8 
0 0.55982 8 
0 0.584021 8 
0 0.584139 8 
0 0.59048 8 
0 0.614627 8 
0 0.618866 8 
0 0.620975 8 
0 0.687113 8 
0 0.789963 8 
0 0.816665 8 
0 0.822796 8 
0 0.825162 8 
0 0.852537 8 
0 0.895109 8 
0 0.906149 8 
0 0.930864 8 
0 0.978053 8 
0 0.986688 8 
0 1.04122 8 
0 1.15546 8 
0 1.20819 8 
0 1.29517 8 
0 1.29552 8 
0 1.29637 8 
0 1.31629 8 
0 1.34939 8 
0 1.41223 8 
0 1.4132 8 
0 1.43429 8 
0 1.48134 8 
0 1.49575 8 
0 1.50052 8 
0 1.51705 8 
0 1.74293 8 
0 1.74651 8 
0 1.74679 8 
0 1.7554 8 
0 1.76905 8 
0 inf 8 
0 0.0585837 9 
0 0.0592774 9 
0 0.0717528 9 
0 0.0734411 9 
0 0.0788034 9 
0 0.0930634 9 
0 0.0952417 9 
0 0.10464 9 
0 0.108479 9 
0 0.108847 9 
0 0.112909 9 
0 0.113982 9 
0 0.113983 9 
0 0.125252 9 
0 0.126236 9 
0 0.130684 9 
0 0.134993 9 
0 0.135292 9 
0 0.156307 9 
0 0.1642 9 
0 0.167414 9 
0 0.172933 9 
0 0.173166 9 
0 0.174813 9 
0 0.181689 9 
0 0.184144 9 
0 0.19047 9 
0 0.209077 9 
0 0.245653 9 
0 0.274251 9 
0 0.277979 9 
0 0.285132 9 
0 0.28628 9 
0 0.286627 9 
0 0.292969 9 
0 0.296643 9 
0 0.296643 9 
0 0.311761 9 
0 0.312874 9 
0 0.320234 9 
0 0.329764 9 
0 0.33174 9 
0 0.333662 9 
0 0.334152 9 
0 0.338469 9 
0 0.340851 9 
0 0.348812 9 
0 0.408887 9 
0 0.415233 9 
0 0.422246 9 
0 0.4239 9 
0 0.44127 9 
0 0.456827 9 
0 0.478407 9 
0 0.496677 9 
0 0.500639 9 
0 0.540505 9 
0 0.540732 9 
0 0.542015 9 
0 0.56993 9 
0 0.586521 9 
0 0.61303 9 
0 0.614095 9 
0 0.628679 9 
0 0.648272 9 
0 0.653173 9 
0 0.656008 9 
0 0.706386 9 
0 0.716039 9 
0 0.728867 9 
0 0.74647 9 
0 0.764939 9 
0 0.776754 9 
0 0.780826 9 
0 0.891063 9 
0 0.930801 9 
0 0.93919 9 
0 0.941276 9 
0 0.947488 9 
0 0.954723 9 
0 0.967811 9 
0 0.989688 9 
0 1.14185 9 
0 1.14889 9 
0 1.28061 9 
0 1.2851 9 
0 1.28523 9 
0 1.28967 9 
0 1.30788 9 
0 1.41891 9 
0 1.41971 9 
0 1.4211 9 
0 1.4211 9 
0 1.42222 9 
0 1.74677 9 
0 1.74714 9 
0 1.74946 9 
0 1.76155 9 
0 1.76619 9 
0 inf 9 
0 0.0750875 10 
0 0.0939464 10 
0 0.0969359 10 
0 0.0973515 10 
0 0.0977752 10 
0 0.0986146 10 
0 0.10106 10 
0 0.109228 10 
0 0.118213 10 
0 0.124601 10 
0 0.136794 10 
0 0.138573 10 
0 0.153855 10 
0 0.16145 10 
0 0.16471 10 
0 0.167166 10 
0 0.172462 10 
0 0.194507 10 
0 0.199221 10 
0 0.21385 10 
0 0.217693 10 
0 0.218249 10 
0 0.229132 10 
0 0.229741 10 
0 0.234167 10 
0 0.236017 10 
0 0.243719 10 
0 0.245656 10 
0 0.245804 10 
0 0.261741 10 
0 0.271483 10 
0 0.280805 10 
0 0.284143 10 
0 0.284145 10 
0 0.286768 10 
0 0.323637 10 
0 0.323637 10 
0 0.337751 10 
0 0.339549 10 
0 0.34928 10 
0 0.352364 10 
0 0.381801 10 
0 0.402836 10 
0 0.402836 10 
0 0.444596 10 
0 0.468279 10 
0 0.50769 10 
0 0.510201 10 
0 0.512147 10 
0 0.514137 10 
0 0.514296 10 
0 0.525117 10 
0 0.527317 10 
0 0.53394 10 
0 0.553871 10 
0 0.553871 10 
0 0.562843 10 
0 0.577492 10 
0 0.578551 10 
0 0.602737 10 
0 0.606252 10 
0 0.614627 10 
0 0.615689 10 
0 0.649114 10 
0 0.688601 10 
0 0.71788 10 
0 0.763497 10 
0 0.776917 10 
0 0.781108 10 
0 0.829663 10 
0 0.864581 10 
0 0.864818 10 
0 0.886966 10 
0 0.892894 10 
0 0.993267 10 
0 0.996061 10 
0 1.01025 10 
0 1.01171 10 
0 1.18875 10 
0 1.19817 10 
0 1.27825 10 
0 1.27905 10 
0 1.29883 10 
0 1.41505 10 
0 1.41678 10 
0 1.424 10 
0 1.424 10 
0 1.42423 10 
0 1.42857 10 
0 1.42948 10 
0 1.73913 10 
0 1.73988 10 
0 1.74307 10 
0 1.74438 10 
0 1.75149 10 
0 inf 10 
0 0.0688466 11 
0 0.0917236 11 
0 0.0964995 11 
0 0.10025 11 
0 0.129742 11 
0 0.133774 11 
0 0.140039 11 
0 0.14378 11 
0 0.145752 11 
0 0.149619 11 
0 0.162731 11 
0 0.21296 11 
0 0.215189 11 
0 0.242496 11 
0 0.248986 11 
0 0.252613 11 
0 0.253098 11 
0 0.256141 11 
0 0.263769 11 
0 0.265705 11 
0 0.269447 11 
0 0.272246 11 
0 0.274488 11 
0 0.279128 11 
0 0.296928 11 
0 0.301299 11 
0 0.301977 11 
0 0.304381 11 
0 0.307876 11 
0 0.308399 11 
0 0.335314 11 
0 0.341049 11 
0 0.345984 11 
0 0.356229 11 
0 0.359985 11 
0 0.376416 11 
0 0.377715 11 
0 0.382062 11 
0 0.384009 11 
0 0.386262 11 
0 0.399889 11 
0 0.404253 11 
0 0.405469 11 
0 0.406671 11 
0 0.409772 11 
0 0.423061 11 
0 0.435395 11 
0 0.445636 11 
0 0.47661 11 
0 0.525251 11 
0 0.537883 11 
0 0.55806 11 
0 0.559596 11 
0 0.575281 11 
0 0.602192 11 
0 0.657211 11 
0 0.713649 11 
0 0.714393 11 
0 0.718499 11 
0 0.764199 11 
0 0.767133 11 
0 0.802725 11 
0 0.832269 11 
0 0.840797 11 
0 0.841827 11 
0 0.860838 11 
0 0.892945 11 
0 0.893694 11 
0 0.894727 11 
0 0.899163 11 
0 0.903137 11 
0 0.936384 11 
0 0.951938 11 
0 1.04366 11 
0 1.15128 11 
0 1.15242 11 
0 1.29945 11 
0 1.2998 11 
0 1.32032 11 
0 1.32069 11 
0 1.32874 11 
0 1.41421 11 
0 1.41493 11 
0 1.43055 11 
0 1.46746 11 
0 1.46813 11 
0 1.75048 11 
0 1.7513 11 
0 1.75151 11 
0 1.82765 11 
0 1.82785 11 
0 inf 11 
0 0.135274 12 
0 0.154717 12 
0 0.156818 12 
0 0.171505 12 
0 0.171676 12 
0 0.176902 12 
0 0.178977 12 
0 0.181463 12 
0 0.185029 12 
0 0.18525 12 
0 0.190257 12 
0 0.208707 12 
0 0.215438 12 
0 0.234496 12 
0 0.236068 12 
0 0.238304 12 
0 0.245393 12 
0 0.247149 12 
0 0.249698 12 
0 0.249767 12 
0 0.257354 12 
0 0.257915 12 
0 0.261221 12 
0 0.267995 12 
0 0.267995 12 
0 0.278031 12 
0 0.278754 12 
0 0.281088 12 
0 0.28277 12 
0 0.29039 12 
0 0.301161 12 
0 0.316562 12 
0 0.333605 12 
0 0.341126 12 
0 0.34846 12 
0 0.349045 12 
0 0.350912 12 
0 0.352888 12 
0 0.381053 12 
0 0.385847 12 
0 0.392099 12 
0 0.406571 12 
0 0.409773 12 
0 0.417923 12 
0 0.498185 12 
0 0.499854 12 
0 0.504702 12 
0 0.555015 12 
0 0.584301 12 
0 0.621479 12 
0 0.623252 12 
0 0.668489 12 
0 0.671416 12 
0 0.676206 12 
0 0.688005 12 
0 0.728837 12 
0 0.734865 12 
0 0.77297 12 
0 0.774238 12 
0 0.798014 12 
0 0.885703 12 
0 0.906582 12 
0 0.908158 12 
0 0.953784 12 
0 0.954335 12 
0 0.954336 12 
0 0.959889 12 
0 1.06987 12 
0 1.07257 12 
0 1.10678 12 
0 1.11608 12 
0 1.27582 12 
0 1.2762 12 
0 1.3066 12 
0 1.33343 12 
0 1.33417 12 
0 1.42927 12 
0 1.42927 12 
0 1.42961 12 
0 1.43055 12 
0 1.43064 12 
0 1.44601 12 
0 1.736 12 
0 1.73781 12 
0 1.75044 12 
0 1.75559 12 
0 1.75617 12 
0 inf 12 
0 0.116459 13 
0 0.135883 13 
0 0.204935 13 
0 0.216563 13 
0 0.233108 13 
0 0.235375 13 
0 0.239422 13 
0 0.245726 13 
0 0.266077 13 
0 0.26837 13 
0 0.277137 13 
0 0.282249 13 
0 0.283125 13 
0 0.300754 13 
0 0.303057 13 
0 0.306804 13 
0 0.315212 13 
0 0.316578 13 
0 0.322897 13 
0 0.324606 13 
0 0.324607 13 
0 0.325682 13 
0 0.333724 13 
0 0.334579 13 
0 0.345871 13 
0 0.345871 13 
0 0.351138 13 
0 0.352748 13 
0 0.357834 13 
0 0.373914 13 
0 0.381268 13 
0 0.386376 13 
0 0.390584 13 
0 0.403042 13 
0 0.419138 13 
0 0.447612 13 
0 0.449796 13 
0 0.45134 13 
0 0.511617 13 
0 0.524238 13 
0 0.546296 13 
0 0.560012 13 
0 0.574429 13 
0 0.57657 13 
0 0.576984 13 
0 0.601375 13 
0 0.618848 13 
0 0.636231 13 
0 0.639306 13 
0 0.64571 13 
0 0.65367 13 
0 0.662104 13 
0 0.6634 13 
0 0.737947 13 
0 0.741675 13 
0 0.743436 13 
0 0.74393 13 
0 0.785865 13 
0 0.788772 13 
0 0.85302 13 
0 0.857606 13 
0 0.882263 13 
0 0.953945 13 
0 0.982104 13 
0 0.984804 13 
0 0.990388 13 
0 1.04208 13 
0 1.08905 13 
0 1.27543 13 
0 1.27697 13 
0 1.28055 13 
0 1.28067 13 
0 1.28179 13 
0 1.41094 13 
0 1.41152 13 
0 1.43039 13 
0 1.43211 13 
0 1.4347 13 
0 1.74363 13 
0 1.74419 13 
0 1.75875 13 
0 1.77173 13 
0 1.77917 13 
0 inf 13 
0 0.0451681 14 
0 0.108853 14 
0 0.126863 14 
0 0.135589 14 
0 0.135594 14 
0 0.152873 14 
0 0.163465 14 
0 0.193027 14 
0 0.193029 14 
0 0.19701 14 
0 0.199687 14 
0 0.219842 14 
0 0.235539 14 
0 0.23763 14 
0 0.238813 14 
0 0.247641 14 
0 0.249028 14 
0 0.251005 14 
0 0.26755 14 
0 0.270273 14 
0 0.271026 14 
0 0.272843 14 
0 0.274621 14 
0 0.280803 14 
0 0.305477 14 
0 0.312606 14 
0 0.320747 14 
0 0.321254 14 
0 0.328682 14 
0 0.333617 14 
0 0.334717 14 
0 0.350786 14 
0 0.360446 14 
0 0.360557 14 
0 0.362819 14 
0 0.366849 14 
0 0.372924 14 
0 0.379973 14 
0 0.384786 14 
0 0.413739 14 
0 0.418168 14 
0 0.42273 14 
0 0.424658 14 
0 0.438289 14 
0 0.439879 14 
0 0.456474 14 
0 0.476186 14 
0 0.484266 14 
0 0.499265 14 
0 0.562304 14 
0 0.562594 14 
0 0.572168 14 
0 0.652408 14 
0 0.654658 14 
0 0.761307 14 
0 0.811981 14 
0 0.816196 14 
0 0.819194 14 
0 0.850191 14 
0 0.867703 14 
0 0.868879 14 
0 0.869396 14 
0 0.96988 14 
0 1.00244 14 
0 1.00379 14 
0 1.27687 14 
0 1.27777 14 
0 1.32224 14 
0 1.3223 14 
0 1.32258 14 
0 1.41068 14 
0 1.41071 14 
0 1.41114 14 
0 1.41175 14 
0 1.41175 14 
0 1.75446 14 
0 1.78913 14 
0 1.80451 14 
0 1.80458 14 
0 inf 14 
0 0.0658086 15 
0 0.0803466 15 
0 0.0866883 15 
0 0.0939439 15 
0 0.0977691 15 
0 0.127185 15 
0 0.155256 15 
0 0.157864 15 
0 0.158123 15 
0 0.183274 15 
0 0.190899 15 
0 0.216759 15 
0 0.224803 15 
0 0.239672 15 
0 0.239839 15 
0 0.25917 15 
0 0.263072 15 
0 0.263555 15 
0 0.27268 15 
0 0.273431 15 
0 0.274774 15 
0 0.275219 15 
0 0.276208 15 
0 0.276555 15 
0 0.276989 15 
0 0.304791 15 
0 0.309979 15 
0 0.34586 15 
0 0.34586 15 
0 0.348105 15 
0 0.349981 15 
0 0.350109 15 
0 0.351495 15 
0 0.352305 15 
0 0.361005 15 
0 0.371161 15 
0 0.390904 15 
0 0.428589 15 
0 0.455124 15 
0 0.460747 15 
0 0.460748 15 
0 0.463132 15 
0 0.468311 15 
0 0.480508 15 
0 0.484857 15 
0 0.48721 15 
0 0.521105 15 
0 0.553597 15 
0 0.558885 15 
0 0.65802 15 
0 0.736757 15 
0 0.738087 15 
0 0.738917 15 
0 0.804718 15 
0 0.981516 15 
0 0.987016 15 
0 0.991146 15 
0 0.991352 15 
0 0.999379 15 
0 0.999542 15 
0 1.10703 15 
0 1.23752 15 
0 1.23871 15 
0 1.27783 15 
0 1.399 15 
0 1.3997 15 
0 1.39996 15 
0 1.42098 15 
0 1.43268 15 
0 1.43837 15 
0 1.43905 15 
0 1.73692 15 
0 1.7437 15 
0 1.74885 15 
0 1.74885 15 
0 inf 15 
0 0.0393865 16 
0 0.0978144 16 
0 0.15071 16 
0 0.166356 16 
0 0.180334 16 
0 0.187011 16 
0 0.210925 16 
0 0.212957 16 
0 0.21537 16 
0 0.219755 16 
0 0.224892 16 
0 0.227061 16 
0 0.227609 16 
0 0.234852 16 
0 0.234852 16 
0 0.236059 16 
0 0.23675 16 
0 0.2383 16 
0 0.245246 16 
0 0.247071 16 
0 0.264929 16 
0 0.324644 16 
0 0.325273 16 
0 0.325774 16 
0 0.333718 16 
0 0.334714 16 
0 0.334714 16 
0 0.343969 16 
0 0.347749 16 
0 0.354394 16 
0 0.358051 16 
0 0.359189 16 
0 0.360439 16 
0 0.373189 16 
0 0.374676 16 
0 0.37711 16 
0 0.378084 16 
0 0.400084 16 
0 0.512623 16 
0 0.612488 16 
0 0.649711 16 
0 0.661425 16 
0 0.676086 16 
0 0.676509 16 
0 0.676992 16 
0 0.752559 16 
0 0.79306 16 
0 0.863541 16 
0 0.863541 16 
0 0.863589 16 
0 0.87284 16 
0 0.87298 16 
0 0.879043 16 
0 0.898087 16 
0 0.951637 16 
0 0.997253 16 
0 0.998563 16 
0 1.05137 16 
0 1.05324 16 
0 1.28701 16 
0 1.31967 16 
0 1.3289 16 
0 1.32963 16 
0 1.48652 16 
0 1.49969 16 
0 1.56078 16 
0 1.56619 16 
0 1.74426 16 
0 1.75129 16 
0 1.75695 16 
0 1.75716 16 
0 inf 16 
0 0.122605 17 
0 0.196378 17 
0 0.202066 17 
0 0.227242 17 
0 0.23746 17 
0 0.238299 17 
0 0.238299 17 
0 0.239667 17 
0 0.241046 17 
0 0.241723 17 
0 0.243724 17 
0 0.244226 17 
0 0.246391 17 
0 0.248374 17 
0 0.251391 17 
0 0.253171 17 
0 0.259335 17 
0 0.263454 17 
0 0.268827 17 
0 0.278864 17 
0 0.279888 17 
0 0.295127 17 
0 0.29802 17 
0 0.301141 17 
0 0.303304 17 
0 0.305453 17 
0 0.308928 17 
0 0.319187 17 
0 0.371932 17 
0 0.372261 17 
0 0.374013 17 
0 0.389119 17 
0 0.430779 17 
0 0.491349 17 
0 0.650782 17 
0 0.65603 17 
0 0.707042 17 
0 0.712569 17 
0 0.713085 17 
0 0.822437 17 
0 0.837999 17 
0 0.860223 17 
0 0.875289 17 
0 0.885498 17 
0 0.888394 17 
0 0.911714 17 
0 0.915158 17 
0 0.916586 17 
0 0.943513 17 
0 0.950201 17 
0 0.950588 17 
0 1.00257 17 
0 1.00277 17 
0 1.00359 17 
0 1.09914 17 
0 1.28812 17 
0 1.35327 17 
0 1.35854 17 
0 1.35911 17 
0 1.41813 17 
0 1.42179 17 
0 1.4264 17 
0 1.4264 17 
0 1.73845 17 
0 1.80627 17 
0 1.80736 17 
0 1.80815 17 
0 inf 17 
0 0.0626033 18 
0 0.0772136 18 
0 0.0833188 18 
0 0.132844 18 
0 0.157007 18 
0 0.159144 18 
0 0.159144 18 
0 0.160427 18 
0 0.188525 18 
0 0.215996 18 
0 0.216563 18 
0 0.218067 18 
0 0.237099 18 
0 0.255047 18 
0 0.255421 18 
0 0.257334 18 
0 0.257334 18 
0 0.26278 18 
0 0.268772 18 
0 0.270443 18 
0 0.270443 18 
0 0.288108 18 
0 0.288364 18 
0 0.29261 18 
0 0.307603 18 
0 0.329284 18 
0 0.339909 18 
0 0.344817 18 
0 0.345408 18 
0 0.349042 18 
0 0.454227 18 
0 0.467783 18 
0 0.53179 18 
0 0.532481 18 
0 0.702636 18 
0 0.711592 18 
0 0.716227 18 
0 0.716228 18 
0 0.758398 18 
0 0.765955 18 
0 0.769946 18 
0 0.875288 18 
0 0.956688 18 
0 0.976887 18 
0 0.977514 18 
0 1.07028 18 
0 1.09123 18 
0 1.09126 18 
0 1.09986 18 
0 1.10015 18 
0 1.10015 18 
0 1.2884 18 
0 1.30888 18 
0 1.31663 18 
0 1.31676 18 
0 1.41721 18 
0 1.42041 18 
0 1.42141 18 
0 1.42385 18 
0 1.74567 18 
0 1.74887 18 
0 1.75375 18 
0 1.75587 18 
0 inf 18 
0 0.0838253 19 
0 0.0986085 19 
0 0.101452 19 
0 0.101461 19 
0 0.127181 19 
0 0.127181 19 
0 0.156816 19 
0 0.16295 19 
0 0.174977 19 
0 0.210926 19 
0 0.211506 19 
0 0.211892 19 
0 0.233819 19 
0 0.237019 19 
0 0.24112 19 
0 0.24112 19 
0 0.246906 19 
0 0.246907 19 
0 0.250846 19 
0 0.253439 19 
0 0.266021 19 
0 0.337131 19 
0 0.337979 19 
0 0.337979 19 
0 0.375621 19 
0 0.375947 19 
0 0.390865 19 
0 0.444039 19 
0 0.576356 19 
0 0.577489 19 
0 0.577772 19 
0 0.625874 19 
0 0.654472 19 
0 0.654659 19 
0 0.745299 19 
0 0.76401 19 
0 0.775441 19 
0 0.814249 19 
0 0.8144 19 
0 0.819402 19 
0 0.856894 19 
0 0.883181 19 
0 0.883181 19 
0 0.894403 19 
0 0.894403 19 
0 0.89714 19 
0 0.991544 19 
0 1.00298 19 
0 1.20493 19 
0 1.27697 19 
0 1.2837 19 
0 1.2851 19 
0 1.28523 19 
0 1.43086 19 
0 1.43112 19 
0 1.43429 19 
0 1.73741 19 
0 1.76436 19 
0 1.76436 19 
0 inf 19 
0 0.105399 20 
0 0.152325 20 
0 0.162952 20 
0 0.175738 20 
0 0.178734 20 
0 0.181906 20 
0 0.193877 20 
0 0.194508 20 
0 0.194718 20 
0 0.223346 20 
0 0.223642 20 
0 0.227155 20 
0 0.227155 20 
0 0.230124 20 
0 0.231364 20 
0 0.233372 20 
0 0.233897 20 
0 0.246983 20 
0 0.322137 20 
0 0.336651 20 
0 0.337014 20 
0 0.354609 20 
0 0.360552 20 
0 0.373034 20 
0 0.376523 20 
0 0.377715 20 
0 0.505755 20 
0 0.509858 20 
0 0.510578 20 
0 0.53287 20 
0 0.534402 20 
0 0.535548 20 
0 0.55022 20 
0 0.55022 20 
0 0.556937 20 
0 0.564558 20 
0 0.566941 20 
0 0.572963 20 
0 0.702636 20 
0 0.703334 20 
0 0.868257 20 
0 0.879619 20 
0 0.887335 20 
0 0.887335 20 
0 0.891246 20 
0 0.891475 20 
0 0.960144 20 
0 1.29615 20 
0 1.29643 20 
0 1.42331 20 
0 1.42606 20 
0 1.74953 20 
0 1.75034 20 
0 1.75093 20 
0 3.77958 20 
0 inf 20 
