3.92791 6.56005 1 
1.25085 3.1727 1 
0.202932 0.215048 1 
0.14897 0.151509 1 
0.130137 0.145793 1 
0.0931777 0.0986806 1 
0.0800854 0.0833166 1 
0.0773573 0.0864296 1 
0.0734631 0.0805725 1 
0.0673504 0.0694887 1 
0.0651372 0.0715718 1 
0.0622228 0.0625365 1 
0.0622184 0.0706112 1 
0.0599828 0.0622229 1 
0.0599809 0.0694887 1 
0.051379 0.0517582 1 
0.0504193 0.0543384 1 
0.0484406 0.0523218 1 
0.0476233 0.0682162 1 
0.0459548 0.0478312 1 
0.0455281 0.0461653 1 
0.0448818 0.0459571 1 
4.81788 4.85821 2 
3.58789 4.88133 2 
1.01405 4.13714 2 
0.217621 0.233192 2 
0.203507 0.205036 2 
0.187507 0.21138 2 
0.166048 0.177159 2 
0.145992 0.150543 2 
0.110897 0.124206 2 
0.105939 0.112386 2 
0.0500292 0.0530638 2 
0.0496384 0.0541574 2 
0.0490436 0.0543375 2 
0.0490436 0.0545178 2 
0.0476264 0.050997 2 
0.046798 0.0515689 2 
0.0465887 0.0500292 2 
0.0428728 0.0539774 2 
3.64992 3.77548 3 
3.62919 3.76526 3 
2.82426 3.80672 3 
0.929161 4.29311 3 
0.194362 0.197605 3 
0.193812 0.195818 3 
0.182161 0.197607 3 
0.176941 0.178313 3 
0.172452 0.209982 3 
0.165101 0.199871 3 
0.0904086 0.104829 3 
0.081896 0.0826096 3 
0.0552306 0.0561086 3 
0.0506121 0.0548756 3 
0.0385496 0.0407687 3 
2.29846 2.47619 4 
2.29754 2.47428 4 
2.2955 2.469 4 
0.881649 4.17416 4 
0.19041 0.201777 4 
0.165866 0.181838 4 
0.16575 0.192085 4 
0.148847 0.199624 4 
0.147063 0.174932 4 
0.126932 0.138217 4 
0.0729295 0.0764626 4 
0.0721199 0.0751736 4 
0.0630038 0.0676444 4 
0.0502243 0.0526942 4 
2.01423 2.02082 5 
1.86172 1.93469 5 
1.86098 1.9228 5 
1.35686 3.7404 5 
0.195667 0.200938 5 
0.163185 0.165806 5 
0.0564561 0.0611131 5 
0.0526938 0.0620657 5 
3.10672 3.28237 6 
3.10359 3.29541 6 
1.89455 1.9743 6 
1.79177 3.2967 6 
1.59696 1.70284 6 
1.54754 1.5939 6 
1.39691 1.47333 6 
1.31533 1.42608 6 
1.3144 1.3945 6 
0.192749 0.201472 6 
0.0938048 0.097788 6 
0.0930729 0.0977874 6 
0.083901 0.0842497 6 
0.0393034 0.0457414 6 
2.58859 2.67164 7 
2.44778 2.66792 7 
2.42294 2.68325 7 
2.39064 2.71497 7 
2.38173 2.71749 7 
1.78419 1.94901 7 
1.44809 1.51083 7 
0.0773525 0.0947375 7 
0.0767186 0.0826101 7 
0.073466 0.0869917 7 
2.29096 2.31371 8 
2.19428 2.38427 8 
1.96843 3.35748 8 
1.89597 2.51977 8 
1.88265 1.9435 8 
0.0797192 0.0895361 8 
0.0362 0.0380409 8 
2.02156 2.06293 9 
1.91064 1.92554 9 
1.84141 2.12867 9 
1.59613 2.23889 9 
1.09002 1.11328 9 
1.9431 2.01409 10 
1.9379 2.31382 10 
1.93784 2.31363 10 
1.86511 2.25303 10 
1.86493 2.21928 10 
1.5225 1.54806 10 
1.39018 1.9101 10 
1.10092 1.12892 10 
0.785427 0.785571 10 
0.14911 0.150219 10 
0.0770984 0.083201 10 
0.0722564 0.0847122 10 
1.9981 2.76134 11 
1.99775 2.86962 11 
1.68915 1.72929 11 
1.54983 1.65493 11 
0.665105 0.707013 11 
1.96656 2.06694 12 
1.91021 1.95081 12 
1.91014 1.95145 12 
1.88188 1.92587 12 
1.76808 2.15033 12 
1.63695 2.04381 12 
1.4117 1.4303 12 
0.588731 0.606581 12 
1.55543 1.58809 13 
1.21214 1.27694 13 
1.17164 1.21281 13 
1.16598 1.22492 13 
1.16259 1.26207 13 
1.14895 1.19658 13 
1.1216 1.15898 13 
1.12033 1.23158 13 
0.998839 1.03134 14 
0.971045 1.04391 14 
0.967178 1.13803 14 
1.91742 2.22514 15 
1.91694 2.2248 15 
1.91688 2.2253 15 
1.77673 1.99129 15 
1.77629 1.99082 15 
1.7678 1.97722 15 
0.880907 0.937146 15 
0.854137 1.0422 15 
1.94554 2.41132 16 
1.94552 2.41073 16 
1.94542 2.41093 16 
1.76591 1.78282 17 
1.71716 1.73229 17 
1.66941 1.89834 17 
1.6659 1.90866 17 
1.66516 1.90685 17 
1.15256 1.19612 17 
1.15208 1.1962 17 
1.14736 1.19526 17 
2.0581 2.13965 18 
1.77734 2.15654 18 
1.77732 2.08068 18 
1.77708 2.07999 18 
1.20376 1.22703 19 
1.20257 1.24264 19 
1.54999 1.5672 20 
1.54873 1.56245 20 
1.16883 1.17312 20 
0.769404 0.828252 20 
