4.00813 6.82247 1 
1.2148 3.05696 1 
0.157781 0.17162 1 
0.152346 0.154025 1 
0.141597 0.153557 1 
0.121212 0.1458 1 
0.0974329 0.0988787 1 
0.0848779 0.0984295 1 
0.0780141 0.118996 1 
0.0763994 0.0802496 1 
0.073325 0.0835077 1 
0.0713609 0.0722279 1 
0.070863 0.0727152 1 
0.0689543 0.0722279 1 
0.067264 0.07663 1 
0.059422 0.0626219 1 
0.0592769 0.0594283 1 
0.0592698 0.0606054 1 
0.0580657 0.0623388 1 
0.0573019 0.0644379 1 
0.0537793 0.0550834 1 
0.0537791 0.0634658 1 
0.053117 0.0692187 1 
0.052112 0.0702283 1 
0.0487585 0.0568286 1 
0.0482171 0.0529563 1 
0.0482171 0.0529563 1 
0.0480311 0.0484039 1 
0.0433745 0.0480314 1 
0.0421235 0.0421235 1 
0.0410617 0.0455695 1 
0.0401871 0.0417072 1 
0.039967 0.0419171 1 
0.0309566 0.0401874 1 
5.01393 5.22419 2 
5.01366 5.14266 2 
3.57902 5.22614 2 
0.986925 4.05239 2 
0.206626 0.210666 2 
0.17521 0.176211 2 
0.148154 0.161061 2 
0.137663 0.138558 2 
0.113422 0.117645 2 
0.112951 0.11959 2 
0.102144 0.110971 2 
0.0813505 0.0817841 2 
0.080368 0.130449 2 
0.0717354 0.0923904 2 
0.0640174 0.0769788 2 
0.0617594 0.0736838 2 
0.0582116 0.0716071 2 
0.0565158 0.0614779 2 
0.0563588 0.0688275 2 
0.0557286 0.0644346 2 
0.0544346 0.0649824 2 
0.0435786 0.0441892 2 
0.0401826 0.0401836 2 
0.0362366 0.0374407 2 
0.0320817 0.0374446 2 
3.72323 3.85416 3 
3.72113 3.85195 3 
2.77111 3.88633 3 
0.901638 4.20648 3 
0.201535 0.20473 3 
0.160126 0.163091 3 
0.142975 0.153398 3 
0.111367 0.112002 3 
0.109684 0.156824 3 
0.109196 0.120398 3 
0.076285 0.0831813 3 
0.0610487 0.0633281 3 
0.0592748 0.0651258 3 
0.0589714 0.0656672 3 
0.053117 0.0611854 3 
0.0414873 0.0433714 3 
2.30762 2.55006 4 
2.2836 2.30577 4 
2.27493 2.54301 4 
2.26787 2.55643 4 
0.84224 0.866702 4 
0.83809 4.02487 4 
0.138236 0.142292 4 
0.130516 0.161396 4 
0.122734 0.125805 4 
0.0999384 0.10162 4 
0.0687023 0.072474 4 
0.053286 0.0574527 4 
0.0388369 0.0399658 4 
3.55344 3.55406 5 
1.62362 1.66462 5 
1.43105 3.59963 5 
0.0546 0.0592755 5 
0.0541104 0.0606075 5 
0.0480301 0.056361 5 
0.0459554 0.0496652 5 
3.24508 3.27278 6 
3.2448 3.25783 6 
1.77982 3.24033 6 
1.51788 1.70153 6 
1.35619 1.4209 6 
1.33696 1.36589 6 
0.0744019 0.0755853 6 
0.0688305 0.0751132 6 
0.0522737 0.0527839 6 
2.47771 2.66949 7 
2.47402 2.75409 7 
2.47388 2.81808 7 
2.30178 2.84739 7 
1.27822 1.33344 7 
1.13782 1.13996 7 
1.12941 1.13747 7 
0.0498419 0.050899 7 
0.0465268 0.0501969 7 
0.0401843 0.0467197 7 
0.03929 0.0410578 7 
2.34533 2.38012 8 
2.17038 2.40543 8 
2.03726 3.31066 8 
1.96319 2.44692 8 
0.0805877 0.0849814 8 
2.37807 2.50172 9 
2.02392 2.18652 9 
2.01576 2.02128 9 
1.61805 2.20525 9 
1.22351 1.34218 9 
0.107726 0.116816 9 
0.0453689 0.046145 9 
1.94849 2.11146 10 
1.93601 2.0009 10 
1.93547 2.00046 10 
1.9338 2.3252 10 
1.9338 2.35897 10 
1.8795 2.10267 10 
1.81065 1.83354 10 
1.31141 1.93799 10 
1.19863 1.34487 10 
0.666413 0.679363 10 
0.0869427 0.0905416 10 
2.05734 2.77998 11 
2.05611 2.71001 11 
1.63118 1.7087 11 
0.596109 0.645117 11 
1.76535 1.88368 12 
1.76484 1.90471 12 
1.67141 1.83582 12 
1.65069 1.78213 12 
1.61881 1.67279 12 
1.58747 1.81348 12 
1.54305 1.80147 12 
1.38619 1.46288 13 
1.37483 1.45482 13 
1.3708 1.47113 13 
0.975991 1.12222 13 
1.18311 1.22318 14 
0.981972 1.12535 14 
0.746315 0.748532 14 
0.719886 0.720866 14 
1.79054 2.03425 15 
1.79027 2.03387 15 
1.78996 2.02664 15 
1.05267 1.08436 15 
1.02698 1.13195 15 
1.0068 1.01875 15 
0.9771 1.15213 15 
2.01317 2.49531 16 
2.01316 2.49496 16 
2.01283 2.49469 16 
1.35169 1.36312 16 
0.618194 0.646027 16 
1.76526 1.80151 17 
1.75567 1.8056 17 
1.74508 1.80596 17 
1.84249 1.91813 18 
1.52515 2.11512 18 
1.52431 2.0988 18 
1.48788 1.70409 19 
1.11311 1.12047 19 
1.21173 1.32174 20 
1.20973 1.55967 20 
1.20439 1.31884 20 
0.667091 0.681115 20 
0.666998 0.681779 20 
0.584533 0.66339 20 
0.531817 0.580319 20 
