0 0.0159233 1 
0 0.0159291 1 
0 0.01839 1 
0 0.0184 1 
0 0.0200372 1 
0 0.0205553 1 
0 0.0210629 1 
0 0.0234359 1 
0 0.0234362 1 
0 0.0238832 1 
0 0.0247517 1 
0 0.026001 1 
0 0.0260014 1 
0 0.0268012 1 
0 0.0268014 1 
0 0.0290677 1 
0 0.0301383 1 
0 0.0308324 1 
0 0.0308324 1 
0 0.0315141 1 
0 0.0340862 1 
0 0.0350036 1 
0 0.035302 1 
0 0.0356039 1 
0 0.0364748 1 
0 0.0376221 1 
0 0.0387282 1 
0 0.0387282 1 
0 0.038733 1 
0 0.0395347 1 
0 0.0395381 1 
0 0.0398014 1 
0 0.0400709 1 
0 0.0405853 1 
0 0.0408508 1 
0 0.0408531 1 
0 0.0413633 1 
0 0.0418718 1 
0 0.0428738 1 
0 0.0431209 1 
0 0.0438445 1 
0 0.0445564 1 
0 0.045036 1 
0 0.0452712 1 
0 0.045962 1 
0 0.0464142 1 
0 0.0464201 1 
0 0.0466514 1 
0 0.0484241 1 
0 0.0490761 1 
0 0.0492925 1 
0 0.0492959 1 
0 0.0499347 1 
0 0.0511829 1 
0 0.0515948 1 
0 0.0524033 1 
0 0.053985 1 
0 0.0541907 1 
0 0.0547759 1 
0 0.0564788 1 
0 0.0575948 1 
0 0.0577774 1 
0 0.0579581 1 
0 0.0581503 1 
0 0.0594018 1 
0 0.0599295 1 
0 0.0599307 1 
0 0.0626861 1 
0 0.0635241 1 
0 0.0636976 1 
0 0.0653203 1 
0 0.0661283 1 
0 0.06661 1 
0 0.0690993 1 
0 0.0788088 1 
0 0.079078 1 
0 0.0805347 1 
0 0.0861135 1 
0 0.0870923 1 
0 0.0876939 1 
0 0.0901887 1 
0 0.0959739 1 
0 0.0967428 1 
0 0.105718 1 
0 0.106214 1 
0 0.110407 1 
0 0.113525 1 
0 0.117183 1 
0 0.119243 1 
0 0.122474 1 
0 0.125962 1 
0 0.134869 1 
0 0.139719 1 
0 0.146008 1 
0 0.151194 1 
0 0.173574 1 
0 0.183282 1 
0 0.185796 1 
0 0.186593 1 
0 0.203486 1 
0 0.211137 1 
0 0.260942 1 
0 0.366617 1 
0 0.447508 1 
0 0.459844 1 
0 0.503399 1 
0 0.540174 1 
0 0.549665 1 
0 0.619101 1 
0 0.623543 1 
0 0.63265 1 
0 0.675294 1 
0 0.67885 1 
0 0.705392 1 
0 0.714668 1 
0 0.814478 1 
0 0.877585 1 
0 0.912302 1 
0 0.965522 1 
0 1.02951 1 
0 1.38717 1 
0 1.41426 1 
0 1.46598 1 
0 2.13441 1 
0 2.63196 1 
0 2.74412 1 
0 2.94711 1 
0 3.86654 1 
0 4.22789 1 
0 4.3506 1 
0 4.36536 1 
0 inf 1 
0 0.019502 2 
0 0.0205606 2 
0 0.0225129 2 
0 0.0238836 2 
0 0.0243239 2 
0 0.0243258 2 
0 0.0243258 2 
0 0.0264024 2 
0 0.0271922 2 
0 0.0271924 2 
0 0.0283333 2 
0 0.0287044 2 
0 0.0297878 2 
0 0.0301415 2 
0 0.030142 2 
0 0.0304873 2 
0 0.0308333 2 
0 0.0311796 2 
0 0.0315107 2 
0 0.03217 2 
0 0.0356056 2 
0 0.0364799 2 
0 0.036775 2 
0 0.03678 2 
0 0.0373386 2 
0 0.037346 2 
0 0.0376294 2 
0 0.0381876 2 
0 0.0387259 2 
0 0.03927 2 
0 0.0395451 2 
0 0.0398055 2 
0 0.0398067 2 
0 0.0408542 2 
0 0.0416238 2 
0 0.0418718 2 
0 0.041875 2 
0 0.0423773 2 
0 0.0450308 2 
0 0.0457312 2 
0 0.0464122 2 
0 0.0466455 2 
0 0.0466465 2 
0 0.0470979 2 
0 0.0470979 2 
0 0.0471038 2 
0 0.04799 2 
0 0.0497104 2 
0 0.0497205 2 
0 0.0501379 2 
0 0.0509678 2 
0 0.0524051 2 
0 0.0524068 2 
0 0.0524068 2 
0 0.0532065 2 
0 0.0535993 2 
0 0.0541952 2 
0 0.0555353 2 
0 0.0585 2 
0 0.0614969 2 
0 0.0648366 2 
0 0.0651634 2 
0 0.0680209 2 
0 0.0684822 2 
0 0.0738303 2 
0 0.0767747 2 
0 0.0815823 2 
0 0.0847504 2 
0 0.0865995 2 
0 0.0984765 2 
0 0.0985835 2 
0 0.110883 2 
0 0.112872 2 
0 0.113618 2 
0 0.116283 2 
0 0.116918 2 
0 0.122643 2 
0 0.128862 2 
0 0.140392 2 
0 0.167748 2 
0 0.177002 2 
0 0.178079 2 
0 0.181484 2 
0 0.18862 2 
0 0.19002 2 
0 0.192774 2 
0 0.192774 2 
0 0.209834 2 
0 0.210174 2 
0 0.265673 2 
0 0.282663 2 
0 0.321882 2 
0 0.34568 2 
0 0.391773 2 
0 0.461264 2 
0 0.463789 2 
0 0.519628 2 
0 0.52593 2 
0 0.560203 2 
0 0.569128 2 
0 0.590167 2 
0 0.605544 2 
0 0.673455 2 
0 0.694953 2 
0 0.702529 2 
0 0.721127 2 
0 0.743437 2 
0 0.754958 2 
0 0.768098 2 
0 0.768758 2 
0 0.79777 2 
0 0.806932 2 
0 0.813727 2 
0 1.18599 2 
0 1.21774 2 
0 1.75527 2 
0 2.07303 2 
0 2.11363 2 
0 2.61418 2 
0 2.91296 2 
0 3.251 2 
0 3.25709 2 
0 3.34117 2 
0 3.38696 2 
0 3.59003 2 
0 3.59367 2 
0 3.6387 2 
0 inf 2 
0 0.0220431 3 
0 0.0243221 3 
0 0.030141 3 
0 0.0304888 3 
0 0.0321814 3 
0 0.0325012 3 
0 0.036775 3 
0 0.0398072 3 
0 0.0411146 3 
0 0.0421259 3 
0 0.0423795 3 
0 0.0457347 3 
0 0.045735 3 
0 0.0466415 3 
0 0.0473222 3 
0 0.0475449 3 
0 0.0475452 3 
0 0.0484194 3 
0 0.0484254 3 
0 0.0486471 3 
0 0.0490762 3 
0 0.0501365 3 
0 0.0505582 3 
0 0.0511857 3 
0 0.0515936 3 
0 0.0522055 3 
0 0.0524068 3 
0 0.052597 3 
0 0.0528085 3 
0 0.0532026 3 
0 0.0534007 3 
0 0.0534065 3 
0 0.0539886 3 
0 0.0547667 3 
0 0.0547692 3 
0 0.0547801 3 
0 0.0549603 3 
0 0.0549617 3 
0 0.0562906 3 
0 0.0570369 3 
0 0.0572286 3 
0 0.0575892 3 
0 0.0602814 3 
0 0.0608063 3 
0 0.0631865 3 
0 0.0633529 3 
0 0.0638513 3 
0 0.064016 3 
0 0.0653283 3 
0 0.065804 3 
0 0.0658082 3 
0 0.0658082 3 
0 0.06895 3 
0 0.0694082 3 
0 0.0840034 3 
0 0.0870858 3 
0 0.0879344 3 
0 0.0899599 3 
0 0.090302 3 
0 0.0908863 3 
0 0.091696 3 
0 0.0939752 3 
0 0.0945293 3 
0 0.095752 3 
0 0.101433 3 
0 0.101434 3 
0 0.102777 3 
0 0.103905 3 
0 0.112307 3 
0 0.147011 3 
0 0.15882 3 
0 0.178493 3 
0 0.184088 3 
0 0.185516 3 
0 0.186028 3 
0 0.188229 3 
0 0.311503 3 
0 0.314785 3 
0 0.326242 3 
0 0.377071 3 
0 0.392842 3 
0 0.427299 3 
0 0.430269 3 
0 0.449589 3 
0 0.451894 3 
0 0.452667 3 
0 0.465843 3 
0 0.523678 3 
0 0.528495 3 
0 0.552258 3 
0 0.602967 3 
0 0.613943 3 
0 0.619445 3 
0 0.630799 3 
0 0.631049 3 
0 0.635358 3 
0 0.655029 3 
0 0.66226 3 
0 0.674584 3 
0 0.70796 3 
0 0.710063 3 
0 0.733851 3 
0 0.735511 3 
0 0.743758 3 
0 0.752445 3 
0 0.95421 3 
0 1.20126 3 
0 1.62856 3 
0 1.64631 3 
0 1.71077 3 
0 1.7236 3 
0 1.85072 3 
0 2.09447 3 
0 2.09725 3 
0 2.09743 3 
0 2.85418 3 
0 3.04959 3 
0 3.06542 3 
0 3.11377 3 
0 3.11941 3 
0 3.11941 3 
0 3.5279 3 
0 3.53648 3 
0 inf 3 
0 0.0205562 4 
0 0.0205571 4 
0 0.022519 4 
0 0.022982 4 
0 0.022982 4 
0 0.0238837 4 
0 0.0251753 4 
0 0.0311737 4 
0 0.0311801 4 
0 0.0318466 4 
0 0.0321743 4 
0 0.0325063 4 
0 0.0337771 4 
0 0.0340929 4 
0 0.0378986 4 
0 0.0398037 4 
0 0.0416206 4 
0 0.0418747 4 
0 0.0418749 4 
0 0.042127 4 
0 0.0433656 4 
0 0.044087 4 
0 0.04504 4 
0 0.0457286 4 
0 0.0457314 4 
0 0.0477661 4 
0 0.0477669 4 
0 0.047988 4 
0 0.048208 4 
0 0.0501416 4 
0 0.0519958 4 
0 0.0526083 4 
0 0.053405 4 
0 0.053991 4 
0 0.0547754 4 
0 0.0549585 4 
0 0.0572147 4 
0 0.0593953 4 
0 0.0640175 4 
0 0.0648414 4 
0 0.0656549 4 
0 0.0667645 4 
0 0.0672382 4 
0 0.0767788 4 
0 0.0769154 4 
0 0.0806641 4 
0 0.0814525 4 
0 0.0827324 4 
0 0.0847502 4 
0 0.0856237 4 
0 0.0863581 4 
0 0.0874545 4 
0 0.0878091 4 
0 0.0905389 4 
0 0.0950909 4 
0 0.0950932 4 
0 0.0952008 4 
0 0.0984742 4 
0 0.101955 4 
0 0.126128 4 
0 0.129921 4 
0 0.131131 4 
0 0.167435 4 
0 0.17778 4 
0 0.17955 4 
0 0.180551 4 
0 0.181484 4 
0 0.206578 4 
0 0.364951 4 
0 0.373412 4 
0 0.3917 4 
0 0.394136 4 
0 0.412778 4 
0 0.440177 4 
0 0.44575 4 
0 0.447522 4 
0 0.497442 4 
0 0.543256 4 
0 0.544339 4 
0 0.545213 4 
0 0.552111 4 
0 0.558472 4 
0 0.597199 4 
0 0.60108 4 
0 0.612484 4 
0 0.613965 4 
0 0.618321 4 
0 0.627649 4 
0 0.627866 4 
0 0.649302 4 
0 0.650343 4 
0 0.661091 4 
0 0.666818 4 
0 0.696488 4 
0 0.701852 4 
0 0.708145 4 
0 0.753056 4 
0 0.765728 4 
0 0.96547 4 
0 1.15234 4 
0 1.18573 4 
0 1.18893 4 
0 1.19722 4 
0 1.22647 4 
0 1.294 4 
0 1.65125 4 
0 1.69298 4 
0 1.90938 4 
0 2.06327 4 
0 2.082 4 
0 2.18326 4 
0 2.18384 4 
0 2.18477 4 
0 2.34803 4 
0 2.63132 4 
0 2.65165 4 
0 2.85488 4 
0 2.85502 4 
0 2.8553 4 
0 inf 4 
0 0.0243225 5 
0 0.0260024 5 
0 0.0301408 5 
0 0.0318472 5 
0 0.0325038 5 
0 0.0325049 5 
0 0.0358955 5 
0 0.0370591 5 
0 0.0403302 5 
0 0.0403409 5 
0 0.0405921 5 
0 0.0405921 5 
0 0.0426172 5 
0 0.042876 5 
0 0.0433688 5 
0 0.0445563 5 
0 0.0445564 5 
0 0.0445649 5 
0 0.0445656 5 
0 0.0447948 5 
0 0.047094 5 
0 0.0471009 5 
0 0.0477667 5 
0 0.0482071 5 
0 0.0505609 5 
0 0.0505645 5 
0 0.0515903 5 
0 0.051591 5 
0 0.0538049 5 
0 0.0541898 5 
0 0.0543874 5 
0 0.0543907 5 
0 0.0551522 5 
0 0.0564829 5 
0 0.0570366 5 
0 0.0570389 5 
0 0.0579532 5 
0 0.0579578 5 
0 0.0592257 5 
0 0.0599259 5 
0 0.0648368 5 
0 0.0677154 5 
0 0.0689421 5 
0 0.0760831 5 
0 0.0789424 5 
0 0.0866028 5 
0 0.0868446 5 
0 0.0894825 5 
0 0.0895972 5 
0 0.0908884 5 
0 0.0912366 5 
0 0.097936 5 
0 0.102263 5 
0 0.108964 5 
0 0.123422 5 
0 0.191782 5 
0 0.193705 5 
0 0.194795 5 
0 0.234954 5 
0 0.311774 5 
0 0.336441 5 
0 0.369801 5 
0 0.369858 5 
0 0.371087 5 
0 0.424381 5 
0 0.433479 5 
0 0.459158 5 
0 0.476056 5 
0 0.478071 5 
0 0.497107 5 
0 0.503379 5 
0 0.503693 5 
0 0.506717 5 
0 0.543233 5 
0 0.559331 5 
0 0.577003 5 
0 0.589794 5 
0 0.602618 5 
0 0.619694 5 
0 0.623645 5 
0 0.625884 5 
0 0.629715 5 
0 0.630039 5 
0 0.631524 5 
0 0.64345 5 
0 0.696429 5 
0 0.697474 5 
0 0.699289 5 
0 0.734461 5 
0 0.764493 5 
0 0.992059 5 
0 1.11964 5 
0 1.14674 5 
0 1.14687 5 
0 1.14974 5 
0 1.18148 5 
0 1.25008 5 
0 1.27703 5 
0 1.28586 5 
0 1.32557 5 
0 1.37504 5 
0 1.66583 5 
0 1.7246 5 
0 1.74356 5 
0 1.88673 5 
0 1.88716 5 
0 1.96873 5 
0 2.05955 5 
0 2.08242 5 
0 2.08317 5 
0 2.09432 5 
0 2.09472 5 
0 2.09486 5 
0 2.09603 5 
0 2.1026 5 
0 inf 5 
0 0.022519 6 
0 0.026804 6 
0 0.0297853 6 
0 0.0304898 6 
0 0.0325061 6 
0 0.0331457 6 
0 0.0359015 6 
0 0.0370541 6 
0 0.0381828 6 
0 0.0403284 6 
0 0.0403299 6 
0 0.0408549 6 
0 0.0436034 6 
0 0.0464201 6 
0 0.0475507 6 
0 0.0477623 6 
0 0.0482121 6 
0 0.0486447 6 
0 0.048645 6 
0 0.0509753 6 
0 0.0511817 6 
0 0.0511826 6 
0 0.0532065 6 
0 0.0532074 6 
0 0.0533987 6 
0 0.0539961 6 
0 0.0541913 6 
0 0.0553448 6 
0 0.0583217 6 
0 0.0585013 6 
0 0.0585013 6 
0 0.0613214 6 
0 0.0645121 6 
0 0.0689397 6 
0 0.076501 6 
0 0.0788082 6 
0 0.0831222 6 
0 0.0935188 6 
0 0.0935192 6 
0 0.0939694 6 
0 0.0941981 6 
0 0.0944202 6 
0 0.0971787 6 
0 0.0972895 6 
0 0.102368 6 
0 0.122991 6 
0 0.131135 6 
0 0.161266 6 
0 0.164572 6 
0 0.209573 6 
0 0.238084 6 
0 0.238746 6 
0 0.249603 6 
0 0.272888 6 
0 0.360846 6 
0 0.367257 6 
0 0.368836 6 
0 0.369573 6 
0 0.395132 6 
0 0.404638 6 
0 0.42881 6 
0 0.440574 6 
0 0.443751 6 
0 0.476566 6 
0 0.481857 6 
0 0.494129 6 
0 0.499747 6 
0 0.540913 6 
0 0.563171 6 
0 0.587911 6 
0 0.588315 6 
0 0.59469 6 
0 0.595045 6 
0 0.596897 6 
0 0.620581 6 
0 0.62167 6 
0 0.669369 6 
0 0.672141 6 
0 0.674627 6 
0 0.677489 6 
0 0.683548 6 
0 0.68429 6 
0 0.685548 6 
0 0.859693 6 
0 0.874171 6 
0 0.946706 6 
0 1.09773 6 
0 1.10129 6 
0 1.10249 6 
0 1.10737 6 
0 1.10942 6 
0 1.11151 6 
0 1.11729 6 
0 1.14258 6 
0 1.15143 6 
0 1.19269 6 
0 1.21793 6 
0 1.22908 6 
0 1.3247 6 
0 1.32854 6 
0 1.54805 6 
0 1.67793 6 
0 1.78066 6 
0 1.78083 6 
0 1.7828 6 
0 1.80985 6 
0 1.82255 6 
0 1.99317 6 
0 2.01912 6 
0 2.02791 6 
0 2.14096 6 
0 inf 6 
0 0.0268001 7 
0 0.0321672 7 
0 0.0358985 7 
0 0.038178 7 
0 0.0392638 7 
0 0.0411059 7 
0 0.0411118 7 
0 0.0413711 7 
0 0.042127 7 
0 0.0423806 7 
0 0.0440925 7 
0 0.0443255 7 
0 0.0447946 7 
0 0.0459645 7 
0 0.0477675 7 
0 0.0479878 7 
0 0.0495045 7 
0 0.0511825 7 
0 0.0513893 7 
0 0.0534046 7 
0 0.0545844 7 
0 0.0551538 7 
0 0.0561089 7 
0 0.0581366 7 
0 0.0581366 7 
0 0.0633522 7 
0 0.0645183 7 
0 0.0653269 7 
0 0.0672334 7 
0 0.0726793 7 
0 0.0789494 7 
0 0.0844998 7 
0 0.0882996 7 
0 0.092272 7 
0 0.093975 7 
0 0.0945298 7 
0 0.0952018 7 
0 0.113708 7 
0 0.116732 7 
0 0.124866 7 
0 0.131701 7 
0 0.135269 7 
0 0.220914 7 
0 0.234007 7 
0 0.260084 7 
0 0.27259 7 
0 0.294638 7 
0 0.29806 7 
0 0.317781 7 
0 0.320761 7 
0 0.321156 7 
0 0.371198 7 
0 0.378107 7 
0 0.385083 7 
0 0.396196 7 
0 0.431519 7 
0 0.450564 7 
0 0.456662 7 
0 0.467139 7 
0 0.467953 7 
0 0.490736 7 
0 0.497099 7 
0 0.507598 7 
0 0.536728 7 
0 0.539035 7 
0 0.575818 7 
0 0.586292 7 
0 0.596028 7 
0 0.599932 7 
0 0.605714 7 
0 0.609365 7 
0 0.629282 7 
0 0.629663 7 
0 0.635246 7 
0 0.636604 7 
0 0.637983 7 
0 0.661986 7 
0 0.664422 7 
0 0.67017 7 
0 0.670926 7 
0 0.721497 7 
0 0.761141 7 
0 0.91862 7 
0 1.10414 7 
0 1.10476 7 
0 1.10877 7 
0 1.13973 7 
0 1.15166 7 
0 1.23265 7 
0 1.2911 7 
0 1.36835 7 
0 1.4497 7 
0 1.48066 7 
0 1.48252 7 
0 1.50289 7 
0 1.50289 7 
0 1.50624 7 
0 1.63912 7 
0 1.64275 7 
0 1.64288 7 
0 1.65889 7 
0 1.66476 7 
0 1.68867 7 
0 1.68877 7 
0 1.72612 7 
0 1.95338 7 
0 2.39797 7 
0 inf 7 
0 0.0283369 8 
0 0.0321771 8 
0 0.0334642 8 
0 0.0337775 8 
0 0.0373386 8 
0 0.039277 8 
0 0.0395393 8 
0 0.0418727 8 
0 0.0431124 8 
0 0.0464184 8 
0 0.049508 8 
0 0.0535999 8 
0 0.05419 8 
0 0.0541905 8 
0 0.0586761 8 
0 0.0586761 8 
0 0.0597531 8 
0 0.0613215 8 
0 0.0638505 8 
0 0.0666086 8 
0 0.0672368 8 
0 0.0758101 8 
0 0.080008 8 
0 0.0827328 8 
0 0.088892 8 
0 0.0923868 8 
0 0.0923892 8 
0 0.0966281 8 
0 0.0984743 8 
0 0.102364 8 
0 0.107211 8 
0 0.112019 8 
0 0.122903 8 
0 0.127461 8 
0 0.189801 8 
0 0.193865 8 
0 0.195222 8 
0 0.198443 8 
0 0.229321 8 
0 0.236524 8 
0 0.236799 8 
0 0.252668 8 
0 0.32047 8 
0 0.347629 8 
0 0.356539 8 
0 0.358313 8 
0 0.365891 8 
0 0.366238 8 
0 0.373327 8 
0 0.394134 8 
0 0.403325 8 
0 0.40993 8 
0 0.428003 8 
0 0.433892 8 
0 0.482216 8 
0 0.493243 8 
0 0.49405 8 
0 0.502747 8 
0 0.514625 8 
0 0.541069 8 
0 0.565161 8 
0 0.565834 8 
0 0.584325 8 
0 0.624271 8 
0 0.626028 8 
0 0.640094 8 
0 0.645762 8 
0 0.67145 8 
0 0.673371 8 
0 0.675215 8 
0 0.698928 8 
0 0.707338 8 
0 0.734072 8 
0 0.744697 8 
0 0.758413 8 
0 0.759859 8 
0 0.897326 8 
0 0.900159 8 
0 0.916891 8 
0 0.942323 8 
0 0.958853 8 
0 0.973822 8 
0 1.08453 8 
0 1.10733 8 
0 1.10886 8 
0 1.11288 8 
0 1.12188 8 
0 1.12763 8 
0 1.20377 8 
0 1.23745 8 
0 1.318 8 
0 1.3314 8 
0 1.33549 8 
0 1.35823 8 
0 1.38485 8 
0 1.39392 8 
0 1.48514 8 
0 1.62431 8 
0 1.62441 8 
0 1.64469 8 
0 1.64526 8 
0 1.66241 8 
0 1.66332 8 
0 inf 8 
0 0.0308384 9 
0 0.0384541 9 
0 0.0418852 9 
0 0.0461933 9 
0 0.0477648 9 
0 0.0486359 9 
0 0.0517936 9 
0 0.05592 9 
0 0.0564818 9 
0 0.0633573 9 
0 0.0648368 9 
0 0.0666061 9 
0 0.0666141 9 
0 0.0670807 9 
0 0.0725462 9 
0 0.0798724 9 
0 0.0834956 9 
0 0.0852569 9 
0 0.0886526 9 
0 0.0914669 9 
0 0.091696 9 
0 0.0992248 9 
0 0.102673 9 
0 0.118615 9 
0 0.126795 9 
0 0.145141 9 
0 0.148595 9 
0 0.167888 9 
0 0.172228 9 
0 0.18902 9 
0 0.199821 9 
0 0.206528 9 
0 0.215742 9 
0 0.240727 9 
0 0.286604 9 
0 0.301395 9 
0 0.30267 9 
0 0.303072 9 
0 0.354224 9 
0 0.369715 9 
0 0.37631 9 
0 0.391315 9 
0 0.397442 9 
0 0.403487 9 
0 0.405254 9 
0 0.408609 9 
0 0.409815 9 
0 0.440167 9 
0 0.442256 9 
0 0.459236 9 
0 0.467339 9 
0 0.484135 9 
0 0.488631 9 
0 0.538545 9 
0 0.545566 9 
0 0.560333 9 
0 0.560333 9 
0 0.585643 9 
0 0.632064 9 
0 0.632825 9 
0 0.633733 9 
0 0.634343 9 
0 0.646156 9 
0 0.646941 9 
0 0.686027 9 
0 0.689344 9 
0 0.720246 9 
0 0.746814 9 
0 0.761285 9 
0 0.772948 9 
0 0.794739 9 
0 0.834619 9 
0 0.901356 9 
0 0.912293 9 
0 0.928658 9 
0 0.952267 9 
0 1.01824 9 
0 1.10427 9 
0 1.10439 9 
0 1.13576 9 
0 1.14323 9 
0 1.23297 9 
0 1.23722 9 
0 1.23736 9 
0 1.28663 9 
0 1.28675 9 
0 1.32489 9 
0 1.32927 9 
0 1.33923 9 
0 1.34112 9 
0 1.35801 9 
0 1.35822 9 
0 1.62273 9 
0 1.62337 9 
0 1.65675 9 
0 1.74178 9 
0 1.74194 9 
0 2.15684 9 
0 2.1623 9 
0 inf 9 
0 0.0271965 10 
0 0.0384648 10 
0 0.0400675 10 
0 0.0421271 10 
0 0.0443285 10 
0 0.0499291 10 
0 0.0501411 10 
0 0.0501635 10 
0 0.0577738 10 
0 0.0645149 10 
0 0.0728139 10 
0 0.0822185 10 
0 0.0853706 10 
0 0.0931775 10 
0 0.0972876 10 
0 0.100607 10 
0 0.116917 10 
0 0.120732 10 
0 0.127451 10 
0 0.140095 10 
0 0.15314 10 
0 0.185302 10 
0 0.190346 10 
0 0.211232 10 
0 0.236298 10 
0 0.246754 10 
0 0.247179 10 
0 0.265278 10 
0 0.276006 10 
0 0.282407 10 
0 0.297234 10 
0 0.298094 10 
0 0.312244 10 
0 0.323705 10 
0 0.32527 10 
0 0.32527 10 
0 0.347023 10 
0 0.352117 10 
0 0.356144 10 
0 0.373864 10 
0 0.391673 10 
0 0.393395 10 
0 0.398831 10 
0 0.403905 10 
0 0.424761 10 
0 0.436926 10 
0 0.43947 10 
0 0.452504 10 
0 0.496212 10 
0 0.496468 10 
0 0.52163 10 
0 0.521934 10 
0 0.541615 10 
0 0.58557 10 
0 0.607372 10 
0 0.607373 10 
0 0.643252 10 
0 0.645219 10 
0 0.651723 10 
0 0.654877 10 
0 0.658514 10 
0 0.665457 10 
0 0.680295 10 
0 0.682373 10 
0 0.682388 10 
0 0.911308 10 
0 0.91808 10 
0 0.920418 10 
0 0.921393 10 
0 0.937723 10 
0 0.965045 10 
0 1.00295 10 
0 1.05595 10 
0 1.07986 10 
0 1.08174 10 
0 1.10382 10 
0 1.10382 10 
0 1.15234 10 
0 1.20951 10 
0 1.20964 10 
0 1.22188 10 
0 1.22239 10 
0 1.22244 10 
0 1.226 10 
0 1.32527 10 
0 1.32536 10 
0 1.42293 10 
0 1.42305 10 
0 1.62331 10 
0 1.62492 10 
0 1.65735 10 
0 1.66112 10 
0 1.66143 10 
0 1.80809 10 
0 1.80827 10 
0 inf 10 
0 0.0387231 11 
0 0.0436077 11 
0 0.0447997 11 
0 0.0536155 11 
0 0.0673952 11 
0 0.069099 11 
0 0.0729642 11 
0 0.0958684 11 
0 0.103901 11 
0 0.112133 11 
0 0.117711 11 
0 0.141374 11 
0 0.155392 11 
0 0.161863 11 
0 0.171547 11 
0 0.188068 11 
0 0.191066 11 
0 0.220431 11 
0 0.234689 11 
0 0.237146 11 
0 0.258662 11 
0 0.260772 11 
0 0.271422 11 
0 0.273479 11 
0 0.275743 11 
0 0.278065 11 
0 0.287995 11 
0 0.335956 11 
0 0.336428 11 
0 0.337566 11 
0 0.34065 11 
0 0.349203 11 
0 0.371142 11 
0 0.392901 11 
0 0.402871 11 
0 0.403249 11 
0 0.407104 11 
0 0.407389 11 
0 0.444005 11 
0 0.444661 11 
0 0.462324 11 
0 0.464717 11 
0 0.511696 11 
0 0.54589 11 
0 0.566406 11 
0 0.56864 11 
0 0.56992 11 
0 0.603566 11 
0 0.604562 11 
0 0.609037 11 
0 0.618331 11 
0 0.626552 11 
0 0.637251 11 
0 0.646231 11 
0 0.646345 11 
0 0.658434 11 
0 0.663946 11 
0 0.698628 11 
0 0.706611 11 
0 0.706685 11 
0 0.706729 11 
0 0.707089 11 
0 0.752816 11 
0 0.804806 11 
0 0.861838 11 
0 0.864173 11 
0 0.8738 11 
0 0.873837 11 
0 0.899697 11 
0 0.91146 11 
0 0.969414 11 
0 1.09072 11 
0 1.10604 11 
0 1.10691 11 
0 1.11432 11 
0 1.14185 11 
0 1.14188 11 
0 1.15392 11 
0 1.15392 11 
0 1.1545 11 
0 1.18203 11 
0 1.19524 11 
0 1.19577 11 
0 1.20772 11 
0 1.31991 11 
0 1.40286 11 
0 1.62283 11 
0 1.62429 11 
0 1.63034 11 
0 1.63047 11 
0 1.63052 11 
0 inf 11 
0 0.0464209 12 
0 0.054382 12 
0 0.0543857 12 
0 0.0900845 12 
0 0.0964193 12 
0 0.113891 12 
0 0.150923 12 
0 0.161474 12 
0 0.175146 12 
0 0.175689 12 
0 0.189008 12 
0 0.206322 12 
0 0.207753 12 
0 0.21894 12 
0 0.257236 12 
0 0.263122 12 
0 0.26714 12 
0 0.270129 12 
0 0.289899 12 
0 0.304054 12 
0 0.322403 12 
0 0.324764 12 
0 0.325122 12 
0 0.333124 12 
0 0.337159 12 
0 0.343353 12 
0 0.345916 12 
0 0.352089 12 
0 0.356856 12 
0 0.361283 12 
0 0.362889 12 
0 0.397687 12 
0 0.398853 12 
0 0.407245 12 
0 0.412937 12 
0 0.414371 12 
0 0.442279 12 
0 0.455413 12 
0 0.463644 12 
0 0.467457 12 
0 0.46777 12 
0 0.468221 12 
0 0.46856 12 
0 0.488669 12 
0 0.503992 12 
0 0.521139 12 
0 0.565468 12 
0 0.566942 12 
0 0.569872 12 
0 0.590093 12 
0 0.59967 12 
0 0.616959 12 
0 0.618874 12 
0 0.639376 12 
0 0.640655 12 
0 0.645812 12 
0 0.651152 12 
0 0.653872 12 
0 0.655003 12 
0 0.658771 12 
0 0.66056 12 
0 0.664082 12 
0 0.671083 12 
0 0.801555 12 
0 0.809672 12 
0 0.860958 12 
0 0.869963 12 
0 0.889373 12 
0 0.889456 12 
0 0.890026 12 
0 0.944483 12 
0 1.00057 12 
0 1.00505 12 
0 1.01316 12 
0 1.10757 12 
0 1.10993 12 
0 1.11482 12 
0 1.11524 12 
0 1.11857 12 
0 1.36067 12 
0 1.36272 12 
0 1.36274 12 
0 1.62445 12 
0 1.62753 12 
0 1.64415 12 
0 1.64444 12 
0 1.64566 12 
0 inf 12 
0 0.0953214 13 
0 0.113705 13 
0 0.155066 13 
0 0.169692 13 
0 0.175571 13 
0 0.182819 13 
0 0.190297 13 
0 0.193211 13 
0 0.196956 13 
0 0.223486 13 
0 0.237549 13 
0 0.249219 13 
0 0.255125 13 
0 0.267502 13 
0 0.298028 13 
0 0.311274 13 
0 0.320635 13 
0 0.3208 13 
0 0.32195 13 
0 0.323265 13 
0 0.323267 13 
0 0.327754 13 
0 0.328783 13 
0 0.342139 13 
0 0.343217 13 
0 0.344322 13 
0 0.347089 13 
0 0.356772 13 
0 0.35772 13 
0 0.359907 13 
0 0.367966 13 
0 0.370922 13 
0 0.374071 13 
0 0.374141 13 
0 0.381965 13 
0 0.405886 13 
0 0.431885 13 
0 0.432251 13 
0 0.433813 13 
0 0.451778 13 
0 0.453272 13 
0 0.485849 13 
0 0.509081 13 
0 0.511808 13 
0 0.539056 13 
0 0.554625 13 
0 0.559133 13 
0 0.62121 13 
0 0.626417 13 
0 0.649077 13 
0 0.661715 13 
0 0.683079 13 
0 0.735818 13 
0 0.737869 13 
0 0.73804 13 
0 0.772187 13 
0 0.772528 13 
0 0.775545 13 
0 0.860451 13 
0 0.894997 13 
0 0.974831 13 
0 0.980185 13 
0 0.98026 13 
0 0.980744 13 
0 1.10389 13 
0 1.10588 13 
0 1.13208 13 
0 1.13216 13 
0 1.13216 13 
0 1.31307 13 
0 1.31319 13 
0 1.31375 13 
0 1.34884 13 
0 1.34884 13 
0 1.34972 13 
0 1.43478 13 
0 1.43524 13 
0 1.43549 13 
0 1.62553 13 
0 1.62787 13 
0 1.72708 13 
0 1.72725 13 
0 1.72924 13 
0 inf 13 
0 0.0575987 14 
0 0.0631867 14 
0 0.0789571 14 
0 0.132329 14 
0 0.139035 14 
0 0.198607 14 
0 0.214162 14 
0 0.25003 14 
0 0.255538 14 
0 0.25719 14 
0 0.288154 14 
0 0.292584 14 
0 0.293517 14 
0 0.315042 14 
0 0.31723 14 
0 0.317729 14 
0 0.319122 14 
0 0.320938 14 
0 0.3226 14 
0 0.332075 14 
0 0.332171 14 
0 0.33233 14 
0 0.332933 14 
0 0.347048 14 
0 0.355165 14 
0 0.356856 14 
0 0.358893 14 
0 0.359803 14 
0 0.361679 14 
0 0.362824 14 
0 0.362824 14 
0 0.375305 14 
0 0.380005 14 
0 0.380311 14 
0 0.382663 14 
0 0.393601 14 
0 0.457748 14 
0 0.460574 14 
0 0.469479 14 
0 0.469749 14 
0 0.518823 14 
0 0.521886 14 
0 0.548932 14 
0 0.550744 14 
0 0.629243 14 
0 0.630526 14 
0 0.65628 14 
0 0.664264 14 
0 0.715527 14 
0 0.719429 14 
0 0.720089 14 
0 0.725307 14 
0 0.85676 14 
0 0.905685 14 
0 0.981732 14 
0 1.0214 14 
0 1.10391 14 
0 1.10807 14 
0 1.11011 14 
0 1.22459 14 
0 1.22481 14 
0 1.22484 14 
0 1.25229 14 
0 1.25245 14 
0 1.25259 14 
0 1.29817 14 
0 1.29875 14 
0 1.29892 14 
0 1.32606 14 
0 1.32677 14 
0 1.32689 14 
0 1.62354 14 
0 1.62822 14 
0 1.66902 14 
0 1.66902 14 
0 1.66913 14 
0 1.88742 14 
0 1.90743 14 
0 1.90768 14 
0 inf 14 
0 0.0608028 15 
0 0.0759432 15 
0 0.0843937 15 
0 0.0940833 15 
0 0.125446 15 
0 0.148952 15 
0 0.149008 15 
0 0.150924 15 
0 0.153216 15 
0 0.190789 15 
0 0.193432 15 
0 0.196036 15 
0 0.198979 15 
0 0.198981 15 
0 0.236299 15 
0 0.251035 15 
0 0.270799 15 
0 0.274403 15 
0 0.274827 15 
0 0.290698 15 
0 0.304758 15 
0 0.329459 15 
0 0.331217 15 
0 0.333842 15 
0 0.333885 15 
0 0.333885 15 
0 0.3346 15 
0 0.339513 15 
0 0.343849 15 
0 0.34434 15 
0 0.37254 15 
0 0.378162 15 
0 0.413793 15 
0 0.41494 15 
0 0.415016 15 
0 0.415322 15 
0 0.498914 15 
0 0.547938 15 
0 0.55957 15 
0 0.579133 15 
0 0.601163 15 
0 0.660404 15 
0 0.662239 15 
0 0.713788 15 
0 0.714969 15 
0 0.71615 15 
0 0.717123 15 
0 0.717697 15 
0 0.722395 15 
0 0.891513 15 
0 0.891904 15 
0 0.891951 15 
0 0.938823 15 
0 1.10672 15 
0 1.13883 15 
0 1.16607 15 
0 1.16609 15 
0 1.16612 15 
0 1.19194 15 
0 1.20411 15 
0 1.22284 15 
0 1.22297 15 
0 1.22303 15 
0 1.34561 15 
0 1.38838 15 
0 1.39007 15 
0 1.39009 15 
0 1.41443 15 
0 1.41449 15 
0 1.41458 15 
0 1.63217 15 
0 1.63602 15 
0 1.63605 15 
0 1.63667 15 
0 2.34481 15 
0 inf 15 
0 0.0601029 16 
0 0.061507 16 
0 0.0680297 16 
0 0.0697174 16 
0 0.0732557 16 
0 0.081581 16 
0 0.0846416 16 
0 0.11799 16 
0 0.159675 16 
0 0.16535 16 
0 0.178373 16 
0 0.18219 16 
0 0.184952 16 
0 0.194523 16 
0 0.200664 16 
0 0.200929 16 
0 0.254253 16 
0 0.254544 16 
0 0.258337 16 
0 0.261715 16 
0 0.263645 16 
0 0.273203 16 
0 0.346429 16 
0 0.347525 16 
0 0.348132 16 
0 0.351004 16 
0 0.383656 16 
0 0.383657 16 
0 0.401737 16 
0 0.403233 16 
0 0.403625 16 
0 0.404253 16 
0 0.42187 16 
0 0.424193 16 
0 0.499018 16 
0 0.600496 16 
0 0.638051 16 
0 0.65654 16 
0 0.694546 16 
0 0.720934 16 
0 0.723172 16 
0 0.723172 16 
0 0.73639 16 
0 0.736734 16 
0 0.736734 16 
0 0.736964 16 
0 0.747723 16 
0 0.756628 16 
0 0.883577 16 
0 0.887621 16 
0 0.889583 16 
0 1.11084 16 
0 1.11712 16 
0 1.11716 16 
0 1.11727 16 
0 1.1617 16 
0 1.21379 16 
0 1.22224 16 
0 1.22237 16 
0 1.22258 16 
0 1.22272 16 
0 1.2275 16 
0 1.22754 16 
0 1.23664 16 
0 1.43079 16 
0 1.4406 16 
0 1.44068 16 
0 1.64465 16 
0 1.64531 16 
0 1.64552 16 
0 1.64554 16 
0 inf 16 
0 0.0762305 17 
0 0.0789503 17 
0 0.0818325 17 
0 0.0847592 17 
0 0.141369 17 
0 0.147221 17 
0 0.147221 17 
0 0.149499 17 
0 0.153149 17 
0 0.188962 17 
0 0.189241 17 
0 0.190076 17 
0 0.217345 17 
0 0.269507 17 
0 0.271226 17 
0 0.271693 17 
0 0.28442 17 
0 0.411641 17 
0 0.411693 17 
0 0.411872 17 
0 0.414435 17 
0 0.41471 17 
0 0.421091 17 
0 0.44769 17 
0 0.451983 17 
0 0.456379 17 
0 0.460527 17 
0 0.460626 17 
0 0.470791 17 
0 0.47809 17 
0 0.513375 17 
0 0.57578 17 
0 0.578727 17 
0 0.57911 17 
0 0.587497 17 
0 0.587713 17 
0 0.587875 17 
0 0.603722 17 
0 0.627528 17 
0 0.728755 17 
0 0.728756 17 
0 0.729669 17 
0 0.730754 17 
0 0.751516 17 
0 0.765946 17 
0 0.76742 17 
0 0.769523 17 
0 0.769523 17 
0 0.896634 17 
0 0.914915 17 
0 0.921872 17 
0 0.927357 17 
0 0.928995 17 
0 1.11818 17 
0 1.1185 17 
0 1.11963 17 
0 1.12022 17 
0 1.23593 17 
0 1.23593 17 
0 1.23623 17 
0 1.23811 17 
0 1.34742 17 
0 1.34748 17 
0 1.64597 17 
0 1.646 17 
0 1.64672 17 
0 1.64764 17 
0 inf 17 
0 0.0633751 18 
0 0.0677269 18 
0 0.0684972 18 
0 0.183634 18 
0 0.184036 18 
0 0.184208 18 
0 0.247953 18 
0 0.249863 18 
0 0.253251 18 
0 0.309561 18 
0 0.310719 18 
0 0.31265 18 
0 0.355229 18 
0 0.358458 18 
0 0.359399 18 
0 0.360426 18 
0 0.367594 18 
0 0.375161 18 
0 0.385055 18 
0 0.385164 18 
0 0.452065 18 
0 0.454024 18 
0 0.45616 18 
0 0.493729 18 
0 0.493986 18 
0 0.494563 18 
0 0.520956 18 
0 0.539975 18 
0 0.539975 18 
0 0.541479 18 
0 0.581463 18 
0 0.585607 18 
0 0.585697 18 
0 0.585769 18 
0 0.60413 18 
0 0.642591 18 
0 0.734507 18 
0 0.735412 18 
0 0.735986 18 
0 0.745114 18 
0 0.833403 18 
0 0.833745 18 
0 0.833809 18 
0 0.83486 18 
0 0.948981 18 
0 1.11213 18 
0 1.13276 18 
0 1.13298 18 
0 1.13425 18 
0 1.13561 18 
0 1.13573 18 
0 1.13621 18 
0 1.13624 18 
0 1.23098 18 
0 1.23106 18 
0 1.23132 18 
0 1.23133 18 
0 1.32966 18 
0 1.32997 18 
0 1.65616 18 
0 1.65625 18 
0 1.65628 18 
0 1.65629 18 
0 inf 18 
0 0.117997 19 
0 0.120214 19 
0 0.122822 19 
0 0.138805 19 
0 0.142929 19 
0 0.153135 19 
0 0.239983 19 
0 0.242564 19 
0 0.242955 19 
0 0.243086 19 
0 0.244562 19 
0 0.247353 19 
0 0.248539 19 
0 0.248667 19 
0 0.249684 19 
0 0.269036 19 
0 0.28431 19 
0 0.288002 19 
0 0.288441 19 
0 0.292081 19 
0 0.373355 19 
0 0.376061 19 
0 0.37651 19 
0 0.496885 19 
0 0.496885 19 
0 0.496885 19 
0 0.506603 19 
0 0.5086 19 
0 0.509409 19 
0 0.538623 19 
0 0.5388 19 
0 0.53925 19 
0 0.585426 19 
0 0.58557 19 
0 0.58566 19 
0 0.619232 19 
0 0.706181 19 
0 0.70648 19 
0 0.706704 19 
0 0.893319 19 
0 0.894076 19 
0 0.894135 19 
0 1.14411 19 
0 1.15012 19 
0 1.15049 19 
0 1.15071 19 
0 1.23473 19 
0 1.23483 19 
0 1.23507 19 
0 1.26589 19 
0 1.26589 19 
0 1.33166 19 
0 1.3321 19 
0 1.65419 19 
0 1.65451 19 
0 1.6546 19 
0 1.95137 19 
0 2.00939 19 
0 2.60153 19 
0 inf 19 
0 0.11107 20 
0 0.117555 20 
0 0.118881 20 
0 0.118896 20 
0 0.119957 20 
0 0.131057 20 
0 0.145714 20 
0 0.146221 20 
0 0.153274 20 
0 0.178375 20 
0 0.194251 20 
0 0.208614 20 
0 0.210982 20 
0 0.211032 20 
0 0.236075 20 
0 0.238744 20 
0 0.249433 20 
0 0.250533 20 
0 0.251039 20 
0 0.251165 20 
0 0.269027 20 
0 0.269027 20 
0 0.271373 20 
0 0.369629 20 
0 0.369715 20 
0 0.373779 20 
0 0.493987 20 
0 0.493987 20 
0 0.49467 20 
0 0.540209 20 
0 0.542083 20 
0 0.542551 20 
0 0.550679 20 
0 0.550928 20 
0 0.587965 20 
0 0.587965 20 
0 0.58818 20 
0 0.673113 20 
0 0.673489 20 
0 0.674257 20 
0 0.750684 20 
0 0.918046 20 
0 0.918218 20 
0 1.15237 20 
0 1.15248 20 
0 1.22011 20 
0 1.22045 20 
0 1.22094 20 
0 1.31516 20 
0 1.31631 20 
0 1.33591 20 
0 1.65547 20 
0 1.65619 20 
0 1.7494 20 
0 2.36713 20 
0 inf 20 
