0 0.021492 1 
0 0.0235424 1 
0 0.0260285 1 
0 0.0266133 1 
0 0.0328299 1 
0 0.034208 1 
0 0.0350965 1 
0 0.0376375 1 
0 0.0392383 1 
0 0.0392391 1 
0 0.0392397 1 
0 0.0407781 1 
0 0.0418965 1 
0 0.0426248 1 
0 0.0433406 1 
0 0.0450821 1 
0 0.0454228 1 
0 0.0460959 1 
0 0.0480582 1 
0 0.0490092 1 
0 0.0499429 1 
0 0.0499467 1 
0 0.0502501 1 
0 0.0508599 1 
0 0.0508626 1 
0 0.0517628 1 
0 0.0535151 1 
0 0.0549343 1 
0 0.0576773 1 
0 0.0579342 1 
0 0.0582037 1 
0 0.0584677 1 
0 0.0589874 1 
0 0.0602821 1 
0 0.0642381 1 
0 0.0642381 1 
0 0.0651882 1 
0 0.0656589 1 
0 0.0661223 1 
0 0.0706235 1 
0 0.0721357 1 
0 0.0721357 1 
0 0.0736291 1 
0 0.0740395 1 
0 0.0740395 1 
0 0.0740395 1 
0 0.0746609 1 
0 0.076695 1 
0 0.0778856 1 
0 0.0788696 1 
0 0.0790629 1 
0 0.0817446 1 
0 0.0819332 1 
0 0.0825067 1 
0 0.082681 1 
0 0.0856096 1 
0 0.0856154 1 
0 0.0857893 1 
0 0.0882675 1 
0 0.0908513 1 
0 0.0911855 1 
0 0.0915269 1 
0 0.0936889 1 
0 0.09466 1 
0 0.0965929 1 
0 0.0972273 1 
0 0.0972273 1 
0 0.0975479 1 
0 0.0991133 1 
0 0.101266 1 
0 0.102621 1 
0 0.102621 1 
0 0.102776 1 
0 0.105291 1 
0 0.106018 1 
0 0.106598 1 
0 0.107175 1 
0 0.108031 1 
0 0.108172 1 
0 0.110148 1 
0 0.111676 1 
0 0.113453 1 
0 0.114134 1 
0 0.118759 1 
0 0.124202 1 
0 0.133296 1 
0 0.136494 1 
0 0.138508 1 
0 0.140493 1 
0 0.140605 1 
0 0.140708 1 
0 0.171043 1 
0 0.174603 1 
0 0.18186 1 
0 0.184214 1 
0 0.201467 1 
0 0.211529 1 
0 0.220158 1 
0 0.223771 1 
0 0.223834 1 
0 0.250334 1 
0 0.28561 1 
0 0.300527 1 
0 0.301502 1 
0 0.346713 1 
0 0.416321 1 
0 0.432882 1 
0 0.450863 1 
0 0.473215 1 
0 0.489114 1 
0 0.527841 1 
0 0.547536 1 
0 0.554945 1 
0 0.563779 1 
0 0.574317 1 
0 0.739225 1 
0 0.765652 1 
0 0.831754 1 
0 0.850768 1 
0 0.863921 1 
0 1.08907 1 
0 1.65033 1 
0 2.28757 1 
0 2.29482 1 
0 2.6491 1 
0 2.89892 1 
0 3.94307 1 
0 4.58405 1 
0 5.74902 1 
0 5.96873 1 
0 5.98055 1 
0 inf 1 
0 0.0328295 2 
0 0.0342067 2 
0 0.0342077 2 
0 0.0346551 2 
0 0.0346552 2 
0 0.0350967 2 
0 0.0363885 2 
0 0.0363889 2 
0 0.0380479 2 
0 0.0396293 2 
0 0.0407785 2 
0 0.0407785 2 
0 0.0426265 2 
0 0.0433409 2 
0 0.0450824 2 
0 0.0450826 2 
0 0.0470901 2 
0 0.0477428 2 
0 0.0490097 2 
0 0.0514619 2 
0 0.0529382 2 
0 0.0535142 2 
0 0.054651 2 
0 0.0595096 2 
0 0.0602829 2 
0 0.0615454 2 
0 0.0663571 2 
0 0.0670505 2 
0 0.0695397 2 
0 0.0714998 2 
0 0.0714998 2 
0 0.0719256 2 
0 0.0740395 2 
0 0.0762897 2 
0 0.0778887 2 
0 0.0784778 2 
0 0.0796533 2 
0 0.0806033 2 
0 0.0817415 2 
0 0.0817432 2 
0 0.0817498 2 
0 0.0824946 2 
0 0.0856173 2 
0 0.086326 2 
0 0.0868578 2 
0 0.0896506 2 
0 0.0918513 2 
0 0.0918556 2 
0 0.0936806 2 
0 0.0946654 2 
0 0.0957959 2 
0 0.100809 2 
0 0.102174 2 
0 0.105144 2 
0 0.105585 2 
0 0.106164 2 
0 0.10959 2 
0 0.111267 2 
0 0.11291 2 
0 0.114129 2 
0 0.116273 2 
0 0.117718 2 
0 0.118499 2 
0 0.121328 2 
0 0.126294 2 
0 0.127266 2 
0 0.127632 2 
0 0.128239 2 
0 0.128472 2 
0 0.132485 2 
0 0.134334 2 
0 0.13479 2 
0 0.140601 2 
0 0.161115 2 
0 0.162547 2 
0 0.162922 2 
0 0.171759 2 
0 0.173896 2 
0 0.176796 2 
0 0.178872 2 
0 0.181606 2 
0 0.192631 2 
0 0.204799 2 
0 0.215422 2 
0 0.215849 2 
0 0.217059 2 
0 0.219039 2 
0 0.223769 2 
0 0.234584 2 
0 0.246674 2 
0 0.254719 2 
0 0.275608 2 
0 0.300377 2 
0 0.35756 2 
0 0.36058 2 
0 0.419977 2 
0 0.438177 2 
0 0.445758 2 
0 0.484705 2 
0 0.485979 2 
0 0.490162 2 
0 0.496945 2 
0 0.599645 2 
0 0.608841 2 
0 0.65017 2 
0 0.651492 2 
0 0.669794 2 
0 0.672199 2 
0 0.67247 2 
0 0.692321 2 
0 0.695507 2 
0 0.800897 2 
0 1.0344 2 
0 1.04884 2 
0 1.44628 2 
0 1.87066 2 
0 1.99163 2 
0 2.22466 2 
0 3.48282 2 
0 3.6922 2 
0 4.15986 2 
0 4.23521 2 
0 4.30687 2 
0 4.41832 2 
0 4.64898 2 
0 4.84663 2 
0 5.0478 2 
0 inf 2 
0 0.0235384 3 
0 0.0241885 3 
0 0.0266129 3 
0 0.0266133 3 
0 0.0288348 3 
0 0.0288349 3 
0 0.0323537 3 
0 0.0346549 3 
0 0.0411542 3 
0 0.0440477 3 
0 0.0454226 3 
0 0.0457598 3 
0 0.0464314 3 
0 0.046762 3 
0 0.0480576 3 
0 0.0486942 3 
0 0.049322 3 
0 0.0502506 3 
0 0.0538065 3 
0 0.0549316 3 
0 0.0549391 3 
0 0.0622897 3 
0 0.0639979 3 
0 0.0672804 3 
0 0.07064 3 
0 0.071065 3 
0 0.0734117 3 
0 0.0748634 3 
0 0.0780836 3 
0 0.078867 3 
0 0.0794532 3 
0 0.0817432 3 
0 0.082497 3 
0 0.0824993 3 
0 0.0832379 3 
0 0.0843402 3 
0 0.085605 3 
0 0.085605 3 
0 0.0856083 3 
0 0.0861521 3 
0 0.0899945 3 
0 0.0905057 3 
0 0.0923576 3 
0 0.0923596 3 
0 0.0958026 3 
0 0.0964418 3 
0 0.0965947 3 
0 0.0984877 3 
0 0.0991118 3 
0 0.0994228 3 
0 0.101865 3 
0 0.102768 3 
0 0.105586 3 
0 0.112637 3 
0 0.113042 3 
0 0.115208 3 
0 0.116266 3 
0 0.119793 3 
0 0.1252 3 
0 0.131673 3 
0 0.153979 3 
0 0.155774 3 
0 0.162358 3 
0 0.164523 3 
0 0.17705 3 
0 0.177489 3 
0 0.18118 3 
0 0.182619 3 
0 0.186374 3 
0 0.187609 3 
0 0.190865 3 
0 0.200771 3 
0 0.201841 3 
0 0.211961 3 
0 0.222156 3 
0 0.223697 3 
0 0.241507 3 
0 0.264915 3 
0 0.269694 3 
0 0.284644 3 
0 0.286901 3 
0 0.310201 3 
0 0.3442 3 
0 0.346704 3 
0 0.353695 3 
0 0.402178 3 
0 0.403511 3 
0 0.404919 3 
0 0.432522 3 
0 0.454159 3 
0 0.499562 3 
0 0.513157 3 
0 0.516293 3 
0 0.54316 3 
0 0.544133 3 
0 0.561754 3 
0 0.563721 3 
0 0.577357 3 
0 0.582853 3 
0 0.599437 3 
0 0.61216 3 
0 0.621027 3 
0 0.622018 3 
0 0.641324 3 
0 0.655776 3 
0 0.801147 3 
0 1.43037 3 
0 1.43631 3 
0 1.553 3 
0 1.97393 3 
0 2.08623 3 
0 2.50043 3 
0 2.58258 3 
0 2.68615 3 
0 2.6969 3 
0 2.6985 3 
0 2.69861 3 
0 2.70044 3 
0 2.71227 3 
0 3.25237 3 
0 3.94182 3 
0 3.96172 3 
0 3.98867 3 
0 inf 3 
0 0.0303949 4 
0 0.034655 4 
0 0.0407783 4 
0 0.0454244 4 
0 0.0464288 4 
0 0.0467619 4 
0 0.0477362 4 
0 0.0502508 4 
0 0.0514627 4 
0 0.0549358 4 
0 0.0549401 4 
0 0.0552143 4 
0 0.0563205 4 
0 0.0589874 4 
0 0.059253 4 
0 0.0612909 4 
0 0.0742452 4 
0 0.0813709 4 
0 0.081936 4 
0 0.0828658 4 
0 0.0828718 4 
0 0.0848866 4 
0 0.0848867 4 
0 0.0850668 4 
0 0.0861463 4 
0 0.0865076 4 
0 0.0875661 4 
0 0.0931898 4 
0 0.0931898 4 
0 0.0975499 4 
0 0.0989578 4 
0 0.100349 4 
0 0.100806 4 
0 0.102776 4 
0 0.104998 4 
0 0.106165 4 
0 0.113322 4 
0 0.114537 4 
0 0.119283 4 
0 0.119658 4 
0 0.12233 4 
0 0.123839 4 
0 0.124327 4 
0 0.126295 4 
0 0.126301 4 
0 0.126304 4 
0 0.136489 4 
0 0.139619 4 
0 0.144391 4 
0 0.144496 4 
0 0.150444 4 
0 0.151161 4 
0 0.15754 4 
0 0.15832 4 
0 0.163675 4 
0 0.164986 4 
0 0.180588 4 
0 0.181184 4 
0 0.182622 4 
0 0.20215 4 
0 0.202378 4 
0 0.206594 4 
0 0.225137 4 
0 0.247359 4 
0 0.266253 4 
0 0.268149 4 
0 0.279106 4 
0 0.28569 4 
0 0.291284 4 
0 0.309713 4 
0 0.311142 4 
0 0.347824 4 
0 0.348961 4 
0 0.360477 4 
0 0.361196 4 
0 0.37845 4 
0 0.400734 4 
0 0.441748 4 
0 0.442415 4 
0 0.456634 4 
0 0.477836 4 
0 0.481833 4 
0 0.507364 4 
0 0.518721 4 
0 0.519534 4 
0 0.525609 4 
0 0.538381 4 
0 0.543187 4 
0 0.548701 4 
0 0.55325 4 
0 0.561948 4 
0 0.584701 4 
0 0.587223 4 
0 0.590856 4 
0 0.5926 4 
0 0.606289 4 
0 0.719351 4 
0 0.799685 4 
0 1.01295 4 
0 1.20799 4 
0 1.29924 4 
0 1.4341 4 
0 1.51964 4 
0 1.52029 4 
0 1.52328 4 
0 1.7924 4 
0 1.80514 4 
0 2.30241 4 
0 2.30956 4 
0 2.30998 4 
0 2.31081 4 
0 2.5695 4 
0 2.58186 4 
0 2.61746 4 
0 2.62191 4 
0 2.90914 4 
0 3.01116 4 
0 3.01167 4 
0 3.01235 4 
0 inf 4 
0 0.0235386 5 
0 0.0235386 5 
0 0.0422639 5 
0 0.0450839 5 
0 0.0454196 5 
0 0.0454231 5 
0 0.0464293 5 
0 0.0474192 5 
0 0.0483769 5 
0 0.0499446 5 
0 0.0526473 5 
0 0.0592517 5 
0 0.0602811 5 
0 0.0602821 5 
0 0.0642381 5 
0 0.0651912 5 
0 0.0663617 5 
0 0.067966 5 
0 0.0715021 5 
0 0.0725655 5 
0 0.0748634 5 
0 0.0770908 5 
0 0.0773006 5 
0 0.0828682 5 
0 0.0856085 5 
0 0.0856096 5 
0 0.0857893 5 
0 0.0857932 5 
0 0.0868594 5 
0 0.0877411 5 
0 0.0931878 5 
0 0.102926 5 
0 0.103225 5 
0 0.104996 5 
0 0.110145 5 
0 0.112905 5 
0 0.112909 5 
0 0.126059 5 
0 0.12715 5 
0 0.128717 5 
0 0.128836 5 
0 0.129075 5 
0 0.129551 5 
0 0.129552 5 
0 0.133072 5 
0 0.136835 5 
0 0.138177 5 
0 0.162638 5 
0 0.178357 5 
0 0.181856 5 
0 0.182869 5 
0 0.190376 5 
0 0.193672 5 
0 0.199543 5 
0 0.242583 5 
0 0.250598 5 
0 0.273209 5 
0 0.285 5 
0 0.290637 5 
0 0.311401 5 
0 0.317661 5 
0 0.329915 5 
0 0.354823 5 
0 0.358965 5 
0 0.35965 5 
0 0.370879 5 
0 0.373152 5 
0 0.384093 5 
0 0.434726 5 
0 0.434919 5 
0 0.437826 5 
0 0.452868 5 
0 0.454468 5 
0 0.459736 5 
0 0.480212 5 
0 0.48261 5 
0 0.515384 5 
0 0.522924 5 
0 0.529674 5 
0 0.533354 5 
0 0.537982 5 
0 0.553145 5 
0 0.560876 5 
0 0.565694 5 
0 0.570896 5 
0 0.577931 5 
0 0.586473 5 
0 0.586656 5 
0 0.716625 5 
0 0.820074 5 
0 0.923846 5 
0 1.22052 5 
0 1.33286 5 
0 1.3751 5 
0 1.38163 5 
0 1.44974 5 
0 1.46199 5 
0 1.58066 5 
0 1.63873 5 
0 1.64523 5 
0 1.64565 5 
0 1.64673 5 
0 1.65121 5 
0 2.05562 5 
0 2.085 5 
0 2.08589 5 
0 2.0878 5 
0 2.31397 5 
0 2.35246 5 
0 2.35387 5 
0 2.3656 5 
0 2.68723 5 
0 2.6874 5 
0 2.69069 5 
0 2.69236 5 
0 inf 5 
0 0.034658 6 
0 0.0392392 6 
0 0.0392429 6 
0 0.0403986 6 
0 0.0440479 6 
0 0.0450838 6 
0 0.0467569 6 
0 0.0490085 6 
0 0.0549322 6 
0 0.0589843 6 
0 0.0602749 6 
0 0.0612952 6 
0 0.0622943 6 
0 0.0639936 6 
0 0.0639936 6 
0 0.0661291 6 
0 0.0699761 6 
0 0.0704121 6 
0 0.0725646 6 
0 0.0740359 6 
0 0.0762911 6 
0 0.0774953 6 
0 0.0778877 6 
0 0.0811843 6 
0 0.0834301 6 
0 0.0843399 6 
0 0.0894808 6 
0 0.0925227 6 
0 0.0959598 6 
0 0.0961202 6 
0 0.0965997 6 
0 0.104851 6 
0 0.11182 6 
0 0.119146 6 
0 0.119402 6 
0 0.120309 6 
0 0.12859 6 
0 0.129546 6 
0 0.13513 6 
0 0.136497 6 
0 0.167673 6 
0 0.177575 6 
0 0.178871 6 
0 0.187447 6 
0 0.188095 6 
0 0.200773 6 
0 0.227914 6 
0 0.229203 6 
0 0.268779 6 
0 0.271862 6 
0 0.279282 6 
0 0.318146 6 
0 0.322268 6 
0 0.331082 6 
0 0.333098 6 
0 0.334551 6 
0 0.345108 6 
0 0.351256 6 
0 0.35165 6 
0 0.353662 6 
0 0.355005 6 
0 0.408773 6 
0 0.431742 6 
0 0.432955 6 
0 0.433489 6 
0 0.434909 6 
0 0.456868 6 
0 0.471362 6 
0 0.517601 6 
0 0.520567 6 
0 0.520793 6 
0 0.521097 6 
0 0.521717 6 
0 0.521719 6 
0 0.526447 6 
0 0.529858 6 
0 0.580299 6 
0 0.596548 6 
0 0.596548 6 
0 0.596548 6 
0 0.757426 6 
0 0.80956 6 
0 0.810006 6 
0 0.828956 6 
0 0.950465 6 
0 1.07495 6 
0 1.22814 6 
0 1.22914 6 
0 1.23064 6 
0 1.23782 6 
0 1.23833 6 
0 1.31174 6 
0 1.45719 6 
0 1.54934 6 
0 1.56067 6 
0 1.56359 6 
0 1.56718 6 
0 1.57771 6 
0 1.57887 6 
0 1.60103 6 
0 1.60354 6 
0 1.61194 6 
0 1.61476 6 
0 2.05479 6 
0 2.2183 6 
0 2.22201 6 
0 2.22253 6 
0 2.23039 6 
0 2.23341 6 
0 2.23353 6 
0 2.26705 6 
0 inf 6 
0 0.0523516 7 
0 0.0576732 7 
0 0.0602806 7 
0 0.0615408 7 
0 0.0677411 7 
0 0.0697514 7 
0 0.0706322 7 
0 0.0725679 7 
0 0.0794565 7 
0 0.07965 7 
0 0.0811782 7 
0 0.0811825 7 
0 0.0817505 7 
0 0.0826812 7 
0 0.0850656 7 
0 0.0872112 7 
0 0.0879191 7 
0 0.0905056 7 
0 0.0918564 7 
0 0.0964384 7 
0 0.0975466 7 
0 0.098333 7 
0 0.0986484 7 
0 0.106311 7 
0 0.109732 7 
0 0.111675 7 
0 0.113314 7 
0 0.114402 7 
0 0.119665 7 
0 0.123832 7 
0 0.123956 7 
0 0.130854 7 
0 0.133061 7 
0 0.136495 7 
0 0.148385 7 
0 0.154485 7 
0 0.170301 7 
0 0.173892 7 
0 0.185716 7 
0 0.230077 7 
0 0.237939 7 
0 0.241046 7 
0 0.244072 7 
0 0.244072 7 
0 0.284208 7 
0 0.299299 7 
0 0.315664 7 
0 0.319831 7 
0 0.320071 7 
0 0.33249 7 
0 0.335755 7 
0 0.342079 7 
0 0.353764 7 
0 0.363424 7 
0 0.395091 7 
0 0.414749 7 
0 0.418465 7 
0 0.424311 7 
0 0.426302 7 
0 0.437448 7 
0 0.444532 7 
0 0.489049 7 
0 0.492187 7 
0 0.492562 7 
0 0.505038 7 
0 0.505069 7 
0 0.513473 7 
0 0.519638 7 
0 0.542432 7 
0 0.58637 7 
0 0.601791 7 
0 0.60363 7 
0 0.707416 7 
0 0.719306 7 
0 0.725954 7 
0 0.731701 7 
0 0.736527 7 
0 0.749951 7 
0 0.957692 7 
0 0.961101 7 
0 0.97905 7 
0 0.987832 7 
0 1.05315 7 
0 1.05315 7 
0 1.06567 7 
0 1.17765 7 
0 1.18984 7 
0 1.19193 7 
0 1.19229 7 
0 1.20201 7 
0 1.20303 7 
0 1.45858 7 
0 1.50355 7 
0 1.50799 7 
0 1.50937 7 
0 1.51214 7 
0 1.5387 7 
0 1.54369 7 
0 1.55271 7 
0 1.55375 7 
0 1.62079 7 
0 1.71309 7 
0 1.81825 7 
0 1.82269 7 
0 1.82346 7 
0 1.83312 7 
0 2.14251 7 
0 inf 7 
0 0.0546562 8 
0 0.0600279 8 
0 0.0620465 8 
0 0.0654292 8 
0 0.0794523 8 
0 0.0796459 8 
0 0.0821251 8 
0 0.0830515 8 
0 0.0837959 8 
0 0.0843389 8 
0 0.0879159 8 
0 0.0905043 8 
0 0.0976976 8 
0 0.098335 8 
0 0.0991106 8 
0 0.103214 8 
0 0.104849 8 
0 0.117982 8 
0 0.118239 8 
0 0.119019 8 
0 0.120042 8 
0 0.120433 8 
0 0.126425 8 
0 0.127275 8 
0 0.130125 8 
0 0.134335 8 
0 0.146186 8 
0 0.150747 8 
0 0.157051 8 
0 0.164518 8 
0 0.178247 8 
0 0.178961 8 
0 0.217255 8 
0 0.225599 8 
0 0.230477 8 
0 0.246237 8 
0 0.248594 8 
0 0.257358 8 
0 0.28648 8 
0 0.301245 8 
0 0.302317 8 
0 0.3046 8 
0 0.325412 8 
0 0.325793 8 
0 0.349184 8 
0 0.366017 8 
0 0.369182 8 
0 0.371172 8 
0 0.381831 8 
0 0.396833 8 
0 0.40054 8 
0 0.411018 8 
0 0.441023 8 
0 0.466175 8 
0 0.508775 8 
0 0.509863 8 
0 0.510259 8 
0 0.511522 8 
0 0.512246 8 
0 0.518073 8 
0 0.521422 8 
0 0.522829 8 
0 0.523397 8 
0 0.569175 8 
0 0.572277 8 
0 0.573996 8 
0 0.615768 8 
0 0.616923 8 
0 0.618463 8 
0 0.625888 8 
0 0.688843 8 
0 0.696844 8 
0 0.708747 8 
0 0.781303 8 
0 0.811871 8 
0 0.984523 8 
0 1.00387 8 
0 1.05865 8 
0 1.07654 8 
0 1.19265 8 
0 1.19698 8 
0 1.19769 8 
0 1.22042 8 
0 1.29185 8 
0 1.3086 8 
0 1.33364 8 
0 1.38043 8 
0 1.39322 8 
0 1.45493 8 
0 1.45511 8 
0 1.45622 8 
0 1.45759 8 
0 1.46895 8 
0 1.49752 8 
0 1.5036 8 
0 1.50613 8 
0 1.55541 8 
0 1.57958 8 
0 1.63606 8 
0 1.71007 8 
0 1.79958 8 
0 1.83984 8 
0 1.99426 8 
0 inf 8 
0 0.0549394 9 
0 0.0595116 9 
0 0.0617995 9 
0 0.0620458 9 
0 0.074242 9 
0 0.0774879 9 
0 0.0809929 9 
0 0.0852439 9 
0 0.0870369 9 
0 0.0910119 9 
0 0.0910163 9 
0 0.0930255 9 
0 0.0931837 9 
0 0.105143 9 
0 0.10529 9 
0 0.111538 9 
0 0.116789 9 
0 0.134676 9 
0 0.139065 9 
0 0.141263 9 
0 0.149191 9 
0 0.154778 9 
0 0.161868 9 
0 0.16187 9 
0 0.174052 9 
0 0.174052 9 
0 0.186616 9 
0 0.191181 9 
0 0.231541 9 
0 0.248087 9 
0 0.269346 9 
0 0.276022 9 
0 0.288075 9 
0 0.291214 9 
0 0.305504 9 
0 0.337871 9 
0 0.342607 9 
0 0.343369 9 
0 0.345158 9 
0 0.364352 9 
0 0.370754 9 
0 0.373361 9 
0 0.386814 9 
0 0.392032 9 
0 0.404405 9 
0 0.419909 9 
0 0.431563 9 
0 0.43313 9 
0 0.433205 9 
0 0.453109 9 
0 0.465969 9 
0 0.472173 9 
0 0.47432 9 
0 0.488479 9 
0 0.491495 9 
0 0.514394 9 
0 0.519786 9 
0 0.583791 9 
0 0.586186 9 
0 0.616926 9 
0 0.668394 9 
0 0.679848 9 
0 0.680753 9 
0 0.713292 9 
0 0.740571 9 
0 0.761765 9 
0 0.777984 9 
0 0.83213 9 
0 0.832729 9 
0 0.852379 9 
0 0.855786 9 
0 0.865816 9 
0 0.879452 9 
0 0.912184 9 
0 0.954675 9 
0 0.955655 9 
0 1.17622 9 
0 1.19383 9 
0 1.19672 9 
0 1.20143 9 
0 1.20251 9 
0 1.20401 9 
0 1.2134 9 
0 1.28428 9 
0 1.29302 9 
0 1.42985 9 
0 1.42994 9 
0 1.44485 9 
0 1.47326 9 
0 1.47351 9 
0 1.52501 9 
0 1.52562 9 
0 1.53027 9 
0 1.53861 9 
0 1.5505 9 
0 1.86941 9 
0 1.91011 9 
0 1.99211 9 
0 2.03593 9 
0 inf 9 
0 0.0396309 10 
0 0.0447448 10 
0 0.0607928 10 
0 0.0610442 10 
0 0.0774872 10 
0 0.0825013 10 
0 0.0865152 10 
0 0.08704 10 
0 0.0915225 10 
0 0.0936536 10 
0 0.096914 10 
0 0.100654 10 
0 0.10572 10 
0 0.106722 10 
0 0.109707 10 
0 0.114647 10 
0 0.149808 10 
0 0.151264 10 
0 0.157249 10 
0 0.170572 10 
0 0.17308 10 
0 0.20008 10 
0 0.223213 10 
0 0.223558 10 
0 0.248168 10 
0 0.293799 10 
0 0.296351 10 
0 0.308919 10 
0 0.315074 10 
0 0.318491 10 
0 0.324892 10 
0 0.329888 10 
0 0.331787 10 
0 0.336212 10 
0 0.347735 10 
0 0.350789 10 
0 0.357353 10 
0 0.360954 10 
0 0.367006 10 
0 0.367372 10 
0 0.367741 10 
0 0.372401 10 
0 0.388209 10 
0 0.390374 10 
0 0.401842 10 
0 0.404666 10 
0 0.433058 10 
0 0.451597 10 
0 0.457557 10 
0 0.457557 10 
0 0.482313 10 
0 0.482855 10 
0 0.493811 10 
0 0.510858 10 
0 0.517565 10 
0 0.521649 10 
0 0.547898 10 
0 0.549245 10 
0 0.594859 10 
0 0.595273 10 
0 0.73986 10 
0 0.740186 10 
0 0.756065 10 
0 0.783423 10 
0 0.783561 10 
0 0.793874 10 
0 0.798931 10 
0 0.817291 10 
0 0.857253 10 
0 0.857397 10 
0 0.861254 10 
0 1.06516 10 
0 1.06622 10 
0 1.15175 10 
0 1.19129 10 
0 1.19229 10 
0 1.21096 10 
0 1.28148 10 
0 1.28241 10 
0 1.4377 10 
0 1.4379 10 
0 1.4403 10 
0 1.46191 10 
0 1.46536 10 
0 1.47063 10 
0 1.47079 10 
0 1.4951 10 
0 1.49546 10 
0 1.51629 10 
0 1.51666 10 
0 1.53669 10 
0 1.69806 10 
0 1.69976 10 
0 1.98318 10 
0 1.98557 10 
0 inf 10 
0 0.0584673 11 
0 0.0798132 11 
0 0.0899637 11 
0 0.091323 11 
0 0.109025 11 
0 0.12233 11 
0 0.124582 11 
0 0.161308 11 
0 0.163383 11 
0 0.171397 11 
0 0.174675 11 
0 0.17566 11 
0 0.191412 11 
0 0.196891 11 
0 0.213119 11 
0 0.219109 11 
0 0.221272 11 
0 0.223767 11 
0 0.255382 11 
0 0.266016 11 
0 0.266024 11 
0 0.276906 11 
0 0.285597 11 
0 0.28904 11 
0 0.29009 11 
0 0.292742 11 
0 0.297903 11 
0 0.312131 11 
0 0.312671 11 
0 0.312827 11 
0 0.315224 11 
0 0.315368 11 
0 0.322358 11 
0 0.326699 11 
0 0.33219 11 
0 0.33239 11 
0 0.332899 11 
0 0.336632 11 
0 0.342845 11 
0 0.352018 11 
0 0.380109 11 
0 0.38023 11 
0 0.392973 11 
0 0.402311 11 
0 0.45474 11 
0 0.456666 11 
0 0.458246 11 
0 0.475418 11 
0 0.48564 11 
0 0.536029 11 
0 0.574947 11 
0 0.597561 11 
0 0.598705 11 
0 0.614468 11 
0 0.698658 11 
0 0.730712 11 
0 0.799049 11 
0 0.799742 11 
0 0.818872 11 
0 0.827253 11 
0 0.832638 11 
0 0.834485 11 
0 0.84002 11 
0 0.914276 11 
0 0.917054 11 
0 0.972865 11 
0 0.978545 11 
0 1.05485 11 
0 1.06636 11 
0 1.14304 11 
0 1.14573 11 
0 1.18851 11 
0 1.18861 11 
0 1.20373 11 
0 1.21876 11 
0 1.24585 11 
0 1.24616 11 
0 1.27876 11 
0 1.2808 11 
0 1.4297 11 
0 1.42987 11 
0 1.45447 11 
0 1.45959 11 
0 1.46065 11 
0 1.49322 11 
0 1.49425 11 
0 1.55871 11 
0 1.70362 11 
0 1.70368 11 
0 1.99413 11 
0 1.99931 11 
0 inf 11 
0 0.0931539 12 
0 0.126152 12 
0 0.139485 12 
0 0.170679 12 
0 0.183962 12 
0 0.191614 12 
0 0.194227 12 
0 0.206739 12 
0 0.207705 12 
0 0.21282 12 
0 0.214191 12 
0 0.214563 12 
0 0.218049 12 
0 0.219034 12 
0 0.219034 12 
0 0.224028 12 
0 0.258323 12 
0 0.268135 12 
0 0.276724 12 
0 0.277375 12 
0 0.277375 12 
0 0.293519 12 
0 0.306119 12 
0 0.309654 12 
0 0.312785 12 
0 0.312982 12 
0 0.31542 12 
0 0.319494 12 
0 0.329701 12 
0 0.355444 12 
0 0.355444 12 
0 0.359118 12 
0 0.367836 12 
0 0.384173 12 
0 0.3925 12 
0 0.399393 12 
0 0.400076 12 
0 0.434126 12 
0 0.446677 12 
0 0.461495 12 
0 0.483043 12 
0 0.483044 12 
0 0.498332 12 
0 0.530996 12 
0 0.537467 12 
0 0.53884 12 
0 0.546739 12 
0 0.556399 12 
0 0.612834 12 
0 0.619358 12 
0 0.651496 12 
0 0.681437 12 
0 0.790934 12 
0 0.79202 12 
0 0.792428 12 
0 0.794566 12 
0 0.7966 12 
0 0.797136 12 
0 0.827733 12 
0 0.847259 12 
0 0.849292 12 
0 0.981089 12 
0 0.984772 12 
0 0.990571 12 
0 0.99113 12 
0 1.04806 12 
0 1.08946 12 
0 1.10261 12 
0 1.19291 12 
0 1.19579 12 
0 1.21693 12 
0 1.22516 12 
0 1.22612 12 
0 1.22641 12 
0 1.42725 12 
0 1.42832 12 
0 1.441 12 
0 1.44138 12 
0 1.44148 12 
0 1.50568 12 
0 1.50825 12 
0 1.53369 12 
0 1.58993 12 
0 1.599 12 
0 1.6002 12 
0 1.72506 12 
0 1.74582 12 
0 inf 12 
0 0.0568689 13 
0 0.128695 13 
0 0.138509 13 
0 0.143102 13 
0 0.14362 13 
0 0.195884 13 
0 0.195959 13 
0 0.200313 13 
0 0.21043 13 
0 0.225742 13 
0 0.231544 13 
0 0.232009 13 
0 0.255082 13 
0 0.258768 13 
0 0.258768 13 
0 0.259753 13 
0 0.283485 13 
0 0.283486 13 
0 0.284193 13 
0 0.290624 13 
0 0.311897 13 
0 0.319164 13 
0 0.319734 13 
0 0.322559 13 
0 0.32482 13 
0 0.329922 13 
0 0.339825 13 
0 0.341992 13 
0 0.357999 13 
0 0.385261 13 
0 0.403109 13 
0 0.443768 13 
0 0.452973 13 
0 0.464419 13 
0 0.464948 13 
0 0.46769 13 
0 0.468874 13 
0 0.495539 13 
0 0.496655 13 
0 0.496872 13 
0 0.51368 13 
0 0.543449 13 
0 0.545259 13 
0 0.552999 13 
0 0.55336 13 
0 0.566206 13 
0 0.591017 13 
0 0.59228 13 
0 0.610192 13 
0 0.642265 13 
0 0.642672 13 
0 0.643016 13 
0 0.688055 13 
0 0.784523 13 
0 0.784523 13 
0 0.802242 13 
0 0.804561 13 
0 0.80609 13 
0 0.839526 13 
0 0.840699 13 
0 0.840699 13 
0 1.05078 13 
0 1.07274 13 
0 1.16072 13 
0 1.19021 13 
0 1.19032 13 
0 1.20476 13 
0 1.20603 13 
0 1.20623 13 
0 1.42953 13 
0 1.43124 13 
0 1.43296 13 
0 1.43314 13 
0 1.43366 13 
0 1.44169 13 
0 1.49438 13 
0 1.49734 13 
0 1.56482 13 
0 1.56579 13 
0 1.56874 13 
0 1.77841 13 
0 1.78356 13 
0 1.99022 13 
0 inf 13 
0 0.0946372 14 
0 0.109309 14 
0 0.109569 14 
0 0.136945 14 
0 0.166478 14 
0 0.203114 14 
0 0.216704 14 
0 0.232714 14 
0 0.23392 14 
0 0.23665 14 
0 0.240522 14 
0 0.240605 14 
0 0.241753 14 
0 0.250864 14 
0 0.253934 14 
0 0.263985 14 
0 0.269896 14 
0 0.272253 14 
0 0.274646 14 
0 0.281581 14 
0 0.282508 14 
0 0.285704 14 
0 0.294631 14 
0 0.302119 14 
0 0.303426 14 
0 0.311693 14 
0 0.317037 14 
0 0.332213 14 
0 0.332908 14 
0 0.336043 14 
0 0.33677 14 
0 0.338371 14 
0 0.338371 14 
0 0.339268 14 
0 0.341439 14 
0 0.374114 14 
0 0.400882 14 
0 0.408755 14 
0 0.442868 14 
0 0.477657 14 
0 0.478204 14 
0 0.486877 14 
0 0.490913 14 
0 0.566533 14 
0 0.587115 14 
0 0.621914 14 
0 0.634076 14 
0 0.650568 14 
0 0.652081 14 
0 0.668904 14 
0 0.678841 14 
0 0.692118 14 
0 0.697017 14 
0 0.698402 14 
0 0.786092 14 
0 0.798529 14 
0 0.948572 14 
0 0.948913 14 
0 0.950728 14 
0 1.12298 14 
0 1.16046 14 
0 1.16083 14 
0 1.18979 14 
0 1.19052 14 
0 1.19088 14 
0 1.1915 14 
0 1.42635 14 
0 1.42664 14 
0 1.48884 14 
0 1.48894 14 
0 1.48987 14 
0 1.4962 14 
0 1.49968 14 
0 1.50002 14 
0 1.50116 14 
0 1.54718 14 
0 1.99012 14 
0 1.9968 14 
0 1.99692 14 
0 inf 14 
0 0.0546551 15 
0 0.0784784 15 
0 0.0899714 15 
0 0.125297 15 
0 0.173805 15 
0 0.200694 15 
0 0.211145 15 
0 0.238727 15 
0 0.239422 15 
0 0.24 15 
0 0.242246 15 
0 0.24484 15 
0 0.249343 15 
0 0.261796 15 
0 0.263483 15 
0 0.267141 15 
0 0.274997 15 
0 0.277133 15 
0 0.278072 15 
0 0.281033 15 
0 0.28116 15 
0 0.284356 15 
0 0.284518 15 
0 0.288868 15 
0 0.291005 15 
0 0.298977 15 
0 0.304248 15 
0 0.310313 15 
0 0.311497 15 
0 0.315671 15 
0 0.326277 15 
0 0.326887 15 
0 0.326933 15 
0 0.327168 15 
0 0.339639 15 
0 0.368387 15 
0 0.390066 15 
0 0.40804 15 
0 0.408379 15 
0 0.411083 15 
0 0.420157 15 
0 0.451134 15 
0 0.518481 15 
0 0.522475 15 
0 0.56195 15 
0 0.596797 15 
0 0.6274 15 
0 0.718722 15 
0 0.785406 15 
0 0.815208 15 
0 0.827115 15 
0 0.8289 15 
0 0.831126 15 
0 0.98957 15 
0 1.05557 15 
0 1.05836 15 
0 1.19969 15 
0 1.26532 15 
0 1.27274 15 
0 1.27341 15 
0 1.32782 15 
0 1.37848 15 
0 1.37892 15 
0 1.37982 15 
0 1.43591 15 
0 1.49571 15 
0 1.49772 15 
0 1.49809 15 
0 1.50015 15 
0 1.66616 15 
0 1.66688 15 
0 1.66695 15 
0 1.98019 15 
0 1.98449 15 
0 1.98455 15 
0 inf 15 
0 0.0901308 16 
0 0.122951 16 
0 0.22237 16 
0 0.230609 16 
0 0.233973 16 
0 0.237889 16 
0 0.242646 16 
0 0.244136 16 
0 0.250301 16 
0 0.252748 16 
0 0.255113 16 
0 0.261739 16 
0 0.262268 16 
0 0.266927 16 
0 0.267618 16 
0 0.269682 16 
0 0.273256 16 
0 0.280157 16 
0 0.284735 16 
0 0.290156 16 
0 0.296921 16 
0 0.301746 16 
0 0.301747 16 
0 0.302356 16 
0 0.302356 16 
0 0.312829 16 
0 0.315036 16 
0 0.318101 16 
0 0.319201 16 
0 0.319201 16 
0 0.347612 16 
0 0.350436 16 
0 0.354106 16 
0 0.381165 16 
0 0.429081 16 
0 0.434084 16 
0 0.46634 16 
0 0.48221 16 
0 0.517211 16 
0 0.517449 16 
0 0.630959 16 
0 0.7993 16 
0 0.811249 16 
0 0.81305 16 
0 0.813659 16 
0 0.814658 16 
0 0.832786 16 
0 0.836263 16 
0 0.876267 16 
0 0.880316 16 
0 0.880474 16 
0 0.915001 16 
0 1.05098 16 
0 1.19066 16 
0 1.26499 16 
0 1.26609 16 
0 1.27501 16 
0 1.35415 16 
0 1.35743 16 
0 1.35834 16 
0 1.42828 16 
0 1.44415 16 
0 1.44427 16 
0 1.44457 16 
0 1.49502 16 
0 1.76773 16 
0 1.76852 16 
0 1.7713 16 
0 1.97289 16 
0 1.97351 16 
0 1.97364 16 
0 inf 16 
0 0.0576331 17 
0 0.0832401 17 
0 0.0960837 17 
0 0.119378 17 
0 0.141563 17 
0 0.148361 17 
0 0.207855 17 
0 0.214848 17 
0 0.218893 17 
0 0.220016 17 
0 0.228753 17 
0 0.26442 17 
0 0.26442 17 
0 0.264711 17 
0 0.270647 17 
0 0.271048 17 
0 0.274154 17 
0 0.274435 17 
0 0.277546 17 
0 0.279765 17 
0 0.2807 17 
0 0.280704 17 
0 0.281088 17 
0 0.281904 17 
0 0.286298 17 
0 0.286298 17 
0 0.287643 17 
0 0.287911 17 
0 0.287964 17 
0 0.315028 17 
0 0.316199 17 
0 0.317561 17 
0 0.320602 17 
0 0.625518 17 
0 0.69128 17 
0 0.813676 17 
0 0.814867 17 
0 0.819858 17 
0 0.82014 17 
0 0.885084 17 
0 0.888347 17 
0 0.896697 17 
0 0.994783 17 
0 0.996082 17 
0 0.997565 17 
0 1.00095 17 
0 1.01124 17 
0 1.16887 17 
0 1.1702 17 
0 1.19681 17 
0 1.21622 17 
0 1.21764 17 
0 1.21799 17 
0 1.34481 17 
0 1.43228 17 
0 1.44027 17 
0 1.44146 17 
0 1.44363 17 
0 1.4478 17 
0 1.46708 17 
0 1.5129 17 
0 1.5754 17 
0 1.58639 17 
0 1.58857 17 
0 2.01808 17 
0 2.01808 17 
0 2.0232 17 
0 inf 17 
0 0.0235463 18 
0 0.0288366 18 
0 0.0913268 18 
0 0.0928318 18 
0 0.110816 18 
0 0.114541 18 
0 0.123935 18 
0 0.149086 18 
0 0.149086 18 
0 0.204268 18 
0 0.205543 18 
0 0.208149 18 
0 0.208223 18 
0 0.217858 18 
0 0.225363 18 
0 0.233484 18 
0 0.268823 18 
0 0.281456 18 
0 0.291771 18 
0 0.295441 18 
0 0.295806 18 
0 0.299237 18 
0 0.302461 18 
0 0.302462 18 
0 0.303224 18 
0 0.338719 18 
0 0.340171 18 
0 0.342831 18 
0 0.347516 18 
0 0.471032 18 
0 0.51058 18 
0 0.515264 18 
0 0.709088 18 
0 0.770523 18 
0 0.773555 18 
0 0.77897 18 
0 0.786585 18 
0 0.787661 18 
0 0.803847 18 
0 0.814692 18 
0 0.815164 18 
0 0.815164 18 
0 1.05275 18 
0 1.09979 18 
0 1.1035 18 
0 1.11571 18 
0 1.19811 18 
0 1.20211 18 
0 1.2058 18 
0 1.21019 18 
0 1.23921 18 
0 1.23996 18 
0 1.39127 18 
0 1.44492 18 
0 1.44519 18 
0 1.44578 18 
0 1.44611 18 
0 1.49522 18 
0 1.5275 18 
0 1.55871 18 
0 1.55933 18 
0 2.01733 18 
0 2.08085 18 
0 inf 18 
0 0.0823099 19 
0 0.0830537 19 
0 0.0904798 19 
0 0.0957703 19 
0 0.095931 19 
0 0.128956 19 
0 0.139151 19 
0 0.148466 19 
0 0.168024 19 
0 0.206217 19 
0 0.208224 19 
0 0.242211 19 
0 0.283733 19 
0 0.285465 19 
0 0.288416 19 
0 0.314441 19 
0 0.315712 19 
0 0.315744 19 
0 0.31615 19 
0 0.329036 19 
0 0.329223 19 
0 0.336805 19 
0 0.341244 19 
0 0.342505 19 
0 0.344298 19 
0 0.481151 19 
0 0.481151 19 
0 0.481407 19 
0 0.516649 19 
0 0.51879 19 
0 0.519976 19 
0 0.523329 19 
0 0.524122 19 
0 0.524328 19 
0 0.613958 19 
0 0.724448 19 
0 0.810171 19 
0 0.810703 19 
0 0.83012 19 
0 0.833267 19 
0 0.833636 19 
0 0.833987 19 
0 0.884753 19 
0 0.91141 19 
0 0.911902 19 
0 0.949284 19 
0 1.04118 19 
0 1.15282 19 
0 1.19792 19 
0 1.20392 19 
0 1.20438 19 
0 1.43669 19 
0 1.43691 19 
0 1.43704 19 
0 1.51032 19 
0 1.52017 19 
0 1.52017 19 
0 1.94174 19 
0 1.9866 19 
0 inf 19 
0 0.0690563 20 
0 0.088589 20 
0 0.0976845 20 
0 0.117038 20 
0 0.119639 20 
0 0.124187 20 
0 0.180482 20 
0 0.181588 20 
0 0.186936 20 
0 0.227923 20 
0 0.228261 20 
0 0.230677 20 
0 0.265385 20 
0 0.284209 20 
0 0.287442 20 
0 0.33207 20 
0 0.337675 20 
0 0.339278 20 
0 0.348223 20 
0 0.353325 20 
0 0.353456 20 
0 0.354363 20 
0 0.360998 20 
0 0.376037 20 
0 0.386019 20 
0 0.387764 20 
0 0.412476 20 
0 0.436638 20 
0 0.436639 20 
0 0.437237 20 
0 0.440111 20 
0 0.442205 20 
0 0.442901 20 
0 0.520437 20 
0 0.52271 20 
0 0.52374 20 
0 0.699744 20 
0 0.793893 20 
0 0.796855 20 
0 0.817573 20 
0 0.819548 20 
0 0.835268 20 
0 0.877676 20 
0 1.0859 20 
0 1.20874 20 
0 1.209 20 
0 1.20976 20 
0 1.46262 20 
0 1.46263 20 
0 1.53508 20 
0 1.53517 20 
0 1.53517 20 
0 1.97404 20 
0 1.97622 20 
0 3.2063 20 
0 inf 20 
