4.6578 7.35733 1 
1.11274 2.726 1 
0.182422 0.232595 1 
0.146686 0.150669 1 
0.0614215 0.0812353 1 
0.0429764 0.0447752 1 
0.0426074 0.0456483 1 
0.0416739 0.0447778 1 
0.040127 0.0416715 1 
0.0383165 0.0385223 1 
0.0359794 0.0368466 1 
0.0359794 0.0372722 1 
0.0357594 0.0372722 1 
0.0334794 0.0409077 1 
0.033005 0.0337146 1 
0.0322758 0.0334756 1 
0.0315374 0.0376943 1 
0.0315366 0.0376935 1 
5.31414 5.53481 2 
5.31335 5.58245 2 
3.84018 5.58861 2 
0.880303 3.64191 2 
0.206568 0.220039 2 
0.205881 0.215948 2 
0.175002 0.177955 2 
0.173147 0.230517 2 
0.0431621 0.0438863 2 
0.0416739 0.0435275 2 
0.0409071 0.0493072 2 
0.0395334 0.0431606 2 
0.0395324 0.0438855 2 
0.039336 0.0433432 2 
0.0385219 0.0387264 2 
0.0368466 0.0416717 2 
0.0353154 0.0366322 2 
0.0322828 0.034412 2 
3.46107 4.06242 3 
3.4607 4.05446 3 
3.3848 3.99471 3 
0.814976 3.82389 3 
0.157233 0.188216 3 
0.15678 0.170155 3 
0.156679 0.19055 3 
0.156174 0.190176 3 
0.149723 0.191129 3 
0.0370593 0.0393336 3 
0.0275273 0.0320335 3 
2.60361 2.60996 4 
0.947541 0.967501 4 
0.899051 3.80844 4 
0.238527 0.244995 4 
0.164497 0.172504 4 
0.164354 0.182639 4 
0.163535 0.180075 4 
0.153986 0.168898 4 
0.044065 0.0444219 4 
0.0429773 0.0473463 4 
0.0416739 0.0468489 4 
0.0387263 0.0416718 4 
0.0376928 0.0449526 4 
0.0374837 0.0424222 4 
1.15989 3.44671 5 
0.174777 0.191173 5 
0.168289 0.171222 5 
0.0359795 0.0440659 5 
0.0357593 0.0416722 5 
3.03313 3.07203 6 
2.72561 3.0753 6 
2.72319 2.93778 6 
2.68573 2.76087 6 
2.19338 2.26523 6 
2.06771 2.22487 6 
2.05791 2.22722 6 
2.05078 2.22445 6 
1.98745 3.07673 6 
1.76154 1.86389 6 
0.118729 0.121161 6 
1.94962 2.42628 7 
1.90358 2.45593 7 
1.89661 2.6897 7 
1.88894 2.69125 7 
0.0507268 0.0510371 7 
2.83169 3.02306 8 
1.71893 2.3473 8 
1.71105 2.3653 8 
1.37688 2.37222 8 
1.02228 1.0513 8 
2.17196 2.34701 9 
2.10097 2.10292 9 
1.3769 2.08071 9 
1.29127 2.06311 9 
1.15318 2.12026 9 
0.207385 0.214386 9 
2.03678 2.1219 10 
1.97023 1.97356 10 
1.1595 1.85557 10 
0.0819165 0.0823016 10 
2.64324 2.696 11 
2.63894 2.96747 11 
1.59026 1.64012 11 
1.23882 1.70867 11 
1.76694 1.87447 12 
1.75561 1.86833 12 
1.35454 1.41509 12 
1.31477 1.41624 12 
1.2647 1.46898 12 
1.17659 1.31867 12 
0.691992 0.736648 12 
0.667094 0.710325 12 
0.231881 0.25315 12 
1.6189 1.69248 13 
1.60172 1.66833 13 
1.58711 1.71977 13 
1.16839 1.23355 13 
1.12638 1.25601 13 
0.816409 0.994527 13 
0.768436 1.04199 13 
0.766983 0.791272 13 
0.595556 0.612635 13 
0.221222 0.236567 13 
2.23478 2.24037 14 
0.99767 1.03531 14 
0.979936 1.06061 14 
0.869304 0.953652 14 
0.75429 0.803457 14 
0.74677 0.80893 14 
0.712273 0.94685 14 
0.702504 0.718923 14 
0.702468 0.745096 14 
0.701692 0.770139 14 
0.57658 0.60236 14 
0.210654 0.219622 14 
0.985117 1.11119 15 
0.921191 1.01184 15 
0.586162 0.635855 15 
0.206645 0.227755 15 
2.35264 2.35739 16 
2.35244 2.3568 16 
2.34525 2.35252 16 
0.902357 0.913077 16 
0.78402 0.786399 16 
1.49797 1.62774 18 
1.48376 1.61441 18 
1.19378 1.19967 19 
0.202127 0.216035 19 
0.202087 0.216364 19 
0.200755 0.21545 19 
0.64293 0.672863 20 
0.625002 0.659211 20 
