0 0.00848878 1 
0 0.0120041 1 
0 0.0129657 1 
0 0.0147013 1 
0 0.0147013 1 
0 0.0154967 1 
0 0.016253 1 
0 0.0183363 1 
0 0.0196015 1 
0 0.0229864 1 
0 0.0229864 1 
0 0.0249852 1 
0 0.0249887 1 
0 0.0249887 1 
0 0.027291 1 
0 0.0277186 1 
0 0.0281484 1 
0 0.0281484 1 
0 0.0285717 1 
0 0.0285717 1 
0 0.0289972 1 
0 0.0302056 1 
0 0.0317601 1 
0 0.0317633 1 
0 0.033237 1 
0 0.0350014 1 
0 0.0360119 1 
0 0.0363434 1 
0 0.0373265 1 
0 0.0379681 1 
0 0.0388988 1 
0 0.0398139 1 
0 0.0415779 1 
0 0.0415779 1 
0 0.041585 1 
0 0.0415873 1 
0 0.0415873 1 
0 0.0421563 1 
0 0.0427252 1 
0 0.0430026 1 
0 0.0430027 1 
0 0.0430033 1 
0 0.0430042 1 
0 0.0438323 1 
0 0.0454515 1 
0 0.046495 1 
0 0.0467524 1 
0 0.0472519 1 
0 0.0472653 1 
0 0.0520874 1 
0 0.0520934 1 
0 0.0530173 1 
0 0.0532368 1 
0 0.0541284 1 
0 0.0541288 1 
0 0.0547917 1 
0 0.0550095 1 
0 0.0567259 1 
0 0.0569397 1 
0 0.0573641 1 
0 0.058191 1 
0 0.0583975 1 
0 0.0592177 1 
0 0.0600125 1 
0 0.0602122 1 
0 0.0633291 1 
0 0.0640838 1 
0 0.0653742 1 
0 0.0653823 1 
0 0.0677275 1 
0 0.068956 1 
0 0.0691311 1 
0 0.0741505 1 
0 0.0774846 1 
0 0.0827335 1 
0 0.0845972 1 
0 0.0884823 1 
0 0.0887529 1 
0 0.089023 1 
0 0.0902277 1 
0 0.0912878 1 
0 0.0914193 1 
0 0.0952781 1 
0 0.103025 1 
0 0.10361 1 
0 0.110345 1 
0 0.113456 1 
0 0.120633 1 
0 0.129472 1 
0 0.130674 1 
0 0.130947 1 
0 0.131132 1 
0 0.151364 1 
0 0.158877 1 
0 0.161791 1 
0 0.163342 1 
0 0.170538 1 
0 0.200029 1 
0 0.206695 1 
0 0.217783 1 
0 0.324145 1 
0 0.337932 1 
0 0.381343 1 
0 0.468256 1 
0 0.471917 1 
0 0.527553 1 
0 0.533861 1 
0 0.557095 1 
0 0.598597 1 
0 0.606434 1 
0 0.638391 1 
0 0.668002 1 
0 0.668623 1 
0 0.676559 1 
0 0.692382 1 
0 0.795675 1 
0 0.849401 1 
0 0.965624 1 
0 0.976031 1 
0 1.14855 1 
0 1.31815 1 
0 1.3984 1 
0 1.78668 1 
0 1.85702 1 
0 2.66294 1 
0 2.66834 1 
0 3.30276 1 
0 3.6004 1 
0 4.10647 1 
0 4.2051 1 
0 4.29572 1 
0 inf 1 
0 0.0147017 2 
0 0.0154967 2 
0 0.0154967 2 
0 0.0176689 2 
0 0.0183363 2 
0 0.0183365 2 
0 0.0189776 2 
0 0.0196 2 
0 0.0202054 2 
0 0.0202054 2 
0 0.0207889 2 
0 0.021361 2 
0 0.0219159 2 
0 0.024503 2 
0 0.0263905 2 
0 0.0263905 2 
0 0.0263905 2 
0 0.0268384 2 
0 0.0268384 2 
0 0.0277186 2 
0 0.0277218 2 
0 0.0335971 2 
0 0.0343071 2 
0 0.034993 2 
0 0.0349972 2 
0 0.0349975 2 
0 0.0363431 2 
0 0.0382753 2 
0 0.0410023 2 
0 0.0410023 2 
0 0.043011 2 
0 0.0435566 2 
0 0.0441055 2 
0 0.0446463 2 
0 0.0451817 2 
0 0.0451823 2 
0 0.0454467 2 
0 0.0454504 2 
0 0.0459709 2 
0 0.0477696 2 
0 0.0480212 2 
0 0.0492533 2 
0 0.0494935 2 
0 0.0502162 2 
0 0.0516247 2 
0 0.0534592 2 
0 0.0569399 2 
0 0.0571493 2 
0 0.0588064 2 
0 0.0600125 2 
0 0.0600186 2 
0 0.0612083 2 
0 0.0617866 2 
0 0.0655643 2 
0 0.0675437 2 
0 0.0684332 2 
0 0.0720247 2 
0 0.0723559 2 
0 0.0725195 2 
0 0.0731811 2 
0 0.0740049 2 
0 0.0768607 2 
0 0.0781095 2 
0 0.0793213 2 
0 0.0806728 2 
0 0.0824403 2 
0 0.0861472 2 
0 0.0895595 2 
0 0.0957799 2 
0 0.108921 2 
0 0.115865 2 
0 0.117915 2 
0 0.119437 2 
0 0.120638 2 
0 0.126279 2 
0 0.129201 2 
0 0.143123 2 
0 0.15239 2 
0 0.153102 2 
0 0.155207 2 
0 0.162755 2 
0 0.162828 2 
0 0.172985 2 
0 0.179056 2 
0 0.179263 2 
0 0.181119 2 
0 0.234614 2 
0 0.260791 2 
0 0.276627 2 
0 0.284739 2 
0 0.29404 2 
0 0.409894 2 
0 0.414035 2 
0 0.419996 2 
0 0.526352 2 
0 0.528717 2 
0 0.531112 2 
0 0.532223 2 
0 0.553703 2 
0 0.555327 2 
0 0.601191 2 
0 0.621259 2 
0 0.647446 2 
0 0.692049 2 
0 0.701354 2 
0 0.742403 2 
0 0.76562 2 
0 0.766748 2 
0 0.772556 2 
0 0.785205 2 
0 0.787777 2 
0 0.857492 2 
0 0.998736 2 
0 1.01993 2 
0 1.0728 2 
0 1.4341 2 
0 1.43651 2 
0 2.25553 2 
0 2.84512 2 
0 2.84638 2 
0 3.01063 2 
0 3.01966 2 
0 3.15981 2 
0 3.18525 2 
0 3.21885 2 
0 3.78148 2 
0 3.82845 2 
0 inf 2 
0 0.016253 3 
0 0.0196075 3 
0 0.0207912 3 
0 0.0235024 3 
0 0.0249881 3 
0 0.0268412 3 
0 0.0294083 3 
0 0.0321406 3 
0 0.0339525 3 
0 0.0339612 3 
0 0.0339612 3 
0 0.0346482 3 
0 0.034993 3 
0 0.034997 3 
0 0.0356794 3 
0 0.0373221 3 
0 0.0373252 3 
0 0.0376418 3 
0 0.0379604 3 
0 0.0382751 3 
0 0.0382751 3 
0 0.0388968 3 
0 0.0392038 3 
0 0.039205 3 
0 0.0401126 3 
0 0.0401134 3 
0 0.0415838 3 
0 0.0424352 3 
0 0.042437 3 
0 0.0424407 3 
0 0.042731 3 
0 0.0451813 3 
0 0.0462326 3 
0 0.0472592 3 
0 0.0497364 3 
0 0.0513977 3 
0 0.0534573 3 
0 0.0543499 3 
0 0.0558712 3 
0 0.0583928 3 
0 0.0592169 3 
0 0.0610045 3 
0 0.0623739 3 
0 0.0629497 3 
0 0.0631399 3 
0 0.064829 3 
0 0.0684333 3 
0 0.0694766 3 
0 0.0703364 3 
0 0.0705067 3 
0 0.0705096 3 
0 0.0710158 3 
0 0.0776387 3 
0 0.0811197 3 
0 0.0843115 3 
0 0.0945213 3 
0 0.0947729 3 
0 0.0962853 3 
0 0.0988696 3 
0 0.098988 3 
0 0.105902 3 
0 0.108478 3 
0 0.108587 3 
0 0.113565 3 
0 0.119934 3 
0 0.120633 3 
0 0.120633 3 
0 0.123782 3 
0 0.126753 3 
0 0.128818 3 
0 0.131494 3 
0 0.157961 3 
0 0.170537 3 
0 0.177912 3 
0 0.18564 3 
0 0.255121 3 
0 0.270385 3 
0 0.34736 3 
0 0.349182 3 
0 0.405568 3 
0 0.419703 3 
0 0.419965 3 
0 0.421611 3 
0 0.435715 3 
0 0.458953 3 
0 0.478227 3 
0 0.480356 3 
0 0.509189 3 
0 0.553737 3 
0 0.556267 3 
0 0.570482 3 
0 0.613683 3 
0 0.620579 3 
0 0.631623 3 
0 0.632513 3 
0 0.639913 3 
0 0.649307 3 
0 0.651288 3 
0 0.697139 3 
0 0.707578 3 
0 0.708293 3 
0 0.713971 3 
0 0.715911 3 
0 0.718057 3 
0 0.744278 3 
0 1.02068 3 
0 1.05858 3 
0 1.06003 3 
0 1.39181 3 
0 2.02866 3 
0 2.24039 3 
0 2.33498 3 
0 2.4291 3 
0 2.59064 3 
0 2.59271 3 
0 2.59307 3 
0 2.62709 3 
0 2.63376 3 
0 2.63392 3 
0 2.79891 3 
0 3.34159 3 
0 3.43123 3 
0 3.45455 3 
0 inf 3 
0 0.0162533 4 
0 0.0162536 4 
0 0.018336 4 
0 0.0183363 4 
0 0.0213586 4 
0 0.0213655 4 
0 0.0259314 4 
0 0.0259314 4 
0 0.0277218 4 
0 0.0298089 4 
0 0.0317556 4 
0 0.0317649 4 
0 0.0321406 4 
0 0.0332334 4 
0 0.0332378 4 
0 0.0346482 4 
0 0.0363436 4 
0 0.0376415 4 
0 0.0385826 4 
0 0.0392125 4 
0 0.0438269 4 
0 0.0446411 4 
0 0.0446428 4 
0 0.044646 4 
0 0.0459713 4 
0 0.0459799 4 
0 0.0462307 4 
0 0.0462322 4 
0 0.0487594 4 
0 0.0492514 4 
0 0.0506908 4 
0 0.0543498 4 
0 0.0550068 4 
0 0.0565165 4 
0 0.0575692 4 
0 0.0575692 4 
0 0.0602197 4 
0 0.0625666 4 
0 0.0726872 4 
0 0.0741593 4 
0 0.0751243 4 
0 0.0751245 4 
0 0.0793231 4 
0 0.0850207 4 
0 0.0862839 4 
0 0.090627 4 
0 0.0973962 4 
0 0.0976432 4 
0 0.0982553 4 
0 0.0982553 4 
0 0.100075 4 
0 0.100792 4 
0 0.103144 4 
0 0.108812 4 
0 0.110237 4 
0 0.113668 4 
0 0.114923 4 
0 0.115658 4 
0 0.115763 4 
0 0.117306 4 
0 0.15136 4 
0 0.15396 4 
0 0.154505 4 
0 0.154507 4 
0 0.165025 4 
0 0.168056 4 
0 0.174643 4 
0 0.271405 4 
0 0.349921 4 
0 0.377384 4 
0 0.415187 4 
0 0.430723 4 
0 0.432887 4 
0 0.435384 4 
0 0.437358 4 
0 0.47012 4 
0 0.4792 4 
0 0.498586 4 
0 0.501395 4 
0 0.51971 4 
0 0.536756 4 
0 0.542534 4 
0 0.54374 4 
0 0.5494 4 
0 0.555794 4 
0 0.58395 4 
0 0.594386 4 
0 0.601693 4 
0 0.606169 4 
0 0.611456 4 
0 0.627773 4 
0 0.630409 4 
0 0.638528 4 
0 0.653138 4 
0 0.656073 4 
0 0.661128 4 
0 0.666968 4 
0 0.682769 4 
0 0.685349 4 
0 1.01949 4 
0 1.02382 4 
0 1.0993 4 
0 1.09946 4 
0 1.09974 4 
0 1.10035 4 
0 1.39806 4 
0 1.7099 4 
0 1.71515 4 
0 1.71666 4 
0 1.72185 4 
0 2.01232 4 
0 2.1819 4 
0 2.42027 4 
0 2.42218 4 
0 2.4226 4 
0 2.62261 4 
0 2.96759 4 
0 2.99162 4 
0 2.99166 4 
0 inf 4 
0 0.0154967 5 
0 0.018336 5 
0 0.0224573 5 
0 0.0285751 5 
0 0.0302154 5 
0 0.0306043 5 
0 0.0317598 5 
0 0.0317649 5 
0 0.0339482 5 
0 0.0343129 5 
0 0.0369942 5 
0 0.0373173 5 
0 0.0376401 5 
0 0.0379552 5 
0 0.0385871 5 
0 0.0429973 5 
0 0.0430026 5 
0 0.0443767 5 
0 0.0459677 5 
0 0.0464911 5 
0 0.0467487 5 
0 0.0482653 5 
0 0.0506905 5 
0 0.0513978 5 
0 0.0516303 5 
0 0.0516307 5 
0 0.0523237 5 
0 0.0525469 5 
0 0.0541259 5 
0 0.0571503 5 
0 0.0619949 5 
0 0.0662941 5 
0 0.0675534 5 
0 0.0680809 5 
0 0.0773308 5 
0 0.0776355 5 
0 0.0869762 5 
0 0.0883464 5 
0 0.0911549 5 
0 0.0937551 5 
0 0.0956565 5 
0 0.0987459 5 
0 0.0988657 5 
0 0.0999567 5 
0 0.101023 5 
0 0.103029 5 
0 0.105214 5 
0 0.105789 5 
0 0.107699 5 
0 0.109359 5 
0 0.113242 5 
0 0.115449 5 
0 0.123874 5 
0 0.129843 5 
0 0.132493 5 
0 0.134833 5 
0 0.16962 5 
0 0.17215 5 
0 0.18224 5 
0 0.272244 5 
0 0.277355 5 
0 0.370618 5 
0 0.377136 5 
0 0.38233 5 
0 0.411321 5 
0 0.416513 5 
0 0.416887 5 
0 0.419906 5 
0 0.495954 5 
0 0.507053 5 
0 0.507054 5 
0 0.509529 5 
0 0.509682 5 
0 0.520147 5 
0 0.522726 5 
0 0.524743 5 
0 0.533445 5 
0 0.555127 5 
0 0.573763 5 
0 0.593274 5 
0 0.593762 5 
0 0.596989 5 
0 0.59715 5 
0 0.605793 5 
0 0.606684 5 
0 0.66732 5 
0 0.672673 5 
0 0.713547 5 
0 0.715714 5 
0 0.716067 5 
0 0.891237 5 
0 0.907684 5 
0 0.90853 5 
0 0.909942 5 
0 1.02912 5 
0 1.08688 5 
0 1.22233 5 
0 1.29424 5 
0 1.44214 5 
0 1.54921 5 
0 1.64748 5 
0 1.68501 5 
0 1.71804 5 
0 1.72708 5 
0 1.81769 5 
0 1.85645 5 
0 1.92139 5 
0 1.99882 5 
0 2.01961 5 
0 2.03513 5 
0 2.03539 5 
0 2.03758 5 
0 2.03886 5 
0 2.04146 5 
0 2.06439 5 
0 inf 5 
0 0.0129661 6 
0 0.018336 6 
0 0.0189798 6 
0 0.0272855 6 
0 0.0272874 6 
0 0.0277218 6 
0 0.0309932 6 
0 0.0369947 6 
0 0.0369947 6 
0 0.039205 6 
0 0.0398144 6 
0 0.0412928 6 
0 0.0415829 6 
0 0.0424352 6 
0 0.0464897 6 
0 0.0464929 6 
0 0.0467493 6 
0 0.0485146 6 
0 0.0504529 6 
0 0.0504535 6 
0 0.0504543 6 
0 0.0511633 6 
0 0.0567244 6 
0 0.0592136 6 
0 0.059817 6 
0 0.061798 6 
0 0.0623741 6 
0 0.0623741 6 
0 0.064641 6 
0 0.0657482 6 
0 0.0682576 6 
0 0.0699924 6 
0 0.0708466 6 
0 0.0715173 6 
0 0.0715216 6 
0 0.0744795 6 
0 0.0744839 6 
0 0.0781028 6 
0 0.0800777 6 
0 0.0809698 6 
0 0.0843106 6 
0 0.0941324 6 
0 0.0964068 6 
0 0.098257 6 
0 0.101618 6 
0 0.10361 6 
0 0.114085 6 
0 0.119237 6 
0 0.142792 6 
0 0.149277 6 
0 0.158106 6 
0 0.17771 6 
0 0.183361 6 
0 0.183616 6 
0 0.218829 6 
0 0.257509 6 
0 0.270207 6 
0 0.282921 6 
0 0.294649 6 
0 0.354812 6 
0 0.360454 6 
0 0.361437 6 
0 0.362123 6 
0 0.36539 6 
0 0.369631 6 
0 0.38068 6 
0 0.432308 6 
0 0.472118 6 
0 0.487659 6 
0 0.487659 6 
0 0.500988 6 
0 0.507116 6 
0 0.511708 6 
0 0.525772 6 
0 0.530084 6 
0 0.559931 6 
0 0.588992 6 
0 0.591129 6 
0 0.62031 6 
0 0.627456 6 
0 0.63831 6 
0 0.638912 6 
0 0.650668 6 
0 0.654201 6 
0 0.655686 6 
0 0.659655 6 
0 0.730074 6 
0 0.754206 6 
0 0.855383 6 
0 0.922518 6 
0 0.98326 6 
0 1.02037 6 
0 1.02632 6 
0 1.05012 6 
0 1.23678 6 
0 1.25727 6 
0 1.28054 6 
0 1.45181 6 
0 1.70974 6 
0 1.71345 6 
0 1.71388 6 
0 1.74044 6 
0 1.92638 6 
0 1.93283 6 
0 1.94558 6 
0 1.98927 6 
0 2.01123 6 
0 2.27712 6 
0 2.27878 6 
0 2.40095 6 
0 2.5479 6 
0 inf 6 
0 0.0224572 7 
0 0.0249883 7 
0 0.0254636 7 
0 0.0332375 7 
0 0.0363436 7 
0 0.0363475 7 
0 0.0373257 7 
0 0.0382754 7 
0 0.0401109 7 
0 0.0412929 7 
0 0.044377 7 
0 0.0457093 7 
0 0.0472603 7 
0 0.0490003 7 
0 0.0523177 7 
0 0.0541285 7 
0 0.055227 7 
0 0.0583975 7 
0 0.0596179 7 
0 0.0602185 7 
0 0.0614019 7 
0 0.0621772 7 
0 0.0635163 7 
0 0.0659272 7 
0 0.0662916 7 
0 0.0720225 7 
0 0.0726831 7 
0 0.0738382 7 
0 0.0787141 7 
0 0.0803756 7 
0 0.0806733 7 
0 0.0838883 7 
0 0.0876614 7 
0 0.0884751 7 
0 0.0896921 7 
0 0.0902302 7 
0 0.0906201 7 
0 0.115346 7 
0 0.119728 7 
0 0.12532 7 
0 0.131949 7 
0 0.136419 7 
0 0.145541 7 
0 0.154109 7 
0 0.168412 7 
0 0.182373 7 
0 0.182376 7 
0 0.205174 7 
0 0.227443 7 
0 0.232035 7 
0 0.245185 7 
0 0.25085 7 
0 0.277356 7 
0 0.330411 7 
0 0.331265 7 
0 0.331572 7 
0 0.338703 7 
0 0.345819 7 
0 0.349849 7 
0 0.352482 7 
0 0.379846 7 
0 0.433833 7 
0 0.448491 7 
0 0.458168 7 
0 0.460284 7 
0 0.461221 7 
0 0.473718 7 
0 0.479178 7 
0 0.495518 7 
0 0.499155 7 
0 0.512315 7 
0 0.525658 7 
0 0.60247 7 
0 0.606284 7 
0 0.606284 7 
0 0.622288 7 
0 0.634216 7 
0 0.636973 7 
0 0.640076 7 
0 0.641726 7 
0 0.64685 7 
0 0.648796 7 
0 0.653418 7 
0 0.728841 7 
0 0.96449 7 
0 1.03656 7 
0 1.09992 7 
0 1.41563 7 
0 1.46784 7 
0 1.46915 7 
0 1.486 7 
0 1.49035 7 
0 1.54219 7 
0 1.60205 7 
0 1.61163 7 
0 1.63614 7 
0 1.63628 7 
0 1.63687 7 
0 1.64604 7 
0 1.65659 7 
0 1.88733 7 
0 1.90756 7 
0 1.91853 7 
0 1.92752 7 
0 2.01542 7 
0 2.03785 7 
0 2.07528 7 
0 inf 7 
0 0.0294037 8 
0 0.0332378 8 
0 0.0459713 8 
0 0.0464975 8 
0 0.0497354 8 
0 0.0514025 8 
0 0.0527791 8 
0 0.0565167 8 
0 0.0571567 8 
0 0.0596179 8 
0 0.0612027 8 
0 0.0621788 8 
0 0.0629463 8 
0 0.0655586 8 
0 0.0693053 8 
0 0.0705123 8 
0 0.0711776 8 
0 0.0711847 8 
0 0.0721899 8 
0 0.0735086 8 
0 0.0744786 8 
0 0.0749606 8 
0 0.075126 8 
0 0.084172 8 
0 0.0864238 8 
0 0.0865604 8 
0 0.0907601 8 
0 0.0916817 8 
0 0.0962804 8 
0 0.103146 8 
0 0.108026 8 
0 0.108911 8 
0 0.1144 8 
0 0.11669 8 
0 0.116695 8 
0 0.13358 8 
0 0.145615 8 
0 0.150327 8 
0 0.173677 8 
0 0.183492 8 
0 0.188583 8 
0 0.201215 8 
0 0.201394 8 
0 0.219478 8 
0 0.229071 8 
0 0.251137 8 
0 0.258672 8 
0 0.266438 8 
0 0.269852 8 
0 0.27002 8 
0 0.273826 8 
0 0.285662 8 
0 0.322006 8 
0 0.385901 8 
0 0.395733 8 
0 0.403873 8 
0 0.404823 8 
0 0.408998 8 
0 0.4364 8 
0 0.453246 8 
0 0.465789 8 
0 0.47669 8 
0 0.479302 8 
0 0.4821 8 
0 0.500988 8 
0 0.525064 8 
0 0.537241 8 
0 0.601594 8 
0 0.602552 8 
0 0.606669 8 
0 0.608329 8 
0 0.608583 8 
0 0.63206 8 
0 0.637735 8 
0 0.63909 8 
0 0.664876 8 
0 0.729007 8 
0 0.734277 8 
0 0.850868 8 
0 0.901002 8 
0 1.02298 8 
0 1.09838 8 
0 1.09943 8 
0 1.13829 8 
0 1.22814 8 
0 1.24478 8 
0 1.25312 8 
0 1.25622 8 
0 1.27467 8 
0 1.34747 8 
0 1.37683 8 
0 1.37707 8 
0 1.38854 8 
0 1.40486 8 
0 1.4303 8 
0 1.43056 8 
0 1.48285 8 
0 1.50989 8 
0 1.91255 8 
0 1.91482 8 
0 1.91994 8 
0 1.9413 8 
0 1.9609 8 
0 inf 8 
0 0.0147013 9 
0 0.0154964 9 
0 0.0494879 9 
0 0.0523221 9 
0 0.0525522 9 
0 0.0575689 9 
0 0.0617942 9 
0 0.0623755 9 
0 0.0631406 9 
0 0.0653769 9 
0 0.0662975 9 
0 0.0699944 9 
0 0.0710158 9 
0 0.0716918 9 
0 0.0744838 9 
0 0.0749556 9 
0 0.0791713 9 
0 0.0794683 9 
0 0.0805199 9 
0 0.080522 9 
0 0.0830215 9 
0 0.0851594 9 
0 0.085725 9 
0 0.0912858 9 
0 0.127789 9 
0 0.134114 9 
0 0.134211 9 
0 0.141254 9 
0 0.155273 9 
0 0.156581 9 
0 0.165029 9 
0 0.166837 9 
0 0.167267 9 
0 0.174353 9 
0 0.214908 9 
0 0.230579 9 
0 0.247185 9 
0 0.26236 9 
0 0.270163 9 
0 0.273466 9 
0 0.310401 9 
0 0.3123 9 
0 0.315203 9 
0 0.316948 9 
0 0.381611 9 
0 0.386769 9 
0 0.403723 9 
0 0.409718 9 
0 0.413684 9 
0 0.428936 9 
0 0.429361 9 
0 0.431475 9 
0 0.431826 9 
0 0.43515 9 
0 0.487249 9 
0 0.496655 9 
0 0.528165 9 
0 0.557718 9 
0 0.582235 9 
0 0.584643 9 
0 0.597312 9 
0 0.598918 9 
0 0.605298 9 
0 0.605834 9 
0 0.609226 9 
0 0.609226 9 
0 0.628438 9 
0 0.661728 9 
0 0.671812 9 
0 0.836616 9 
0 0.866158 9 
0 1.00694 9 
0 1.02651 9 
0 1.0302 9 
0 1.03216 9 
0 1.04341 9 
0 1.04359 9 
0 1.05145 9 
0 1.05248 9 
0 1.06014 9 
0 1.06594 9 
0 1.08855 9 
0 1.10265 9 
0 1.12756 9 
0 1.13402 9 
0 1.13406 9 
0 1.14977 9 
0 1.37452 9 
0 1.3755 9 
0 1.407 9 
0 1.49095 9 
0 1.49123 9 
0 1.62608 9 
0 1.62614 9 
0 1.92214 9 
0 1.92249 9 
0 1.97922 9 
0 2.04065 9 
0 2.04079 9 
0 inf 9 
0 0.0213608 10 
0 0.042437 10 
0 0.05588 10 
0 0.0565153 10 
0 0.0584045 10 
0 0.0610149 10 
0 0.0684343 10 
0 0.0696475 10 
0 0.0711804 10 
0 0.0777943 10 
0 0.0812736 10 
0 0.0828795 10 
0 0.0838827 10 
0 0.0918138 10 
0 0.0945142 10 
0 0.0954044 10 
0 0.0987349 10 
0 0.121031 10 
0 0.121919 10 
0 0.124645 10 
0 0.124647 10 
0 0.13349 10 
0 0.15199 10 
0 0.165027 10 
0 0.172701 10 
0 0.174917 10 
0 0.189874 10 
0 0.200277 10 
0 0.20092 10 
0 0.213098 10 
0 0.234665 10 
0 0.273476 10 
0 0.290423 10 
0 0.313407 10 
0 0.323896 10 
0 0.327114 10 
0 0.335461 10 
0 0.35764 10 
0 0.363263 10 
0 0.364913 10 
0 0.378486 10 
0 0.378797 10 
0 0.379407 10 
0 0.379752 10 
0 0.387453 10 
0 0.391229 10 
0 0.406447 10 
0 0.407509 10 
0 0.41683 10 
0 0.417435 10 
0 0.421283 10 
0 0.427812 10 
0 0.437361 10 
0 0.437361 10 
0 0.437361 10 
0 0.497501 10 
0 0.529073 10 
0 0.565288 10 
0 0.565352 10 
0 0.580861 10 
0 0.582451 10 
0 0.601674 10 
0 0.619801 10 
0 0.62733 10 
0 0.646787 10 
0 0.876868 10 
0 0.907432 10 
0 0.908106 10 
0 0.969524 10 
0 1.0213 10 
0 1.02656 10 
0 1.03317 10 
0 1.05199 10 
0 1.05254 10 
0 1.06636 10 
0 1.06675 10 
0 1.06801 10 
0 1.08731 10 
0 1.08741 10 
0 1.12541 10 
0 1.12595 10 
0 1.15454 10 
0 1.15837 10 
0 1.33249 10 
0 1.33261 10 
0 1.37742 10 
0 1.37807 10 
0 1.41966 10 
0 1.41969 10 
0 1.42008 10 
0 1.90707 10 
0 1.90848 10 
0 2.00287 10 
0 2.02027 10 
0 2.02039 10 
0 inf 10 
0 0.0398146 11 
0 0.0583953 11 
0 0.0661128 11 
0 0.0677322 11 
0 0.0715134 11 
0 0.0845933 11 
0 0.0845984 11 
0 0.0848706 11 
0 0.100188 11 
0 0.107141 11 
0 0.113133 11 
0 0.137997 11 
0 0.139204 11 
0 0.14059 11 
0 0.141512 11 
0 0.149763 11 
0 0.156431 11 
0 0.157117 11 
0 0.174363 11 
0 0.18429 11 
0 0.190693 11 
0 0.19331 11 
0 0.194239 11 
0 0.202703 11 
0 0.217345 11 
0 0.231214 11 
0 0.258196 11 
0 0.284065 11 
0 0.306528 11 
0 0.315553 11 
0 0.327488 11 
0 0.348901 11 
0 0.350918 11 
0 0.351849 11 
0 0.353041 11 
0 0.353543 11 
0 0.358673 11 
0 0.359744 11 
0 0.364298 11 
0 0.376701 11 
0 0.397859 11 
0 0.407081 11 
0 0.40711 11 
0 0.420151 11 
0 0.426151 11 
0 0.426322 11 
0 0.432822 11 
0 0.499187 11 
0 0.532002 11 
0 0.535639 11 
0 0.536355 11 
0 0.53916 11 
0 0.546446 11 
0 0.547974 11 
0 0.585361 11 
0 0.595125 11 
0 0.602033 11 
0 0.602093 11 
0 0.604481 11 
0 0.658844 11 
0 0.65969 11 
0 0.747118 11 
0 0.792255 11 
0 0.812954 11 
0 0.818245 11 
0 0.838839 11 
0 0.87175 11 
0 0.885294 11 
0 0.885619 11 
0 0.92637 11 
0 0.934117 11 
0 1.04667 11 
0 1.05742 11 
0 1.05755 11 
0 1.05811 11 
0 1.06371 11 
0 1.06405 11 
0 1.06445 11 
0 1.06497 11 
0 1.15679 11 
0 1.15779 11 
0 1.37471 11 
0 1.37587 11 
0 1.37906 11 
0 1.37934 11 
0 1.38087 11 
0 1.91241 11 
0 1.914 11 
0 1.99392 11 
0 1.99404 11 
0 1.99759 11 
0 inf 11 
0 0.0694794 12 
0 0.0757564 12 
0 0.0834543 12 
0 0.0940056 12 
0 0.0999508 12 
0 0.101617 12 
0 0.112387 12 
0 0.122506 12 
0 0.125988 12 
0 0.127692 12 
0 0.128619 12 
0 0.129001 12 
0 0.155956 12 
0 0.156877 12 
0 0.165228 12 
0 0.171237 12 
0 0.182439 12 
0 0.192074 12 
0 0.196525 12 
0 0.217788 12 
0 0.232916 12 
0 0.238721 12 
0 0.250937 12 
0 0.256096 12 
0 0.264913 12 
0 0.300201 12 
0 0.308012 12 
0 0.309761 12 
0 0.310057 12 
0 0.315676 12 
0 0.32446 12 
0 0.328187 12 
0 0.331598 12 
0 0.334069 12 
0 0.336891 12 
0 0.337568 12 
0 0.341265 12 
0 0.34225 12 
0 0.345789 12 
0 0.347772 12 
0 0.354247 12 
0 0.358796 12 
0 0.358896 12 
0 0.361319 12 
0 0.377643 12 
0 0.42548 12 
0 0.443521 12 
0 0.447563 12 
0 0.474624 12 
0 0.503168 12 
0 0.52427 12 
0 0.532248 12 
0 0.537965 12 
0 0.542394 12 
0 0.561925 12 
0 0.591794 12 
0 0.593517 12 
0 0.605038 12 
0 0.607263 12 
0 0.610281 12 
0 0.671197 12 
0 0.671412 12 
0 0.675139 12 
0 0.6905 12 
0 0.754862 12 
0 0.758369 12 
0 0.940101 12 
0 0.952788 12 
0 0.954299 12 
0 1.05641 12 
0 1.05864 12 
0 1.06415 12 
0 1.0697 12 
0 1.07006 12 
0 1.1906 12 
0 1.19073 12 
0 1.19688 12 
0 1.37724 12 
0 1.38246 12 
0 1.41969 12 
0 1.41986 12 
0 1.42432 12 
0 1.91039 12 
0 1.91316 12 
0 1.93307 12 
0 1.93369 12 
0 1.93633 12 
0 inf 12 
0 0.0812592 13 
0 0.0972623 13 
0 0.115857 13 
0 0.122997 13 
0 0.12983 13 
0 0.136777 13 
0 0.138169 13 
0 0.161719 13 
0 0.184485 13 
0 0.200277 13 
0 0.222904 13 
0 0.227914 13 
0 0.234307 13 
0 0.238973 13 
0 0.263219 13 
0 0.27282 13 
0 0.307094 13 
0 0.308383 13 
0 0.308488 13 
0 0.310258 13 
0 0.319953 13 
0 0.319953 13 
0 0.322769 13 
0 0.326138 13 
0 0.329989 13 
0 0.330171 13 
0 0.332267 13 
0 0.33682 13 
0 0.341071 13 
0 0.341779 13 
0 0.342901 13 
0 0.34425 13 
0 0.34425 13 
0 0.34487 13 
0 0.350555 13 
0 0.351861 13 
0 0.354659 13 
0 0.360472 13 
0 0.360472 13 
0 0.360505 13 
0 0.376102 13 
0 0.377668 13 
0 0.379444 13 
0 0.381013 13 
0 0.386999 13 
0 0.492553 13 
0 0.513199 13 
0 0.514214 13 
0 0.526695 13 
0 0.529254 13 
0 0.549286 13 
0 0.549985 13 
0 0.561395 13 
0 0.836009 13 
0 0.942691 13 
0 0.942984 13 
0 0.944228 13 
0 0.950274 13 
0 0.950716 13 
0 0.976163 13 
0 0.982352 13 
0 0.987256 13 
0 0.989637 13 
0 0.990753 13 
0 1.04941 13 
0 1.05009 13 
0 1.05664 13 
0 1.07701 13 
0 1.07786 13 
0 1.07831 13 
0 1.16592 13 
0 1.16603 13 
0 1.16616 13 
0 1.37457 13 
0 1.37624 13 
0 1.47064 13 
0 1.47092 13 
0 1.47178 13 
0 1.90659 13 
0 1.90989 13 
0 1.95062 13 
0 1.95066 13 
0 1.95071 13 
0 inf 13 
0 0.0759192 14 
0 0.0933665 14 
0 0.0955207 14 
0 0.11056 14 
0 0.112392 14 
0 0.117196 14 
0 0.154113 14 
0 0.161422 14 
0 0.197378 14 
0 0.206988 14 
0 0.230111 14 
0 0.274253 14 
0 0.281386 14 
0 0.288728 14 
0 0.298462 14 
0 0.305555 14 
0 0.31356 14 
0 0.316623 14 
0 0.317937 14 
0 0.32398 14 
0 0.324091 14 
0 0.342992 14 
0 0.343629 14 
0 0.343971 14 
0 0.347438 14 
0 0.349041 14 
0 0.350277 14 
0 0.351267 14 
0 0.351267 14 
0 0.361252 14 
0 0.361484 14 
0 0.362546 14 
0 0.364956 14 
0 0.365413 14 
0 0.369593 14 
0 0.407046 14 
0 0.432509 14 
0 0.458259 14 
0 0.467647 14 
0 0.468289 14 
0 0.47128 14 
0 0.501107 14 
0 0.52374 14 
0 0.540437 14 
0 0.54572 14 
0 0.545785 14 
0 0.545807 14 
0 0.547864 14 
0 0.563796 14 
0 0.618411 14 
0 0.62033 14 
0 0.710059 14 
0 0.89253 14 
0 0.89526 14 
0 0.903909 14 
0 0.910725 14 
0 0.912201 14 
0 1.02158 14 
0 1.02673 14 
0 1.03326 14 
0 1.03335 14 
0 1.05198 14 
0 1.08357 14 
0 1.09331 14 
0 1.09366 14 
0 1.09577 14 
0 1.37312 14 
0 1.37784 14 
0 1.40333 14 
0 1.40341 14 
0 1.40343 14 
0 1.60072 14 
0 1.60081 14 
0 1.60087 14 
0 1.90714 14 
0 1.91621 14 
0 2.04679 14 
0 2.04683 14 
0 2.04685 14 
0 inf 14 
0 0.0675495 15 
0 0.081705 15 
0 0.104418 15 
0 0.122891 15 
0 0.126076 15 
0 0.128821 15 
0 0.132042 15 
0 0.13491 15 
0 0.17573 15 
0 0.180051 15 
0 0.191636 15 
0 0.195405 15 
0 0.201412 15 
0 0.204482 15 
0 0.215122 15 
0 0.215691 15 
0 0.222272 15 
0 0.261431 15 
0 0.279526 15 
0 0.290507 15 
0 0.291947 15 
0 0.296031 15 
0 0.296233 15 
0 0.324255 15 
0 0.352225 15 
0 0.353417 15 
0 0.357201 15 
0 0.358541 15 
0 0.360803 15 
0 0.361311 15 
0 0.361444 15 
0 0.361601 15 
0 0.361743 15 
0 0.367922 15 
0 0.368411 15 
0 0.405835 15 
0 0.422981 15 
0 0.494665 15 
0 0.50474 15 
0 0.505501 15 
0 0.505501 15 
0 0.506568 15 
0 0.528419 15 
0 0.531112 15 
0 0.535109 15 
0 0.550691 15 
0 0.552912 15 
0 0.743415 15 
0 0.854259 15 
0 0.859482 15 
0 0.884787 15 
0 0.885764 15 
0 0.887349 15 
0 0.887349 15 
0 0.984148 15 
0 0.984343 15 
0 0.98449 15 
0 1.0497 15 
0 1.06988 15 
0 1.07006 15 
0 1.07006 15 
0 1.07036 15 
0 1.07712 15 
0 1.0845 15 
0 1.08458 15 
0 1.11901 15 
0 1.39685 15 
0 1.40118 15 
0 1.40156 15 
0 1.40169 15 
0 1.91624 15 
0 1.99528 15 
0 1.9953 15 
0 1.99547 15 
0 2.53875 15 
0 inf 15 
0 0.0703365 16 
0 0.0794683 16 
0 0.0818505 16 
0 0.0865547 16 
0 0.0865609 16 
0 0.0895538 16 
0 0.0914151 16 
0 0.11534 16 
0 0.118929 16 
0 0.123002 16 
0 0.128247 16 
0 0.133131 16 
0 0.150726 16 
0 0.185766 16 
0 0.187822 16 
0 0.188142 16 
0 0.210338 16 
0 0.211077 16 
0 0.214616 16 
0 0.219281 16 
0 0.223672 16 
0 0.304898 16 
0 0.333453 16 
0 0.334028 16 
0 0.350945 16 
0 0.360445 16 
0 0.360445 16 
0 0.361609 16 
0 0.362306 16 
0 0.386148 16 
0 0.389122 16 
0 0.392716 16 
0 0.394668 16 
0 0.454219 16 
0 0.488561 16 
0 0.49413 16 
0 0.504515 16 
0 0.5048 16 
0 0.505157 16 
0 0.509064 16 
0 0.526798 16 
0 0.529401 16 
0 0.540992 16 
0 0.541879 16 
0 0.542765 16 
0 0.893835 16 
0 0.902969 16 
0 0.918777 16 
0 0.95032 16 
0 0.973425 16 
0 1.04102 16 
0 1.05403 16 
0 1.09246 16 
0 1.09296 16 
0 1.09299 16 
0 1.09314 16 
0 1.10847 16 
0 1.14742 16 
0 1.14977 16 
0 1.1504 16 
0 1.23077 16 
0 1.23575 16 
0 1.38848 16 
0 1.38854 16 
0 1.38854 16 
0 1.38858 16 
0 1.40008 16 
0 1.91728 16 
0 1.93638 16 
0 1.93753 16 
0 1.93815 16 
0 inf 16 
0 0.0554375 17 
0 0.0619855 17 
0 0.062564 17 
0 0.0664713 17 
0 0.0757628 17 
0 0.113875 17 
0 0.11398 17 
0 0.11482 17 
0 0.138172 17 
0 0.213284 17 
0 0.213509 17 
0 0.21379 17 
0 0.257545 17 
0 0.266448 17 
0 0.269571 17 
0 0.279027 17 
0 0.279585 17 
0 0.281471 17 
0 0.283172 17 
0 0.283385 17 
0 0.286334 17 
0 0.393263 17 
0 0.394239 17 
0 0.395 17 
0 0.396456 17 
0 0.468341 17 
0 0.479933 17 
0 0.516558 17 
0 0.522618 17 
0 0.522687 17 
0 0.523238 17 
0 0.525162 17 
0 0.527369 17 
0 0.527915 17 
0 0.529277 17 
0 0.533147 17 
0 0.560317 17 
0 0.564459 17 
0 0.610392 17 
0 0.627176 17 
0 0.631583 17 
0 0.631754 17 
0 0.645542 17 
0 0.712353 17 
0 0.752301 17 
0 0.787611 17 
0 0.790553 17 
0 0.829917 17 
0 0.849204 17 
0 0.992082 17 
0 1.00505 17 
0 1.01272 17 
0 1.0195 17 
0 1.05708 17 
0 1.06411 17 
0 1.09193 17 
0 1.09325 17 
0 1.09325 17 
0 1.09379 17 
0 1.40627 17 
0 1.40634 17 
0 1.40713 17 
0 1.40729 17 
0 1.9456 17 
0 1.95125 17 
0 1.95145 17 
0 1.95194 17 
0 inf 17 
0 0.116175 18 
0 0.119436 18 
0 0.119737 18 
0 0.160814 18 
0 0.161484 18 
0 0.161484 18 
0 0.234163 18 
0 0.257416 18 
0 0.260339 18 
0 0.261581 18 
0 0.26432 18 
0 0.265001 18 
0 0.265136 18 
0 0.274352 18 
0 0.279555 18 
0 0.280926 18 
0 0.318577 18 
0 0.344184 18 
0 0.344288 18 
0 0.34502 18 
0 0.361816 18 
0 0.428062 18 
0 0.500317 18 
0 0.504047 18 
0 0.504975 18 
0 0.525429 18 
0 0.525498 18 
0 0.52616 18 
0 0.528512 18 
0 0.528534 18 
0 0.528625 18 
0 0.528625 18 
0 0.551262 18 
0 0.552329 18 
0 0.561195 18 
0 0.561195 18 
0 0.561281 18 
0 0.60528 18 
0 0.608179 18 
0 0.608179 18 
0 0.619273 18 
0 0.785188 18 
0 0.810376 18 
0 0.834042 18 
0 0.837362 18 
0 0.838179 18 
0 0.865459 18 
0 0.89998 18 
0 0.987661 18 
0 1.03518 18 
0 1.03903 18 
0 1.10162 18 
0 1.10162 18 
0 1.1025 18 
0 1.10367 18 
0 1.4057 18 
0 1.40574 18 
0 1.40577 18 
0 1.41467 18 
0 1.96487 18 
0 1.97948 18 
0 1.98004 18 
0 1.98063 18 
0 inf 18 
0 0.12251 19 
0 0.123389 19 
0 0.130669 19 
0 0.141351 19 
0 0.149765 19 
0 0.150804 19 
0 0.176215 19 
0 0.176487 19 
0 0.183099 19 
0 0.22451 19 
0 0.224937 19 
0 0.225097 19 
0 0.275271 19 
0 0.276316 19 
0 0.283523 19 
0 0.316761 19 
0 0.341392 19 
0 0.341569 19 
0 0.341569 19 
0 0.341954 19 
0 0.342796 19 
0 0.357531 19 
0 0.357531 19 
0 0.357631 19 
0 0.418901 19 
0 0.434665 19 
0 0.443746 19 
0 0.443854 19 
0 0.443881 19 
0 0.496801 19 
0 0.496897 19 
0 0.496897 19 
0 0.527664 19 
0 0.528301 19 
0 0.529096 19 
0 0.559503 19 
0 0.55961 19 
0 0.559674 19 
0 0.569014 19 
0 0.5722 19 
0 0.59632 19 
0 0.597607 19 
0 0.841443 19 
0 0.843723 19 
0 0.891575 19 
0 1.02379 19 
0 1.02467 19 
0 1.104 19 
0 1.10404 19 
0 1.10426 19 
0 1.41307 19 
0 1.41358 19 
0 1.41458 19 
0 1.97597 19 
0 1.97599 19 
0 1.97679 19 
0 2.01219 19 
0 2.2913 19 
0 2.67386 19 
0 inf 19 
0 0.0730175 20 
0 0.0902298 20 
0 0.104648 20 
0 0.123775 20 
0 0.125222 20 
0 0.126569 20 
0 0.128828 20 
0 0.134111 20 
0 0.18006 20 
0 0.183233 20 
0 0.184084 20 
0 0.204825 20 
0 0.205 20 
0 0.205303 20 
0 0.211744 20 
0 0.264586 20 
0 0.272817 20 
0 0.272817 20 
0 0.275968 20 
0 0.279292 20 
0 0.325014 20 
0 0.327369 20 
0 0.359807 20 
0 0.360073 20 
0 0.361139 20 
0 0.419964 20 
0 0.421676 20 
0 0.422018 20 
0 0.464906 20 
0 0.497839 20 
0 0.499765 20 
0 0.500221 20 
0 0.525086 20 
0 0.525086 20 
0 0.529346 20 
0 0.541639 20 
0 0.561476 20 
0 0.567662 20 
0 0.568825 20 
0 0.569015 20 
0 0.661264 20 
0 0.662135 20 
0 0.889835 20 
0 0.960952 20 
0 0.961751 20 
0 1.02628 20 
0 1.02768 20 
0 1.06572 20 
0 1.06708 20 
0 1.06735 20 
0 1.41922 20 
0 1.41942 20 
0 2.00154 20 
0 2.00156 20 
0 2.56442 20 
0 inf 20 
