5.61794 9.01021 1 
0.932724 2.20923 1 
0.469657 0.534065 1 
0.335002 0.345681 1 
0.327597 0.337668 1 
0.243265 0.260498 1 
0.197193 0.206995 1 
0.194786 0.217451 1 
0.182786 0.19957 1 
0.181493 0.204942 1 
0.172698 0.191856 1 
0.153299 0.153606 1 
0.131065 0.140786 1 
0.12667 0.158152 1 
0.126668 0.12925 1 
0.123656 0.131422 1 
0.116985 0.117789 1 
0.114125 0.125169 1 
0.113299 0.12667 1 
0.112878 0.117789 1 
0.112458 0.139773 1 
0.111196 0.120164 1 
0.109488 0.124034 1 
0.107309 0.112039 1 
0.103731 0.112039 1 
0.103273 0.110762 1 
0.100494 0.106866 1 
0.0995467 0.10049 1 
0.0981177 0.103727 1 
0.0981157 0.100023 1 
0.0981127 0.110769 1 
0.0976353 0.118985 1 
0.097144 0.109484 1 
0.0921656 0.0936876 1 
0.0900935 0.0916514 1 
0.0895641 0.0941915 1 
0.0863449 0.10189 1 
0.0846934 0.0879709 1 
0.0783205 0.0941915 1 
0.0680014 0.0707256 1 
0.0673089 0.0686982 1 
4.97522 6.1768 2 
0.809858 2.76257 2 
0.512053 0.535387 2 
0.458781 0.485661 2 
0.423699 0.55826 2 
0.316448 0.364672 2 
0.196715 0.197431 2 
0.16081 0.172973 2 
0.152992 0.169667 2 
0.13601 0.145725 2 
0.13531 0.139436 2 
0.129611 0.147333 2 
0.12925 0.135661 2 
0.124035 0.125174 2 
0.121725 0.125544 2 
0.118983 0.135665 2 
0.11859 0.123656 2 
0.115766 0.127039 2 
0.114545 0.11536 2 
0.10327 0.103274 2 
0.102356 0.102356 2 
0.102349 0.107743 2 
0.0976321 0.099074 2 
4.89069 4.9493 3 
4.85082 4.9493 3 
4.8495 4.99522 3 
4.84926 4.92008 3 
4.83177 4.92008 3 
4.64875 5.00132 3 
0.673261 2.67714 3 
0.517735 0.531405 3 
0.51463 0.516457 3 
0.438585 0.440731 3 
0.388245 0.43306 3 
0.372481 0.457124 3 
0.360514 0.393314 3 
0.258685 0.274438 3 
0.217672 0.223449 3 
0.161399 0.164008 3 
0.154834 0.156044 3 
0.12173 0.133557 3 
0.12173 0.129247 3 
0.115769 0.129247 3 
0.114128 0.117789 3 
0.114125 0.129613 3 
0.102355 0.105977 3 
0.0995467 0.105528 3 
0.0926726 0.100955 3 
0.0916527 0.104174 3 
0.0906117 0.105528 3 
0.0906096 0.0966585 3 
0.0906096 0.104183 3 
3.4487 3.46534 4 
0.752856 2.43367 4 
0.562471 0.582017 4 
0.558427 0.560116 4 
0.0936886 0.102349 4 
0.0858017 0.0916495 4 
2.08979 2.0911 5 
0.921111 2.12008 5 
0.280566 0.290639 5 
0.133912 0.147335 5 
0.117786 0.120164 5 
0.108178 0.11778 5 
0.105977 0.108176 5 
0.097635 0.105979 5 
0.0936875 0.110766 5 
0.0812803 0.0835716 5 
1.86674 1.87284 6 
1.85076 1.937 6 
1.78838 1.85214 6 
1.78587 1.86861 6 
1.78587 1.86777 6 
0.241317 0.289829 6 
0.223869 0.279045 6 
0.132855 0.142117 6 
0.130702 0.136699 6 
0.12961 0.139771 6 
0.126666 0.137391 6 
0.120558 0.137734 6 
0.117387 0.120563 6 
0.114125 0.127412 6 
1.58204 1.66379 7 
1.56739 1.57964 7 
1.55749 1.58158 7 
1.54767 1.64698 7 
0.349477 0.365326 7 
0.273066 0.280399 7 
0.269062 0.284244 7 
0.118591 0.133913 7 
0.117782 0.118982 7 
0.117387 0.124409 7 
0.111188 0.112037 7 
0.103273 0.105977 7 
1.3863 1.38657 8 
1.37993 1.38766 8 
1.3366 1.34459 8 
1.27754 1.45074 8 
0.359443 0.393586 8 
0.10818 0.109485 8 
0.101428 0.107748 8 
1.18473 1.28524 9 
1.14157 1.19789 9 
1.12269 1.20921 9 
0.952824 1.22934 9 
0.93659 0.940812 9 
0.603979 0.606474 9 
0.144101 0.146692 9 
1.4052 1.42073 10 
0.927372 1.01445 10 
0.873402 1.0335 10 
0.626377 0.644941 10 
0.430654 0.433818 10 
0.318225 0.325436 10 
0.30443 0.326738 10 
0.144424 0.149879 10 
1.04125 1.04482 11 
0.756906 0.823149 11 
0.594053 0.594846 11 
1.01051 1.03788 12 
0.891355 0.892467 12 
0.694609 0.798237 12 
0.466829 0.471963 12 
0.432949 0.516998 12 
0.945316 0.953025 13 
0.771115 0.82602 13 
0.702579 0.896275 13 
0.690397 0.705823 13 
0.582991 0.671118 13 
0.71385 0.720169 14 
0.616965 0.694476 14 
0.530434 0.563477 14 
0.523538 0.741027 14 
0.517464 0.585979 14 
0.654456 0.657118 15 
0.62397 0.709271 15 
0.604298 0.70198 15 
0.40068 0.430107 15 
0.788004 0.81584 16 
0.394508 0.478121 16 
1.22453 1.30686 17 
1.19824 1.30165 17 
1.19611 1.3128 17 
1.31474 1.35542 18 
0.811719 0.843373 18 
0.809857 0.846055 18 
0.792122 0.812606 18 
0.610814 0.671255 20 
0.572363 0.678601 20 
