5.43242 9.1411 1 
0.81063 2.12985 1 
0.220287 0.249505 1 
0.215189 0.247568 1 
0.204387 0.210843 1 
0.191046 0.205329 1 
0.118109 0.20293 1 
0.115248 0.123466 1 
0.112985 0.118261 1 
0.106927 0.118107 1 
0.104387 0.10641 1 
0.103049 0.16977 1 
0.0858138 0.0993027 1 
0.0846159 0.0906304 1 
0.0829582 0.0919516 1 
0.0818404 0.0935437 1 
0.0738765 0.0942338 1 
0.0706796 0.0721059 1 
0.0704142 0.0794278 1 
0.069088 0.0732472 1 
0.0652301 0.0747495 1 
0.062331 0.068685 1 
0.0578672 0.0617342 1 
0.0567369 0.062774 1 
0.0496039 0.0517933 1 
0.0478959 0.0528537 1 
6.72169 6.8161 2 
4.2759 6.83564 2 
0.668999 2.87729 2 
0.289903 0.291431 2 
0.264797 0.275986 2 
0.232342 0.28741 2 
0.221623 0.243314 2 
0.20069 0.231707 2 
0.189743 0.318951 2 
0.0957884 0.105362 2 
0.088252 0.106666 2 
0.0544066 0.0575465 2 
0.0423617 0.0457222 2 
4.5123 5.50926 3 
4.51219 5.53528 3 
4.51095 4.52209 3 
4.43596 5.54413 3 
0.625715 2.79183 3 
0.258319 0.282993 3 
0.252232 0.296658 3 
0.230505 0.278053 3 
0.226537 0.227229 3 
0.201288 0.206773 3 
0.183394 0.206188 3 
0.159666 0.28316 3 
0.0817226 0.0846113 3 
0.0655122 0.0706786 3 
0.06113 0.067049 3 
1.2733 2.48133 4 
0.229583 0.278383 4 
0.216175 0.251459 4 
0.215878 0.245089 4 
0.201651 0.254532 4 
0.186592 0.187237 4 
0.149618 0.149743 4 
1.8881 2.05445 5 
1.5371 2.33996 5 
0.358474 0.384856 5 
0.247496 0.257572 5 
0.207307 0.220076 5 
0.0490425 0.0549157 5 
2.07312 2.18153 6 
2.0557 2.11261 6 
2.04917 2.08625 6 
1.88522 1.91334 6 
1.5121 2.19229 6 
0.277052 0.343749 6 
0.157096 0.177605 6 
0.155268 0.174239 6 
0.0955945 0.0964701 6 
0.0603719 0.0659341 6 
2.17498 2.30398 7 
2.15934 2.45277 7 
1.9962 2.11197 7 
1.75599 1.78004 7 
1.6667 1.7134 7 
1.53603 1.57579 7 
1.46101 1.79856 7 
1.44477 1.91234 7 
0.267677 0.287219 7 
0.198512 0.204207 7 
0.127952 0.147689 7 
2.21673 2.31885 8 
1.95909 2.09258 8 
1.94999 2.22627 8 
1.80301 1.87431 8 
1.73299 2.01998 8 
1.59169 1.64461 8 
1.47335 1.60381 8 
1.45152 1.48204 8 
1.4294 1.71648 8 
0.337936 0.347335 8 
0.26482 0.271038 8 
2.21568 2.33567 9 
2.19203 2.31322 9 
2.08619 2.39108 9 
2.08614 2.41128 9 
1.43846 1.74112 9 
0.249545 0.290066 9 
0.134787 0.142263 9 
0.0992929 0.0998624 9 
1.87597 2.06349 10 
1.85769 2.04725 10 
1.68143 1.95954 10 
1.6813 1.81619 10 
1.67767 1.70577 10 
1.3594 1.55714 10 
1.05328 1.09687 10 
0.502989 0.534713 10 
0.428437 0.477163 10 
0.364815 0.381479 10 
1.65711 1.65961 11 
1.65693 1.765 11 
1.21356 1.21399 11 
1.06095 1.06931 11 
0.951124 1.02127 11 
0.812535 0.823606 11 
0.89773 0.912946 12 
0.896132 0.930873 12 
0.887821 0.935938 12 
0.867323 0.959108 12 
0.84423 0.929114 12 
0.375756 0.415855 12 
1.91293 1.97822 13 
1.91293 1.97875 13 
1.90696 1.98007 13 
0.37583 0.377474 13 
0.28514 0.289997 13 
1.06101 1.08355 14 
1.8494 1.87699 15 
1.73739 1.93927 15 
1.73197 1.933 15 
1.61473 1.66424 15 
1.30268 1.76433 15 
1.30268 1.60977 15 
1.30104 1.64441 15 
0.373263 0.380473 15 
1.67209 1.7865 16 
1.6719 1.78648 16 
1.67132 1.74321 16 
1.39765 1.42134 16 
1.34241 1.36924 16 
0.460031 0.468817 16 
0.45585 0.460054 16 
0.3722 0.386148 16 
1.57063 1.59882 17 
1.56841 1.69199 17 
1.33147 1.48141 17 
1.27311 1.48813 17 
1.05042 1.48612 17 
1.48224 1.7952 18 
1.31504 1.41614 18 
1.21749 1.41201 18 
1.21194 1.41385 18 
1.27432 1.50221 19 
1.27115 1.5028 19 
0.326754 0.340531 19 
1.61225 1.61623 20 
1.26962 1.3862 20 
1.26907 1.38556 20 
0.459744 0.53159 20 
