6.25629 8.72759 1 
1.90706 1.95533 1 
0.862729 2.13616 1 
0.333362 0.357483 1 
0.248901 0.266778 1 
0.205894 0.208447 1 
0.18426 0.20725 1 
0.180759 0.187105 1 
0.140079 0.164237 1 
0.138404 0.139187 1 
0.133596 0.197555 1 
0.125046 0.148817 1 
0.0979446 0.111479 1 
0.0928868 0.0969899 1 
0.0789292 0.083156 1 
0.0752927 0.0859198 1 
0.0662694 0.0662702 1 
0.0623997 0.0650889 1 
0.0623988 0.0662731 1 
0.0535344 0.0552461 1 
0.0529499 0.0580006 1 
0.0517543 0.0566401 1 
0.0492904 0.052648 1 
6.16913 6.70904 2 
6.1648 6.71231 2 
5.75557 5.77184 2 
4.99492 6.72973 2 
1.65533 1.72031 2 
0.737499 2.87647 2 
0.290475 0.317282 2 
0.288322 0.293573 2 
0.271983 0.303842 2 
0.248965 0.253978 2 
0.236318 0.271412 2 
0.142401 0.170745 2 
0.142065 0.310136 2 
0.123791 0.126036 2 
0.123161 0.124171 2 
0.12112 0.126036 2 
0.113142 0.126036 2 
0.102607 0.10721 2 
0.096339 0.0981072 2 
0.0928841 0.0982634 2 
0.0552489 0.0653233 2 
0.0541115 0.0582703 2 
0.0538251 0.0611386 2 
0.0535298 0.0621488 2 
0.0489765 0.052358 2 
0.0480138 0.0483392 2 
0.0466988 0.0523578 2 
0.0382616 0.043589 2 
0.643173 3.01155 3 
0.366822 0.42173 3 
0.255263 0.293572 3 
0.252504 0.273809 3 
0.241599 0.284521 3 
0.237766 0.243201 3 
0.138852 0.148189 3 
0.105747 0.117602 3 
0.0771284 0.0783333 3 
0.0669717 0.0697012 3 
0.0626469 0.0665102 3 
0.0618969 0.0667428 3 
0.0598496 0.0626494 3 
0.055808 0.0571848 3 
3.94167 3.98 4 
2.79444 2.80095 4 
0.679142 2.81221 4 
0.264666 0.266137 4 
0.256119 0.256301 4 
0.22191 0.272728 4 
0.21164 0.218518 4 
0.191707 0.200679 4 
0.11078 0.12542 4 
0.105156 0.110357 4 
0.100767 0.120868 4 
0.100613 0.116801 4 
0.0846401 0.092382 4 
2.47648 2.48568 5 
1.47653 1.53694 5 
1.3449 2.52855 5 
0.220638 0.223795 5 
0.209562 0.224355 5 
0.125662 0.129214 5 
0.0752897 0.077333 5 
0.07362 0.0775366 5 
0.072338 0.072339 5 
2.59337 2.70063 6 
2.29843 2.45142 6 
2.29373 2.46296 6 
2.157 2.15912 6 
1.65394 1.65755 6 
1.39119 2.31302 6 
0.195813 0.22177 6 
0.15746 0.160788 6 
0.137502 0.14141 6 
0.0982651 0.0988931 6 
0.0973049 0.097468 6 
0.0930539 0.0993638 6 
0.0927209 0.101385 6 
1.99584 2.50047 7 
1.97616 2.19197 7 
1.9759 2.14557 7 
1.97128 2.29463 7 
1.9453 1.96183 7 
1.66057 2.30946 7 
0.192768 0.202923 7 
0.131714 0.131837 7 
0.0974694 0.0996792 7 
2.41686 2.67825 8 
2.02723 2.38296 8 
1.77766 1.77813 8 
1.73385 2.11607 8 
1.73126 2.06682 8 
1.73108 2.02871 8 
0.131126 0.133712 8 
1.7351 2.04775 9 
1.73229 1.73606 9 
1.70814 1.75358 9 
1.67389 1.92601 9 
1.6544 1.81896 9 
1.59404 1.69511 9 
1.58558 1.62094 9 
1.48099 1.54089 9 
1.16924 1.3106 9 
0.386113 0.395184 9 
0.111617 0.117599 9 
0.109791 0.131834 9 
0.0942144 0.094215 9 
2.26022 2.2683 10 
2.20586 2.2475 10 
1.81769 2.05117 10 
1.81628 2.05117 10 
1.40111 1.50818 10 
1.30231 1.34367 10 
0.516528 0.517409 10 
2.0074 2.53575 11 
1.90232 2.4825 11 
1.71632 1.77469 11 
1.71567 1.79105 11 
1.33409 1.34439 11 
0.684184 0.684323 11 
0.443602 0.447315 11 
1.34571 1.43316 12 
1.33473 1.42698 12 
1.22467 1.28946 12 
1.20229 1.21148 12 
1.16353 1.19677 12 
1.13997 1.15555 12 
0.672302 0.687396 12 
0.556586 0.585427 12 
0.385185 0.390507 12 
1.13561 1.17691 13 
1.0592 1.11225 13 
1.04427 1.12606 13 
1.03287 1.06368 13 
0.806814 0.987374 13 
0.649892 0.658991 13 
0.482248 0.538709 13 
0.385466 0.387303 13 
1.71749 1.79935 14 
1.68924 1.79935 14 
1.08965 1.31936 14 
0.929364 0.98684 14 
0.772651 0.834444 14 
0.734618 1.01492 14 
0.587094 0.594003 14 
0.496472 0.506529 14 
1.69548 1.79604 15 
1.69519 1.79635 15 
1.69375 1.78187 15 
1.00812 1.02138 15 
0.965125 0.995214 15 
0.844759 0.919913 15 
0.544595 0.568656 15 
0.487898 0.492862 15 
2.2487 2.42442 16 
2.23832 2.43017 16 
1.6977 2.24864 17 
1.6976 2.26002 17 
1.60223 1.62908 17 
1.59478 1.62212 17 
1.58632 1.62204 17 
1.81197 1.81502 18 
1.78651 1.81663 18 
1.75359 1.78243 18 
1.63407 1.72591 18 
1.58319 1.81216 18 
1.57228 1.83064 18 
0.174507 0.187939 18 
1.2925 1.30661 19 
1.29217 1.388 19 
1.27308 1.27757 19 
0.961448 0.965584 19 
0.484533 0.554004 19 
0.484308 0.551299 19 
0.476039 0.549489 19 
1.09205 1.19481 20 
1.08626 1.33292 20 
0.437598 0.442336 20 
0.377093 0.410533 20 
0.376473 0.410533 20 
0.321911 0.335077 20 
