0 0.0166042 1 
0 0.0166042 1 
0 0.0187323 1 
0 0.0187323 1 
0 0.0187377 1 
0 0.0218266 1 
0 0.02295 1 
0 0.0234862 1 
0 0.025038 1 
0 0.0255304 1 
0 0.0260116 1 
0 0.0335947 1 
0 0.0339647 1 
0 0.0354048 1 
0 0.0364514 1 
0 0.0374687 1 
0 0.0378008 1 
0 0.0378008 1 
0 0.0381288 1 
0 0.0381288 1 
0 0.0381288 1 
0 0.0384565 1 
0 0.0387776 1 
0 0.039105 1 
0 0.0391076 1 
0 0.0394208 1 
0 0.0394246 1 
0 0.0394246 1 
0 0.0394246 1 
0 0.0394272 1 
0 0.0397379 1 
0 0.0400538 1 
0 0.0400563 1 
0 0.0406756 1 
0 0.0409805 1 
0 0.041894 1 
0 0.0421853 1 
0 0.0424783 1 
0 0.0430663 1 
0 0.0433659 1 
0 0.0444995 1 
0 0.0445006 1 
0 0.0447806 1 
0 0.0447806 1 
0 0.0447817 1 
0 0.0453377 1 
0 0.0453377 1 
0 0.0469681 1 
0 0.0474995 1 
0 0.0477609 1 
0 0.0490582 1 
0 0.0536908 1 
0 0.0559759 1 
0 0.0602902 1 
0 0.0604988 1 
0 0.0621314 1 
0 0.0631313 1 
0 0.066423 1 
0 0.0673595 1 
0 0.068284 1 
0 0.0704508 1 
0 0.0716904 1 
0 0.0723865 1 
0 0.0740905 1 
0 0.0745956 1 
0 0.0762569 1 
0 0.0767484 1 
0 0.0775604 1 
0 0.0824179 1 
0 0.0830236 1 
0 0.0856972 1 
0 0.0856974 1 
0 0.0881536 1 
0 0.093534 1 
0 0.0948605 1 
0 0.101007 1 
0 0.109002 1 
0 0.112182 1 
0 0.11526 1 
0 0.117845 1 
0 0.123148 1 
0 0.131701 1 
0 0.13527 1 
0 0.136197 1 
0 0.137204 1 
0 0.137939 1 
0 0.140104 1 
0 0.145622 1 
0 0.151859 1 
0 0.152928 1 
0 0.153175 1 
0 0.162466 1 
0 0.164684 1 
0 0.169709 1 
0 0.171104 1 
0 0.174158 1 
0 0.180656 1 
0 0.195521 1 
0 0.211112 1 
0 0.247466 1 
0 0.256809 1 
0 0.259577 1 
0 0.262979 1 
0 0.275641 1 
0 0.28227 1 
0 0.295736 1 
0 0.305282 1 
0 0.321933 1 
0 0.327736 1 
0 0.36404 1 
0 0.387063 1 
0 0.403244 1 
0 0.405193 1 
0 0.411768 1 
0 0.414238 1 
0 0.433417 1 
0 0.483701 1 
0 0.484465 1 
0 0.602802 1 
0 0.671989 1 
0 1.59505 1 
0 2.08771 1 
0 2.30669 1 
0 2.33728 1 
0 3.06075 1 
0 3.14086 1 
0 3.32104 1 
0 5.66494 1 
0 6.24169 1 
0 6.29073 1 
0 6.34126 1 
0 inf 1 
0 0.0206446 2 
0 0.0212438 2 
0 0.0212439 2 
0 0.0223965 2 
0 0.0234862 2 
0 0.0234883 2 
0 0.0240105 2 
0 0.0240105 2 
0 0.0291942 2 
0 0.0304549 2 
0 0.0324454 2 
0 0.0324546 2 
0 0.0350529 2 
0 0.035402 2 
0 0.0354048 2 
0 0.0367954 2 
0 0.0371309 2 
0 0.0371309 2 
0 0.0371309 2 
0 0.0374674 2 
0 0.0381314 2 
0 0.0387815 2 
0 0.0387853 2 
0 0.0391037 2 
0 0.0397405 2 
0 0.0397467 2 
0 0.0409903 2 
0 0.0409927 2 
0 0.0418928 2 
0 0.0418939 2 
0 0.0421853 2 
0 0.0421913 2 
0 0.0433567 2 
0 0.0442211 2 
0 0.0445006 2 
0 0.0453432 2 
0 0.0456103 2 
0 0.0466991 2 
0 0.046967 2 
0 0.047762 2 
0 0.0485407 2 
0 0.0488017 2 
0 0.0495652 2 
0 0.0498167 2 
0 0.0498187 2 
0 0.0498197 2 
0 0.0505629 2 
0 0.0522705 2 
0 0.053689 2 
0 0.0625341 2 
0 0.0631376 2 
0 0.0633254 2 
0 0.0682873 2 
0 0.0742645 2 
0 0.0770773 2 
0 0.0770773 2 
0 0.0788518 2 
0 0.0852591 2 
0 0.0925873 2 
0 0.103462 2 
0 0.113178 2 
0 0.113618 2 
0 0.116989 2 
0 0.120992 2 
0 0.123146 2 
0 0.124261 2 
0 0.130561 2 
0 0.133879 2 
0 0.13784 2 
0 0.139377 2 
0 0.143365 2 
0 0.143455 2 
0 0.143541 2 
0 0.143628 2 
0 0.146313 2 
0 0.147506 2 
0 0.148266 2 
0 0.15145 2 
0 0.152682 2 
0 0.154318 2 
0 0.171472 2 
0 0.17191 2 
0 0.178209 2 
0 0.186664 2 
0 0.195839 2 
0 0.196157 2 
0 0.196283 2 
0 0.215052 2 
0 0.228941 2 
0 0.233817 2 
0 0.246955 2 
0 0.255096 2 
0 0.291081 2 
0 0.29665 2 
0 0.302711 2 
0 0.303924 2 
0 0.305778 2 
0 0.331354 2 
0 0.332264 2 
0 0.340923 2 
0 0.368773 2 
0 0.374788 2 
0 0.379789 2 
0 0.380022 2 
0 0.383734 2 
0 0.393521 2 
0 0.396891 2 
0 0.402239 2 
0 0.404225 2 
0 0.427255 2 
0 0.564002 2 
0 0.630058 2 
0 0.879218 2 
0 1.46799 2 
0 1.82385 2 
0 2.04261 2 
0 2.24308 2 
0 2.46277 2 
0 2.48462 2 
0 4.1651 2 
0 4.31003 2 
0 4.63761 2 
0 4.67885 2 
0 4.71361 2 
0 5.11165 2 
0 5.24516 2 
0 5.26195 2 
0 inf 2 
0 0.0240104 3 
0 0.025036 3 
0 0.026963 3 
0 0.026963 3 
0 0.0278819 3 
0 0.0283214 3 
0 0.0283214 3 
0 0.0283214 3 
0 0.0312682 3 
0 0.0312714 3 
0 0.032836 3 
0 0.0339662 3 
0 0.0354105 3 
0 0.0361054 3 
0 0.03679 3 
0 0.0371241 3 
0 0.0378035 3 
0 0.0381327 3 
0 0.0384552 3 
0 0.0384565 3 
0 0.0384578 3 
0 0.039105 3 
0 0.0397442 3 
0 0.0403659 3 
0 0.0415921 3 
0 0.0418916 3 
0 0.041894 3 
0 0.0430732 3 
0 0.0442177 3 
0 0.0456164 3 
0 0.0456191 3 
0 0.0461585 3 
0 0.0477683 3 
0 0.0485469 3 
0 0.0493082 3 
0 0.0498167 3 
0 0.0517939 3 
0 0.0536918 3 
0 0.0536955 3 
0 0.0621346 3 
0 0.063134 3 
0 0.0652841 3 
0 0.0675478 3 
0 0.0684654 3 
0 0.0691969 3 
0 0.0718583 3 
0 0.0740885 3 
0 0.0745983 3 
0 0.0872898 3 
0 0.0904025 3 
0 0.100135 3 
0 0.100759 3 
0 0.101624 3 
0 0.104423 3 
0 0.105615 3 
0 0.106678 3 
0 0.108766 3 
0 0.120054 3 
0 0.122227 3 
0 0.131041 3 
0 0.13757 3 
0 0.138569 3 
0 0.140457 3 
0 0.141696 3 
0 0.145365 3 
0 0.146482 3 
0 0.146997 3 
0 0.147932 3 
0 0.153178 3 
0 0.160288 3 
0 0.164001 3 
0 0.164306 3 
0 0.177927 3 
0 0.185849 3 
0 0.190054 3 
0 0.192413 3 
0 0.211886 3 
0 0.254008 3 
0 0.267143 3 
0 0.267934 3 
0 0.273617 3 
0 0.274717 3 
0 0.286279 3 
0 0.287688 3 
0 0.290428 3 
0 0.291081 3 
0 0.295187 3 
0 0.296208 3 
0 0.298503 3 
0 0.299338 3 
0 0.311221 3 
0 0.322491 3 
0 0.337896 3 
0 0.346804 3 
0 0.351176 3 
0 0.37086 3 
0 0.385384 3 
0 0.386976 3 
0 0.387519 3 
0 0.401401 3 
0 0.41897 3 
0 0.438969 3 
0 0.505281 3 
0 0.505828 3 
0 0.51676 3 
0 0.647481 3 
0 1.37788 3 
0 1.45118 3 
0 1.72884 3 
0 1.84084 3 
0 1.95201 3 
0 1.99799 3 
0 1.99938 3 
0 1.99938 3 
0 2.07743 3 
0 3.24644 3 
0 3.77086 3 
0 3.84854 3 
0 3.85303 3 
0 3.99448 3 
0 4.02276 3 
0 4.02676 3 
0 4.02681 3 
0 inf 3 
0 0.0173407 4 
0 0.0193882 4 
0 0.0206446 4 
0 0.0212439 4 
0 0.0240146 4 
0 0.0264934 4 
0 0.0264934 4 
0 0.034325 4 
0 0.0346887 4 
0 0.035402 4 
0 0.0354133 4 
0 0.0357562 4 
0 0.0361013 4 
0 0.0371295 4 
0 0.0371309 4 
0 0.0384604 4 
0 0.0394259 4 
0 0.0394285 4 
0 0.0397379 4 
0 0.0412917 4 
0 0.0418892 4 
0 0.0421925 4 
0 0.0436521 4 
0 0.0439409 4 
0 0.0456136 4 
0 0.0456191 4 
0 0.0458934 4 
0 0.0458934 4 
0 0.0467066 4 
0 0.0485449 4 
0 0.0498177 4 
0 0.0498177 4 
0 0.0534608 4 
0 0.0562015 4 
0 0.0573062 4 
0 0.062333 4 
0 0.0654722 4 
0 0.0658484 4 
0 0.0682848 4 
0 0.0682848 4 
0 0.0718603 4 
0 0.0740946 4 
0 0.0760974 4 
0 0.0774029 4 
0 0.0797917 4 
0 0.082274 4 
0 0.103454 4 
0 0.108886 4 
0 0.109801 4 
0 0.112176 4 
0 0.11395 4 
0 0.114063 4 
0 0.115698 4 
0 0.116667 4 
0 0.117845 4 
0 0.121403 4 
0 0.124762 4 
0 0.134626 4 
0 0.135918 4 
0 0.136567 4 
0 0.139381 4 
0 0.139917 4 
0 0.152599 4 
0 0.172498 4 
0 0.191107 4 
0 0.200141 4 
0 0.208423 4 
0 0.208794 4 
0 0.209622 4 
0 0.209682 4 
0 0.234238 4 
0 0.245745 4 
0 0.260494 4 
0 0.261691 4 
0 0.270901 4 
0 0.276082 4 
0 0.277133 4 
0 0.283507 4 
0 0.285661 4 
0 0.287969 4 
0 0.299904 4 
0 0.316911 4 
0 0.319124 4 
0 0.325229 4 
0 0.326781 4 
0 0.337036 4 
0 0.34233 4 
0 0.345571 4 
0 0.349037 4 
0 0.355255 4 
0 0.359962 4 
0 0.362771 4 
0 0.374993 4 
0 0.378287 4 
0 0.512989 4 
0 0.563269 4 
0 0.67898 4 
0 0.901083 4 
0 1.10603 4 
0 1.45283 4 
0 1.46327 4 
0 1.72675 4 
0 1.73038 4 
0 2.0264 4 
0 2.03709 4 
0 2.03741 4 
0 2.03758 4 
0 2.26107 4 
0 2.2701 4 
0 2.29669 4 
0 2.35847 4 
0 2.50334 4 
0 2.56634 4 
0 2.57741 4 
0 2.57757 4 
0 2.57788 4 
0 2.72213 4 
0 2.72401 4 
0 2.72971 4 
0 inf 4 
0 0.0132477 5 
0 0.0234862 5 
0 0.0283196 5 
0 0.0300433 5 
0 0.0328314 5 
0 0.0328329 5 
0 0.032833 5 
0 0.0339559 5 
0 0.034325 5 
0 0.0357548 5 
0 0.0384604 5 
0 0.038463 5 
0 0.0433578 5 
0 0.0439398 5 
0 0.0442166 5 
0 0.0442188 5 
0 0.0453332 5 
0 0.0461606 5 
0 0.0474985 5 
0 0.0477599 5 
0 0.0482836 5 
0 0.0503171 5 
0 0.0508134 5 
0 0.0510627 5 
0 0.0520327 5 
0 0.055984 5 
0 0.0564288 5 
0 0.0579638 5 
0 0.0639179 5 
0 0.0679184 5 
0 0.0690102 5 
0 0.0706301 5 
0 0.0711643 5 
0 0.0723789 5 
0 0.0735833 5 
0 0.074597 5 
0 0.0752663 5 
0 0.0754341 5 
0 0.078848 5 
0 0.085703 5 
0 0.0904009 5 
0 0.102239 5 
0 0.109806 5 
0 0.110831 5 
0 0.111391 5 
0 0.111398 5 
0 0.112623 5 
0 0.115376 5 
0 0.116778 5 
0 0.123148 5 
0 0.126561 5 
0 0.128236 5 
0 0.132087 5 
0 0.1349 5 
0 0.137476 5 
0 0.139018 5 
0 0.146011 5 
0 0.150205 5 
0 0.161303 5 
0 0.171032 5 
0 0.177932 5 
0 0.189528 5 
0 0.205525 5 
0 0.258907 5 
0 0.270358 5 
0 0.271095 5 
0 0.271981 5 
0 0.279695 5 
0 0.281013 5 
0 0.284587 5 
0 0.286316 5 
0 0.287429 5 
0 0.289581 5 
0 0.303383 5 
0 0.304373 5 
0 0.311168 5 
0 0.322797 5 
0 0.332207 5 
0 0.334691 5 
0 0.334691 5 
0 0.334698 5 
0 0.335921 5 
0 0.336528 5 
0 0.338437 5 
0 0.341702 5 
0 0.355074 5 
0 0.446891 5 
0 0.594661 5 
0 0.653471 5 
0 0.848907 5 
0 0.860914 5 
0 0.869602 5 
0 0.915858 5 
0 0.930069 5 
0 1.13989 5 
0 1.348 5 
0 1.46211 5 
0 1.51829 5 
0 1.52794 5 
0 1.52823 5 
0 1.52922 5 
0 1.72999 5 
0 1.76745 5 
0 1.76948 5 
0 1.77093 5 
0 1.77152 5 
0 1.77534 5 
0 2.90972 5 
0 2.90972 5 
0 2.91218 5 
0 2.92037 5 
0 3.46506 5 
0 3.73474 5 
0 3.75907 5 
0 3.77101 5 
0 inf 5 
0 0.0158335 6 
0 0.020025 6 
0 0.0212438 6 
0 0.021822 6 
0 0.0240146 6 
0 0.0260192 6 
0 0.0291968 6 
0 0.0339559 6 
0 0.0367914 6 
0 0.0371349 6 
0 0.039105 6 
0 0.0415903 6 
0 0.0424853 6 
0 0.0436509 6 
0 0.0472335 6 
0 0.0477598 6 
0 0.0482888 6 
0 0.0485428 6 
0 0.0508154 6 
0 0.0550727 6 
0 0.0575248 6 
0 0.0600783 6 
0 0.0633286 6 
0 0.0647048 6 
0 0.0650877 6 
0 0.0650904 6 
0 0.0662368 6 
0 0.0666071 6 
0 0.0666154 6 
0 0.06717 6 
0 0.074605 6 
0 0.0819623 6 
0 0.083026 6 
0 0.0890018 6 
0 0.0909523 6 
0 0.0921896 6 
0 0.0923213 6 
0 0.107264 6 
0 0.113068 6 
0 0.12182 6 
0 0.123562 6 
0 0.125869 6 
0 0.127157 6 
0 0.127843 6 
0 0.129694 6 
0 0.132082 6 
0 0.141345 6 
0 0.14293 6 
0 0.145065 6 
0 0.154316 6 
0 0.154556 6 
0 0.156096 6 
0 0.160681 6 
0 0.160768 6 
0 0.16461 6 
0 0.222949 6 
0 0.226519 6 
0 0.226988 6 
0 0.234324 6 
0 0.238591 6 
0 0.261041 6 
0 0.263366 6 
0 0.270124 6 
0 0.270276 6 
0 0.282503 6 
0 0.283667 6 
0 0.289085 6 
0 0.304333 6 
0 0.305523 6 
0 0.305523 6 
0 0.305648 6 
0 0.316159 6 
0 0.329182 6 
0 0.333608 6 
0 0.333608 6 
0 0.337889 6 
0 0.341542 6 
0 0.35759 6 
0 0.372918 6 
0 0.416308 6 
0 0.437711 6 
0 0.488426 6 
0 0.493617 6 
0 0.7077 6 
0 0.791719 6 
0 0.950618 6 
0 1.06111 6 
0 1.06572 6 
0 1.0668 6 
0 1.12183 6 
0 1.2462 6 
0 1.31032 6 
0 1.31246 6 
0 1.31676 6 
0 1.32239 6 
0 1.32262 6 
0 1.48296 6 
0 1.51166 6 
0 1.51199 6 
0 1.51246 6 
0 1.52435 6 
0 1.56512 6 
0 1.73936 6 
0 2.4346 6 
0 2.46355 6 
0 2.48482 6 
0 2.48918 6 
0 2.73699 6 
0 2.73699 6 
0 2.73749 6 
0 2.74752 6 
0 inf 6 
0 0.0234798 7 
0 0.0328345 7 
0 0.0346843 7 
0 0.0371322 7 
0 0.037139 7 
0 0.0394246 7 
0 0.0394246 7 
0 0.0430686 7 
0 0.0430686 7 
0 0.0433625 7 
0 0.0482836 7 
0 0.0488007 7 
0 0.0498177 7 
0 0.0527476 7 
0 0.0543968 7 
0 0.0557522 7 
0 0.0581782 7 
0 0.0623322 7 
0 0.0662345 7 
0 0.0675419 7 
0 0.0675482 7 
0 0.0684668 7 
0 0.072206 7 
0 0.0751007 7 
0 0.0760941 7 
0 0.0791569 7 
0 0.0823426 7 
0 0.0824209 7 
0 0.0834788 7 
0 0.0852603 7 
0 0.088441 7 
0 0.104901 7 
0 0.105263 7 
0 0.110486 7 
0 0.111169 7 
0 0.114499 7 
0 0.11922 7 
0 0.123961 7 
0 0.124569 7 
0 0.126464 7 
0 0.127843 7 
0 0.127843 7 
0 0.128814 7 
0 0.129694 7 
0 0.13711 7 
0 0.139288 7 
0 0.154392 7 
0 0.175873 7 
0 0.179621 7 
0 0.182587 7 
0 0.193321 7 
0 0.196473 7 
0 0.197144 7 
0 0.198158 7 
0 0.198197 7 
0 0.246658 7 
0 0.250937 7 
0 0.254113 7 
0 0.259391 7 
0 0.263888 7 
0 0.266622 7 
0 0.272583 7 
0 0.318404 7 
0 0.323095 7 
0 0.32414 7 
0 0.325193 7 
0 0.333014 7 
0 0.338487 7 
0 0.353564 7 
0 0.356273 7 
0 0.358318 7 
0 0.365247 7 
0 0.456546 7 
0 0.487428 7 
0 0.539118 7 
0 0.650735 7 
0 0.686614 7 
0 0.701511 7 
0 0.708109 7 
0 0.759363 7 
0 0.770032 7 
0 0.779882 7 
0 0.783001 7 
0 0.795599 7 
0 0.942039 7 
0 0.950631 7 
0 1.01844 7 
0 1.30779 7 
0 1.3127 7 
0 1.31606 7 
0 1.32951 7 
0 1.35417 7 
0 1.45834 7 
0 1.72353 7 
0 1.81738 7 
0 1.878 7 
0 1.8799 7 
0 1.89199 7 
0 1.89215 7 
0 1.9869 7 
0 2.00616 7 
0 2.16116 7 
0 2.21918 7 
0 2.30907 7 
0 2.31116 7 
0 2.44499 7 
0 2.52629 7 
0 inf 7 
0 0.0187297 8 
0 0.0264953 8 
0 0.0316403 8 
0 0.0320609 8 
0 0.0477651 8 
0 0.0485397 8 
0 0.0485397 8 
0 0.0510608 8 
0 0.0536946 8 
0 0.0631348 8 
0 0.0662386 8 
0 0.0664184 8 
0 0.0693708 8 
0 0.0697324 8 
0 0.0697353 8 
0 0.0725563 8 
0 0.0772481 8 
0 0.0805743 8 
0 0.0808914 8 
0 0.0840816 8 
0 0.0854079 8 
0 0.0949969 8 
0 0.0971782 8 
0 0.101133 8 
0 0.10163 8 
0 0.111166 8 
0 0.111282 8 
0 0.112291 8 
0 0.114392 8 
0 0.114937 8 
0 0.122127 8 
0 0.123357 8 
0 0.123851 8 
0 0.124263 8 
0 0.12487 8 
0 0.126554 8 
0 0.127354 8 
0 0.12921 8 
0 0.133505 8 
0 0.139387 8 
0 0.152441 8 
0 0.158321 8 
0 0.160719 8 
0 0.163809 8 
0 0.1659 8 
0 0.167554 8 
0 0.167564 8 
0 0.201075 8 
0 0.208426 8 
0 0.216075 8 
0 0.236086 8 
0 0.245639 8 
0 0.247287 8 
0 0.25064 8 
0 0.258762 8 
0 0.26059 8 
0 0.267092 8 
0 0.312029 8 
0 0.312471 8 
0 0.32734 8 
0 0.332204 8 
0 0.35448 8 
0 0.357859 8 
0 0.395739 8 
0 0.50995 8 
0 0.52758 8 
0 0.530832 8 
0 0.553442 8 
0 0.556694 8 
0 0.588425 8 
0 0.696545 8 
0 0.697409 8 
0 0.716575 8 
0 0.720442 8 
0 0.721141 8 
0 0.721484 8 
0 0.923959 8 
0 0.974486 8 
0 1.05052 8 
0 1.08405 8 
0 1.14799 8 
0 1.3128 8 
0 1.31314 8 
0 1.31634 8 
0 1.31719 8 
0 1.31729 8 
0 1.38389 8 
0 1.42251 8 
0 1.42801 8 
0 1.48009 8 
0 1.60058 8 
0 1.63505 8 
0 1.63521 8 
0 1.64451 8 
0 1.66409 8 
0 1.71401 8 
0 1.71463 8 
0 1.72303 8 
0 1.72692 8 
0 1.73029 8 
0 1.73029 8 
0 1.74572 8 
0 1.76555 8 
0 inf 8 
0 0.0304516 9 
0 0.0461661 9 
0 0.0508134 9 
0 0.0541609 9 
0 0.0557562 9 
0 0.0583936 9 
0 0.0631332 9 
0 0.0673566 9 
0 0.0711597 9 
0 0.0715095 9 
0 0.0737551 9 
0 0.0740939 9 
0 0.0744265 9 
0 0.082798 9 
0 0.0837807 9 
0 0.086862 9 
0 0.0891274 9 
0 0.0898322 9 
0 0.0938009 9 
0 0.100261 9 
0 0.100884 9 
0 0.104298 9 
0 0.105374 9 
0 0.11094 9 
0 0.121722 9 
0 0.125767 9 
0 0.125862 9 
0 0.1295 9 
0 0.130257 9 
0 0.133223 9 
0 0.139649 9 
0 0.139919 9 
0 0.142142 9 
0 0.144543 9 
0 0.149362 9 
0 0.164163 9 
0 0.184532 9 
0 0.202885 9 
0 0.204116 9 
0 0.216423 9 
0 0.224105 9 
0 0.231812 9 
0 0.23631 9 
0 0.251578 9 
0 0.255545 9 
0 0.265641 9 
0 0.268169 9 
0 0.27377 9 
0 0.283136 9 
0 0.312713 9 
0 0.314267 9 
0 0.314672 9 
0 0.318191 9 
0 0.359531 9 
0 0.360262 9 
0 0.437739 9 
0 0.442749 9 
0 0.445713 9 
0 0.446161 9 
0 0.452326 9 
0 0.497277 9 
0 0.511489 9 
0 0.555293 9 
0 0.65986 9 
0 0.683871 9 
0 0.688492 9 
0 0.72618 9 
0 0.774438 9 
0 0.832336 9 
0 0.87272 9 
0 0.921795 9 
0 0.92261 9 
0 0.952712 9 
0 0.99975 9 
0 1.00724 9 
0 1.06148 9 
0 1.06696 9 
0 1.18444 9 
0 1.31031 9 
0 1.31045 9 
0 1.32265 9 
0 1.34402 9 
0 1.34405 9 
0 1.39454 9 
0 1.42737 9 
0 1.43808 9 
0 1.45458 9 
0 1.45458 9 
0 1.46119 9 
0 1.46599 9 
0 1.46599 9 
0 1.51872 9 
0 1.71636 9 
0 1.71647 9 
0 1.73234 9 
0 1.74953 9 
0 1.74996 9 
0 1.80369 9 
0 1.90463 9 
0 inf 9 
0 0.0415837 10 
0 0.0456191 10 
0 0.0561525 10 
0 0.0611164 10 
0 0.064697 10 
0 0.0660342 10 
0 0.0725521 10 
0 0.0746064 10 
0 0.0783614 10 
0 0.0816524 10 
0 0.083029 10 
0 0.0859954 10 
0 0.0931966 10 
0 0.102019 10 
0 0.104411 10 
0 0.106326 10 
0 0.109119 10 
0 0.11094 10 
0 0.111845 10 
0 0.114066 10 
0 0.122331 10 
0 0.123314 10 
0 0.127845 10 
0 0.130083 10 
0 0.130837 10 
0 0.13199 10 
0 0.153043 10 
0 0.169269 10 
0 0.185012 10 
0 0.20121 10 
0 0.214535 10 
0 0.23066 10 
0 0.231974 10 
0 0.232459 10 
0 0.234543 10 
0 0.261838 10 
0 0.263414 10 
0 0.266816 10 
0 0.26831 10 
0 0.271047 10 
0 0.275633 10 
0 0.276589 10 
0 0.284509 10 
0 0.306274 10 
0 0.317522 10 
0 0.318586 10 
0 0.320305 10 
0 0.322178 10 
0 0.342874 10 
0 0.440565 10 
0 0.454373 10 
0 0.461682 10 
0 0.467318 10 
0 0.470815 10 
0 0.47884 10 
0 0.531565 10 
0 0.531918 10 
0 0.629539 10 
0 0.630513 10 
0 0.630814 10 
0 0.636685 10 
0 0.636687 10 
0 0.684402 10 
0 0.687618 10 
0 0.795722 10 
0 0.79628 10 
0 0.796894 10 
0 0.81126 10 
0 0.838968 10 
0 0.839491 10 
0 0.91587 10 
0 0.987321 10 
0 0.996704 10 
0 1.00246 10 
0 1.00276 10 
0 1.31333 10 
0 1.31428 10 
0 1.33544 10 
0 1.33544 10 
0 1.33592 10 
0 1.35597 10 
0 1.4182 10 
0 1.4193 10 
0 1.44881 10 
0 1.44901 10 
0 1.45151 10 
0 1.45267 10 
0 1.45314 10 
0 1.64809 10 
0 1.71523 10 
0 1.71578 10 
0 1.72224 10 
0 1.72224 10 
0 1.72459 10 
0 1.73187 10 
0 inf 10 
0 0.0447795 11 
0 0.0458684 11 
0 0.0498519 11 
0 0.0574752 11 
0 0.0706287 11 
0 0.0740805 11 
0 0.0793209 11 
0 0.0825722 11 
0 0.0932594 11 
0 0.0996334 11 
0 0.105725 11 
0 0.11749 11 
0 0.122128 11 
0 0.122887 11 
0 0.13069 11 
0 0.131032 11 
0 0.131889 11 
0 0.134812 11 
0 0.136193 11 
0 0.139381 11 
0 0.143803 11 
0 0.151112 11 
0 0.170311 11 
0 0.192005 11 
0 0.19232 11 
0 0.197412 11 
0 0.217025 11 
0 0.219094 11 
0 0.223852 11 
0 0.251634 11 
0 0.260633 11 
0 0.26587 11 
0 0.268683 11 
0 0.275588 11 
0 0.277898 11 
0 0.282741 11 
0 0.28371 11 
0 0.284897 11 
0 0.289612 11 
0 0.29852 11 
0 0.322568 11 
0 0.342176 11 
0 0.355376 11 
0 0.356783 11 
0 0.357906 11 
0 0.431216 11 
0 0.441533 11 
0 0.442525 11 
0 0.462788 11 
0 0.464583 11 
0 0.474267 11 
0 0.483203 11 
0 0.487404 11 
0 0.487404 11 
0 0.496003 11 
0 0.618188 11 
0 0.628684 11 
0 0.631093 11 
0 0.643738 11 
0 0.644808 11 
0 0.651056 11 
0 0.676241 11 
0 0.678554 11 
0 0.726336 11 
0 0.73194 11 
0 0.733258 11 
0 0.779923 11 
0 0.81746 11 
0 0.82223 11 
0 0.837992 11 
0 0.84751 11 
0 1.28596 11 
0 1.31015 11 
0 1.31023 11 
0 1.32077 11 
0 1.32095 11 
0 1.32172 11 
0 1.34953 11 
0 1.45203 11 
0 1.45203 11 
0 1.47058 11 
0 1.47365 11 
0 1.47518 11 
0 1.51165 11 
0 1.54967 11 
0 1.59717 11 
0 1.71375 11 
0 1.71378 11 
0 1.71754 11 
0 1.7185 11 
0 1.71858 11 
0 inf 11 
0 0.0581576 12 
0 0.078606 12 
0 0.0957158 12 
0 0.0970703 12 
0 0.100005 12 
0 0.109004 12 
0 0.109225 12 
0 0.110037 12 
0 0.124158 12 
0 0.130847 12 
0 0.140892 12 
0 0.145281 12 
0 0.162081 12 
0 0.170303 12 
0 0.170528 12 
0 0.181662 12 
0 0.186766 12 
0 0.187337 12 
0 0.206048 12 
0 0.208768 12 
0 0.212947 12 
0 0.217371 12 
0 0.221995 12 
0 0.233873 12 
0 0.236483 12 
0 0.241039 12 
0 0.242439 12 
0 0.244711 12 
0 0.251284 12 
0 0.256861 12 
0 0.26522 12 
0 0.265222 12 
0 0.266155 12 
0 0.27578 12 
0 0.291295 12 
0 0.293731 12 
0 0.342842 12 
0 0.362045 12 
0 0.36363 12 
0 0.365281 12 
0 0.438855 12 
0 0.440139 12 
0 0.447867 12 
0 0.473707 12 
0 0.478234 12 
0 0.482538 12 
0 0.484095 12 
0 0.555474 12 
0 0.589664 12 
0 0.63584 12 
0 0.646784 12 
0 0.681443 12 
0 0.683932 12 
0 0.684087 12 
0 0.684518 12 
0 0.695951 12 
0 0.696768 12 
0 0.7006 12 
0 0.701401 12 
0 0.752433 12 
0 0.759544 12 
0 0.766332 12 
0 0.767509 12 
0 0.78175 12 
0 0.78175 12 
0 0.790012 12 
0 0.841374 12 
0 1.30616 12 
0 1.30795 12 
0 1.30799 12 
0 1.3144 12 
0 1.31477 12 
0 1.31568 12 
0 1.33644 12 
0 1.44156 12 
0 1.44796 12 
0 1.44893 12 
0 1.47039 12 
0 1.47073 12 
0 1.47101 12 
0 1.48728 12 
0 1.53281 12 
0 1.71343 12 
0 1.71607 12 
0 1.72245 12 
0 1.72245 12 
0 1.72347 12 
0 inf 12 
0 0.0360812 13 
0 0.0794683 13 
0 0.101119 13 
0 0.103687 13 
0 0.104481 13 
0 0.159229 13 
0 0.163392 13 
0 0.17473 13 
0 0.174735 13 
0 0.176169 13 
0 0.182145 13 
0 0.187032 13 
0 0.191563 13 
0 0.19513 13 
0 0.197413 13 
0 0.19811 13 
0 0.205209 13 
0 0.218468 13 
0 0.221769 13 
0 0.234351 13 
0 0.239588 13 
0 0.244199 13 
0 0.245325 13 
0 0.248732 13 
0 0.268457 13 
0 0.273302 13 
0 0.273639 13 
0 0.277307 13 
0 0.279467 13 
0 0.283178 13 
0 0.291335 13 
0 0.293261 13 
0 0.308066 13 
0 0.308879 13 
0 0.309244 13 
0 0.375025 13 
0 0.381651 13 
0 0.446833 13 
0 0.448712 13 
0 0.4566 13 
0 0.456683 13 
0 0.460538 13 
0 0.481137 13 
0 0.529117 13 
0 0.555914 13 
0 0.556275 13 
0 0.587341 13 
0 0.627806 13 
0 0.635347 13 
0 0.644864 13 
0 0.644864 13 
0 0.647482 13 
0 0.672915 13 
0 0.689418 13 
0 0.726952 13 
0 0.786383 13 
0 0.790754 13 
0 0.79096 13 
0 0.804935 13 
0 0.805371 13 
0 0.805869 13 
0 0.911303 13 
0 0.916525 13 
0 1.17506 13 
0 1.20913 13 
0 1.30791 13 
0 1.30894 13 
0 1.31826 13 
0 1.31837 13 
0 1.31848 13 
0 1.4479 13 
0 1.45266 13 
0 1.47615 13 
0 1.47624 13 
0 1.47624 13 
0 1.66976 13 
0 1.67053 13 
0 1.67396 13 
0 1.71921 13 
0 1.71974 13 
0 1.73304 13 
0 1.73376 13 
0 1.73846 13 
0 inf 13 
0 0.0596474 14 
0 0.0882205 14 
0 0.0989909 14 
0 0.113953 14 
0 0.125765 14 
0 0.155607 14 
0 0.168682 14 
0 0.175665 14 
0 0.181316 14 
0 0.184809 14 
0 0.189129 14 
0 0.201697 14 
0 0.203435 14 
0 0.223148 14 
0 0.223598 14 
0 0.224078 14 
0 0.224334 14 
0 0.226725 14 
0 0.227883 14 
0 0.227883 14 
0 0.232401 14 
0 0.255086 14 
0 0.255086 14 
0 0.256409 14 
0 0.257192 14 
0 0.262925 14 
0 0.263366 14 
0 0.263639 14 
0 0.263703 14 
0 0.280106 14 
0 0.284282 14 
0 0.288829 14 
0 0.289306 14 
0 0.289826 14 
0 0.291763 14 
0 0.423854 14 
0 0.425743 14 
0 0.434465 14 
0 0.43854 14 
0 0.44364 14 
0 0.443838 14 
0 0.444205 14 
0 0.475872 14 
0 0.635544 14 
0 0.646649 14 
0 0.646668 14 
0 0.659468 14 
0 0.659924 14 
0 0.67392 14 
0 0.680559 14 
0 0.689293 14 
0 0.76717 14 
0 0.806655 14 
0 0.809585 14 
0 0.811116 14 
0 0.866694 14 
0 0.866868 14 
0 0.867807 14 
0 0.923952 14 
0 1.138 14 
0 1.30522 14 
0 1.30926 14 
0 1.31056 14 
0 1.33615 14 
0 1.33616 14 
0 1.33635 14 
0 1.45028 14 
0 1.45421 14 
0 1.45731 14 
0 1.45816 14 
0 1.45917 14 
0 1.71258 14 
0 1.71672 14 
0 1.7211 14 
0 1.72113 14 
0 1.72128 14 
0 1.76463 14 
0 1.80135 14 
0 1.92677 14 
0 inf 14 
0 0.0564111 15 
0 0.0656491 15 
0 0.0662337 15 
0 0.0673455 15 
0 0.0700836 15 
0 0.0899084 15 
0 0.0941881 15 
0 0.100265 15 
0 0.101245 15 
0 0.116013 15 
0 0.128034 15 
0 0.135825 15 
0 0.147764 15 
0 0.155366 15 
0 0.180376 15 
0 0.190716 15 
0 0.195203 15 
0 0.207079 15 
0 0.207382 15 
0 0.211439 15 
0 0.21209 15 
0 0.213328 15 
0 0.214734 15 
0 0.242742 15 
0 0.245208 15 
0 0.250336 15 
0 0.269202 15 
0 0.282918 15 
0 0.287257 15 
0 0.32369 15 
0 0.324271 15 
0 0.327349 15 
0 0.328305 15 
0 0.341634 15 
0 0.45575 15 
0 0.477263 15 
0 0.508575 15 
0 0.51611 15 
0 0.517662 15 
0 0.524001 15 
0 0.534868 15 
0 0.535898 15 
0 0.627847 15 
0 0.647501 15 
0 0.648139 15 
0 0.648139 15 
0 0.648449 15 
0 0.694529 15 
0 0.737385 15 
0 0.737436 15 
0 0.737504 15 
0 0.765904 15 
0 0.771253 15 
0 0.774553 15 
0 0.776871 15 
0 0.776919 15 
0 0.904812 15 
0 0.944843 15 
0 1.17099 15 
0 1.30871 15 
0 1.31387 15 
0 1.31448 15 
0 1.3146 15 
0 1.45007 15 
0 1.45813 15 
0 1.46005 15 
0 1.46009 15 
0 1.46013 15 
0 1.60459 15 
0 1.60607 15 
0 1.71675 15 
0 1.71685 15 
0 1.7169 15 
0 1.71701 15 
0 2.13921 15 
0 inf 15 
0 0.0505501 16 
0 0.0882225 16 
0 0.0905363 16 
0 0.0936003 16 
0 0.0947975 16 
0 0.0979212 16 
0 0.112727 16 
0 0.13397 16 
0 0.139191 16 
0 0.139281 16 
0 0.147835 16 
0 0.153738 16 
0 0.15617 16 
0 0.157683 16 
0 0.159509 16 
0 0.17481 16 
0 0.179899 16 
0 0.181134 16 
0 0.183487 16 
0 0.184235 16 
0 0.190946 16 
0 0.192386 16 
0 0.192514 16 
0 0.192581 16 
0 0.262846 16 
0 0.275552 16 
0 0.288254 16 
0 0.291712 16 
0 0.292399 16 
0 0.293212 16 
0 0.302433 16 
0 0.363114 16 
0 0.432462 16 
0 0.511128 16 
0 0.513986 16 
0 0.575814 16 
0 0.575814 16 
0 0.636208 16 
0 0.640092 16 
0 0.646172 16 
0 0.652198 16 
0 0.665877 16 
0 0.665971 16 
0 0.666103 16 
0 0.666385 16 
0 0.71776 16 
0 0.719242 16 
0 0.72081 16 
0 0.721348 16 
0 0.786361 16 
0 0.803248 16 
0 0.803372 16 
0 0.805118 16 
0 0.921412 16 
0 0.9462 16 
0 1.18194 16 
0 1.31326 16 
0 1.31506 16 
0 1.31575 16 
0 1.3159 16 
0 1.31776 16 
0 1.32454 16 
0 1.45772 16 
0 1.45786 16 
0 1.45813 16 
0 1.45821 16 
0 1.72206 16 
0 1.72219 16 
0 1.72231 16 
0 1.72241 16 
0 2.14929 16 
0 inf 16 
0 0.0826445 17 
0 0.0862091 17 
0 0.0862091 17 
0 0.107382 17 
0 0.11122 17 
0 0.119628 17 
0 0.120566 17 
0 0.121498 17 
0 0.125759 17 
0 0.125759 17 
0 0.126554 17 
0 0.127832 17 
0 0.133302 17 
0 0.167489 17 
0 0.175744 17 
0 0.176313 17 
0 0.209987 17 
0 0.26399 17 
0 0.264504 17 
0 0.265072 17 
0 0.265261 17 
0 0.27793 17 
0 0.280132 17 
0 0.280132 17 
0 0.281071 17 
0 0.293656 17 
0 0.293656 17 
0 0.328845 17 
0 0.423765 17 
0 0.463684 17 
0 0.467881 17 
0 0.478184 17 
0 0.481193 17 
0 0.484102 17 
0 0.492083 17 
0 0.555586 17 
0 0.563961 17 
0 0.614255 17 
0 0.615839 17 
0 0.61889 17 
0 0.632911 17 
0 0.649737 17 
0 0.649968 17 
0 0.650026 17 
0 0.657884 17 
0 0.736667 17 
0 0.746555 17 
0 0.746806 17 
0 0.747846 17 
0 0.807647 17 
0 0.886416 17 
0 1.16503 17 
0 1.17702 17 
0 1.21722 17 
0 1.31268 17 
0 1.31311 17 
0 1.31311 17 
0 1.31337 17 
0 1.46694 17 
0 1.46725 17 
0 1.46891 17 
0 1.47049 17 
0 1.72155 17 
0 1.72183 17 
0 1.7219 17 
0 1.72207 17 
0 2.13819 17 
0 inf 17 
0 0.0852503 18 
0 0.0875695 18 
0 0.108068 18 
0 0.140902 18 
0 0.144194 18 
0 0.144887 18 
0 0.145922 18 
0 0.163857 18 
0 0.164392 18 
0 0.164392 18 
0 0.190713 18 
0 0.191238 18 
0 0.20631 18 
0 0.233761 18 
0 0.23563 18 
0 0.23563 18 
0 0.258083 18 
0 0.258083 18 
0 0.258326 18 
0 0.26681 18 
0 0.26841 18 
0 0.268737 18 
0 0.27189 18 
0 0.27193 18 
0 0.276728 18 
0 0.276728 18 
0 0.384703 18 
0 0.446471 18 
0 0.446612 18 
0 0.446977 18 
0 0.448287 18 
0 0.450775 18 
0 0.488299 18 
0 0.48953 18 
0 0.490349 18 
0 0.505451 18 
0 0.535598 18 
0 0.645748 18 
0 0.646058 18 
0 0.646989 18 
0 0.649618 18 
0 0.668372 18 
0 0.768785 18 
0 0.769355 18 
0 0.770332 18 
0 0.770414 18 
0 1.03518 18 
0 1.18038 18 
0 1.1822 18 
0 1.22106 18 
0 1.32216 18 
0 1.32276 18 
0 1.32284 18 
0 1.32326 18 
0 1.46047 18 
0 1.4608 18 
0 1.46096 18 
0 1.46119 18 
0 1.73002 18 
0 1.73175 18 
0 1.73179 18 
0 1.73202 18 
0 2.13506 18 
0 inf 18 
0 0.0799457 19 
0 0.0910902 19 
0 0.0938009 19 
0 0.104598 19 
0 0.107551 19 
0 0.108016 19 
0 0.131136 19 
0 0.131993 19 
0 0.132845 19 
0 0.134625 19 
0 0.141083 19 
0 0.142938 19 
0 0.143637 19 
0 0.200146 19 
0 0.202945 19 
0 0.204115 19 
0 0.21921 19 
0 0.224353 19 
0 0.225857 19 
0 0.263085 19 
0 0.263086 19 
0 0.263846 19 
0 0.264648 19 
0 0.264884 19 
0 0.271005 19 
0 0.271375 19 
0 0.27179 19 
0 0.272119 19 
0 0.309767 19 
0 0.318387 19 
0 0.366485 19 
0 0.431794 19 
0 0.453158 19 
0 0.455228 19 
0 0.456437 19 
0 0.456437 19 
0 0.490887 19 
0 0.628802 19 
0 0.628942 19 
0 0.630494 19 
0 0.760327 19 
0 0.816684 19 
0 0.864241 19 
0 0.864676 19 
0 0.865183 19 
0 1.18029 19 
0 1.32072 19 
0 1.34404 19 
0 1.34413 19 
0 1.34745 19 
0 1.46068 19 
0 1.46078 19 
0 1.46082 19 
0 1.72312 19 
0 1.72358 19 
0 1.72741 19 
0 2.13412 19 
0 2.13656 19 
0 4.00784 19 
0 inf 19 
0 0.0627336 20 
0 0.0935303 20 
0 0.104305 20 
0 0.106093 20 
0 0.109007 20 
0 0.110143 20 
0 0.110143 20 
0 0.12057 20 
0 0.120784 20 
0 0.130848 20 
0 0.131898 20 
0 0.136475 20 
0 0.137299 20 
0 0.140815 20 
0 0.168378 20 
0 0.18004 20 
0 0.18004 20 
0 0.18004 20 
0 0.193321 20 
0 0.230337 20 
0 0.230989 20 
0 0.250937 20 
0 0.257322 20 
0 0.263127 20 
0 0.263511 20 
0 0.263888 20 
0 0.265167 20 
0 0.270176 20 
0 0.272895 20 
0 0.274133 20 
0 0.274361 20 
0 0.283491 20 
0 0.286789 20 
0 0.290479 20 
0 0.449795 20 
0 0.452937 20 
0 0.45349 20 
0 0.470605 20 
0 0.504812 20 
0 0.629839 20 
0 0.630555 20 
0 0.6343 20 
0 0.765421 20 
0 0.808568 20 
0 0.809079 20 
0 1.24233 20 
0 1.33498 20 
0 1.33498 20 
0 1.44979 20 
0 1.45084 20 
0 1.45387 20 
0 1.72392 20 
0 1.72404 20 
0 2.13761 20 
0 2.14025 20 
0 inf 20 
