4.48202 8.06119 1 
1.06848 2.70987 1 
0.192542 0.203489 1 
0.170126 0.211227 1 
0.154985 0.163295 1 
0.154003 0.176871 1 
0.109099 0.124067 1 
0.0821174 0.0866106 1 
0.0779141 0.0783253 1 
0.0749339 0.0796978 1 
0.0636709 0.0665049 1 
0.0636638 0.0759342 1 
0.0566444 0.0575941 1 
0.0524658 0.0579651 1 
0.0522644 0.0610642 1 
0.0518486 0.0631586 1 
0.0483882 0.048834 1 
0.0453821 0.0614187 1 
0.037543 0.0411243 1 
0.0354585 0.0444196 1 
0.0329259 0.035766 1 
0.019204 0.0208267 1 
0.0186275 0.0223319 1 
5.95348 5.96624 2 
3.90425 5.98188 2 
0.857384 3.57735 2 
0.189874 0.193046 2 
0.167686 0.177119 2 
0.164091 0.209265 2 
0.163627 0.176259 2 
0.162232 0.200431 2 
0.158101 0.176258 2 
0.108497 0.12052 2 
0.102326 0.103065 2 
0.100834 0.103904 2 
0.0906455 0.106886 2 
0.0684322 0.0690622 2 
0.0610644 0.0656831 2 
0.0481635 0.0510051 2 
0.0332513 0.0348482 2 
0.0329269 0.0389621 2 
4.17865 4.56482 3 
4.17145 4.53259 3 
3.32948 4.57567 3 
0.794548 3.68215 3 
0.176749 0.185955 3 
0.176749 0.192314 3 
0.16923 0.193886 3 
0.160482 0.161831 3 
0.143281 0.148773 3 
0.140376 0.155684 3 
0.105151 0.114997 3 
0.104943 0.107898 3 
0.0641805 0.0703048 3 
0.0621189 0.0648519 3 
0.0581553 0.0629868 3 
0.054296 0.054499 3 
0.0510048 0.0583418 3 
0.0501468 0.0507899 3 
0.0483912 0.0499358 3 
0.0434331 0.0507923 3 
0.0421603 0.0514286 3 
0.0369575 0.0403246 3 
0.0348482 0.0386772 3 
0.0338999 0.0342158 3 
3.17452 3.26544 4 
3.14682 3.26038 4 
2.91355 3.30157 4 
1.26759 3.54029 4 
0.159333 0.177238 4 
0.156173 0.165867 4 
0.153934 0.166391 4 
0.151451 0.165867 4 
0.150011 0.153228 4 
0.0946255 0.104328 4 
0.0941655 0.096555 4 
0.0807804 0.0845823 4 
0.0558751 0.0562618 4 
0.0554847 0.0556846 4 
0.0536973 0.054099 4 
0.0460949 0.0474823 4 
0.0424217 0.0424219 4 
0.0386788 0.0389588 4 
3.11197 3.1334 5 
2.78408 2.91542 5 
2.45636 2.59163 5 
2.45539 2.57252 5 
2.45524 2.57605 5 
2.39881 2.56509 5 
1.8305 3.14741 5 
0.157071 0.157966 5 
0.149793 0.150086 5 
0.0828989 0.0834201 5 
0.0727342 0.0864855 5 
0.0715317 0.0850946 5 
0.0635046 0.0719828 5 
0.0607077 0.0715284 5 
0.057972 0.0636703 5 
0.0479366 0.0505787 5 
0.0381111 0.0411243 5 
2.86057 2.94858 6 
2.85564 2.95461 6 
2.83883 2.86433 6 
2.78609 2.79621 6 
2.7397 2.79852 6 
2.05562 2.82843 6 
0.136625 0.140532 6 
0.133414 0.141382 6 
0.110869 0.11126 6 
0.0577824 0.0617712 6 
0.0497162 0.0510039 6 
2.57985 3.24658 7 
1.93545 2.33312 7 
1.85687 2.53167 7 
1.83154 1.88376 7 
1.79668 1.87684 7 
1.79397 2.51333 7 
0.113577 0.131118 7 
0.0840687 0.0843271 7 
0.0731798 0.075511 7 
0.0669896 0.0698405 7 
0.0615943 0.0641811 7 
0.0520583 0.0577828 7 
2.31176 2.49948 8 
2.11986 2.40672 8 
1.64783 2.31032 8 
1.58255 2.16821 8 
1.37287 2.16501 8 
0.112422 0.120067 8 
0.0880998 0.105252 8 
0.0760793 0.08158 8 
0.0666675 0.0721352 8 
0.0472544 0.0477123 8 
2.8121 2.84839 9 
2.5439 2.91787 9 
2.54383 2.91439 9 
1.28198 1.8869 9 
0.122663 0.124591 9 
0.0753653 0.0779138 9 
2.62093 2.69703 10 
2.6209 2.69683 10 
2.55506 2.62968 10 
1.59986 1.61421 10 
1.52637 1.57771 10 
1.27988 1.64908 10 
0.410487 0.419756 10 
0.0866086 0.107995 10 
0.0656839 0.0689045 10 
1.38035 1.868 11 
1.37972 1.7361 11 
1.35868 1.39575 11 
1.29109 1.54757 11 
1.21905 1.49103 11 
1.21904 1.5904 11 
1.79496 1.91852 12 
1.78639 1.81504 12 
1.77881 1.81402 12 
1.19302 1.19508 12 
1.18844 1.19324 12 
1.02169 1.07315 12 
1.01999 1.13088 12 
0.925742 1.06527 12 
0.905043 1.05939 12 
0.904844 1.21068 12 
0.827084 1.0526 12 
0.142602 0.144789 12 
1.23932 1.25769 13 
1.21744 1.29743 13 
1.05547 1.09661 13 
0.316373 0.32971 13 
0.30804 0.353076 13 
2.55721 2.66946 14 
2.55721 2.66985 14 
2.557 2.65903 14 
0.621025 0.638543 14 
0.741137 0.74156 15 
0.318592 0.329941 15 
1.54736 1.82271 16 
1.40756 1.92825 16 
1.40714 1.9311 16 
1.30943 1.37606 16 
0.660093 0.73377 16 
0.328509 0.334314 16 
0.326523 0.334184 16 
0.323589 0.323793 16 
0.686764 0.712789 17 
0.349386 0.382918 17 
0.314621 0.314696 17 
0.31431 0.314696 17 
1.31255 1.34512 18 
0.744604 0.756736 18 
0.479965 0.511965 18 
0.417889 0.50135 19 
0.415156 0.500246 19 
