5.30201 8.68239 1 
0.806696 2.1399 1 
0.233152 0.377332 1 
0.170345 0.176611 1 
0.120813 0.126247 1 
0.10986 0.178452 1 
0.100803 0.106844 1 
0.0990325 0.101845 1 
0.0885743 0.0895695 1 
0.0870738 0.102114 1 
0.0831241 0.086866 1 
0.0772847 0.119343 1 
0.0708428 0.0783072 1 
0.069454 0.0731732 1 
0.0688185 0.0851193 1 
0.0500899 0.0516601 1 
0.0484818 0.0501 1 
0.046434 0.0560852 1 
0.0400979 0.0407587 1 
0.0389848 0.0407597 1 
0.0387557 0.0401032 1 
0.0376017 0.0382967 1 
0.0336263 0.0341517 1 
0.0311683 0.0311737 1 
0.0272376 0.0278898 1 
0.0259197 0.0269244 1 
6.33176 6.55369 2 
4.27919 6.55622 2 
0.660612 2.86243 2 
0.279417 0.279419 2 
0.272399 0.307248 2 
0.254249 0.279448 2 
0.253858 0.301262 2 
0.253484 0.271459 2 
0.203443 0.385079 2 
0.184347 0.225358 2 
0.133466 0.134977 2 
0.131326 0.134778 2 
0.105346 0.106599 2 
0.0852223 0.0931482 2 
0.0835467 0.0908429 2 
0.0647157 0.0653953 2 
0.0644428 0.0690746 2 
0.0444873 0.0464267 2 
0.0398752 0.042033 2 
0.0394389 0.0407535 2 
0.0392039 0.0432756 2 
0.0373563 0.0500924 2 
4.09651 4.78879 3 
4.09618 4.82585 3 
4.09181 4.81378 3 
3.73974 3.96759 3 
0.6329 2.92021 3 
0.355607 0.382404 3 
0.351912 0.360715 3 
0.350355 0.381871 3 
0.191448 0.376793 3 
0.183766 0.219079 3 
0.121401 0.126532 3 
0.0945587 0.0949318 3 
0.0567122 0.0600503 3 
0.044884 0.0460452 3 
0.0438924 0.0499101 3 
0.0414078 0.0428671 3 
0.0398805 0.0469959 3 
0.0378378 0.0458533 3 
0.999614 2.69526 4 
0.403056 0.440214 4 
0.395376 0.450785 4 
0.355811 0.36335 4 
0.353294 0.36335 4 
0.336302 0.347134 4 
0.182948 0.204817 4 
0.0736569 0.0839689 4 
0.0438828 0.0442877 4 
0.0373608 0.0426638 4 
2.52959 2.55891 5 
2.39623 2.39959 5 
1.87035 2.03578 5 
1.58882 2.46166 5 
0.476531 0.487382 5 
0.285767 0.301826 5 
0.178794 0.192728 5 
0.0787571 0.0903545 5 
0.0775097 0.0812988 5 
2.41796 2.44254 6 
2.19664 2.2852 6 
2.19277 2.25765 6 
2.1683 2.18039 6 
2.13243 2.13514 6 
1.99454 2.01846 6 
1.8222 2.36119 6 
0.513622 0.586013 6 
0.258593 0.262362 6 
0.199797 0.213486 6 
0.0460397 0.0516479 6 
2.11798 2.73499 7 
2.0614 2.41223 7 
2.06001 2.17372 7 
2.05957 2.10057 7 
2.05853 2.11396 7 
1.86873 1.88845 7 
1.72242 2.02903 7 
1.71865 1.89775 7 
1.56765 1.92004 7 
0.607509 0.631237 7 
1.81136 1.88268 8 
1.79647 2.21367 8 
1.71977 1.77884 8 
1.64384 1.99277 8 
1.61611 1.66772 8 
1.51383 1.54104 8 
1.15846 1.71871 8 
0.667419 0.697886 8 
0.156892 0.172503 8 
0.138084 0.13853 8 
2.17238 2.37781 9 
2.10585 2.26172 9 
1.78365 2.25579 9 
1.78262 2.26225 9 
1.61265 1.81321 9 
1.42747 1.43234 9 
0.896031 1.50702 9 
0.689996 0.690062 9 
0.685172 0.706802 9 
0.156498 0.171274 9 
1.91875 2.2274 10 
1.9156 2.16948 10 
1.79173 2.01644 10 
1.75214 1.86869 10 
1.75171 1.83652 10 
1.2364 1.25646 10 
0.89998 1.39305 10 
0.699266 0.726676 10 
1.39332 1.41891 11 
1.37272 1.40906 11 
1.21292 1.27652 11 
1.18994 1.23398 11 
1.16503 1.56244 11 
1.16076 1.41891 11 
1.0886 1.13253 11 
1.0727 1.48953 11 
0.489702 0.50238 11 
1.32493 1.5782 12 
1.28849 1.58 12 
1.27009 1.29 12 
1.17368 1.19578 12 
1.1298 1.15216 12 
0.953684 1.28607 12 
0.829908 1.00281 12 
0.434602 0.44321 12 
0.403761 0.47332 12 
0.217758 0.228952 12 
1.83733 1.90483 13 
1.80993 1.8975 13 
1.58254 1.73615 13 
1.57933 1.7234 13 
0.590353 0.598077 13 
0.384911 0.412589 13 
0.24295 0.255511 13 
2.12472 2.14708 14 
2.12357 2.14286 14 
2.11943 2.13669 14 
1.67844 1.95059 14 
1.67795 1.94692 14 
1.67781 1.947 14 
1.25886 1.26438 14 
0.383648 0.412628 14 
0.221461 0.237103 14 
1.62463 1.84188 15 
1.62445 1.85062 15 
1.56967 1.67026 15 
1.53244 1.78995 15 
1.53187 1.64906 15 
1.51252 1.80288 15 
0.378219 0.414873 15 
1.36771 1.59043 16 
1.36319 1.63336 16 
1.20889 1.61497 16 
0.424021 0.464806 16 
1.67664 1.78784 17 
1.5651 1.5928 17 
0.974411 1.16852 17 
0.291787 0.296903 17 
1.69404 1.77638 18 
1.69334 1.7714 18 
1.66916 1.77719 18 
1.67133 1.82425 19 
1.6707 1.87725 19 
0.417553 0.443012 19 
1.70816 1.83781 20 
1.70806 1.83704 20 
