4.45311 8.27181 1 
0.992789 2.56194 1 
0.2463 0.249655 1 
0.242907 0.259446 1 
0.233567 0.298351 1 
0.183261 0.202523 1 
0.179823 0.207114 1 
0.0991225 0.107637 1 
0.0988735 0.106038 1 
0.0904861 0.113387 1 
0.0891265 0.0936713 1 
0.0889921 0.0910259 1 
0.0885745 0.0953524 1 
0.0824268 0.0932774 1 
0.0757881 0.122605 1 
0.0697424 0.0697425 1 
0.0679667 0.067967 1 
0.0661439 0.0676064 1 
0.0659598 0.077542 1 
0.0623399 0.0679663 1 
0.0591194 0.0714723 1 
0.0527841 0.0586988 1 
0.0499308 0.0527863 1 
0.0496792 0.0523141 1 
0.0484376 0.0548215 1 
0.0471613 0.0479326 1 
0.0461084 0.0586988 1 
0.0453118 0.0605497 1 
0.0404671 0.0404672 1 
6.05748 6.06883 2 
6.05722 6.1487 2 
3.82493 6.20927 2 
0.827281 3.4196 2 
0.267425 0.268202 2 
0.253632 0.257884 2 
0.226393 0.292192 2 
0.200825 0.221266 2 
0.191855 0.199599 2 
0.171475 0.182525 2 
0.168889 0.171687 2 
0.146409 0.153422 2 
0.141137 0.152062 2 
0.127109 0.143026 2 
0.10988 0.179615 2 
0.08549 0.0931497 2 
0.0843336 0.0914193 2 
0.0841931 0.0873289 2 
0.0830166 0.0843319 2 
0.0818342 0.107289 2 
0.081236 0.0836085 2 
0.0777005 0.0869057 2 
0.0589088 0.0599339 2 
0.0589063 0.0589088 2 
0.0568003 0.059532 2 
0.053476 0.0885785 2 
0.0527868 0.0607518 2 
0.0523216 0.0638893 2 
0.0511398 0.0513789 2 
0.0509002 0.0631155 2 
0.0430996 0.0444946 2 
4.32533 4.60918 3 
4.31494 4.61998 3 
3.45356 4.6274 3 
0.761477 3.477 3 
0.217252 0.25684 3 
0.208699 0.257458 3 
0.208058 0.243404 3 
0.193126 0.204674 3 
0.189097 0.204914 3 
0.177021 0.195644 3 
0.172615 0.204076 3 
0.163077 0.179213 3 
0.163075 0.207112 3 
0.142604 0.151255 3 
0.095868 0.105222 3 
0.0806318 0.0807844 3 
0.0681467 0.0736625 3 
0.0665133 0.0666964 3 
0.0646496 0.0744871 3 
0.0642705 0.0764309 3 
0.0619467 0.0681458 3 
0.0584982 0.0638915 3 
0.0578669 0.0738282 3 
0.0563689 0.0666965 3 
0.0548307 0.057443 3 
0.0539316 0.0576557 3 
0.0392413 0.0404673 3 
1.45162 3.24599 4 
0.238072 0.238639 4 
0.23741 0.240777 4 
0.236015 0.246742 4 
0.234399 0.241538 4 
0.231041 0.251748 4 
0.199968 0.224878 4 
0.176602 0.22892 4 
0.144225 0.150281 4 
0.0864801 0.0926163 4 
0.081537 0.0825793 4 
0.0743225 0.07675 4 
0.0734962 0.0775413 4 
0.0699173 0.0778566 4 
0.0683255 0.0864828 4 
0.0674259 0.0723226 4 
0.0648389 0.0711298 4 
0.0635059 0.0657736 4 
0.0444952 0.0481863 4 
2.89535 2.89609 5 
2.86191 2.86774 5 
2.67649 2.7337 5 
2.58356 2.70833 5 
2.58108 2.68561 5 
2.58074 2.68452 5 
2.48787 2.51854 5 
1.78097 2.88218 5 
0.232262 0.257315 5 
0.193759 0.220047 5 
0.192113 0.220988 5 
0.186171 0.196144 5 
0.0692142 0.073163 5 
0.068147 0.0743231 5 
0.061551 0.065401 5 
0.0601449 0.0716438 5 
0.0595328 0.0743231 5 
0.0557149 0.0728282 5 
2.57727 2.58059 6 
2.40393 2.42546 6 
2.39364 2.63451 6 
0.197754 0.247192 6 
0.188585 0.194137 6 
0.177426 0.180163 6 
0.150277 0.193502 6 
0.095738 0.100228 6 
0.0593265 0.0625359 6 
0.0525538 0.0613513 6 
2.83922 3.04541 7 
2.55962 2.57991 7 
1.98912 2.44431 7 
1.98764 2.28913 7 
1.90748 2.29215 7 
0.217871 0.22088 7 
0.206287 0.228012 7 
0.200092 0.239309 7 
0.0554943 0.0582875 7 
2.14655 2.26927 8 
1.93894 1.95538 8 
1.88157 2.30508 8 
1.85415 1.93933 8 
1.84774 2.08824 8 
1.79722 2.16208 8 
1.4682 2.0019 8 
0.260669 0.321956 8 
0.199416 0.215101 8 
0.135032 0.139481 8 
0.0972584 0.107636 8 
0.0607517 0.0629253 8 
2.60651 2.81911 9 
2.59582 2.82086 9 
2.53635 2.68775 9 
2.47836 2.54172 9 
1.68685 1.71792 9 
1.44595 1.78604 9 
0.360389 0.370399 9 
0.144392 0.146993 9 
2.66196 2.89241 10 
2.55518 2.71071 10 
2.50483 2.5377 10 
2.46481 2.51501 10 
1.4505 1.67913 10 
1.38142 1.4483 10 
0.340916 0.353305 10 
1.49841 1.60237 11 
1.4982 1.58313 11 
1.46515 1.57343 11 
1.16832 1.22031 11 
1.08262 1.44079 11 
1.06834 1.54887 11 
1.05218 1.08369 11 
0.961279 1.09519 11 
0.503558 0.509365 11 
0.414018 0.429833 11 
0.270927 0.285079 11 
0.226289 0.233304 11 
1.58327 1.80107 12 
1.52157 1.808 12 
1.48298 1.80767 12 
0.827797 1.18152 12 
0.810114 0.85548 12 
0.808448 0.942792 12 
2.12819 2.201 13 
2.12789 2.20013 13 
2.11467 2.19702 13 
1.0535 1.14984 13 
2.34608 2.49851 14 
2.346 2.49743 14 
2.31027 2.47354 14 
1.51801 1.53331 16 
1.47793 1.4945 16 
0.223418 0.240146 16 
0.222707 0.240297 16 
0.374563 0.468861 18 
0.407178 0.412251 19 
0.423156 0.452194 20 
