6.29992 8.35271 1 
2.43156 2.49532 1 
0.845529 2.11923 1 
0.293868 0.29976 1 
0.171838 0.172077 1 
0.131443 0.173202 1 
0.130919 0.144436 1 
0.126379 0.128882 1 
0.125386 0.126818 1 
0.121111 0.12867 1 
0.118444 0.15969 1 
0.113279 0.132171 1 
0.112297 0.118554 1 
0.111797 0.121445 1 
0.111679 0.131127 1 
0.103943 0.108648 1 
0.103417 0.106596 1 
0.0998573 0.130913 1 
0.0998559 0.100686 1 
0.0985953 0.112911 1 
0.0873931 0.098874 1 
0.0867551 0.0888116 1 
0.0861125 0.0897449 1 
0.0838339 0.0918942 1 
0.0802702 0.0836587 1 
0.0800971 0.0897449 1 
0.0720662 0.0877133 1 
0.0718776 0.0944237 1 
0.0636777 0.07378 1 
0.048587 0.048872 1 
6.07486 6.39675 2 
6.07316 6.39859 2 
5.51308 5.57763 2 
5.37046 6.41268 2 
0.695126 2.94611 2 
0.345884 0.353194 2 
0.293722 0.295608 2 
0.283132 0.350863 2 
0.25297 0.261933 2 
0.248939 0.305996 2 
0.095742 0.105144 2 
0.0951523 0.0958792 2 
0.0923379 0.104074 2 
0.0915932 0.0981751 2 
0.0891238 0.108899 2 
0.0867606 0.0936861 2 
0.0825001 0.0900626 2 
0.0754604 0.0787037 2 
0.0695208 0.0909815 2 
0.0670761 0.0779889 2 
0.0645441 0.0765512 2 
0.0628038 0.0666656 2 
0.0572504 0.0670806 2 
0.05725 0.0630242 2 
0.645551 3.06865 3 
0.52593 0.569759 3 
0.147569 0.157924 3 
0.0834925 0.0846487 3 
0.081982 0.0974669 3 
0.0754549 0.0857894 3 
0.0697209 0.078527 3 
0.0695209 0.0701177 3 
0.914059 2.91687 4 
0.398323 0.405033 4 
0.17599 0.184236 4 
0.172721 0.188633 4 
0.0973244 0.106318 4 
0.0973244 0.0998522 4 
0.0743425 0.0998522 4 
0.064553 0.0824886 4 
3.36278 3.4081 5 
3.33562 3.39728 5 
3.23188 3.25669 5 
1.55935 2.65058 5 
0.11902 0.122128 5 
0.105136 0.106709 5 
0.101917 0.111051 5 
0.0954438 0.0960311 5 
0.08944 0.0929406 5 
0.0892846 0.0903648 5 
0.0867551 0.096459 5 
0.0814773 0.0833317 5 
2.87612 2.89498 6 
2.87561 2.96146 6 
2.86862 2.94887 6 
1.54027 2.40246 6 
0.130906 0.145002 6 
0.114377 0.127903 6 
0.0734082 0.0739735 6 
2.39139 2.55933 7 
2.37851 2.47681 7 
2.37838 2.49686 7 
2.37626 2.51067 7 
1.79058 2.25337 7 
0.345642 0.354607 7 
0.136718 0.164315 7 
0.129527 0.130486 7 
2.49441 2.76913 8 
2.23155 2.2343 8 
2.13827 2.33368 8 
2.13388 2.33389 8 
2.13263 2.29204 8 
1.462 1.70385 8 
1.08959 1.11239 8 
0.146154 0.152201 8 
0.143177 0.147753 8 
0.0848179 0.0875576 8 
2.16412 2.21859 9 
2.11692 2.13929 9 
1.96143 2.01349 9 
1.60316 1.61 9 
1.39385 2.01245 9 
0.128453 0.132699 9 
2.32024 2.50429 10 
2.19728 2.46679 10 
1.59047 1.68486 10 
0.612455 0.61313 10 
0.552839 0.553213 10 
0.529175 0.601616 10 
0.148222 0.149987 10 
0.147285 0.158896 10 
2.15297 2.57016 11 
2.09877 2.57067 11 
1.67395 1.73604 11 
1.64796 1.69978 11 
0.400906 0.424445 11 
1.49252 1.56159 12 
1.25414 1.35566 12 
1.24815 1.44998 12 
0.55424 0.601162 12 
0.426842 0.444404 12 
0.413112 0.430429 12 
0.182969 0.186067 12 
1.18167 1.19522 13 
1.17223 1.19418 13 
0.900987 0.921047 13 
0.900987 0.924839 13 
0.85414 0.952864 13 
0.829229 0.94184 13 
0.464288 0.532403 13 
0.373237 0.403406 13 
1.00204 1.02028 14 
0.654307 0.821767 14 
2.22215 2.37018 15 
2.20869 2.37653 15 
1.05718 1.0989 15 
0.775683 0.788984 15 
0.661551 0.683603 15 
2.36256 2.522 16 
2.33154 2.5322 16 
0.848693 0.856199 16 
0.787651 0.794869 16 
2.12044 2.36204 17 
2.11951 2.37385 17 
1.27013 1.33845 17 
1.18251 1.25468 17 
1.14796 1.17094 18 
1.14611 1.20982 18 
1.11554 1.20641 18 
1.11187 1.19039 18 
0.186721 0.197079 18 
0.183117 0.192445 18 
0.379437 0.386019 19 
0.36511 0.376259 19 
0.364653 0.371575 19 
0.174099 0.174672 19 
0.574474 0.633395 20 
0.565114 0.629769 20 
0.383225 0.396606 20 
0.38148 0.395623 20 
0.37797 0.397829 20 
