0 0.0115328 1 
0 0.0137844 1 
0 0.0144563 1 
0 0.0151 1 
0 0.015716 1 
0 0.0163091 1 
0 0.0163099 1 
0 0.0174355 1 
0 0.0179726 1 
0 0.0184937 1 
0 0.01998 1 
0 0.0204502 1 
0 0.020905 1 
0 0.0213555 1 
0 0.0217938 1 
0 0.023063 1 
0 0.0238752 1 
0 0.024271 1 
0 0.0246565 1 
0 0.0246577 1 
0 0.0254171 1 
0 0.0261515 1 
0 0.0268707 1 
0 0.027217 1 
0 0.0272202 1 
0 0.027225 1 
0 0.0282452 1 
0 0.0285798 1 
0 0.0285828 1 
0 0.0308239 1 
0 0.031124 1 
0 0.0311366 1 
0 0.0331956 1 
0 0.0332004 1 
0 0.0334859 1 
0 0.0334859 1 
0 0.034872 1 
0 0.0354156 1 
0 0.0354169 1 
0 0.0354183 1 
0 0.0354208 1 
0 0.0374922 1 
0 0.0394724 1 
0 0.0397094 1 
0 0.0404254 1 
0 0.0429278 1 
0 0.0429312 1 
0 0.0431519 1 
0 0.0440239 1 
0 0.0469475 1 
0 0.0471514 1 
0 0.0473525 1 
0 0.0475528 1 
0 0.0483462 1 
0 0.0508373 1 
0 0.0519428 1 
0 0.0526722 1 
0 0.0542719 1 
0 0.0563328 1 
0 0.0573248 1 
0 0.0583179 1 
0 0.0596126 1 
0 0.059766 1 
0 0.0607138 1 
0 0.0610236 1 
0 0.0621075 1 
0 0.0628652 1 
0 0.0631693 1 
0 0.064358 1 
0 0.0742317 1 
0 0.0749931 1 
0 0.0756293 1 
0 0.0813139 1 
0 0.0831618 1 
0 0.0838444 1 
0 0.0938931 1 
0 0.0959952 1 
0 0.099877 1 
0 0.102045 1 
0 0.103977 1 
0 0.107039 1 
0 0.107743 1 
0 0.108449 1 
0 0.110099 1 
0 0.110277 1 
0 0.111644 1 
0 0.115165 1 
0 0.115824 1 
0 0.121504 1 
0 0.145162 1 
0 0.168032 1 
0 0.181033 1 
0 0.190303 1 
0 0.203798 1 
0 0.20394 1 
0 0.205929 1 
0 0.214699 1 
0 0.223882 1 
0 0.238311 1 
0 0.244531 1 
0 0.248383 1 
0 0.257478 1 
0 0.326692 1 
0 0.349832 1 
0 0.40459 1 
0 0.428611 1 
0 0.458048 1 
0 0.500623 1 
0 0.519755 1 
0 0.525336 1 
0 0.546179 1 
0 0.547868 1 
0 0.562595 1 
0 0.595349 1 
0 0.60372 1 
0 0.647224 1 
0 0.701497 1 
0 0.707219 1 
0 0.796314 1 
0 0.825209 1 
0 1.41903 1 
0 1.59506 1 
0 1.67455 1 
0 2.14093 1 
0 2.9107 1 
0 2.95184 1 
0 3.01542 1 
0 4.38082 1 
0 4.88249 1 
0 4.88542 1 
0 5.02381 1 
0 inf 1 
0 0.013077 2 
0 0.0168849 2 
0 0.0184937 2 
0 0.0199754 2 
0 0.0204455 2 
0 0.0217938 2 
0 0.0222266 2 
0 0.02265 2 
0 0.0238769 2 
0 0.0257877 2 
0 0.026153 2 
0 0.0261533 2 
0 0.02687 2 
0 0.0272186 2 
0 0.0272219 2 
0 0.027567 2 
0 0.0282472 2 
0 0.0282528 2 
0 0.0285872 2 
0 0.0289107 2 
0 0.0289134 2 
0 0.0298805 2 
0 0.0298809 2 
0 0.0298845 2 
0 0.0298907 2 
0 0.0308242 2 
0 0.0308293 2 
0 0.0311338 2 
0 0.0314335 2 
0 0.0329044 2 
0 0.0329093 2 
0 0.0354097 2 
0 0.0375013 2 
0 0.0375037 2 
0 0.0389814 2 
0 0.0406599 2 
0 0.0424817 2 
0 0.0424817 2 
0 0.0433704 2 
0 0.0444448 2 
0 0.0448834 2 
0 0.0453018 2 
0 0.0471467 2 
0 0.0471467 2 
0 0.0487257 2 
0 0.0512056 2 
0 0.0524889 2 
0 0.0578223 2 
0 0.0581613 2 
0 0.0586444 2 
0 0.0588063 2 
0 0.0591287 2 
0 0.0600861 2 
0 0.06195 2 
0 0.0706944 2 
0 0.0747334 2 
0 0.0751226 2 
0 0.0768688 2 
0 0.0782188 2 
0 0.0795423 2 
0 0.0825884 2 
0 0.089223 2 
0 0.0954006 2 
0 0.095897 2 
0 0.0958977 2 
0 0.101012 2 
0 0.101013 2 
0 0.106059 2 
0 0.116721 2 
0 0.132713 2 
0 0.138395 2 
0 0.141518 2 
0 0.15188 2 
0 0.156745 2 
0 0.160339 2 
0 0.166616 2 
0 0.17117 2 
0 0.172884 2 
0 0.179032 2 
0 0.179081 2 
0 0.189499 2 
0 0.189501 2 
0 0.193421 2 
0 0.193524 2 
0 0.198891 2 
0 0.204552 2 
0 0.205659 2 
0 0.213631 2 
0 0.219645 2 
0 0.244343 2 
0 0.275993 2 
0 0.296663 2 
0 0.326784 2 
0 0.41104 2 
0 0.434914 2 
0 0.437241 2 
0 0.464891 2 
0 0.468556 2 
0 0.491552 2 
0 0.494274 2 
0 0.495771 2 
0 0.533007 2 
0 0.560115 2 
0 0.612207 2 
0 0.61538 2 
0 0.616851 2 
0 0.617819 2 
0 0.618014 2 
0 0.62159 2 
0 0.641946 2 
0 0.672743 2 
0 0.682957 2 
0 0.726652 2 
0 1.28244 2 
0 1.37946 2 
0 1.71824 2 
0 1.83526 2 
0 2.40475 2 
0 2.74679 2 
0 3.45282 2 
0 3.48214 2 
0 3.51618 2 
0 3.8072 2 
0 3.85423 2 
0 4.03018 2 
0 4.0629 2 
0 4.20678 2 
0 inf 2 
0 0.0168818 3 
0 0.0194961 3 
0 0.0199746 3 
0 0.0199746 3 
0 0.0209077 3 
0 0.0213561 3 
0 0.0213575 3 
0 0.0226483 3 
0 0.0230657 3 
0 0.0238749 3 
0 0.0246566 3 
0 0.026154 3 
0 0.026511 3 
0 0.0272207 3 
0 0.0272216 3 
0 0.0279079 3 
0 0.0282496 3 
0 0.0295621 3 
0 0.0295651 3 
0 0.0308282 3 
0 0.0323265 3 
0 0.0334813 3 
0 0.0334871 3 
0 0.0343267 3 
0 0.0345962 3 
0 0.0362049 3 
0 0.0367261 3 
0 0.0374927 3 
0 0.0377506 3 
0 0.0377506 3 
0 0.0380016 3 
0 0.0382456 3 
0 0.0394768 3 
0 0.0397127 3 
0 0.0440229 3 
0 0.0446692 3 
0 0.0459277 3 
0 0.0467481 3 
0 0.0481518 3 
0 0.0513905 3 
0 0.0515722 3 
0 0.0570014 3 
0 0.0594471 3 
0 0.0596067 3 
0 0.0655299 3 
0 0.0656761 3 
0 0.0672479 3 
0 0.0690621 3 
0 0.069613 3 
0 0.0733269 3 
0 0.074234 3 
0 0.079421 3 
0 0.0831641 3 
0 0.0831652 3 
0 0.0837347 3 
0 0.0912269 3 
0 0.0928742 3 
0 0.0949008 3 
0 0.0949969 3 
0 0.0972764 3 
0 0.106955 3 
0 0.12001 3 
0 0.120096 3 
0 0.120796 3 
0 0.13881 3 
0 0.138944 3 
0 0.139283 3 
0 0.139558 3 
0 0.149357 3 
0 0.174681 3 
0 0.17679 3 
0 0.177542 3 
0 0.186626 3 
0 0.192533 3 
0 0.19474 3 
0 0.25677 3 
0 0.283362 3 
0 0.286576 3 
0 0.305253 3 
0 0.372055 3 
0 0.374076 3 
0 0.38807 3 
0 0.406595 3 
0 0.406661 3 
0 0.408836 3 
0 0.40964 3 
0 0.447038 3 
0 0.453024 3 
0 0.472661 3 
0 0.475802 3 
0 0.499577 3 
0 0.499778 3 
0 0.508253 3 
0 0.510142 3 
0 0.512798 3 
0 0.519834 3 
0 0.530977 3 
0 0.581105 3 
0 0.581266 3 
0 0.591497 3 
0 0.606722 3 
0 0.607541 3 
0 0.623583 3 
0 0.626088 3 
0 0.635249 3 
0 1.20946 3 
0 1.27354 3 
0 1.36958 3 
0 1.42545 3 
0 1.62106 3 
0 1.85053 3 
0 1.86374 3 
0 1.86736 3 
0 1.86745 3 
0 2.12381 3 
0 3.19733 3 
0 3.61653 3 
0 3.63383 3 
0 3.64271 3 
0 3.70282 3 
0 3.70321 3 
0 3.97213 3 
0 3.97674 3 
0 inf 3 
0 0.00755116 4 
0 0.008719 4 
0 0.0163093 4 
0 0.0204449 4 
0 0.0209057 4 
0 0.0209057 4 
0 0.0230634 4 
0 0.0234691 4 
0 0.024271 4 
0 0.026511 4 
0 0.0272219 4 
0 0.0272223 4 
0 0.0272234 4 
0 0.0275687 4 
0 0.0279176 4 
0 0.0289112 4 
0 0.0292436 4 
0 0.031738 4 
0 0.0320343 4 
0 0.0345926 4 
0 0.0348735 4 
0 0.035144 4 
0 0.0354171 4 
0 0.0354182 4 
0 0.0362121 4 
0 0.038494 4 
0 0.0387402 4 
0 0.0413552 4 
0 0.0435879 4 
0 0.0442383 4 
0 0.0475551 4 
0 0.0510103 4 
0 0.0570015 4 
0 0.0583228 4 
0 0.0583228 4 
0 0.0596123 4 
0 0.0597718 4 
0 0.0604043 4 
0 0.0690634 4 
0 0.0694713 4 
0 0.0752449 4 
0 0.0752485 4 
0 0.0777278 4 
0 0.0796594 4 
0 0.0848663 4 
0 0.0925707 4 
0 0.0928783 4 
0 0.0967852 4 
0 0.0989243 4 
0 0.0996888 4 
0 0.105873 4 
0 0.10686 4 
0 0.111987 4 
0 0.119375 4 
0 0.119931 4 
0 0.120642 4 
0 0.121584 4 
0 0.128279 4 
0 0.137434 4 
0 0.137916 4 
0 0.142323 4 
0 0.149101 4 
0 0.154485 4 
0 0.16152 4 
0 0.166898 4 
0 0.168768 4 
0 0.188703 4 
0 0.280871 4 
0 0.336086 4 
0 0.347539 4 
0 0.364524 4 
0 0.374107 4 
0 0.375138 4 
0 0.393491 4 
0 0.396204 4 
0 0.399427 4 
0 0.434316 4 
0 0.463989 4 
0 0.473268 4 
0 0.474912 4 
0 0.485427 4 
0 0.4967 4 
0 0.497495 4 
0 0.50712 4 
0 0.507205 4 
0 0.511449 4 
0 0.515897 4 
0 0.52294 4 
0 0.52294 4 
0 0.547495 4 
0 0.549314 4 
0 0.568474 4 
0 0.57252 4 
0 0.583582 4 
0 0.596143 4 
0 0.601537 4 
0 0.694863 4 
0 0.897721 4 
0 1.22609 4 
0 1.29575 4 
0 1.46177 4 
0 1.62433 4 
0 1.6365 4 
0 1.66308 4 
0 1.66546 4 
0 1.66769 4 
0 1.75649 4 
0 1.77926 4 
0 1.86294 4 
0 1.87673 4 
0 1.87754 4 
0 1.87819 4 
0 2.15579 4 
0 2.28934 4 
0 2.65773 4 
0 2.67495 4 
0 2.97989 4 
0 2.98346 4 
0 2.98785 4 
0 inf 4 
0 0.0115343 5 
0 0.0137806 5 
0 0.0209009 5 
0 0.0226552 5 
0 0.0257912 5 
0 0.0268668 5 
0 0.0272149 5 
0 0.0282522 5 
0 0.0292393 5 
0 0.0311268 5 
0 0.0314326 5 
0 0.0317304 5 
0 0.0323317 5 
0 0.0331999 5 
0 0.0337634 5 
0 0.0343229 5 
0 0.0394787 5 
0 0.0406614 5 
0 0.0422625 5 
0 0.0431487 5 
0 0.0440206 5 
0 0.0440214 5 
0 0.0448759 5 
0 0.0450906 5 
0 0.046952 5 
0 0.0473483 5 
0 0.0473561 5 
0 0.0481343 5 
0 0.0655319 5 
0 0.0685094 5 
0 0.069059 5 
0 0.0714902 5 
0 0.071623 5 
0 0.0717619 5 
0 0.0722828 5 
0 0.0737207 5 
0 0.0838432 5 
0 0.0847439 5 
0 0.0851966 5 
0 0.0857482 5 
0 0.0861895 5 
0 0.0868519 5 
0 0.0875063 5 
0 0.0885831 5 
0 0.0919466 5 
0 0.0921548 5 
0 0.0924674 5 
0 0.0928754 5 
0 0.0928754 5 
0 0.100164 5 
0 0.105884 5 
0 0.106955 5 
0 0.107575 5 
0 0.125285 5 
0 0.131204 5 
0 0.164607 5 
0 0.183648 5 
0 0.189055 5 
0 0.189901 5 
0 0.282356 5 
0 0.28686 5 
0 0.311967 5 
0 0.372919 5 
0 0.393146 5 
0 0.407767 5 
0 0.418574 5 
0 0.424388 5 
0 0.425841 5 
0 0.429525 5 
0 0.436933 5 
0 0.44726 5 
0 0.45362 5 
0 0.458887 5 
0 0.477056 5 
0 0.482097 5 
0 0.491369 5 
0 0.492296 5 
0 0.509408 5 
0 0.524758 5 
0 0.529392 5 
0 0.532965 5 
0 0.546627 5 
0 0.548784 5 
0 0.550185 5 
0 0.550213 5 
0 0.551702 5 
0 0.552075 5 
0 0.554743 5 
0 0.67104 5 
0 0.743295 5 
0 0.931688 5 
0 0.947734 5 
0 0.949266 5 
0 0.950886 5 
0 1.20641 5 
0 1.2122 5 
0 1.29484 5 
0 1.52787 5 
0 1.53689 5 
0 1.56551 5 
0 1.59643 5 
0 1.61198 5 
0 1.63766 5 
0 1.76499 5 
0 1.88114 5 
0 1.89864 5 
0 1.92015 5 
0 2.00861 5 
0 2.00929 5 
0 2.01054 5 
0 2.01603 5 
0 2.62753 5 
0 2.62806 5 
0 2.63223 5 
0 2.63288 5 
0 inf 5 
0 0.0137875 6 
0 0.0151029 6 
0 0.0157194 6 
0 0.0184901 6 
0 0.0204417 6 
0 0.021792 6 
0 0.0234682 6 
0 0.0282488 6 
0 0.0292388 6 
0 0.0302002 6 
0 0.0317341 6 
0 0.0326134 6 
0 0.0326206 6 
0 0.0340433 6 
0 0.0343247 6 
0 0.0345951 6 
0 0.0345992 6 
0 0.0354091 6 
0 0.03621 6 
0 0.0362129 6 
0 0.0375008 6 
0 0.0377463 6 
0 0.0406556 6 
0 0.045509 6 
0 0.0497051 6 
0 0.057657 6 
0 0.0710936 6 
0 0.0726795 6 
0 0.0747387 6 
0 0.0753724 6 
0 0.0817799 6 
0 0.0844137 6 
0 0.0850869 6 
0 0.087616 6 
0 0.087933 6 
0 0.0886926 6 
0 0.0895397 6 
0 0.0957025 6 
0 0.0969841 6 
0 0.0998729 6 
0 0.102689 6 
0 0.105884 6 
0 0.110102 6 
0 0.115488 6 
0 0.116883 6 
0 0.128869 6 
0 0.129458 6 
0 0.133505 6 
0 0.137086 6 
0 0.142646 6 
0 0.187033 6 
0 0.193423 6 
0 0.266719 6 
0 0.280498 6 
0 0.300806 6 
0 0.321565 6 
0 0.323479 6 
0 0.327362 6 
0 0.363919 6 
0 0.367556 6 
0 0.385051 6 
0 0.395436 6 
0 0.405036 6 
0 0.416211 6 
0 0.420051 6 
0 0.433743 6 
0 0.438247 6 
0 0.446846 6 
0 0.459954 6 
0 0.464216 6 
0 0.469364 6 
0 0.476159 6 
0 0.50552 6 
0 0.528907 6 
0 0.534535 6 
0 0.535512 6 
0 0.549666 6 
0 0.568693 6 
0 0.568943 6 
0 0.586406 6 
0 0.658539 6 
0 0.659129 6 
0 0.665327 6 
0 0.69011 6 
0 0.697563 6 
0 0.827787 6 
0 1.08397 6 
0 1.13284 6 
0 1.13824 6 
0 1.21012 6 
0 1.29459 6 
0 1.37229 6 
0 1.47953 6 
0 1.56622 6 
0 1.57207 6 
0 1.57349 6 
0 1.60563 6 
0 1.63843 6 
0 1.65473 6 
0 1.65541 6 
0 1.65562 6 
0 1.74903 6 
0 1.74936 6 
0 1.7502 6 
0 1.76464 6 
0 1.77512 6 
0 1.82695 6 
0 2.00985 6 
0 2.01967 6 
0 2.03786 6 
0 2.11481 6 
0 inf 6 
0 0.0130721 7 
0 0.0137856 7 
0 0.0184958 7 
0 0.0222276 7 
0 0.0242672 7 
0 0.0242715 7 
0 0.0320381 7 
0 0.0332004 7 
0 0.0334794 7 
0 0.0348667 7 
0 0.0364701 7 
0 0.0392324 7 
0 0.0413526 7 
0 0.0413568 7 
0 0.0424878 7 
0 0.0477491 7 
0 0.0539186 7 
0 0.0553085 7 
0 0.0589636 7 
0 0.0596046 7 
0 0.0757532 7 
0 0.0777233 7 
0 0.0793013 7 
0 0.0793034 7 
0 0.0827055 7 
0 0.0833877 7 
0 0.0837355 7 
0 0.0844068 7 
0 0.0844068 7 
0 0.0854181 7 
0 0.0895428 7 
0 0.0925709 7 
0 0.0930779 7 
0 0.0940977 7 
0 0.10111 7 
0 0.102042 7 
0 0.102972 7 
0 0.103332 7 
0 0.111051 7 
0 0.113835 7 
0 0.115494 7 
0 0.153811 7 
0 0.154057 7 
0 0.183547 7 
0 0.213472 7 
0 0.234007 7 
0 0.24406 7 
0 0.251917 7 
0 0.270204 7 
0 0.27045 7 
0 0.281073 7 
0 0.332614 7 
0 0.359928 7 
0 0.363605 7 
0 0.363901 7 
0 0.365542 7 
0 0.393799 7 
0 0.411068 7 
0 0.433137 7 
0 0.437401 7 
0 0.476996 7 
0 0.480066 7 
0 0.480821 7 
0 0.48626 7 
0 0.48924 7 
0 0.533012 7 
0 0.534436 7 
0 0.546616 7 
0 0.561568 7 
0 0.569548 7 
0 0.572294 7 
0 0.589414 7 
0 0.647408 7 
0 0.649025 7 
0 0.649883 7 
0 0.656863 7 
0 0.718739 7 
0 0.779213 7 
0 0.821933 7 
0 0.861473 7 
0 0.865123 7 
0 0.895651 7 
0 0.914451 7 
0 1.09195 7 
0 1.21004 7 
0 1.29271 7 
0 1.35086 7 
0 1.35109 7 
0 1.3665 7 
0 1.36744 7 
0 1.38359 7 
0 1.39521 7 
0 1.39865 7 
0 1.40775 7 
0 1.51839 7 
0 1.64502 7 
0 1.74392 7 
0 1.7479 7 
0 1.74935 7 
0 1.74965 7 
0 1.75194 7 
0 1.75206 7 
0 1.75301 7 
0 1.75906 7 
0 1.7603 7 
0 1.9573 7 
0 1.96856 7 
0 inf 7 
0 0.0106793 8 
0 0.0204464 8 
0 0.0222298 8 
0 0.0268708 8 
0 0.0308225 8 
0 0.0320278 8 
0 0.0367314 8 
0 0.0406551 8 
0 0.0450936 8 
0 0.0450937 8 
0 0.0467461 8 
0 0.0537409 8 
0 0.05881 8 
0 0.0589714 8 
0 0.0608702 8 
0 0.0698762 8 
0 0.0710898 8 
0 0.071752 8 
0 0.0758801 8 
0 0.0767453 8 
0 0.077607 8 
0 0.0926733 8 
0 0.0931809 8 
0 0.0941975 8 
0 0.094996 8 
0 0.0966869 8 
0 0.10092 8 
0 0.103428 8 
0 0.104797 8 
0 0.107654 8 
0 0.110364 8 
0 0.117129 8 
0 0.118503 8 
0 0.121349 8 
0 0.145378 8 
0 0.168368 8 
0 0.18047 8 
0 0.183342 8 
0 0.185861 8 
0 0.207555 8 
0 0.215107 8 
0 0.250214 8 
0 0.256911 8 
0 0.268058 8 
0 0.273843 8 
0 0.280363 8 
0 0.322916 8 
0 0.323122 8 
0 0.338964 8 
0 0.377044 8 
0 0.392415 8 
0 0.393606 8 
0 0.403869 8 
0 0.419854 8 
0 0.438205 8 
0 0.475531 8 
0 0.475839 8 
0 0.481343 8 
0 0.492725 8 
0 0.494112 8 
0 0.508119 8 
0 0.513327 8 
0 0.52987 8 
0 0.565251 8 
0 0.567667 8 
0 0.604338 8 
0 0.653542 8 
0 0.655763 8 
0 0.668673 8 
0 0.668715 8 
0 0.673174 8 
0 0.673434 8 
0 0.680005 8 
0 0.744542 8 
0 0.827082 8 
0 0.848196 8 
0 0.866602 8 
0 0.927632 8 
0 0.947446 8 
0 0.994978 8 
0 1.09618 8 
0 1.21397 8 
0 1.22605 8 
0 1.24093 8 
0 1.25862 8 
0 1.28597 8 
0 1.30801 8 
0 1.31831 8 
0 1.36424 8 
0 1.39378 8 
0 1.39668 8 
0 1.39768 8 
0 1.42885 8 
0 1.42987 8 
0 1.43591 8 
0 1.4541 8 
0 1.51802 8 
0 1.60704 8 
0 1.60704 8 
0 1.61854 8 
0 1.6363 8 
0 1.63667 8 
0 1.77816 8 
0 inf 8 
0 0.0242668 9 
0 0.0326167 9 
0 0.0329087 9 
0 0.0329119 9 
0 0.0362073 9 
0 0.0387417 9 
0 0.0431491 9 
0 0.050456 9 
0 0.0573386 9 
0 0.0578208 9 
0 0.0631656 9 
0 0.063769 9 
0 0.0741055 9 
0 0.075752 9 
0 0.0779795 9 
0 0.0782185 9 
0 0.0802534 9 
0 0.081315 9 
0 0.0822444 9 
0 0.0853234 9 
0 0.0900766 9 
0 0.0912273 9 
0 0.0949023 9 
0 0.097761 9 
0 0.0986308 9 
0 0.0990199 9 
0 0.100355 9 
0 0.105968 9 
0 0.140794 9 
0 0.15908 9 
0 0.168872 9 
0 0.183038 9 
0 0.184475 9 
0 0.20427 9 
0 0.204904 9 
0 0.226236 9 
0 0.27965 9 
0 0.296309 9 
0 0.301532 9 
0 0.306532 9 
0 0.330783 9 
0 0.332644 9 
0 0.393026 9 
0 0.407291 9 
0 0.410614 9 
0 0.43751 9 
0 0.46554 9 
0 0.4673 9 
0 0.473161 9 
0 0.477832 9 
0 0.482609 9 
0 0.483789 9 
0 0.497072 9 
0 0.502546 9 
0 0.507174 9 
0 0.541807 9 
0 0.541807 9 
0 0.551481 9 
0 0.578125 9 
0 0.600993 9 
0 0.618309 9 
0 0.640971 9 
0 0.654828 9 
0 0.65576 9 
0 0.656356 9 
0 0.656921 9 
0 0.685789 9 
0 0.687255 9 
0 0.721731 9 
0 0.786969 9 
0 0.805835 9 
0 0.806247 9 
0 0.810925 9 
0 0.941436 9 
0 0.957645 9 
0 0.98657 9 
0 1.05706 9 
0 1.09478 9 
0 1.1012 9 
0 1.1198 9 
0 1.21145 9 
0 1.21337 9 
0 1.22062 9 
0 1.22118 9 
0 1.30126 9 
0 1.32911 9 
0 1.32962 9 
0 1.39602 9 
0 1.39694 9 
0 1.47074 9 
0 1.60692 9 
0 1.60857 9 
0 1.63627 9 
0 1.68096 9 
0 1.68101 9 
0 1.72617 9 
0 1.72631 9 
0 1.83597 9 
0 1.83618 9 
0 inf 9 
0 0.0268673 10 
0 0.040428 10 
0 0.0475464 10 
0 0.0521238 10 
0 0.0563316 10 
0 0.0563336 10 
0 0.060393 10 
0 0.0698786 10 
0 0.0722822 10 
0 0.0732014 10 
0 0.0751242 10 
0 0.0756243 10 
0 0.0763752 10 
0 0.082957 10 
0 0.087611 10 
0 0.0916444 10 
0 0.10443 10 
0 0.116636 10 
0 0.124287 10 
0 0.124677 10 
0 0.129969 10 
0 0.140498 10 
0 0.146549 10 
0 0.164668 10 
0 0.185534 10 
0 0.188379 10 
0 0.198084 10 
0 0.21769 10 
0 0.230863 10 
0 0.260291 10 
0 0.28016 10 
0 0.291027 10 
0 0.291724 10 
0 0.295659 10 
0 0.314539 10 
0 0.3435 10 
0 0.349609 10 
0 0.357375 10 
0 0.386326 10 
0 0.392832 10 
0 0.407413 10 
0 0.413643 10 
0 0.41401 10 
0 0.459872 10 
0 0.467149 10 
0 0.469471 10 
0 0.470553 10 
0 0.470765 10 
0 0.47546 10 
0 0.491816 10 
0 0.517701 10 
0 0.520502 10 
0 0.53326 10 
0 0.556993 10 
0 0.583425 10 
0 0.607877 10 
0 0.615009 10 
0 0.619063 10 
0 0.62029 10 
0 0.624457 10 
0 0.62935 10 
0 0.648361 10 
0 0.648581 10 
0 0.701427 10 
0 0.702618 10 
0 0.716547 10 
0 0.757963 10 
0 0.766412 10 
0 0.766511 10 
0 0.78359 10 
0 0.854677 10 
0 0.893806 10 
0 0.895091 10 
0 1.05926 10 
0 1.08074 10 
0 1.19716 10 
0 1.20791 10 
0 1.20895 10 
0 1.27737 10 
0 1.27794 10 
0 1.27799 10 
0 1.29559 10 
0 1.29584 10 
0 1.40108 10 
0 1.40108 10 
0 1.50953 10 
0 1.50981 10 
0 1.52469 10 
0 1.58665 10 
0 1.58685 10 
0 1.60845 10 
0 1.60893 10 
0 1.63112 10 
0 1.63119 10 
0 1.63173 10 
0 inf 10 
0 0.0343229 11 
0 0.0506524 11 
0 0.0622525 11 
0 0.0673928 11 
0 0.0807278 11 
0 0.0824766 11 
0 0.0959226 11 
0 0.100638 11 
0 0.104799 11 
0 0.114001 11 
0 0.116397 11 
0 0.124218 11 
0 0.125151 11 
0 0.135826 11 
0 0.141582 11 
0 0.144962 11 
0 0.15175 11 
0 0.180086 11 
0 0.180129 11 
0 0.18752 11 
0 0.188096 11 
0 0.201365 11 
0 0.22636 11 
0 0.241138 11 
0 0.261938 11 
0 0.278277 11 
0 0.282691 11 
0 0.287677 11 
0 0.29234 11 
0 0.312624 11 
0 0.342695 11 
0 0.357466 11 
0 0.357865 11 
0 0.38098 11 
0 0.384554 11 
0 0.388493 11 
0 0.393437 11 
0 0.414728 11 
0 0.435913 11 
0 0.442809 11 
0 0.446399 11 
0 0.46059 11 
0 0.465212 11 
0 0.498929 11 
0 0.500298 11 
0 0.500374 11 
0 0.50349 11 
0 0.517062 11 
0 0.57629 11 
0 0.610731 11 
0 0.615735 11 
0 0.631284 11 
0 0.649576 11 
0 0.653266 11 
0 0.655648 11 
0 0.656087 11 
0 0.656202 11 
0 0.663975 11 
0 0.686986 11 
0 0.69791 11 
0 0.706122 11 
0 0.706162 11 
0 0.708512 11 
0 0.708971 11 
0 0.84378 11 
0 0.846926 11 
0 0.924393 11 
0 0.930161 11 
0 0.930947 11 
0 0.937324 11 
0 0.937811 11 
0 1.02139 11 
0 1.02783 11 
0 1.06028 11 
0 1.0643 11 
0 1.10282 11 
0 1.10406 11 
0 1.10508 11 
0 1.26911 11 
0 1.2692 11 
0 1.28536 11 
0 1.39289 11 
0 1.39861 11 
0 1.46917 11 
0 1.46923 11 
0 1.47023 11 
0 1.60565 11 
0 1.60612 11 
0 1.60876 11 
0 1.60897 11 
0 1.60944 11 
0 inf 11 
0 0.0424863 12 
0 0.0653796 12 
0 0.071618 12 
0 0.104524 12 
0 0.109079 12 
0 0.124137 12 
0 0.127924 12 
0 0.129747 12 
0 0.185606 12 
0 0.195992 12 
0 0.197585 12 
0 0.21153 12 
0 0.221111 12 
0 0.261937 12 
0 0.266719 12 
0 0.267082 12 
0 0.277491 12 
0 0.277799 12 
0 0.284303 12 
0 0.298483 12 
0 0.299429 12 
0 0.301327 12 
0 0.302447 12 
0 0.313335 12 
0 0.316714 12 
0 0.319906 12 
0 0.321714 12 
0 0.323711 12 
0 0.324857 12 
0 0.328001 12 
0 0.346582 12 
0 0.359317 12 
0 0.359317 12 
0 0.365785 12 
0 0.367779 12 
0 0.382271 12 
0 0.391459 12 
0 0.409204 12 
0 0.416162 12 
0 0.416163 12 
0 0.427399 12 
0 0.449863 12 
0 0.467955 12 
0 0.467955 12 
0 0.471016 12 
0 0.498631 12 
0 0.510164 12 
0 0.578475 12 
0 0.605685 12 
0 0.623004 12 
0 0.649372 12 
0 0.65146 12 
0 0.656867 12 
0 0.656983 12 
0 0.660157 12 
0 0.669394 12 
0 0.673712 12 
0 0.717113 12 
0 0.740101 12 
0 0.740255 12 
0 0.758471 12 
0 0.768328 12 
0 0.768329 12 
0 0.780731 12 
0 0.780926 12 
0 0.783294 12 
0 0.804268 12 
0 1.05006 12 
0 1.10287 12 
0 1.17012 12 
0 1.17048 12 
0 1.1759 12 
0 1.19076 12 
0 1.19275 12 
0 1.24444 12 
0 1.24567 12 
0 1.24634 12 
0 1.39346 12 
0 1.39477 12 
0 1.39483 12 
0 1.39647 12 
0 1.39755 12 
0 1.60572 12 
0 1.60858 12 
0 1.62612 12 
0 1.62612 12 
0 1.62761 12 
0 inf 12 
0 0.0810777 13 
0 0.11527 13 
0 0.133854 13 
0 0.136755 13 
0 0.181966 13 
0 0.183006 13 
0 0.185027 13 
0 0.188345 13 
0 0.193281 13 
0 0.209376 13 
0 0.22119 13 
0 0.236322 13 
0 0.265254 13 
0 0.269486 13 
0 0.275686 13 
0 0.279095 13 
0 0.279606 13 
0 0.281621 13 
0 0.282387 13 
0 0.284074 13 
0 0.289964 13 
0 0.299252 13 
0 0.299474 13 
0 0.302182 13 
0 0.302397 13 
0 0.305131 13 
0 0.31388 13 
0 0.316322 13 
0 0.320796 13 
0 0.325059 13 
0 0.335135 13 
0 0.33556 13 
0 0.335645 13 
0 0.337025 13 
0 0.36417 13 
0 0.374314 13 
0 0.37596 13 
0 0.3991 13 
0 0.419835 13 
0 0.460243 13 
0 0.482344 13 
0 0.605654 13 
0 0.627883 13 
0 0.643723 13 
0 0.645624 13 
0 0.648795 13 
0 0.652335 13 
0 0.653514 13 
0 0.678851 13 
0 0.683685 13 
0 0.683685 13 
0 0.687012 13 
0 0.690139 13 
0 0.692543 13 
0 0.692557 13 
0 0.692557 13 
0 0.732275 13 
0 0.739659 13 
0 0.740275 13 
0 0.852737 13 
0 0.975322 13 
0 1.04295 13 
0 1.04599 13 
0 1.12093 13 
0 1.22105 13 
0 1.22295 13 
0 1.22322 13 
0 1.26445 13 
0 1.2646 13 
0 1.27523 13 
0 1.33194 13 
0 1.33199 13 
0 1.33202 13 
0 1.39316 13 
0 1.39817 13 
0 1.55584 13 
0 1.55588 13 
0 1.55639 13 
0 1.60654 13 
0 1.60761 13 
0 1.67504 13 
0 1.67504 13 
0 1.67629 13 
0 inf 13 
0 0.0556444 14 
0 0.0594462 14 
0 0.0926659 14 
0 0.093082 14 
0 0.0989405 14 
0 0.109597 14 
0 0.149099 14 
0 0.183215 14 
0 0.185449 14 
0 0.185687 14 
0 0.203856 14 
0 0.229747 14 
0 0.238314 14 
0 0.248624 14 
0 0.26165 14 
0 0.283553 14 
0 0.284623 14 
0 0.289914 14 
0 0.290798 14 
0 0.296878 14 
0 0.302302 14 
0 0.304713 14 
0 0.304869 14 
0 0.305367 14 
0 0.305784 14 
0 0.310348 14 
0 0.321626 14 
0 0.323364 14 
0 0.323394 14 
0 0.327534 14 
0 0.327969 14 
0 0.328193 14 
0 0.331961 14 
0 0.335275 14 
0 0.33553 14 
0 0.347039 14 
0 0.373067 14 
0 0.4065 14 
0 0.437522 14 
0 0.462081 14 
0 0.474354 14 
0 0.475598 14 
0 0.475738 14 
0 0.48527 14 
0 0.609221 14 
0 0.642745 14 
0 0.643188 14 
0 0.643321 14 
0 0.646562 14 
0 0.654298 14 
0 0.691944 14 
0 0.698684 14 
0 0.721161 14 
0 0.721517 14 
0 0.806949 14 
0 0.808584 14 
0 0.80863 14 
0 0.945868 14 
0 1.01879 14 
0 1.08999 14 
0 1.16289 14 
0 1.21092 14 
0 1.21096 14 
0 1.21135 14 
0 1.26963 14 
0 1.28805 14 
0 1.28808 14 
0 1.28926 14 
0 1.40336 14 
0 1.61104 14 
0 1.63497 14 
0 1.63501 14 
0 1.63501 14 
0 1.64155 14 
0 1.64183 14 
0 1.64206 14 
0 1.64832 14 
0 1.64902 14 
0 1.64978 14 
0 inf 14 
0 0.0619463 15 
0 0.0806349 15 
0 0.0870727 15 
0 0.0917455 15 
0 0.0981536 15 
0 0.121996 15 
0 0.121996 15 
0 0.123235 15 
0 0.175116 15 
0 0.187976 15 
0 0.188379 15 
0 0.200449 15 
0 0.200875 15 
0 0.208546 15 
0 0.234414 15 
0 0.237154 15 
0 0.259094 15 
0 0.260522 15 
0 0.281637 15 
0 0.282143 15 
0 0.282681 15 
0 0.288964 15 
0 0.291265 15 
0 0.298126 15 
0 0.318477 15 
0 0.320278 15 
0 0.320515 15 
0 0.324126 15 
0 0.327523 15 
0 0.340271 15 
0 0.36298 15 
0 0.363399 15 
0 0.365068 15 
0 0.367145 15 
0 0.388894 15 
0 0.405026 15 
0 0.478071 15 
0 0.549959 15 
0 0.559789 15 
0 0.654007 15 
0 0.654406 15 
0 0.654638 15 
0 0.654638 15 
0 0.655291 15 
0 0.669436 15 
0 0.671986 15 
0 0.672028 15 
0 0.672029 15 
0 0.707323 15 
0 0.709589 15 
0 0.709683 15 
0 0.828964 15 
0 0.884165 15 
0 0.884852 15 
0 0.938753 15 
0 1.09504 15 
0 1.09698 15 
0 1.09706 15 
0 1.16907 15 
0 1.19684 15 
0 1.24104 15 
0 1.28127 15 
0 1.28139 15 
0 1.28251 15 
0 1.2848 15 
0 1.28904 15 
0 1.28908 15 
0 1.40903 15 
0 1.48274 15 
0 1.48275 15 
0 1.48275 15 
0 1.61285 15 
0 1.61549 15 
0 1.61551 15 
0 1.61551 15 
0 inf 15 
0 0.0694648 16 
0 0.0714866 16 
0 0.0730676 16 
0 0.116001 16 
0 0.116717 16 
0 0.142407 16 
0 0.142407 16 
0 0.150766 16 
0 0.172118 16 
0 0.188783 16 
0 0.192487 16 
0 0.195618 16 
0 0.195896 16 
0 0.196242 16 
0 0.196332 16 
0 0.201206 16 
0 0.201319 16 
0 0.238164 16 
0 0.251728 16 
0 0.269695 16 
0 0.299171 16 
0 0.29933 16 
0 0.299361 16 
0 0.299678 16 
0 0.314117 16 
0 0.35436 16 
0 0.35436 16 
0 0.358623 16 
0 0.358623 16 
0 0.431286 16 
0 0.443269 16 
0 0.478071 16 
0 0.484871 16 
0 0.648388 16 
0 0.665024 16 
0 0.666282 16 
0 0.669525 16 
0 0.672353 16 
0 0.672922 16 
0 0.673134 16 
0 0.675002 16 
0 0.675114 16 
0 0.675115 16 
0 0.675115 16 
0 0.676059 16 
0 0.726824 16 
0 0.730111 16 
0 0.731047 16 
0 0.794753 16 
0 0.80033 16 
0 0.800366 16 
0 0.800414 16 
0 0.870974 16 
0 0.919566 16 
0 0.981147 16 
0 0.991568 16 
0 1.06581 16 
0 1.06905 16 
0 1.27023 16 
0 1.29062 16 
0 1.29067 16 
0 1.29067 16 
0 1.29076 16 
0 1.42569 16 
0 1.432 16 
0 1.43208 16 
0 1.43208 16 
0 1.61733 16 
0 1.61807 16 
0 1.61812 16 
0 1.61816 16 
0 inf 16 
0 0.0777257 17 
0 0.0780917 17 
0 0.0788186 17 
0 0.0825853 17 
0 0.127482 17 
0 0.129477 17 
0 0.13514 17 
0 0.138412 17 
0 0.214195 17 
0 0.214239 17 
0 0.216226 17 
0 0.218542 17 
0 0.251015 17 
0 0.257882 17 
0 0.258434 17 
0 0.283496 17 
0 0.293966 17 
0 0.327204 17 
0 0.335235 17 
0 0.33549 17 
0 0.33549 17 
0 0.336254 17 
0 0.350176 17 
0 0.355159 17 
0 0.404609 17 
0 0.422062 17 
0 0.422129 17 
0 0.436466 17 
0 0.441982 17 
0 0.442003 17 
0 0.448639 17 
0 0.481357 17 
0 0.482638 17 
0 0.482776 17 
0 0.482933 17 
0 0.658468 17 
0 0.662094 17 
0 0.664028 17 
0 0.666399 17 
0 0.666442 17 
0 0.666442 17 
0 0.669415 17 
0 0.670831 17 
0 0.670831 17 
0 0.670845 17 
0 0.676458 17 
0 0.711423 17 
0 0.776258 17 
0 0.779081 17 
0 0.784525 17 
0 0.82228 17 
0 0.823101 17 
0 0.831997 17 
0 0.832511 17 
0 1.22518 17 
0 1.30174 17 
0 1.30192 17 
0 1.30218 17 
0 1.30256 17 
0 1.4402 17 
0 1.44146 17 
0 1.44251 17 
0 1.44257 17 
0 1.625 17 
0 1.62567 17 
0 1.62584 17 
0 1.62588 17 
0 inf 17 
0 0.0778481 18 
0 0.079539 18 
0 0.0796584 18 
0 0.0809605 18 
0 0.16118 18 
0 0.161944 18 
0 0.16212 18 
0 0.191711 18 
0 0.228551 18 
0 0.255215 18 
0 0.255252 18 
0 0.255289 18 
0 0.263485 18 
0 0.264492 18 
0 0.265758 18 
0 0.265782 18 
0 0.266754 18 
0 0.286862 18 
0 0.294929 18 
0 0.294929 18 
0 0.315916 18 
0 0.345734 18 
0 0.349529 18 
0 0.366233 18 
0 0.403545 18 
0 0.404297 18 
0 0.419914 18 
0 0.438031 18 
0 0.438052 18 
0 0.441099 18 
0 0.441164 18 
0 0.443119 18 
0 0.476637 18 
0 0.476638 18 
0 0.477434 18 
0 0.500947 18 
0 0.507035 18 
0 0.602397 18 
0 0.611215 18 
0 0.661546 18 
0 0.663553 18 
0 0.663553 18 
0 0.665598 18 
0 0.682998 18 
0 0.685442 18 
0 0.685733 18 
0 0.741884 18 
0 0.987477 18 
0 1.0408 18 
0 1.04086 18 
0 1.2107 18 
0 1.29872 18 
0 1.29969 18 
0 1.29975 18 
0 1.30133 18 
0 1.46967 18 
0 1.46967 18 
0 1.46971 18 
0 1.63315 18 
0 1.63454 18 
0 1.63459 18 
0 1.63459 18 
0 2.0522 18 
0 inf 18 
0 0.11367 19 
0 0.125129 19 
0 0.127162 19 
0 0.130109 19 
0 0.130764 19 
0 0.145552 19 
0 0.191501 19 
0 0.191749 19 
0 0.196206 19 
0 0.22134 19 
0 0.227103 19 
0 0.227437 19 
0 0.227772 19 
0 0.257365 19 
0 0.257918 19 
0 0.261975 19 
0 0.262844 19 
0 0.289498 19 
0 0.294668 19 
0 0.294958 19 
0 0.308097 19 
0 0.311293 19 
0 0.321384 19 
0 0.389224 19 
0 0.392736 19 
0 0.392736 19 
0 0.39276 19 
0 0.403152 19 
0 0.44 19 
0 0.440776 19 
0 0.440971 19 
0 0.462421 19 
0 0.476597 19 
0 0.476657 19 
0 0.476817 19 
0 0.513603 19 
0 0.518685 19 
0 0.601438 19 
0 0.630127 19 
0 0.630262 19 
0 0.631422 19 
0 0.632459 19 
0 0.694558 19 
0 0.72409 19 
0 0.727023 19 
0 1.12117 19 
0 1.12125 19 
0 1.12218 19 
0 1.21743 19 
0 1.21914 19 
0 1.29396 19 
0 1.29597 19 
0 1.296 19 
0 1.51124 19 
0 1.53171 19 
0 1.53244 19 
0 1.63128 19 
0 1.63143 19 
0 1.63461 19 
0 inf 19 
0 0.0640637 20 
0 0.0804871 20 
0 0.0814259 20 
0 0.105881 20 
0 0.106239 20 
0 0.109756 20 
0 0.110622 20 
0 0.110708 20 
0 0.140846 20 
0 0.197603 20 
0 0.198035 20 
0 0.207319 20 
0 0.208279 20 
0 0.209911 20 
0 0.280667 20 
0 0.280972 20 
0 0.281416 20 
0 0.281416 20 
0 0.285201 20 
0 0.298806 20 
0 0.305378 20 
0 0.320608 20 
0 0.383959 20 
0 0.394256 20 
0 0.395699 20 
0 0.400853 20 
0 0.428444 20 
0 0.439698 20 
0 0.439871 20 
0 0.44153 20 
0 0.478686 20 
0 0.478964 20 
0 0.478984 20 
0 0.554694 20 
0 0.554694 20 
0 0.577581 20 
0 0.616201 20 
0 0.616571 20 
0 0.673398 20 
0 0.716228 20 
0 0.716242 20 
0 0.717924 20 
0 1.1841 20 
0 1.18438 20 
0 1.21914 20 
0 1.23142 20 
0 1.27688 20 
0 1.277 20 
0 1.51736 20 
0 1.52214 20 
0 1.52489 20 
0 1.63082 20 
0 1.63213 20 
0 1.94792 20 
0 2.03534 20 
0 inf 20 
