4.63073 8.37544 1 
2.59405 2.60688 1 
1.01193 2.60866 1 
0.20742 0.261309 1 
0.130626 0.14349 1 
0.127614 0.142315 1 
0.11284 0.167514 1 
0.109812 0.136549 1 
0.0970308 0.0987418 1 
0.0934874 0.103235 1 
0.0883514 0.0983462 1 
0.0855066 0.0873068 1 
0.0688903 0.0868651 1 
0.0642118 0.0813083 1 
0.0615327 0.0665933 1 
0.0602561 0.0636026 1 
0.0578409 0.0585112 1 
0.0498957 0.0511781 1 
0.0458323 0.0493731 1 
0.0438073 0.0496351 1 
4.00708 6.25831 2 
0.845553 3.48165 2 
0.249218 0.275461 2 
0.23297 0.236998 2 
0.22899 0.264414 2 
0.206541 0.211565 2 
0.190545 0.283445 2 
0.186067 0.189587 2 
0.184318 0.192239 2 
0.181194 0.197295 2 
0.179687 0.217191 2 
0.164302 0.247443 2 
0.0760463 0.0775604 2 
0.0739689 0.0760394 2 
0.0711122 0.0712932 2 
0.0701942 0.071837 2 
0.0696376 0.0707507 2 
0.0696345 0.0696367 2 
0.0683184 0.0696369 2 
0.0679379 0.0775548 2 
0.0646161 0.0648162 2 
0.0634 0.0648162 2 
0.0557853 0.0573891 2 
0.0452672 0.0485815 2 
0.0441048 0.0452652 2 
0.0423013 0.0429096 2 
0.0410565 0.0423005 2 
4.66287 5.00513 3 
4.65186 5.18826 3 
3.69642 5.19025 3 
0.789443 3.53366 3 
0.248543 0.251447 3 
0.234083 0.250567 3 
0.231746 0.232919 3 
0.225972 0.229383 3 
0.223545 0.239505 3 
0.204649 0.216407 3 
0.190136 0.203128 3 
0.176704 0.254265 3 
0.134063 0.13655 3 
0.0964822 0.101079 3 
0.0681326 0.0757051 3 
0.0671674 0.0709319 3 
0.0660073 0.0677532 3 
0.0623634 0.0679441 3 
0.0619439 0.065009 3 
0.0615318 0.0619526 3 
0.0562487 0.066398 3 
3.04166 3.18384 4 
3.04166 3.18823 4 
3.03975 3.17406 4 
1.02126 3.20563 4 
1.01205 1.03733 4 
0.207545 0.211015 4 
0.171412 0.241769 4 
0.170502 0.236783 4 
0.166653 0.187105 4 
0.159178 0.22244 4 
0.132988 0.147415 4 
0.0705578 0.0737902 4 
0.0416837 0.0426071 4 
2.9353 2.93718 5 
2.26572 2.39141 5 
1.85002 2.92257 5 
0.236837 0.237658 5 
0.149423 0.177723 5 
0.147327 0.193113 5 
0.117234 0.118665 5 
0.0665907 0.0681251 5 
0.0550804 0.0553165 5 
2.64486 2.6803 6 
2.63716 2.67525 6 
2.15873 2.21241 6 
2.02682 2.65477 6 
0.170654 0.217012 6 
0.163122 0.177066 6 
0.159254 0.171868 6 
0.0758701 0.0778965 6 
0.0732691 0.075363 6 
0.051682 0.0589412 6 
2.56091 3.16203 7 
2.01279 2.46812 7 
1.96747 2.16808 7 
1.94034 2.27347 7 
1.79657 2.19818 7 
1.76453 1.92658 7 
1.7059 1.82723 7 
1.67549 1.80411 7 
0.133379 0.147505 7 
2.00306 2.09098 8 
1.89651 1.89895 8 
1.87614 2.27479 8 
1.70919 1.98007 8 
1.60249 1.73462 8 
1.30508 1.94228 8 
0.210953 0.251754 8 
0.135692 0.14529 8 
0.135692 0.142771 8 
0.12731 0.130923 8 
0.0662072 0.071836 8 
2.17554 2.54934 9 
2.17449 2.54979 9 
1.674 2.04865 9 
1.64558 1.73589 9 
1.18382 1.74017 9 
0.224704 0.237659 9 
2.10778 2.4464 10 
2.10738 2.5396 10 
1.80415 1.93972 10 
1.41939 1.46111 10 
1.22869 1.48658 10 
0.150291 0.154126 10 
0.145382 0.153449 10 
1.59508 1.60449 11 
1.59504 1.60436 11 
1.4178 1.42756 11 
1.39122 1.39976 11 
1.36522 1.65237 11 
1.2512 1.55347 11 
0.390723 0.471336 11 
0.219565 0.247654 11 
0.147153 0.149946 11 
0.108148 0.116791 11 
1.52513 1.61195 12 
1.4798 1.65249 12 
1.47333 1.65352 12 
0.985487 1.00973 12 
0.978082 1.06758 12 
0.961788 1.07021 12 
0.869845 0.881014 12 
0.848206 1.12696 12 
0.820974 0.900676 12 
0.818696 0.865209 12 
0.515785 0.55671 12 
0.392965 0.418249 12 
0.389484 0.426581 12 
0.220219 0.224359 12 
0.85763 0.934321 13 
0.644792 0.677485 13 
2.18013 2.25926 14 
2.17984 2.25831 14 
2.17976 2.25907 14 
0.605901 0.64086 14 
1.63984 2.12296 15 
1.63977 2.07725 15 
1.63202 2.12298 15 
1.60946 1.6306 16 
1.60915 1.63462 16 
1.60305 1.65803 16 
1.59651 1.67378 16 
1.59444 1.63869 16 
1.22533 1.55603 16 
0.393459 0.450671 16 
0.393459 0.449865 16 
0.381648 0.440341 16 
1.85578 1.95121 17 
1.81985 1.87165 17 
1.74266 1.85821 17 
1.6238 1.84397 17 
0.396871 0.442364 17 
0.396609 0.441924 17 
0.384962 0.422391 17 
1.81219 1.91634 18 
1.73032 1.91695 18 
1.73032 1.91567 18 
1.72762 2.04167 18 
0.516815 0.537594 18 
0.516739 0.55279 18 
1.68259 1.93329 19 
1.68259 1.93393 19 
0.599225 0.64127 19 
1.70606 1.92861 20 
1.70575 1.92783 20 
0.733685 0.748954 20 
