0 0.0232424 1 
0 0.0282358 1 
0 0.0295766 1 
0 0.034024 1 
0 0.0343997 1 
0 0.0358594 1 
0 0.0358673 1 
0 0.0372663 1 
0 0.0376099 1 
0 0.0382872 1 
0 0.0405701 1 
0 0.041195 1 
0 0.0424294 1 
0 0.0427337 1 
0 0.0436249 1 
0 0.049168 1 
0 0.0491681 1 
0 0.0494265 1 
0 0.0512184 1 
0 0.0514683 1 
0 0.0517171 1 
0 0.0522124 1 
0 0.052458 1 
0 0.0534291 1 
0 0.0534295 1 
0 0.0543836 1 
0 0.0569266 1 
0 0.0569271 1 
0 0.0578222 1 
0 0.0595743 1 
0 0.0597905 1 
0 0.0600039 1 
0 0.0610659 1 
0 0.0610659 1 
0 0.0619041 1 
0 0.0621019 1 
0 0.0629333 1 
0 0.0629334 1 
0 0.0641477 1 
0 0.0655351 1 
0 0.0663142 1 
0 0.0672763 1 
0 0.0676576 1 
0 0.0686027 1 
0 0.0687898 1 
0 0.0689771 1 
0 0.0706341 1 
0 0.0706346 1 
0 0.0713519 1 
0 0.071362 1 
0 0.0713633 1 
0 0.071898 1 
0 0.0724267 1 
0 0.0729632 1 
0 0.0729634 1 
0 0.0734893 1 
0 0.0738397 1 
0 0.0740045 1 
0 0.0741846 1 
0 0.0753874 1 
0 0.0782344 1 
0 0.078567 1 
0 0.0790476 1 
0 0.0803422 1 
0 0.0814512 1 
0 0.0817741 1 
0 0.0820903 1 
0 0.0822407 1 
0 0.0839471 1 
0 0.0847107 1 
0 0.0901505 1 
0 0.0902942 1 
0 0.0905763 1 
0 0.0928157 1 
0 0.0933665 1 
0 0.0933665 1 
0 0.0956856 1 
0 0.0985983 1 
0 0.10331 1 
0 0.108297 1 
0 0.109006 1 
0 0.113518 1 
0 0.117298 1 
0 0.117956 1 
0 0.121076 1 
0 0.133213 1 
0 0.135035 1 
0 0.14091 1 
0 0.142628 1 
0 0.143076 1 
0 0.145393 1 
0 0.149495 1 
0 0.167512 1 
0 0.167512 1 
0 0.171079 1 
0 0.181929 1 
0 0.184179 1 
0 0.199335 1 
0 0.210506 1 
0 0.213053 1 
0 0.226054 1 
0 0.235858 1 
0 0.242736 1 
0 0.275253 1 
0 0.310433 1 
0 0.316054 1 
0 0.328874 1 
0 0.356462 1 
0 0.372389 1 
0 0.389053 1 
0 0.403036 1 
0 0.40332 1 
0 0.408455 1 
0 0.43158 1 
0 0.441132 1 
0 0.445826 1 
0 0.495218 1 
0 0.507267 1 
0 0.566035 1 
0 1.10097 1 
0 1.23326 1 
0 1.95934 1 
0 2.67057 1 
0 2.7935 1 
0 2.82035 1 
0 2.95668 1 
0 4.47555 1 
0 4.82852 1 
0 6.613 1 
0 6.67125 1 
0 6.73299 1 
0 inf 1 
0 0.0369157 2 
0 0.0386225 2 
0 0.0386259 2 
0 0.0405704 2 
0 0.041818 2 
0 0.0424354 2 
0 0.0430313 2 
0 0.0445005 2 
0 0.0459222 2 
0 0.0462097 2 
0 0.0489087 2 
0 0.0499462 2 
0 0.0499462 2 
0 0.0512186 2 
0 0.0548545 2 
0 0.0557845 2 
0 0.057151 2 
0 0.0580435 2 
0 0.0580439 2 
0 0.059572 2 
0 0.0595737 2 
0 0.0608528 2 
0 0.0610666 2 
0 0.0616956 2 
0 0.0623176 2 
0 0.0623177 2 
0 0.0629325 2 
0 0.063544 2 
0 0.0645431 2 
0 0.0645495 2 
0 0.0665096 2 
0 0.0693473 2 
0 0.0697148 2 
0 0.0708166 2 
0 0.0727821 2 
0 0.0741868 2 
0 0.0753866 2 
0 0.0757264 2 
0 0.0760693 2 
0 0.0793809 2 
0 0.0795416 2 
0 0.0816154 2 
0 0.0825586 2 
0 0.0833244 2 
0 0.0833244 2 
0 0.0834803 2 
0 0.083483 2 
0 0.0839408 2 
0 0.083948 2 
0 0.0847006 2 
0 0.0847025 2 
0 0.0860631 2 
0 0.0866559 2 
0 0.0898637 2 
0 0.0917059 2 
0 0.0954085 2 
0 0.0970187 2 
0 0.0976839 2 
0 0.0989886 2 
0 0.100149 2 
0 0.103807 2 
0 0.104667 2 
0 0.104667 2 
0 0.107704 2 
0 0.128594 2 
0 0.130577 2 
0 0.130878 2 
0 0.133308 2 
0 0.139709 2 
0 0.14335 2 
0 0.148282 2 
0 0.156388 2 
0 0.170021 2 
0 0.17317 2 
0 0.174576 2 
0 0.176698 2 
0 0.176989 2 
0 0.177064 2 
0 0.177718 2 
0 0.181158 2 
0 0.183831 2 
0 0.184668 2 
0 0.188797 2 
0 0.189142 2 
0 0.211358 2 
0 0.214498 2 
0 0.215753 2 
0 0.226226 2 
0 0.230511 2 
0 0.232787 2 
0 0.238191 2 
0 0.240392 2 
0 0.290396 2 
0 0.295666 2 
0 0.307766 2 
0 0.318449 2 
0 0.339552 2 
0 0.340874 2 
0 0.356797 2 
0 0.359098 2 
0 0.359149 2 
0 0.362679 2 
0 0.413188 2 
0 0.413199 2 
0 0.413281 2 
0 0.426417 2 
0 0.43184 2 
0 0.436434 2 
0 0.436651 2 
0 0.440861 2 
0 0.462956 2 
0 1.04324 2 
0 1.11747 2 
0 1.26052 2 
0 1.66205 2 
0 1.93078 2 
0 2.2087 2 
0 2.24933 2 
0 4.05775 2 
0 4.13143 2 
0 4.45714 2 
0 4.58699 2 
0 4.58847 2 
0 4.69995 2 
0 5.33653 2 
0 5.53146 2 
0 5.76451 2 
0 inf 2 
0 0.023238 3 
0 0.0253571 3 
0 0.0332549 3 
0 0.0343932 3 
0 0.0343956 3 
0 0.0343959 3 
0 0.0343967 3 
0 0.0343984 3 
0 0.0396109 3 
0 0.0424287 3 
0 0.0459234 3 
0 0.0473016 3 
0 0.0483766 3 
0 0.0491676 3 
0 0.049429 3 
0 0.0499489 3 
0 0.0514687 3 
0 0.0564715 3 
0 0.0595726 3 
0 0.0595743 3 
0 0.0612762 3 
0 0.0653387 3 
0 0.0661209 3 
0 0.0668975 3 
0 0.0689768 3 
0 0.0689769 3 
0 0.0706355 3 
0 0.0726086 3 
0 0.0760665 3 
0 0.0762396 3 
0 0.0780704 3 
0 0.0793782 3 
0 0.0805037 3 
0 0.0806672 3 
0 0.0817766 3 
0 0.0822389 3 
0 0.0827064 3 
0 0.0839478 3 
0 0.0865046 3 
0 0.0866618 3 
0 0.087398 3 
0 0.0881264 3 
0 0.0895751 3 
0 0.0944664 3 
0 0.0948757 3 
0 0.0951473 3 
0 0.098334 3 
0 0.0988614 3 
0 0.0998931 3 
0 0.102557 3 
0 0.104916 3 
0 0.108405 3 
0 0.108413 3 
0 0.109944 3 
0 0.11214 3 
0 0.112255 3 
0 0.117081 3 
0 0.11719 3 
0 0.119794 3 
0 0.122869 3 
0 0.128192 3 
0 0.152224 3 
0 0.154739 3 
0 0.162838 3 
0 0.165576 3 
0 0.165653 3 
0 0.168351 3 
0 0.169566 3 
0 0.171679 3 
0 0.173838 3 
0 0.174133 3 
0 0.183555 3 
0 0.184394 3 
0 0.187506 3 
0 0.191777 3 
0 0.233937 3 
0 0.243792 3 
0 0.249991 3 
0 0.256138 3 
0 0.269595 3 
0 0.271722 3 
0 0.271971 3 
0 0.273476 3 
0 0.280256 3 
0 0.288314 3 
0 0.297756 3 
0 0.309577 3 
0 0.316402 3 
0 0.318951 3 
0 0.328018 3 
0 0.331139 3 
0 0.332485 3 
0 0.356581 3 
0 0.373735 3 
0 0.375896 3 
0 0.386996 3 
0 0.392013 3 
0 0.398453 3 
0 0.408748 3 
0 0.410724 3 
0 0.422571 3 
0 0.431962 3 
0 0.438117 3 
0 0.463919 3 
0 0.885378 3 
0 1.03932 3 
0 1.42359 3 
0 1.6325 3 
0 1.86725 3 
0 2.02631 3 
0 2.11032 3 
0 2.33108 3 
0 2.34583 3 
0 2.34736 3 
0 2.43247 3 
0 3.0409 3 
0 3.17715 3 
0 3.59487 3 
0 3.59509 3 
0 3.60415 3 
0 4.42735 3 
0 4.42837 3 
0 4.55463 3 
0 inf 3 
0 0.0320743 4 
0 0.0376088 4 
0 0.0386209 4 
0 0.0386271 4 
0 0.0408863 4 
0 0.0421293 4 
0 0.0427329 4 
0 0.0433308 4 
0 0.0436263 4 
0 0.0459242 4 
0 0.0467585 4 
0 0.047305 4 
0 0.0483753 4 
0 0.0491675 4 
0 0.0499479 4 
0 0.0553206 4 
0 0.0593575 4 
0 0.059574 4 
0 0.0602186 4 
0 0.0610656 4 
0 0.0629323 4 
0 0.0659268 4 
0 0.067278 4 
0 0.0684153 4 
0 0.072431 4 
0 0.0734898 4 
0 0.0741861 4 
0 0.0769102 4 
0 0.0816173 4 
0 0.0827091 4 
0 0.0856116 4 
0 0.0981966 4 
0 0.0991204 4 
0 0.0992388 4 
0 0.0997627 4 
0 0.100149 4 
0 0.1013 4 
0 0.103928 4 
0 0.104669 4 
0 0.108653 4 
0 0.110056 4 
0 0.114526 4 
0 0.114526 4 
0 0.114526 4 
0 0.114977 4 
0 0.117193 4 
0 0.118282 4 
0 0.1236 4 
0 0.123704 4 
0 0.124834 4 
0 0.126175 4 
0 0.12719 4 
0 0.131754 4 
0 0.137304 4 
0 0.142987 4 
0 0.146456 4 
0 0.148811 4 
0 0.148892 4 
0 0.151629 4 
0 0.16519 4 
0 0.166354 4 
0 0.166355 4 
0 0.16881 4 
0 0.183895 4 
0 0.184105 4 
0 0.208418 4 
0 0.237053 4 
0 0.237107 4 
0 0.239323 4 
0 0.254018 4 
0 0.262631 4 
0 0.268639 4 
0 0.271734 4 
0 0.273995 4 
0 0.284089 4 
0 0.288394 4 
0 0.298585 4 
0 0.309034 4 
0 0.316629 4 
0 0.318871 4 
0 0.331529 4 
0 0.339174 4 
0 0.351465 4 
0 0.352044 4 
0 0.352378 4 
0 0.357559 4 
0 0.383378 4 
0 0.384757 4 
0 0.385253 4 
0 0.388663 4 
0 0.397488 4 
0 0.397804 4 
0 0.398837 4 
0 0.400785 4 
0 0.413573 4 
0 0.419727 4 
0 0.986054 4 
0 1.04615 4 
0 1.05916 4 
0 1.6394 4 
0 1.6465 4 
0 1.85254 4 
0 1.89286 4 
0 2.00807 4 
0 2.40393 4 
0 2.42623 4 
0 2.42642 4 
0 2.42642 4 
0 2.43822 4 
0 2.44126 4 
0 2.44336 4 
0 2.71122 4 
0 2.71704 4 
0 2.72228 4 
0 2.72235 4 
0 2.72334 4 
0 3.08769 4 
0 3.28703 4 
0 3.3211 4 
0 inf 4 
0 0.0277827 5 
0 0.0328662 5 
0 0.0343953 5 
0 0.0382888 5 
0 0.0386233 5 
0 0.0396098 5 
0 0.0399305 5 
0 0.0415065 5 
0 0.0456392 5 
0 0.0481131 5 
0 0.0524566 5 
0 0.0529477 5 
0 0.053188 5 
0 0.0534276 5 
0 0.0550877 5 
0 0.0553206 5 
0 0.056475 5 
0 0.0571488 5 
0 0.0571502 5 
0 0.0604327 5 
0 0.0606424 5 
0 0.0623145 5 
0 0.0647462 5 
0 0.065931 5 
0 0.0661207 5 
0 0.0684149 5 
0 0.0700841 5 
0 0.072073 5 
0 0.0726093 5 
0 0.0788913 5 
0 0.0881289 5 
0 0.0902916 5 
0 0.090437 5 
0 0.0907198 5 
0 0.0931001 5 
0 0.0983388 5 
0 0.0991119 5 
0 0.101171 5 
0 0.101427 5 
0 0.106971 5 
0 0.112262 5 
0 0.115425 5 
0 0.126573 5 
0 0.127691 5 
0 0.128094 5 
0 0.134749 5 
0 0.136734 5 
0 0.138977 5 
0 0.139987 5 
0 0.143528 5 
0 0.143618 5 
0 0.156392 5 
0 0.16697 5 
0 0.167351 5 
0 0.167736 5 
0 0.168274 5 
0 0.16949 5 
0 0.173761 5 
0 0.182107 5 
0 0.194835 5 
0 0.237704 5 
0 0.265268 5 
0 0.266428 5 
0 0.270214 5 
0 0.282321 5 
0 0.287303 5 
0 0.301248 5 
0 0.306099 5 
0 0.318731 5 
0 0.322598 5 
0 0.32403 5 
0 0.324268 5 
0 0.333436 5 
0 0.335168 5 
0 0.335742 5 
0 0.348022 5 
0 0.350482 5 
0 0.352495 5 
0 0.358041 5 
0 0.358149 5 
0 0.358607 5 
0 0.362042 5 
0 0.369529 5 
0 0.370781 5 
0 0.376014 5 
0 0.37891 5 
0 0.405894 5 
0 0.467424 5 
0 0.995871 5 
0 1.03527 5 
0 1.05205 5 
0 1.299 5 
0 1.63647 5 
0 1.79549 5 
0 1.8034 5 
0 1.80376 5 
0 1.80974 5 
0 1.85251 5 
0 2.00575 5 
0 2.13085 5 
0 2.32722 5 
0 2.32919 5 
0 2.34155 5 
0 2.45934 5 
0 2.45967 5 
0 2.46214 5 
0 2.46386 5 
0 2.46935 5 
0 2.5484 5 
0 2.54941 5 
0 2.58151 5 
0 2.96315 5 
0 2.96315 5 
0 2.96436 5 
0 2.96554 5 
0 inf 5 
0 0.0282359 6 
0 0.0300016 6 
0 0.0300025 6 
0 0.0382893 6 
0 0.0433236 6 
0 0.0444988 6 
0 0.0470282 6 
0 0.0502043 6 
0 0.0546209 6 
0 0.0614843 6 
0 0.0655353 6 
0 0.0691599 6 
0 0.0698993 6 
0 0.0702668 6 
0 0.0715413 6 
0 0.0750521 6 
0 0.0780704 6 
0 0.078563 6 
0 0.0800225 6 
0 0.0816172 6 
0 0.0822445 6 
0 0.0828674 6 
0 0.085316 6 
0 0.0866541 6 
0 0.0887115 6 
0 0.0901474 6 
0 0.0914194 6 
0 0.0932353 6 
0 0.0940601 6 
0 0.0946028 6 
0 0.0966201 6 
0 0.099121 6 
0 0.102691 6 
0 0.103683 6 
0 0.104302 6 
0 0.104917 6 
0 0.105771 6 
0 0.105891 6 
0 0.110291 6 
0 0.11052 6 
0 0.114417 6 
0 0.130085 6 
0 0.1357 6 
0 0.140079 6 
0 0.15078 6 
0 0.151633 6 
0 0.156388 6 
0 0.160286 6 
0 0.162038 6 
0 0.1648 6 
0 0.167279 6 
0 0.172007 6 
0 0.175527 6 
0 0.175527 6 
0 0.244956 6 
0 0.244956 6 
0 0.253621 6 
0 0.259682 6 
0 0.263565 6 
0 0.268653 6 
0 0.272953 6 
0 0.278746 6 
0 0.279032 6 
0 0.286606 6 
0 0.290414 6 
0 0.298904 6 
0 0.303006 6 
0 0.303525 6 
0 0.30704 6 
0 0.316914 6 
0 0.317724 6 
0 0.358395 6 
0 0.358527 6 
0 0.359209 6 
0 0.375387 6 
0 0.375421 6 
0 0.375867 6 
0 0.386422 6 
0 0.386988 6 
0 0.458946 6 
0 0.781082 6 
0 1.00935 6 
0 1.02631 6 
0 1.03359 6 
0 1.03539 6 
0 1.04716 6 
0 1.0929 6 
0 1.34375 6 
0 1.3733 6 
0 1.38739 6 
0 1.48258 6 
0 1.5366 6 
0 1.72438 6 
0 1.83924 6 
0 1.84451 6 
0 1.84731 6 
0 1.8676 6 
0 1.92493 6 
0 2.01123 6 
0 2.11186 6 
0 2.11234 6 
0 2.11667 6 
0 2.12492 6 
0 2.42186 6 
0 2.42737 6 
0 2.43832 6 
0 2.44814 6 
0 2.67074 6 
0 2.67138 6 
0 2.67582 6 
0 2.70715 6 
0 inf 6 
0 0.0372682 7 
0 0.0392839 7 
0 0.0436244 7 
0 0.0459189 7 
0 0.0470294 7 
0 0.0491632 7 
0 0.0522141 7 
0 0.0604332 7 
0 0.0629295 7 
0 0.0699023 7 
0 0.070816 7 
0 0.0753896 7 
0 0.077072 7 
0 0.0777412 7 
0 0.0782399 7 
0 0.078886 7 
0 0.0820861 7 
0 0.0822426 7 
0 0.0845566 7 
0 0.0857656 7 
0 0.0863636 7 
0 0.0868035 7 
0 0.0897212 7 
0 0.0960861 7 
0 0.0966229 7 
0 0.100148 7 
0 0.10015 7 
0 0.102182 7 
0 0.102808 7 
0 0.103183 7 
0 0.105409 7 
0 0.107698 7 
0 0.109115 7 
0 0.110869 7 
0 0.114975 7 
0 0.124224 7 
0 0.129092 7 
0 0.129691 7 
0 0.130082 7 
0 0.13127 7 
0 0.147761 7 
0 0.153359 7 
0 0.155658 7 
0 0.157453 7 
0 0.157946 7 
0 0.160047 7 
0 0.175316 7 
0 0.176261 7 
0 0.176413 7 
0 0.186949 7 
0 0.19264 7 
0 0.258169 7 
0 0.25951 7 
0 0.263077 7 
0 0.267728 7 
0 0.271731 7 
0 0.292512 7 
0 0.297813 7 
0 0.309357 7 
0 0.323115 7 
0 0.323551 7 
0 0.326262 7 
0 0.32642 7 
0 0.333533 7 
0 0.366334 7 
0 0.36686 7 
0 0.3721 7 
0 0.377624 7 
0 0.386808 7 
0 0.404755 7 
0 0.415455 7 
0 0.429166 7 
0 0.498204 7 
0 0.523994 7 
0 0.581037 7 
0 0.787297 7 
0 0.923279 7 
0 0.986472 7 
0 0.988386 7 
0 0.98979 7 
0 1.00557 7 
0 1.0381 7 
0 1.04237 7 
0 1.093 7 
0 1.14323 7 
0 1.29329 7 
0 1.3392 7 
0 1.42802 7 
0 1.43048 7 
0 1.46006 7 
0 1.46499 7 
0 1.63233 7 
0 1.77794 7 
0 1.8482 7 
0 1.87892 7 
0 1.87966 7 
0 1.88956 7 
0 1.89416 7 
0 2.01315 7 
0 2.01315 7 
0 2.0182 7 
0 2.01876 7 
0 2.02146 7 
0 2.17173 7 
0 2.18066 7 
0 2.20415 7 
0 2.21451 7 
0 inf 7 
0 0.0555544 8 
0 0.0597917 8 
0 0.0614864 8 
0 0.0670906 8 
0 0.0720818 8 
0 0.0740123 8 
0 0.0740191 8 
0 0.0747041 8 
0 0.0755626 8 
0 0.0827121 8 
0 0.0848574 8 
0 0.0881256 8 
0 0.0895786 8 
0 0.0895809 8 
0 0.0898687 8 
0 0.091844 8 
0 0.0947395 8 
0 0.0987247 8 
0 0.100276 8 
0 0.103187 8 
0 0.106137 8 
0 0.106855 8 
0 0.106855 8 
0 0.107215 8 
0 0.108292 8 
0 0.113627 8 
0 0.116527 8 
0 0.116864 8 
0 0.119466 8 
0 0.12065 8 
0 0.129194 8 
0 0.131365 8 
0 0.132341 8 
0 0.135033 8 
0 0.139714 8 
0 0.141088 8 
0 0.146804 8 
0 0.148984 8 
0 0.154027 8 
0 0.156475 8 
0 0.16204 8 
0 0.172042 8 
0 0.181712 8 
0 0.191831 8 
0 0.209285 8 
0 0.214348 8 
0 0.216675 8 
0 0.223547 8 
0 0.25988 8 
0 0.267151 8 
0 0.2672 8 
0 0.296972 8 
0 0.299321 8 
0 0.320477 8 
0 0.329226 8 
0 0.347971 8 
0 0.348082 8 
0 0.36125 8 
0 0.363885 8 
0 0.363885 8 
0 0.363909 8 
0 0.371089 8 
0 0.393031 8 
0 0.453847 8 
0 0.468899 8 
0 0.488616 8 
0 0.570202 8 
0 0.581966 8 
0 0.616054 8 
0 0.648934 8 
0 0.652807 8 
0 0.73727 8 
0 0.749355 8 
0 0.909863 8 
0 0.988152 8 
0 0.989556 8 
0 0.991452 8 
0 0.991465 8 
0 0.993331 8 
0 1.08709 8 
0 1.27743 8 
0 1.28646 8 
0 1.35203 8 
0 1.37475 8 
0 1.40489 8 
0 1.4295 8 
0 1.43499 8 
0 1.46143 8 
0 1.50484 8 
0 1.51946 8 
0 1.64789 8 
0 1.75582 8 
0 1.85266 8 
0 1.85292 8 
0 1.8601 8 
0 1.86165 8 
0 1.86529 8 
0 1.8828 8 
0 1.99461 8 
0 1.99461 8 
0 1.99963 8 
0 2.00366 8 
0 2.00464 8 
0 inf 8 
0 0.0408881 9 
0 0.0450748 9 
0 0.0539084 9 
0 0.0573717 9 
0 0.0606438 9 
0 0.0663148 9 
0 0.0702677 9 
0 0.07261 9 
0 0.0729651 9 
0 0.0734893 9 
0 0.0806671 9 
0 0.0808233 9 
0 0.0890022 9 
0 0.0895796 9 
0 0.0997621 9 
0 0.101423 9 
0 0.101802 9 
0 0.102686 9 
0 0.105401 9 
0 0.11407 9 
0 0.114638 9 
0 0.116214 9 
0 0.116644 9 
0 0.118396 9 
0 0.118404 9 
0 0.120227 9 
0 0.132146 9 
0 0.133161 9 
0 0.138698 9 
0 0.142629 9 
0 0.157783 9 
0 0.158551 9 
0 0.163935 9 
0 0.164175 9 
0 0.166802 9 
0 0.177821 9 
0 0.180788 9 
0 0.18292 9 
0 0.207618 9 
0 0.229246 9 
0 0.231201 9 
0 0.260719 9 
0 0.264246 9 
0 0.284896 9 
0 0.299215 9 
0 0.307876 9 
0 0.332393 9 
0 0.335481 9 
0 0.335634 9 
0 0.336202 9 
0 0.342233 9 
0 0.343583 9 
0 0.366166 9 
0 0.367302 9 
0 0.370959 9 
0 0.388539 9 
0 0.438902 9 
0 0.473323 9 
0 0.477794 9 
0 0.492662 9 
0 0.497191 9 
0 0.526293 9 
0 0.534151 9 
0 0.668831 9 
0 0.73227 9 
0 0.779286 9 
0 0.994339 9 
0 0.996419 9 
0 1.01583 9 
0 1.04866 9 
0 1.04898 9 
0 1.05003 9 
0 1.06407 9 
0 1.0661 9 
0 1.07877 9 
0 1.08447 9 
0 1.09894 9 
0 1.09937 9 
0 1.09955 9 
0 1.24247 9 
0 1.30197 9 
0 1.30761 9 
0 1.34348 9 
0 1.35836 9 
0 1.52615 9 
0 1.54713 9 
0 1.5505 9 
0 1.65865 9 
0 1.65877 9 
0 1.84804 9 
0 1.84961 9 
0 1.85376 9 
0 1.85475 9 
0 1.85493 9 
0 1.9947 9 
0 1.99482 9 
0 2.00547 9 
0 2.0211 9 
0 2.0213 9 
0 inf 9 
0 0.0113378 10 
0 0.0379515 10 
0 0.0459214 10 
0 0.0531912 10 
0 0.057599 10 
0 0.0715441 10 
0 0.0736636 10 
0 0.0809828 10 
0 0.0816122 10 
0 0.0827107 10 
0 0.091141 10 
0 0.111337 10 
0 0.11464 10 
0 0.115323 10 
0 0.115525 10 
0 0.123184 10 
0 0.130087 10 
0 0.132243 10 
0 0.13331 10 
0 0.136635 10 
0 0.136635 10 
0 0.136657 10 
0 0.137203 10 
0 0.138142 10 
0 0.138979 10 
0 0.147939 10 
0 0.160289 10 
0 0.19184 10 
0 0.202757 10 
0 0.218853 10 
0 0.2209 10 
0 0.238463 10 
0 0.245629 10 
0 0.253263 10 
0 0.258291 10 
0 0.266108 10 
0 0.279938 10 
0 0.280672 10 
0 0.296558 10 
0 0.311882 10 
0 0.323578 10 
0 0.333307 10 
0 0.334367 10 
0 0.335749 10 
0 0.336546 10 
0 0.338375 10 
0 0.34169 10 
0 0.34819 10 
0 0.362021 10 
0 0.386228 10 
0 0.413999 10 
0 0.424931 10 
0 0.437808 10 
0 0.444722 10 
0 0.45603 10 
0 0.456706 10 
0 0.461997 10 
0 0.471613 10 
0 0.651537 10 
0 0.663591 10 
0 0.705091 10 
0 0.742873 10 
0 0.74486 10 
0 0.757291 10 
0 0.889258 10 
0 0.890645 10 
0 0.987162 10 
0 0.987162 10 
0 1.0108 10 
0 1.01688 10 
0 1.01692 10 
0 1.02661 10 
0 1.02898 10 
0 1.03301 10 
0 1.03346 10 
0 1.0336 10 
0 1.10728 10 
0 1.14644 10 
0 1.25086 10 
0 1.25619 10 
0 1.3308 10 
0 1.4366 10 
0 1.45791 10 
0 1.53397 10 
0 1.53416 10 
0 1.84839 10 
0 1.85014 10 
0 1.85522 10 
0 1.87715 10 
0 1.87756 10 
0 1.99912 10 
0 1.9993 10 
0 2.00493 10 
0 2.00497 10 
0 2.00749 10 
0 inf 10 
0 0.0365701 11 
0 0.0421262 11 
0 0.0695354 11 
0 0.0928259 11 
0 0.0937846 11 
0 0.0940747 11 
0 0.0942113 11 
0 0.110063 11 
0 0.113057 11 
0 0.121179 11 
0 0.121184 11 
0 0.131948 11 
0 0.139349 11 
0 0.146181 11 
0 0.150087 11 
0 0.154986 11 
0 0.161409 11 
0 0.173723 11 
0 0.177274 11 
0 0.179584 11 
0 0.188935 11 
0 0.194307 11 
0 0.205439 11 
0 0.209736 11 
0 0.214286 11 
0 0.239478 11 
0 0.240337 11 
0 0.250811 11 
0 0.252649 11 
0 0.266283 11 
0 0.274556 11 
0 0.277444 11 
0 0.296341 11 
0 0.30462 11 
0 0.307583 11 
0 0.316543 11 
0 0.332092 11 
0 0.333443 11 
0 0.343137 11 
0 0.343657 11 
0 0.352613 11 
0 0.359039 11 
0 0.366379 11 
0 0.377225 11 
0 0.401693 11 
0 0.407062 11 
0 0.436546 11 
0 0.438427 11 
0 0.448882 11 
0 0.452307 11 
0 0.477033 11 
0 0.478325 11 
0 0.496191 11 
0 0.552342 11 
0 0.586915 11 
0 0.587812 11 
0 0.589188 11 
0 0.662822 11 
0 0.66288 11 
0 0.774038 11 
0 0.854903 11 
0 0.869518 11 
0 0.88726 11 
0 0.887261 11 
0 0.889641 11 
0 0.987266 11 
0 0.988996 11 
0 0.990371 11 
0 0.992552 11 
0 0.994687 11 
0 0.994687 11 
0 1.03504 11 
0 1.03529 11 
0 1.03707 11 
0 1.03707 11 
0 1.04419 11 
0 1.22956 11 
0 1.23594 11 
0 1.30019 11 
0 1.30886 11 
0 1.30907 11 
0 1.84856 11 
0 1.84912 11 
0 1.85866 11 
0 1.86134 11 
0 1.86148 11 
0 1.99395 11 
0 1.99397 11 
0 1.99513 11 
0 1.99523 11 
0 1.99603 11 
0 inf 11 
0 0.0621114 12 
0 0.0693511 12 
0 0.0777443 12 
0 0.106994 12 
0 0.108308 12 
0 0.116093 12 
0 0.118825 12 
0 0.119367 12 
0 0.123177 12 
0 0.132441 12 
0 0.136539 12 
0 0.13654 12 
0 0.146014 12 
0 0.157538 12 
0 0.158189 12 
0 0.206212 12 
0 0.221834 12 
0 0.231341 12 
0 0.233879 12 
0 0.233999 12 
0 0.242684 12 
0 0.247556 12 
0 0.251584 12 
0 0.253061 12 
0 0.25407 12 
0 0.256288 12 
0 0.262 12 
0 0.263954 12 
0 0.276699 12 
0 0.277676 12 
0 0.292294 12 
0 0.30199 12 
0 0.334001 12 
0 0.34682 12 
0 0.347265 12 
0 0.35423 12 
0 0.358561 12 
0 0.363701 12 
0 0.365077 12 
0 0.376578 12 
0 0.376961 12 
0 0.387026 12 
0 0.401026 12 
0 0.414826 12 
0 0.416311 12 
0 0.436279 12 
0 0.439834 12 
0 0.440769 12 
0 0.44208 12 
0 0.4478 12 
0 0.449205 12 
0 0.541901 12 
0 0.552825 12 
0 0.556535 12 
0 0.709512 12 
0 0.712408 12 
0 0.75854 12 
0 0.935292 12 
0 0.951336 12 
0 0.95637 12 
0 0.958345 12 
0 0.985506 12 
0 0.985806 12 
0 0.986341 12 
0 0.988724 12 
0 0.988763 12 
0 1.02851 12 
0 1.03893 12 
0 1.07699 12 
0 1.07731 12 
0 1.07774 12 
0 1.23706 12 
0 1.24282 12 
0 1.27271 12 
0 1.27417 12 
0 1.28574 12 
0 1.30669 12 
0 1.84687 12 
0 1.84714 12 
0 1.8562 12 
0 1.85713 12 
0 1.85736 12 
0 1.99514 12 
0 1.99607 12 
0 1.99899 12 
0 1.99915 12 
0 1.9999 12 
0 inf 12 
0 0.0344028 13 
0 0.0459282 13 
0 0.101298 13 
0 0.121194 13 
0 0.124633 13 
0 0.140622 13 
0 0.148547 13 
0 0.171479 13 
0 0.188966 13 
0 0.191166 13 
0 0.194246 13 
0 0.207702 13 
0 0.212572 13 
0 0.213121 13 
0 0.221168 13 
0 0.234926 13 
0 0.236018 13 
0 0.236725 13 
0 0.236731 13 
0 0.238078 13 
0 0.243584 13 
0 0.247721 13 
0 0.267679 13 
0 0.276285 13 
0 0.278741 13 
0 0.282627 13 
0 0.289245 13 
0 0.294092 13 
0 0.294092 13 
0 0.298217 13 
0 0.299534 13 
0 0.300971 13 
0 0.304137 13 
0 0.305421 13 
0 0.325799 13 
0 0.348485 13 
0 0.358383 13 
0 0.3725 13 
0 0.380113 13 
0 0.390142 13 
0 0.394684 13 
0 0.394757 13 
0 0.394978 13 
0 0.394978 13 
0 0.400193 13 
0 0.416078 13 
0 0.430491 13 
0 0.444384 13 
0 0.444529 13 
0 0.466488 13 
0 0.705654 13 
0 0.769818 13 
0 0.776766 13 
0 0.830884 13 
0 0.83385 13 
0 0.837742 13 
0 0.985898 13 
0 0.988828 13 
0 1.02979 13 
0 1.03079 13 
0 1.03084 13 
0 1.03154 13 
0 1.03238 13 
0 1.06011 13 
0 1.06011 13 
0 1.06157 13 
0 1.25644 13 
0 1.37078 13 
0 1.38214 13 
0 1.40812 13 
0 1.58661 13 
0 1.58803 13 
0 1.5926 13 
0 1.62474 13 
0 1.84983 13 
0 1.84987 13 
0 1.85208 13 
0 1.85247 13 
0 1.99446 13 
0 1.99453 13 
0 2.01484 13 
0 2.01487 13 
0 2.01559 13 
0 inf 13 
0 0.0473032 14 
0 0.06935 14 
0 0.0726167 14 
0 0.107949 14 
0 0.117094 14 
0 0.121076 14 
0 0.121928 14 
0 0.132341 14 
0 0.145387 14 
0 0.146273 14 
0 0.156472 14 
0 0.1808 14 
0 0.186123 14 
0 0.206741 14 
0 0.2109 14 
0 0.2109 14 
0 0.218037 14 
0 0.219037 14 
0 0.220593 14 
0 0.227082 14 
0 0.235114 14 
0 0.241568 14 
0 0.242896 14 
0 0.244742 14 
0 0.253059 14 
0 0.255735 14 
0 0.265363 14 
0 0.277491 14 
0 0.277902 14 
0 0.278824 14 
0 0.279193 14 
0 0.280168 14 
0 0.283989 14 
0 0.300327 14 
0 0.306555 14 
0 0.310431 14 
0 0.311424 14 
0 0.317905 14 
0 0.33003 14 
0 0.353176 14 
0 0.379046 14 
0 0.389073 14 
0 0.407544 14 
0 0.407575 14 
0 0.408717 14 
0 0.409839 14 
0 0.411812 14 
0 0.424282 14 
0 0.424736 14 
0 0.47759 14 
0 0.77079 14 
0 0.779234 14 
0 0.940223 14 
0 0.940551 14 
0 0.941303 14 
0 0.974324 14 
0 0.984853 14 
0 1.01779 14 
0 1.01825 14 
0 1.01825 14 
0 1.03857 14 
0 1.04152 14 
0 1.04193 14 
0 1.04322 14 
0 1.27112 14 
0 1.50472 14 
0 1.51159 14 
0 1.51299 14 
0 1.5726 14 
0 1.57299 14 
0 1.57356 14 
0 1.84747 14 
0 1.85145 14 
0 1.85214 14 
0 1.85226 14 
0 1.99907 14 
0 2.01534 14 
0 2.0155 14 
0 2.01552 14 
0 inf 14 
0 0.037953 15 
0 0.0942121 15 
0 0.0942124 15 
0 0.0988743 15 
0 0.122647 15 
0 0.128195 15 
0 0.133224 15 
0 0.137947 15 
0 0.146974 15 
0 0.150091 15 
0 0.150565 15 
0 0.159803 15 
0 0.165883 15 
0 0.203512 15 
0 0.211358 15 
0 0.216553 15 
0 0.219559 15 
0 0.220786 15 
0 0.222872 15 
0 0.22417 15 
0 0.225608 15 
0 0.229615 15 
0 0.230287 15 
0 0.254828 15 
0 0.276239 15 
0 0.284856 15 
0 0.286068 15 
0 0.287144 15 
0 0.287387 15 
0 0.290351 15 
0 0.290724 15 
0 0.291475 15 
0 0.291941 15 
0 0.297448 15 
0 0.2979 15 
0 0.329202 15 
0 0.362272 15 
0 0.405164 15 
0 0.405164 15 
0 0.406177 15 
0 0.40678 15 
0 0.420561 15 
0 0.505016 15 
0 0.680267 15 
0 0.683499 15 
0 0.686589 15 
0 0.687262 15 
0 0.739525 15 
0 0.742995 15 
0 0.910595 15 
0 0.973943 15 
0 0.992635 15 
0 0.996807 15 
0 1.00185 15 
0 1.00248 15 
0 1.00252 15 
0 1.00356 15 
0 1.04533 15 
0 1.04741 15 
0 1.04818 15 
0 1.04838 15 
0 1.06995 15 
0 1.14489 15 
0 1.30517 15 
0 1.4007 15 
0 1.40723 15 
0 1.40731 15 
0 1.85218 15 
0 1.86945 15 
0 1.87421 15 
0 1.87536 15 
0 1.9966 15 
0 1.99777 15 
0 1.99799 15 
0 1.99835 15 
0 inf 15 
0 0.0324788 16 
0 0.0372721 16 
0 0.0689753 16 
0 0.0850072 16 
0 0.12391 16 
0 0.126679 16 
0 0.131381 16 
0 0.132937 16 
0 0.137317 16 
0 0.138526 16 
0 0.142644 16 
0 0.151367 16 
0 0.151452 16 
0 0.151589 16 
0 0.155607 16 
0 0.16322 16 
0 0.166773 16 
0 0.169945 16 
0 0.170841 16 
0 0.193641 16 
0 0.214685 16 
0 0.257508 16 
0 0.257508 16 
0 0.257658 16 
0 0.261114 16 
0 0.271036 16 
0 0.300838 16 
0 0.32455 16 
0 0.345693 16 
0 0.39862 16 
0 0.408653 16 
0 0.409659 16 
0 0.411162 16 
0 0.414549 16 
0 0.414642 16 
0 0.416034 16 
0 0.42569 16 
0 0.485204 16 
0 0.569976 16 
0 0.603931 16 
0 0.615782 16 
0 0.616053 16 
0 0.625966 16 
0 0.637918 16 
0 0.652027 16 
0 0.652559 16 
0 0.677948 16 
0 0.991672 16 
0 0.992929 16 
0 0.994741 16 
0 0.995555 16 
0 1.04655 16 
0 1.04694 16 
0 1.04733 16 
0 1.04768 16 
0 1.16302 16 
0 1.28483 16 
0 1.30524 16 
0 1.37065 16 
0 1.37096 16 
0 1.38252 16 
0 1.38994 16 
0 1.39098 16 
0 1.85405 16 
0 1.8656 16 
0 1.87138 16 
0 1.87183 16 
0 2.00005 16 
0 2.00021 16 
0 2.00036 16 
0 2.00061 16 
0 inf 16 
0 0.0841052 17 
0 0.089297 17 
0 0.104917 17 
0 0.120747 17 
0 0.130981 17 
0 0.130981 17 
0 0.133548 17 
0 0.134374 17 
0 0.134412 17 
0 0.13527 17 
0 0.135555 17 
0 0.149926 17 
0 0.159167 17 
0 0.215923 17 
0 0.219701 17 
0 0.219701 17 
0 0.232497 17 
0 0.25993 17 
0 0.268257 17 
0 0.280261 17 
0 0.298613 17 
0 0.301291 17 
0 0.302695 17 
0 0.303609 17 
0 0.303779 17 
0 0.306787 17 
0 0.307332 17 
0 0.325005 17 
0 0.382178 17 
0 0.386195 17 
0 0.388981 17 
0 0.394242 17 
0 0.394731 17 
0 0.397943 17 
0 0.40052 17 
0 0.429454 17 
0 0.429454 17 
0 0.431872 17 
0 0.589837 17 
0 0.593313 17 
0 0.640736 17 
0 0.668667 17 
0 0.673681 17 
0 0.678745 17 
0 0.679597 17 
0 0.810014 17 
0 0.81301 17 
0 0.997258 17 
0 0.997529 17 
0 0.997671 17 
0 1.00076 17 
0 1.04973 17 
0 1.04973 17 
0 1.05088 17 
0 1.05101 17 
0 1.40838 17 
0 1.41122 17 
0 1.41195 17 
0 1.41195 17 
0 1.5234 17 
0 1.84981 17 
0 1.84984 17 
0 1.85001 17 
0 2.00633 17 
0 2.00682 17 
0 2.00757 17 
0 2.00788 17 
0 inf 17 
0 0.0865095 18 
0 0.0935101 18 
0 0.100278 18 
0 0.100662 18 
0 0.159281 18 
0 0.164288 18 
0 0.166778 18 
0 0.170208 18 
0 0.201329 18 
0 0.204372 18 
0 0.208421 18 
0 0.237217 18 
0 0.263223 18 
0 0.266959 18 
0 0.267296 18 
0 0.267872 18 
0 0.268878 18 
0 0.270547 18 
0 0.274556 18 
0 0.296278 18 
0 0.296322 18 
0 0.296322 18 
0 0.297511 18 
0 0.297707 18 
0 0.298029 18 
0 0.29846 18 
0 0.298676 18 
0 0.30844 18 
0 0.308483 18 
0 0.311097 18 
0 0.339165 18 
0 0.359737 18 
0 0.367098 18 
0 0.367133 18 
0 0.367553 18 
0 0.368357 18 
0 0.417955 18 
0 0.424154 18 
0 0.452608 18 
0 0.544174 18 
0 0.544219 18 
0 0.629373 18 
0 0.712264 18 
0 0.773672 18 
0 0.775332 18 
0 1.00996 18 
0 1.01858 18 
0 1.01928 18 
0 1.04351 18 
0 1.04446 18 
0 1.04515 18 
0 1.05121 18 
0 1.4571 18 
0 1.46031 18 
0 1.52132 18 
0 1.52214 18 
0 1.64124 18 
0 1.85417 18 
0 1.85437 18 
0 1.85542 18 
0 2.00462 18 
0 2.00514 18 
0 2.0057 18 
0 inf 18 
0 0.111909 19 
0 0.114296 19 
0 0.126986 19 
0 0.132148 19 
0 0.132535 19 
0 0.144059 19 
0 0.159324 19 
0 0.162872 19 
0 0.164756 19 
0 0.166618 19 
0 0.167772 19 
0 0.173165 19 
0 0.175524 19 
0 0.18306 19 
0 0.187153 19 
0 0.187428 19 
0 0.254783 19 
0 0.26517 19 
0 0.265751 19 
0 0.266572 19 
0 0.267103 19 
0 0.267151 19 
0 0.267968 19 
0 0.297725 19 
0 0.300948 19 
0 0.301315 19 
0 0.30221 19 
0 0.304008 19 
0 0.308443 19 
0 0.308443 19 
0 0.309939 19 
0 0.356803 19 
0 0.358565 19 
0 0.358673 19 
0 0.425699 19 
0 0.428259 19 
0 0.44031 19 
0 0.49103 19 
0 0.514358 19 
0 0.799534 19 
0 0.819629 19 
0 0.820397 19 
0 1.0061 19 
0 1.01679 19 
0 1.01736 19 
0 1.03363 19 
0 1.03681 19 
0 1.03781 19 
0 1.38908 19 
0 1.41058 19 
0 1.49329 19 
0 1.52272 19 
0 1.52313 19 
0 1.84864 19 
0 1.84956 19 
0 1.85154 19 
0 2.01053 19 
0 2.01087 19 
0 2.01087 19 
0 inf 19 
0 0.0691677 20 
0 0.069168 20 
0 0.0775811 20 
0 0.103315 20 
0 0.11249 20 
0 0.118602 20 
0 0.122757 20 
0 0.127384 20 
0 0.134463 20 
0 0.138514 20 
0 0.139346 20 
0 0.139346 20 
0 0.207857 20 
0 0.222353 20 
0 0.225568 20 
0 0.232892 20 
0 0.245838 20 
0 0.25869 20 
0 0.261852 20 
0 0.268494 20 
0 0.268494 20 
0 0.278972 20 
0 0.28067 20 
0 0.289516 20 
0 0.306549 20 
0 0.308462 20 
0 0.308523 20 
0 0.311716 20 
0 0.315428 20 
0 0.364784 20 
0 0.369165 20 
0 0.438612 20 
0 0.4429 20 
0 0.444117 20 
0 0.580773 20 
0 0.741315 20 
0 0.749526 20 
0 0.751565 20 
0 1.00894 20 
0 1.00956 20 
0 1.01083 20 
0 1.03025 20 
0 1.0305 20 
0 1.42459 20 
0 1.43148 20 
0 1.45352 20 
0 1.45359 20 
0 1.50983 20 
0 1.85305 20 
0 1.85328 20 
0 1.85712 20 
0 1.95206 20 
0 2.00195 20 
0 2.00731 20 
0 2.00772 20 
0 inf 20 
