6.6534 9.37978 1 
0.534357 1.47821 1 
0.219492 0.32551 1 
0.137561 0.13857 1 
0.134576 0.142173 1 
0.126423 0.133349 1 
0.122459 0.187168 1 
0.121002 0.127026 1 
0.103634 0.110151 1 
0.101286 0.10771 1 
0.101282 0.107117 1 
0.0988798 0.101161 1 
0.0978477 0.103756 1 
0.0952261 0.0962801 1 
0.0849653 0.0862948 1 
0.0849608 0.10771 1 
0.0732782 0.11198 1 
0.0702816 0.070462 1 
0.0678979 0.0845175 1 
0.0658121 0.0778077 1 
0.0618454 0.0748193 1 
0.060814 0.0616414 1 
0.0508302 0.0527861 1 
0.0469444 0.0539725 1 
7.11359 7.1872 2 
6.91409 7.11451 2 
5.71072 7.19656 2 
0.461125 1.97644 2 
0.33003 0.346836 2 
0.297116 0.314707 2 
0.263928 0.274146 2 
0.262 0.287845 2 
0.259278 0.368401 2 
0.213411 0.218862 2 
0.204751 0.22042 2 
0.172226 0.199357 2 
0.135987 0.150572 2 
0.107361 0.11696 2 
0.103997 0.10653 2 
0.0945539 0.105817 2 
0.0933471 0.0964178 2 
0.0874616 0.0948252 2 
0.087173 0.090872 2 
0.0849628 0.101791 2 
0.0845149 0.0952342 2 
0.073626 0.127917 2 
0.062051 0.0725862 2 
0.0593369 0.0601849 2 
0.0584774 0.0610213 2 
0.0576046 0.0599744 2 
0.0549027 0.0586938 2 
0.0530254 0.062457 2 
5.34164 5.4598 3 
0.963262 0.985789 3 
0.454865 2.01046 3 
0.385471 0.425157 3 
0.300543 0.317352 3 
0.26229 0.2913 3 
0.247229 0.252201 3 
0.227714 0.276123 3 
0.196607 0.205429 3 
0.182094 0.19381 3 
0.157475 0.164635 3 
0.109924 0.153567 3 
0.0971962 0.110497 3 
0.0908723 0.095225 3 
0.0756588 0.0756593 3 
0.0608137 0.0688249 3 
3.58193 3.69812 4 
1.73718 1.73891 4 
0.890458 1.74247 4 
0.260454 0.312693 4 
0.237408 0.291778 4 
0.2146 0.269577 4 
0.195958 0.212397 4 
0.186762 0.23288 4 
0.180276 0.199612 4 
0.173399 0.18237 4 
0.138382 0.139748 4 
0.128511 0.130661 4 
0.124708 0.12752 4 
0.113883 0.119738 4 
0.11377 0.118567 4 
0.0822426 0.0849694 4 
0.0717095 0.0718887 4 
0.0669615 0.0732819 4 
2.87419 3.56596 5 
2.87369 3.55598 5 
2.87348 3.55872 5 
2.87246 3.55469 5 
1.52866 1.54514 5 
1.52767 1.55815 5 
1.47904 1.49549 5 
1.2808 1.56519 5 
0.255789 0.26641 5 
0.252401 0.267745 5 
0.229211 0.244037 5 
0.10617 0.114327 5 
0.09576 0.09914 5 
0.0722379 0.0849683 5 
0.0658155 0.0736243 5 
0.0586945 0.0634616 5 
0.054672 0.0606075 5 
0.0503297 0.0591235 5 
3.09532 3.33044 6 
3.02805 3.17676 6 
2.93239 3.18103 6 
2.89793 3.17619 6 
1.49386 1.533 6 
1.36566 1.41529 6 
1.3498 1.4069 6 
0.265321 0.302987 6 
0.248611 0.266602 6 
0.205741 0.276859 6 
0.136355 0.162464 6 
0.120052 0.135516 6 
0.119205 0.135517 6 
0.117814 0.121 6 
0.0914302 0.107592 6 
0.0761636 0.0769909 6 
0.0591254 0.0646507 6 
1.276 1.29941 7 
1.25451 1.2958 7 
0.328723 0.329805 7 
0.244135 0.303401 7 
0.151747 0.161135 7 
0.143861 0.155042 7 
0.0929328 0.093209 7 
2.08081 2.16826 8 
1.86667 1.89036 8 
1.10371 1.12029 8 
0.255495 0.291262 8 
0.197956 0.20056 8 
0.0956297 0.101909 8 
0.0597646 0.063861 8 
1.54726 1.7207 9 
1.54221 1.79854 9 
0.920367 0.985658 9 
0.208912 0.243047 9 
1.51311 1.75272 10 
1.513 1.68941 10 
0.782521 0.861867 10 
0.116954 0.117714 10 
0.691825 0.696205 11 
0.360091 0.363415 11 
0.138935 0.140025 11 
0.844544 0.871325 12 
0.822241 0.839012 12 
0.708873 0.85136 12 
0.703709 0.827784 12 
0.365886 0.399898 12 
0.349926 0.417001 12 
0.319302 0.393727 12 
0.849957 0.937999 13 
0.788389 0.83016 13 
0.262937 0.30957 13 
1.5107 1.63469 14 
1.51036 1.64113 14 
1.50735 1.61344 14 
1.01309 1.01871 14 
0.418889 0.422589 14 
0.178188 0.198131 14 
2.21735 2.22625 15 
1.53258 1.66857 15 
1.51413 1.72518 15 
1.51229 1.67705 15 
1.08035 1.11147 15 
1.18476 1.24765 16 
0.353885 0.357659 20 
0.222532 0.224567 20 
0.211986 0.227437 20 
