0 0.0474232 1 
0 0.0498979 1 
0 0.0498997 1 
0 0.0499015 1 
0 0.0499069 1 
0 0.0522693 1 
0 0.0530233 1 
0 0.0530309 1 
0 0.0530317 1 
0 0.0552526 1 
0 0.0552591 1 
0 0.0559792 1 
0 0.0559792 1 
0 0.0559792 1 
0 0.0559792 1 
0 0.0559808 1 
0 0.0580906 1 
0 0.0587806 1 
0 0.0601279 1 
0 0.0601294 1 
0 0.0614529 1 
0 0.06274 1 
0 0.0627443 1 
0 0.0640082 1 
0 0.0652573 1 
0 0.0658654 1 
0 0.0664707 1 
0 0.0670759 1 
0 0.0670759 1 
0 0.0717125 1 
0 0.0728135 1 
0 0.0728187 1 
0 0.0755244 1 
0 0.0755244 1 
0 0.0791654 1 
0 0.0796663 1 
0 0.079668 1 
0 0.0801686 1 
0 0.0869055 1 
0 0.0873641 1 
0 0.0878265 1 
0 0.089634 1 
0 0.0905252 1 
0 0.0914117 1 
0 0.0922836 1 
0 0.0927178 1 
0 0.0927265 1 
0 0.0952743 1 
0 0.0961142 1 
0 0.0961189 1 
0 0.0961235 1 
0 0.0961244 1 
0 0.0969514 1 
0 0.0973664 1 
0 0.100613 1 
0 0.101804 1 
0 0.103366 1 
0 0.103762 1 
0 0.105673 1 
0 0.10681 1 
0 0.107558 1 
0 0.107564 1 
0 0.109419 1 
0 0.110146 1 
0 0.110865 1 
0 0.111233 1 
0 0.112308 1 
0 0.113024 1 
0 0.114082 1 
0 0.118233 1 
0 0.11891 1 
0 0.121584 1 
0 0.127706 1 
0 0.128021 1 
0 0.128645 1 
0 0.132644 1 
0 0.136232 1 
0 0.140871 1 
0 0.14701 1 
0 0.151051 1 
0 0.153952 1 
0 0.155249 1 
0 0.157558 1 
0 0.161342 1 
0 0.161342 1 
0 0.166244 1 
0 0.181711 1 
0 0.181718 1 
0 0.184132 1 
0 0.18435 1 
0 0.186944 1 
0 0.194528 1 
0 0.219371 1 
0 0.223366 1 
0 0.227104 1 
0 0.230443 1 
0 0.242678 1 
0 0.257138 1 
0 0.272609 1 
0 0.358563 1 
0 0.38594 1 
0 0.38698 1 
0 0.419933 1 
0 0.453911 1 
0 0.456546 1 
0 0.481195 1 
0 0.494546 1 
0 0.518578 1 
0 0.527802 1 
0 0.570291 1 
0 0.671348 1 
0 0.682634 1 
0 0.686944 1 
0 0.699679 1 
0 0.752716 1 
0 0.79133 1 
0 0.830142 1 
0 0.855058 1 
0 0.877126 1 
0 0.910524 1 
0 0.996417 1 
0 1.05546 1 
0 1.2484 1 
0 1.88712 1 
0 2.29433 1 
0 2.95367 1 
0 3.64502 1 
0 3.96902 1 
0 4.76691 1 
0 5.1185 1 
0 5.20025 1 
0 inf 1 
0 0.0237173 2 
0 0.0283466 2 
0 0.0347174 2 
0 0.0369624 2 
0 0.0380282 2 
0 0.044822 2 
0 0.0457068 2 
0 0.0490905 2 
0 0.0530216 2 
0 0.0559696 2 
0 0.0559728 2 
0 0.0566854 2 
0 0.0574001 2 
0 0.0607903 2 
0 0.0633879 2 
0 0.0652573 2 
0 0.0658681 2 
0 0.0664734 2 
0 0.0664802 2 
0 0.0688387 2 
0 0.0700058 2 
0 0.070008 2 
0 0.073364 2 
0 0.0749874 2 
0 0.0831186 2 
0 0.0836012 2 
0 0.0836087 2 
0 0.083613 2 
0 0.0854992 2 
0 0.0855034 2 
0 0.0859736 2 
0 0.0859809 2 
0 0.0869055 2 
0 0.0887389 2 
0 0.0905272 2 
0 0.0909617 2 
0 0.0909774 2 
0 0.0948577 2 
0 0.0957026 2 
0 0.0957041 2 
0 0.0961198 2 
0 0.0977829 2 
0 0.0985973 2 
0 0.103758 2 
0 0.10567 2 
0 0.106816 2 
0 0.109038 2 
0 0.109043 2 
0 0.109043 2 
0 0.110506 2 
0 0.111236 2 
0 0.112674 2 
0 0.114083 2 
0 0.114433 2 
0 0.114786 2 
0 0.118238 2 
0 0.125164 2 
0 0.126125 2 
0 0.126444 2 
0 0.128648 2 
0 0.128963 2 
0 0.13081 2 
0 0.133854 2 
0 0.135048 2 
0 0.142294 2 
0 0.142294 2 
0 0.149718 2 
0 0.150514 2 
0 0.158321 2 
0 0.161338 2 
0 0.161339 2 
0 0.161339 2 
0 0.162826 2 
0 0.166721 2 
0 0.185435 2 
0 0.186949 2 
0 0.190143 2 
0 0.19203 2 
0 0.228344 2 
0 0.228346 2 
0 0.238324 2 
0 0.248239 2 
0 0.249528 2 
0 0.266798 2 
0 0.27844 2 
0 0.281881 2 
0 0.288878 2 
0 0.303866 2 
0 0.324043 2 
0 0.338475 2 
0 0.347954 2 
0 0.349795 2 
0 0.35475 2 
0 0.354813 2 
0 0.375857 2 
0 0.395689 2 
0 0.406766 2 
0 0.465746 2 
0 0.466957 2 
0 0.467811 2 
0 0.589949 2 
0 0.590905 2 
0 0.592534 2 
0 0.634439 2 
0 0.639748 2 
0 0.682317 2 
0 0.705065 2 
0 0.716343 2 
0 0.738388 2 
0 0.744881 2 
0 0.747951 2 
0 0.761362 2 
0 1.00818 2 
0 1.06994 2 
0 1.07432 2 
0 1.59924 2 
0 1.65074 2 
0 2.45607 2 
0 2.60647 2 
0 2.79699 2 
0 2.91652 2 
0 3.08124 2 
0 3.08374 2 
0 3.97651 2 
0 4.40588 2 
0 4.59286 2 
0 4.62747 2 
0 inf 2 
0 0.044812 3 
0 0.0490942 3 
0 0.0499015 3 
0 0.0545196 3 
0 0.0559808 3 
0 0.0580859 3 
0 0.059458 3 
0 0.0607889 3 
0 0.06145 3 
0 0.0627486 3 
0 0.0658654 3 
0 0.0664802 3 
0 0.0676677 3 
0 0.0694297 3 
0 0.0700042 3 
0 0.0705816 3 
0 0.0733652 3 
0 0.0733652 3 
0 0.0733652 3 
0 0.076054 3 
0 0.07658 3 
0 0.0796607 3 
0 0.0796652 3 
0 0.0811716 3 
0 0.0826321 3 
0 0.0854981 3 
0 0.0869061 3 
0 0.0922867 3 
0 0.0922867 3 
0 0.0944317 3 
0 0.0977778 3 
0 0.0977815 3 
0 0.0981857 3 
0 0.0981911 3 
0 0.0986036 3 
0 0.0986036 3 
0 0.0994055 3 
0 0.0994055 3 
0 0.104145 3 
0 0.106057 3 
0 0.106818 3 
0 0.107554 3 
0 0.108312 3 
0 0.108673 3 
0 0.113021 3 
0 0.114435 3 
0 0.11548 3 
0 0.122244 3 
0 0.124198 3 
0 0.130203 3 
0 0.130203 3 
0 0.130203 3 
0 0.131427 3 
0 0.140011 3 
0 0.141999 3 
0 0.152108 3 
0 0.158575 3 
0 0.174267 3 
0 0.178816 3 
0 0.178816 3 
0 0.182373 3 
0 0.182377 3 
0 0.182817 3 
0 0.183473 3 
0 0.184348 3 
0 0.185865 3 
0 0.185867 3 
0 0.190992 3 
0 0.199422 3 
0 0.215681 3 
0 0.220648 3 
0 0.230744 3 
0 0.236807 3 
0 0.237484 3 
0 0.284857 3 
0 0.303293 3 
0 0.316683 3 
0 0.336678 3 
0 0.338656 3 
0 0.338713 3 
0 0.356283 3 
0 0.366014 3 
0 0.368265 3 
0 0.370002 3 
0 0.372598 3 
0 0.381439 3 
0 0.394696 3 
0 0.397943 3 
0 0.472427 3 
0 0.513504 3 
0 0.515842 3 
0 0.518597 3 
0 0.533525 3 
0 0.544785 3 
0 0.570491 3 
0 0.571285 3 
0 0.589262 3 
0 0.589536 3 
0 0.602514 3 
0 0.623781 3 
0 0.623782 3 
0 0.623805 3 
0 0.655417 3 
0 0.704868 3 
0 0.738762 3 
0 0.746129 3 
0 1.0122 3 
0 1.07249 3 
0 1.42409 3 
0 1.50271 3 
0 2.11718 3 
0 2.27485 3 
0 2.45373 3 
0 2.47152 3 
0 2.48096 3 
0 2.48108 3 
0 2.48108 3 
0 2.48292 3 
0 2.48369 3 
0 3.72253 3 
0 4.09676 3 
0 4.16157 3 
0 4.16168 3 
0 inf 3 
0 0.0283435 4 
0 0.0390695 4 
0 0.0390695 4 
0 0.0400882 4 
0 0.0420368 4 
0 0.0420453 4 
0 0.0514869 4 
0 0.0601308 4 
0 0.0607918 4 
0 0.064012 4 
0 0.0646406 4 
0 0.0682583 4 
0 0.0682583 4 
0 0.0733652 4 
0 0.0744538 4 
0 0.0744538 4 
0 0.0744562 4 
0 0.0749886 4 
0 0.0755185 4 
0 0.0760529 4 
0 0.0760545 4 
0 0.0776294 4 
0 0.0781482 4 
0 0.083124 4 
0 0.0850284 4 
0 0.0855128 4 
0 0.0868993 4 
0 0.0882793 4 
0 0.0891824 4 
0 0.0909774 4 
0 0.0918468 4 
0 0.0931478 4 
0 0.0961179 4 
0 0.0998188 4 
0 0.0998188 4 
0 0.100211 4 
0 0.100212 4 
0 0.10062 4 
0 0.101004 4 
0 0.101801 4 
0 0.109776 4 
0 0.111233 4 
0 0.111235 4 
0 0.112318 4 
0 0.114081 4 
0 0.117559 4 
0 0.124197 4 
0 0.126449 4 
0 0.127394 4 
0 0.12865 4 
0 0.131123 4 
0 0.132344 4 
0 0.160083 4 
0 0.176328 4 
0 0.203014 4 
0 0.20829 4 
0 0.217165 4 
0 0.21735 4 
0 0.218644 4 
0 0.223186 4 
0 0.230047 4 
0 0.269744 4 
0 0.276847 4 
0 0.282695 4 
0 0.289339 4 
0 0.292647 4 
0 0.297216 4 
0 0.303632 4 
0 0.307415 4 
0 0.323804 4 
0 0.332244 4 
0 0.335496 4 
0 0.337167 4 
0 0.337168 4 
0 0.358959 4 
0 0.393208 4 
0 0.416102 4 
0 0.419469 4 
0 0.447 4 
0 0.447001 4 
0 0.464263 4 
0 0.477605 4 
0 0.494187 4 
0 0.499041 4 
0 0.521688 4 
0 0.52192 4 
0 0.523763 4 
0 0.53454 4 
0 0.54193 4 
0 0.54193 4 
0 0.576521 4 
0 0.629166 4 
0 0.641304 4 
0 0.656148 4 
0 0.659079 4 
0 0.705394 4 
0 0.754951 4 
0 1.00838 4 
0 1.01775 4 
0 1.03549 4 
0 1.07219 4 
0 1.31686 4 
0 1.4226 4 
0 1.78035 4 
0 1.85002 4 
0 1.85021 4 
0 1.85021 4 
0 2.00497 4 
0 2.01291 4 
0 2.01386 4 
0 2.01418 4 
0 2.0879 4 
0 2.21106 4 
0 2.2113 4 
0 2.21333 4 
0 2.80505 4 
0 2.87758 4 
0 2.98487 4 
0 3.0733 4 
0 inf 4 
0 0.0420432 5 
0 0.0499069 5 
0 0.0499069 5 
0 0.0499087 5 
0 0.0545229 5 
0 0.0587714 5 
0 0.060794 5 
0 0.0627357 5 
0 0.0633723 5 
0 0.0633822 5 
0 0.0646281 5 
0 0.0694258 5 
0 0.0700016 5 
0 0.0733689 5 
0 0.0739103 5 
0 0.0739139 5 
0 0.0744599 5 
0 0.0765882 5 
0 0.0776236 5 
0 0.078651 5 
0 0.0826375 5 
0 0.0855044 5 
0 0.0855055 5 
0 0.0859746 5 
0 0.0882793 5 
0 0.0882813 5 
0 0.089183 5 
0 0.089625 5 
0 0.0900807 5 
0 0.0977778 5 
0 0.0981857 5 
0 0.103368 5 
0 0.10376 5 
0 0.106805 5 
0 0.106812 5 
0 0.106812 5 
0 0.107552 5 
0 0.107555 5 
0 0.108307 5 
0 0.110143 5 
0 0.110144 5 
0 0.112669 5 
0 0.11479 5 
0 0.115138 5 
0 0.117898 5 
0 0.117898 5 
0 0.16576 5 
0 0.173812 5 
0 0.176721 5 
0 0.178367 5 
0 0.178592 5 
0 0.202416 5 
0 0.202624 5 
0 0.215487 5 
0 0.21623 5 
0 0.216787 5 
0 0.245258 5 
0 0.2692 5 
0 0.301988 5 
0 0.308713 5 
0 0.313864 5 
0 0.325531 5 
0 0.352774 5 
0 0.378749 5 
0 0.384141 5 
0 0.386643 5 
0 0.386643 5 
0 0.414998 5 
0 0.419174 5 
0 0.421812 5 
0 0.430681 5 
0 0.434203 5 
0 0.438837 5 
0 0.450191 5 
0 0.455609 5 
0 0.456578 5 
0 0.45772 5 
0 0.459581 5 
0 0.461673 5 
0 0.524966 5 
0 0.527943 5 
0 0.528855 5 
0 0.603353 5 
0 0.615156 5 
0 0.633728 5 
0 0.659477 5 
0 0.675187 5 
0 0.675484 5 
0 0.675484 5 
0 0.755893 5 
0 0.785825 5 
0 0.955937 5 
0 0.958833 5 
0 0.977709 5 
0 0.977874 5 
0 1.03183 5 
0 1.31534 5 
0 1.41433 5 
0 1.42868 5 
0 1.43339 5 
0 1.57578 5 
0 1.61092 5 
0 1.61094 5 
0 1.61129 5 
0 1.72238 5 
0 1.7726 5 
0 1.86982 5 
0 1.87388 5 
0 1.87893 5 
0 1.88072 5 
0 1.90384 5 
0 1.92388 5 
0 1.92471 5 
0 1.92471 5 
0 1.92605 5 
0 inf 5 
0 0.0429873 6 
0 0.0465729 6 
0 0.0530317 6 
0 0.063378 6 
0 0.0640096 6 
0 0.0664707 6 
0 0.0664748 6 
0 0.0688452 6 
0 0.0705746 6 
0 0.0711417 6 
0 0.0733683 6 
0 0.0836033 6 
0 0.0836044 6 
0 0.083606 6 
0 0.0869014 6 
0 0.0878152 6 
0 0.0878295 6 
0 0.0882813 6 
0 0.0887277 6 
0 0.0927139 6 
0 0.0931478 6 
0 0.094854 6 
0 0.101005 6 
0 0.101408 6 
0 0.102201 6 
0 0.10681 6 
0 0.109043 6 
0 0.11159 6 
0 0.125163 6 
0 0.126444 6 
0 0.128959 6 
0 0.135045 6 
0 0.139442 6 
0 0.148638 6 
0 0.15576 6 
0 0.160846 6 
0 0.163073 6 
0 0.169119 6 
0 0.180381 6 
0 0.182375 6 
0 0.188873 6 
0 0.190149 6 
0 0.190151 6 
0 0.201024 6 
0 0.202424 6 
0 0.202815 6 
0 0.212673 6 
0 0.234077 6 
0 0.27054 6 
0 0.287118 6 
0 0.296775 6 
0 0.301947 6 
0 0.310539 6 
0 0.313627 6 
0 0.322098 6 
0 0.323896 6 
0 0.323896 6 
0 0.327841 6 
0 0.368589 6 
0 0.374322 6 
0 0.395095 6 
0 0.41609 6 
0 0.419264 6 
0 0.422604 6 
0 0.45669 6 
0 0.457315 6 
0 0.465672 6 
0 0.470989 6 
0 0.471538 6 
0 0.472815 6 
0 0.472815 6 
0 0.473579 6 
0 0.513589 6 
0 0.51919 6 
0 0.521577 6 
0 0.52166 6 
0 0.523504 6 
0 0.53728 6 
0 0.60222 6 
0 0.620919 6 
0 0.636258 6 
0 0.655416 6 
0 0.656885 6 
0 0.657191 6 
0 0.658851 6 
0 0.695682 6 
0 0.768867 6 
0 0.780649 6 
0 0.785356 6 
0 0.877864 6 
0 0.957551 6 
0 0.959522 6 
0 0.968066 6 
0 0.975506 6 
0 1.03869 6 
0 1.17198 6 
0 1.19294 6 
0 1.44113 6 
0 1.6435 6 
0 1.6447 6 
0 1.64846 6 
0 1.64878 6 
0 1.69674 6 
0 1.69712 6 
0 1.69712 6 
0 1.70392 6 
0 1.86918 6 
0 1.86926 6 
0 1.8704 6 
0 1.87178 6 
0 1.87535 6 
0 inf 6 
0 0.0465691 7 
0 0.0545295 7 
0 0.0594595 7 
0 0.0658736 7 
0 0.0682531 7 
0 0.071148 7 
0 0.0722601 7 
0 0.0728148 7 
0 0.0733658 7 
0 0.0739115 7 
0 0.0744526 7 
0 0.0744599 7 
0 0.075522 7 
0 0.0806678 7 
0 0.0922789 7 
0 0.092712 7 
0 0.0961217 7 
0 0.105294 7 
0 0.10643 7 
0 0.106435 7 
0 0.114083 7 
0 0.115137 7 
0 0.11721 7 
0 0.125163 7 
0 0.127705 7 
0 0.131427 7 
0 0.132341 7 
0 0.139724 7 
0 0.148636 7 
0 0.165527 7 
0 0.173572 7 
0 0.174495 7 
0 0.177233 7 
0 0.177236 7 
0 0.178139 7 
0 0.182381 7 
0 0.187797 7 
0 0.195349 7 
0 0.197801 7 
0 0.209436 7 
0 0.217529 7 
0 0.225685 7 
0 0.229918 7 
0 0.235443 7 
0 0.241673 7 
0 0.251467 7 
0 0.271868 7 
0 0.274221 7 
0 0.274959 7 
0 0.347654 7 
0 0.353156 7 
0 0.356965 7 
0 0.361253 7 
0 0.362545 7 
0 0.384063 7 
0 0.38947 7 
0 0.400727 7 
0 0.411117 7 
0 0.4133 7 
0 0.418093 7 
0 0.43867 7 
0 0.439033 7 
0 0.446292 7 
0 0.452007 7 
0 0.460281 7 
0 0.463168 7 
0 0.467314 7 
0 0.471421 7 
0 0.485604 7 
0 0.486233 7 
0 0.490183 7 
0 0.491493 7 
0 0.498227 7 
0 0.604882 7 
0 0.612859 7 
0 0.625333 7 
0 0.669233 7 
0 0.673064 7 
0 0.673839 7 
0 0.69308 7 
0 0.863382 7 
0 0.94028 7 
0 0.993988 7 
0 0.99613 7 
0 0.997126 7 
0 0.998624 7 
0 1.00532 7 
0 1.05645 7 
0 1.06735 7 
0 1.07247 7 
0 1.0829 7 
0 1.14485 7 
0 1.36559 7 
0 1.36791 7 
0 1.36827 7 
0 1.37262 7 
0 1.41763 7 
0 1.42116 7 
0 1.42958 7 
0 1.43026 7 
0 1.44137 7 
0 1.45858 7 
0 1.86731 7 
0 1.86763 7 
0 1.86787 7 
0 1.86787 7 
0 1.87227 7 
0 inf 7 
0 0.0627443 8 
0 0.0658641 8 
0 0.0717025 8 
0 0.0728128 8 
0 0.0728148 8 
0 0.0765882 8 
0 0.0771024 8 
0 0.0791564 8 
0 0.0791564 8 
0 0.0796623 8 
0 0.0796626 8 
0 0.0801686 8 
0 0.0806692 8 
0 0.0836018 8 
0 0.0840842 8 
0 0.0864414 8 
0 0.09736 8 
0 0.0973738 8 
0 0.0985955 8 
0 0.106436 8 
0 0.118912 8 
0 0.12896 8 
0 0.13385 8 
0 0.138571 8 
0 0.142003 8 
0 0.152378 8 
0 0.154727 8 
0 0.156283 8 
0 0.175872 8 
0 0.178815 8 
0 0.183471 8 
0 0.197804 8 
0 0.209446 8 
0 0.218639 8 
0 0.231305 8 
0 0.235432 8 
0 0.23833 8 
0 0.274947 8 
0 0.281445 8 
0 0.288373 8 
0 0.290594 8 
0 0.302117 8 
0 0.311426 8 
0 0.317557 8 
0 0.320579 8 
0 0.354137 8 
0 0.354366 8 
0 0.378798 8 
0 0.386156 8 
0 0.389472 8 
0 0.408173 8 
0 0.409392 8 
0 0.410177 8 
0 0.414036 8 
0 0.414036 8 
0 0.434524 8 
0 0.442394 8 
0 0.46127 8 
0 0.474999 8 
0 0.480382 8 
0 0.519837 8 
0 0.521072 8 
0 0.523533 8 
0 0.592244 8 
0 0.603278 8 
0 0.607264 8 
0 0.611554 8 
0 0.623375 8 
0 0.62691 8 
0 0.627102 8 
0 0.631835 8 
0 0.631837 8 
0 0.64368 8 
0 0.659034 8 
0 0.669439 8 
0 0.693315 8 
0 0.784691 8 
0 0.863673 8 
0 0.925346 8 
0 0.974846 8 
0 0.97824 8 
0 0.98023 8 
0 0.983666 8 
0 0.998175 8 
0 0.999542 8 
0 0.999984 8 
0 1.02917 8 
0 1.04159 8 
0 1.13311 8 
0 1.16704 8 
0 1.20776 8 
0 1.40873 8 
0 1.41878 8 
0 1.4192 8 
0 1.42031 8 
0 1.43339 8 
0 1.44187 8 
0 1.47537 8 
0 1.86574 8 
0 1.86586 8 
0 1.86593 8 
0 1.87188 8 
0 1.96485 8 
0 inf 8 
0 0.0566924 9 
0 0.0771094 9 
0 0.0855054 9 
0 0.089185 9 
0 0.0931435 9 
0 0.0957031 9 
0 0.102585 9 
0 0.110146 9 
0 0.11408 9 
0 0.114081 9 
0 0.116182 9 
0 0.116872 9 
0 0.118562 9 
0 0.122908 9 
0 0.123559 9 
0 0.127699 9 
0 0.127709 9 
0 0.128332 9 
0 0.168632 9 
0 0.169833 9 
0 0.17217 9 
0 0.174253 9 
0 0.175186 9 
0 0.182595 9 
0 0.18652 9 
0 0.195971 9 
0 0.216604 9 
0 0.227464 9 
0 0.235276 9 
0 0.250011 9 
0 0.251629 9 
0 0.253378 9 
0 0.263273 9 
0 0.264643 9 
0 0.265702 9 
0 0.272483 9 
0 0.294705 9 
0 0.315247 9 
0 0.323445 9 
0 0.328374 9 
0 0.333699 9 
0 0.336679 9 
0 0.352998 9 
0 0.370869 9 
0 0.410363 9 
0 0.411536 9 
0 0.442025 9 
0 0.44212 9 
0 0.457702 9 
0 0.461635 9 
0 0.467617 9 
0 0.468545 9 
0 0.482114 9 
0 0.482117 9 
0 0.486098 9 
0 0.486231 9 
0 0.486232 9 
0 0.584088 9 
0 0.603952 9 
0 0.604385 9 
0 0.608915 9 
0 0.615135 9 
0 0.62525 9 
0 0.63948 9 
0 0.64268 9 
0 0.655062 9 
0 0.656981 9 
0 0.658447 9 
0 0.666241 9 
0 0.667292 9 
0 0.668845 9 
0 0.669338 9 
0 0.692547 9 
0 0.75468 9 
0 0.835702 9 
0 0.840173 9 
0 0.842322 9 
0 0.936513 9 
0 0.937714 9 
0 0.947092 9 
0 0.971187 9 
0 1.01284 9 
0 1.01422 9 
0 1.016 9 
0 1.02326 9 
0 1.0242 9 
0 1.10551 9 
0 1.14672 9 
0 1.16782 9 
0 1.41731 9 
0 1.41867 9 
0 1.42688 9 
0 1.42747 9 
0 1.4277 9 
0 1.86814 9 
0 1.86814 9 
0 1.86898 9 
0 1.88363 9 
0 1.89053 9 
0 inf 9 
0 0.0474383 10 
0 0.0614474 10 
0 0.0652627 10 
0 0.0873682 10 
0 0.089627 10 
0 0.0900847 10 
0 0.0905322 10 
0 0.0935758 10 
0 0.0935761 10 
0 0.0940055 10 
0 0.0965322 10 
0 0.104139 10 
0 0.117212 10 
0 0.134154 10 
0 0.135338 10 
0 0.148641 10 
0 0.164536 10 
0 0.177458 10 
0 0.178586 10 
0 0.179486 10 
0 0.192445 10 
0 0.213408 10 
0 0.222636 10 
0 0.222857 10 
0 0.228342 10 
0 0.230972 10 
0 0.244156 10 
0 0.2458 10 
0 0.264378 10 
0 0.264536 10 
0 0.267955 10 
0 0.276876 10 
0 0.278467 10 
0 0.278589 10 
0 0.284956 10 
0 0.286 10 
0 0.287681 10 
0 0.353062 10 
0 0.357298 10 
0 0.369082 10 
0 0.377475 10 
0 0.384976 10 
0 0.387471 10 
0 0.389725 10 
0 0.389727 10 
0 0.393267 10 
0 0.396522 10 
0 0.440846 10 
0 0.443736 10 
0 0.462807 10 
0 0.503761 10 
0 0.504346 10 
0 0.505954 10 
0 0.509242 10 
0 0.511089 10 
0 0.517321 10 
0 0.56796 10 
0 0.574711 10 
0 0.581588 10 
0 0.607304 10 
0 0.608196 10 
0 0.609689 10 
0 0.619183 10 
0 0.631268 10 
0 0.631968 10 
0 0.643864 10 
0 0.644028 10 
0 0.647411 10 
0 0.72431 10 
0 0.738272 10 
0 0.752484 10 
0 0.829282 10 
0 0.829282 10 
0 0.962491 10 
0 0.973282 10 
0 0.998979 10 
0 0.999582 10 
0 1.03186 10 
0 1.07637 10 
0 1.08603 10 
0 1.11621 10 
0 1.11621 10 
0 1.11652 10 
0 1.12882 10 
0 1.1345 10 
0 1.42245 10 
0 1.42373 10 
0 1.4316 10 
0 1.54871 10 
0 1.54988 10 
0 1.88585 10 
0 1.88612 10 
0 1.89479 10 
0 1.89498 10 
0 1.90163 10 
0 inf 10 
0 0.0664726 11 
0 0.0791655 11 
0 0.0977786 11 
0 0.107556 11 
0 0.111226 11 
0 0.116176 11 
0 0.125485 11 
0 0.128338 11 
0 0.138282 11 
0 0.138857 11 
0 0.144533 11 
0 0.147561 11 
0 0.150781 11 
0 0.152898 11 
0 0.168875 11 
0 0.173363 11 
0 0.174267 11 
0 0.17632 11 
0 0.179032 11 
0 0.182588 11 
0 0.185209 11 
0 0.200832 11 
0 0.201223 11 
0 0.213802 11 
0 0.221377 11 
0 0.22564 11 
0 0.234203 11 
0 0.2354 11 
0 0.235642 11 
0 0.24793 11 
0 0.252596 11 
0 0.262048 11 
0 0.262554 11 
0 0.281476 11 
0 0.281476 11 
0 0.287826 11 
0 0.34161 11 
0 0.342017 11 
0 0.344538 11 
0 0.383304 11 
0 0.390691 11 
0 0.405437 11 
0 0.406626 11 
0 0.408496 11 
0 0.427896 11 
0 0.429212 11 
0 0.44846 11 
0 0.450248 11 
0 0.464278 11 
0 0.467125 11 
0 0.476161 11 
0 0.484194 11 
0 0.537057 11 
0 0.593795 11 
0 0.607135 11 
0 0.617953 11 
0 0.618278 11 
0 0.639859 11 
0 0.744222 11 
0 0.757971 11 
0 0.778254 11 
0 0.780265 11 
0 0.78155 11 
0 0.873915 11 
0 0.885435 11 
0 0.917491 11 
0 0.935915 11 
0 0.938183 11 
0 0.938569 11 
0 0.938628 11 
0 0.955256 11 
0 1.00994 11 
0 1.01093 11 
0 1.05081 11 
0 1.05082 11 
0 1.05276 11 
0 1.06003 11 
0 1.13287 11 
0 1.13287 11 
0 1.38131 11 
0 1.38378 11 
0 1.43392 11 
0 1.43493 11 
0 1.45523 11 
0 1.45564 11 
0 1.4629 11 
0 1.86707 11 
0 1.86776 11 
0 1.8748 11 
0 1.92201 11 
0 1.92301 11 
0 inf 11 
0 0.0705803 12 
0 0.0733688 12 
0 0.0765814 12 
0 0.0864359 12 
0 0.096543 12 
0 0.0973653 12 
0 0.13415 12 
0 0.13623 12 
0 0.14115 12 
0 0.143413 12 
0 0.151849 12 
0 0.177937 12 
0 0.203599 12 
0 0.21116 12 
0 0.215675 12 
0 0.216368 12 
0 0.219319 12 
0 0.228692 12 
0 0.228696 12 
0 0.234759 12 
0 0.239959 12 
0 0.242125 12 
0 0.255903 12 
0 0.257156 12 
0 0.270552 12 
0 0.272158 12 
0 0.280453 12 
0 0.28401 12 
0 0.304163 12 
0 0.305085 12 
0 0.315143 12 
0 0.315143 12 
0 0.316768 12 
0 0.320094 12 
0 0.325075 12 
0 0.347146 12 
0 0.37689 12 
0 0.377209 12 
0 0.379757 12 
0 0.386063 12 
0 0.393365 12 
0 0.394589 12 
0 0.403463 12 
0 0.422431 12 
0 0.448077 12 
0 0.452448 12 
0 0.492489 12 
0 0.557963 12 
0 0.572377 12 
0 0.581515 12 
0 0.588724 12 
0 0.618016 12 
0 0.622748 12 
0 0.650505 12 
0 0.655782 12 
0 0.657067 12 
0 0.663529 12 
0 0.715468 12 
0 0.754151 12 
0 0.755853 12 
0 0.778367 12 
0 0.821457 12 
0 0.834951 12 
0 0.890093 12 
0 0.941263 12 
0 0.945138 12 
0 0.948334 12 
0 0.97292 12 
0 0.997088 12 
0 1.00547 12 
0 1.03586 12 
0 1.03629 12 
0 1.04054 12 
0 1.12121 12 
0 1.1713 12 
0 1.21126 12 
0 1.21135 12 
0 1.41867 12 
0 1.41867 12 
0 1.43238 12 
0 1.43294 12 
0 1.43353 12 
0 1.86892 12 
0 1.86892 12 
0 1.87406 12 
0 1.87969 12 
0 1.88091 12 
0 inf 12 
0 0.0358625 13 
0 0.122565 13 
0 0.132641 13 
0 0.132641 13 
0 0.154726 13 
0 0.166725 13 
0 0.174037 13 
0 0.180385 13 
0 0.194466 13 
0 0.200969 13 
0 0.206537 13 
0 0.213992 13 
0 0.224999 13 
0 0.227291 13 
0 0.231838 13 
0 0.234592 13 
0 0.235449 13 
0 0.242459 13 
0 0.259629 13 
0 0.265745 13 
0 0.296747 13 
0 0.311437 13 
0 0.314933 13 
0 0.337288 13 
0 0.337295 13 
0 0.337318 13 
0 0.351859 13 
0 0.366748 13 
0 0.367714 13 
0 0.367716 13 
0 0.367716 13 
0 0.367716 13 
0 0.397534 13 
0 0.399952 13 
0 0.401666 13 
0 0.403452 13 
0 0.411154 13 
0 0.465834 13 
0 0.465834 13 
0 0.466953 13 
0 0.490041 13 
0 0.493967 13 
0 0.506885 13 
0 0.513508 13 
0 0.519727 13 
0 0.532555 13 
0 0.5813 13 
0 0.588764 13 
0 0.60525 13 
0 0.610624 13 
0 0.620607 13 
0 0.63793 13 
0 0.638497 13 
0 0.643526 13 
0 0.652419 13 
0 0.662943 13 
0 0.738544 13 
0 0.77018 13 
0 0.77018 13 
0 0.770388 13 
0 0.849458 13 
0 0.921989 13 
0 0.931568 13 
0 0.9518 13 
0 0.960082 13 
0 0.995233 13 
0 0.996645 13 
0 1.01944 13 
0 1.02133 13 
0 1.0238 13 
0 1.19217 13 
0 1.19258 13 
0 1.20033 13 
0 1.41912 13 
0 1.42409 13 
0 1.43073 13 
0 1.43127 13 
0 1.43186 13 
0 1.86599 13 
0 1.86625 13 
0 1.87741 13 
0 1.87741 13 
0 1.87837 13 
0 inf 13 
0 0.109777 14 
0 0.115133 14 
0 0.15132 14 
0 0.153417 14 
0 0.153423 14 
0 0.16648 14 
0 0.177914 14 
0 0.180542 14 
0 0.186948 14 
0 0.189292 14 
0 0.194324 14 
0 0.198617 14 
0 0.213619 14 
0 0.225285 14 
0 0.238998 14 
0 0.246933 14 
0 0.249204 14 
0 0.253203 14 
0 0.255756 14 
0 0.290621 14 
0 0.292236 14 
0 0.298092 14 
0 0.299236 14 
0 0.301076 14 
0 0.301175 14 
0 0.312982 14 
0 0.317443 14 
0 0.32068 14 
0 0.323075 14 
0 0.340135 14 
0 0.344243 14 
0 0.372939 14 
0 0.373028 14 
0 0.373994 14 
0 0.402353 14 
0 0.404841 14 
0 0.406327 14 
0 0.40721 14 
0 0.408693 14 
0 0.409678 14 
0 0.420525 14 
0 0.426689 14 
0 0.432664 14 
0 0.448165 14 
0 0.564687 14 
0 0.567689 14 
0 0.576605 14 
0 0.577632 14 
0 0.5789 14 
0 0.580131 14 
0 0.582338 14 
0 0.58344 14 
0 0.585439 14 
0 0.587283 14 
0 0.595439 14 
0 0.595847 14 
0 0.937713 14 
0 0.94883 14 
0 0.949465 14 
0 0.949634 14 
0 0.997813 14 
0 0.998095 14 
0 1.00901 14 
0 1.01828 14 
0 1.02076 14 
0 1.063 14 
0 1.0656 14 
0 1.06741 14 
0 1.42107 14 
0 1.43399 14 
0 1.43726 14 
0 1.43793 14 
0 1.4463 14 
0 1.80404 14 
0 1.8666 14 
0 1.86711 14 
0 1.87062 14 
0 1.8719 14 
0 1.87259 14 
0 inf 14 
0 0.0545295 15 
0 0.0717042 15 
0 0.0900832 15 
0 0.121253 15 
0 0.157801 15 
0 0.172811 15 
0 0.173043 15 
0 0.179201 15 
0 0.184501 15 
0 0.185222 15 
0 0.186078 15 
0 0.186515 15 
0 0.200021 15 
0 0.206348 15 
0 0.212676 15 
0 0.21679 15 
0 0.221897 15 
0 0.222279 15 
0 0.225151 15 
0 0.22728 15 
0 0.245464 15 
0 0.263358 15 
0 0.265787 15 
0 0.2665 15 
0 0.268303 15 
0 0.268626 15 
0 0.26909 15 
0 0.269538 15 
0 0.274958 15 
0 0.291548 15 
0 0.296541 15 
0 0.296541 15 
0 0.297684 15 
0 0.30659 15 
0 0.35425 15 
0 0.389367 15 
0 0.440711 15 
0 0.444795 15 
0 0.461339 15 
0 0.467558 15 
0 0.469102 15 
0 0.508942 15 
0 0.513969 15 
0 0.517313 15 
0 0.552901 15 
0 0.593252 15 
0 0.601614 15 
0 0.638263 15 
0 0.64109 15 
0 0.706517 15 
0 0.817588 15 
0 0.817588 15 
0 0.818766 15 
0 0.937669 15 
0 0.957973 15 
0 0.970306 15 
0 0.971299 15 
0 1.00123 15 
0 1.00343 15 
0 1.07637 15 
0 1.09045 15 
0 1.09171 15 
0 1.09174 15 
0 1.09318 15 
0 1.09853 15 
0 1.10028 15 
0 1.42079 15 
0 1.42234 15 
0 1.54039 15 
0 1.54177 15 
0 1.54206 15 
0 1.87906 15 
0 1.88529 15 
0 1.89203 15 
0 1.89458 15 
0 inf 15 
0 0.0627451 16 
0 0.0840806 16 
0 0.092284 16 
0 0.14087 16 
0 0.150247 16 
0 0.162822 16 
0 0.168876 16 
0 0.173737 16 
0 0.174256 16 
0 0.179203 16 
0 0.179204 16 
0 0.179204 16 
0 0.179261 16 
0 0.200224 16 
0 0.206544 16 
0 0.209055 16 
0 0.209631 16 
0 0.210918 16 
0 0.212436 16 
0 0.214879 16 
0 0.228821 16 
0 0.263338 16 
0 0.265012 16 
0 0.266089 16 
0 0.268624 16 
0 0.26939 16 
0 0.269838 16 
0 0.270729 16 
0 0.27113 16 
0 0.295131 16 
0 0.301643 16 
0 0.303766 16 
0 0.367772 16 
0 0.369516 16 
0 0.422235 16 
0 0.435623 16 
0 0.447188 16 
0 0.457576 16 
0 0.462112 16 
0 0.632918 16 
0 0.641365 16 
0 0.646046 16 
0 0.678796 16 
0 0.715048 16 
0 0.774284 16 
0 0.777752 16 
0 0.780073 16 
0 0.806603 16 
0 0.944895 16 
0 0.97534 16 
0 0.998215 16 
0 1.00124 16 
0 1.00317 16 
0 1.01053 16 
0 1.01438 16 
0 1.01517 16 
0 1.05541 16 
0 1.05894 16 
0 1.05905 16 
0 1.06519 16 
0 1.38016 16 
0 1.3906 16 
0 1.3913 16 
0 1.42056 16 
0 1.46135 16 
0 1.46225 16 
0 1.46267 16 
0 1.86539 16 
0 1.95894 16 
0 1.96025 16 
0 1.96107 16 
0 inf 16 
0 0.0776204 17 
0 0.077625 17 
0 0.0905224 17 
0 0.0935857 17 
0 0.112668 17 
0 0.176947 17 
0 0.18165 17 
0 0.19055 17 
0 0.193638 17 
0 0.215627 17 
0 0.218635 17 
0 0.225283 17 
0 0.229521 17 
0 0.229521 17 
0 0.23027 17 
0 0.238326 17 
0 0.238326 17 
0 0.238326 17 
0 0.258103 17 
0 0.258258 17 
0 0.269935 17 
0 0.269969 17 
0 0.283862 17 
0 0.288854 17 
0 0.289794 17 
0 0.292171 17 
0 0.292277 17 
0 0.295287 17 
0 0.296779 17 
0 0.299907 17 
0 0.302573 17 
0 0.34319 17 
0 0.373336 17 
0 0.383003 17 
0 0.383422 17 
0 0.398252 17 
0 0.498006 17 
0 0.705999 17 
0 0.723429 17 
0 0.739902 17 
0 0.739902 17 
0 0.740607 17 
0 0.842079 17 
0 0.875435 17 
0 0.876902 17 
0 0.877268 17 
0 0.919783 17 
0 0.924729 17 
0 0.947401 17 
0 0.9643 17 
0 0.965092 17 
0 1.0101 17 
0 1.01228 17 
0 1.01292 17 
0 1.01292 17 
0 1.29251 17 
0 1.31696 17 
0 1.32292 17 
0 1.32319 17 
0 1.42618 17 
0 1.43115 17 
0 1.43843 17 
0 1.43843 17 
0 1.86567 17 
0 1.89814 17 
0 1.89983 17 
0 1.90068 17 
0 inf 17 
0 0.0998057 18 
0 0.11338 18 
0 0.11548 18 
0 0.119928 18 
0 0.122566 18 
0 0.143418 18 
0 0.160085 18 
0 0.175174 18 
0 0.180594 18 
0 0.185208 18 
0 0.207461 18 
0 0.208041 18 
0 0.212518 18 
0 0.212518 18 
0 0.213567 18 
0 0.219501 18 
0 0.221507 18 
0 0.221588 18 
0 0.225818 18 
0 0.277428 18 
0 0.278151 18 
0 0.297181 18 
0 0.300407 18 
0 0.301243 18 
0 0.30244 18 
0 0.305576 18 
0 0.3125 18 
0 0.387706 18 
0 0.48519 18 
0 0.527402 18 
0 0.577152 18 
0 0.580968 18 
0 0.592604 18 
0 0.608577 18 
0 0.633924 18 
0 0.654868 18 
0 0.689125 18 
0 0.740494 18 
0 0.760465 18 
0 0.760676 18 
0 0.761573 18 
0 0.79015 18 
0 0.862723 18 
0 0.911039 18 
0 0.949295 18 
0 0.971442 18 
0 0.973753 18 
0 1.00115 18 
0 1.00795 18 
0 1.00912 18 
0 1.01458 18 
0 1.01557 18 
0 1.01652 18 
0 1.01676 18 
0 1.01803 18 
0 1.42576 18 
0 1.42576 18 
0 1.42584 18 
0 1.42584 18 
0 1.87398 18 
0 1.87508 18 
0 1.87593 18 
0 2.17447 18 
0 inf 18 
0 0.074461 19 
0 0.0882864 19 
0 0.0969616 19 
0 0.141435 19 
0 0.153686 19 
0 0.154468 19 
0 0.174945 19 
0 0.17904 19 
0 0.189073 19 
0 0.190162 19 
0 0.194525 19 
0 0.204199 19 
0 0.210914 19 
0 0.214875 19 
0 0.219314 19 
0 0.230422 19 
0 0.235082 19 
0 0.24484 19 
0 0.247053 19 
0 0.24939 19 
0 0.269967 19 
0 0.308099 19 
0 0.30823 19 
0 0.318611 19 
0 0.355284 19 
0 0.368601 19 
0 0.371058 19 
0 0.425562 19 
0 0.440756 19 
0 0.440756 19 
0 0.441211 19 
0 0.645803 19 
0 0.64704 19 
0 0.648224 19 
0 0.64903 19 
0 0.681037 19 
0 0.695914 19 
0 0.696376 19 
0 0.707595 19 
0 0.770905 19 
0 0.802276 19 
0 0.802877 19 
0 0.806272 19 
0 0.883832 19 
0 0.905385 19 
0 1.01093 19 
0 1.01093 19 
0 1.12033 19 
0 1.12058 19 
0 1.12234 19 
0 1.42039 19 
0 1.42175 19 
0 1.50173 19 
0 1.77624 19 
0 1.86731 19 
0 1.87253 19 
0 1.87373 19 
0 1.87383 19 
0 3.88463 19 
0 inf 19 
0 0.0896348 20 
0 0.0998101 20 
0 0.100211 20 
0 0.141437 20 
0 0.155766 20 
0 0.164545 20 
0 0.167708 20 
0 0.181734 20 
0 0.185235 20 
0 0.211736 20 
0 0.214564 20 
0 0.233419 20 
0 0.236157 20 
0 0.238862 20 
0 0.245586 20 
0 0.248027 20 
0 0.250175 20 
0 0.283992 20 
0 0.289874 20 
0 0.291669 20 
0 0.300638 20 
0 0.354591 20 
0 0.355498 20 
0 0.356398 20 
0 0.358197 20 
0 0.378853 20 
0 0.386932 20 
0 0.434883 20 
0 0.436358 20 
0 0.437828 20 
0 0.486749 20 
0 0.490777 20 
0 0.493608 20 
0 0.49782 20 
0 0.518997 20 
0 0.55205 20 
0 0.589616 20 
0 0.590705 20 
0 0.657997 20 
0 0.753764 20 
0 0.753764 20 
0 0.753764 20 
0 0.836763 20 
0 0.949688 20 
0 1.03066 20 
0 1.03128 20 
0 1.03439 20 
0 1.10029 20 
0 1.10131 20 
0 1.12757 20 
0 1.43003 20 
0 1.4316 20 
0 1.43329 20 
0 1.90165 20 
0 1.90209 20 
0 inf 20 
