3.93879 6.34025 1 
1.26622 3.14775 1 
0.218689 0.219357 1 
0.152942 0.153756 1 
0.147947 0.149215 1 
0.146252 0.189091 1 
0.143808 0.183151 1 
0.129303 0.152326 1 
0.125792 0.14088 1 
0.107962 0.109106 1 
0.107961 0.109109 1 
0.0985605 0.106497 1 
0.0953353 0.101172 1 
0.0891229 0.101172 1 
0.0755847 0.0762712 1 
0.0751711 0.0883046 1 
0.0734857 0.0753055 1 
0.0734857 0.0764032 1 
0.0719056 0.0751667 1 
0.0717608 0.0768139 1 
0.0683341 0.0689434 1 
0.061087 0.0701424 1 
0.061087 0.0660086 1 
0.0600509 0.0701406 1 
0.0512554 0.0547858 1 
0.0295911 0.0295911 1 
0.0292365 0.029591 1 
0.0281467 0.029591 1 
0.0281465 0.0306295 1 
0.0273959 0.0306294 1 
0.0270128 0.0319618 1 
0.0262295 0.0306295 1 
4.64885 4.75159 2 
3.53538 4.75613 2 
1.00432 4.12495 2 
0.305002 0.310483 2 
0.194954 0.19655 2 
0.185809 0.192849 2 
0.182641 0.186533 2 
0.179587 0.19002 2 
0.168559 0.191226 2 
0.150469 0.161817 2 
0.143448 0.17942 2 
0.129301 0.136604 2 
0.091889 0.101589 2 
0.080395 0.084687 2 
0.0801365 0.0899449 2 
0.0788192 0.0829505 2 
0.0743303 0.0956681 2 
0.0306294 0.0319618 2 
0.0281467 0.0313028 2 
0.026624 0.0270126 2 
3.33322 3.86224 3 
3.23875 3.85502 3 
3.06771 3.86443 3 
0.930427 4.22104 3 
0.204604 0.21445 3 
0.204147 0.206987 3 
0.193665 0.203073 3 
0.191937 0.220448 3 
0.189087 0.190355 3 
0.184399 0.202662 3 
0.176725 0.241869 3 
0.154234 0.156379 3 
0.152532 0.171511 3 
0.150051 0.18793 3 
0.146111 0.148724 3 
0.146111 0.165509 3 
0.0602287 0.0723382 3 
0.0408395 0.0413461 3 
0.0408395 0.0413461 3 
0.852814 4.16365 4 
0.242777 0.272699 4 
0.193393 0.219876 4 
0.188484 0.207593 4 
0.184855 0.229663 4 
0.179818 0.208642 4 
0.168695 0.171878 4 
0.167018 0.167889 4 
0.0933507 0.0951203 4 
0.0711841 0.0778857 4 
0.0559218 0.0591812 4 
2.17537 2.24195 5 
1.99058 2.08378 5 
1.9884 2.07817 5 
1.98731 2.07672 5 
1.91961 1.94695 5 
1.88526 2.0094 5 
1.76089 1.8341 5 
1.67257 1.73399 5 
1.65452 1.67347 5 
1.19494 3.75691 5 
0.189697 0.190789 5 
0.168011 0.204505 5 
0.0820572 0.0874711 5 
0.0588267 0.0622686 5 
3.19771 3.31243 6 
3.19046 3.25969 6 
2.78696 2.84045 6 
2.1178 3.35154 6 
1.96493 2.00339 6 
0.221767 0.249545 6 
0.200952 0.203119 6 
0.175595 0.180686 6 
0.153556 0.179012 6 
0.151097 0.156383 6 
2.62956 2.67446 7 
2.56829 2.60337 7 
2.56736 2.61088 7 
2.52776 2.67063 7 
2.48729 2.78664 7 
2.47853 2.68904 7 
2.23512 2.79232 7 
0.210975 0.22401 7 
0.149843 0.156106 7 
0.0661669 0.0698467 7 
2.31795 3.25722 8 
2.18129 2.22823 8 
2.16889 2.39957 8 
2.02862 2.41447 8 
1.77407 2.44955 8 
0.107269 0.108337 8 
0.0810332 0.0824383 8 
2.38206 2.39048 9 
1.82648 1.94362 9 
1.61783 2.25761 9 
1.45831 2.2646 9 
0.673417 0.746445 9 
2.27868 2.30242 10 
2.26254 2.27692 10 
1.92592 1.98457 10 
1.15157 2.03739 10 
0.167393 0.187151 10 
0.112776 0.114603 10 
2.12338 2.65876 11 
2.1219 2.91038 11 
2.01193 2.04395 11 
1.6603 1.67428 11 
1.53733 1.53878 11 
1.45597 1.78777 11 
0.70824 0.73105 11 
0.453244 0.455 11 
2.0787 2.26012 12 
2.03851 2.18257 12 
1.53705 1.64778 12 
1.50294 1.52963 12 
1.50294 1.53007 12 
1.47917 1.63069 12 
1.36657 1.39216 12 
0.821924 0.83043 12 
0.386352 0.399631 12 
1.61149 1.70239 13 
1.59693 1.67792 13 
1.20756 1.28623 13 
1.15593 1.18965 13 
1.15416 1.30025 13 
0.800374 0.967226 13 
1.00333 1.08368 14 
0.977453 1.08963 14 
0.968108 1.08771 14 
0.730296 1.00983 14 
0.957366 0.968166 15 
0.929831 1.00783 15 
0.904238 0.986432 15 
0.899788 0.97248 15 
0.893285 1.03018 15 
0.644108 0.684535 15 
2.03293 2.43006 16 
2.03264 2.42872 16 
2.03221 2.4287 16 
1.84634 2.03927 17 
1.84418 2.03132 17 
1.84406 2.0355 17 
1.68126 1.70169 17 
1.51055 1.58629 18 
1.0112 1.09669 19 
0.767381 0.917088 20 
