0 0.00920366 1 
0 0.0142692 1 
0 0.0148549 1 
0 0.0159438 1 
0 0.0159464 1 
0 0.0159515 1 
0 0.01647 1 
0 0.0169872 1 
0 0.0179472 1 
0 0.0179472 1 
0 0.0188715 1 
0 0.0193096 1 
0 0.0197463 1 
0 0.0201715 1 
0 0.0209923 1 
0 0.0209982 1 
0 0.0213928 1 
0 0.0213928 1 
0 0.0213947 1 
0 0.023652 1 
0 0.0240081 1 
0 0.0243557 1 
0 0.0247017 1 
0 0.0247067 1 
0 0.0260398 1 
0 0.0260414 1 
0 0.0263653 1 
0 0.0269968 1 
0 0.0282249 1 
0 0.0285283 1 
0 0.0288229 1 
0 0.0302526 1 
0 0.0302566 1 
0 0.0313599 1 
0 0.0313599 1 
0 0.0318927 1 
0 0.0321552 1 
0 0.0324244 1 
0 0.0324244 1 
0 0.0334452 1 
0 0.0334513 1 
0 0.0341956 1 
0 0.034204 1 
0 0.0342112 1 
0 0.0344429 1 
0 0.0349452 1 
0 0.0354195 1 
0 0.0379672 1 
0 0.0381825 1 
0 0.0381868 1 
0 0.0401291 1 
0 0.0401332 1 
0 0.0407627 1 
0 0.0421872 1 
0 0.0425944 1 
0 0.0437642 1 
0 0.0447335 1 
0 0.0460397 1 
0 0.0462246 1 
0 0.0478425 1 
0 0.0488962 1 
0 0.0497507 1 
0 0.0527313 1 
0 0.0535285 1 
0 0.0554007 1 
0 0.0558525 1 
0 0.0561534 1 
0 0.0595296 1 
0 0.0665229 1 
0 0.074001 1 
0 0.0763676 1 
0 0.0781177 1 
0 0.100186 1 
0 0.10737 1 
0 0.108238 1 
0 0.109637 1 
0 0.111624 1 
0 0.113513 1 
0 0.117613 1 
0 0.11933 1 
0 0.121031 1 
0 0.123731 1 
0 0.138404 1 
0 0.138776 1 
0 0.140599 1 
0 0.141858 1 
0 0.143581 1 
0 0.146333 1 
0 0.147414 1 
0 0.157543 1 
0 0.163146 1 
0 0.170616 1 
0 0.180374 1 
0 0.198358 1 
0 0.217209 1 
0 0.219658 1 
0 0.231382 1 
0 0.234008 1 
0 0.234332 1 
0 0.24005 1 
0 0.251907 1 
0 0.276054 1 
0 0.330811 1 
0 0.408087 1 
0 0.413373 1 
0 0.428369 1 
0 0.437021 1 
0 0.472191 1 
0 0.490483 1 
0 0.5079 1 
0 0.541839 1 
0 0.555316 1 
0 0.562961 1 
0 0.565488 1 
0 0.582273 1 
0 0.689446 1 
0 0.716761 1 
0 0.741457 1 
0 0.767771 1 
0 1.18803 1 
0 1.52083 1 
0 1.63332 1 
0 1.69965 1 
0 1.88517 1 
0 2.73929 1 
0 2.77134 1 
0 3.49975 1 
0 3.86215 1 
0 4.74292 1 
0 4.82272 1 
0 4.90131 1 
0 inf 1 
0 0.0159489 2 
0 0.0159489 2 
0 0.0174656 2 
0 0.0179541 2 
0 0.0193117 2 
0 0.0193139 2 
0 0.0193203 2 
0 0.020588 2 
0 0.0209923 2 
0 0.0209923 2 
0 0.0209923 2 
0 0.0221702 2 
0 0.022172 2 
0 0.0229266 2 
0 0.0236519 2 
0 0.0236537 2 
0 0.0250429 2 
0 0.0250445 2 
0 0.0250445 2 
0 0.0260461 2 
0 0.0269984 2 
0 0.0269999 2 
0 0.0273109 2 
0 0.0276214 2 
0 0.027927 2 
0 0.0288186 2 
0 0.0291158 2 
0 0.0291201 2 
0 0.0294045 2 
0 0.0302594 2 
0 0.0302607 2 
0 0.0308005 2 
0 0.0310907 2 
0 0.0313533 2 
0 0.0316268 2 
0 0.031894 2 
0 0.0321513 2 
0 0.0321616 2 
0 0.0366047 2 
0 0.0394947 2 
0 0.0413776 2 
0 0.0415862 2 
0 0.0415872 2 
0 0.0433718 2 
0 0.046221 2 
0 0.0474873 2 
0 0.0478451 2 
0 0.0485503 2 
0 0.0488869 2 
0 0.0499276 2 
0 0.0543154 2 
0 0.0543162 2 
0 0.0547822 2 
0 0.0553977 2 
0 0.0639242 2 
0 0.0776904 2 
0 0.0813113 2 
0 0.0820397 2 
0 0.0841822 2 
0 0.0879178 2 
0 0.0912286 2 
0 0.0936223 2 
0 0.095772 2 
0 0.11573 2 
0 0.115809 2 
0 0.121798 2 
0 0.136683 2 
0 0.137918 2 
0 0.139085 2 
0 0.145577 2 
0 0.146101 2 
0 0.149543 2 
0 0.159044 2 
0 0.165773 2 
0 0.169368 2 
0 0.169665 2 
0 0.172592 2 
0 0.174927 2 
0 0.175844 2 
0 0.180234 2 
0 0.187864 2 
0 0.200312 2 
0 0.210995 2 
0 0.214311 2 
0 0.224775 2 
0 0.231719 2 
0 0.234729 2 
0 0.25015 2 
0 0.250457 2 
0 0.260998 2 
0 0.264161 2 
0 0.366373 2 
0 0.367464 2 
0 0.371533 2 
0 0.4184 2 
0 0.422491 2 
0 0.451069 2 
0 0.466982 2 
0 0.477458 2 
0 0.482651 2 
0 0.483163 2 
0 0.51615 2 
0 0.553683 2 
0 0.558376 2 
0 0.560203 2 
0 0.574532 2 
0 0.589096 2 
0 0.59808 2 
0 0.608515 2 
0 0.631375 2 
0 0.690793 2 
0 0.703632 2 
0 1.09237 2 
0 1.16074 2 
0 1.4121 2 
0 1.54118 2 
0 1.60531 2 
0 2.26905 2 
0 3.40675 2 
0 3.41465 2 
0 3.43672 2 
0 3.54924 2 
0 3.5829 2 
0 3.73593 2 
0 3.76435 2 
0 3.95143 2 
0 3.97852 2 
0 inf 2 
0 0.0179472 3 
0 0.0193117 3 
0 0.0197463 3 
0 0.0201777 3 
0 0.0209942 3 
0 0.0217802 3 
0 0.0225534 3 
0 0.0225589 3 
0 0.0232956 3 
0 0.023652 3 
0 0.0240064 3 
0 0.0243573 3 
0 0.0243624 3 
0 0.0247033 3 
0 0.0276214 3 
0 0.0305426 3 
0 0.0308152 3 
0 0.0310841 3 
0 0.0310855 3 
0 0.0316242 3 
0 0.0316242 3 
0 0.0321539 3 
0 0.0321539 3 
0 0.0324244 3 
0 0.0326725 3 
0 0.0326851 3 
0 0.03294 3 
0 0.0339526 3 
0 0.0361312 3 
0 0.036828 3 
0 0.0372905 3 
0 0.0375119 3 
0 0.0375141 3 
0 0.0377386 3 
0 0.0383945 3 
0 0.0386277 3 
0 0.0392803 3 
0 0.0401352 3 
0 0.0403431 3 
0 0.0407576 3 
0 0.0415892 3 
0 0.0469533 3 
0 0.0473073 3 
0 0.0561453 3 
0 0.0567613 3 
0 0.0577927 3 
0 0.0644575 3 
0 0.0815198 3 
0 0.0850799 3 
0 0.0924328 3 
0 0.0950651 3 
0 0.0994178 3 
0 0.0996685 3 
0 0.101108 3 
0 0.10145 3 
0 0.115583 3 
0 0.115811 3 
0 0.120117 3 
0 0.122771 3 
0 0.124072 3 
0 0.12731 3 
0 0.129229 3 
0 0.130793 3 
0 0.130986 3 
0 0.131628 3 
0 0.132016 3 
0 0.133105 3 
0 0.158991 3 
0 0.161841 3 
0 0.171846 3 
0 0.17464 3 
0 0.221692 3 
0 0.232772 3 
0 0.236351 3 
0 0.23877 3 
0 0.245595 3 
0 0.262972 3 
0 0.266464 3 
0 0.329079 3 
0 0.334567 3 
0 0.350568 3 
0 0.357678 3 
0 0.383042 3 
0 0.385224 3 
0 0.387019 3 
0 0.404729 3 
0 0.436185 3 
0 0.453497 3 
0 0.455466 3 
0 0.459216 3 
0 0.46922 3 
0 0.47502 3 
0 0.480714 3 
0 0.492897 3 
0 0.498652 3 
0 0.504431 3 
0 0.542099 3 
0 0.557938 3 
0 0.563929 3 
0 0.573812 3 
0 0.574713 3 
0 0.578061 3 
0 0.656546 3 
0 0.718456 3 
0 1.08779 3 
0 1.16059 3 
0 1.17305 3 
0 1.24441 3 
0 1.47666 3 
0 1.8575 3 
0 2.04664 3 
0 2.14529 3 
0 2.14625 3 
0 2.14636 3 
0 2.36734 3 
0 2.88162 3 
0 3.045 3 
0 3.30752 3 
0 3.31182 3 
0 3.31202 3 
0 3.80036 3 
0 3.89714 3 
0 3.92481 3 
0 inf 3 
0 0.0154049 4 
0 0.0174703 4 
0 0.0197463 4 
0 0.020586 4 
0 0.0213985 4 
0 0.0221702 4 
0 0.022172 4 
0 0.0229266 4 
0 0.0243624 4 
0 0.0247067 4 
0 0.0253812 4 
0 0.0263653 4 
0 0.0266821 4 
0 0.0269999 4 
0 0.0282293 4 
0 0.0291173 4 
0 0.0294087 4 
0 0.0296862 4 
0 0.0302512 4 
0 0.0313612 4 
0 0.032159 4 
0 0.0331917 4 
0 0.0365935 4 
0 0.0368336 4 
0 0.0370545 4 
0 0.0370578 4 
0 0.0388426 4 
0 0.0394947 4 
0 0.0409674 4 
0 0.0409714 4 
0 0.0417957 4 
0 0.0447224 4 
0 0.0447298 4 
0 0.0452964 4 
0 0.047489 4 
0 0.0478365 4 
0 0.0557033 4 
0 0.0757002 4 
0 0.0820387 4 
0 0.0857736 4 
0 0.0879267 4 
0 0.0898264 4 
0 0.091331 4 
0 0.0931604 4 
0 0.0989064 4 
0 0.100268 4 
0 0.101443 4 
0 0.101948 4 
0 0.104895 4 
0 0.109016 4 
0 0.112766 4 
0 0.116454 4 
0 0.117044 4 
0 0.120681 4 
0 0.120891 4 
0 0.122353 4 
0 0.132911 4 
0 0.135004 4 
0 0.145171 4 
0 0.151344 4 
0 0.151347 4 
0 0.165204 4 
0 0.170608 4 
0 0.203017 4 
0 0.222035 4 
0 0.222073 4 
0 0.223253 4 
0 0.305306 4 
0 0.313584 4 
0 0.314936 4 
0 0.334638 4 
0 0.34836 4 
0 0.363698 4 
0 0.37206 4 
0 0.388275 4 
0 0.402384 4 
0 0.418229 4 
0 0.423812 4 
0 0.424662 4 
0 0.440509 4 
0 0.443691 4 
0 0.459804 4 
0 0.469314 4 
0 0.470175 4 
0 0.471207 4 
0 0.499618 4 
0 0.509427 4 
0 0.514594 4 
0 0.516303 4 
0 0.519512 4 
0 0.531284 4 
0 0.53597 4 
0 0.541793 4 
0 0.546386 4 
0 0.556166 4 
0 0.65515 4 
0 0.667088 4 
0 0.773863 4 
0 1.11476 4 
0 1.11778 4 
0 1.16669 4 
0 1.24792 4 
0 1.32819 4 
0 1.32875 4 
0 1.32982 4 
0 1.48329 4 
0 1.76718 4 
0 1.77509 4 
0 1.78271 4 
0 1.80227 4 
0 2.00853 4 
0 2.52804 4 
0 2.60415 4 
0 2.60538 4 
0 2.61052 4 
0 2.77056 4 
0 3.04494 4 
0 3.05735 4 
0 3.07571 4 
0 inf 4 
0 0.0136645 5 
0 0.0213889 5 
0 0.0225443 5 
0 0.0229248 5 
0 0.0229284 5 
0 0.027927 5 
0 0.0282278 5 
0 0.0282293 5 
0 0.0288214 5 
0 0.0288243 5 
0 0.0313573 5 
0 0.0318953 5 
0 0.032159 5 
0 0.0326788 5 
0 0.0344513 5 
0 0.035423 5 
0 0.0358944 5 
0 0.0358978 5 
0 0.0361289 5 
0 0.0372806 5 
0 0.0375185 5 
0 0.0377386 5 
0 0.0435717 5 
0 0.044156 5 
0 0.0452918 5 
0 0.0454833 5 
0 0.0492471 5 
0 0.0509365 5 
0 0.0524084 5 
0 0.0541582 5 
0 0.0596607 5 
0 0.0633831 5 
0 0.0641844 5 
0 0.0676502 5 
0 0.0774666 5 
0 0.0849825 5 
0 0.0879183 5 
0 0.0901167 5 
0 0.090494 5 
0 0.0911477 5 
0 0.0983938 5 
0 0.100774 5 
0 0.100774 5 
0 0.10186 5 
0 0.107369 5 
0 0.11216 5 
0 0.115142 5 
0 0.126111 5 
0 0.127183 5 
0 0.12955 5 
0 0.139574 5 
0 0.144702 5 
0 0.145578 5 
0 0.15273 5 
0 0.154394 5 
0 0.155207 5 
0 0.16005 5 
0 0.174441 5 
0 0.18459 5 
0 0.217602 5 
0 0.310318 5 
0 0.341338 5 
0 0.346342 5 
0 0.347142 5 
0 0.35458 5 
0 0.358773 5 
0 0.361878 5 
0 0.361883 5 
0 0.416766 5 
0 0.423077 5 
0 0.4368 5 
0 0.449193 5 
0 0.450568 5 
0 0.45117 5 
0 0.454967 5 
0 0.45508 5 
0 0.466685 5 
0 0.466739 5 
0 0.476013 5 
0 0.481146 5 
0 0.488785 5 
0 0.489755 5 
0 0.515149 5 
0 0.521105 5 
0 0.525333 5 
0 0.551315 5 
0 0.564564 5 
0 0.663902 5 
0 0.740955 5 
0 1.03113 5 
0 1.08756 5 
0 1.0965 5 
0 1.09789 5 
0 1.1035 5 
0 1.10533 5 
0 1.16083 5 
0 1.1667 5 
0 1.25163 5 
0 1.47653 5 
0 1.48457 5 
0 1.49938 5 
0 1.55946 5 
0 1.59646 5 
0 1.59783 5 
0 1.59883 5 
0 1.84707 5 
0 2.01473 5 
0 2.22427 5 
0 2.30236 5 
0 2.30242 5 
0 2.3027 5 
0 2.30538 5 
0 2.32266 5 
0 2.32412 5 
0 2.33199 5 
0 inf 5 
0 0.0225534 6 
0 0.0243607 6 
0 0.0276214 6 
0 0.027924 6 
0 0.027927 6 
0 0.0294073 6 
0 0.0299858 6 
0 0.0302539 6 
0 0.0308099 6 
0 0.0308139 6 
0 0.0321616 6 
0 0.0324193 6 
0 0.0331954 6 
0 0.0344453 6 
0 0.0344513 6 
0 0.0443403 6 
0 0.0449136 6 
0 0.045105 6 
0 0.0476691 6 
0 0.0509252 6 
0 0.0569062 6 
0 0.0598093 6 
0 0.0653612 6 
0 0.0664008 6 
0 0.0672783 6 
0 0.0716727 6 
0 0.0749123 6 
0 0.0774711 6 
0 0.078773 6 
0 0.0815208 6 
0 0.0850839 6 
0 0.0874389 6 
0 0.087536 6 
0 0.0877287 6 
0 0.0882074 6 
0 0.0995018 6 
0 0.0996785 6 
0 0.0997608 6 
0 0.102609 6 
0 0.10261 6 
0 0.105135 6 
0 0.106737 6 
0 0.11079 6 
0 0.114032 6 
0 0.114921 6 
0 0.130911 6 
0 0.131112 6 
0 0.150389 6 
0 0.15445 6 
0 0.158244 6 
0 0.171054 6 
0 0.185791 6 
0 0.186005 6 
0 0.273923 6 
0 0.285559 6 
0 0.294904 6 
0 0.308839 6 
0 0.324692 6 
0 0.332208 6 
0 0.343277 6 
0 0.348166 6 
0 0.351212 6 
0 0.372187 6 
0 0.416542 6 
0 0.417652 6 
0 0.42002 6 
0 0.420905 6 
0 0.421149 6 
0 0.421388 6 
0 0.421571 6 
0 0.452301 6 
0 0.462365 6 
0 0.467814 6 
0 0.47007 6 
0 0.472842 6 
0 0.486028 6 
0 0.489279 6 
0 0.510319 6 
0 0.511294 6 
0 0.51341 6 
0 0.522028 6 
0 0.525411 6 
0 0.580573 6 
0 0.595808 6 
0 0.668837 6 
0 0.674981 6 
0 0.714756 6 
0 0.821495 6 
0 0.828599 6 
0 0.997808 6 
0 1.12868 6 
0 1.13347 6 
0 1.16155 6 
0 1.16652 6 
0 1.17572 6 
0 1.19602 6 
0 1.31812 6 
0 1.52466 6 
0 1.86834 6 
0 1.86998 6 
0 1.87007 6 
0 1.88682 6 
0 2.01554 6 
0 2.09712 6 
0 2.09874 6 
0 2.1 6 
0 2.11936 6 
0 2.22202 6 
0 2.22875 6 
0 2.22905 6 
0 2.23907 6 
0 inf 6 
0 0.0273064 7 
0 0.0276214 7 
0 0.0305305 7 
0 0.0305359 7 
0 0.0313612 7 
0 0.0316216 7 
0 0.0326838 7 
0 0.0390626 7 
0 0.0401352 7 
0 0.0423918 7 
0 0.0452963 7 
0 0.0490711 7 
0 0.0515877 7 
0 0.0530522 7 
0 0.0536876 7 
0 0.0539961 7 
0 0.05555 7 
0 0.0566036 7 
0 0.0603733 7 
0 0.0675362 7 
0 0.0675362 7 
0 0.0675407 7 
0 0.0717951 7 
0 0.0742305 7 
0 0.0784462 7 
0 0.0788804 7 
0 0.0803674 7 
0 0.084983 7 
0 0.0884946 7 
0 0.0962118 7 
0 0.0965616 7 
0 0.0965659 7 
0 0.0979599 7 
0 0.100352 7 
0 0.100437 7 
0 0.101612 7 
0 0.108702 7 
0 0.109484 7 
0 0.110485 7 
0 0.110941 7 
0 0.11276 7 
0 0.131177 7 
0 0.139211 7 
0 0.141379 7 
0 0.141799 7 
0 0.149246 7 
0 0.172584 7 
0 0.215745 7 
0 0.244988 7 
0 0.245022 7 
0 0.247353 7 
0 0.248603 7 
0 0.253447 7 
0 0.256027 7 
0 0.322359 7 
0 0.339489 7 
0 0.346678 7 
0 0.392764 7 
0 0.409547 7 
0 0.417823 7 
0 0.421169 7 
0 0.423868 7 
0 0.42412 7 
0 0.425484 7 
0 0.432022 7 
0 0.432218 7 
0 0.434508 7 
0 0.4622 7 
0 0.463671 7 
0 0.465471 7 
0 0.471353 7 
0 0.496788 7 
0 0.503988 7 
0 0.507561 7 
0 0.508992 7 
0 0.509311 7 
0 0.515022 7 
0 0.525586 7 
0 0.544442 7 
0 0.671629 7 
0 0.685041 7 
0 0.697868 7 
0 0.798476 7 
0 0.883436 7 
0 0.983835 7 
0 1.10408 7 
0 1.15155 7 
0 1.32252 7 
0 1.47213 7 
0 1.48779 7 
0 1.51019 7 
0 1.57987 7 
0 1.58079 7 
0 1.59245 7 
0 1.59417 7 
0 1.59916 7 
0 1.60767 7 
0 1.62708 7 
0 1.64929 7 
0 1.66048 7 
0 1.71744 7 
0 1.77579 7 
0 1.99189 7 
0 1.99223 7 
0 1.99308 7 
0 2.00499 7 
0 2.03379 7 
0 inf 7 
0 0.0313534 8 
0 0.0326776 8 
0 0.0354172 8 
0 0.0401338 8 
0 0.0415911 8 
0 0.0437736 8 
0 0.0443478 8 
0 0.0506014 8 
0 0.053683 8 
0 0.0561527 8 
0 0.0625832 8 
0 0.0645833 8 
0 0.0654886 8 
0 0.0657454 8 
0 0.0684123 8 
0 0.068526 8 
0 0.0776926 8 
0 0.0798392 8 
0 0.0799449 8 
0 0.0801565 8 
0 0.0808949 8 
0 0.0811038 8 
0 0.0842835 8 
0 0.0850838 8 
0 0.0873348 8 
0 0.0916085 8 
0 0.0918632 8 
0 0.0953322 8 
0 0.0955938 8 
0 0.0970022 8 
0 0.0981271 8 
0 0.0983878 8 
0 0.103754 8 
0 0.104086 8 
0 0.113132 8 
0 0.129421 8 
0 0.15122 8 
0 0.154821 8 
0 0.169511 8 
0 0.184305 8 
0 0.215198 8 
0 0.228941 8 
0 0.239844 8 
0 0.24712 8 
0 0.276276 8 
0 0.279691 8 
0 0.289343 8 
0 0.305971 8 
0 0.313418 8 
0 0.323646 8 
0 0.347264 8 
0 0.372266 8 
0 0.380582 8 
0 0.384373 8 
0 0.416217 8 
0 0.421793 8 
0 0.436049 8 
0 0.451259 8 
0 0.459395 8 
0 0.464981 8 
0 0.466437 8 
0 0.470174 8 
0 0.478472 8 
0 0.47925 8 
0 0.482075 8 
0 0.489155 8 
0 0.492597 8 
0 0.49928 8 
0 0.503587 8 
0 0.503604 8 
0 0.55393 8 
0 0.585404 8 
0 0.604246 8 
0 0.609353 8 
0 0.625844 8 
0 0.682414 8 
0 0.773233 8 
0 0.900739 8 
0 0.920127 8 
0 0.958333 8 
0 0.997458 8 
0 1.07278 8 
0 1.16249 8 
0 1.18678 8 
0 1.21619 8 
0 1.23354 8 
0 1.25204 8 
0 1.25485 8 
0 1.27837 8 
0 1.31444 8 
0 1.34324 8 
0 1.38156 8 
0 1.39545 8 
0 1.39579 8 
0 1.46077 8 
0 1.46105 8 
0 1.48303 8 
0 1.54136 8 
0 1.99087 8 
0 1.99172 8 
0 1.99964 8 
0 2.0039 8 
0 2.00399 8 
0 inf 8 
0 0.0270029 9 
0 0.0318927 9 
0 0.0429844 9 
0 0.0549356 9 
0 0.0567504 9 
0 0.064707 9 
0 0.0657543 9 
0 0.06678 9 
0 0.0719923 9 
0 0.0740024 9 
0 0.0752514 9 
0 0.0787591 9 
0 0.0853793 9 
0 0.08656 9 
0 0.0877315 9 
0 0.0896464 9 
0 0.0933531 9 
0 0.0938074 9 
0 0.0953266 9 
0 0.0968279 9 
0 0.102443 9 
0 0.104738 9 
0 0.10626 9 
0 0.106345 9 
0 0.119321 9 
0 0.136179 9 
0 0.136502 9 
0 0.148208 9 
0 0.155039 9 
0 0.156463 9 
0 0.157485 9 
0 0.169119 9 
0 0.171056 9 
0 0.18173 9 
0 0.197469 9 
0 0.223701 9 
0 0.246813 9 
0 0.254828 9 
0 0.267963 9 
0 0.297229 9 
0 0.334913 9 
0 0.335667 9 
0 0.34479 9 
0 0.346115 9 
0 0.37875 9 
0 0.38047 9 
0 0.417112 9 
0 0.420766 9 
0 0.431788 9 
0 0.434925 9 
0 0.434925 9 
0 0.456981 9 
0 0.459244 9 
0 0.460841 9 
0 0.466475 9 
0 0.470383 9 
0 0.474083 9 
0 0.499673 9 
0 0.502971 9 
0 0.503055 9 
0 0.508048 9 
0 0.536665 9 
0 0.548193 9 
0 0.573735 9 
0 0.580003 9 
0 0.652769 9 
0 0.653769 9 
0 0.682412 9 
0 0.720913 9 
0 0.73576 9 
0 0.736405 9 
0 0.816559 9 
0 0.832758 9 
0 0.89155 9 
0 0.924904 9 
0 0.926601 9 
0 0.945036 9 
0 1.01484 9 
0 1.07651 9 
0 1.07964 9 
0 1.11726 9 
0 1.12847 9 
0 1.12982 9 
0 1.15793 9 
0 1.17017 9 
0 1.17754 9 
0 1.17826 9 
0 1.24795 9 
0 1.25721 9 
0 1.37927 9 
0 1.37935 9 
0 1.49208 9 
0 1.52896 9 
0 1.52896 9 
0 1.9993 9 
0 2.00006 9 
0 2.01858 9 
0 2.05142 9 
0 2.05186 9 
0 inf 9 
0 0.0276214 10 
0 0.0504259 10 
0 0.0558628 10 
0 0.0572052 10 
0 0.0596683 10 
0 0.065105 10 
0 0.0661363 10 
0 0.0698769 10 
0 0.0771492 10 
0 0.0800402 10 
0 0.0817242 10 
0 0.0820071 10 
0 0.0870565 10 
0 0.0896308 10 
0 0.0960431 10 
0 0.100352 10 
0 0.101112 10 
0 0.103656 10 
0 0.107377 10 
0 0.128501 10 
0 0.131691 10 
0 0.139208 10 
0 0.159185 10 
0 0.166634 10 
0 0.174282 10 
0 0.211481 10 
0 0.223042 10 
0 0.223718 10 
0 0.2256 10 
0 0.22597 10 
0 0.237723 10 
0 0.24405 10 
0 0.295175 10 
0 0.303619 10 
0 0.313883 10 
0 0.314016 10 
0 0.315898 10 
0 0.315898 10 
0 0.319106 10 
0 0.333597 10 
0 0.344255 10 
0 0.347289 10 
0 0.352117 10 
0 0.424265 10 
0 0.443518 10 
0 0.44358 10 
0 0.447324 10 
0 0.463236 10 
0 0.464059 10 
0 0.464926 10 
0 0.467398 10 
0 0.470315 10 
0 0.470922 10 
0 0.471391 10 
0 0.473664 10 
0 0.477087 10 
0 0.479554 10 
0 0.481406 10 
0 0.485332 10 
0 0.535592 10 
0 0.553523 10 
0 0.553645 10 
0 0.667072 10 
0 0.73909 10 
0 0.742074 10 
0 0.750857 10 
0 0.804073 10 
0 0.816798 10 
0 0.867999 10 
0 0.892144 10 
0 1.01336 10 
0 1.01376 10 
0 1.04335 10 
0 1.04335 10 
0 1.08633 10 
0 1.08636 10 
0 1.09196 10 
0 1.0929 10 
0 1.09325 10 
0 1.09537 10 
0 1.10327 10 
0 1.1196 10 
0 1.15968 10 
0 1.18003 10 
0 1.19621 10 
0 1.2094 10 
0 1.20949 10 
0 1.4849 10 
0 1.48563 10 
0 1.48575 10 
0 1.99106 10 
0 1.9911 10 
0 2.01161 10 
0 2.01373 10 
0 2.01397 10 
0 inf 10 
0 0.0474881 11 
0 0.0558541 11 
0 0.0585217 11 
0 0.0723801 11 
0 0.076255 11 
0 0.0983042 11 
0 0.0996723 11 
0 0.104814 11 
0 0.109719 11 
0 0.10992 11 
0 0.112976 11 
0 0.113286 11 
0 0.118831 11 
0 0.141744 11 
0 0.14817 11 
0 0.157201 11 
0 0.159393 11 
0 0.218378 11 
0 0.219402 11 
0 0.219711 11 
0 0.254693 11 
0 0.26464 11 
0 0.291505 11 
0 0.291786 11 
0 0.294087 11 
0 0.297037 11 
0 0.299796 11 
0 0.306027 11 
0 0.324562 11 
0 0.326437 11 
0 0.327535 11 
0 0.335618 11 
0 0.341647 11 
0 0.368564 11 
0 0.373517 11 
0 0.383299 11 
0 0.39693 11 
0 0.400628 11 
0 0.405422 11 
0 0.408174 11 
0 0.421259 11 
0 0.438193 11 
0 0.454805 11 
0 0.454823 11 
0 0.461199 11 
0 0.467098 11 
0 0.468448 11 
0 0.46957 11 
0 0.472808 11 
0 0.481441 11 
0 0.503177 11 
0 0.503228 11 
0 0.504439 11 
0 0.510812 11 
0 0.576786 11 
0 0.576962 11 
0 0.578034 11 
0 0.656454 11 
0 0.665734 11 
0 0.694903 11 
0 0.700575 11 
0 0.704101 11 
0 0.717642 11 
0 0.719589 11 
0 0.751567 11 
0 0.810987 11 
0 0.811744 11 
0 0.819503 11 
0 0.838096 11 
0 0.874788 11 
0 0.891392 11 
0 0.95772 11 
0 0.958641 11 
0 0.959171 11 
0 0.988915 11 
0 1.08105 11 
0 1.08187 11 
0 1.08366 11 
0 1.08477 11 
0 1.08786 11 
0 1.11259 11 
0 1.22243 11 
0 1.24205 11 
0 1.39856 11 
0 1.39864 11 
0 1.43165 11 
0 1.99147 11 
0 1.99317 11 
0 1.99494 11 
0 1.995 11 
0 1.99752 11 
0 inf 11 
0 0.087352 12 
0 0.0947922 12 
0 0.0982971 12 
0 0.0996703 12 
0 0.112376 12 
0 0.12393 12 
0 0.137529 12 
0 0.139669 12 
0 0.14685 12 
0 0.160375 12 
0 0.189182 12 
0 0.212993 12 
0 0.227632 12 
0 0.23646 12 
0 0.249534 12 
0 0.254184 12 
0 0.26416 12 
0 0.265453 12 
0 0.269418 12 
0 0.269701 12 
0 0.273559 12 
0 0.27408 12 
0 0.277248 12 
0 0.278088 12 
0 0.279803 12 
0 0.282966 12 
0 0.28955 12 
0 0.296035 12 
0 0.304633 12 
0 0.313918 12 
0 0.316069 12 
0 0.327621 12 
0 0.328107 12 
0 0.331917 12 
0 0.34175 12 
0 0.345378 12 
0 0.360302 12 
0 0.36784 12 
0 0.392134 12 
0 0.399057 12 
0 0.433219 12 
0 0.433219 12 
0 0.434646 12 
0 0.434951 12 
0 0.440496 12 
0 0.457278 12 
0 0.464177 12 
0 0.466615 12 
0 0.469387 12 
0 0.469766 12 
0 0.477392 12 
0 0.493113 12 
0 0.560972 12 
0 0.569094 12 
0 0.589976 12 
0 0.609597 12 
0 0.636372 12 
0 0.638168 12 
0 0.645038 12 
0 0.659328 12 
0 0.734766 12 
0 0.773348 12 
0 0.793039 12 
0 0.854757 12 
0 0.859662 12 
0 0.861396 12 
0 0.932196 12 
0 0.962661 12 
0 0.979423 12 
0 1.08048 12 
0 1.0859 12 
0 1.15925 12 
0 1.15984 12 
0 1.16428 12 
0 1.18796 12 
0 1.19092 12 
0 1.19138 12 
0 1.19529 12 
0 1.20922 12 
0 1.22266 12 
0 1.22283 12 
0 1.23418 12 
0 1.99102 12 
0 1.99263 12 
0 1.99519 12 
0 1.99525 12 
0 1.99691 12 
0 inf 12 
0 0.081819 13 
0 0.100001 13 
0 0.100999 13 
0 0.121724 13 
0 0.129815 13 
0 0.145087 13 
0 0.150422 13 
0 0.206452 13 
0 0.22978 13 
0 0.259707 13 
0 0.259985 13 
0 0.272205 13 
0 0.276407 13 
0 0.28126 13 
0 0.281601 13 
0 0.281608 13 
0 0.286783 13 
0 0.28921 13 
0 0.290147 13 
0 0.291097 13 
0 0.292635 13 
0 0.2927 13 
0 0.293395 13 
0 0.29422 13 
0 0.296662 13 
0 0.296807 13 
0 0.301099 13 
0 0.303874 13 
0 0.313905 13 
0 0.332396 13 
0 0.35931 13 
0 0.360698 13 
0 0.365604 13 
0 0.374461 13 
0 0.375888 13 
0 0.407451 13 
0 0.430943 13 
0 0.439706 13 
0 0.455104 13 
0 0.463081 13 
0 0.469297 13 
0 0.469391 13 
0 0.5088 13 
0 0.531694 13 
0 0.532965 13 
0 0.534236 13 
0 0.535596 13 
0 0.53582 13 
0 0.544838 13 
0 0.555352 13 
0 0.562171 13 
0 0.562307 13 
0 0.563436 13 
0 0.66277 13 
0 0.713445 13 
0 0.71512 13 
0 0.743052 13 
0 0.743456 13 
0 0.79463 13 
0 0.794832 13 
0 0.831941 13 
0 0.94387 13 
0 0.944588 13 
0 0.946336 13 
0 1.01877 13 
0 1.07874 13 
0 1.08529 13 
0 1.13578 13 
0 1.13578 13 
0 1.13895 13 
0 1.1796 13 
0 1.18109 13 
0 1.19525 13 
0 1.19661 13 
0 1.22496 13 
0 1.52784 13 
0 1.52784 13 
0 1.52789 13 
0 1.98967 13 
0 1.99014 13 
0 2.03322 13 
0 2.03391 13 
0 2.03398 13 
0 inf 13 
0 0.0958489 14 
0 0.0994989 14 
0 0.118693 14 
0 0.126622 14 
0 0.134686 14 
0 0.147864 14 
0 0.193701 14 
0 0.219654 14 
0 0.223383 14 
0 0.229779 14 
0 0.246745 14 
0 0.247538 14 
0 0.247675 14 
0 0.270766 14 
0 0.274743 14 
0 0.279121 14 
0 0.281142 14 
0 0.28166 14 
0 0.28166 14 
0 0.285434 14 
0 0.288395 14 
0 0.301005 14 
0 0.301146 14 
0 0.315944 14 
0 0.316409 14 
0 0.317692 14 
0 0.32415 14 
0 0.326236 14 
0 0.336872 14 
0 0.337476 14 
0 0.341435 14 
0 0.364229 14 
0 0.369719 14 
0 0.383527 14 
0 0.429342 14 
0 0.44412 14 
0 0.455233 14 
0 0.456293 14 
0 0.461757 14 
0 0.465908 14 
0 0.473239 14 
0 0.47846 14 
0 0.489037 14 
0 0.507567 14 
0 0.508818 14 
0 0.508818 14 
0 0.509235 14 
0 0.616757 14 
0 0.616963 14 
0 0.617237 14 
0 0.647191 14 
0 0.687621 14 
0 0.689832 14 
0 0.68998 14 
0 0.879136 14 
0 0.98473 14 
0 0.990131 14 
0 1.07494 14 
0 1.09292 14 
0 1.10021 14 
0 1.10028 14 
0 1.1004 14 
0 1.16091 14 
0 1.1617 14 
0 1.16173 14 
0 1.19131 14 
0 1.20037 14 
0 1.23375 14 
0 1.24096 14 
0 1.24137 14 
0 1.24215 14 
0 1.48088 14 
0 1.48164 14 
0 1.48219 14 
0 1.9893 14 
0 1.99198 14 
0 2.02171 14 
0 2.02171 14 
0 2.02173 14 
0 inf 14 
0 0.0574964 15 
0 0.0866599 15 
0 0.0987224 15 
0 0.114243 15 
0 0.126913 15 
0 0.134746 15 
0 0.137651 15 
0 0.143263 15 
0 0.14344 15 
0 0.15328 15 
0 0.15328 15 
0 0.158113 15 
0 0.175081 15 
0 0.186786 15 
0 0.202167 15 
0 0.211098 15 
0 0.214577 15 
0 0.223802 15 
0 0.238612 15 
0 0.248937 15 
0 0.25229 15 
0 0.297946 15 
0 0.299988 15 
0 0.300694 15 
0 0.300835 15 
0 0.313672 15 
0 0.31537 15 
0 0.31537 15 
0 0.315451 15 
0 0.322858 15 
0 0.373671 15 
0 0.37501 15 
0 0.420769 15 
0 0.432823 15 
0 0.456225 15 
0 0.468557 15 
0 0.47191 15 
0 0.496248 15 
0 0.496504 15 
0 0.500585 15 
0 0.541434 15 
0 0.54181 15 
0 0.542748 15 
0 0.542748 15 
0 0.58435 15 
0 0.621659 15 
0 0.62328 15 
0 0.661727 15 
0 0.676018 15 
0 0.757788 15 
0 0.767692 15 
0 0.767824 15 
0 0.984688 15 
0 0.992167 15 
0 0.99285 15 
0 1.02989 15 
0 1.0802 15 
0 1.09379 15 
0 1.09479 15 
0 1.09492 15 
0 1.09503 15 
0 1.11905 15 
0 1.13009 15 
0 1.20096 15 
0 1.20359 15 
0 1.20377 15 
0 1.2768 15 
0 1.44296 15 
0 1.44821 15 
0 1.44823 15 
0 1.99291 15 
0 1.99672 15 
0 1.99678 15 
0 1.99699 15 
0 2.55795 15 
0 inf 15 
0 0.0730784 16 
0 0.0916974 16 
0 0.097339 16 
0 0.098723 16 
0 0.0994075 16 
0 0.104159 16 
0 0.114925 16 
0 0.122471 16 
0 0.130984 16 
0 0.156173 16 
0 0.158599 16 
0 0.159875 16 
0 0.159875 16 
0 0.162198 16 
0 0.162199 16 
0 0.220848 16 
0 0.230956 16 
0 0.234273 16 
0 0.234454 16 
0 0.259125 16 
0 0.274401 16 
0 0.305413 16 
0 0.317203 16 
0 0.333931 16 
0 0.334081 16 
0 0.334968 16 
0 0.335044 16 
0 0.335044 16 
0 0.354736 16 
0 0.396861 16 
0 0.42631 16 
0 0.427926 16 
0 0.470057 16 
0 0.471982 16 
0 0.478563 16 
0 0.47989 16 
0 0.480155 16 
0 0.509346 16 
0 0.537582 16 
0 0.537944 16 
0 0.538007 16 
0 0.5406 16 
0 0.554028 16 
0 0.594596 16 
0 0.606808 16 
0 0.629774 16 
0 0.630097 16 
0 0.651724 16 
0 0.739421 16 
0 0.781298 16 
0 0.788212 16 
0 0.828513 16 
0 1.01066 16 
0 1.01067 16 
0 1.01071 16 
0 1.07017 16 
0 1.07492 16 
0 1.10997 16 
0 1.11013 16 
0 1.11034 16 
0 1.11333 16 
0 1.23226 16 
0 1.35443 16 
0 1.37912 16 
0 1.3906 16 
0 1.39074 16 
0 1.42909 16 
0 1.99879 16 
0 1.99884 16 
0 1.99888 16 
0 1.99904 16 
0 inf 16 
0 0.107913 17 
0 0.109858 17 
0 0.112528 17 
0 0.132458 17 
0 0.13473 17 
0 0.14034 17 
0 0.140342 17 
0 0.140717 17 
0 0.145092 17 
0 0.15199 17 
0 0.153763 17 
0 0.155246 17 
0 0.190333 17 
0 0.203832 17 
0 0.206288 17 
0 0.224774 17 
0 0.281541 17 
0 0.282983 17 
0 0.282983 17 
0 0.307818 17 
0 0.318961 17 
0 0.319738 17 
0 0.321749 17 
0 0.331665 17 
0 0.337128 17 
0 0.420189 17 
0 0.424118 17 
0 0.424597 17 
0 0.424837 17 
0 0.428678 17 
0 0.428974 17 
0 0.449977 17 
0 0.453805 17 
0 0.47615 17 
0 0.497481 17 
0 0.500571 17 
0 0.530831 17 
0 0.530943 17 
0 0.530943 17 
0 0.547376 17 
0 0.55085 17 
0 0.551311 17 
0 0.552232 17 
0 0.625187 17 
0 0.625289 17 
0 0.631465 17 
0 0.682674 17 
0 0.685808 17 
0 0.68629 17 
0 0.687062 17 
0 0.703617 17 
0 0.7105 17 
0 0.970492 17 
0 1.10693 17 
0 1.10697 17 
0 1.10705 17 
0 1.10708 17 
0 1.15882 17 
0 1.17264 17 
0 1.46017 17 
0 1.46563 17 
0 1.46658 17 
0 1.4667 17 
0 1.99932 17 
0 2.00106 17 
0 2.00133 17 
0 2.00137 17 
0 inf 17 
0 0.118898 18 
0 0.135868 18 
0 0.136428 18 
0 0.153295 18 
0 0.155928 18 
0 0.15937 18 
0 0.197547 18 
0 0.197932 18 
0 0.198232 18 
0 0.215123 18 
0 0.216145 18 
0 0.216146 18 
0 0.21767 18 
0 0.220612 18 
0 0.2265 18 
0 0.245188 18 
0 0.248317 18 
0 0.255286 18 
0 0.256081 18 
0 0.320422 18 
0 0.324717 18 
0 0.331096 18 
0 0.337018 18 
0 0.346628 18 
0 0.346628 18 
0 0.417472 18 
0 0.418284 18 
0 0.423225 18 
0 0.424725 18 
0 0.424725 18 
0 0.426469 18 
0 0.426628 18 
0 0.426867 18 
0 0.44295 18 
0 0.467073 18 
0 0.498093 18 
0 0.498213 18 
0 0.498213 18 
0 0.499861 18 
0 0.514175 18 
0 0.514323 18 
0 0.5149 18 
0 0.517855 18 
0 0.669394 18 
0 0.776163 18 
0 0.801555 18 
0 0.801566 18 
0 0.803468 18 
0 0.928168 18 
0 1.1128 18 
0 1.11286 18 
0 1.11288 18 
0 1.11496 18 
0 1.15954 18 
0 1.16145 18 
0 1.49207 18 
0 1.49208 18 
0 1.4921 18 
0 1.49551 18 
0 2.01474 18 
0 2.01723 18 
0 2.0173 18 
0 2.01737 18 
0 inf 18 
0 0.113661 19 
0 0.113661 19 
0 0.1514 19 
0 0.151679 19 
0 0.151847 19 
0 0.153565 19 
0 0.158937 19 
0 0.159523 19 
0 0.176758 19 
0 0.176758 19 
0 0.185146 19 
0 0.185146 19 
0 0.185558 19 
0 0.185654 19 
0 0.193252 19 
0 0.234013 19 
0 0.263809 19 
0 0.280342 19 
0 0.296971 19 
0 0.335528 19 
0 0.335932 19 
0 0.3368 19 
0 0.353842 19 
0 0.35499 19 
0 0.362829 19 
0 0.363413 19 
0 0.404391 19 
0 0.420633 19 
0 0.421439 19 
0 0.421732 19 
0 0.421922 19 
0 0.426767 19 
0 0.428037 19 
0 0.442856 19 
0 0.483928 19 
0 0.484138 19 
0 0.484156 19 
0 0.513259 19 
0 0.533565 19 
0 0.536734 19 
0 0.536797 19 
0 0.544962 19 
0 0.722087 19 
0 0.796671 19 
0 0.796746 19 
0 1.10045 19 
0 1.10049 19 
0 1.10061 19 
0 1.16412 19 
0 1.1657 19 
0 1.50649 19 
0 1.50654 19 
0 1.507 19 
0 2.00676 19 
0 2.00691 19 
0 2.00697 19 
0 2.32668 19 
0 2.36199 19 
0 2.87149 19 
0 inf 19 
0 0.0865629 20 
0 0.087246 20 
0 0.089741 20 
0 0.0952405 20 
0 0.10808 20 
0 0.109328 20 
0 0.122011 20 
0 0.13525 20 
0 0.136065 20 
0 0.139995 20 
0 0.155759 20 
0 0.187508 20 
0 0.190203 20 
0 0.191314 20 
0 0.215535 20 
0 0.216007 20 
0 0.219279 20 
0 0.23288 20 
0 0.25093 20 
0 0.261681 20 
0 0.324028 20 
0 0.33005 20 
0 0.330153 20 
0 0.330281 20 
0 0.332982 20 
0 0.343683 20 
0 0.352184 20 
0 0.390346 20 
0 0.40879 20 
0 0.421117 20 
0 0.421258 20 
0 0.427103 20 
0 0.427264 20 
0 0.427323 20 
0 0.42844 20 
0 0.435905 20 
0 0.480117 20 
0 0.480276 20 
0 0.481175 20 
0 0.501439 20 
0 0.532624 20 
0 0.532624 20 
0 0.884318 20 
0 0.884577 20 
0 0.993365 20 
0 1.09985 20 
0 1.09991 20 
0 1.10392 20 
0 1.1638 20 
0 1.16505 20 
0 1.48274 20 
0 1.48274 20 
0 2.01137 20 
0 2.0114 20 
0 2.56751 20 
0 inf 20 
