3.72547 6.53232 1 
1.27828 3.12344 1 
0.193126 0.197269 1 
0.186874 0.214566 1 
0.159236 0.210891 1 
0.138078 0.140192 1 
0.126231 0.129748 1 
0.116294 0.11771 1 
0.0998585 0.135579 1 
0.0839478 0.0842714 1 
0.0769707 0.0772078 1 
0.0756471 0.0757618 1 
0.0753971 0.0816039 1 
0.0672828 0.0757618 1 
0.0640565 0.0640568 1 
0.0605116 0.0630433 1 
0.0537536 0.0551061 1 
0.0521901 0.054434 1 
0.0507547 0.0547652 1 
0.044992 0.0481498 1 
0.0435368 0.0441682 1 
0.040924 0.0441682 1 
0.0397838 0.0415931 1 
0.0395454 0.0397752 1 
0.0383709 0.0469946 1 
0.0381304 0.0390838 1 
0.0378883 0.0383709 1 
0.0378815 0.0402438 1 
0.0371525 0.0424688 1 
0.0364019 0.0404718 1 
0.0361482 0.0443761 1 
0.0358927 0.0415931 1 
0.0321034 0.0323888 1 
4.55417 4.81487 2 
4.55169 4.79186 2 
3.25948 4.8263 2 
1.033 4.09242 2 
0.36441 0.381814 2 
0.20293 0.210363 2 
0.182844 0.217116 2 
0.181021 0.184051 2 
0.178828 0.195116 2 
0.172976 0.185694 2 
0.148218 0.148529 2 
0.0521868 0.052353 2 
0.042685 0.0483458 2 
0.0424688 0.042685 2 
0.0422435 0.0439516 2 
0.0378883 0.0406985 2 
0.0378883 0.0381304 2 
0.0345871 0.03861 2 
0.033506 0.0388476 2 
3.26382 3.55446 3 
3.26324 3.56315 3 
2.84681 3.56315 3 
0.932414 4.32302 3 
0.0686325 0.0691692 3 
0.0682366 0.0747895 3 
0.0555924 0.0557585 3 
0.0489065 0.0518313 3 
0.0463961 0.0496578 3 
0.0402395 0.0406985 3 
0.0397838 0.040924 3 
0.0397806 0.0422516 3 
0.0366538 0.043319 3 
0.0353762 0.0356354 3 
0.0345871 0.0351152 3 
1.05344 1.09506 4 
1.05065 4.15442 4 
0.153518 0.156721 4 
0.0569073 0.0575564 4 
0.0489083 0.0505783 4 
0.0483396 0.0489083 4 
0.0479637 0.0551061 4 
0.0449882 0.0489083 4 
2.09344 2.12238 5 
1.88624 2.13576 5 
1.87919 2.1246 5 
1.87795 2.12325 5 
1.87113 2.00878 5 
1.25584 3.77961 5 
0.0591298 0.0617218 5 
0.0445753 0.0521901 5 
0.0441605 0.0451913 5 
0.042887 0.0473737 5 
3.42211 3.45835 6 
3.41822 3.4574 6 
3.34629 3.35077 6 
2.05087 3.39612 6 
0.164908 0.165083 6 
0.158367 0.165575 6 
0.145209 0.166961 6 
0.0649109 0.065484 6 
0.0549357 0.0671433 6 
2.44967 2.97134 7 
2.44822 2.74549 7 
2.4432 2.69226 7 
1.99168 3.06739 7 
1.96726 2.03841 7 
0.0557694 0.0693071 7 
2.23582 2.55724 8 
2.2278 3.21663 8 
2.16611 2.26504 8 
1.99789 2.426 8 
1.80134 2.5576 8 
0.437309 0.472352 8 
0.238831 0.239339 8 
0.0707446 0.0722938 8 
0.0653397 0.0722916 8 
0.045796 0.048146 8 
2.251 2.41287 9 
1.54509 2.22524 9 
1.50979 2.24188 9 
1.43658 2.2477 9 
2.15259 2.23862 10 
2.1403 2.21426 10 
2.06358 2.23339 10 
2.0206 2.12558 10 
1.94484 1.95531 10 
1.1959 2.04811 10 
2.05433 2.58667 11 
2.05383 2.92581 11 
1.87933 1.94478 11 
1.65897 1.67145 11 
1.46461 1.87696 11 
0.766383 0.801028 11 
2.13148 2.24585 12 
1.95202 2.14308 12 
1.90909 2.14447 12 
1.84367 1.95291 12 
1.80289 1.91852 12 
1.39245 1.70869 12 
1.35375 1.73921 12 
1.2935 1.34389 12 
0.911206 0.915308 12 
0.691099 0.711776 12 
1.48717 1.51679 13 
1.47533 1.72058 13 
1.4711 1.73702 13 
1.45486 1.73918 13 
1.4367 1.49547 13 
1.25295 1.27047 14 
1.21283 1.22298 14 
0.926233 0.932303 14 
0.862313 0.874416 14 
0.793488 0.916943 14 
1.11855 1.19749 15 
1.00996 1.06572 15 
0.886261 0.932317 15 
1.9239 2.42199 16 
1.92383 2.42154 16 
1.92373 2.42154 16 
1.80336 1.97421 17 
1.8031 1.97441 17 
1.80242 1.97476 17 
1.56826 1.57794 18 
1.56026 1.5679 18 
1.5356 1.56533 18 
0.851566 0.891483 20 
