3.95361 6.54336 1 
1.24608 3.10024 1 
0.1971 0.225598 1 
0.186858 0.19452 1 
0.156521 0.178466 1 
0.151344 0.171119 1 
0.0649299 0.0731419 1 
0.063828 0.0769214 1 
0.0592279 0.0645224 1 
0.0590731 0.0629881 1 
0.058475 0.0621491 1 
0.0572504 0.0611421 1 
0.0563043 0.0609873 1 
0.055033 0.0605498 1 
0.0539018 0.0540652 1 
0.053572 0.0561557 1 
0.052899 0.0564637 1 
0.0501511 0.0552037 1 
0.0451355 0.0506801 1 
0.0427169 0.0443446 1 
0.0427122 0.04434 1 
0.041454 0.0439476 1 
0.0414498 0.0427136 1 
0.0412368 0.0479905 1 
0.039256 0.0414516 1 
0.0371756 0.0383489 1 
0.0352137 0.0410232 1 
0.0339331 0.036209 1 
0.0259451 0.0288511 1 
0.0256025 0.0262825 1 
4.71448 4.88035 2 
4.71403 4.96078 2 
3.54183 4.96881 2 
1.01631 4.08196 2 
0.18054 0.20351 2 
0.180343 0.200708 2 
0.172719 0.204205 2 
0.164145 0.17445 2 
0.052398 0.0542203 2 
0.0501528 0.055364 2 
0.0496182 0.0503301 2 
0.047993 0.0527379 2 
0.0472457 0.0474314 2 
0.0470564 0.0494455 2 
0.046491 0.0552031 2 
0.045523 0.0518934 2 
0.044937 0.0542242 2 
0.0403698 0.0459144 2 
0.0392618 0.0433362 2 
0.0381141 0.0441451 2 
0.0381107 0.0427186 2 
0.0352165 0.0371779 2 
0.034197 0.0366923 2 
0.0339347 0.0341926 2 
3.439 3.63252 3 
3.40623 3.60742 3 
2.62352 3.67108 3 
0.913746 4.30069 3 
0.165597 0.171792 3 
0.165222 0.177024 3 
0.163497 0.178419 3 
0.163009 0.17827 3 
0.128358 0.141982 3 
0.128011 0.13774 3 
0.12155 0.132496 3 
0.0930739 0.105979 3 
0.054874 0.0564615 3 
0.0542304 0.0561519 3 
0.053734 0.0561549 3 
0.0499801 0.0564615 3 
0.0457218 0.0518943 3 
0.0425089 0.0485361 3 
0.0405857 0.0408066 3 
0.0374146 0.0422949 3 
0.0367008 0.0437375 3 
0.0357219 0.0385845 3 
2.23484 2.29616 4 
2.22096 2.64016 4 
2.22054 2.63606 4 
2.22035 2.63241 4 
0.840415 4.19079 4 
0.248216 0.252045 4 
0.0893833 0.104549 4 
0.0658771 0.0708041 4 
0.0596697 0.0618507 4 
0.053736 0.0540641 4 
0.0537335 0.0614292 4 
0.0505033 0.0523972 4 
0.0503316 0.0569352 4 
0.0479882 0.0496263 4 
1.54258 1.64583 5 
1.29543 3.85222 5 
0.109752 0.117251 5 
0.0669423 0.08008 5 
0.0581708 0.0715486 5 
3.09986 3.31646 6 
3.09763 3.23973 6 
1.88252 3.3371 6 
1.62172 1.71696 6 
1.42108 1.45121 6 
1.4085 1.45011 6 
1.37387 1.38901 6 
0.105565 0.125353 6 
0.0874841 0.0923099 6 
0.0742236 0.075871 6 
0.0699179 0.0710578 6 
0.0420859 0.0496172 6 
2.36552 2.60911 7 
2.31151 2.73683 7 
2.31122 2.7133 7 
2.11361 2.7373 7 
1.61084 1.642 7 
1.03364 1.04508 7 
1.00381 1.02385 7 
0.119638 0.120225 7 
0.0547138 0.0605533 7 
0.0527341 0.0593708 7 
2.27399 2.31598 8 
2.17472 2.4402 8 
1.94969 3.3071 8 
1.8737 2.57436 8 
1.09611 1.15716 8 
0.334889 0.347986 8 
0.0801899 0.0910544 8 
1.93875 2.04313 9 
1.79195 1.9457 9 
1.46239 2.34449 9 
1.06272 1.27493 9 
0.83728 0.86671 9 
2.06524 2.08798 10 
1.96228 2.05653 10 
1.84741 2.39158 10 
1.84736 2.42791 10 
1.24784 2.0755 10 
1.16003 1.36646 10 
0.705179 0.711227 10 
0.490364 0.495091 10 
1.97736 2.66872 11 
1.97736 2.75237 11 
1.71614 1.75787 11 
1.59567 1.81 11 
0.656344 0.66263 11 
1.87043 1.87869 12 
1.87037 1.87863 12 
1.77049 1.82781 12 
1.76986 1.79338 12 
1.66113 1.75606 12 
1.65486 1.72349 12 
1.52117 1.58256 12 
1.2903 1.30965 13 
1.25947 1.3216 13 
1.25605 1.26426 13 
1.09277 1.13394 13 
1.07784 1.08116 13 
0.87119 1.0345 13 
1.09756 1.15496 14 
1.01625 1.04227 14 
0.859526 1.04959 14 
0.763918 0.767115 14 
0.746947 0.754973 14 
1.84422 2.10375 15 
1.84402 2.11664 15 
1.84385 2.11664 15 
1.05079 1.05477 15 
0.890305 1.07394 15 
0.881565 1.00642 15 
0.682806 0.684073 15 
1.92359 2.62438 16 
1.92359 2.62438 16 
1.92278 2.6234 16 
1.42771 1.44952 16 
1.35726 1.50503 16 
1.96053 1.9683 17 
1.96041 1.96823 17 
1.95923 1.96548 17 
2.05906 2.12801 18 
1.42539 2.12206 18 
1.4219 2.10769 18 
1.39595 1.4827 19 
1.39438 1.58758 19 
1.39166 1.46578 19 
1.09595 1.13925 19 
1.25359 1.43183 20 
1.14425 1.43644 20 
1.13863 1.53554 20 
0.694892 0.79088 20 
