8.20851 9.6231 1 
1.17266 1.20895 1 
0.506208 1.23579 1 
0.393141 0.404963 1 
0.340769 0.404963 1 
0.259171 0.274211 1 
0.185534 0.189437 1 
0.16165 0.166115 1 
0.122764 0.151431 1 
0.115247 0.13355 1 
0.0979538 0.104911 1 
0.0960055 0.104908 1 
0.0951524 0.138534 1 
0.091371 0.0962843 1 
0.0910762 0.106956 1 
0.0874325 0.0877383 1 
0.0868011 0.0874322 1 
0.0864961 0.092846 1 
0.0842741 0.0976814 1 
0.0829705 0.0849221 1 
0.0829705 0.0839537 1 
0.0816598 0.0852358 1 
0.0816591 0.106701 1 
0.0816587 0.0874273 1 
0.0789608 0.0849221 1 
0.0761653 0.0942935 1 
6.67403 8.00802 2 
6.6313 7.92552 2 
6.59653 8.00684 2 
6.37664 7.0704 2 
0.440743 1.68835 2 
0.36533 0.371223 2 
0.325473 0.36093 2 
0.32009 0.332146 2 
0.304912 0.343855 2 
0.290251 0.402615 2 
0.107715 0.111911 2 
0.102557 0.108717 2 
0.102556 0.104909 2 
0.0880481 0.0951543 2 
0.0842733 0.0996035 2 
0.0842728 0.0996034 2 
0.0775775 0.0836287 2 
0.0768761 0.0842749 2 
0.0761665 0.0880483 2 
0.0584472 0.0589113 2 
0.0560766 0.0598157 2 
0.481314 1.68687 3 
0.341163 0.369834 3 
0.334258 0.359727 3 
0.328871 0.371733 3 
0.326965 0.357687 3 
0.115485 0.120535 3 
0.111907 0.122766 3 
0.109954 0.125387 3 
0.10771 0.116657 3 
0.100413 0.108463 3 
0.0987852 0.106955 3 
0.0962919 0.0985052 3 
0.0937215 0.0996064 3 
0.0883622 0.0942945 3 
0.0858668 0.090477 3 
1.3053 1.41133 4 
1.29866 1.40182 4 
0.638817 0.712301 4 
0.396026 0.399973 4 
0.379883 1.43715 4 
0.282492 0.331656 4 
0.263631 0.265576 4 
0.260007 0.302865 4 
0.258115 0.266184 4 
0.258115 0.267707 4 
0.181405 0.196881 4 
0.115715 0.119631 4 
0.112385 0.127742 4 
0.0725148 0.0747229 4 
1.18819 1.24095 5 
1.18819 1.27852 5 
0.836546 0.910753 5 
0.829134 1.28149 5 
0.379383 0.380456 5 
0.376659 0.392239 5 
0.355022 0.358367 5 
0.115484 0.120765 5 
0.109702 0.132528 5 
0.108961 0.113594 5 
0.108461 0.110442 5 
0.10123 0.104906 5 
0.097403 0.100415 5 
0.0957231 0.109457 5 
0.0925516 0.0960035 5 
0.086802 0.111661 5 
1.09906 1.12738 6 
1.08266 1.09154 6 
1.07603 1.09166 6 
1.02748 1.13096 6 
0.990957 1.11881 6 
0.942851 1.20463 6 
0.271332 0.310811 6 
0.208775 0.216169 6 
0.191434 0.2111 6 
0.130682 0.136562 6 
0.0886602 0.0962823 6 
0.921183 0.927215 7 
0.875468 0.884246 7 
0.867921 0.952687 7 
0.861652 1.07958 7 
0.102551 0.129847 7 
0.100956 0.130471 7 
1.4164 1.42533 8 
1.35324 1.51078 8 
1.13746 1.19014 8 
0.964845 1.00227 8 
0.933372 0.933952 8 
0.868786 0.959264 8 
0.82946 0.988369 8 
1.31422 1.37378 9 
1.14243 1.16454 9 
1.11493 1.2106 9 
0.893487 0.939046 9 
0.777644 0.80706 9 
0.718168 0.841975 9 
0.692836 0.734425 9 
0.124728 0.127954 9 
0.680458 0.729105 10 
0.674455 0.699202 10 
0.664417 0.729638 10 
0.460581 0.49419 10 
1.03356 1.18279 11 
1.03356 1.3365 11 
0.604245 0.615452 11 
0.485443 0.648055 11 
0.940738 0.94317 12 
0.79611 0.814122 12 
0.552801 0.573165 12 
0.525814 0.657401 12 
0.461397 0.502833 12 
0.31652 0.340531 12 
0.224153 0.237009 12 
0.776387 0.824309 13 
0.754938 0.83636 13 
0.632441 0.731783 13 
0.507719 0.546789 13 
0.233628 0.251334 13 
1.12671 1.14487 14 
0.681456 0.734668 14 
0.584782 0.61116 14 
0.49397 0.496876 14 
0.478701 0.525093 14 
0.212247 0.215659 14 
1.45743 1.46351 15 
0.750113 0.821414 15 
0.295797 0.333118 15 
1.11186 1.29105 16 
1.09593 1.33428 16 
0.969803 0.984476 16 
1.51391 1.52662 17 
1.45853 1.54888 17 
1.33434 1.45214 17 
1.21897 1.22292 17 
1.2163 1.22343 17 
1.2042 1.35103 17 
1.19954 1.38884 17 
0.227871 0.246199 17 
1.37042 1.46658 18 
1.27651 1.29967 18 
1.27062 1.27985 18 
1.25705 1.26938 18 
0.279381 0.30099 18 
0.275964 0.28009 18 
0.799609 0.824022 19 
0.299716 0.300799 19 
0.296442 0.300799 19 
0.229735 0.232247 19 
