0 0.0245828 1 
0 0.0254527 1 
0 0.025865 1 
0 0.0258739 1 
0 0.0282684 1 
0 0.0344557 1 
0 0.035383 1 
0 0.0368765 1 
0 0.0380277 1 
0 0.0383119 1 
0 0.0391479 1 
0 0.0410324 1 
0 0.0415551 1 
0 0.0420718 1 
0 0.0430852 1 
0 0.0440769 1 
0 0.0448046 1 
0 0.0455187 1 
0 0.0462227 1 
0 0.046467 1 
0 0.0471529 1 
0 0.0473768 1 
0 0.0480603 1 
0 0.0491692 1 
0 0.0491692 1 
0 0.0506828 1 
0 0.0506829 1 
0 0.050687 1 
0 0.0521453 1 
0 0.052148 1 
0 0.0521498 1 
0 0.052966 1 
0 0.0531719 1 
0 0.0545781 1 
0 0.0545783 1 
0 0.0551669 1 
0 0.0551694 1 
0 0.0559461 1 
0 0.0559461 1 
0 0.0576502 1 
0 0.0582101 1 
0 0.0589514 1 
0 0.0600404 1 
0 0.0600405 1 
0 0.0626719 1 
0 0.0630197 1 
0 0.0638724 1 
0 0.0642066 1 
0 0.0643793 1 
0 0.0647109 1 
0 0.0647113 1 
0 0.064714 1 
0 0.0648736 1 
0 0.0655399 1 
0 0.0674804 1 
0 0.0692249 1 
0 0.0695375 1 
0 0.0703144 1 
0 0.0704632 1 
0 0.0704635 1 
0 0.0704642 1 
0 0.0709189 1 
0 0.0712212 1 
0 0.0719752 1 
0 0.0721261 1 
0 0.072127 1 
0 0.0770475 1 
0 0.0810046 1 
0 0.0810046 1 
0 0.0889999 1 
0 0.0890028 1 
0 0.0929164 1 
0 0.0985555 1 
0 0.100292 1 
0 0.100402 1 
0 0.100722 1 
0 0.101471 1 
0 0.109454 1 
0 0.118815 1 
0 0.120264 1 
0 0.120351 1 
0 0.12097 1 
0 0.122397 1 
0 0.124147 1 
0 0.12596 1 
0 0.131083 1 
0 0.135217 1 
0 0.135452 1 
0 0.137512 1 
0 0.155967 1 
0 0.159193 1 
0 0.165766 1 
0 0.165836 1 
0 0.177103 1 
0 0.189122 1 
0 0.199836 1 
0 0.206215 1 
0 0.206215 1 
0 0.206215 1 
0 0.216429 1 
0 0.243599 1 
0 0.29836 1 
0 0.305473 1 
0 0.415415 1 
0 0.461881 1 
0 0.490625 1 
0 0.492438 1 
0 0.561532 1 
0 0.583427 1 
0 0.590317 1 
0 0.604253 1 
0 0.646449 1 
0 0.652866 1 
0 0.688886 1 
0 0.749217 1 
0 0.790848 1 
0 0.813946 1 
0 0.900644 1 
0 0.977965 1 
0 1.01213 1 
0 1.07747 1 
0 1.23276 1 
0 1.75428 1 
0 1.78742 1 
0 2.63085 1 
0 2.67292 1 
0 3.3624 1 
0 3.69842 1 
0 4.19083 1 
0 4.20304 1 
0 4.29564 1 
0 inf 1 
0 0.0103906 2 
0 0.0113779 2 
0 0.013938 2 
0 0.0173848 2 
0 0.0217917 2 
0 0.0286483 2 
0 0.0301123 2 
0 0.0315084 2 
0 0.0353834 2 
0 0.0391401 2 
0 0.0405032 2 
0 0.0405037 2 
0 0.0430792 2 
0 0.0455136 2 
0 0.0476025 2 
0 0.0480603 2 
0 0.0485051 2 
0 0.0491693 2 
0 0.049385 2 
0 0.0502544 2 
0 0.0504693 2 
0 0.0506827 2 
0 0.0506898 2 
0 0.051104 2 
0 0.0517325 2 
0 0.0519442 2 
0 0.0525619 2 
0 0.0547743 2 
0 0.0563296 2 
0 0.0576541 2 
0 0.0585875 2 
0 0.0596832 2 
0 0.0600386 2 
0 0.0609303 2 
0 0.0611141 2 
0 0.0618124 2 
0 0.0619938 2 
0 0.0621586 2 
0 0.0631943 2 
0 0.0633639 2 
0 0.0636995 2 
0 0.0637003 2 
0 0.0638721 2 
0 0.0663582 2 
0 0.0665191 2 
0 0.0674921 2 
0 0.0690676 2 
0 0.0690684 2 
0 0.0706107 2 
0 0.0712244 2 
0 0.0718232 2 
0 0.0724266 2 
0 0.0725746 2 
0 0.0757762 2 
0 0.079254 2 
0 0.0824583 2 
0 0.0841447 2 
0 0.084531 2 
0 0.0918699 2 
0 0.0922216 2 
0 0.0933825 2 
0 0.0991036 2 
0 0.116058 2 
0 0.125525 2 
0 0.127909 2 
0 0.130251 2 
0 0.130251 2 
0 0.134009 2 
0 0.134254 2 
0 0.136404 2 
0 0.137036 2 
0 0.137428 2 
0 0.151478 2 
0 0.154855 2 
0 0.156519 2 
0 0.157002 2 
0 0.167713 2 
0 0.172783 2 
0 0.17347 2 
0 0.1774 2 
0 0.179156 2 
0 0.180057 2 
0 0.180241 2 
0 0.183858 2 
0 0.188262 2 
0 0.191055 2 
0 0.193743 2 
0 0.195028 2 
0 0.211744 2 
0 0.242171 2 
0 0.284393 2 
0 0.366882 2 
0 0.367928 2 
0 0.445613 2 
0 0.460129 2 
0 0.496589 2 
0 0.496931 2 
0 0.511671 2 
0 0.515285 2 
0 0.586539 2 
0 0.593181 2 
0 0.624086 2 
0 0.625742 2 
0 0.686592 2 
0 0.715788 2 
0 0.73677 2 
0 0.738306 2 
0 0.751321 2 
0 0.76402 2 
0 0.77875 2 
0 0.793764 2 
0 0.801044 2 
0 0.820312 2 
0 0.988347 2 
0 1.06074 2 
0 1.45287 2 
0 1.53396 2 
0 2.19942 2 
0 2.77495 2 
0 2.81812 2 
0 3.02755 2 
0 3.10812 2 
0 3.13989 2 
0 3.167 2 
0 3.27931 2 
0 3.80192 2 
0 3.82301 2 
0 inf 2 
0 0.0321896 3 
0 0.03538 3 
0 0.0368742 3 
0 0.0394227 3 
0 0.0418178 3 
0 0.0428286 3 
0 0.0459906 3 
0 0.0462251 3 
0 0.0469223 3 
0 0.0471516 3 
0 0.0478317 3 
0 0.0482815 3 
0 0.0485095 3 
0 0.049822 3 
0 0.0506839 3 
0 0.0510982 3 
0 0.0513142 3 
0 0.0515273 3 
0 0.0517407 3 
0 0.0519443 3 
0 0.0523585 3 
0 0.0523602 3 
0 0.0523607 3 
0 0.0539822 3 
0 0.0563304 3 
0 0.0570938 3 
0 0.0576595 3 
0 0.0593182 3 
0 0.0602197 3 
0 0.0604017 3 
0 0.0618124 3 
0 0.0642102 3 
0 0.064541 3 
0 0.0648787 3 
0 0.066686 3 
0 0.0666864 3 
0 0.0668429 3 
0 0.068127 3 
0 0.0682891 3 
0 0.0741967 3 
0 0.0783001 3 
0 0.0795277 3 
0 0.0795285 3 
0 0.0800705 3 
0 0.0888843 3 
0 0.102322 3 
0 0.102843 3 
0 0.104925 3 
0 0.105331 3 
0 0.10584 3 
0 0.117072 3 
0 0.117445 3 
0 0.122747 3 
0 0.12397 3 
0 0.126299 3 
0 0.126977 3 
0 0.127993 3 
0 0.127993 3 
0 0.129253 3 
0 0.146552 3 
0 0.147358 3 
0 0.14882 3 
0 0.149756 3 
0 0.149972 3 
0 0.150904 3 
0 0.152752 3 
0 0.152755 3 
0 0.155623 3 
0 0.157484 3 
0 0.158032 3 
0 0.158308 3 
0 0.158991 3 
0 0.159534 3 
0 0.159868 3 
0 0.159869 3 
0 0.162213 3 
0 0.264617 3 
0 0.319153 3 
0 0.341553 3 
0 0.359572 3 
0 0.426447 3 
0 0.433394 3 
0 0.434588 3 
0 0.455268 3 
0 0.455327 3 
0 0.47254 3 
0 0.474948 3 
0 0.480082 3 
0 0.48355 3 
0 0.56205 3 
0 0.582118 3 
0 0.607676 3 
0 0.611757 3 
0 0.612986 3 
0 0.625503 3 
0 0.648752 3 
0 0.655728 3 
0 0.660048 3 
0 0.662478 3 
0 0.663129 3 
0 0.714147 3 
0 0.718006 3 
0 0.718618 3 
0 0.721238 3 
0 0.742539 3 
0 0.761355 3 
0 0.993544 3 
0 1.10501 3 
0 1.39736 3 
0 2.01105 3 
0 2.17328 3 
0 2.31044 3 
0 2.50487 3 
0 2.54638 3 
0 2.54983 3 
0 2.55054 3 
0 2.57645 3 
0 2.58001 3 
0 2.58082 3 
0 2.90596 3 
0 3.36831 3 
0 3.50805 3 
0 3.53222 3 
0 inf 3 
0 0.0146901 4 
0 0.0331803 4 
0 0.0341416 4 
0 0.0341443 4 
0 0.0374486 4 
0 0.039696 4 
0 0.0407762 4 
0 0.0443166 4 
0 0.0457584 4 
0 0.0537801 4 
0 0.0551699 4 
0 0.0553609 4 
0 0.0561348 4 
0 0.058216 4 
0 0.0589494 4 
0 0.0600402 4 
0 0.0605754 4 
0 0.0612874 4 
0 0.0614601 4 
0 0.0626836 4 
0 0.0637036 4 
0 0.0638719 4 
0 0.0643792 4 
0 0.0653786 4 
0 0.0655414 4 
0 0.0655435 4 
0 0.065545 4 
0 0.0679681 4 
0 0.068122 4 
0 0.068446 4 
0 0.069063 4 
0 0.0693805 4 
0 0.069849 4 
0 0.0715236 4 
0 0.0728655 4 
0 0.0740448 4 
0 0.0784385 4 
0 0.0796689 4 
0 0.0802034 4 
0 0.083112 4 
0 0.084142 4 
0 0.0842728 4 
0 0.0887625 4 
0 0.0944195 4 
0 0.100294 4 
0 0.104093 4 
0 0.104404 4 
0 0.106655 4 
0 0.107763 4 
0 0.110432 4 
0 0.120259 4 
0 0.130999 4 
0 0.13141 4 
0 0.132475 4 
0 0.136329 4 
0 0.141687 4 
0 0.146185 4 
0 0.152756 4 
0 0.152893 4 
0 0.152893 4 
0 0.153807 4 
0 0.153807 4 
0 0.153882 4 
0 0.154023 4 
0 0.161142 4 
0 0.165052 4 
0 0.171467 4 
0 0.215683 4 
0 0.302057 4 
0 0.369587 4 
0 0.381821 4 
0 0.38712 4 
0 0.409775 4 
0 0.462762 4 
0 0.480326 4 
0 0.491756 4 
0 0.502051 4 
0 0.552013 4 
0 0.553125 4 
0 0.555446 4 
0 0.572387 4 
0 0.576918 4 
0 0.579903 4 
0 0.590193 4 
0 0.600761 4 
0 0.601728 4 
0 0.601728 4 
0 0.624345 4 
0 0.636265 4 
0 0.65291 4 
0 0.660601 4 
0 0.66081 4 
0 0.669016 4 
0 0.677633 4 
0 0.67865 4 
0 0.687944 4 
0 0.695311 4 
0 0.700938 4 
0 0.737202 4 
0 0.742596 4 
0 0.794547 4 
0 0.895512 4 
0 0.897439 4 
0 0.900129 4 
0 1.02116 4 
0 1.42831 4 
0 1.65362 4 
0 1.69005 4 
0 1.69594 4 
0 1.70875 4 
0 1.98244 4 
0 2.32263 4 
0 2.42474 4 
0 2.5332 4 
0 2.53337 4 
0 2.53352 4 
0 2.89634 4 
0 3.00515 4 
0 3.04093 4 
0 inf 4 
0 0.0308169 5 
0 0.0404969 5 
0 0.0428284 5 
0 0.0438263 5 
0 0.044067 5 
0 0.0445602 5 
0 0.0457529 5 
0 0.0469174 5 
0 0.0471514 5 
0 0.0471516 5 
0 0.0482865 5 
0 0.0496053 5 
0 0.0508949 5 
0 0.0517335 5 
0 0.0523564 5 
0 0.0545709 5 
0 0.0570921 5 
0 0.0582167 5 
0 0.0582184 5 
0 0.0605759 5 
0 0.0607523 5 
0 0.0607534 5 
0 0.0611077 5 
0 0.0614563 5 
0 0.0642129 5 
0 0.0653783 5 
0 0.0674875 5 
0 0.0678086 5 
0 0.0681214 5 
0 0.0696956 5 
0 0.070461 5 
0 0.0716742 5 
0 0.0728717 5 
0 0.0753466 5 
0 0.0753466 5 
0 0.0784349 5 
0 0.0784388 5 
0 0.0808732 5 
0 0.0816673 5 
0 0.0870439 5 
0 0.0906827 5 
0 0.0940762 5 
0 0.0941894 5 
0 0.101151 5 
0 0.108066 5 
0 0.109258 5 
0 0.110141 5 
0 0.116617 5 
0 0.124578 5 
0 0.138213 5 
0 0.145296 5 
0 0.151692 5 
0 0.15226 5 
0 0.162945 5 
0 0.166221 5 
0 0.168157 5 
0 0.168477 5 
0 0.194358 5 
0 0.19436 5 
0 0.207672 5 
0 0.304406 5 
0 0.339686 5 
0 0.420389 5 
0 0.427982 5 
0 0.468427 5 
0 0.471114 5 
0 0.494459 5 
0 0.502148 5 
0 0.502577 5 
0 0.5027 5 
0 0.509568 5 
0 0.517746 5 
0 0.523979 5 
0 0.524884 5 
0 0.525192 5 
0 0.54858 5 
0 0.556451 5 
0 0.557131 5 
0 0.559411 5 
0 0.586304 5 
0 0.594899 5 
0 0.634211 5 
0 0.639056 5 
0 0.659496 5 
0 0.667947 5 
0 0.670704 5 
0 0.675323 5 
0 0.684362 5 
0 0.685038 5 
0 0.688512 5 
0 0.711812 5 
0 1.05175 5 
0 1.1506 5 
0 1.17331 5 
0 1.18111 5 
0 1.18125 5 
0 1.18445 5 
0 1.26786 5 
0 1.43117 5 
0 1.64665 5 
0 1.70852 5 
0 1.72681 5 
0 1.81429 5 
0 1.85586 5 
0 1.85929 5 
0 1.88097 5 
0 1.89243 5 
0 1.9097 5 
0 1.95186 5 
0 1.98811 5 
0 1.98963 5 
0 1.99841 5 
0 1.99917 5 
0 2.00565 5 
0 2.07675 5 
0 inf 5 
0 0.0232348 6 
0 0.0328557 6 
0 0.0353829 6 
0 0.0368748 6 
0 0.0385873 6 
0 0.0394182 6 
0 0.0440777 6 
0 0.0440788 6 
0 0.0457578 6 
0 0.0457582 6 
0 0.0504672 6 
0 0.0504672 6 
0 0.053175 6 
0 0.0547744 6 
0 0.0551629 6 
0 0.0565242 6 
0 0.0582161 6 
0 0.0582176 6 
0 0.0612865 6 
0 0.061987 6 
0 0.0625055 6 
0 0.0637023 6 
0 0.0647124 6 
0 0.0689174 6 
0 0.0724258 6 
0 0.0769045 6 
0 0.0785714 6 
0 0.0792543 6 
0 0.0812667 6 
0 0.082326 6 
0 0.0827147 6 
0 0.0828513 6 
0 0.083112 6 
0 0.0866745 6 
0 0.0893664 6 
0 0.0899716 6 
0 0.0924547 6 
0 0.0932672 6 
0 0.0952187 6 
0 0.0999713 6 
0 0.106659 6 
0 0.109348 6 
0 0.119628 6 
0 0.134979 6 
0 0.150767 6 
0 0.150838 6 
0 0.154022 6 
0 0.154999 6 
0 0.157417 6 
0 0.157485 6 
0 0.162214 6 
0 0.16925 6 
0 0.211778 6 
0 0.307298 6 
0 0.309922 6 
0 0.353745 6 
0 0.365834 6 
0 0.366453 6 
0 0.401585 6 
0 0.431592 6 
0 0.436962 6 
0 0.456106 6 
0 0.46815 6 
0 0.514283 6 
0 0.516108 6 
0 0.516314 6 
0 0.525453 6 
0 0.540143 6 
0 0.546017 6 
0 0.546099 6 
0 0.546811 6 
0 0.548471 6 
0 0.551826 6 
0 0.562916 6 
0 0.573746 6 
0 0.594748 6 
0 0.599656 6 
0 0.601812 6 
0 0.62397 6 
0 0.631016 6 
0 0.642145 6 
0 0.642296 6 
0 0.655207 6 
0 0.66013 6 
0 0.661567 6 
0 0.727881 6 
0 0.733894 6 
0 0.763536 6 
0 0.862284 6 
0 0.942459 6 
0 1.04742 6 
0 1.17433 6 
0 1.1907 6 
0 1.19938 6 
0 1.22832 6 
0 1.42045 6 
0 1.48842 6 
0 1.51999 6 
0 1.52116 6 
0 1.52331 6 
0 1.56546 6 
0 1.57378 6 
0 1.60656 6 
0 1.61602 6 
0 1.62848 6 
0 1.68928 6 
0 1.7099 6 
0 1.98557 6 
0 2.05461 6 
0 2.11585 6 
0 2.48116 6 
0 inf 6 
0 0.0410344 7 
0 0.0412907 7 
0 0.0452801 7 
0 0.0527676 7 
0 0.0576521 7 
0 0.0576528 7 
0 0.0584027 7 
0 0.0585798 7 
0 0.0591308 7 
0 0.0594985 7 
0 0.0602184 7 
0 0.063867 7 
0 0.066034 7 
0 0.0696897 7 
0 0.0700016 7 
0 0.0700042 7 
0 0.0716771 7 
0 0.0739007 7 
0 0.0743379 7 
0 0.075774 7 
0 0.0763413 7 
0 0.0763434 7 
0 0.0774654 7 
0 0.0781572 7 
0 0.0797987 7 
0 0.0808735 7 
0 0.0818036 7 
0 0.0819342 7 
0 0.0819351 7 
0 0.0874164 7 
0 0.0891242 7 
0 0.0904477 7 
0 0.0929194 7 
0 0.0985552 7 
0 0.103053 7 
0 0.109254 7 
0 0.125956 7 
0 0.131901 7 
0 0.134493 7 
0 0.148748 7 
0 0.157074 7 
0 0.157281 7 
0 0.170392 7 
0 0.173157 7 
0 0.183252 7 
0 0.185841 7 
0 0.239709 7 
0 0.243462 7 
0 0.303697 7 
0 0.356183 7 
0 0.356698 7 
0 0.371086 7 
0 0.391812 7 
0 0.400626 7 
0 0.403445 7 
0 0.409357 7 
0 0.450739 7 
0 0.470749 7 
0 0.493675 7 
0 0.494118 7 
0 0.49497 7 
0 0.497 7 
0 0.498549 7 
0 0.503809 7 
0 0.517145 7 
0 0.531923 7 
0 0.544151 7 
0 0.545542 7 
0 0.55736 7 
0 0.564364 7 
0 0.566559 7 
0 0.575637 7 
0 0.585881 7 
0 0.611791 7 
0 0.6202 7 
0 0.620479 7 
0 0.628509 7 
0 0.635567 7 
0 0.687849 7 
0 0.688811 7 
0 0.693847 7 
0 0.70528 7 
0 0.705675 7 
0 0.79169 7 
0 1.00437 7 
0 1.01451 7 
0 1.08133 7 
0 1.16411 7 
0 1.1643 7 
0 1.17265 7 
0 1.17343 7 
0 1.40482 7 
0 1.42621 7 
0 1.44215 7 
0 1.56476 7 
0 1.59031 7 
0 1.59796 7 
0 1.60985 7 
0 1.73279 7 
0 1.74966 7 
0 1.75069 7 
0 1.75456 7 
0 1.7673 7 
0 1.90589 7 
0 1.92193 7 
0 2.04498 7 
0 2.12621 7 
0 inf 7 
0 0.0399683 8 
0 0.0413007 8 
0 0.0529717 8 
0 0.0529741 8 
0 0.0535787 8 
0 0.056708 8 
0 0.060756 8 
0 0.0618055 8 
0 0.0640423 8 
0 0.0670103 8 
0 0.069222 8 
0 0.0770425 8 
0 0.0792553 8 
0 0.0810065 8 
0 0.0838891 8 
0 0.0855459 8 
0 0.0881539 8 
0 0.0898516 8 
0 0.0904505 8 
0 0.0941845 8 
0 0.0945272 8 
0 0.0958923 8 
0 0.0958923 8 
0 0.0962304 8 
0 0.0992126 8 
0 0.100297 8 
0 0.110237 8 
0 0.112272 8 
0 0.115965 8 
0 0.124926 8 
0 0.126043 8 
0 0.129249 8 
0 0.141154 8 
0 0.15091 8 
0 0.153604 8 
0 0.155073 8 
0 0.160071 8 
0 0.191055 8 
0 0.195837 8 
0 0.196404 8 
0 0.261242 8 
0 0.265951 8 
0 0.272565 8 
0 0.274772 8 
0 0.275713 8 
0 0.310931 8 
0 0.392231 8 
0 0.429427 8 
0 0.431432 8 
0 0.438577 8 
0 0.45327 8 
0 0.456898 8 
0 0.467481 8 
0 0.497209 8 
0 0.497643 8 
0 0.501748 8 
0 0.505755 8 
0 0.52164 8 
0 0.523807 8 
0 0.529708 8 
0 0.544226 8 
0 0.546333 8 
0 0.553429 8 
0 0.554226 8 
0 0.568816 8 
0 0.584719 8 
0 0.60577 8 
0 0.614844 8 
0 0.625157 8 
0 0.649223 8 
0 0.649822 8 
0 0.655135 8 
0 0.658823 8 
0 0.658832 8 
0 0.685305 8 
0 0.72811 8 
0 0.744852 8 
0 0.749536 8 
0 0.751851 8 
0 0.776956 8 
0 0.833957 8 
0 0.929046 8 
0 0.970804 8 
0 0.995092 8 
0 1.01328 8 
0 1.05631 8 
0 1.17114 8 
0 1.22282 8 
0 1.30248 8 
0 1.33375 8 
0 1.38575 8 
0 1.38761 8 
0 1.38777 8 
0 1.41834 8 
0 1.43363 8 
0 1.47099 8 
0 1.4711 8 
0 1.58201 8 
0 1.59817 8 
0 1.6006 8 
0 1.61884 8 
0 1.63273 8 
0 1.64716 8 
0 inf 8 
0 0.0496047 9 
0 0.0537791 9 
0 0.0539791 9 
0 0.0557528 9 
0 0.0569039 9 
0 0.0580324 9 
0 0.061278 9 
0 0.0640353 9 
0 0.0640377 9 
0 0.0653715 9 
0 0.0678063 9 
0 0.0721236 9 
0 0.0774626 9 
0 0.0774632 9 
0 0.0787107 9 
0 0.0880303 9 
0 0.0955579 9 
0 0.0969023 9 
0 0.11624 9 
0 0.116337 9 
0 0.126298 9 
0 0.126898 9 
0 0.127154 9 
0 0.130337 9 
0 0.143278 9 
0 0.148312 9 
0 0.154155 9 
0 0.155067 9 
0 0.166613 9 
0 0.170452 9 
0 0.196626 9 
0 0.200104 9 
0 0.200911 9 
0 0.224831 9 
0 0.226028 9 
0 0.255517 9 
0 0.289721 9 
0 0.30751 9 
0 0.333845 9 
0 0.342424 9 
0 0.348862 9 
0 0.359017 9 
0 0.414977 9 
0 0.418217 9 
0 0.435171 9 
0 0.439613 9 
0 0.450237 9 
0 0.451607 9 
0 0.467828 9 
0 0.507821 9 
0 0.5114 9 
0 0.527322 9 
0 0.540926 9 
0 0.545926 9 
0 0.548522 9 
0 0.587242 9 
0 0.590544 9 
0 0.590818 9 
0 0.596098 9 
0 0.61486 9 
0 0.615702 9 
0 0.631359 9 
0 0.638833 9 
0 0.646561 9 
0 0.653781 9 
0 0.661871 9 
0 0.662311 9 
0 0.682133 9 
0 0.685117 9 
0 0.697213 9 
0 0.796925 9 
0 0.823379 9 
0 0.823694 9 
0 0.870078 9 
0 0.948328 9 
0 0.97803 9 
0 0.980156 9 
0 0.982532 9 
0 1.01709 9 
0 1.05965 9 
0 1.06046 9 
0 1.12235 9 
0 1.16678 9 
0 1.18524 9 
0 1.19333 9 
0 1.2582 9 
0 1.30279 9 
0 1.38511 9 
0 1.38554 9 
0 1.43185 9 
0 1.50523 9 
0 1.50538 9 
0 1.60533 9 
0 1.61022 9 
0 1.68367 9 
0 1.74884 9 
0 1.74889 9 
0 1.9302 9 
0 1.93022 9 
0 inf 9 
0 0.0217884 10 
0 0.0605764 10 
0 0.0609311 10 
0 0.0635305 10 
0 0.0647129 10 
0 0.0750579 10 
0 0.0823253 10 
0 0.0905709 10 
0 0.0918699 10 
0 0.0972379 10 
0 0.103569 10 
0 0.107147 10 
0 0.112943 10 
0 0.123884 10 
0 0.126896 10 
0 0.137895 10 
0 0.13829 10 
0 0.147948 10 
0 0.150044 10 
0 0.150688 10 
0 0.155489 10 
0 0.16693 10 
0 0.167639 10 
0 0.174891 10 
0 0.17508 10 
0 0.190924 10 
0 0.228787 10 
0 0.233446 10 
0 0.262022 10 
0 0.29472 10 
0 0.29531 10 
0 0.31589 10 
0 0.318686 10 
0 0.320148 10 
0 0.320711 10 
0 0.398866 10 
0 0.409194 10 
0 0.414017 10 
0 0.42124 10 
0 0.42562 10 
0 0.426401 10 
0 0.429427 10 
0 0.429427 10 
0 0.431007 10 
0 0.445252 10 
0 0.450713 10 
0 0.453487 10 
0 0.466789 10 
0 0.470462 10 
0 0.470669 10 
0 0.495427 10 
0 0.495776 10 
0 0.545958 10 
0 0.549288 10 
0 0.552618 10 
0 0.606745 10 
0 0.610243 10 
0 0.611568 10 
0 0.613415 10 
0 0.626411 10 
0 0.629625 10 
0 0.629785 10 
0 0.644037 10 
0 0.662981 10 
0 0.680524 10 
0 0.680905 10 
0 0.707678 10 
0 0.763704 10 
0 0.764269 10 
0 0.822511 10 
0 0.957805 10 
0 0.986582 10 
0 1.0092 10 
0 1.01002 10 
0 1.01033 10 
0 1.01364 10 
0 1.01682 10 
0 1.08791 10 
0 1.08826 10 
0 1.31791 10 
0 1.35008 10 
0 1.35152 10 
0 1.35547 10 
0 1.37428 10 
0 1.38651 10 
0 1.3904 10 
0 1.39211 10 
0 1.42107 10 
0 1.42113 10 
0 1.42401 10 
0 1.59104 10 
0 1.59202 10 
0 1.71696 10 
0 1.87843 10 
0 1.87851 10 
0 inf 10 
0 0.0533727 11 
0 0.0582135 11 
0 0.0626855 11 
0 0.0730131 11 
0 0.0908091 11 
0 0.118084 11 
0 0.119536 11 
0 0.123188 11 
0 0.126215 11 
0 0.127151 11 
0 0.128751 11 
0 0.129257 11 
0 0.133198 11 
0 0.13743 11 
0 0.149751 11 
0 0.152829 11 
0 0.154096 11 
0 0.178434 11 
0 0.187673 11 
0 0.19105 11 
0 0.212248 11 
0 0.232566 11 
0 0.255367 11 
0 0.300486 11 
0 0.302205 11 
0 0.323266 11 
0 0.324585 11 
0 0.325263 11 
0 0.355851 11 
0 0.362833 11 
0 0.393544 11 
0 0.403996 11 
0 0.404259 11 
0 0.413686 11 
0 0.418536 11 
0 0.418945 11 
0 0.427511 11 
0 0.431109 11 
0 0.439193 11 
0 0.441009 11 
0 0.472146 11 
0 0.501317 11 
0 0.502693 11 
0 0.546017 11 
0 0.559551 11 
0 0.560631 11 
0 0.576301 11 
0 0.576758 11 
0 0.578096 11 
0 0.586268 11 
0 0.588528 11 
0 0.588752 11 
0 0.589042 11 
0 0.592214 11 
0 0.602771 11 
0 0.618187 11 
0 0.618239 11 
0 0.622649 11 
0 0.623065 11 
0 0.63328 11 
0 0.65394 11 
0 0.694396 11 
0 0.712162 11 
0 0.83548 11 
0 0.83579 11 
0 0.865593 11 
0 0.879758 11 
0 0.896782 11 
0 0.898082 11 
0 0.903366 11 
0 0.904226 11 
0 0.905261 11 
0 0.920913 11 
0 0.940692 11 
0 0.981304 11 
0 0.987167 11 
0 0.993409 11 
0 0.993409 11 
0 0.99861 11 
0 1.21676 11 
0 1.21734 11 
0 1.38557 11 
0 1.38932 11 
0 1.38978 11 
0 1.38988 11 
0 1.39022 11 
0 1.59722 11 
0 1.59795 11 
0 1.7 11 
0 1.70231 11 
0 1.70232 11 
0 inf 11 
0 0.0799264 12 
0 0.105947 12 
0 0.115964 12 
0 0.130584 12 
0 0.135126 12 
0 0.136167 12 
0 0.162679 12 
0 0.170008 12 
0 0.18179 12 
0 0.183212 12 
0 0.184951 12 
0 0.194514 12 
0 0.217524 12 
0 0.21874 12 
0 0.257927 12 
0 0.274823 12 
0 0.289214 12 
0 0.304447 12 
0 0.304866 12 
0 0.306329 12 
0 0.310068 12 
0 0.320953 12 
0 0.321667 12 
0 0.32354 12 
0 0.332116 12 
0 0.344402 12 
0 0.357131 12 
0 0.357458 12 
0 0.377422 12 
0 0.379696 12 
0 0.406575 12 
0 0.415037 12 
0 0.420742 12 
0 0.432342 12 
0 0.444083 12 
0 0.447131 12 
0 0.448084 12 
0 0.448794 12 
0 0.452756 12 
0 0.454316 12 
0 0.463871 12 
0 0.466967 12 
0 0.468796 12 
0 0.47051 12 
0 0.471612 12 
0 0.501856 12 
0 0.501985 12 
0 0.503231 12 
0 0.504266 12 
0 0.506779 12 
0 0.509349 12 
0 0.513439 12 
0 0.521604 12 
0 0.521852 12 
0 0.530407 12 
0 0.565202 12 
0 0.568466 12 
0 0.656757 12 
0 0.701411 12 
0 0.701426 12 
0 0.701795 12 
0 0.705856 12 
0 0.706727 12 
0 0.724448 12 
0 0.727792 12 
0 0.728504 12 
0 0.730163 12 
0 0.801813 12 
0 0.818 12 
0 0.899996 12 
0 0.946202 12 
0 0.971143 12 
0 0.980805 12 
0 1.00013 12 
0 1.00047 12 
0 1.02537 12 
0 1.11088 12 
0 1.38789 12 
0 1.39162 12 
0 1.44264 12 
0 1.44274 12 
0 1.44525 12 
0 1.59035 12 
0 1.59393 12 
0 1.61447 12 
0 1.61517 12 
0 1.61577 12 
0 inf 12 
0 0.0633593 13 
0 0.0710658 13 
0 0.113806 13 
0 0.123175 13 
0 0.139926 13 
0 0.150259 13 
0 0.161408 13 
0 0.177343 13 
0 0.19179 13 
0 0.220333 13 
0 0.230843 13 
0 0.28504 13 
0 0.287866 13 
0 0.298846 13 
0 0.305723 13 
0 0.312847 13 
0 0.316014 13 
0 0.323288 13 
0 0.325437 13 
0 0.327124 13 
0 0.327289 13 
0 0.329874 13 
0 0.338255 13 
0 0.354891 13 
0 0.355646 13 
0 0.365582 13 
0 0.366408 13 
0 0.369313 13 
0 0.375706 13 
0 0.378729 13 
0 0.378786 13 
0 0.379469 13 
0 0.379498 13 
0 0.392032 13 
0 0.405617 13 
0 0.411065 13 
0 0.422372 13 
0 0.424727 13 
0 0.463581 13 
0 0.469298 13 
0 0.490146 13 
0 0.497861 13 
0 0.499386 13 
0 0.506884 13 
0 0.544259 13 
0 0.544735 13 
0 0.549783 13 
0 0.558813 13 
0 0.592515 13 
0 0.638033 13 
0 0.638371 13 
0 0.639722 13 
0 0.669048 13 
0 0.693445 13 
0 0.696701 13 
0 0.708987 13 
0 0.708987 13 
0 0.924072 13 
0 0.954351 13 
0 0.991314 13 
0 1.01601 13 
0 1.05182 13 
0 1.05419 13 
0 1.07324 13 
0 1.08104 13 
0 1.09266 13 
0 1.09281 13 
0 1.09479 13 
0 1.10195 13 
0 1.10886 13 
0 1.21788 13 
0 1.21792 13 
0 1.21803 13 
0 1.38828 13 
0 1.39111 13 
0 1.49137 13 
0 1.49253 13 
0 1.49354 13 
0 1.59989 13 
0 1.59989 13 
0 1.6892 13 
0 1.68998 13 
0 1.69042 13 
0 inf 13 
0 0.0504663 14 
0 0.0598537 14 
0 0.0679556 14 
0 0.0743354 14 
0 0.138514 14 
0 0.160943 14 
0 0.163539 14 
0 0.186185 14 
0 0.226832 14 
0 0.242353 14 
0 0.274943 14 
0 0.280729 14 
0 0.281458 14 
0 0.28165 14 
0 0.282682 14 
0 0.283178 14 
0 0.308576 14 
0 0.31098 14 
0 0.311916 14 
0 0.312364 14 
0 0.315322 14 
0 0.324372 14 
0 0.332196 14 
0 0.332878 14 
0 0.339062 14 
0 0.340063 14 
0 0.340415 14 
0 0.342221 14 
0 0.36859 14 
0 0.389796 14 
0 0.392005 14 
0 0.396521 14 
0 0.396956 14 
0 0.406011 14 
0 0.42678 14 
0 0.478277 14 
0 0.485251 14 
0 0.487348 14 
0 0.490103 14 
0 0.504579 14 
0 0.522978 14 
0 0.523473 14 
0 0.524174 14 
0 0.530009 14 
0 0.562777 14 
0 0.625336 14 
0 0.625382 14 
0 0.63667 14 
0 0.636941 14 
0 0.637119 14 
0 0.727581 14 
0 0.729639 14 
0 0.733356 14 
0 0.734753 14 
0 0.740873 14 
0 0.741455 14 
0 0.741673 14 
0 0.986555 14 
0 0.994823 14 
0 1.00367 14 
0 1.00397 14 
0 1.00436 14 
0 1.07046 14 
0 1.0879 14 
0 1.09215 14 
0 1.0922 14 
0 1.10199 14 
0 1.38975 14 
0 1.39387 14 
0 1.42523 14 
0 1.4255 14 
0 1.42571 14 
0 1.60243 14 
0 1.66053 14 
0 1.66068 14 
0 1.66068 14 
0 1.95731 14 
0 1.95743 14 
0 1.95744 14 
0 inf 14 
0 0.0741882 15 
0 0.0840092 15 
0 0.0938401 15 
0 0.110722 15 
0 0.111499 15 
0 0.116238 15 
0 0.153815 15 
0 0.173891 15 
0 0.206318 15 
0 0.206319 15 
0 0.215783 15 
0 0.225543 15 
0 0.240369 15 
0 0.240413 15 
0 0.241487 15 
0 0.282603 15 
0 0.291755 15 
0 0.30307 15 
0 0.305905 15 
0 0.31098 15 
0 0.31098 15 
0 0.314939 15 
0 0.315658 15 
0 0.317397 15 
0 0.325754 15 
0 0.326812 15 
0 0.326832 15 
0 0.353126 15 
0 0.368209 15 
0 0.390542 15 
0 0.391535 15 
0 0.391535 15 
0 0.391949 15 
0 0.492222 15 
0 0.502492 15 
0 0.502556 15 
0 0.502759 15 
0 0.503929 15 
0 0.505234 15 
0 0.523417 15 
0 0.535983 15 
0 0.557227 15 
0 0.583438 15 
0 0.584621 15 
0 0.585064 15 
0 0.629475 15 
0 0.632998 15 
0 0.656117 15 
0 0.737928 15 
0 0.743596 15 
0 0.744915 15 
0 0.80005 15 
0 0.805321 15 
0 0.805923 15 
0 0.97492 15 
0 1.02314 15 
0 1.02823 15 
0 1.0289 15 
0 1.02918 15 
0 1.03948 15 
0 1.03962 15 
0 1.04163 15 
0 1.06275 15 
0 1.06731 15 
0 1.06764 15 
0 1.06766 15 
0 1.32567 15 
0 1.39866 15 
0 1.39988 15 
0 1.40003 15 
0 1.40051 15 
0 1.60247 15 
0 1.773 15 
0 1.7731 15 
0 1.774 15 
0 inf 15 
0 0.0919821 16 
0 0.0919824 16 
0 0.12449 16 
0 0.126639 16 
0 0.14743 16 
0 0.164648 16 
0 0.173272 16 
0 0.174461 16 
0 0.183959 16 
0 0.18507 16 
0 0.192069 16 
0 0.20363 16 
0 0.206786 16 
0 0.221974 16 
0 0.225017 16 
0 0.312701 16 
0 0.31339 16 
0 0.313631 16 
0 0.313668 16 
0 0.314936 16 
0 0.318889 16 
0 0.319964 16 
0 0.3315 16 
0 0.332354 16 
0 0.333133 16 
0 0.351635 16 
0 0.38657 16 
0 0.388464 16 
0 0.478096 16 
0 0.517485 16 
0 0.517756 16 
0 0.523726 16 
0 0.525597 16 
0 0.527319 16 
0 0.550114 16 
0 0.551433 16 
0 0.551726 16 
0 0.552684 16 
0 0.557041 16 
0 0.59084 16 
0 0.599594 16 
0 0.628413 16 
0 0.659352 16 
0 0.662793 16 
0 0.677991 16 
0 0.679899 16 
0 0.69985 16 
0 0.830074 16 
0 0.830594 16 
0 0.830906 16 
0 0.856863 16 
0 0.98357 16 
0 1.00861 16 
0 1.01751 16 
0 1.01751 16 
0 1.01828 16 
0 1.01848 16 
0 1.06273 16 
0 1.15884 16 
0 1.18108 16 
0 1.19146 16 
0 1.21076 16 
0 1.29603 16 
0 1.41851 16 
0 1.41856 16 
0 1.4186 16 
0 1.4186 16 
0 1.61633 16 
0 1.62527 16 
0 1.63101 16 
0 1.63181 16 
0 inf 16 
0 0.0663527 17 
0 0.0810013 17 
0 0.0810015 17 
0 0.139526 17 
0 0.139526 17 
0 0.139913 17 
0 0.16814 17 
0 0.174523 17 
0 0.251746 17 
0 0.252302 17 
0 0.258375 17 
0 0.284802 17 
0 0.334198 17 
0 0.336675 17 
0 0.337955 17 
0 0.340659 17 
0 0.395983 17 
0 0.397859 17 
0 0.397859 17 
0 0.398157 17 
0 0.455454 17 
0 0.473333 17 
0 0.500654 17 
0 0.502182 17 
0 0.502784 17 
0 0.503791 17 
0 0.535341 17 
0 0.545032 17 
0 0.545685 17 
0 0.546831 17 
0 0.548463 17 
0 0.549328 17 
0 0.550407 17 
0 0.551289 17 
0 0.562727 17 
0 0.582277 17 
0 0.582333 17 
0 0.589627 17 
0 0.59109 17 
0 0.594583 17 
0 0.698042 17 
0 0.698088 17 
0 0.699031 17 
0 0.761912 17 
0 0.802127 17 
0 0.809187 17 
0 0.809387 17 
0 0.95176 17 
0 1.02726 17 
0 1.04133 17 
0 1.04136 17 
0 1.04288 17 
0 1.04296 17 
0 1.09302 17 
0 1.10879 17 
0 1.1244 17 
0 1.128 17 
0 1.1283 17 
0 1.16715 17 
0 1.41343 17 
0 1.41378 17 
0 1.41383 17 
0 1.41718 17 
0 1.62846 17 
0 1.64647 17 
0 1.64859 17 
0 1.64859 17 
0 inf 17 
0 0.146701 18 
0 0.149253 18 
0 0.14947 18 
0 0.150046 18 
0 0.163254 18 
0 0.163585 18 
0 0.164833 18 
0 0.167433 18 
0 0.259374 18 
0 0.261528 18 
0 0.263461 18 
0 0.26546 18 
0 0.309088 18 
0 0.319291 18 
0 0.322619 18 
0 0.398861 18 
0 0.400481 18 
0 0.40094 18 
0 0.401343 18 
0 0.467043 18 
0 0.467689 18 
0 0.46815 18 
0 0.500269 18 
0 0.512947 18 
0 0.512947 18 
0 0.513094 18 
0 0.513178 18 
0 0.543957 18 
0 0.545562 18 
0 0.547517 18 
0 0.552121 18 
0 0.552804 18 
0 0.58469 18 
0 0.585125 18 
0 0.586304 18 
0 0.586304 18 
0 0.593467 18 
0 0.59702 18 
0 0.603851 18 
0 0.611141 18 
0 0.641921 18 
0 0.642542 18 
0 0.755765 18 
0 0.76485 18 
0 0.770544 18 
0 0.782461 18 
0 0.841119 18 
0 0.863226 18 
0 0.937281 18 
0 0.937649 18 
0 0.942299 18 
0 1.0153 18 
0 1.01564 18 
0 1.01661 18 
0 1.0288 18 
0 1.43159 18 
0 1.43189 18 
0 1.43189 18 
0 1.43686 18 
0 1.66417 18 
0 1.67898 18 
0 1.67961 18 
0 1.99525 18 
0 inf 18 
0 0.132227 19 
0 0.140152 19 
0 0.154296 19 
0 0.155482 19 
0 0.158655 19 
0 0.158655 19 
0 0.159198 19 
0 0.160404 19 
0 0.168475 19 
0 0.212287 19 
0 0.213049 19 
0 0.213049 19 
0 0.300157 19 
0 0.300158 19 
0 0.311278 19 
0 0.377044 19 
0 0.394316 19 
0 0.396064 19 
0 0.397451 19 
0 0.418219 19 
0 0.465781 19 
0 0.465897 19 
0 0.467238 19 
0 0.469348 19 
0 0.469348 19 
0 0.469738 19 
0 0.484789 19 
0 0.54801 19 
0 0.548108 19 
0 0.548108 19 
0 0.557679 19 
0 0.570939 19 
0 0.578769 19 
0 0.580556 19 
0 0.585733 19 
0 0.58715 19 
0 0.587665 19 
0 0.630041 19 
0 0.633612 19 
0 0.633867 19 
0 0.718864 19 
0 0.760477 19 
0 0.763649 19 
0 0.765761 19 
0 0.837354 19 
0 1.02278 19 
0 1.02303 19 
0 1.02367 19 
0 1.02856 19 
0 1.04144 19 
0 1.04395 19 
0 1.04432 19 
0 1.3289 19 
0 1.41259 19 
0 1.41944 19 
0 1.41944 19 
0 1.69668 19 
0 1.69693 19 
0 1.70422 19 
0 inf 19 
0 0.104507 20 
0 0.105544 20 
0 0.111801 20 
0 0.111897 20 
0 0.122742 20 
0 0.146698 20 
0 0.147069 20 
0 0.152754 20 
0 0.153953 20 
0 0.154443 20 
0 0.154719 20 
0 0.172149 20 
0 0.214861 20 
0 0.215614 20 
0 0.302272 20 
0 0.302272 20 
0 0.316401 20 
0 0.348666 20 
0 0.397118 20 
0 0.415352 20 
0 0.415482 20 
0 0.418712 20 
0 0.421282 20 
0 0.429381 20 
0 0.469647 20 
0 0.470565 20 
0 0.471596 20 
0 0.549621 20 
0 0.550328 20 
0 0.556472 20 
0 0.583204 20 
0 0.584534 20 
0 0.598548 20 
0 0.612711 20 
0 0.613151 20 
0 0.613415 20 
0 0.644221 20 
0 0.649809 20 
0 0.650623 20 
0 0.690773 20 
0 0.766572 20 
0 0.767248 20 
0 0.776088 20 
0 0.780176 20 
0 0.895446 20 
0 1.00609 20 
0 1.00931 20 
0 1.00939 20 
0 1.01029 20 
0 1.42239 20 
0 1.42297 20 
0 1.71539 20 
0 1.71541 20 
0 1.71614 20 
0 2.72146 20 
0 inf 20 
