0 0.0172555 1 
0 0.02268 1 
0 0.0232685 1 
0 0.0244072 1 
0 0.0270335 1 
0 0.0320744 1 
0 0.034902 1 
0 0.034902 1 
0 0.034902 1 
0 0.0364186 1 
0 0.0371522 1 
0 0.0396204 1 
0 0.0406325 1 
0 0.0412926 1 
0 0.0432137 1 
0 0.0432168 1 
0 0.0435328 1 
0 0.0447565 1 
0 0.0453566 1 
0 0.0453566 1 
0 0.0459488 1 
0 0.0459557 1 
0 0.0479677 1 
0 0.0493579 1 
0 0.049631 1 
0 0.0496321 1 
0 0.0504406 1 
0 0.0504437 1 
0 0.0512411 1 
0 0.0512418 1 
0 0.0515047 1 
0 0.0522876 1 
0 0.0525451 1 
0 0.0525501 1 
0 0.0527999 1 
0 0.0528018 1 
0 0.0535655 1 
0 0.0535664 1 
0 0.0540686 1 
0 0.0543171 1 
0 0.0553064 1 
0 0.0553068 1 
0 0.0555502 1 
0 0.0555517 1 
0 0.057473 1 
0 0.057473 1 
0 0.0577013 1 
0 0.0584001 1 
0 0.0593152 1 
0 0.0593181 1 
0 0.0597713 1 
0 0.0613391 1 
0 0.0622156 1 
0 0.0622189 1 
0 0.0635151 1 
0 0.0643516 1 
0 0.064777 1 
0 0.0651925 1 
0 0.065394 1 
0 0.0680353 1 
0 0.0692185 1 
0 0.0707644 1 
0 0.071146 1 
0 0.0711475 1 
0 0.0724646 1 
0 0.0724733 1 
0 0.0732131 1 
0 0.0755753 1 
0 0.0761091 1 
0 0.0764644 1 
0 0.0773493 1 
0 0.07856 1 
0 0.0800939 1 
0 0.0827557 1 
0 0.0842144 1 
0 0.0859647 1 
0 0.0859647 1 
0 0.0859647 1 
0 0.0875237 1 
0 0.0886002 1 
0 0.0890571 1 
0 0.0899676 1 
0 0.0916036 1 
0 0.0950855 1 
0 0.097193 1 
0 0.0994052 1 
0 0.100614 1 
0 0.103662 1 
0 0.105477 1 
0 0.119207 1 
0 0.124537 1 
0 0.125511 1 
0 0.127222 1 
0 0.145867 1 
0 0.147524 1 
0 0.151058 1 
0 0.159349 1 
0 0.173105 1 
0 0.193898 1 
0 0.199275 1 
0 0.22553 1 
0 0.241466 1 
0 0.250918 1 
0 0.263568 1 
0 0.287523 1 
0 0.28996 1 
0 0.307715 1 
0 0.323034 1 
0 0.349197 1 
0 0.349555 1 
0 0.35903 1 
0 0.362741 1 
0 0.372268 1 
0 0.388063 1 
0 0.390904 1 
0 0.397902 1 
0 0.465406 1 
0 0.503952 1 
0 0.53452 1 
0 0.895418 1 
0 1.43927 1 
0 1.8709 1 
0 2.32924 1 
0 2.66506 1 
0 2.74174 1 
0 3.13417 1 
0 3.90162 1 
0 5.53826 1 
0 6.34319 1 
0 6.66274 1 
0 6.66403 1 
0 inf 1 
0 0.02268 2 
0 0.024955 2 
0 0.0265286 2 
0 0.0265345 2 
0 0.0280196 2 
0 0.028498 2 
0 0.028498 2 
0 0.0298909 2 
0 0.0298909 2 
0 0.0307805 2 
0 0.0307805 2 
0 0.0352843 2 
0 0.0371592 2 
0 0.0392786 2 
0 0.0399627 2 
0 0.0399633 2 
0 0.0406325 2 
0 0.0422684 2 
0 0.0438377 2 
0 0.0453578 2 
0 0.0453578 2 
0 0.049631 2 
0 0.0499032 2 
0 0.0525454 2 
0 0.0535606 2 
0 0.0538153 2 
0 0.0550659 2 
0 0.0555489 2 
0 0.0569934 2 
0 0.0569945 2 
0 0.057464 2 
0 0.057464 2 
0 0.0579339 2 
0 0.0604487 2 
0 0.0608971 2 
0 0.0645633 2 
0 0.0647724 2 
0 0.0651925 2 
0 0.0660239 2 
0 0.0668303 2 
0 0.0668325 2 
0 0.0678327 2 
0 0.068034 2 
0 0.0682364 2 
0 0.0688264 2 
0 0.069804 2 
0 0.0701874 2 
0 0.0701874 2 
0 0.0705741 2 
0 0.0707622 2 
0 0.0713455 2 
0 0.0715274 2 
0 0.071904 2 
0 0.0720929 2 
0 0.0722839 2 
0 0.0724666 2 
0 0.0730294 2 
0 0.0766417 2 
0 0.0787346 2 
0 0.0802647 2 
0 0.0822635 2 
0 0.0827544 2 
0 0.0837372 2 
0 0.0848545 2 
0 0.0856472 2 
0 0.0867477 2 
0 0.0921933 2 
0 0.101552 2 
0 0.10975 2 
0 0.116914 2 
0 0.121124 2 
0 0.124977 2 
0 0.125517 2 
0 0.128499 2 
0 0.129339 2 
0 0.13467 2 
0 0.149344 2 
0 0.151055 2 
0 0.151686 2 
0 0.158749 2 
0 0.160275 2 
0 0.166654 2 
0 0.170504 2 
0 0.171455 2 
0 0.180756 2 
0 0.199399 2 
0 0.212867 2 
0 0.215899 2 
0 0.243802 2 
0 0.249019 2 
0 0.249182 2 
0 0.249572 2 
0 0.250755 2 
0 0.252155 2 
0 0.254118 2 
0 0.26038 2 
0 0.276969 2 
0 0.279117 2 
0 0.323826 2 
0 0.323957 2 
0 0.34287 2 
0 0.342881 2 
0 0.343316 2 
0 0.343421 2 
0 0.345816 2 
0 0.388692 2 
0 0.390258 2 
0 0.428731 2 
0 0.439936 2 
0 0.440918 2 
0 0.487463 2 
0 0.8648 2 
0 1.35219 2 
0 1.40063 2 
0 1.64691 2 
0 1.6628 2 
0 2.08599 2 
0 2.34555 2 
0 3.13109 2 
0 4.01986 2 
0 4.21665 2 
0 4.44573 2 
0 4.52586 2 
0 5.33333 2 
0 5.58345 2 
0 5.58876 2 
0 5.80791 2 
0 inf 2 
0 0.0226785 3 
0 0.0265293 3 
0 0.028498 3 
0 0.028498 3 
0 0.028498 3 
0 0.0298857 3 
0 0.0298857 3 
0 0.0312133 3 
0 0.0337199 3 
0 0.0352873 3 
0 0.0382338 3 
0 0.0382338 3 
0 0.045053 3 
0 0.0450553 3 
0 0.0476806 3 
0 0.0476828 3 
0 0.0501729 3 
0 0.0504437 3 
0 0.051249 3 
0 0.0517655 3 
0 0.0517661 3 
0 0.0522872 3 
0 0.0525452 3 
0 0.0535656 3 
0 0.0569909 3 
0 0.0581664 3 
0 0.0586318 3 
0 0.0588606 3 
0 0.0617842 3 
0 0.0626544 3 
0 0.0635069 3 
0 0.0645617 3 
0 0.0651933 3 
0 0.0653956 3 
0 0.0656082 3 
0 0.0668292 3 
0 0.0709603 3 
0 0.0713384 3 
0 0.0726563 3 
0 0.0755745 3 
0 0.075576 3 
0 0.0761126 3 
0 0.0766381 3 
0 0.0768225 3 
0 0.0782164 3 
0 0.0792463 3 
0 0.0795875 3 
0 0.0807702 3 
0 0.0817682 3 
0 0.0835675 3 
0 0.0876811 3 
0 0.0895109 3 
0 0.0899635 3 
0 0.101685 3 
0 0.102744 3 
0 0.108265 3 
0 0.11195 3 
0 0.12541 3 
0 0.1307 3 
0 0.1307 3 
0 0.135275 3 
0 0.13755 3 
0 0.141149 3 
0 0.142296 3 
0 0.142581 3 
0 0.161534 3 
0 0.163375 3 
0 0.169147 3 
0 0.169228 3 
0 0.176354 3 
0 0.177577 3 
0 0.183643 3 
0 0.191305 3 
0 0.196815 3 
0 0.198856 3 
0 0.20109 3 
0 0.201486 3 
0 0.202911 3 
0 0.203233 3 
0 0.206994 3 
0 0.210232 3 
0 0.222569 3 
0 0.224083 3 
0 0.253332 3 
0 0.264985 3 
0 0.266358 3 
0 0.278273 3 
0 0.286014 3 
0 0.302564 3 
0 0.316162 3 
0 0.328261 3 
0 0.331268 3 
0 0.334678 3 
0 0.34417 3 
0 0.345702 3 
0 0.351488 3 
0 0.352765 3 
0 0.367091 3 
0 0.382183 3 
0 0.383652 3 
0 0.389508 3 
0 0.398004 3 
0 0.414711 3 
0 0.459307 3 
0 0.853805 3 
0 1.18239 3 
0 1.48322 3 
0 1.58391 3 
0 1.65072 3 
0 1.86155 3 
0 1.91641 3 
0 2.59267 3 
0 2.82235 3 
0 2.87452 3 
0 2.90007 3 
0 2.90599 3 
0 3.26628 3 
0 3.26777 3 
0 3.26781 3 
0 4.51369 3 
0 4.93609 3 
0 4.94922 3 
0 4.95126 3 
0 inf 3 
0 0.0280196 4 
0 0.0280196 4 
0 0.0294351 4 
0 0.0312167 4 
0 0.0320744 4 
0 0.0324932 4 
0 0.0352843 4 
0 0.0396191 4 
0 0.0396191 4 
0 0.0406325 4 
0 0.0444546 4 
0 0.0485279 4 
0 0.0493568 4 
0 0.0496355 4 
0 0.0548148 4 
0 0.0574621 4 
0 0.0584011 4 
0 0.0586339 4 
0 0.0586372 4 
0 0.0593172 4 
0 0.0597793 4 
0 0.0599997 4 
0 0.060011 4 
0 0.060453 4 
0 0.0611165 4 
0 0.0613402 4 
0 0.0613402 4 
0 0.0630787 4 
0 0.0635059 4 
0 0.0639404 4 
0 0.0645722 4 
0 0.0672332 4 
0 0.0672351 4 
0 0.0688307 4 
0 0.0690216 4 
0 0.0696056 4 
0 0.0733947 4 
0 0.0739454 4 
0 0.0755734 4 
0 0.0776943 4 
0 0.0780412 4 
0 0.0792462 4 
0 0.081604 4 
0 0.0850126 4 
0 0.0873694 4 
0 0.103269 4 
0 0.108891 4 
0 0.109378 4 
0 0.11657 4 
0 0.118866 4 
0 0.11932 4 
0 0.119664 4 
0 0.121569 4 
0 0.122018 4 
0 0.123231 4 
0 0.124216 4 
0 0.126591 4 
0 0.145676 4 
0 0.152841 4 
0 0.157121 4 
0 0.158829 4 
0 0.177126 4 
0 0.17743 4 
0 0.195778 4 
0 0.196811 4 
0 0.199196 4 
0 0.19967 4 
0 0.206665 4 
0 0.213127 4 
0 0.219129 4 
0 0.221881 4 
0 0.226741 4 
0 0.241468 4 
0 0.260293 4 
0 0.267677 4 
0 0.269138 4 
0 0.273827 4 
0 0.279114 4 
0 0.292996 4 
0 0.303241 4 
0 0.303867 4 
0 0.321305 4 
0 0.326488 4 
0 0.327811 4 
0 0.331632 4 
0 0.33273 4 
0 0.356605 4 
0 0.358804 4 
0 0.366655 4 
0 0.371149 4 
0 0.397476 4 
0 0.404965 4 
0 0.407531 4 
0 0.420103 4 
0 0.425004 4 
0 0.486982 4 
0 0.875469 4 
0 1.25361 4 
0 1.28828 4 
0 1.30915 4 
0 1.59382 4 
0 1.65563 4 
0 1.68475 4 
0 1.76943 4 
0 1.77128 4 
0 1.77411 4 
0 1.77923 4 
0 2.28966 4 
0 2.30142 4 
0 2.30204 4 
0 2.30213 4 
0 2.86013 4 
0 2.97552 4 
0 2.98282 4 
0 2.98357 4 
0 2.98386 4 
0 3.06622 4 
0 3.07168 4 
0 3.07796 4 
0 inf 4 
0 0.02268 5 
0 0.0280214 5 
0 0.033315 5 
0 0.039279 5 
0 0.0399641 5 
0 0.0409639 5 
0 0.0429021 5 
0 0.0429021 5 
0 0.0438422 5 
0 0.0438427 5 
0 0.0447562 5 
0 0.0447594 5 
0 0.0479677 5 
0 0.0490822 5 
0 0.0504411 5 
0 0.0504417 5 
0 0.0520285 5 
0 0.0533105 5 
0 0.0535635 5 
0 0.0540754 5 
0 0.0543209 5 
0 0.0548203 5 
0 0.0550581 5 
0 0.0557941 5 
0 0.0557941 5 
0 0.0567631 5 
0 0.0586313 5 
0 0.063082 5 
0 0.0639303 5 
0 0.0639324 5 
0 0.0639327 5 
0 0.0688261 5 
0 0.0709581 5 
0 0.0719006 5 
0 0.0722803 5 
0 0.0743108 5 
0 0.0759299 5 
0 0.0773451 5 
0 0.079935 5 
0 0.0829159 5 
0 0.0843761 5 
0 0.0879872 5 
0 0.0924845 5 
0 0.100485 5 
0 0.10573 5 
0 0.113271 5 
0 0.113272 5 
0 0.124217 5 
0 0.124217 5 
0 0.12808 5 
0 0.132339 5 
0 0.140283 5 
0 0.151984 5 
0 0.158235 5 
0 0.159176 5 
0 0.159258 5 
0 0.167456 5 
0 0.168266 5 
0 0.191227 5 
0 0.195777 5 
0 0.196533 5 
0 0.197905 5 
0 0.224466 5 
0 0.225128 5 
0 0.226387 5 
0 0.243717 5 
0 0.267677 5 
0 0.278329 5 
0 0.281809 5 
0 0.289026 5 
0 0.289625 5 
0 0.300583 5 
0 0.322653 5 
0 0.333828 5 
0 0.334677 5 
0 0.342474 5 
0 0.343081 5 
0 0.359607 5 
0 0.359871 5 
0 0.359871 5 
0 0.364519 5 
0 0.365558 5 
0 0.368655 5 
0 0.372462 5 
0 0.374057 5 
0 0.375358 5 
0 0.4419 5 
0 0.571603 5 
0 0.865097 5 
0 0.868891 5 
0 1.27309 5 
0 1.40429 5 
0 1.44624 5 
0 1.47628 5 
0 1.48937 5 
0 1.51939 5 
0 1.58664 5 
0 1.66517 5 
0 1.66843 5 
0 2.21086 5 
0 2.23677 5 
0 2.238 5 
0 2.23876 5 
0 2.34011 5 
0 2.34138 5 
0 2.34181 5 
0 2.34569 5 
0 2.47262 5 
0 2.4729 5 
0 2.47381 5 
0 2.48145 5 
0 3.01433 5 
0 3.02974 5 
0 3.03316 5 
0 3.06059 5 
0 inf 5 
0 0.0307817 6 
0 0.0316435 6 
0 0.0320737 6 
0 0.0320744 6 
0 0.0345095 6 
0 0.0348986 6 
0 0.0352873 6 
0 0.0364214 6 
0 0.0435278 6 
0 0.0447567 6 
0 0.0450609 6 
0 0.0493558 6 
0 0.0504449 6 
0 0.0517655 6 
0 0.0557959 6 
0 0.056278 6 
0 0.0579382 6 
0 0.0586383 6 
0 0.061116 6 
0 0.061342 6 
0 0.0639374 6 
0 0.0645633 6 
0 0.0645634 6 
0 0.066422 6 
0 0.0699975 6 
0 0.0709549 6 
0 0.0735731 6 
0 0.0746741 6 
0 0.0759258 6 
0 0.0785609 6 
0 0.0802664 6 
0 0.0873751 6 
0 0.0887551 6 
0 0.0905663 6 
0 0.0916033 6 
0 0.097199 6 
0 0.103534 6 
0 0.103792 6 
0 0.120116 6 
0 0.120118 6 
0 0.122684 6 
0 0.124865 6 
0 0.12787 6 
0 0.130383 6 
0 0.140669 6 
0 0.141437 6 
0 0.141819 6 
0 0.150787 6 
0 0.159796 6 
0 0.164113 6 
0 0.165427 6 
0 0.169222 6 
0 0.173407 6 
0 0.198998 6 
0 0.202774 6 
0 0.204705 6 
0 0.212999 6 
0 0.216279 6 
0 0.234064 6 
0 0.23972 6 
0 0.248374 6 
0 0.251529 6 
0 0.25287 6 
0 0.259997 6 
0 0.261473 6 
0 0.262506 6 
0 0.270629 6 
0 0.272535 6 
0 0.287571 6 
0 0.314846 6 
0 0.325452 6 
0 0.332126 6 
0 0.332452 6 
0 0.335048 6 
0 0.390808 6 
0 0.399938 6 
0 0.430954 6 
0 0.442642 6 
0 0.442642 6 
0 0.503093 6 
0 0.730991 6 
0 0.755034 6 
0 0.775282 6 
0 0.815497 6 
0 0.8327 6 
0 0.859888 6 
0 0.866287 6 
0 0.887419 6 
0 0.88959 6 
0 1.21761 6 
0 1.24736 6 
0 1.35547 6 
0 1.58401 6 
0 1.66552 6 
0 1.67601 6 
0 1.71532 6 
0 1.72182 6 
0 1.72182 6 
0 1.7243 6 
0 2.28287 6 
0 2.28292 6 
0 2.28334 6 
0 2.28789 6 
0 2.42921 6 
0 2.43808 6 
0 2.44351 6 
0 2.48073 6 
0 2.78676 6 
0 2.78699 6 
0 2.7875 6 
0 2.79818 6 
0 inf 6 
0 0.0289685 7 
0 0.0303381 7 
0 0.0307797 7 
0 0.0396217 7 
0 0.0396217 7 
0 0.0422647 7 
0 0.046243 7 
0 0.0485281 7 
0 0.0504417 7 
0 0.0533105 7 
0 0.0548155 7 
0 0.0595468 7 
0 0.0600001 7 
0 0.0611177 7 
0 0.0613396 7 
0 0.0619912 7 
0 0.0619963 7 
0 0.062863 7 
0 0.0630797 7 
0 0.0733961 7 
0 0.0744917 7 
0 0.0755799 7 
0 0.0766429 7 
0 0.0802688 7 
0 0.0817626 7 
0 0.085487 7 
0 0.0879861 7 
0 0.0902622 7 
0 0.0940842 7 
0 0.100482 7 
0 0.100885 7 
0 0.10089 7 
0 0.101685 7 
0 0.102084 7 
0 0.102752 7 
0 0.103403 7 
0 0.105086 7 
0 0.107011 7 
0 0.114813 7 
0 0.116456 7 
0 0.128502 7 
0 0.133963 7 
0 0.142232 7 
0 0.164277 7 
0 0.165016 7 
0 0.184242 7 
0 0.184972 7 
0 0.187299 7 
0 0.205622 7 
0 0.222105 7 
0 0.227879 7 
0 0.230746 7 
0 0.239947 7 
0 0.254192 7 
0 0.284877 7 
0 0.293682 7 
0 0.296239 7 
0 0.29993 7 
0 0.30137 7 
0 0.302567 7 
0 0.308897 7 
0 0.324955 7 
0 0.330097 7 
0 0.334476 7 
0 0.342146 7 
0 0.342356 7 
0 0.343293 7 
0 0.344248 7 
0 0.344355 7 
0 0.365307 7 
0 0.370243 7 
0 0.528334 7 
0 0.534523 7 
0 0.546543 7 
0 0.617534 7 
0 0.690848 7 
0 0.702986 7 
0 0.709121 7 
0 0.746576 7 
0 0.862903 7 
0 0.936614 7 
0 1.24766 7 
0 1.27045 7 
0 1.32079 7 
0 1.32718 7 
0 1.32824 7 
0 1.40621 7 
0 1.52159 7 
0 1.59224 7 
0 1.65563 7 
0 1.65688 7 
0 1.65702 7 
0 1.65871 7 
0 1.66144 7 
0 1.66625 7 
0 1.67222 7 
0 1.68272 7 
0 1.68821 7 
0 1.68971 7 
0 1.79976 7 
0 1.79976 7 
0 1.80138 7 
0 1.8039 7 
0 2.33099 7 
0 2.33195 7 
0 2.33913 7 
0 2.33918 7 
0 inf 7 
0 0.0238425 8 
0 0.0412951 8 
0 0.0425867 8 
0 0.0485302 8 
0 0.0545619 8 
0 0.0602244 8 
0 0.0630771 8 
0 0.0676423 8 
0 0.0678312 8 
0 0.0682322 8 
0 0.0688266 8 
0 0.0728357 8 
0 0.0776934 8 
0 0.0782097 8 
0 0.0792472 8 
0 0.0817675 8 
0 0.0829199 8 
0 0.0848499 8 
0 0.0876769 8 
0 0.0898073 8 
0 0.0917515 8 
0 0.101687 8 
0 0.101821 8 
0 0.102741 8 
0 0.104313 8 
0 0.10432 8 
0 0.106885 8 
0 0.11327 8 
0 0.115409 8 
0 0.115634 8 
0 0.115636 8 
0 0.115752 8 
0 0.116107 8 
0 0.118983 8 
0 0.122053 8 
0 0.128813 8 
0 0.148251 8 
0 0.149621 8 
0 0.152664 8 
0 0.172637 8 
0 0.178064 8 
0 0.188691 8 
0 0.203107 8 
0 0.216445 8 
0 0.220348 8 
0 0.222564 8 
0 0.222807 8 
0 0.245215 8 
0 0.246151 8 
0 0.253732 8 
0 0.254458 8 
0 0.255026 8 
0 0.257312 8 
0 0.28677 8 
0 0.322191 8 
0 0.325991 8 
0 0.327772 8 
0 0.335937 8 
0 0.336782 8 
0 0.364527 8 
0 0.365269 8 
0 0.416477 8 
0 0.435793 8 
0 0.475879 8 
0 0.493722 8 
0 0.566485 8 
0 0.702909 8 
0 0.705983 8 
0 0.725944 8 
0 0.727788 8 
0 0.741002 8 
0 0.90598 8 
0 0.949101 8 
0 0.989319 8 
0 1.08869 8 
0 1.23872 8 
0 1.24608 8 
0 1.27724 8 
0 1.28374 8 
0 1.2851 8 
0 1.2979 8 
0 1.30701 8 
0 1.31399 8 
0 1.31417 8 
0 1.32955 8 
0 1.36636 8 
0 1.4203 8 
0 1.56275 8 
0 1.59293 8 
0 1.60852 8 
0 1.6108 8 
0 1.6108 8 
0 1.64041 8 
0 1.65667 8 
0 1.65675 8 
0 1.66853 8 
0 1.66881 8 
0 1.6692 8 
0 1.67666 8 
0 1.70443 8 
0 1.70456 8 
0 1.71364 8 
0 1.7353 8 
0 inf 8 
0 0.0324932 9 
0 0.0337184 9 
0 0.054818 9 
0 0.0615602 9 
0 0.0630796 9 
0 0.0645634 9 
0 0.0662209 9 
0 0.0692234 9 
0 0.070575 9 
0 0.0735742 9 
0 0.0769952 9 
0 0.0837303 9 
0 0.0838847 9 
0 0.0865883 9 
0 0.0870573 9 
0 0.0899678 9 
0 0.0920386 9 
0 0.0946572 9 
0 0.096069 9 
0 0.0995373 9 
0 0.102348 9 
0 0.102884 9 
0 0.103404 9 
0 0.110113 9 
0 0.112306 9 
0 0.119773 9 
0 0.124648 9 
0 0.127096 9 
0 0.127234 9 
0 0.128367 9 
0 0.131423 9 
0 0.141753 9 
0 0.155386 9 
0 0.156169 9 
0 0.156343 9 
0 0.163775 9 
0 0.210821 9 
0 0.217046 9 
0 0.244882 9 
0 0.249153 9 
0 0.249788 9 
0 0.256277 9 
0 0.258205 9 
0 0.264523 9 
0 0.266359 9 
0 0.279524 9 
0 0.305464 9 
0 0.306085 9 
0 0.309033 9 
0 0.310692 9 
0 0.332122 9 
0 0.341422 9 
0 0.354625 9 
0 0.379691 9 
0 0.38479 9 
0 0.422871 9 
0 0.53578 9 
0 0.543213 9 
0 0.590396 9 
0 0.593734 9 
0 0.647018 9 
0 0.670521 9 
0 0.727978 9 
0 0.731113 9 
0 0.792669 9 
0 0.857598 9 
0 0.913262 9 
0 0.914683 9 
0 0.954852 9 
0 0.962242 9 
0 0.962467 9 
0 0.964037 9 
0 0.967178 9 
0 1.10408 9 
0 1.12348 9 
0 1.14797 9 
0 1.17044 9 
0 1.25834 9 
0 1.26075 9 
0 1.26172 9 
0 1.26458 9 
0 1.35855 9 
0 1.56722 9 
0 1.57102 9 
0 1.58182 9 
0 1.58708 9 
0 1.58774 9 
0 1.58788 9 
0 1.58928 9 
0 1.64715 9 
0 1.64797 9 
0 1.65341 9 
0 1.66167 9 
0 1.66303 9 
0 1.66457 9 
0 1.66502 9 
0 1.67242 9 
0 1.68329 9 
0 1.68345 9 
0 inf 9 
0 0.03078 10 
0 0.052026 10 
0 0.0593272 10 
0 0.0606745 10 
0 0.0615606 10 
0 0.0615606 10 
0 0.0632903 10 
0 0.0662177 10 
0 0.0672347 10 
0 0.0709581 10 
0 0.072466 10 
0 0.0775165 10 
0 0.0817683 10 
0 0.106373 10 
0 0.110977 10 
0 0.113755 10 
0 0.114461 10 
0 0.116796 10 
0 0.118414 10 
0 0.124294 10 
0 0.129729 10 
0 0.138567 10 
0 0.142895 10 
0 0.150605 10 
0 0.154601 10 
0 0.164772 10 
0 0.171064 10 
0 0.173677 10 
0 0.177606 10 
0 0.194812 10 
0 0.197502 10 
0 0.214858 10 
0 0.228741 10 
0 0.233332 10 
0 0.246571 10 
0 0.252213 10 
0 0.264115 10 
0 0.277649 10 
0 0.280709 10 
0 0.285721 10 
0 0.288556 10 
0 0.326822 10 
0 0.343188 10 
0 0.348743 10 
0 0.351833 10 
0 0.370386 10 
0 0.371299 10 
0 0.383173 10 
0 0.464185 10 
0 0.48779 10 
0 0.492647 10 
0 0.509715 10 
0 0.510563 10 
0 0.510643 10 
0 0.529023 10 
0 0.557479 10 
0 0.697656 10 
0 0.698873 10 
0 0.7051 10 
0 0.793583 10 
0 0.82936 10 
0 0.830926 10 
0 0.849451 10 
0 0.851408 10 
0 0.851727 10 
0 0.852123 10 
0 0.853948 10 
0 0.878513 10 
0 0.881957 10 
0 0.968702 10 
0 0.96961 10 
0 0.988129 10 
0 1.01122 10 
0 1.24296 10 
0 1.25077 10 
0 1.32812 10 
0 1.35653 10 
0 1.35668 10 
0 1.39579 10 
0 1.39602 10 
0 1.58328 10 
0 1.58448 10 
0 1.59809 10 
0 1.62023 10 
0 1.6205 10 
0 1.65226 10 
0 1.65226 10 
0 1.66106 10 
0 1.66168 10 
0 1.6659 10 
0 1.66653 10 
0 1.66729 10 
0 1.66742 10 
0 1.66777 10 
0 1.67564 10 
0 inf 10 
0 0.0392688 11 
0 0.0396283 11 
0 0.0581609 11 
0 0.0593155 11 
0 0.0628654 11 
0 0.0678334 11 
0 0.072085 11 
0 0.0867475 11 
0 0.0945144 11 
0 0.0994017 11 
0 0.111706 11 
0 0.134706 11 
0 0.135946 11 
0 0.137951 11 
0 0.14141 11 
0 0.1553 11 
0 0.15732 11 
0 0.164472 11 
0 0.164692 11 
0 0.181125 11 
0 0.205492 11 
0 0.208503 11 
0 0.214227 11 
0 0.216152 11 
0 0.221038 11 
0 0.221038 11 
0 0.234188 11 
0 0.239665 11 
0 0.252213 11 
0 0.261746 11 
0 0.265038 11 
0 0.271745 11 
0 0.278193 11 
0 0.284542 11 
0 0.285822 11 
0 0.316812 11 
0 0.327484 11 
0 0.328515 11 
0 0.349903 11 
0 0.350018 11 
0 0.350211 11 
0 0.353863 11 
0 0.366937 11 
0 0.367122 11 
0 0.392452 11 
0 0.39661 11 
0 0.437191 11 
0 0.450276 11 
0 0.451623 11 
0 0.567413 11 
0 0.567819 11 
0 0.621657 11 
0 0.646463 11 
0 0.663672 11 
0 0.686841 11 
0 0.690301 11 
0 0.753391 11 
0 0.75769 11 
0 0.757691 11 
0 0.856054 11 
0 0.856417 11 
0 0.857081 11 
0 0.858238 11 
0 0.859136 11 
0 0.864555 11 
0 0.892542 11 
0 0.942971 11 
0 0.94828 11 
0 1.12907 11 
0 1.14631 11 
0 1.21899 11 
0 1.22334 11 
0 1.226 11 
0 1.2682 11 
0 1.2682 11 
0 1.26897 11 
0 1.58257 11 
0 1.58394 11 
0 1.59378 11 
0 1.6047 11 
0 1.60533 11 
0 1.64565 11 
0 1.64591 11 
0 1.6549 11 
0 1.65506 11 
0 1.65569 11 
0 1.65624 11 
0 1.6565 11 
0 1.67005 11 
0 1.67005 11 
0 1.67027 11 
0 inf 11 
0 0.0602255 12 
0 0.0606642 12 
0 0.0724622 12 
0 0.073754 12 
0 0.0843709 12 
0 0.0854964 12 
0 0.103931 12 
0 0.114073 12 
0 0.136502 12 
0 0.138762 12 
0 0.150854 12 
0 0.158741 12 
0 0.165759 12 
0 0.18512 12 
0 0.185777 12 
0 0.202129 12 
0 0.209279 12 
0 0.20967 12 
0 0.214794 12 
0 0.216522 12 
0 0.218585 12 
0 0.225833 12 
0 0.241633 12 
0 0.244418 12 
0 0.2475 12 
0 0.257577 12 
0 0.259827 12 
0 0.265619 12 
0 0.266765 12 
0 0.270394 12 
0 0.284445 12 
0 0.284686 12 
0 0.309812 12 
0 0.310777 12 
0 0.311821 12 
0 0.349593 12 
0 0.373075 12 
0 0.387735 12 
0 0.400512 12 
0 0.421138 12 
0 0.439816 12 
0 0.442208 12 
0 0.45172 12 
0 0.454193 12 
0 0.456719 12 
0 0.473168 12 
0 0.492943 12 
0 0.49947 12 
0 0.627673 12 
0 0.645973 12 
0 0.653554 12 
0 0.685559 12 
0 0.686191 12 
0 0.701347 12 
0 0.704178 12 
0 0.704198 12 
0 0.716589 12 
0 0.849993 12 
0 0.850168 12 
0 0.88338 12 
0 0.883794 12 
0 0.884635 12 
0 1.0827 12 
0 1.0827 12 
0 1.10004 12 
0 1.11809 12 
0 1.23154 12 
0 1.23217 12 
0 1.23724 12 
0 1.24248 12 
0 1.24813 12 
0 1.27155 12 
0 1.58182 12 
0 1.5835 12 
0 1.59048 12 
0 1.59178 12 
0 1.59185 12 
0 1.64631 12 
0 1.64695 12 
0 1.65509 12 
0 1.65519 12 
0 1.65589 12 
0 1.65595 12 
0 1.65623 12 
0 1.66827 12 
0 1.66987 12 
0 1.67032 12 
0 inf 12 
0 0.058628 13 
0 0.0634997 13 
0 0.102446 13 
0 0.11735 13 
0 0.129791 13 
0 0.145111 13 
0 0.152486 13 
0 0.176129 13 
0 0.182767 13 
0 0.192638 13 
0 0.195438 13 
0 0.196475 13 
0 0.198311 13 
0 0.204572 13 
0 0.20591 13 
0 0.215208 13 
0 0.219623 13 
0 0.220607 13 
0 0.222137 13 
0 0.222345 13 
0 0.230693 13 
0 0.23557 13 
0 0.242199 13 
0 0.242867 13 
0 0.245253 13 
0 0.255996 13 
0 0.275062 13 
0 0.278092 13 
0 0.279829 13 
0 0.287887 13 
0 0.290149 13 
0 0.297519 13 
0 0.298789 13 
0 0.300816 13 
0 0.304219 13 
0 0.32942 13 
0 0.365643 13 
0 0.377739 13 
0 0.407642 13 
0 0.459118 13 
0 0.459263 13 
0 0.461082 13 
0 0.465064 13 
0 0.4833 13 
0 0.533093 13 
0 0.567526 13 
0 0.568122 13 
0 0.683107 13 
0 0.687452 13 
0 0.714093 13 
0 0.790223 13 
0 0.790582 13 
0 0.79154 13 
0 0.853362 13 
0 0.878125 13 
0 0.898962 13 
0 0.899437 13 
0 0.899639 13 
0 0.900947 13 
0 0.920263 13 
0 1.22404 13 
0 1.23089 13 
0 1.27089 13 
0 1.27186 13 
0 1.27234 13 
0 1.38097 13 
0 1.38335 13 
0 1.38431 13 
0 1.58272 13 
0 1.58395 13 
0 1.59813 13 
0 1.59879 13 
0 1.59883 13 
0 1.64572 13 
0 1.64589 13 
0 1.65614 13 
0 1.65657 13 
0 1.67603 13 
0 1.67626 13 
0 1.67719 13 
0 1.67855 13 
0 1.67859 13 
0 1.67885 13 
0 inf 13 
0 0.0709468 14 
0 0.0850165 14 
0 0.0887499 14 
0 0.0890497 14 
0 0.110826 14 
0 0.11192 14 
0 0.11654 14 
0 0.117119 14 
0 0.141372 14 
0 0.141722 14 
0 0.166084 14 
0 0.181129 14 
0 0.187372 14 
0 0.187516 14 
0 0.187733 14 
0 0.194466 14 
0 0.207222 14 
0 0.217458 14 
0 0.220549 14 
0 0.234934 14 
0 0.242358 14 
0 0.244305 14 
0 0.244305 14 
0 0.245024 14 
0 0.255328 14 
0 0.271746 14 
0 0.286719 14 
0 0.287426 14 
0 0.308201 14 
0 0.315965 14 
0 0.316522 14 
0 0.322452 14 
0 0.336614 14 
0 0.411973 14 
0 0.422868 14 
0 0.446131 14 
0 0.459068 14 
0 0.462431 14 
0 0.498528 14 
0 0.528388 14 
0 0.53204 14 
0 0.532446 14 
0 0.536858 14 
0 0.538444 14 
0 0.688788 14 
0 0.694381 14 
0 0.696157 14 
0 0.702253 14 
0 0.802058 14 
0 0.856101 14 
0 0.862213 14 
0 0.862763 14 
0 0.864925 14 
0 0.868158 14 
0 0.896233 14 
0 0.897666 14 
0 0.900211 14 
0 1.22205 14 
0 1.22876 14 
0 1.2571 14 
0 1.2699 14 
0 1.27016 14 
0 1.44197 14 
0 1.44399 14 
0 1.44399 14 
0 1.58298 14 
0 1.5891 14 
0 1.58938 14 
0 1.58984 14 
0 1.64454 14 
0 1.65524 14 
0 1.65569 14 
0 1.65746 14 
0 1.66003 14 
0 1.66007 14 
0 1.66014 14 
0 1.68682 14 
0 1.68827 14 
0 1.68839 14 
0 inf 14 
0 0.0345019 15 
0 0.053812 15 
0 0.0696068 15 
0 0.0696068 15 
0 0.0762893 15 
0 0.103791 15 
0 0.10599 15 
0 0.110331 15 
0 0.111674 15 
0 0.126984 15 
0 0.130454 15 
0 0.13808 15 
0 0.147795 15 
0 0.184682 15 
0 0.199069 15 
0 0.2169 15 
0 0.225831 15 
0 0.227562 15 
0 0.235184 15 
0 0.238442 15 
0 0.240026 15 
0 0.24042 15 
0 0.243868 15 
0 0.247886 15 
0 0.248159 15 
0 0.260451 15 
0 0.267219 15 
0 0.291683 15 
0 0.29505 15 
0 0.312339 15 
0 0.312858 15 
0 0.313247 15 
0 0.313808 15 
0 0.341287 15 
0 0.43793 15 
0 0.440856 15 
0 0.441623 15 
0 0.443885 15 
0 0.504908 15 
0 0.525561 15 
0 0.607432 15 
0 0.689319 15 
0 0.689542 15 
0 0.706516 15 
0 0.745465 15 
0 0.745611 15 
0 0.746336 15 
0 0.765782 15 
0 0.792007 15 
0 0.848399 15 
0 0.866505 15 
0 0.86688 15 
0 0.867067 15 
0 0.867129 15 
0 0.876724 15 
0 1.25532 15 
0 1.30439 15 
0 1.3077 15 
0 1.3077 15 
0 1.35259 15 
0 1.3728 15 
0 1.37447 15 
0 1.58568 15 
0 1.60685 15 
0 1.60934 15 
0 1.60935 15 
0 1.6444 15 
0 1.64953 15 
0 1.65079 15 
0 1.65118 15 
0 1.65144 15 
0 1.65589 15 
0 1.6581 15 
0 1.65833 15 
0 1.65839 15 
0 inf 15 
0 0.0746659 16 
0 0.077872 16 
0 0.0815945 16 
0 0.0899609 16 
0 0.0901137 16 
0 0.0915963 16 
0 0.0939305 16 
0 0.104707 16 
0 0.121015 16 
0 0.126483 16 
0 0.127439 16 
0 0.12818 16 
0 0.134402 16 
0 0.140313 16 
0 0.144869 16 
0 0.145245 16 
0 0.1583 16 
0 0.158897 16 
0 0.165081 16 
0 0.201484 16 
0 0.234896 16 
0 0.242327 16 
0 0.245876 16 
0 0.245985 16 
0 0.28776 16 
0 0.29321 16 
0 0.293763 16 
0 0.294362 16 
0 0.294683 16 
0 0.325872 16 
0 0.329461 16 
0 0.341648 16 
0 0.355235 16 
0 0.38648 16 
0 0.444585 16 
0 0.449703 16 
0 0.474854 16 
0 0.493087 16 
0 0.526872 16 
0 0.531476 16 
0 0.531883 16 
0 0.548863 16 
0 0.725254 16 
0 0.739447 16 
0 0.739887 16 
0 0.74038 16 
0 0.867107 16 
0 0.871005 16 
0 0.871113 16 
0 0.87144 16 
0 0.871937 16 
0 0.905549 16 
0 1.18028 16 
0 1.2087 16 
0 1.27864 16 
0 1.28658 16 
0 1.28948 16 
0 1.29074 16 
0 1.349 16 
0 1.59446 16 
0 1.61491 16 
0 1.62513 16 
0 1.6252 16 
0 1.65386 16 
0 1.65406 16 
0 1.6541 16 
0 1.6541 16 
0 1.66769 16 
0 1.66895 16 
0 1.66899 16 
0 1.66934 16 
0 inf 16 
0 0.0726498 17 
0 0.0739389 17 
0 0.0795819 17 
0 0.0815951 17 
0 0.0815964 17 
0 0.111831 17 
0 0.112194 17 
0 0.114818 17 
0 0.12094 17 
0 0.139347 17 
0 0.139638 17 
0 0.195384 17 
0 0.212937 17 
0 0.24957 17 
0 0.254669 17 
0 0.255041 17 
0 0.256278 17 
0 0.256542 17 
0 0.25667 17 
0 0.257459 17 
0 0.259062 17 
0 0.264492 17 
0 0.265738 17 
0 0.269632 17 
0 0.293164 17 
0 0.300324 17 
0 0.306038 17 
0 0.313423 17 
0 0.355577 17 
0 0.408706 17 
0 0.414145 17 
0 0.435646 17 
0 0.442695 17 
0 0.452074 17 
0 0.478346 17 
0 0.516986 17 
0 0.533814 17 
0 0.555821 17 
0 0.674278 17 
0 0.761967 17 
0 0.786493 17 
0 0.786769 17 
0 0.787938 17 
0 0.86516 17 
0 0.86516 17 
0 0.866098 17 
0 0.867971 17 
0 0.874632 17 
0 0.88521 17 
0 0.926393 17 
0 1.26116 17 
0 1.32656 17 
0 1.33759 17 
0 1.33791 17 
0 1.33872 17 
0 1.58359 17 
0 1.58628 17 
0 1.58656 17 
0 1.58669 17 
0 1.65674 17 
0 1.65697 17 
0 1.65697 17 
0 1.65755 17 
0 1.65978 17 
0 1.6603 17 
0 1.66037 17 
0 1.6604 17 
0 inf 17 
0 0.0761008 18 
0 0.104179 18 
0 0.111093 18 
0 0.133254 18 
0 0.133558 18 
0 0.13507 18 
0 0.142897 18 
0 0.153843 18 
0 0.15672 18 
0 0.209598 18 
0 0.224079 18 
0 0.226959 18 
0 0.256471 18 
0 0.256471 18 
0 0.256945 18 
0 0.288981 18 
0 0.289215 18 
0 0.29015 18 
0 0.301451 18 
0 0.318054 18 
0 0.327212 18 
0 0.327585 18 
0 0.328245 18 
0 0.328968 18 
0 0.328968 18 
0 0.330814 18 
0 0.332039 18 
0 0.35106 18 
0 0.355177 18 
0 0.458466 18 
0 0.478601 18 
0 0.478628 18 
0 0.479646 18 
0 0.631701 18 
0 0.756247 18 
0 0.788131 18 
0 0.788148 18 
0 0.78916 18 
0 0.853801 18 
0 0.853864 18 
0 0.853912 18 
0 0.87491 18 
0 0.927458 18 
0 0.933741 18 
0 1.00136 18 
0 1.0427 18 
0 1.2574 18 
0 1.33109 18 
0 1.351 18 
0 1.35101 18 
0 1.35288 18 
0 1.58246 18 
0 1.58385 18 
0 1.58385 18 
0 1.58389 18 
0 1.65304 18 
0 1.65356 18 
0 1.65359 18 
0 1.65412 18 
0 1.66524 18 
0 1.67089 18 
0 1.67097 18 
0 1.67141 18 
0 inf 18 
0 0.0884481 19 
0 0.0916042 19 
0 0.121907 19 
0 0.124217 19 
0 0.125194 19 
0 0.131756 19 
0 0.132677 19 
0 0.133389 19 
0 0.148437 19 
0 0.154249 19 
0 0.156601 19 
0 0.157377 19 
0 0.165103 19 
0 0.198114 19 
0 0.201164 19 
0 0.201366 19 
0 0.247228 19 
0 0.247884 19 
0 0.249786 19 
0 0.251137 19 
0 0.256839 19 
0 0.259409 19 
0 0.282148 19 
0 0.282388 19 
0 0.285636 19 
0 0.285636 19 
0 0.28776 19 
0 0.307931 19 
0 0.316567 19 
0 0.34093 19 
0 0.343106 19 
0 0.343461 19 
0 0.512176 19 
0 0.512572 19 
0 0.520354 19 
0 0.830877 19 
0 0.832244 19 
0 0.832586 19 
0 0.851537 19 
0 0.875893 19 
0 0.876263 19 
0 0.876742 19 
0 0.952168 19 
0 1.26776 19 
0 1.27074 19 
0 1.40303 19 
0 1.40418 19 
0 1.40434 19 
0 1.58249 19 
0 1.58318 19 
0 1.58333 19 
0 1.64695 19 
0 1.64708 19 
0 1.64708 19 
0 1.6694 19 
0 1.66975 19 
0 1.66985 19 
0 1.67273 19 
0 4.23675 19 
0 inf 19 
0 0.0802646 20 
0 0.0854929 20 
0 0.0946561 20 
0 0.0984403 20 
0 0.102883 20 
0 0.103925 20 
0 0.106245 20 
0 0.107005 20 
0 0.107132 20 
0 0.124215 20 
0 0.128505 20 
0 0.129345 20 
0 0.130594 20 
0 0.182269 20 
0 0.182788 20 
0 0.188042 20 
0 0.207718 20 
0 0.208304 20 
0 0.240002 20 
0 0.241971 20 
0 0.242864 20 
0 0.244641 20 
0 0.257314 20 
0 0.257314 20 
0 0.260659 20 
0 0.285255 20 
0 0.286249 20 
0 0.286438 20 
0 0.287238 20 
0 0.323785 20 
0 0.323785 20 
0 0.32533 20 
0 0.331713 20 
0 0.363554 20 
0 0.38669 20 
0 0.585302 20 
0 0.587886 20 
0 0.786404 20 
0 0.78778 20 
0 0.849849 20 
0 0.852377 20 
0 0.852393 20 
0 0.973234 20 
0 1.29389 20 
0 1.32 20 
0 1.32061 20 
0 1.59662 20 
0 1.59713 20 
0 1.60208 20 
0 1.61896 20 
0 1.66556 20 
0 1.66714 20 
0 1.6673 20 
0 1.67364 20 
0 1.67409 20 
0 inf 20 
