0 0.0183609 1 
0 0.0197228 1 
0 0.0203697 1 
0 0.0216054 1 
0 0.023336 1 
0 0.0238859 1 
0 0.0244225 1 
0 0.0264609 1 
0 0.0264609 1 
0 0.0264617 1 
0 0.026947 1 
0 0.0274234 1 
0 0.0274235 1 
0 0.027424 1 
0 0.0283471 1 
0 0.0283471 1 
0 0.0283559 1 
0 0.0296938 1 
0 0.0301298 1 
0 0.0330009 1 
0 0.0333932 1 
0 0.0345383 1 
0 0.0349118 1 
0 0.0352815 1 
0 0.0352816 1 
0 0.036367 1 
0 0.0363674 1 
0 0.0370733 1 
0 0.0374221 1 
0 0.0397661 1 
0 0.0397737 1 
0 0.0400974 1 
0 0.0404208 1 
0 0.0419929 1 
0 0.0423027 1 
0 0.0429117 1 
0 0.0435096 1 
0 0.0446899 1 
0 0.0449748 1 
0 0.0458316 1 
0 0.0463952 1 
0 0.0469498 1 
0 0.0469506 1 
0 0.0485785 1 
0 0.0485785 1 
0 0.0498953 1 
0 0.0498956 1 
0 0.0511771 1 
0 0.0521833 1 
0 0.0534069 1 
0 0.0536516 1 
0 0.0538911 1 
0 0.0541304 1 
0 0.0546037 1 
0 0.0546106 1 
0 0.0548466 1 
0 0.0557819 1 
0 0.0557861 1 
0 0.057164 1 
0 0.060034 1 
0 0.0604686 1 
0 0.0623687 1 
0 0.0625689 1 
0 0.0627797 1 
0 0.0646105 1 
0 0.0663954 1 
0 0.0701933 1 
0 0.07093 1 
0 0.0714786 1 
0 0.0720216 1 
0 0.0720216 1 
0 0.0737965 1 
0 0.0750196 1 
0 0.0751916 1 
0 0.075708 1 
0 0.0795469 1 
0 0.0808387 1 
0 0.0877587 1 
0 0.0883491 1 
0 0.0899486 1 
0 0.0905251 1 
0 0.0926432 1 
0 0.094861 1 
0 0.098089 1 
0 0.10121 1 
0 0.103113 1 
0 0.103113 1 
0 0.103114 1 
0 0.107184 1 
0 0.110283 1 
0 0.112382 1 
0 0.112728 1 
0 0.130027 1 
0 0.148991 1 
0 0.167432 1 
0 0.172014 1 
0 0.182259 1 
0 0.186068 1 
0 0.206418 1 
0 0.20742 1 
0 0.234252 1 
0 0.30367 1 
0 0.32587 1 
0 0.381356 1 
0 0.408821 1 
0 0.517043 1 
0 0.530643 1 
0 0.540949 1 
0 0.562876 1 
0 0.600757 1 
0 0.610575 1 
0 0.670193 1 
0 0.684371 1 
0 0.722966 1 
0 0.744341 1 
0 0.75163 1 
0 0.89417 1 
0 0.951184 1 
0 0.983391 1 
0 0.992371 1 
0 1.18783 1 
0 1.21064 1 
0 1.57567 1 
0 2.43083 1 
0 2.4651 1 
0 2.60839 1 
0 2.75624 1 
0 3.805 1 
0 4.2343 1 
0 4.30386 1 
0 4.40722 1 
0 inf 1 
0 0.0190539 2 
0 0.0190549 2 
0 0.0197228 2 
0 0.0244227 2 
0 0.0249479 2 
0 0.0254622 2 
0 0.0259672 2 
0 0.0283525 2 
0 0.0296958 2 
0 0.0305543 2 
0 0.0313923 2 
0 0.0317983 2 
0 0.033388 2 
0 0.0333928 2 
0 0.0341632 2 
0 0.034912 2 
0 0.0352812 2 
0 0.0363629 2 
0 0.036367 2 
0 0.0377664 2 
0 0.0377665 2 
0 0.0377666 2 
0 0.0377669 2 
0 0.0381082 2 
0 0.0381091 2 
0 0.0381104 2 
0 0.0384473 2 
0 0.0449779 2 
0 0.0452645 2 
0 0.0455493 2 
0 0.0472224 2 
0 0.0477713 2 
0 0.0483075 2 
0 0.0485788 2 
0 0.04911 2 
0 0.0531709 2 
0 0.0553175 2 
0 0.055551 2 
0 0.0560202 2 
0 0.0569374 2 
0 0.0573881 2 
0 0.0576168 2 
0 0.0578386 2 
0 0.0580613 2 
0 0.0591594 2 
0 0.0611111 2 
0 0.0615292 2 
0 0.0625758 2 
0 0.0625763 2 
0 0.0634 2 
0 0.0642066 2 
0 0.0646187 2 
0 0.0650076 2 
0 0.0650154 2 
0 0.0656065 2 
0 0.0675578 2 
0 0.0681313 2 
0 0.0692613 2 
0 0.0696413 2 
0 0.0700066 2 
0 0.0701934 2 
0 0.0709297 2 
0 0.0718359 2 
0 0.0743179 2 
0 0.0755293 2 
0 0.0756994 2 
0 0.0844478 2 
0 0.0886443 2 
0 0.0906751 2 
0 0.117129 2 
0 0.118121 2 
0 0.11888 2 
0 0.123273 2 
0 0.127005 2 
0 0.128527 2 
0 0.14259 2 
0 0.144755 2 
0 0.147596 2 
0 0.159091 2 
0 0.159662 2 
0 0.159747 2 
0 0.164858 2 
0 0.16595 2 
0 0.167041 2 
0 0.169357 2 
0 0.169739 2 
0 0.175746 2 
0 0.176262 2 
0 0.195316 2 
0 0.25339 2 
0 0.296535 2 
0 0.34809 2 
0 0.349861 2 
0 0.373384 2 
0 0.408814 2 
0 0.461284 2 
0 0.485038 2 
0 0.518431 2 
0 0.537935 2 
0 0.561707 2 
0 0.582125 2 
0 0.588324 2 
0 0.59106 2 
0 0.671173 2 
0 0.697756 2 
0 0.698596 2 
0 0.75615 2 
0 0.768523 2 
0 0.777257 2 
0 0.790524 2 
0 0.794198 2 
0 0.794326 2 
0 0.798219 2 
0 0.915305 2 
0 1.28691 2 
0 1.54534 2 
0 2.10813 2 
0 2.13787 2 
0 2.31392 2 
0 2.79547 2 
0 2.92346 2 
0 3.17227 2 
0 3.17662 2 
0 3.18913 2 
0 3.40999 2 
0 3.71961 2 
0 3.90329 2 
0 inf 2 
0 0.0221978 3 
0 0.0227741 3 
0 0.0238851 3 
0 0.0264611 3 
0 0.0309757 3 
0 0.0318017 3 
0 0.0322079 3 
0 0.0349084 3 
0 0.0349087 3 
0 0.0349131 3 
0 0.0360115 3 
0 0.0374176 3 
0 0.0374225 3 
0 0.0384455 3 
0 0.0387827 3 
0 0.0397732 3 
0 0.0397746 3 
0 0.0400983 3 
0 0.0404197 3 
0 0.0423011 3 
0 0.0423012 3 
0 0.0426063 3 
0 0.0426091 3 
0 0.0429057 3 
0 0.0435128 3 
0 0.0441019 3 
0 0.0441026 3 
0 0.045547 3 
0 0.0455487 3 
0 0.045549 3 
0 0.0455511 3 
0 0.0469504 3 
0 0.0477655 3 
0 0.0504102 3 
0 0.0506681 3 
0 0.0514314 3 
0 0.0514314 3 
0 0.0526747 3 
0 0.0531629 3 
0 0.0536522 3 
0 0.0553245 3 
0 0.0562443 3 
0 0.0573846 3 
0 0.0573862 3 
0 0.0582845 3 
0 0.0606795 3 
0 0.061743 3 
0 0.0658144 3 
0 0.0663933 3 
0 0.066589 3 
0 0.0694471 3 
0 0.0716489 3 
0 0.0721899 3 
0 0.0755373 3 
0 0.0770625 3 
0 0.101209 3 
0 0.103239 3 
0 0.105109 3 
0 0.105605 3 
0 0.106092 3 
0 0.11261 3 
0 0.112612 3 
0 0.113412 3 
0 0.113416 3 
0 0.113759 3 
0 0.13357 3 
0 0.13881 3 
0 0.139183 3 
0 0.140666 3 
0 0.144934 3 
0 0.14856 3 
0 0.149254 3 
0 0.165881 3 
0 0.172167 3 
0 0.173292 3 
0 0.173815 3 
0 0.234915 3 
0 0.27719 3 
0 0.30927 3 
0 0.33798 3 
0 0.385641 3 
0 0.403269 3 
0 0.403813 3 
0 0.43932 3 
0 0.445975 3 
0 0.450071 3 
0 0.451028 3 
0 0.508473 3 
0 0.53535 3 
0 0.535942 3 
0 0.540441 3 
0 0.565802 3 
0 0.574362 3 
0 0.583361 3 
0 0.605917 3 
0 0.656502 3 
0 0.661673 3 
0 0.663185 3 
0 0.691974 3 
0 0.712669 3 
0 0.730989 3 
0 0.73459 3 
0 0.73626 3 
0 0.739778 3 
0 0.74691 3 
0 0.922823 3 
0 1.006 3 
0 1.23877 3 
0 1.25545 3 
0 1.55673 3 
0 1.56263 3 
0 1.59046 3 
0 1.59183 3 
0 1.59203 3 
0 1.93489 3 
0 3.04007 3 
0 3.15173 3 
0 3.17086 3 
0 3.17151 3 
0 3.17302 3 
0 3.3819 3 
0 3.67954 3 
0 3.69628 3 
0 inf 3 
0 0.0161015 4 
0 0.0161023 4 
0 0.018361 4 
0 0.0183646 4 
0 0.0197237 4 
0 0.0209915 4 
0 0.020997 4 
0 0.0233389 4 
0 0.0238825 4 
0 0.0254612 4 
0 0.0278925 4 
0 0.0288086 4 
0 0.0322051 4 
0 0.0322077 4 
0 0.0326056 4 
0 0.0326078 4 
0 0.0384457 4 
0 0.0416835 4 
0 0.0458318 4 
0 0.0463943 4 
0 0.0474992 4 
0 0.0491121 4 
0 0.0493754 4 
0 0.0506713 4 
0 0.0521799 4 
0 0.0576198 4 
0 0.0580628 4 
0 0.0580694 4 
0 0.0593864 4 
0 0.0600411 4 
0 0.0606823 4 
0 0.0606848 4 
0 0.0611107 4 
0 0.0627836 4 
0 0.0634001 4 
0 0.064416 4 
0 0.0648154 4 
0 0.0656063 4 
0 0.0662021 4 
0 0.0683218 4 
0 0.0746662 4 
0 0.0748377 4 
0 0.0753574 4 
0 0.0768905 4 
0 0.0835212 4 
0 0.0861175 4 
0 0.088789 4 
0 0.102607 4 
0 0.107183 4 
0 0.108146 4 
0 0.108147 4 
0 0.108506 4 
0 0.112035 4 
0 0.113757 4 
0 0.115111 4 
0 0.118553 4 
0 0.118554 4 
0 0.12863 4 
0 0.136551 4 
0 0.136931 4 
0 0.143318 4 
0 0.144488 4 
0 0.146095 4 
0 0.146891 4 
0 0.14742 4 
0 0.152943 4 
0 0.154377 4 
0 0.186695 4 
0 0.277937 4 
0 0.336883 4 
0 0.379147 4 
0 0.389137 4 
0 0.404274 4 
0 0.438166 4 
0 0.440079 4 
0 0.463871 4 
0 0.469496 4 
0 0.476085 4 
0 0.514892 4 
0 0.525942 4 
0 0.527056 4 
0 0.572744 4 
0 0.57372 4 
0 0.587256 4 
0 0.605389 4 
0 0.610507 4 
0 0.617566 4 
0 0.625018 4 
0 0.63897 4 
0 0.63967 4 
0 0.641346 4 
0 0.645411 4 
0 0.646225 4 
0 0.713702 4 
0 0.721653 4 
0 0.725952 4 
0 0.914953 4 
0 0.94032 4 
0 0.951139 4 
0 0.971142 4 
0 0.975211 4 
0 0.975211 4 
0 0.979986 4 
0 1.1935 4 
0 1.27525 4 
0 1.28996 4 
0 1.53937 4 
0 1.73362 4 
0 1.73395 4 
0 1.73479 4 
0 1.8766 4 
0 1.91527 4 
0 2.49331 4 
0 2.81157 4 
0 2.82522 4 
0 2.82777 4 
0 2.83327 4 
0 2.93946 4 
0 2.9587 4 
0 inf 4 
0 0.0216028 5 
0 0.0233393 5 
0 0.0249501 5 
0 0.0278916 5 
0 0.0283538 5 
0 0.0305512 5 
0 0.0305523 5 
0 0.0345393 5 
0 0.035283 5 
0 0.037766 5 
0 0.0416826 5 
0 0.044103 5 
0 0.0458313 5 
0 0.0463945 5 
0 0.0472242 5 
0 0.0483098 5 
0 0.048577 5 
0 0.0496253 5 
0 0.049635 5 
0 0.0504128 5 
0 0.0509253 5 
0 0.0511778 5 
0 0.0521848 5 
0 0.052422 5 
0 0.0526781 5 
0 0.0531591 5 
0 0.0553159 5 
0 0.0553165 5 
0 0.0567 5 
0 0.0567002 5 
0 0.0573829 5 
0 0.0576084 5 
0 0.0625714 5 
0 0.0625825 5 
0 0.0636009 5 
0 0.064812 5 
0 0.0665915 5 
0 0.0667852 5 
0 0.0725535 5 
0 0.0755345 5 
0 0.0782298 5 
0 0.0814805 5 
0 0.0846038 5 
0 0.0871699 5 
0 0.0940445 5 
0 0.104366 5 
0 0.105596 5 
0 0.109931 5 
0 0.122007 5 
0 0.123273 5 
0 0.130132 5 
0 0.131225 5 
0 0.141951 5 
0 0.14277 5 
0 0.142774 5 
0 0.142952 5 
0 0.144396 5 
0 0.144664 5 
0 0.145385 5 
0 0.154291 5 
0 0.273659 5 
0 0.329392 5 
0 0.341734 5 
0 0.397949 5 
0 0.3991 5 
0 0.43525 5 
0 0.437545 5 
0 0.469908 5 
0 0.476485 5 
0 0.477707 5 
0 0.501136 5 
0 0.510924 5 
0 0.52054 5 
0 0.531618 5 
0 0.535896 5 
0 0.536476 5 
0 0.547789 5 
0 0.548472 5 
0 0.556176 5 
0 0.561282 5 
0 0.611467 5 
0 0.620544 5 
0 0.623046 5 
0 0.625538 5 
0 0.697582 5 
0 0.720225 5 
0 0.72523 5 
0 0.72523 5 
0 0.820205 5 
0 0.926119 5 
0 0.966297 5 
0 0.972256 5 
0 1.02398 5 
0 1.02789 5 
0 1.031 5 
0 1.03552 5 
0 1.29478 5 
0 1.57091 5 
0 1.62702 5 
0 1.63658 5 
0 1.67694 5 
0 1.67833 5 
0 1.68824 5 
0 1.68939 5 
0 1.92773 5 
0 1.92794 5 
0 1.92893 5 
0 1.93459 5 
0 1.93705 5 
0 2.00827 5 
0 2.05688 5 
0 2.17144 5 
0 2.1738 5 
0 2.21093 5 
0 2.2168 5 
0 inf 5 
0 0.0203718 6 
0 0.0221993 6 
0 0.0309774 6 
0 0.0313944 6 
0 0.0337786 6 
0 0.0341598 6 
0 0.0381085 6 
0 0.0384455 6 
0 0.0391088 6 
0 0.0416869 6 
0 0.044097 6 
0 0.0455482 6 
0 0.046112 6 
0 0.0463891 6 
0 0.0463924 6 
0 0.0469492 6 
0 0.0472245 6 
0 0.0477731 6 
0 0.048844 6 
0 0.0498901 6 
0 0.0501537 6 
0 0.0511775 6 
0 0.0516776 6 
0 0.0526742 6 
0 0.0534058 6 
0 0.0534072 6 
0 0.0564847 6 
0 0.0593871 6 
0 0.0600321 6 
0 0.0629956 6 
0 0.0640171 6 
0 0.065012 6 
0 0.0686941 6 
0 0.0709223 6 
0 0.0718412 6 
0 0.072907 6 
0 0.0736169 6 
0 0.0801959 6 
0 0.0803571 6 
0 0.0838319 6 
0 0.0991365 6 
0 0.105968 6 
0 0.109813 6 
0 0.119209 6 
0 0.130231 6 
0 0.132013 6 
0 0.1325 6 
0 0.132692 6 
0 0.13693 6 
0 0.141309 6 
0 0.154043 6 
0 0.198536 6 
0 0.234034 6 
0 0.258096 6 
0 0.271519 6 
0 0.275324 6 
0 0.309227 6 
0 0.344207 6 
0 0.356969 6 
0 0.39068 6 
0 0.399974 6 
0 0.402462 6 
0 0.405252 6 
0 0.41661 6 
0 0.417853 6 
0 0.418384 6 
0 0.436142 6 
0 0.468242 6 
0 0.508389 6 
0 0.50923 6 
0 0.51296 6 
0 0.515333 6 
0 0.516488 6 
0 0.520466 6 
0 0.523447 6 
0 0.549465 6 
0 0.582665 6 
0 0.604901 6 
0 0.615459 6 
0 0.636484 6 
0 0.636484 6 
0 0.68402 6 
0 0.689006 6 
0 0.693732 6 
0 0.726393 6 
0 0.879454 6 
0 0.881796 6 
0 0.887439 6 
0 0.913376 6 
0 0.921063 6 
0 1.04247 6 
0 1.14008 6 
0 1.26987 6 
0 1.26995 6 
0 1.27346 6 
0 1.31702 6 
0 1.33391 6 
0 1.42238 6 
0 1.49117 6 
0 1.50463 6 
0 1.52225 6 
0 1.5251 6 
0 1.58653 6 
0 1.61342 6 
0 1.72468 6 
0 1.93995 6 
0 2.0009 6 
0 2.41587 6 
0 2.41608 6 
0 2.41797 6 
0 2.44051 6 
0 inf 6 
0 0.0264628 7 
0 0.027424 7 
0 0.0301264 7 
0 0.032608 7 
0 0.0337768 7 
0 0.0394463 7 
0 0.0410607 7 
0 0.0413678 7 
0 0.0438049 7 
0 0.0449736 7 
0 0.0449751 7 
0 0.0452609 7 
0 0.0466724 7 
0 0.0466816 7 
0 0.0472221 7 
0 0.0474967 7 
0 0.0477741 7 
0 0.048853 7 
0 0.0488533 7 
0 0.0538912 7 
0 0.0576128 7 
0 0.0615309 7 
0 0.0619509 7 
0 0.0652132 7 
0 0.0663972 7 
0 0.0677481 7 
0 0.0688874 7 
0 0.0701862 7 
0 0.0753586 7 
0 0.0758729 7 
0 0.0758731 7 
0 0.077563 7 
0 0.0793812 7 
0 0.0813193 7 
0 0.0896606 7 
0 0.0933484 7 
0 0.103114 7 
0 0.103741 7 
0 0.1056 7 
0 0.106773 7 
0 0.113637 7 
0 0.139927 7 
0 0.152598 7 
0 0.159011 7 
0 0.159339 7 
0 0.160413 7 
0 0.202392 7 
0 0.212788 7 
0 0.252382 7 
0 0.253458 7 
0 0.278311 7 
0 0.27983 7 
0 0.32676 7 
0 0.346447 7 
0 0.358644 7 
0 0.360088 7 
0 0.36386 7 
0 0.371617 7 
0 0.37638 7 
0 0.436083 7 
0 0.501195 7 
0 0.503018 7 
0 0.503054 7 
0 0.50798 7 
0 0.518817 7 
0 0.548663 7 
0 0.555427 7 
0 0.555427 7 
0 0.604257 7 
0 0.60741 7 
0 0.614984 7 
0 0.617446 7 
0 0.689562 7 
0 0.696242 7 
0 0.70573 7 
0 0.713946 7 
0 0.85855 7 
0 0.85941 7 
0 0.864465 7 
0 0.92093 7 
0 0.939261 7 
0 0.965081 7 
0 0.970387 7 
0 0.977044 7 
0 0.978108 7 
0 0.993129 7 
0 1.02156 7 
0 1.03173 7 
0 1.05452 7 
0 1.07083 7 
0 1.09836 7 
0 1.11588 7 
0 1.18901 7 
0 1.26588 7 
0 1.28639 7 
0 1.52238 7 
0 1.5368 7 
0 1.59747 7 
0 1.70174 7 
0 1.76503 7 
0 1.80711 7 
0 1.81491 7 
0 1.83356 7 
0 1.93505 7 
0 1.95148 7 
0 1.97878 7 
0 2.33611 7 
0 inf 7 
0 0.0274283 8 
0 0.0305548 8 
0 0.039446 8 
0 0.0416813 8 
0 0.0438032 8 
0 0.0493738 8 
0 0.0548454 8 
0 0.0573954 8 
0 0.0578405 8 
0 0.058059 8 
0 0.0602551 8 
0 0.0619481 8 
0 0.0625846 8 
0 0.062984 8 
0 0.0636012 8 
0 0.0648106 8 
0 0.0667882 8 
0 0.0667931 8 
0 0.0671727 8 
0 0.0718372 8 
0 0.072737 8 
0 0.076043 8 
0 0.0782276 8 
0 0.0795468 8 
0 0.0800338 8 
0 0.0926443 8 
0 0.107667 8 
0 0.108502 8 
0 0.117232 8 
0 0.118993 8 
0 0.119426 8 
0 0.120724 8 
0 0.121049 8 
0 0.125794 8 
0 0.127007 8 
0 0.129536 8 
0 0.171262 8 
0 0.197902 8 
0 0.198099 8 
0 0.198476 8 
0 0.198771 8 
0 0.205191 8 
0 0.227596 8 
0 0.238121 8 
0 0.244143 8 
0 0.277009 8 
0 0.278953 8 
0 0.282793 8 
0 0.288564 8 
0 0.336228 8 
0 0.354649 8 
0 0.373995 8 
0 0.399178 8 
0 0.424817 8 
0 0.434972 8 
0 0.438159 8 
0 0.445575 8 
0 0.460458 8 
0 0.464985 8 
0 0.472762 8 
0 0.472844 8 
0 0.48609 8 
0 0.486543 8 
0 0.518017 8 
0 0.542183 8 
0 0.5499 8 
0 0.553918 8 
0 0.584196 8 
0 0.604128 8 
0 0.616469 8 
0 0.617415 8 
0 0.687657 8 
0 0.687902 8 
0 0.709743 8 
0 0.77232 8 
0 0.859154 8 
0 0.859154 8 
0 0.872334 8 
0 0.873407 8 
0 0.87813 8 
0 0.916511 8 
0 0.926767 8 
0 1.00653 8 
0 1.01029 8 
0 1.02091 8 
0 1.02178 8 
0 1.03679 8 
0 1.05146 8 
0 1.13791 8 
0 1.15061 8 
0 1.20568 8 
0 1.27468 8 
0 1.31549 8 
0 1.31996 8 
0 1.40586 8 
0 1.57469 8 
0 1.81033 8 
0 1.81505 8 
0 1.8523 8 
0 1.85786 8 
0 1.85786 8 
0 1.86837 8 
0 1.88102 8 
0 inf 8 
0 0.036007 9 
0 0.0367206 9 
0 0.037767 9 
0 0.0458317 9 
0 0.0485861 9 
0 0.0536514 9 
0 0.0589432 9 
0 0.0625758 9 
0 0.0658089 9 
0 0.0665921 9 
0 0.0673656 9 
0 0.072733 9 
0 0.0734484 9 
0 0.0773989 9 
0 0.0790557 9 
0 0.0813159 9 
0 0.0824277 9 
0 0.0842915 9 
0 0.0869052 9 
0 0.089222 9 
0 0.0951336 9 
0 0.0952714 9 
0 0.104241 9 
0 0.106211 9 
0 0.116683 9 
0 0.117374 9 
0 0.128026 9 
0 0.140669 9 
0 0.144215 9 
0 0.146536 9 
0 0.150105 9 
0 0.152777 9 
0 0.162973 9 
0 0.223919 9 
0 0.234942 9 
0 0.249167 9 
0 0.253553 9 
0 0.274179 9 
0 0.27993 9 
0 0.289986 9 
0 0.308766 9 
0 0.313881 9 
0 0.31685 9 
0 0.330669 9 
0 0.364314 9 
0 0.372924 9 
0 0.376082 9 
0 0.384934 9 
0 0.421973 9 
0 0.421973 9 
0 0.424067 9 
0 0.425136 9 
0 0.429039 9 
0 0.440579 9 
0 0.448731 9 
0 0.454428 9 
0 0.475255 9 
0 0.514589 9 
0 0.519142 9 
0 0.552244 9 
0 0.553931 9 
0 0.568076 9 
0 0.608192 9 
0 0.61364 9 
0 0.615665 9 
0 0.668344 9 
0 0.673273 9 
0 0.86541 9 
0 0.869103 9 
0 0.916081 9 
0 0.918091 9 
0 0.91922 9 
0 0.971671 9 
0 0.999804 9 
0 1.00783 9 
0 1.03482 9 
0 1.03776 9 
0 1.04181 9 
0 1.04611 9 
0 1.04667 9 
0 1.04804 9 
0 1.05116 9 
0 1.08815 9 
0 1.08844 9 
0 1.1398 9 
0 1.15248 9 
0 1.27825 9 
0 1.34947 9 
0 1.35039 9 
0 1.37469 9 
0 1.39299 9 
0 1.3975 9 
0 1.81489 9 
0 1.81606 9 
0 1.91268 9 
0 1.92866 9 
0 1.93529 9 
0 1.99601 9 
0 1.99601 9 
0 inf 9 
0 0.0322065 10 
0 0.0377662 10 
0 0.0377676 10 
0 0.0452618 10 
0 0.0524296 10 
0 0.0580636 10 
0 0.0627785 10 
0 0.0634491 10 
0 0.063815 10 
0 0.0700129 10 
0 0.0806747 10 
0 0.0819589 10 
0 0.0842943 10 
0 0.0991431 10 
0 0.100179 10 
0 0.104864 10 
0 0.105476 10 
0 0.113757 10 
0 0.115114 10 
0 0.115596 10 
0 0.122525 10 
0 0.125774 10 
0 0.148994 10 
0 0.151156 10 
0 0.161246 10 
0 0.172662 10 
0 0.182621 10 
0 0.19284 10 
0 0.208378 10 
0 0.213639 10 
0 0.219391 10 
0 0.273658 10 
0 0.315042 10 
0 0.33607 10 
0 0.35228 10 
0 0.352759 10 
0 0.355631 10 
0 0.357921 10 
0 0.360019 10 
0 0.369871 10 
0 0.373495 10 
0 0.374496 10 
0 0.386492 10 
0 0.389075 10 
0 0.389974 10 
0 0.410774 10 
0 0.423457 10 
0 0.43132 10 
0 0.43267 10 
0 0.435755 10 
0 0.465024 10 
0 0.476311 10 
0 0.484685 10 
0 0.518518 10 
0 0.52199 10 
0 0.523379 10 
0 0.546622 10 
0 0.551158 10 
0 0.593383 10 
0 0.593907 10 
0 0.636362 10 
0 0.637177 10 
0 0.688781 10 
0 0.84373 10 
0 0.860571 10 
0 0.860617 10 
0 0.907179 10 
0 0.91231 10 
0 0.923918 10 
0 0.928363 10 
0 0.929591 10 
0 0.929926 10 
0 0.958156 10 
0 0.958156 10 
0 0.976896 10 
0 0.977016 10 
0 1.01086 10 
0 1.01494 10 
0 1.03632 10 
0 1.09267 10 
0 1.28232 10 
0 1.2831 10 
0 1.28537 10 
0 1.31426 10 
0 1.323 10 
0 1.34676 10 
0 1.34811 10 
0 1.63177 10 
0 1.81558 10 
0 1.81847 10 
0 1.93118 10 
0 1.93154 10 
0 1.93164 10 
0 1.96031 10 
0 1.97746 10 
0 inf 10 
0 0.0309718 11 
0 0.0381074 11 
0 0.0739757 11 
0 0.0782698 11 
0 0.0812962 11 
0 0.0836752 11 
0 0.0968878 11 
0 0.0986135 11 
0 0.105229 11 
0 0.122767 11 
0 0.13162 11 
0 0.135503 11 
0 0.136549 11 
0 0.144215 11 
0 0.14951 11 
0 0.15201 11 
0 0.152235 11 
0 0.152353 11 
0 0.153168 11 
0 0.154968 11 
0 0.191789 11 
0 0.197098 11 
0 0.211017 11 
0 0.223028 11 
0 0.272365 11 
0 0.29719 11 
0 0.307925 11 
0 0.312937 11 
0 0.327265 11 
0 0.33681 11 
0 0.337003 11 
0 0.339949 11 
0 0.345909 11 
0 0.347705 11 
0 0.362439 11 
0 0.373558 11 
0 0.375188 11 
0 0.385012 11 
0 0.386676 11 
0 0.42683 11 
0 0.428691 11 
0 0.437315 11 
0 0.440227 11 
0 0.447525 11 
0 0.520891 11 
0 0.521413 11 
0 0.52347 11 
0 0.525189 11 
0 0.525756 11 
0 0.534771 11 
0 0.552323 11 
0 0.563777 11 
0 0.597267 11 
0 0.606861 11 
0 0.607822 11 
0 0.614822 11 
0 0.629255 11 
0 0.639658 11 
0 0.641924 11 
0 0.67429 11 
0 0.684177 11 
0 0.689821 11 
0 0.815683 11 
0 0.855782 11 
0 0.856509 11 
0 0.85753 11 
0 0.917723 11 
0 0.920078 11 
0 0.921656 11 
0 0.922148 11 
0 0.922304 11 
0 0.93034 11 
0 0.931342 11 
0 0.940362 11 
0 0.985448 11 
0 0.995645 11 
0 1.03201 11 
0 1.19678 11 
0 1.23757 11 
0 1.23765 11 
0 1.24045 11 
0 1.26438 11 
0 1.29859 11 
0 1.29957 11 
0 1.34921 11 
0 1.35951 11 
0 1.79998 11 
0 1.80121 11 
0 1.90802 11 
0 1.90809 11 
0 1.90824 11 
0 inf 11 
0 0.051177 12 
0 0.0789273 12 
0 0.0842932 12 
0 0.102861 12 
0 0.111944 12 
0 0.13483 12 
0 0.138809 12 
0 0.153959 12 
0 0.18248 12 
0 0.185466 12 
0 0.186511 12 
0 0.196043 12 
0 0.209507 12 
0 0.211563 12 
0 0.215333 12 
0 0.217703 12 
0 0.251236 12 
0 0.263336 12 
0 0.269132 12 
0 0.274284 12 
0 0.289059 12 
0 0.303841 12 
0 0.308629 12 
0 0.308766 12 
0 0.309102 12 
0 0.310748 12 
0 0.330828 12 
0 0.338942 12 
0 0.339745 12 
0 0.339762 12 
0 0.351913 12 
0 0.356977 12 
0 0.357522 12 
0 0.36004 12 
0 0.36113 12 
0 0.362094 12 
0 0.366091 12 
0 0.366366 12 
0 0.367911 12 
0 0.370754 12 
0 0.39658 12 
0 0.40069 12 
0 0.413482 12 
0 0.432609 12 
0 0.435679 12 
0 0.436155 12 
0 0.438376 12 
0 0.450838 12 
0 0.45637 12 
0 0.465818 12 
0 0.466569 12 
0 0.476812 12 
0 0.477903 12 
0 0.482656 12 
0 0.482951 12 
0 0.500072 12 
0 0.540532 12 
0 0.641342 12 
0 0.644684 12 
0 0.645588 12 
0 0.651983 12 
0 0.70813 12 
0 0.766432 12 
0 0.768999 12 
0 0.858493 12 
0 0.863369 12 
0 0.863869 12 
0 0.86457 12 
0 0.865653 12 
0 0.907536 12 
0 0.910959 12 
0 1.00274 12 
0 1.01627 12 
0 1.06228 12 
0 1.06345 12 
0 1.08192 12 
0 1.09103 12 
0 1.09128 12 
0 1.09145 12 
0 1.31291 12 
0 1.32059 12 
0 1.38322 12 
0 1.81028 12 
0 1.81079 12 
0 1.81116 12 
0 1.81933 12 
0 1.81965 12 
0 inf 12 
0 0.0890844 13 
0 0.0909386 13 
0 0.110193 13 
0 0.114011 13 
0 0.12536 13 
0 0.131185 13 
0 0.142224 13 
0 0.154036 13 
0 0.16156 13 
0 0.181485 13 
0 0.193107 13 
0 0.193481 13 
0 0.193876 13 
0 0.19634 13 
0 0.198411 13 
0 0.225334 13 
0 0.276069 13 
0 0.3035 13 
0 0.306067 13 
0 0.314065 13 
0 0.324616 13 
0 0.326907 13 
0 0.327123 13 
0 0.327287 13 
0 0.333194 13 
0 0.333622 13 
0 0.333622 13 
0 0.340725 13 
0 0.348039 13 
0 0.349156 13 
0 0.349156 13 
0 0.350557 13 
0 0.352375 13 
0 0.355522 13 
0 0.367352 13 
0 0.367352 13 
0 0.368349 13 
0 0.377376 13 
0 0.387126 13 
0 0.404455 13 
0 0.422393 13 
0 0.461765 13 
0 0.462999 13 
0 0.463139 13 
0 0.46587 13 
0 0.485595 13 
0 0.485808 13 
0 0.487026 13 
0 0.488788 13 
0 0.522032 13 
0 0.58708 13 
0 0.587853 13 
0 0.589549 13 
0 0.747474 13 
0 0.830785 13 
0 0.830912 13 
0 0.856554 13 
0 0.861866 13 
0 0.89312 13 
0 0.909221 13 
0 0.922305 13 
0 0.938408 13 
0 0.938588 13 
0 0.938588 13 
0 0.988929 13 
0 1.01773 13 
0 1.01872 13 
0 1.01896 13 
0 1.0264 13 
0 1.33839 13 
0 1.33839 13 
0 1.33963 13 
0 1.35859 13 
0 1.36297 13 
0 1.36311 13 
0 1.50492 13 
0 1.50557 13 
0 1.51134 13 
0 1.80009 13 
0 1.81587 13 
0 1.99479 13 
0 1.99691 13 
0 1.99947 13 
0 inf 13 
0 0.0794201 14 
0 0.0852223 14 
0 0.0862693 14 
0 0.106773 14 
0 0.117779 14 
0 0.128521 14 
0 0.147157 14 
0 0.151924 14 
0 0.157043 14 
0 0.1719 14 
0 0.209095 14 
0 0.220072 14 
0 0.24963 14 
0 0.281588 14 
0 0.31571 14 
0 0.320617 14 
0 0.32326 14 
0 0.325423 14 
0 0.328271 14 
0 0.328745 14 
0 0.329572 14 
0 0.330727 14 
0 0.33442 14 
0 0.337178 14 
0 0.338997 14 
0 0.339041 14 
0 0.341757 14 
0 0.342058 14 
0 0.343572 14 
0 0.343729 14 
0 0.34489 14 
0 0.357271 14 
0 0.35951 14 
0 0.360303 14 
0 0.360378 14 
0 0.362563 14 
0 0.370944 14 
0 0.371817 14 
0 0.43409 14 
0 0.4457 14 
0 0.460097 14 
0 0.467395 14 
0 0.468641 14 
0 0.471124 14 
0 0.527075 14 
0 0.55394 14 
0 0.582011 14 
0 0.857946 14 
0 0.86337 14 
0 0.912538 14 
0 0.922994 14 
0 0.933552 14 
0 0.938442 14 
0 0.939312 14 
0 0.94361 14 
0 0.962262 14 
0 0.983736 14 
0 1.00408 14 
0 1.00459 14 
0 1.00485 14 
0 1.03311 14 
0 1.05131 14 
0 1.13523 14 
0 1.13523 14 
0 1.13581 14 
0 1.21022 14 
0 1.23622 14 
0 1.23627 14 
0 1.27271 14 
0 1.2758 14 
0 1.27613 14 
0 1.64518 14 
0 1.6789 14 
0 1.67897 14 
0 1.79865 14 
0 1.82032 14 
0 1.95035 14 
0 1.95045 14 
0 1.95057 14 
0 inf 14 
0 0.0341578 15 
0 0.0841408 15 
0 0.0975882 15 
0 0.0992517 15 
0 0.127417 15 
0 0.128531 15 
0 0.134727 15 
0 0.158379 15 
0 0.160331 15 
0 0.160735 15 
0 0.1647 15 
0 0.173893 15 
0 0.175775 15 
0 0.184415 15 
0 0.186303 15 
0 0.216896 15 
0 0.221778 15 
0 0.292218 15 
0 0.338801 15 
0 0.343858 15 
0 0.343858 15 
0 0.345197 15 
0 0.345611 15 
0 0.345799 15 
0 0.346996 15 
0 0.34701 15 
0 0.347905 15 
0 0.348188 15 
0 0.349862 15 
0 0.352926 15 
0 0.358539 15 
0 0.36027 15 
0 0.363121 15 
0 0.42579 15 
0 0.453083 15 
0 0.45383 15 
0 0.483831 15 
0 0.483831 15 
0 0.483831 15 
0 0.483831 15 
0 0.486184 15 
0 0.500354 15 
0 0.500768 15 
0 0.525595 15 
0 0.693361 15 
0 0.733405 15 
0 0.73367 15 
0 0.733935 15 
0 0.861445 15 
0 0.902029 15 
0 0.902388 15 
0 0.902389 15 
0 0.912311 15 
0 0.957049 15 
0 0.957428 15 
0 0.958403 15 
0 0.958565 15 
0 1.07533 15 
0 1.11223 15 
0 1.19513 15 
0 1.20842 15 
0 1.23596 15 
0 1.25305 15 
0 1.25362 15 
0 1.25403 15 
0 1.31053 15 
0 1.32934 15 
0 1.32954 15 
0 1.61242 15 
0 1.6127 15 
0 1.61285 15 
0 1.8323 15 
0 1.91164 15 
0 1.91194 15 
0 1.91199 15 
0 inf 15 
0 0.0768897 16 
0 0.0864523 16 
0 0.089403 16 
0 0.0898371 16 
0 0.100312 16 
0 0.117371 16 
0 0.122959 16 
0 0.13152 16 
0 0.141397 16 
0 0.1467 16 
0 0.161843 16 
0 0.191294 16 
0 0.19354 16 
0 0.193719 16 
0 0.208108 16 
0 0.208817 16 
0 0.210794 16 
0 0.275257 16 
0 0.292442 16 
0 0.323049 16 
0 0.329337 16 
0 0.332472 16 
0 0.333251 16 
0 0.334183 16 
0 0.356541 16 
0 0.360438 16 
0 0.360483 16 
0 0.360591 16 
0 0.361237 16 
0 0.361336 16 
0 0.368271 16 
0 0.370409 16 
0 0.374139 16 
0 0.378997 16 
0 0.488291 16 
0 0.489919 16 
0 0.497368 16 
0 0.497473 16 
0 0.498098 16 
0 0.518917 16 
0 0.537741 16 
0 0.601873 16 
0 0.607193 16 
0 0.607769 16 
0 0.871144 16 
0 0.876989 16 
0 0.877063 16 
0 0.877107 16 
0 0.886247 16 
0 0.966149 16 
0 0.966524 16 
0 0.966524 16 
0 0.966742 16 
0 0.966793 16 
0 1.02569 16 
0 1.03325 16 
0 1.03406 16 
0 1.12372 16 
0 1.12586 16 
0 1.19512 16 
0 1.25554 16 
0 1.25751 16 
0 1.25837 16 
0 1.30185 16 
0 1.34171 16 
0 1.35733 16 
0 1.46602 16 
0 1.85364 16 
0 1.87646 16 
0 1.87669 16 
0 1.87885 16 
0 inf 16 
0 0.0760882 17 
0 0.0786029 17 
0 0.080073 17 
0 0.0971893 17 
0 0.106085 17 
0 0.142321 17 
0 0.147421 17 
0 0.15021 17 
0 0.15064 17 
0 0.154716 17 
0 0.176613 17 
0 0.179454 17 
0 0.187092 17 
0 0.192354 17 
0 0.222617 17 
0 0.322726 17 
0 0.349341 17 
0 0.350638 17 
0 0.352452 17 
0 0.35767 17 
0 0.358828 17 
0 0.361456 17 
0 0.365592 17 
0 0.371608 17 
0 0.378198 17 
0 0.392631 17 
0 0.393324 17 
0 0.393621 17 
0 0.419347 17 
0 0.419934 17 
0 0.420088 17 
0 0.477237 17 
0 0.480405 17 
0 0.483096 17 
0 0.490422 17 
0 0.498152 17 
0 0.533069 17 
0 0.535181 17 
0 0.603075 17 
0 0.605393 17 
0 0.605393 17 
0 0.852669 17 
0 0.878495 17 
0 0.879011 17 
0 0.879542 17 
0 0.879645 17 
0 0.902062 17 
0 0.968068 17 
0 0.968711 17 
0 0.968938 17 
0 0.969139 17 
0 0.997062 17 
0 1.02345 17 
0 1.11611 17 
0 1.1231 17 
0 1.13765 17 
0 1.1382 17 
0 1.15303 17 
0 1.23788 17 
0 1.24696 17 
0 1.25257 17 
0 1.26313 17 
0 1.26482 17 
0 1.91394 17 
0 1.91672 17 
0 1.91752 17 
0 1.91817 17 
0 inf 17 
0 0.158785 18 
0 0.159029 18 
0 0.162974 18 
0 0.192738 18 
0 0.192977 18 
0 0.193179 18 
0 0.194316 18 
0 0.195939 18 
0 0.198309 18 
0 0.302125 18 
0 0.3082 18 
0 0.30841 18 
0 0.329921 18 
0 0.331398 18 
0 0.336728 18 
0 0.336728 18 
0 0.336998 18 
0 0.375345 18 
0 0.375345 18 
0 0.378099 18 
0 0.418264 18 
0 0.426734 18 
0 0.435607 18 
0 0.443329 18 
0 0.446862 18 
0 0.447095 18 
0 0.483573 18 
0 0.48744 18 
0 0.48853 18 
0 0.488662 18 
0 0.489166 18 
0 0.501474 18 
0 0.516614 18 
0 0.520874 18 
0 0.565284 18 
0 0.566292 18 
0 0.566773 18 
0 0.607296 18 
0 0.607809 18 
0 0.613097 18 
0 0.908519 18 
0 0.912806 18 
0 0.912919 18 
0 0.912919 18 
0 0.96223 18 
0 0.962271 18 
0 0.963348 18 
0 0.964316 18 
0 1.04124 18 
0 1.04816 18 
0 1.1832 18 
0 1.27759 18 
0 1.27873 18 
0 1.27995 18 
0 1.28245 18 
0 1.37236 18 
0 1.38866 18 
0 1.38881 18 
0 1.38942 18 
0 1.92836 18 
0 1.92874 18 
0 1.9293 18 
0 1.92967 18 
0 inf 18 
0 0.096658 19 
0 0.0977258 19 
0 0.114242 19 
0 0.147596 19 
0 0.149429 19 
0 0.151754 19 
0 0.193711 19 
0 0.21527 19 
0 0.217368 19 
0 0.220626 19 
0 0.222673 19 
0 0.238855 19 
0 0.245447 19 
0 0.248597 19 
0 0.277003 19 
0 0.277003 19 
0 0.278497 19 
0 0.322729 19 
0 0.323812 19 
0 0.333399 19 
0 0.388985 19 
0 0.389018 19 
0 0.389518 19 
0 0.393454 19 
0 0.394146 19 
0 0.394638 19 
0 0.433159 19 
0 0.435041 19 
0 0.435041 19 
0 0.471892 19 
0 0.521112 19 
0 0.521286 19 
0 0.521485 19 
0 0.601137 19 
0 0.601332 19 
0 0.603097 19 
0 0.630767 19 
0 0.668375 19 
0 0.668433 19 
0 0.670234 19 
0 0.92047 19 
0 0.927305 19 
0 0.928646 19 
0 0.929721 19 
0 0.967305 19 
0 0.967425 19 
0 0.967747 19 
0 1.02451 19 
0 1.20811 19 
0 1.27369 19 
0 1.27391 19 
0 1.27425 19 
0 1.54167 19 
0 1.54269 19 
0 1.67939 19 
0 1.93312 19 
0 1.93314 19 
0 1.9333 19 
0 2.78427 19 
0 inf 19 
0 0.116899 20 
0 0.120395 20 
0 0.125458 20 
0 0.127512 20 
0 0.131021 20 
0 0.146806 20 
0 0.150986 20 
0 0.152352 20 
0 0.154626 20 
0 0.1632 20 
0 0.165958 20 
0 0.182125 20 
0 0.200616 20 
0 0.202168 20 
0 0.202617 20 
0 0.202617 20 
0 0.220036 20 
0 0.261002 20 
0 0.268834 20 
0 0.270706 20 
0 0.352346 20 
0 0.352641 20 
0 0.35506 20 
0 0.356045 20 
0 0.356336 20 
0 0.357025 20 
0 0.392698 20 
0 0.392731 20 
0 0.393226 20 
0 0.440991 20 
0 0.441079 20 
0 0.441344 20 
0 0.523521 20 
0 0.523645 20 
0 0.523892 20 
0 0.582031 20 
0 0.604772 20 
0 0.604772 20 
0 0.605115 20 
0 0.68493 20 
0 0.685838 20 
0 0.922985 20 
0 0.923322 20 
0 0.923876 20 
0 0.924549 20 
0 0.927022 20 
0 1.04044 20 
0 1.21452 20 
0 1.28382 20 
0 1.28523 20 
0 1.28605 20 
0 1.62811 20 
0 1.62872 20 
0 1.93096 20 
0 1.93119 20 
0 inf 20 
