0 0.00963299 1 
0 0.0155288 1 
0 0.0166822 1 
0 0.0166822 1 
0 0.0166926 1 
0 0.01724 1 
0 0.0177585 1 
0 0.018274 1 
0 0.0187758 1 
0 0.0187823 1 
0 0.0197417 1 
0 0.0206575 1 
0 0.0211044 1 
0 0.0219611 1 
0 0.0223762 1 
0 0.0223819 1 
0 0.0223827 1 
0 0.0231933 1 
0 0.0235904 1 
0 0.0235904 1 
0 0.0247434 1 
0 0.0251197 1 
0 0.025848 1 
0 0.0262034 1 
0 0.0262045 1 
0 0.0269068 1 
0 0.027247 1 
0 0.0272506 1 
0 0.0275865 1 
0 0.0282494 1 
0 0.0282526 1 
0 0.0288976 1 
0 0.0288994 1 
0 0.0289016 1 
0 0.0295368 1 
0 0.0295398 1 
0 0.0298474 1 
0 0.0298505 1 
0 0.030156 1 
0 0.0307653 1 
0 0.0316572 1 
0 0.0316574 1 
0 0.0316576 1 
0 0.0328091 1 
0 0.0328107 1 
0 0.0330905 1 
0 0.0333696 1 
0 0.0336466 1 
0 0.0341957 1 
0 0.0349984 1 
0 0.0357878 1 
0 0.0360433 1 
0 0.0365551 1 
0 0.0380479 1 
0 0.041321 1 
0 0.0413211 1 
0 0.0419903 1 
0 0.0453849 1 
0 0.046791 1 
0 0.0487395 1 
0 0.0487395 1 
0 0.0498687 1 
0 0.0502397 1 
0 0.0590699 1 
0 0.0609242 1 
0 0.0619767 1 
0 0.064184 1 
0 0.0690623 1 
0 0.0743677 1 
0 0.0747381 1 
0 0.0752361 1 
0 0.0760897 1 
0 0.0774269 1 
0 0.0779024 1 
0 0.0800169 1 
0 0.0803647 1 
0 0.0846405 1 
0 0.0910807 1 
0 0.0973844 1 
0 0.0990814 1 
0 0.104018 1 
0 0.112423 1 
0 0.116395 1 
0 0.118133 1 
0 0.121237 1 
0 0.122906 1 
0 0.145008 1 
0 0.151887 1 
0 0.157459 1 
0 0.159105 1 
0 0.165898 1 
0 0.172694 1 
0 0.188274 1 
0 0.194863 1 
0 0.208569 1 
0 0.211489 1 
0 0.213234 1 
0 0.229056 1 
0 0.24499 1 
0 0.248152 1 
0 0.256605 1 
0 0.330197 1 
0 0.336768 1 
0 0.345768 1 
0 0.404234 1 
0 0.420264 1 
0 0.444741 1 
0 0.485989 1 
0 0.531045 1 
0 0.540286 1 
0 0.550338 1 
0 0.55793 1 
0 0.574774 1 
0 0.592712 1 
0 0.669962 1 
0 0.713203 1 
0 0.725404 1 
0 0.820631 1 
0 0.843718 1 
0 1.18837 1 
0 1.46762 1 
0 1.50142 1 
0 1.54279 1 
0 2.29366 1 
0 2.6111 1 
0 3.00168 1 
0 3.18322 1 
0 4.65034 1 
0 4.83679 1 
0 4.93221 1 
0 5.02901 1 
0 inf 1 
0 0.0166771 2 
0 0.0166796 2 
0 0.0177536 2 
0 0.0187754 2 
0 0.0201986 2 
0 0.0202072 2 
0 0.0202084 2 
0 0.0215396 2 
0 0.0223851 2 
0 0.0231941 2 
0 0.0231971 2 
0 0.0231993 2 
0 0.0239802 2 
0 0.0239845 2 
0 0.0239845 2 
0 0.0247427 2 
0 0.0247476 2 
0 0.0247476 2 
0 0.0262003 2 
0 0.0262055 2 
0 0.0262059 2 
0 0.0272454 2 
0 0.0272495 2 
0 0.028576 2 
0 0.0288989 2 
0 0.0292208 2 
0 0.029534 2 
0 0.0301569 2 
0 0.0307653 2 
0 0.0310632 2 
0 0.0316534 2 
0 0.0316576 2 
0 0.0328088 2 
0 0.0330904 2 
0 0.0330906 2 
0 0.0330931 2 
0 0.0333726 2 
0 0.0336485 2 
0 0.0341912 2 
0 0.0341916 2 
0 0.0341931 2 
0 0.0365585 2 
0 0.0410959 2 
0 0.0477782 2 
0 0.0500542 2 
0 0.0507908 2 
0 0.0511562 2 
0 0.052232 2 
0 0.0536343 2 
0 0.0563346 2 
0 0.0589047 2 
0 0.0643265 2 
0 0.0660404 2 
0 0.0720866 2 
0 0.0723415 2 
0 0.0810569 2 
0 0.0858358 2 
0 0.0858363 2 
0 0.0863724 2 
0 0.0863778 2 
0 0.0880782 2 
0 0.0919946 2 
0 0.0954602 2 
0 0.0969985 2 
0 0.0987081 2 
0 0.0996444 2 
0 0.102219 2 
0 0.114299 2 
0 0.145139 2 
0 0.151879 2 
0 0.157875 2 
0 0.158575 2 
0 0.160787 2 
0 0.162511 2 
0 0.163422 2 
0 0.169277 2 
0 0.169876 2 
0 0.173872 2 
0 0.178197 2 
0 0.178717 2 
0 0.19048 2 
0 0.192178 2 
0 0.192178 2 
0 0.20119 2 
0 0.209593 2 
0 0.212672 2 
0 0.228566 2 
0 0.23517 2 
0 0.237996 2 
0 0.287892 2 
0 0.293037 2 
0 0.303704 2 
0 0.31867 2 
0 0.412409 2 
0 0.432057 2 
0 0.454015 2 
0 0.458612 2 
0 0.466437 2 
0 0.47562 2 
0 0.477336 2 
0 0.530828 2 
0 0.568048 2 
0 0.610247 2 
0 0.622316 2 
0 0.628373 2 
0 0.634609 2 
0 0.636957 2 
0 0.637892 2 
0 0.658961 2 
0 0.673981 2 
0 0.683098 2 
0 0.80412 2 
0 0.826769 2 
0 0.872295 2 
0 1.3649 2 
0 1.84669 2 
0 2.13969 2 
0 2.3604 2 
0 2.37075 2 
0 3.4534 2 
0 3.54106 2 
0 3.55507 2 
0 3.86517 2 
0 3.9146 2 
0 4.04928 2 
0 4.18285 2 
0 4.24414 2 
0 inf 2 
0 0.0206559 3 
0 0.0206659 3 
0 0.0211064 3 
0 0.0219646 3 
0 0.0231959 3 
0 0.0235973 3 
0 0.0243743 3 
0 0.0251177 3 
0 0.0254895 3 
0 0.0254907 3 
0 0.025851 3 
0 0.0288998 3 
0 0.0304608 3 
0 0.0304624 3 
0 0.0307627 3 
0 0.0319497 3 
0 0.0322415 3 
0 0.0325271 3 
0 0.0330906 3 
0 0.0330923 3 
0 0.0330934 3 
0 0.0336458 3 
0 0.0336489 3 
0 0.0336489 3 
0 0.0339139 3 
0 0.0341866 3 
0 0.034464 3 
0 0.0349965 3 
0 0.0355254 3 
0 0.0373061 3 
0 0.0378012 3 
0 0.0378032 3 
0 0.0392479 3 
0 0.0401821 3 
0 0.0404127 3 
0 0.0408693 3 
0 0.0408693 3 
0 0.042647 3 
0 0.0428653 3 
0 0.0435083 3 
0 0.0437217 3 
0 0.0447691 3 
0 0.0463985 3 
0 0.0479702 3 
0 0.0612284 3 
0 0.0674322 3 
0 0.0691929 3 
0 0.0697272 3 
0 0.0725996 3 
0 0.077544 3 
0 0.0852939 3 
0 0.0866963 3 
0 0.0890208 3 
0 0.092698 3 
0 0.0967121 3 
0 0.0970017 3 
0 0.0987112 3 
0 0.0994603 3 
0 0.0994616 3 
0 0.100111 3 
0 0.114055 3 
0 0.116074 3 
0 0.12016 3 
0 0.139058 3 
0 0.140055 3 
0 0.148736 3 
0 0.150777 3 
0 0.166344 3 
0 0.169822 3 
0 0.171561 3 
0 0.185696 3 
0 0.217921 3 
0 0.240555 3 
0 0.252043 3 
0 0.252306 3 
0 0.254386 3 
0 0.278883 3 
0 0.288511 3 
0 0.289019 3 
0 0.298772 3 
0 0.353877 3 
0 0.37037 3 
0 0.374378 3 
0 0.393991 3 
0 0.407521 3 
0 0.417179 3 
0 0.428767 3 
0 0.468165 3 
0 0.495375 3 
0 0.497991 3 
0 0.520731 3 
0 0.524652 3 
0 0.525862 3 
0 0.528219 3 
0 0.53066 3 
0 0.571139 3 
0 0.584306 3 
0 0.59701 3 
0 0.605157 3 
0 0.606112 3 
0 0.61387 3 
0 0.620961 3 
0 0.630353 3 
0 0.635969 3 
0 0.727827 3 
0 0.825664 3 
0 1.30027 3 
0 1.30138 3 
0 1.35784 3 
0 1.73128 3 
0 1.75228 3 
0 1.87083 3 
0 1.87323 3 
0 1.87364 3 
0 2.03763 3 
0 3.23633 3 
0 3.45798 3 
0 3.48046 3 
0 3.51318 3 
0 3.51417 3 
0 3.86523 3 
0 4.14793 3 
0 4.15505 3 
0 inf 3 
0 0.0161201 4 
0 0.0182778 4 
0 0.0206579 4 
0 0.0219617 4 
0 0.0223854 4 
0 0.0232 4 
0 0.0239845 4 
0 0.0254802 4 
0 0.0254904 4 
0 0.0258513 4 
0 0.0265511 4 
0 0.0275843 4 
0 0.0279181 4 
0 0.0288966 4 
0 0.0295324 4 
0 0.0295363 4 
0 0.0304616 4 
0 0.0304654 4 
0 0.0336485 4 
0 0.0347317 4 
0 0.034998 4 
0 0.0365537 4 
0 0.0370588 4 
0 0.0385305 4 
0 0.038772 4 
0 0.0406407 4 
0 0.041096 4 
0 0.0422086 4 
0 0.0428641 4 
0 0.0428642 4 
0 0.0428644 4 
0 0.0430794 4 
0 0.0443539 4 
0 0.0453872 4 
0 0.0467985 4 
0 0.0511524 4 
0 0.0595434 4 
0 0.0601581 4 
0 0.0619783 4 
0 0.0630198 4 
0 0.0677029 4 
0 0.0773041 4 
0 0.0774228 4 
0 0.0816263 4 
0 0.082866 4 
0 0.0926972 4 
0 0.0939901 4 
0 0.09748 4 
0 0.106661 4 
0 0.109835 4 
0 0.119312 4 
0 0.12001 4 
0 0.121852 4 
0 0.122153 4 
0 0.122455 4 
0 0.12411 4 
0 0.12441 4 
0 0.125079 4 
0 0.125308 4 
0 0.132782 4 
0 0.150658 4 
0 0.16472 4 
0 0.176048 4 
0 0.176048 4 
0 0.176152 4 
0 0.19391 4 
0 0.197369 4 
0 0.28101 4 
0 0.286894 4 
0 0.336251 4 
0 0.344844 4 
0 0.347527 4 
0 0.370549 4 
0 0.378313 4 
0 0.401424 4 
0 0.422378 4 
0 0.427289 4 
0 0.439252 4 
0 0.458114 4 
0 0.466706 4 
0 0.467637 4 
0 0.494629 4 
0 0.504293 4 
0 0.51127 4 
0 0.511695 4 
0 0.517466 4 
0 0.517593 4 
0 0.540056 4 
0 0.54225 4 
0 0.546546 4 
0 0.561091 4 
0 0.573797 4 
0 0.585341 4 
0 0.594387 4 
0 0.597128 4 
0 0.70414 4 
0 0.727968 4 
0 0.980834 4 
0 1.23506 4 
0 1.25564 4 
0 1.29626 4 
0 1.32913 4 
0 1.37422 4 
0 1.52722 4 
0 1.52909 4 
0 1.53369 4 
0 1.6616 4 
0 1.75628 4 
0 1.996 4 
0 2.0805 4 
0 2.08094 4 
0 2.08101 4 
0 2.52623 4 
0 2.58462 4 
0 2.62696 4 
0 2.98573 4 
0 3.31451 4 
0 3.31459 4 
0 3.31578 4 
0 inf 4 
0 0.0142892 5 
0 0.0223858 5 
0 0.0235973 5 
0 0.023982 5 
0 0.0292171 5 
0 0.0295352 5 
0 0.0295365 5 
0 0.0295378 5 
0 0.0301571 5 
0 0.0301593 5 
0 0.0322371 5 
0 0.0328082 5 
0 0.0333645 5 
0 0.0336441 5 
0 0.0336489 5 
0 0.0352581 5 
0 0.0352596 5 
0 0.0360455 5 
0 0.0365531 5 
0 0.0370567 5 
0 0.0375583 5 
0 0.0377998 5 
0 0.0378029 5 
0 0.0382909 5 
0 0.0385309 5 
0 0.0417664 5 
0 0.0461997 5 
0 0.0471912 5 
0 0.0511528 5 
0 0.0531111 5 
0 0.0534582 5 
0 0.0621345 5 
0 0.0627265 5 
0 0.0638974 5 
0 0.0641872 5 
0 0.0658969 5 
0 0.0671543 5 
0 0.0671543 5 
0 0.0686634 5 
0 0.0724661 5 
0 0.0837601 5 
0 0.0882878 5 
0 0.0919924 5 
0 0.0948739 5 
0 0.112338 5 
0 0.116792 5 
0 0.118449 5 
0 0.119073 5 
0 0.122915 5 
0 0.131942 5 
0 0.133688 5 
0 0.140322 5 
0 0.142489 5 
0 0.144104 5 
0 0.14494 5 
0 0.145516 5 
0 0.163416 5 
0 0.178562 5 
0 0.180579 5 
0 0.279188 5 
0 0.285396 5 
0 0.311066 5 
0 0.325113 5 
0 0.394655 5 
0 0.401983 5 
0 0.412115 5 
0 0.413215 5 
0 0.426532 5 
0 0.426719 5 
0 0.430548 5 
0 0.430548 5 
0 0.437702 5 
0 0.438536 5 
0 0.439276 5 
0 0.44208 5 
0 0.490938 5 
0 0.499593 5 
0 0.502631 5 
0 0.503018 5 
0 0.517746 5 
0 0.520863 5 
0 0.542943 5 
0 0.552095 5 
0 0.552096 5 
0 0.567253 5 
0 0.568446 5 
0 0.568561 5 
0 0.680366 5 
0 0.733415 5 
0 0.95813 5 
0 1.11143 5 
0 1.14926 5 
0 1.19844 5 
0 1.206 5 
0 1.20773 5 
0 1.21218 5 
0 1.30144 5 
0 1.37528 5 
0 1.47348 5 
0 1.65462 5 
0 1.68401 5 
0 1.69628 5 
0 1.76799 5 
0 1.79576 5 
0 1.88249 5 
0 1.88335 5 
0 1.88587 5 
0 1.89284 5 
0 1.97644 5 
0 1.97816 5 
0 2.03579 5 
0 2.32608 5 
0 2.34311 5 
0 2.34385 5 
0 2.35484 5 
0 inf 5 
0 0.023597 6 
0 0.0254897 6 
0 0.0288998 6 
0 0.0292136 6 
0 0.0292221 6 
0 0.0295326 6 
0 0.0301521 6 
0 0.0307681 6 
0 0.0316546 6 
0 0.0316602 6 
0 0.0322388 6 
0 0.033645 6 
0 0.0344628 6 
0 0.0360361 6 
0 0.0360445 6 
0 0.0360464 6 
0 0.0387703 6 
0 0.0419886 6 
0 0.0435086 6 
0 0.0437215 6 
0 0.0469955 6 
0 0.0489282 6 
0 0.0491198 6 
0 0.0496817 6 
0 0.0515143 6 
0 0.0587595 6 
0 0.0589113 6 
0 0.0685234 6 
0 0.0694633 6 
0 0.0694657 6 
0 0.0733619 6 
0 0.0749932 6 
0 0.0751127 6 
0 0.0751169 6 
0 0.0765771 6 
0 0.0805957 6 
0 0.0810551 6 
0 0.081056 6 
0 0.0828697 6 
0 0.0838701 6 
0 0.0881834 6 
0 0.089746 6 
0 0.0918929 6 
0 0.0922957 6 
0 0.0945792 6 
0 0.100573 6 
0 0.131093 6 
0 0.157161 6 
0 0.165562 6 
0 0.166177 6 
0 0.18063 6 
0 0.191059 6 
0 0.217965 6 
0 0.238781 6 
0 0.270265 6 
0 0.278356 6 
0 0.294685 6 
0 0.307431 6 
0 0.307431 6 
0 0.318229 6 
0 0.371564 6 
0 0.385584 6 
0 0.397037 6 
0 0.400952 6 
0 0.409587 6 
0 0.410829 6 
0 0.412069 6 
0 0.420109 6 
0 0.455637 6 
0 0.483982 6 
0 0.484193 6 
0 0.490333 6 
0 0.528822 6 
0 0.535057 6 
0 0.546808 6 
0 0.549448 6 
0 0.553697 6 
0 0.562855 6 
0 0.563843 6 
0 0.727636 6 
0 0.836978 6 
0 0.975978 6 
0 1.00194 6 
0 1.01813 6 
0 1.02768 6 
0 1.03836 6 
0 1.08352 6 
0 1.08758 6 
0 1.09057 6 
0 1.11414 6 
0 1.11841 6 
0 1.12105 6 
0 1.32583 6 
0 1.35539 6 
0 1.37652 6 
0 1.37848 6 
0 1.41886 6 
0 1.42944 6 
0 1.45015 6 
0 1.51188 6 
0 1.52836 6 
0 1.52896 6 
0 1.53231 6 
0 1.56005 6 
0 1.64474 6 
0 1.78225 6 
0 1.93045 6 
0 2.41207 6 
0 2.41456 6 
0 2.4157 6 
0 2.43018 6 
0 inf 6 
0 0.0285766 7 
0 0.0289019 7 
0 0.0292186 7 
0 0.0319499 7 
0 0.0328099 7 
0 0.0330909 7 
0 0.0341922 7 
0 0.034998 7 
0 0.0380473 7 
0 0.0380477 7 
0 0.0385308 7 
0 0.0408709 7 
0 0.0428644 7 
0 0.0443555 7 
0 0.0543218 7 
0 0.0587515 7 
0 0.0587523 7 
0 0.0607701 7 
0 0.0631661 7 
0 0.0638972 7 
0 0.0660391 7 
0 0.0702589 7 
0 0.0706522 7 
0 0.0706539 7 
0 0.0820797 7 
0 0.0824191 7 
0 0.0825296 7 
0 0.0840892 7 
0 0.0889171 7 
0 0.0891249 7 
0 0.0905715 7 
0 0.0925971 7 
0 0.0933968 7 
0 0.0973834 7 
0 0.100479 7 
0 0.108902 7 
0 0.11406 7 
0 0.116634 7 
0 0.127651 7 
0 0.129235 7 
0 0.129946 7 
0 0.147916 7 
0 0.160384 7 
0 0.178979 7 
0 0.204583 7 
0 0.215237 7 
0 0.260743 7 
0 0.260759 7 
0 0.262568 7 
0 0.262956 7 
0 0.263011 7 
0 0.278089 7 
0 0.329397 7 
0 0.34457 7 
0 0.347012 7 
0 0.354554 7 
0 0.369096 7 
0 0.375312 7 
0 0.399587 7 
0 0.419224 7 
0 0.427264 7 
0 0.488285 7 
0 0.492346 7 
0 0.507291 7 
0 0.508168 7 
0 0.533354 7 
0 0.533928 7 
0 0.54128 7 
0 0.56938 7 
0 0.576378 7 
0 0.582719 7 
0 0.670264 7 
0 0.744902 7 
0 0.872588 7 
0 0.880844 7 
0 0.892679 7 
0 0.969162 7 
0 0.96942 7 
0 0.977374 7 
0 0.980924 7 
0 0.982709 7 
0 1.02672 7 
0 1.04893 7 
0 1.05862 7 
0 1.05907 7 
0 1.083 7 
0 1.08641 7 
0 1.08958 7 
0 1.09015 7 
0 1.09016 7 
0 1.12721 7 
0 1.22784 7 
0 1.27749 7 
0 1.35689 7 
0 1.36953 7 
0 1.38504 7 
0 1.42982 7 
0 1.49296 7 
0 1.49492 7 
0 1.53665 7 
0 1.77025 7 
0 1.80342 7 
0 1.8038 7 
0 1.80658 7 
0 1.81514 7 
0 1.84307 7 
0 2.00917 7 
0 inf 7 
0 0.0298516 8 
0 0.0328124 8 
0 0.0341977 8 
0 0.0370581 8 
0 0.0399484 8 
0 0.0435054 8 
0 0.0449757 8 
0 0.0494943 8 
0 0.0550014 8 
0 0.0603094 8 
0 0.0667392 8 
0 0.0685233 8 
0 0.0687915 8 
0 0.0689289 8 
0 0.07157 8 
0 0.0724689 8 
0 0.0733615 8 
0 0.0749897 8 
0 0.0769418 8 
0 0.0812821 8 
0 0.0836441 8 
0 0.0838669 8 
0 0.0846411 8 
0 0.0863744 8 
0 0.0874269 8 
0 0.0908773 8 
0 0.0921958 8 
0 0.0930024 8 
0 0.0940862 8 
0 0.0947763 8 
0 0.0989895 8 
0 0.0996446 8 
0 0.104016 8 
0 0.118374 8 
0 0.13508 8 
0 0.136924 8 
0 0.149916 8 
0 0.170051 8 
0 0.170868 8 
0 0.185142 8 
0 0.189648 8 
0 0.190822 8 
0 0.255409 8 
0 0.260001 8 
0 0.260047 8 
0 0.277989 8 
0 0.287943 8 
0 0.30028 8 
0 0.346028 8 
0 0.346778 8 
0 0.379385 8 
0 0.379726 8 
0 0.389428 8 
0 0.400214 8 
0 0.418826 8 
0 0.48798 8 
0 0.503188 8 
0 0.503391 8 
0 0.51101 8 
0 0.511228 8 
0 0.554753 8 
0 0.571153 8 
0 0.57986 8 
0 0.724402 8 
0 0.755736 8 
0 0.755822 8 
0 0.810179 8 
0 0.826517 8 
0 0.849075 8 
0 0.856327 8 
0 0.87437 8 
0 0.890243 8 
0 0.893604 8 
0 0.902204 8 
0 0.911575 8 
0 0.912421 8 
0 0.92692 8 
0 0.934653 8 
0 0.939295 8 
0 0.955431 8 
0 0.956724 8 
0 0.985701 8 
0 1.0746 8 
0 1.08946 8 
0 1.0912 8 
0 1.09144 8 
0 1.0915 8 
0 1.09468 8 
0 1.09625 8 
0 1.12254 8 
0 1.13337 8 
0 1.19311 8 
0 1.19845 8 
0 1.24022 8 
0 1.38765 8 
0 1.39995 8 
0 1.57497 8 
0 1.66672 8 
0 1.73917 8 
0 1.7395 8 
0 1.75251 8 
0 1.76982 8 
0 1.77037 8 
0 inf 8 
0 0.0223831 9 
0 0.0282497 9 
0 0.0387758 9 
0 0.0428702 9 
0 0.0449789 9 
0 0.0513339 9 
0 0.0619796 9 
0 0.0668777 9 
0 0.0682478 9 
0 0.06933 9 
0 0.0694668 9 
0 0.0697302 9 
0 0.0698666 9 
0 0.0787342 9 
0 0.0787347 9 
0 0.0863597 9 
0 0.0905722 9 
0 0.0946781 9 
0 0.0963285 9 
0 0.105171 9 
0 0.107871 9 
0 0.11017 9 
0 0.111758 9 
0 0.115448 9 
0 0.118528 9 
0 0.120703 9 
0 0.131231 9 
0 0.134437 9 
0 0.141966 9 
0 0.157573 9 
0 0.168508 9 
0 0.16923 9 
0 0.177573 9 
0 0.19276 9 
0 0.199357 9 
0 0.218925 9 
0 0.224851 9 
0 0.237959 9 
0 0.272632 9 
0 0.286115 9 
0 0.304709 9 
0 0.306034 9 
0 0.306531 9 
0 0.313497 9 
0 0.31394 9 
0 0.409431 9 
0 0.418471 9 
0 0.422086 9 
0 0.422984 9 
0 0.44376 9 
0 0.488342 9 
0 0.495666 9 
0 0.497068 9 
0 0.513165 9 
0 0.513798 9 
0 0.544592 9 
0 0.54541 9 
0 0.689084 9 
0 0.695162 9 
0 0.723941 9 
0 0.72998 9 
0 0.730118 9 
0 0.740716 9 
0 0.747304 9 
0 0.748978 9 
0 0.763527 9 
0 0.776862 9 
0 0.796211 9 
0 0.814685 9 
0 0.83222 9 
0 0.848617 9 
0 0.88969 9 
0 0.893021 9 
0 0.905565 9 
0 0.94548 9 
0 0.953206 9 
0 0.955467 9 
0 1.00217 9 
0 1.00889 9 
0 1.05784 9 
0 1.06573 9 
0 1.08339 9 
0 1.08417 9 
0 1.10788 9 
0 1.19008 9 
0 1.19008 9 
0 1.33354 9 
0 1.34891 9 
0 1.34914 9 
0 1.38157 9 
0 1.40691 9 
0 1.40849 9 
0 1.62924 9 
0 1.6393 9 
0 1.74194 9 
0 1.74212 9 
0 1.76729 9 
0 1.81044 9 
0 1.81049 9 
0 inf 9 
0 0.0330906 10 
0 0.0341957 10 
0 0.0449841 10 
0 0.0527672 10 
0 0.0624275 10 
0 0.0715693 10 
0 0.07632 10 
0 0.0773005 10 
0 0.0889126 10 
0 0.0897476 10 
0 0.100121 10 
0 0.100662 10 
0 0.105258 10 
0 0.111839 10 
0 0.117348 10 
0 0.121003 10 
0 0.128376 10 
0 0.137451 10 
0 0.139395 10 
0 0.139793 10 
0 0.140851 10 
0 0.144507 10 
0 0.145826 10 
0 0.149735 10 
0 0.185017 10 
0 0.185596 10 
0 0.185817 10 
0 0.202611 10 
0 0.220214 10 
0 0.22673 10 
0 0.259549 10 
0 0.274144 10 
0 0.275333 10 
0 0.27972 10 
0 0.291155 10 
0 0.292708 10 
0 0.343498 10 
0 0.344361 10 
0 0.344386 10 
0 0.406746 10 
0 0.40784 10 
0 0.425012 10 
0 0.434165 10 
0 0.452009 10 
0 0.469974 10 
0 0.477632 10 
0 0.487539 10 
0 0.489438 10 
0 0.494047 10 
0 0.50566 10 
0 0.538702 10 
0 0.539786 10 
0 0.551378 10 
0 0.55167 10 
0 0.555442 10 
0 0.636614 10 
0 0.636716 10 
0 0.637179 10 
0 0.643439 10 
0 0.65067 10 
0 0.673776 10 
0 0.676635 10 
0 0.730309 10 
0 0.735361 10 
0 0.753315 10 
0 0.833071 10 
0 0.85826 10 
0 0.867094 10 
0 0.867393 10 
0 0.867565 10 
0 0.869392 10 
0 0.881304 10 
0 0.90533 10 
0 0.970791 10 
0 1.05076 10 
0 1.09289 10 
0 1.09322 10 
0 1.13292 10 
0 1.13667 10 
0 1.13686 10 
0 1.15537 10 
0 1.15563 10 
0 1.2182 10 
0 1.21829 10 
0 1.35675 10 
0 1.35686 10 
0 1.36667 10 
0 1.38115 10 
0 1.69539 10 
0 1.69736 10 
0 1.73749 10 
0 1.74051 10 
0 1.7596 10 
0 1.76041 10 
0 1.76052 10 
0 inf 10 
0 0.0380438 11 
0 0.0390121 11 
0 0.0437185 11 
0 0.0703943 11 
0 0.0825289 11 
0 0.0893315 11 
0 0.0946773 11 
0 0.09468 11 
0 0.0992738 11 
0 0.109253 11 
0 0.112081 11 
0 0.115584 11 
0 0.131584 11 
0 0.132864 11 
0 0.163248 11 
0 0.183101 11 
0 0.204302 11 
0 0.210099 11 
0 0.212319 11 
0 0.243972 11 
0 0.250533 11 
0 0.251563 11 
0 0.256387 11 
0 0.265757 11 
0 0.276417 11 
0 0.286012 11 
0 0.29512 11 
0 0.301127 11 
0 0.306825 11 
0 0.308484 11 
0 0.346133 11 
0 0.348697 11 
0 0.367866 11 
0 0.369477 11 
0 0.380638 11 
0 0.432322 11 
0 0.452098 11 
0 0.4769 11 
0 0.484449 11 
0 0.496632 11 
0 0.500493 11 
0 0.500622 11 
0 0.505928 11 
0 0.518911 11 
0 0.527424 11 
0 0.529292 11 
0 0.541418 11 
0 0.581091 11 
0 0.624113 11 
0 0.636129 11 
0 0.639594 11 
0 0.68246 11 
0 0.683126 11 
0 0.685025 11 
0 0.717274 11 
0 0.718483 11 
0 0.726474 11 
0 0.727291 11 
0 0.72797 11 
0 0.745854 11 
0 0.765663 11 
0 0.766135 11 
0 0.812239 11 
0 0.81419 11 
0 0.862071 11 
0 0.871694 11 
0 0.915777 11 
0 0.932992 11 
0 0.955939 11 
0 0.973084 11 
0 0.973189 11 
0 0.974097 11 
0 0.975173 11 
0 0.975325 11 
0 0.995223 11 
0 1.06501 11 
0 1.08444 11 
0 1.08474 11 
0 1.11328 11 
0 1.11335 11 
0 1.11509 11 
0 1.18066 11 
0 1.21304 11 
0 1.22177 11 
0 1.2218 11 
0 1.24679 11 
0 1.73936 11 
0 1.73949 11 
0 1.74324 11 
0 1.74324 11 
0 1.74592 11 
0 inf 11 
0 0.0295327 12 
0 0.0483583 12 
0 0.0697311 12 
0 0.0733438 12 
0 0.0767178 12 
0 0.0977646 12 
0 0.117343 12 
0 0.123373 12 
0 0.136307 12 
0 0.154974 12 
0 0.182237 12 
0 0.186515 12 
0 0.194526 12 
0 0.218055 12 
0 0.236418 12 
0 0.249906 12 
0 0.25613 12 
0 0.260021 12 
0 0.265967 12 
0 0.265967 12 
0 0.272636 12 
0 0.28422 12 
0 0.300073 12 
0 0.300808 12 
0 0.311744 12 
0 0.312079 12 
0 0.312429 12 
0 0.31939 12 
0 0.358752 12 
0 0.370808 12 
0 0.371033 12 
0 0.376298 12 
0 0.393538 12 
0 0.449561 12 
0 0.449841 12 
0 0.462488 12 
0 0.498258 12 
0 0.498332 12 
0 0.498463 12 
0 0.498478 12 
0 0.511531 12 
0 0.511669 12 
0 0.528799 12 
0 0.531447 12 
0 0.531668 12 
0 0.548921 12 
0 0.577989 12 
0 0.640346 12 
0 0.642243 12 
0 0.648639 12 
0 0.727815 12 
0 0.728885 12 
0 0.77035 12 
0 0.778407 12 
0 0.781679 12 
0 0.783712 12 
0 0.785534 12 
0 0.787127 12 
0 0.792322 12 
0 0.795651 12 
0 0.79578 12 
0 0.803191 12 
0 0.81058 12 
0 0.818923 12 
0 0.863899 12 
0 0.867127 12 
0 0.868025 12 
0 0.872109 12 
0 0.872748 12 
0 0.876426 12 
0 0.890105 12 
0 0.891491 12 
0 0.906652 12 
0 0.907666 12 
0 1.08167 12 
0 1.08646 12 
0 1.09083 12 
0 1.0909 12 
0 1.09117 12 
0 1.12769 12 
0 1.13973 12 
0 1.14801 12 
0 1.73825 12 
0 1.74058 12 
0 1.75718 12 
0 1.75718 12 
0 1.75904 12 
0 inf 12 
0 0.0967151 13 
0 0.108743 13 
0 0.112521 13 
0 0.124773 13 
0 0.180908 13 
0 0.182161 13 
0 0.20946 13 
0 0.21656 13 
0 0.256619 13 
0 0.260509 13 
0 0.266176 13 
0 0.273098 13 
0 0.273132 13 
0 0.287268 13 
0 0.29129 13 
0 0.299479 13 
0 0.302135 13 
0 0.309352 13 
0 0.312161 13 
0 0.314062 13 
0 0.31456 13 
0 0.314688 13 
0 0.315031 13 
0 0.315355 13 
0 0.316383 13 
0 0.331773 13 
0 0.334836 13 
0 0.33853 13 
0 0.339597 13 
0 0.360637 13 
0 0.360843 13 
0 0.361049 13 
0 0.373152 13 
0 0.437804 13 
0 0.444813 13 
0 0.456767 13 
0 0.473859 13 
0 0.503571 13 
0 0.510173 13 
0 0.549171 13 
0 0.55128 13 
0 0.571284 13 
0 0.57323 13 
0 0.574781 13 
0 0.626013 13 
0 0.643522 13 
0 0.646836 13 
0 0.656541 13 
0 0.67194 13 
0 0.698564 13 
0 0.698564 13 
0 0.703132 13 
0 0.72446 13 
0 0.745954 13 
0 0.759269 13 
0 0.759269 13 
0 0.854239 13 
0 0.859278 13 
0 0.865958 13 
0 0.907458 13 
0 0.917699 13 
0 1.04731 13 
0 1.0821 13 
0 1.0822 13 
0 1.092 13 
0 1.09266 13 
0 1.10941 13 
0 1.11083 13 
0 1.11165 13 
0 1.11171 13 
0 1.11335 13 
0 1.11358 13 
0 1.41148 13 
0 1.41161 13 
0 1.41448 13 
0 1.47296 13 
0 1.47599 13 
0 1.54971 13 
0 1.73622 13 
0 1.74066 13 
0 1.80743 13 
0 1.80751 13 
0 1.80764 13 
0 inf 13 
0 0.0890234 14 
0 0.091804 14 
0 0.0986948 14 
0 0.128371 14 
0 0.160789 14 
0 0.185317 14 
0 0.23446 14 
0 0.236159 14 
0 0.256098 14 
0 0.262242 14 
0 0.262666 14 
0 0.263813 14 
0 0.271742 14 
0 0.289336 14 
0 0.301772 14 
0 0.303938 14 
0 0.303938 14 
0 0.305308 14 
0 0.305371 14 
0 0.30728 14 
0 0.307521 14 
0 0.307521 14 
0 0.308876 14 
0 0.317318 14 
0 0.317786 14 
0 0.323573 14 
0 0.327769 14 
0 0.327854 14 
0 0.335934 14 
0 0.339779 14 
0 0.353227 14 
0 0.397003 14 
0 0.439221 14 
0 0.489461 14 
0 0.496427 14 
0 0.501829 14 
0 0.520346 14 
0 0.52072 14 
0 0.520917 14 
0 0.621237 14 
0 0.661809 14 
0 0.667213 14 
0 0.667269 14 
0 0.667491 14 
0 0.705993 14 
0 0.730447 14 
0 0.747586 14 
0 0.750448 14 
0 0.789747 14 
0 0.806223 14 
0 0.85998 14 
0 0.860765 14 
0 0.885037 14 
0 0.898336 14 
0 0.920394 14 
0 0.952068 14 
0 0.979367 14 
0 0.980957 14 
0 1.04593 14 
0 1.08326 14 
0 1.0869 14 
0 1.18931 14 
0 1.19081 14 
0 1.19083 14 
0 1.26496 14 
0 1.26511 14 
0 1.26511 14 
0 1.3655 14 
0 1.36551 14 
0 1.36554 14 
0 1.405 14 
0 1.42962 14 
0 1.43003 14 
0 1.64366 14 
0 1.73644 14 
0 1.73949 14 
0 1.76095 14 
0 1.76099 14 
0 1.76107 14 
0 inf 14 
0 0.0513367 15 
0 0.0831857 15 
0 0.0896434 15 
0 0.0961314 15 
0 0.110269 15 
0 0.129395 15 
0 0.130029 15 
0 0.131105 15 
0 0.160854 15 
0 0.180601 15 
0 0.196545 15 
0 0.197862 15 
0 0.198096 15 
0 0.209594 15 
0 0.220888 15 
0 0.260795 15 
0 0.275058 15 
0 0.275765 15 
0 0.288204 15 
0 0.289072 15 
0 0.308151 15 
0 0.308182 15 
0 0.308663 15 
0 0.308663 15 
0 0.325014 15 
0 0.355294 15 
0 0.36877 15 
0 0.36975 15 
0 0.369875 15 
0 0.370552 15 
0 0.44326 15 
0 0.456266 15 
0 0.492652 15 
0 0.496349 15 
0 0.499184 15 
0 0.51225 15 
0 0.516146 15 
0 0.5162 15 
0 0.621237 15 
0 0.666195 15 
0 0.667434 15 
0 0.667475 15 
0 0.667656 15 
0 0.683039 15 
0 0.853165 15 
0 0.855511 15 
0 0.855511 15 
0 0.887486 15 
0 0.8879 15 
0 0.961629 15 
0 0.995965 15 
0 0.996114 15 
0 0.99616 15 
0 0.998217 15 
0 1.04303 15 
0 1.0911 15 
0 1.123 15 
0 1.12525 15 
0 1.12526 15 
0 1.1817 15 
0 1.18504 15 
0 1.18504 15 
0 1.20787 15 
0 1.32806 15 
0 1.34315 15 
0 1.34323 15 
0 1.34451 15 
0 1.36446 15 
0 1.36467 15 
0 1.36473 15 
0 1.74415 15 
0 1.74602 15 
0 1.74627 15 
0 1.74632 15 
0 2.59348 15 
0 inf 15 
0 0.0507917 16 
0 0.0816086 16 
0 0.0909826 16 
0 0.0917905 16 
0 0.0941995 16 
0 0.101318 16 
0 0.105963 16 
0 0.10823 16 
0 0.110017 16 
0 0.11922 16 
0 0.121151 16 
0 0.123598 16 
0 0.197488 16 
0 0.20846 16 
0 0.208993 16 
0 0.214255 16 
0 0.228045 16 
0 0.25172 16 
0 0.269956 16 
0 0.270127 16 
0 0.277674 16 
0 0.277674 16 
0 0.277908 16 
0 0.278608 16 
0 0.31929 16 
0 0.363857 16 
0 0.364621 16 
0 0.364748 16 
0 0.376713 16 
0 0.477861 16 
0 0.488266 16 
0 0.499632 16 
0 0.588165 16 
0 0.656359 16 
0 0.656515 16 
0 0.656529 16 
0 0.688064 16 
0 0.688077 16 
0 0.688549 16 
0 0.692782 16 
0 0.835976 16 
0 0.836331 16 
0 0.836342 16 
0 0.897357 16 
0 0.909741 16 
0 0.92359 16 
0 0.933662 16 
0 0.934646 16 
0 0.955919 16 
0 0.964144 16 
0 1.0559 16 
0 1.05609 16 
0 1.0708 16 
0 1.09009 16 
0 1.09594 16 
0 1.09918 16 
0 1.09929 16 
0 1.10539 16 
0 1.11661 16 
0 1.12761 16 
0 1.13026 16 
0 1.16038 16 
0 1.16215 16 
0 1.1635 16 
0 1.31581 16 
0 1.32208 16 
0 1.34228 16 
0 1.75189 16 
0 1.75211 16 
0 1.75273 16 
0 1.75292 16 
0 inf 16 
0 0.0738494 17 
0 0.0765638 17 
0 0.0769266 17 
0 0.0833009 17 
0 0.100386 17 
0 0.127663 17 
0 0.128026 17 
0 0.128243 17 
0 0.2007 17 
0 0.201069 17 
0 0.201254 17 
0 0.211709 17 
0 0.228125 17 
0 0.232249 17 
0 0.259439 17 
0 0.259439 17 
0 0.259868 17 
0 0.336867 17 
0 0.343738 17 
0 0.343738 17 
0 0.359982 17 
0 0.402231 17 
0 0.423245 17 
0 0.441023 17 
0 0.441128 17 
0 0.441275 17 
0 0.487961 17 
0 0.496576 17 
0 0.504639 17 
0 0.514848 17 
0 0.54477 17 
0 0.554645 17 
0 0.590542 17 
0 0.616301 17 
0 0.618311 17 
0 0.650174 17 
0 0.654952 17 
0 0.655306 17 
0 0.686917 17 
0 0.687039 17 
0 0.687241 17 
0 0.689412 17 
0 0.751229 17 
0 0.766963 17 
0 0.817338 17 
0 0.962959 17 
0 0.993848 17 
0 0.997203 17 
0 0.998245 17 
0 1.056 17 
0 1.06775 17 
0 1.0976 17 
0 1.10726 17 
0 1.10814 17 
0 1.10834 17 
0 1.15749 17 
0 1.18888 17 
0 1.2104 17 
0 1.21467 17 
0 1.22093 17 
0 1.22235 17 
0 1.22393 17 
0 1.22396 17 
0 1.75314 17 
0 1.75433 17 
0 1.7545 17 
0 1.75463 17 
0 inf 17 
0 0.107863 18 
0 0.109231 18 
0 0.109485 18 
0 0.138065 18 
0 0.138869 18 
0 0.139069 18 
0 0.258005 18 
0 0.258184 18 
0 0.258472 18 
0 0.281489 18 
0 0.282312 18 
0 0.282312 18 
0 0.295748 18 
0 0.296531 18 
0 0.296781 18 
0 0.309157 18 
0 0.315397 18 
0 0.349823 18 
0 0.394834 18 
0 0.400618 18 
0 0.418759 18 
0 0.418937 18 
0 0.419047 18 
0 0.419957 18 
0 0.441528 18 
0 0.441717 18 
0 0.442053 18 
0 0.484002 18 
0 0.488968 18 
0 0.489044 18 
0 0.489443 18 
0 0.524577 18 
0 0.526261 18 
0 0.632658 18 
0 0.673259 18 
0 0.674842 18 
0 0.675322 18 
0 0.675391 18 
0 0.70464 18 
0 0.736647 18 
0 0.742706 18 
0 0.979633 18 
0 0.986531 18 
0 0.997755 18 
0 1.00594 18 
0 1.00625 18 
0 1.00696 18 
0 1.10711 18 
0 1.10714 18 
0 1.10725 18 
0 1.10725 18 
0 1.27013 18 
0 1.32596 18 
0 1.32797 18 
0 1.32841 18 
0 1.35227 18 
0 1.37773 18 
0 1.37934 18 
0 1.37938 18 
0 1.76526 18 
0 1.76713 18 
0 1.76715 18 
0 1.76715 18 
0 inf 18 
0 0.0899532 19 
0 0.0924962 19 
0 0.0983313 19 
0 0.120453 19 
0 0.123194 19 
0 0.12372 19 
0 0.206516 19 
0 0.207413 19 
0 0.226117 19 
0 0.227021 19 
0 0.237016 19 
0 0.244956 19 
0 0.245411 19 
0 0.245599 19 
0 0.268855 19 
0 0.269579 19 
0 0.269888 19 
0 0.27819 19 
0 0.278356 19 
0 0.288667 19 
0 0.324074 19 
0 0.330875 19 
0 0.419313 19 
0 0.420396 19 
0 0.420462 19 
0 0.441318 19 
0 0.441318 19 
0 0.441486 19 
0 0.457521 19 
0 0.489575 19 
0 0.489575 19 
0 0.489708 19 
0 0.500745 19 
0 0.585496 19 
0 0.649233 19 
0 0.649276 19 
0 0.64969 19 
0 0.736836 19 
0 0.740153 19 
0 0.979299 19 
0 0.99341 19 
0 1.01718 19 
0 1.01798 19 
0 1.01812 19 
0 1.10833 19 
0 1.10833 19 
0 1.10846 19 
0 1.1087 19 
0 1.36529 19 
0 1.36535 19 
0 1.37613 19 
0 1.37627 19 
0 1.37637 19 
0 1.47943 19 
0 1.66457 19 
0 1.76907 19 
0 1.76912 19 
0 1.76943 19 
0 3.45902 19 
0 inf 19 
0 0.0560038 20 
0 0.0566627 20 
0 0.106139 20 
0 0.10796 20 
0 0.121003 20 
0 0.137452 20 
0 0.138795 20 
0 0.153038 20 
0 0.157228 20 
0 0.179909 20 
0 0.179909 20 
0 0.185995 20 
0 0.236544 20 
0 0.236857 20 
0 0.239041 20 
0 0.270476 20 
0 0.278081 20 
0 0.278781 20 
0 0.278781 20 
0 0.279388 20 
0 0.280283 20 
0 0.282361 20 
0 0.291098 20 
0 0.29186 20 
0 0.323238 20 
0 0.420837 20 
0 0.420992 20 
0 0.430839 20 
0 0.449361 20 
0 0.449361 20 
0 0.449918 20 
0 0.488949 20 
0 0.489802 20 
0 0.495229 20 
0 0.53701 20 
0 0.552632 20 
0 0.644306 20 
0 0.644378 20 
0 0.644479 20 
0 0.74621 20 
0 0.748136 20 
0 0.990662 20 
0 1.04928 20 
0 1.04946 20 
0 1.13226 20 
0 1.13234 20 
0 1.36667 20 
0 1.3667 20 
0 1.36673 20 
0 1.36676 20 
0 1.36724 20 
0 1.67517 20 
0 1.7565 20 
0 1.7565 20 
0 2.60693 20 
0 inf 20 
