4.48427 7.88224 1 
1.23817 1.26558 1 
1.05311 2.66203 1 
0.271661 0.291841 1 
0.204677 0.215225 1 
0.149191 0.206874 1 
0.122952 0.186715 1 
0.0874471 0.0898075 1 
0.0647081 0.0734762 1 
0.0624497 0.0641919 1 
0.0551459 0.0707274 1 
0.0524844 0.0645366 1 
0.0516381 0.0520631 1 
0.0503417 0.0597533 1 
0.0503413 0.0610308 1 
0.0483316 0.0492343 1 
0.046234 0.0492346 1 
0.0425106 0.0452737 1 
0.0381355 0.0392747 1 
0.0360552 0.040652 1 
0.0351306 0.0417235 1 
0.0331924 0.033852 1 
0.0285528 0.0314958 1 
3.84434 6.04941 2 
0.878491 3.50853 2 
0.259378 0.262002 2 
0.246534 0.259256 2 
0.246532 0.248886 2 
0.179554 0.191089 2 
0.146657 0.199551 2 
0.117545 0.118201 2 
0.0958612 0.0994707 2 
0.0748159 0.0767076 2 
0.0721141 0.077707 2 
0.0662208 0.0743693 2 
0.0553464 0.0835828 2 
0.0457544 0.0494582 2 
0.0422492 0.0447812 2 
0.0409243 0.0427671 2 
4.32171 4.87738 3 
4.30843 4.88197 3 
4.11874 4.21551 3 
3.4633 4.90076 3 
0.801331 3.64319 3 
0.285784 0.303138 3 
0.257076 0.258871 3 
0.255186 0.258575 3 
0.1295 0.136298 3 
0.129244 0.149852 3 
0.108073 0.121421 3 
0.0907818 0.0993598 3 
0.0888233 0.112172 3 
0.0854059 0.0860486 3 
0.0842333 0.0910291 3 
0.0827827 0.094592 3 
0.0762764 0.0934189 3 
0.0662252 0.0728782 3 
0.0615657 0.0640223 3 
0.0576845 0.0606667 3 
3.09161 3.34978 4 
2.99869 3.50358 4 
2.99735 3.45531 4 
2.99603 3.32335 4 
1.10988 3.24049 4 
0.258447 0.270446 4 
0.206234 0.208413 4 
0.12856 0.13043 4 
0.117545 0.121873 4 
0.115277 0.153411 4 
0.103704 0.106847 4 
0.100465 0.119776 4 
0.0965487 0.111085 4 
0.0940059 0.101765 4 
0.0366636 0.0403826 4 
1.96813 2.9178 5 
0.205588 0.231883 5 
0.141688 0.197944 5 
0.129159 0.150145 5 
0.118669 0.120513 5 
0.112565 0.115081 5 
0.112469 0.135569 5 
2.71645 2.79522 6 
2.70369 2.76646 6 
2.6942 2.73706 6 
2.51117 2.58223 6 
1.90964 2.67187 6 
0.175084 0.187357 6 
0.136541 0.137505 6 
0.13327 0.154202 6 
0.131611 0.148896 6 
0.0992502 0.136541 6 
0.0636771 0.0696323 6 
0.0503413 0.060118 6 
0.0494597 0.0561374 6 
0.0483309 0.0483316 6 
2.71575 3.0381 7 
1.93839 2.21577 7 
1.89703 2.32848 7 
1.81056 1.94665 7 
1.75098 2.2217 7 
1.57862 1.70341 7 
1.53447 1.69113 7 
0.150952 0.158916 7 
0.136863 0.138543 7 
0.13186 0.169645 7 
0.0701019 0.077849 7 
0.063504 0.0705713 7 
2.13251 2.24984 8 
2.12403 2.21904 8 
1.97636 2.35708 8 
1.89681 2.0017 8 
1.49605 2.08169 8 
1.4463 1.6236 8 
1.24673 2.03948 8 
0.187243 0.19548 8 
0.14215 0.16683 8 
0.117452 0.125172 8 
2.67564 2.73291 9 
2.67537 2.73307 9 
1.6658 1.71146 9 
1.22052 1.73534 9 
0.172098 0.189759 9 
0.159747 0.190573 9 
1.43685 1.44406 10 
1.26623 1.44483 10 
0.508531 0.620187 10 
1.65042 1.73836 11 
1.64985 1.66993 11 
1.31423 1.40647 11 
1.29939 1.59318 11 
1.27656 1.43683 11 
1.15927 1.21096 11 
0.660594 0.684928 11 
1.51242 1.59109 12 
1.07549 1.08972 12 
1.03659 1.12866 12 
0.921563 1.17918 12 
0.889259 1.06532 12 
0.874075 1.06532 12 
0.807355 1.11752 12 
0.363154 0.384664 12 
1.17694 1.22156 13 
1.15089 1.2071 13 
1.14975 1.20563 13 
0.924131 1.04124 13 
0.861489 0.931046 13 
0.824311 0.831072 13 
0.73731 0.752306 13 
2.24813 2.28949 15 
0.604174 0.629508 15 
1.40089 1.46003 16 
1.3993 1.45912 16 
1.3789 1.76965 16 
1.13153 1.56286 16 
1.01151 1.03046 16 
0.995663 0.996477 16 
1.05862 1.09476 17 
0.959568 0.992488 17 
0.936135 0.9535 18 
0.761626 0.76768 19 
0.758218 0.884216 20 
0.501289 0.547969 20 
