0 0.0213892 1 
0 0.0331361 1 
0 0.0344893 1 
0 0.0382619 1 
0 0.0394401 1 
0 0.0405834 1 
0 0.0405834 1 
0 0.0438349 1 
0 0.0448664 1 
0 0.0448665 1 
0 0.0448665 1 
0 0.0468614 1 
0 0.0478275 1 
0 0.0478276 1 
0 0.0478278 1 
0 0.0478283 1 
0 0.0478283 1 
0 0.048775 1 
0 0.048775 1 
0 0.0487757 1 
0 0.0487757 1 
0 0.0506164 1 
0 0.0515122 1 
0 0.0515127 1 
0 0.0523929 1 
0 0.0532587 1 
0 0.0541113 1 
0 0.0549459 1 
0 0.0549499 1 
0 0.0573931 1 
0 0.0581846 1 
0 0.0581858 1 
0 0.058188 1 
0 0.0612495 1 
0 0.0619955 1 
0 0.0641674 1 
0 0.0641674 1 
0 0.0648748 1 
0 0.0648767 1 
0 0.0648767 1 
0 0.0655771 1 
0 0.0669587 1 
0 0.067637 1 
0 0.0676394 1 
0 0.0689774 1 
0 0.0696367 1 
0 0.0702938 1 
0 0.0709401 1 
0 0.0734747 1 
0 0.074098 1 
0 0.0747073 1 
0 0.0765281 1 
0 0.0777114 1 
0 0.0777117 1 
0 0.0817285 1 
0 0.081729 1 
0 0.0860896 1 
0 0.0860905 1 
0 0.086628 1 
0 0.0887124 1 
0 0.0907514 1 
0 0.0912478 1 
0 0.0912502 1 
0 0.0932334 1 
0 0.0937257 1 
0 0.0946953 1 
0 0.0946998 1 
0 0.0980195 1 
0 0.0980262 1 
0 0.102133 1 
0 0.107374 1 
0 0.107803 1 
0 0.109902 1 
0 0.112773 1 
0 0.116372 1 
0 0.119471 1 
0 0.12435 1 
0 0.124359 1 
0 0.13494 1 
0 0.140582 1 
0 0.143802 1 
0 0.149427 1 
0 0.18149 1 
0 0.190109 1 
0 0.193453 1 
0 0.194398 1 
0 0.202237 1 
0 0.208472 1 
0 0.21174 1 
0 0.230568 1 
0 0.231162 1 
0 0.247042 1 
0 0.250137 1 
0 0.253079 1 
0 0.255422 1 
0 0.260036 1 
0 0.260912 1 
0 0.312017 1 
0 0.31682 1 
0 0.327751 1 
0 0.341155 1 
0 0.345558 1 
0 0.354831 1 
0 0.394692 1 
0 0.408865 1 
0 0.422408 1 
0 0.430985 1 
0 0.431167 1 
0 0.442788 1 
0 0.448362 1 
0 0.478963 1 
0 0.492874 1 
0 0.498772 1 
0 0.5049 1 
0 0.512549 1 
0 0.550004 1 
0 0.731045 1 
0 0.827908 1 
0 0.852813 1 
0 0.926285 1 
0 0.947095 1 
0 0.956284 1 
0 1.42452 1 
0 1.9678 1 
0 2.05872 1 
0 3.13368 1 
0 3.17968 1 
0 4.86583 1 
0 4.9114 1 
0 4.96482 1 
0 5.53025 1 
0 inf 1 
0 0.0344892 2 
0 0.0448665 2 
0 0.0478274 2 
0 0.0478276 2 
0 0.049704 2 
0 0.0497045 2 
0 0.0506165 2 
0 0.0523928 2 
0 0.0523929 2 
0 0.052393 2 
0 0.0541111 2 
0 0.0549505 2 
0 0.0557761 2 
0 0.0557765 2 
0 0.0589629 2 
0 0.0597338 2 
0 0.0597373 2 
0 0.0604976 2 
0 0.061992 2 
0 0.0641676 2 
0 0.0641677 2 
0 0.0641682 2 
0 0.0655782 2 
0 0.0655789 2 
0 0.0662703 2 
0 0.0669591 2 
0 0.0669605 2 
0 0.0676359 2 
0 0.0676387 2 
0 0.0676422 2 
0 0.0683128 2 
0 0.0696388 2 
0 0.0702894 2 
0 0.0702918 2 
0 0.0702928 2 
0 0.0702928 2 
0 0.0702955 2 
0 0.072218 2 
0 0.0728495 2 
0 0.0740945 2 
0 0.0753198 2 
0 0.0771208 2 
0 0.0771212 2 
0 0.0777114 2 
0 0.0777138 2 
0 0.0794585 2 
0 0.0811675 2 
0 0.081734 2 
0 0.0822921 2 
0 0.0828379 2 
0 0.0828402 2 
0 0.0844792 2 
0 0.0881907 2 
0 0.0881987 2 
0 0.0887081 2 
0 0.0902409 2 
0 0.0907522 2 
0 0.0998725 2 
0 0.112369 2 
0 0.114788 2 
0 0.115195 2 
0 0.124723 2 
0 0.126544 2 
0 0.135954 2 
0 0.136956 2 
0 0.139277 2 
0 0.145698 2 
0 0.152155 2 
0 0.176641 2 
0 0.183747 2 
0 0.184986 2 
0 0.190594 2 
0 0.201106 2 
0 0.219176 2 
0 0.220007 2 
0 0.221046 2 
0 0.227577 2 
0 0.241621 2 
0 0.248154 2 
0 0.255595 2 
0 0.258979 2 
0 0.263879 2 
0 0.264051 2 
0 0.268008 2 
0 0.282788 2 
0 0.286617 2 
0 0.333973 2 
0 0.335639 2 
0 0.3645 2 
0 0.366751 2 
0 0.369856 2 
0 0.370718 2 
0 0.378052 2 
0 0.39612 2 
0 0.400266 2 
0 0.4013 2 
0 0.410315 2 
0 0.436982 2 
0 0.439605 2 
0 0.454225 2 
0 0.469399 2 
0 0.477782 2 
0 0.490935 2 
0 0.497968 2 
0 0.553997 2 
0 0.560881 2 
0 0.609418 2 
0 0.661622 2 
0 0.691376 2 
0 0.70204 2 
0 0.77674 2 
0 0.805216 2 
0 0.820577 2 
0 0.835985 2 
0 1.24882 2 
0 1.52717 2 
0 1.60122 2 
0 1.69134 2 
0 2.7487 2 
0 3.12001 2 
0 3.40181 2 
0 3.46149 2 
0 3.46343 2 
0 3.86455 2 
0 4.57382 2 
0 4.64144 2 
0 4.7156 2 
0 inf 2 
0 0.0213891 3 
0 0.0286966 3 
0 0.0302493 3 
0 0.0344894 3 
0 0.0382617 3 
0 0.043836 3 
0 0.0468613 3 
0 0.0478275 3 
0 0.0478276 3 
0 0.0506159 3 
0 0.0506163 3 
0 0.0523928 3 
0 0.054111 3 
0 0.0541111 3 
0 0.0549499 3 
0 0.0557761 3 
0 0.0581852 3 
0 0.0581854 3 
0 0.0597363 3 
0 0.0604972 3 
0 0.0604978 3 
0 0.0604982 3 
0 0.0612491 3 
0 0.0612499 3 
0 0.0634506 3 
0 0.0648771 3 
0 0.0669587 3 
0 0.0676388 3 
0 0.0702912 3 
0 0.0709384 3 
0 0.0709402 3 
0 0.0728493 3 
0 0.0734727 3 
0 0.0734747 3 
0 0.0734773 3 
0 0.0747094 3 
0 0.0753195 3 
0 0.0759242 3 
0 0.0759283 3 
0 0.075929 3 
0 0.0800312 3 
0 0.0828408 3 
0 0.08502 3 
0 0.0871467 3 
0 0.0897337 3 
0 0.0902409 3 
0 0.090744 3 
0 0.0946978 3 
0 0.0989487 3 
0 0.104785 3 
0 0.105226 3 
0 0.106086 3 
0 0.113989 3 
0 0.115976 3 
0 0.13829 3 
0 0.158343 3 
0 0.161492 3 
0 0.162616 3 
0 0.166235 3 
0 0.1756 3 
0 0.194632 3 
0 0.2056 3 
0 0.205604 3 
0 0.213469 3 
0 0.236252 3 
0 0.249625 3 
0 0.265262 3 
0 0.267121 3 
0 0.268834 3 
0 0.276241 3 
0 0.281331 3 
0 0.290296 3 
0 0.290925 3 
0 0.296532 3 
0 0.30804 3 
0 0.31085 3 
0 0.321414 3 
0 0.322116 3 
0 0.328176 3 
0 0.328176 3 
0 0.366643 3 
0 0.371825 3 
0 0.373153 3 
0 0.384305 3 
0 0.398207 3 
0 0.399782 3 
0 0.412446 3 
0 0.42067 3 
0 0.44334 3 
0 0.46146 3 
0 0.469105 3 
0 0.475307 3 
0 0.475786 3 
0 0.50736 3 
0 0.508244 3 
0 0.530525 3 
0 0.53808 3 
0 0.57805 3 
0 0.621894 3 
0 0.628116 3 
0 0.659751 3 
0 0.661164 3 
0 0.753981 3 
0 0.777342 3 
0 0.789548 3 
0 0.859077 3 
0 1.17743 3 
0 1.21424 3 
0 1.37897 3 
0 1.44882 3 
0 1.58034 3 
0 1.67044 3 
0 1.68157 3 
0 1.68198 3 
0 2.509 3 
0 2.68294 3 
0 2.71623 3 
0 3.22936 3 
0 3.24039 3 
0 3.24056 3 
0 3.81228 3 
0 3.9444 3 
0 3.94798 3 
0 inf 3 
0 0.0270556 4 
0 0.0370422 4 
0 0.0405829 4 
0 0.0427791 4 
0 0.0448661 4 
0 0.0487749 4 
0 0.051512 4 
0 0.0523889 4 
0 0.0532557 4 
0 0.0557758 4 
0 0.0557768 4 
0 0.0557787 4 
0 0.0573934 4 
0 0.0573935 4 
0 0.0581863 4 
0 0.0597371 4 
0 0.0612499 4 
0 0.0619917 4 
0 0.0627256 4 
0 0.0655781 4 
0 0.0676388 4 
0 0.0696389 4 
0 0.070291 4 
0 0.0702924 4 
0 0.0728484 4 
0 0.0740949 4 
0 0.0753186 4 
0 0.0753198 4 
0 0.0771205 4 
0 0.078883 4 
0 0.08003 4 
0 0.0817276 4 
0 0.0833901 4 
0 0.0833912 4 
0 0.0850197 4 
0 0.0860901 4 
0 0.0871467 4 
0 0.0897374 4 
0 0.0917491 4 
0 0.0961328 4 
0 0.0975544 4 
0 0.0989462 4 
0 0.0998678 4 
0 0.105664 4 
0 0.111142 4 
0 0.122872 4 
0 0.1294 4 
0 0.174033 4 
0 0.214316 4 
0 0.221457 4 
0 0.221874 4 
0 0.227737 4 
0 0.230569 4 
0 0.261442 4 
0 0.267353 4 
0 0.271064 4 
0 0.273747 4 
0 0.276745 4 
0 0.28019 4 
0 0.281978 4 
0 0.281981 4 
0 0.283931 4 
0 0.287312 4 
0 0.28919 4 
0 0.297293 4 
0 0.299295 4 
0 0.322261 4 
0 0.323243 4 
0 0.331749 4 
0 0.348833 4 
0 0.353409 4 
0 0.354959 4 
0 0.354959 4 
0 0.360581 4 
0 0.363741 4 
0 0.366373 4 
0 0.366748 4 
0 0.371699 4 
0 0.372685 4 
0 0.382501 4 
0 0.405257 4 
0 0.40673 4 
0 0.413425 4 
0 0.430246 4 
0 0.440626 4 
0 0.451396 4 
0 0.501618 4 
0 0.505626 4 
0 0.510309 4 
0 0.561289 4 
0 0.563486 4 
0 0.56446 4 
0 0.641682 4 
0 0.686221 4 
0 0.739829 4 
0 0.773277 4 
0 0.792942 4 
0 0.809521 4 
0 0.810877 4 
0 0.989291 4 
0 1.01106 4 
0 1.0172 4 
0 1.01796 4 
0 1.15946 4 
0 1.37663 4 
0 1.54296 4 
0 1.9701 4 
0 2.07718 4 
0 2.1114 4 
0 2.34746 4 
0 2.39803 4 
0 2.39889 4 
0 2.40146 4 
0 2.60076 4 
0 2.73634 4 
0 2.74003 4 
0 3.27493 4 
0 3.27672 4 
0 3.27946 4 
0 inf 4 
0 0.0302488 5 
0 0.0405917 5 
0 0.0416955 5 
0 0.0448676 5 
0 0.0523929 5 
0 0.0523933 5 
0 0.0532588 5 
0 0.0549487 5 
0 0.0557765 5 
0 0.0597369 5 
0 0.0597369 5 
0 0.0597374 5 
0 0.0627312 5 
0 0.0655804 5 
0 0.066959 5 
0 0.0683149 5 
0 0.0715829 5 
0 0.0728489 5 
0 0.0728496 5 
0 0.0728505 5 
0 0.0734746 5 
0 0.07712 5 
0 0.0771231 5 
0 0.0777106 5 
0 0.0777115 5 
0 0.0794561 5 
0 0.0800307 5 
0 0.0800311 5 
0 0.0800318 5 
0 0.0800318 5 
0 0.0844795 5 
0 0.0855566 5 
0 0.0881909 5 
0 0.0887103 5 
0 0.090748 5 
0 0.0927446 5 
0 0.109063 5 
0 0.113584 5 
0 0.125087 5 
0 0.138952 5 
0 0.143803 5 
0 0.144118 5 
0 0.153351 5 
0 0.17766 5 
0 0.20449 5 
0 0.20516 5 
0 0.216866 5 
0 0.225555 5 
0 0.23214 5 
0 0.240853 5 
0 0.240853 5 
0 0.240854 5 
0 0.244056 5 
0 0.260565 5 
0 0.28901 5 
0 0.28935 5 
0 0.289822 5 
0 0.290167 5 
0 0.294341 5 
0 0.295758 5 
0 0.2993 5 
0 0.3135 5 
0 0.315391 5 
0 0.32228 5 
0 0.32228 5 
0 0.323658 5 
0 0.343977 5 
0 0.344246 5 
0 0.344246 5 
0 0.351478 5 
0 0.354724 5 
0 0.356994 5 
0 0.360585 5 
0 0.381764 5 
0 0.383454 5 
0 0.396111 5 
0 0.396808 5 
0 0.517784 5 
0 0.540603 5 
0 0.544148 5 
0 0.545491 5 
0 0.547417 5 
0 0.577592 5 
0 0.656067 5 
0 0.675472 5 
0 0.762352 5 
0 0.787107 5 
0 0.827174 5 
0 0.832253 5 
0 0.834065 5 
0 0.835545 5 
0 0.88111 5 
0 0.883392 5 
0 0.888556 5 
0 0.894508 5 
0 1.19045 5 
0 1.36475 5 
0 1.55354 5 
0 1.58287 5 
0 1.59902 5 
0 1.67111 5 
0 1.67158 5 
0 1.68553 5 
0 1.70601 5 
0 1.79341 5 
0 1.87397 5 
0 1.87471 5 
0 1.87507 5 
0 1.87938 5 
0 1.94458 5 
0 1.96146 5 
0 1.96193 5 
0 1.9632 5 
0 1.9704 5 
0 2.11643 5 
0 inf 5 
0 0.0438348 6 
0 0.0478336 6 
0 0.048775 6 
0 0.0506164 6 
0 0.0515122 6 
0 0.0532594 6 
0 0.0532594 6 
0 0.0557761 6 
0 0.0581868 6 
0 0.0589647 6 
0 0.0597373 6 
0 0.0627246 6 
0 0.0641686 6 
0 0.0683119 6 
0 0.0728496 6 
0 0.0734695 6 
0 0.0753188 6 
0 0.0771205 6 
0 0.0817279 6 
0 0.0822863 6 
0 0.0844802 6 
0 0.0881897 6 
0 0.0907473 6 
0 0.0932376 6 
0 0.0946932 6 
0 0.0956556 6 
0 0.0980173 6 
0 0.104789 6 
0 0.107375 6 
0 0.111965 6 
0 0.114388 6 
0 0.115931 6 
0 0.12175 6 
0 0.129045 6 
0 0.152453 6 
0 0.178162 6 
0 0.17995 6 
0 0.179977 6 
0 0.184988 6 
0 0.18696 6 
0 0.188662 6 
0 0.189874 6 
0 0.189876 6 
0 0.193427 6 
0 0.193451 6 
0 0.211958 6 
0 0.222903 6 
0 0.223514 6 
0 0.227573 6 
0 0.228975 6 
0 0.229973 6 
0 0.233133 6 
0 0.23663 6 
0 0.247934 6 
0 0.292171 6 
0 0.292321 6 
0 0.314671 6 
0 0.327881 6 
0 0.338995 6 
0 0.341015 6 
0 0.342085 6 
0 0.392925 6 
0 0.401062 6 
0 0.402881 6 
0 0.404242 6 
0 0.406095 6 
0 0.407184 6 
0 0.409349 6 
0 0.411689 6 
0 0.496495 6 
0 0.549739 6 
0 0.550654 6 
0 0.55165 6 
0 0.552976 6 
0 0.589583 6 
0 0.651587 6 
0 0.699612 6 
0 0.764329 6 
0 0.764329 6 
0 0.772685 6 
0 0.775581 6 
0 0.777622 6 
0 0.78257 6 
0 0.78257 6 
0 0.785583 6 
0 0.806276 6 
0 0.887368 6 
0 1.08563 6 
0 1.17182 6 
0 1.17188 6 
0 1.1764 6 
0 1.21428 6 
0 1.26202 6 
0 1.28956 6 
0 1.31994 6 
0 1.38986 6 
0 1.39397 6 
0 1.39571 6 
0 1.40049 6 
0 1.41695 6 
0 1.46744 6 
0 1.47751 6 
0 1.50663 6 
0 1.50882 6 
0 1.50882 6 
0 1.52126 6 
0 1.73667 6 
0 1.75026 6 
0 1.7506 6 
0 1.75509 6 
0 1.79389 6 
0 inf 6 
0 0.0357915 7 
0 0.0589661 7 
0 0.0627257 7 
0 0.064877 7 
0 0.0655789 7 
0 0.0676388 7 
0 0.0715819 7 
0 0.0728491 7 
0 0.0728495 7 
0 0.0747082 7 
0 0.0771205 7 
0 0.0833936 7 
0 0.0876661 7 
0 0.0892237 7 
0 0.0907469 7 
0 0.0922474 7 
0 0.0942093 7 
0 0.0961331 7 
0 0.0989463 7 
0 0.102579 7 
0 0.104789 7 
0 0.11479 7 
0 0.119477 7 
0 0.127621 7 
0 0.140589 7 
0 0.144121 7 
0 0.146015 7 
0 0.147571 7 
0 0.171918 7 
0 0.172182 7 
0 0.183004 7 
0 0.186209 7 
0 0.186687 7 
0 0.196477 7 
0 0.197893 7 
0 0.198126 7 
0 0.198357 7 
0 0.203366 7 
0 0.211744 7 
0 0.21475 7 
0 0.21854 7 
0 0.219177 7 
0 0.227967 7 
0 0.228741 7 
0 0.229165 7 
0 0.230758 7 
0 0.235663 7 
0 0.242363 7 
0 0.251813 7 
0 0.251814 7 
0 0.270753 7 
0 0.323239 7 
0 0.332173 7 
0 0.339379 7 
0 0.340875 7 
0 0.341529 7 
0 0.35312 7 
0 0.358265 7 
0 0.363131 7 
0 0.367142 7 
0 0.367142 7 
0 0.389496 7 
0 0.502176 7 
0 0.526977 7 
0 0.545406 7 
0 0.550001 7 
0 0.591135 7 
0 0.658085 7 
0 0.728974 7 
0 0.731793 7 
0 0.73298 7 
0 0.733666 7 
0 0.744001 7 
0 0.763002 7 
0 0.769626 7 
0 0.786628 7 
0 0.794015 7 
0 0.799527 7 
0 0.801127 7 
0 0.821897 7 
0 0.834004 7 
0 0.851473 7 
0 0.860671 7 
0 0.917338 7 
0 0.919666 7 
0 0.930017 7 
0 0.931143 7 
0 0.937197 7 
0 0.981236 7 
0 0.981239 7 
0 1.01835 7 
0 1.04902 7 
0 1.05215 7 
0 1.09728 7 
0 1.1609 7 
0 1.19172 7 
0 1.36193 7 
0 1.38409 7 
0 1.38568 7 
0 1.38937 7 
0 1.39236 7 
0 1.41702 7 
0 1.73888 7 
0 1.75217 7 
0 1.7577 7 
0 1.76601 7 
0 1.78445 7 
0 inf 7 
0 0.0344926 8 
0 0.0619918 8 
0 0.0676385 8 
0 0.0734749 8 
0 0.074707 8 
0 0.0800311 8 
0 0.0800312 8 
0 0.0833905 8 
0 0.0871513 8 
0 0.0980181 8 
0 0.108643 8 
0 0.108648 8 
0 0.110729 8 
0 0.114388 8 
0 0.120239 8 
0 0.121751 8 
0 0.126865 8 
0 0.133234 8 
0 0.135581 8 
0 0.151244 8 
0 0.154833 8 
0 0.160915 8 
0 0.161738 8 
0 0.174818 8 
0 0.175359 8 
0 0.176382 8 
0 0.184743 8 
0 0.186222 8 
0 0.191747 8 
0 0.192737 8 
0 0.194395 8 
0 0.19462 8 
0 0.197441 8 
0 0.20339 8 
0 0.205161 8 
0 0.207177 8 
0 0.208918 8 
0 0.210659 8 
0 0.210659 8 
0 0.244262 8 
0 0.247394 8 
0 0.250542 8 
0 0.256854 8 
0 0.287761 8 
0 0.300698 8 
0 0.305916 8 
0 0.308954 8 
0 0.311569 8 
0 0.311694 8 
0 0.32381 8 
0 0.324374 8 
0 0.330108 8 
0 0.331802 8 
0 0.346868 8 
0 0.348317 8 
0 0.413872 8 
0 0.489622 8 
0 0.508152 8 
0 0.534649 8 
0 0.554079 8 
0 0.570033 8 
0 0.570033 8 
0 0.582678 8 
0 0.602844 8 
0 0.672149 8 
0 0.674129 8 
0 0.689088 8 
0 0.712119 8 
0 0.716167 8 
0 0.720689 8 
0 0.722464 8 
0 0.754056 8 
0 0.760069 8 
0 0.76367 8 
0 0.766004 8 
0 0.772249 8 
0 0.780561 8 
0 0.789129 8 
0 0.792042 8 
0 0.79596 8 
0 0.798131 8 
0 0.799401 8 
0 0.804799 8 
0 0.815641 8 
0 0.840016 8 
0 0.858991 8 
0 1.05549 8 
0 1.09916 8 
0 1.14656 8 
0 1.16889 8 
0 1.19087 8 
0 1.35911 8 
0 1.37827 8 
0 1.38115 8 
0 1.38128 8 
0 1.3833 8 
0 1.46678 8 
0 1.72835 8 
0 1.73026 8 
0 1.73488 8 
0 1.77773 8 
0 2.01323 8 
0 2.03914 8 
0 inf 8 
0 0.0641681 9 
0 0.092245 9 
0 0.104348 9 
0 0.108595 9 
0 0.112371 9 
0 0.126179 9 
0 0.126181 9 
0 0.126539 9 
0 0.127579 9 
0 0.130765 9 
0 0.132202 9 
0 0.132568 9 
0 0.132889 9 
0 0.147534 9 
0 0.147881 9 
0 0.154832 9 
0 0.156254 9 
0 0.159776 9 
0 0.160645 9 
0 0.161769 9 
0 0.165128 9 
0 0.166223 9 
0 0.174555 9 
0 0.175861 9 
0 0.175861 9 
0 0.176904 9 
0 0.178705 9 
0 0.181242 9 
0 0.184989 9 
0 0.20537 9 
0 0.207366 9 
0 0.210238 9 
0 0.213035 9 
0 0.214096 9 
0 0.22412 9 
0 0.225946 9 
0 0.226957 9 
0 0.236442 9 
0 0.240096 9 
0 0.287415 9 
0 0.288844 9 
0 0.330398 9 
0 0.358681 9 
0 0.374054 9 
0 0.377332 9 
0 0.380963 9 
0 0.392322 9 
0 0.403816 9 
0 0.407874 9 
0 0.436169 9 
0 0.497135 9 
0 0.498518 9 
0 0.555795 9 
0 0.558997 9 
0 0.558997 9 
0 0.574015 9 
0 0.618976 9 
0 0.655364 9 
0 0.65839 9 
0 0.665972 9 
0 0.677902 9 
0 0.678374 9 
0 0.686221 9 
0 0.686759 9 
0 0.688817 9 
0 0.715892 9 
0 0.725631 9 
0 0.743074 9 
0 0.753839 9 
0 0.760575 9 
0 0.760906 9 
0 0.76895 9 
0 0.783659 9 
0 0.783659 9 
0 0.788548 9 
0 0.799805 9 
0 0.808445 9 
0 0.821051 9 
0 0.83307 9 
0 0.92676 9 
0 0.9334 9 
0 0.967856 9 
0 0.989138 9 
0 1.00847 9 
0 1.06607 9 
0 1.12378 9 
0 1.15689 9 
0 1.20326 9 
0 1.25389 9 
0 1.37517 9 
0 1.37557 9 
0 1.37587 9 
0 1.37587 9 
0 1.37703 9 
0 1.7353 9 
0 1.7378 9 
0 1.7378 9 
0 1.77656 9 
0 1.7808 9 
0 inf 9 
0 0.0794919 10 
0 0.086619 10 
0 0.0881933 10 
0 0.0942075 10 
0 0.0942142 10 
0 0.098484 10 
0 0.103908 10 
0 0.105171 10 
0 0.117154 10 
0 0.135606 10 
0 0.139936 10 
0 0.139943 10 
0 0.160933 10 
0 0.170309 10 
0 0.172709 10 
0 0.174261 10 
0 0.179472 10 
0 0.180976 10 
0 0.186209 10 
0 0.187932 10 
0 0.191786 10 
0 0.221638 10 
0 0.222462 10 
0 0.231546 10 
0 0.235465 10 
0 0.239132 10 
0 0.243116 10 
0 0.244059 10 
0 0.245181 10 
0 0.24756 10 
0 0.254881 10 
0 0.255084 10 
0 0.266839 10 
0 0.274383 10 
0 0.274392 10 
0 0.277596 10 
0 0.281034 10 
0 0.285532 10 
0 0.290166 10 
0 0.336185 10 
0 0.353044 10 
0 0.35714 10 
0 0.358039 10 
0 0.361721 10 
0 0.363238 10 
0 0.381785 10 
0 0.428015 10 
0 0.428015 10 
0 0.519637 10 
0 0.520342 10 
0 0.523498 10 
0 0.529753 10 
0 0.53053 10 
0 0.571862 10 
0 0.571866 10 
0 0.588894 10 
0 0.605435 10 
0 0.606643 10 
0 0.677297 10 
0 0.684018 10 
0 0.688087 10 
0 0.68886 10 
0 0.748047 10 
0 0.753167 10 
0 0.753357 10 
0 0.754874 10 
0 0.75989 10 
0 0.76666 10 
0 0.772092 10 
0 0.803399 10 
0 0.825721 10 
0 0.833607 10 
0 0.8406 10 
0 0.841306 10 
0 0.864119 10 
0 0.873597 10 
0 0.994575 10 
0 0.998017 10 
0 1.01529 10 
0 1.02266 10 
0 1.02748 10 
0 1.08706 10 
0 1.08899 10 
0 1.37442 10 
0 1.37655 10 
0 1.38634 10 
0 1.38845 10 
0 1.38872 10 
0 1.39052 10 
0 1.39052 10 
0 1.75385 10 
0 1.7555 10 
0 1.77502 10 
0 1.77585 10 
0 1.78735 10 
0 inf 10 
0 0.0734784 11 
0 0.0980192 11 
0 0.123969 11 
0 0.125473 11 
0 0.133939 11 
0 0.137957 11 
0 0.147577 11 
0 0.167024 11 
0 0.172679 11 
0 0.175602 11 
0 0.177916 11 
0 0.183221 11 
0 0.198559 11 
0 0.207821 11 
0 0.213045 11 
0 0.218759 11 
0 0.220008 11 
0 0.221464 11 
0 0.225337 11 
0 0.227577 11 
0 0.237403 11 
0 0.238168 11 
0 0.242932 11 
0 0.258798 11 
0 0.261611 11 
0 0.278062 11 
0 0.279238 11 
0 0.283304 11 
0 0.283599 11 
0 0.287766 11 
0 0.288744 11 
0 0.290922 11 
0 0.291048 11 
0 0.293585 11 
0 0.305787 11 
0 0.30836 11 
0 0.310555 11 
0 0.324374 11 
0 0.32649 11 
0 0.337216 11 
0 0.359319 11 
0 0.361698 11 
0 0.376692 11 
0 0.424247 11 
0 0.444893 11 
0 0.490979 11 
0 0.501721 11 
0 0.506891 11 
0 0.520207 11 
0 0.530007 11 
0 0.533878 11 
0 0.54221 11 
0 0.564292 11 
0 0.569135 11 
0 0.698328 11 
0 0.705357 11 
0 0.713034 11 
0 0.716949 11 
0 0.717266 11 
0 0.717585 11 
0 0.757862 11 
0 0.758378 11 
0 0.770887 11 
0 0.771658 11 
0 0.771954 11 
0 0.77487 11 
0 0.871767 11 
0 0.900729 11 
0 0.918026 11 
0 0.924779 11 
0 0.949003 11 
0 0.97914 11 
0 0.984586 11 
0 0.985143 11 
0 1.01353 11 
0 1.0436 11 
0 1.04972 11 
0 1.17599 11 
0 1.17774 11 
0 1.37397 11 
0 1.37557 11 
0 1.3829 11 
0 1.38841 11 
0 1.39121 11 
0 1.73261 11 
0 1.73482 11 
0 1.76673 11 
0 1.83055 11 
0 1.86332 11 
0 2.14779 11 
0 2.14811 11 
0 inf 11 
0 0.095175 12 
0 0.0994081 12 
0 0.117108 12 
0 0.136622 12 
0 0.141899 12 
0 0.149119 12 
0 0.150337 12 
0 0.167333 12 
0 0.193658 12 
0 0.202465 12 
0 0.206495 12 
0 0.212378 12 
0 0.212378 12 
0 0.212378 12 
0 0.213025 12 
0 0.23894 12 
0 0.244789 12 
0 0.249234 12 
0 0.250536 12 
0 0.259334 12 
0 0.26425 12 
0 0.266305 12 
0 0.26763 12 
0 0.278883 12 
0 0.289496 12 
0 0.301123 12 
0 0.303998 12 
0 0.306992 12 
0 0.309984 12 
0 0.324407 12 
0 0.331086 12 
0 0.336024 12 
0 0.341714 12 
0 0.342497 12 
0 0.361713 12 
0 0.361721 12 
0 0.369109 12 
0 0.369605 12 
0 0.387849 12 
0 0.42166 12 
0 0.433948 12 
0 0.440757 12 
0 0.496035 12 
0 0.497509 12 
0 0.521653 12 
0 0.522704 12 
0 0.541956 12 
0 0.556702 12 
0 0.580828 12 
0 0.648454 12 
0 0.64923 12 
0 0.680666 12 
0 0.684353 12 
0 0.699939 12 
0 0.70359 12 
0 0.72334 12 
0 0.745666 12 
0 0.746095 12 
0 0.748543 12 
0 0.751862 12 
0 0.753418 12 
0 0.756146 12 
0 0.819169 12 
0 0.863752 12 
0 0.878197 12 
0 0.883029 12 
0 0.954103 12 
0 0.976707 12 
0 1.00572 12 
0 1.09725 12 
0 1.16637 12 
0 1.16991 12 
0 1.17463 12 
0 1.1765 12 
0 1.2151 12 
0 1.23981 12 
0 1.26838 12 
0 1.38482 12 
0 1.38601 12 
0 1.38618 12 
0 1.38934 12 
0 1.40818 12 
0 1.72798 12 
0 1.73211 12 
0 1.77554 12 
0 1.77781 12 
0 1.77896 12 
0 inf 12 
0 0.147532 13 
0 0.170012 13 
0 0.180752 13 
0 0.182256 13 
0 0.185989 13 
0 0.197652 13 
0 0.207159 13 
0 0.223722 13 
0 0.231599 13 
0 0.236257 13 
0 0.242375 13 
0 0.246114 13 
0 0.261263 13 
0 0.26732 13 
0 0.268344 13 
0 0.269535 13 
0 0.273084 13 
0 0.274745 13 
0 0.280383 13 
0 0.293586 13 
0 0.298688 13 
0 0.303243 13 
0 0.304754 13 
0 0.306546 13 
0 0.318691 13 
0 0.32098 13 
0 0.346607 13 
0 0.351847 13 
0 0.358953 13 
0 0.360479 13 
0 0.387617 13 
0 0.395229 13 
0 0.44033 13 
0 0.443019 13 
0 0.498427 13 
0 0.503086 13 
0 0.504176 13 
0 0.511474 13 
0 0.511921 13 
0 0.520597 13 
0 0.528364 13 
0 0.528623 13 
0 0.535246 13 
0 0.572577 13 
0 0.574897 13 
0 0.579136 13 
0 0.585422 13 
0 0.665912 13 
0 0.673563 13 
0 0.702053 13 
0 0.70303 13 
0 0.710784 13 
0 0.714884 13 
0 0.715916 13 
0 0.763515 13 
0 0.765609 13 
0 0.773986 13 
0 0.774259 13 
0 0.777091 13 
0 0.777632 13 
0 0.803968 13 
0 0.806002 13 
0 0.809398 13 
0 0.812107 13 
0 0.831757 13 
0 0.945351 13 
0 1.01979 13 
0 1.14787 13 
0 1.16249 13 
0 1.16308 13 
0 1.16607 13 
0 1.16857 13 
0 1.18456 13 
0 1.37281 13 
0 1.37756 13 
0 1.38471 13 
0 1.38541 13 
0 1.38976 13 
0 1.73727 13 
0 1.73854 13 
0 1.7812 13 
0 1.79142 13 
0 1.79206 13 
0 inf 13 
0 0.0932622 14 
0 0.116324 14 
0 0.127625 14 
0 0.138621 14 
0 0.145082 14 
0 0.152456 14 
0 0.169786 14 
0 0.172417 14 
0 0.175596 14 
0 0.192741 14 
0 0.210877 14 
0 0.221047 14 
0 0.223517 14 
0 0.244626 14 
0 0.255952 14 
0 0.256313 14 
0 0.270213 14 
0 0.271735 14 
0 0.276933 14 
0 0.280188 14 
0 0.290612 14 
0 0.29171 14 
0 0.300517 14 
0 0.302943 14 
0 0.342232 14 
0 0.34423 14 
0 0.346084 14 
0 0.35676 14 
0 0.373057 14 
0 0.383938 14 
0 0.387732 14 
0 0.387846 14 
0 0.393123 14 
0 0.395559 14 
0 0.39625 14 
0 0.400618 14 
0 0.456151 14 
0 0.456953 14 
0 0.501618 14 
0 0.518133 14 
0 0.562831 14 
0 0.572582 14 
0 0.581029 14 
0 0.591021 14 
0 0.607589 14 
0 0.670304 14 
0 0.670304 14 
0 0.679262 14 
0 0.679262 14 
0 0.703548 14 
0 0.709764 14 
0 0.718286 14 
0 0.730416 14 
0 0.73098 14 
0 0.746462 14 
0 0.749398 14 
0 0.765991 14 
0 0.766289 14 
0 0.767602 14 
0 0.835472 14 
0 0.890809 14 
0 0.896338 14 
0 0.900747 14 
0 0.90561 14 
0 0.927966 14 
0 0.999257 14 
0 1.00022 14 
0 1.00077 14 
0 1.07352 14 
0 1.36193 14 
0 1.36408 14 
0 1.36659 14 
0 1.36926 14 
0 1.36926 14 
0 1.74046 14 
0 1.74358 14 
0 1.7722 14 
0 1.78923 14 
0 1.78954 14 
0 inf 14 
0 0.128695 15 
0 0.138954 15 
0 0.151243 15 
0 0.160923 15 
0 0.162338 15 
0 0.162584 15 
0 0.164034 15 
0 0.165133 15 
0 0.171656 15 
0 0.179227 15 
0 0.183996 15 
0 0.192748 15 
0 0.198332 15 
0 0.209123 15 
0 0.230766 15 
0 0.23567 15 
0 0.239523 15 
0 0.253623 15 
0 0.254877 15 
0 0.256131 15 
0 0.261442 15 
0 0.263386 15 
0 0.282468 15 
0 0.293275 15 
0 0.300822 15 
0 0.306243 15 
0 0.307588 15 
0 0.307588 15 
0 0.309217 15 
0 0.352628 15 
0 0.362249 15 
0 0.37121 15 
0 0.393704 15 
0 0.421973 15 
0 0.427144 15 
0 0.443964 15 
0 0.443964 15 
0 0.517157 15 
0 0.520343 15 
0 0.524324 15 
0 0.52655 15 
0 0.529745 15 
0 0.534309 15 
0 0.575767 15 
0 0.57957 15 
0 0.581697 15 
0 0.657625 15 
0 0.665371 15 
0 0.694848 15 
0 0.743877 15 
0 0.745298 15 
0 0.751161 15 
0 0.752439 15 
0 0.758909 15 
0 0.776017 15 
0 0.776783 15 
0 0.823667 15 
0 0.828099 15 
0 0.832342 15 
0 0.988438 15 
0 1.02391 15 
0 1.02569 15 
0 1.15007 15 
0 1.20409 15 
0 1.21317 15 
0 1.21362 15 
0 1.3826 15 
0 1.39003 15 
0 1.40493 15 
0 1.40493 15 
0 1.58027 15 
0 1.72819 15 
0 1.74279 15 
0 1.74664 15 
0 1.74672 15 
0 inf 15 
0 0.17324 16 
0 0.177415 16 
0 0.1787 16 
0 0.178701 16 
0 0.196041 16 
0 0.213454 16 
0 0.213897 16 
0 0.214949 16 
0 0.219375 16 
0 0.228975 16 
0 0.236254 16 
0 0.245748 16 
0 0.247418 16 
0 0.251997 16 
0 0.253258 16 
0 0.255952 16 
0 0.258971 16 
0 0.258981 16 
0 0.259679 16 
0 0.261092 16 
0 0.262865 16 
0 0.279565 16 
0 0.282596 16 
0 0.285527 16 
0 0.304298 16 
0 0.327471 16 
0 0.328726 16 
0 0.329296 16 
0 0.330804 16 
0 0.345021 16 
0 0.358829 16 
0 0.359848 16 
0 0.372046 16 
0 0.388555 16 
0 0.404564 16 
0 0.40951 16 
0 0.498793 16 
0 0.505355 16 
0 0.505355 16 
0 0.50644 16 
0 0.527238 16 
0 0.562993 16 
0 0.564249 16 
0 0.595917 16 
0 0.664284 16 
0 0.668388 16 
0 0.669209 16 
0 0.669961 16 
0 0.670302 16 
0 0.761151 16 
0 0.780509 16 
0 0.794625 16 
0 0.795546 16 
0 0.810179 16 
0 0.985007 16 
0 1.01718 16 
0 1.01767 16 
0 1.17541 16 
0 1.19746 16 
0 1.19746 16 
0 1.36042 16 
0 1.44411 16 
0 1.45005 16 
0 1.45018 16 
0 1.73242 16 
0 1.78196 16 
0 1.78496 16 
0 1.78514 16 
0 2.00025 16 
0 2.00144 16 
0 2.0019 16 
0 inf 16 
0 0.165133 17 
0 0.185244 17 
0 0.186964 17 
0 0.186964 17 
0 0.205593 17 
0 0.218757 17 
0 0.228965 17 
0 0.233908 17 
0 0.256128 17 
0 0.266431 17 
0 0.276421 17 
0 0.281982 17 
0 0.283603 17 
0 0.283626 17 
0 0.287743 17 
0 0.291079 17 
0 0.293256 17 
0 0.300207 17 
0 0.304145 17 
0 0.304174 17 
0 0.308328 17 
0 0.309098 17 
0 0.313479 17 
0 0.314207 17 
0 0.3228 17 
0 0.3228 17 
0 0.325647 17 
0 0.357142 17 
0 0.359695 17 
0 0.361218 17 
0 0.369235 17 
0 0.494186 17 
0 0.495019 17 
0 0.49585 17 
0 0.496034 17 
0 0.612129 17 
0 0.625874 17 
0 0.654906 17 
0 0.660614 17 
0 0.693581 17 
0 0.693581 17 
0 0.693911 17 
0 0.734974 17 
0 0.747013 17 
0 0.760275 17 
0 0.780789 17 
0 0.803911 17 
0 0.878978 17 
0 0.881317 17 
0 0.882148 17 
0 0.981284 17 
0 0.995126 17 
0 1.00642 17 
0 1.16182 17 
0 1.16249 17 
0 1.16265 17 
0 1.36368 17 
0 1.36796 17 
0 1.36827 17 
0 1.37084 17 
0 1.64249 17 
0 1.65978 17 
0 1.66267 17 
0 1.7257 17 
0 1.86717 17 
0 1.86886 17 
0 1.86925 17 
0 inf 17 
0 0.126135 18 
0 0.147899 18 
0 0.15544 18 
0 0.159792 18 
0 0.177126 18 
0 0.178925 18 
0 0.209983 18 
0 0.225745 18 
0 0.229962 18 
0 0.239321 18 
0 0.254698 18 
0 0.255789 18 
0 0.262657 18 
0 0.266946 18 
0 0.266976 18 
0 0.267668 18 
0 0.267668 18 
0 0.271534 18 
0 0.27642 18 
0 0.28809 18 
0 0.289827 18 
0 0.295133 18 
0 0.312924 18 
0 0.328334 18 
0 0.339972 18 
0 0.438993 18 
0 0.451915 18 
0 0.521387 18 
0 0.607849 18 
0 0.610253 18 
0 0.612722 18 
0 0.655116 18 
0 0.655535 18 
0 0.656163 18 
0 0.657764 18 
0 0.712304 18 
0 0.729789 18 
0 0.732967 18 
0 0.771423 18 
0 0.777328 18 
0 0.781496 18 
0 0.78173 18 
0 0.802054 18 
0 0.817204 18 
0 0.84706 18 
0 0.896487 18 
0 0.898118 18 
0 0.935526 18 
0 0.95687 18 
0 0.972525 18 
0 0.981986 18 
0 1.03107 18 
0 1.03881 18 
0 1.05263 18 
0 1.24372 18 
0 1.36974 18 
0 1.3772 18 
0 1.37743 18 
0 1.37783 18 
0 1.72811 18 
0 1.73562 18 
0 1.73933 18 
0 1.73964 18 
0 inf 18 
0 0.0839697 19 
0 0.112393 19 
0 0.114009 19 
0 0.147224 19 
0 0.148152 19 
0 0.14846 19 
0 0.154501 19 
0 0.174524 19 
0 0.177641 19 
0 0.213479 19 
0 0.217723 19 
0 0.230777 19 
0 0.232951 19 
0 0.236824 19 
0 0.240295 19 
0 0.240295 19 
0 0.240847 19 
0 0.245363 19 
0 0.266322 19 
0 0.270414 19 
0 0.283142 19 
0 0.371449 19 
0 0.406504 19 
0 0.422399 19 
0 0.426603 19 
0 0.430875 19 
0 0.448869 19 
0 0.514685 19 
0 0.516721 19 
0 0.51761 19 
0 0.518489 19 
0 0.523935 19 
0 0.525065 19 
0 0.560876 19 
0 0.598979 19 
0 0.598979 19 
0 0.71802 19 
0 0.718465 19 
0 0.718593 19 
0 0.737212 19 
0 0.778856 19 
0 0.779032 19 
0 0.779149 19 
0 0.962645 19 
0 0.964307 19 
0 0.99825 19 
0 1.00154 19 
0 1.00158 19 
0 1.02765 19 
0 1.16348 19 
0 1.27652 19 
0 1.36344 19 
0 1.36559 19 
0 1.3672 19 
0 1.81849 19 
0 1.82314 19 
0 1.82404 19 
0 1.8864 19 
0 3.74218 19 
0 inf 19 
0 0.103414 20 
0 0.103414 20 
0 0.109093 20 
0 0.110344 20 
0 0.110344 20 
0 0.127222 20 
0 0.136922 20 
0 0.143486 20 
0 0.143487 20 
0 0.191284 20 
0 0.194133 20 
0 0.196977 20 
0 0.199746 20 
0 0.201795 20 
0 0.216027 20 
0 0.217715 20 
0 0.229179 20 
0 0.262659 20 
0 0.268686 20 
0 0.287284 20 
0 0.288079 20 
0 0.290451 20 
0 0.290451 20 
0 0.30862 20 
0 0.312303 20 
0 0.31522 20 
0 0.341983 20 
0 0.344649 20 
0 0.346766 20 
0 0.37804 20 
0 0.496218 20 
0 0.497231 20 
0 0.499526 20 
0 0.563561 20 
0 0.564453 20 
0 0.566817 20 
0 0.567606 20 
0 0.695231 20 
0 0.702823 20 
0 0.704059 20 
0 0.727113 20 
0 0.727868 20 
0 0.76187 20 
0 0.76313 20 
0 0.908008 20 
0 1.07818 20 
0 1.07869 20 
0 1.0903 20 
0 1.09214 20 
0 1.19295 20 
0 1.38607 20 
0 1.39003 20 
0 1.58489 20 
0 1.78978 20 
0 1.79011 20 
0 inf 20 
