6.69624 9.65507 1 
0.503796 1.37453 1 
0.285821 0.339303 1 
0.189399 0.203716 1 
0.137352 0.138312 1 
0.12836 0.145415 1 
0.113788 0.118805 1 
0.106064 0.111313 1 
0.10328 0.108049 1 
0.101724 0.120252 1 
0.0939979 0.11803 1 
0.0935741 0.0993498 1 
0.0886225 0.0930038 1 
0.0881739 0.124698 1 
0.0860436 0.0865047 1 
0.0817703 0.0970523 1 
0.0776082 0.0802973 1 
0.0741131 0.075884 1 
0.0741111 0.0767485 1 
0.0735714 0.0866536 1 
0.0721176 0.075884 1 
0.0710017 0.0863466 1 
0.0673593 0.0748232 1 
0.0669631 0.0860387 1 
0.066963 0.0793 1 
0.0637154 0.0645426 1 
0.0607305 0.0679469 1 
0.0587312 0.0683357 1 
0.0573602 0.0665666 1 
0.0564265 0.0671608 1 
0.0549983 0.0702512 1 
0.0507329 0.0568962 1 
0.0499412 0.0585054 1 
0.0452002 0.0463592 1 
0.0388905 0.0440114 1 
7.05721 7.3441 2 
7.01841 7.38395 2 
5.3839 7.39621 2 
2.01215 2.02238 2 
0.434168 1.87026 2 
0.249333 0.296038 2 
0.238287 0.242375 2 
0.229262 0.272128 2 
0.229262 0.323079 2 
0.162887 0.167312 2 
0.149908 0.176347 2 
0.110116 0.116329 2 
0.108781 0.129803 2 
0.103666 0.115986 2 
0.103666 0.119591 2 
0.103536 0.125754 2 
0.0992154 0.1297 2 
0.0924341 0.138794 2 
0.0875674 0.0898113 2 
0.0679472 0.0681425 2 
0.05985 0.0632974 2 
0.0532824 0.0600707 2 
0.052531 0.0578206 2 
0.0507322 0.060071 2 
0.0399008 0.0415299 2 
5.42542 5.50939 3 
5.42542 5.44872 3 
5.42052 5.49538 3 
0.437885 1.95548 3 
0.273491 0.322217 3 
0.267607 0.276529 3 
0.260418 0.286982 3 
0.258116 0.337659 3 
0.232139 0.246497 3 
0.186937 0.195201 3 
0.177697 0.182845 3 
0.135409 0.138797 3 
0.127639 0.131828 3 
0.122111 0.158934 3 
0.0912775 0.102763 3 
0.0852656 0.0947035 3 
0.079134 0.0880226 3 
0.077781 0.0974623 3 
0.0776103 0.100149 3 
0.072664 0.079799 3 
0.0624526 0.0632967 3 
0.0580489 0.0657641 3 
0.0509934 0.051511 3 
1.65946 1.66603 4 
0.860766 1.67194 4 
0.243249 0.244768 4 
0.233847 0.25119 4 
0.23214 0.278254 4 
0.216772 0.260371 4 
0.151496 0.171384 4 
0.132733 0.140879 4 
0.127739 0.15419 4 
0.12309 0.149383 4 
0.121787 0.135307 4 
0.0791312 0.0796333 4 
0.0776078 0.0836946 4 
0.0578205 0.064543 4 
0.0578203 0.0613815 4 
0.0566616 0.0580499 4 
1.53684 1.55077 5 
1.49668 1.49699 5 
1.49313 1.5429 5 
1.45442 1.53779 5 
1.44615 1.57586 5 
1.2488 1.26427 5 
0.22594 0.230535 5 
0.220591 0.2625 5 
0.145784 0.150882 5 
0.142656 0.159352 5 
0.139745 0.15367 5 
0.12222 0.160098 5 
0.0955367 0.109152 5 
0.0828977 0.0841674 5 
0.0781204 0.0840137 5 
0.0769214 0.0820937 5 
0.0639226 0.0706276 5 
0.0589564 0.0687237 5 
1.41666 1.44834 6 
1.34393 1.36619 6 
1.33819 1.36195 6 
1.29287 1.54934 6 
0.180728 0.194584 6 
0.172465 0.208662 6 
0.157759 0.223757 6 
0.133728 0.146964 6 
0.123301 0.184938 6 
0.113088 0.126699 6 
0.0990824 0.103663 6 
0.097597 0.10068 6 
0.0689165 0.0710018 6 
0.0641302 0.0673593 6 
0.0615983 0.0632971 6 
2.4539 2.54419 7 
2.45333 2.54419 7 
2.45178 2.79721 7 
2.45173 2.95312 7 
1.39138 1.6097 7 
1.30371 1.31006 7 
1.28875 1.3029 7 
1.19189 1.24525 7 
0.189821 0.20758 7 
0.166913 0.168259 7 
0.16338 0.179402 7 
0.161747 0.16723 7 
0.159516 0.184864 7 
0.139458 0.150883 7 
0.116099 0.142469 7 
0.0935743 0.0949804 7 
1.22848 1.26922 8 
1.04024 1.10269 8 
0.273443 0.284105 8 
0.155132 0.158515 8 
0.140407 0.15132 8 
0.138024 0.177169 8 
0.134224 0.160099 8 
0.118589 0.123413 8 
1.44777 1.67861 9 
1.44703 1.61355 9 
1.38347 1.49017 9 
1.25196 1.40659 9 
1.21309 1.40659 9 
0.945967 0.955781 9 
0.212946 0.216774 9 
0.151322 0.170376 9 
0.149115 0.150531 9 
1.11787 1.16791 10 
1.09972 1.27633 10 
0.808188 0.826787 10 
0.798211 0.906714 10 
1.21682 1.22308 11 
0.879717 0.883344 11 
0.87184 0.942364 11 
0.805503 0.865484 11 
0.660016 0.663546 11 
0.428529 0.439535 11 
0.848379 1.08311 12 
0.812371 0.931606 12 
0.793025 0.979023 12 
0.779954 0.806892 12 
0.758454 0.843958 12 
0.688256 0.827043 12 
0.682174 0.689843 12 
0.669114 0.689198 12 
0.633932 0.816095 12 
0.42495 0.439105 12 
0.369086 0.387564 12 
1.0846 1.15924 13 
1.07868 1.16527 13 
1.0769 1.1837 13 
0.824782 0.825796 13 
0.383433 0.397862 13 
0.333391 0.376038 13 
1.38446 1.41742 14 
1.23072 1.31381 14 
1.22954 1.30013 14 
0.88202 0.938564 14 
0.310302 0.345946 14 
0.928421 1.01078 15 
0.928307 1.1968 15 
0.923607 1.08826 15 
0.882165 0.922799 15 
0.62997 0.630558 15 
1.11341 1.1563 16 
1.0214 1.05297 16 
1.00643 1.03863 16 
0.930428 1.15826 16 
0.91669 1.17176 16 
0.885023 1.03575 16 
0.976383 1.13812 17 
0.942579 0.986132 17 
0.895066 1.03207 17 
0.889759 1.02881 17 
0.887968 1.03067 17 
0.865835 0.874161 17 
1.04314 1.07019 18 
1.04234 1.07067 18 
1.04164 1.07102 18 
0.999161 1.08604 18 
0.781116 0.830169 18 
0.306736 0.334464 20 
0.244394 0.244445 20 
