0 0.01268 1 
0 0.0151555 1 
0 0.015895 1 
0 0.0208888 1 
0 0.0208905 1 
0 0.0249019 1 
0 0.0249034 1 
0 0.0249034 1 
0 0.0342214 1 
0 0.0352184 1 
0 0.0352185 1 
0 0.0365006 1 
0 0.0368161 1 
0 0.0371267 1 
0 0.0380402 1 
0 0.0380411 1 
0 0.0380436 1 
0 0.038341 1 
0 0.038344 1 
0 0.038345 1 
0 0.0392335 1 
0 0.0395248 1 
0 0.0403833 1 
0 0.0403838 1 
0 0.0415069 1 
0 0.0417812 1 
0 0.0417812 1 
0 0.0417837 1 
0 0.0425891 1 
0 0.0433974 1 
0 0.0436642 1 
0 0.0447028 1 
0 0.0449568 1 
0 0.0452119 1 
0 0.0467149 1 
0 0.0472004 1 
0 0.047675 1 
0 0.047924 1 
0 0.0484044 1 
0 0.0484044 1 
0 0.0486418 1 
0 0.0488614 1 
0 0.0488733 1 
0 0.049342 1 
0 0.0495781 1 
0 0.0500358 1 
0 0.0524996 1 
0 0.0529371 1 
0 0.0533715 1 
0 0.0548608 1 
0 0.0571038 1 
0 0.0590874 1 
0 0.0592804 1 
0 0.0632178 1 
0 0.0691189 1 
0 0.0722151 1 
0 0.0726827 1 
0 0.0734684 1 
0 0.0740898 1 
0 0.077727 1 
0 0.0803374 1 
0 0.0820321 1 
0 0.0849247 1 
0 0.0849264 1 
0 0.0858646 1 
0 0.0890158 1 
0 0.089659 1 
0 0.0933053 1 
0 0.0941609 1 
0 0.0956133 1 
0 0.095729 1 
0 0.105435 1 
0 0.106413 1 
0 0.108016 1 
0 0.110741 1 
0 0.110849 1 
0 0.111058 1 
0 0.112396 1 
0 0.117294 1 
0 0.117883 1 
0 0.118362 1 
0 0.119524 1 
0 0.121055 1 
0 0.132127 1 
0 0.133846 1 
0 0.137235 1 
0 0.139727 1 
0 0.14281 1 
0 0.148731 1 
0 0.153517 1 
0 0.154999 1 
0 0.159318 1 
0 0.159602 1 
0 0.162031 1 
0 0.166574 1 
0 0.1674 1 
0 0.182494 1 
0 0.201683 1 
0 0.20907 1 
0 0.252918 1 
0 0.267098 1 
0 0.268983 1 
0 0.352005 1 
0 0.424082 1 
0 0.447382 1 
0 0.485699 1 
0 0.525288 1 
0 0.54173 1 
0 0.575134 1 
0 0.601348 1 
0 0.631043 1 
0 0.642063 1 
0 0.657337 1 
0 0.690385 1 
0 0.757156 1 
0 0.819855 1 
0 0.889124 1 
0 0.909783 1 
0 0.979057 1 
0 1.24857 1 
0 1.32552 1 
0 1.41091 1 
0 1.90717 1 
0 2.25435 1 
0 2.46796 1 
0 2.49911 1 
0 2.57036 1 
0 3.49579 1 
0 3.94323 1 
0 4.03824 1 
0 4.10539 1 
0 inf 1 
0 0.0166017 2 
0 0.0224792 2 
0 0.0229839 2 
0 0.0299232 2 
0 0.0314272 2 
0 0.0314273 2 
0 0.0342261 2 
0 0.0380402 2 
0 0.0389351 2 
0 0.0389351 2 
0 0.0392274 2 
0 0.0392292 2 
0 0.0392298 2 
0 0.0395248 2 
0 0.0398123 2 
0 0.0403838 2 
0 0.0403855 2 
0 0.0409476 2 
0 0.0412255 2 
0 0.0420629 2 
0 0.0431333 2 
0 0.0433987 2 
0 0.0434001 2 
0 0.0462253 2 
0 0.0467181 2 
0 0.0481651 2 
0 0.0486434 2 
0 0.0488771 2 
0 0.0495762 2 
0 0.0498063 2 
0 0.0504984 2 
0 0.0529344 2 
0 0.0535817 2 
0 0.0535923 2 
0 0.0540116 2 
0 0.0546433 2 
0 0.0552739 2 
0 0.0567065 2 
0 0.0579084 2 
0 0.0658829 2 
0 0.0660604 2 
0 0.0669241 2 
0 0.0679417 2 
0 0.0679473 2 
0 0.0679481 2 
0 0.0679488 2 
0 0.0689527 2 
0 0.072049 2 
0 0.07713 2 
0 0.0803399 2 
0 0.0842394 2 
0 0.0842407 2 
0 0.0853301 2 
0 0.08626 2 
0 0.0890161 2 
0 0.0905534 2 
0 0.0911866 2 
0 0.0933012 2 
0 0.0936697 2 
0 0.0941616 2 
0 0.0983416 2 
0 0.100071 2 
0 0.100419 2 
0 0.100645 2 
0 0.102114 2 
0 0.104562 2 
0 0.105432 2 
0 0.111159 2 
0 0.111159 2 
0 0.111981 2 
0 0.115523 2 
0 0.115716 2 
0 0.117094 2 
0 0.117779 2 
0 0.122942 2 
0 0.130632 2 
0 0.138156 2 
0 0.146082 2 
0 0.172133 2 
0 0.177197 2 
0 0.178493 2 
0 0.1813 2 
0 0.183067 2 
0 0.193188 2 
0 0.214378 2 
0 0.215608 2 
0 0.239391 2 
0 0.246433 2 
0 0.257646 2 
0 0.281482 2 
0 0.338393 2 
0 0.396429 2 
0 0.425373 2 
0 0.436933 2 
0 0.462581 2 
0 0.520207 2 
0 0.526044 2 
0 0.534213 2 
0 0.540997 2 
0 0.566392 2 
0 0.567837 2 
0 0.592335 2 
0 0.649788 2 
0 0.689548 2 
0 0.713063 2 
0 0.71409 2 
0 0.719674 2 
0 0.734841 2 
0 0.762449 2 
0 0.763645 2 
0 0.783024 2 
0 0.786393 2 
0 0.827171 2 
0 1.1809 2 
0 1.4772 2 
0 1.55763 2 
0 1.92631 2 
0 2.0687 2 
0 2.31022 2 
0 2.62129 2 
0 2.81116 2 
0 2.93482 2 
0 3.03909 2 
0 3.04416 2 
0 3.16463 2 
0 3.37109 2 
0 3.62058 2 
0 inf 2 
0 0.024903 3 
0 0.0249049 3 
0 0.0317962 3 
0 0.0317965 3 
0 0.0325047 3 
0 0.034226 3 
0 0.0377381 3 
0 0.038344 3 
0 0.0389301 3 
0 0.0389375 3 
0 0.0392318 3 
0 0.0392325 3 
0 0.041227 3 
0 0.0412307 3 
0 0.041508 3 
0 0.0423279 3 
0 0.0436629 3 
0 0.0495733 3 
0 0.0513913 3 
0 0.0516149 3 
0 0.0522766 3 
0 0.0546442 3 
0 0.0548567 3 
0 0.0552757 3 
0 0.0554759 3 
0 0.0554828 3 
0 0.056508 3 
0 0.056508 3 
0 0.0569101 3 
0 0.0575108 3 
0 0.0579058 3 
0 0.057915 3 
0 0.0584989 3 
0 0.0594738 3 
0 0.0604313 3 
0 0.060432 3 
0 0.0632214 3 
0 0.0635842 3 
0 0.0653619 3 
0 0.0660575 3 
0 0.0669241 3 
0 0.0793327 3 
0 0.0811917 3 
0 0.0818921 3 
0 0.0845204 3 
0 0.0849227 3 
0 0.0850603 3 
0 0.0863984 3 
0 0.086534 3 
0 0.0867987 3 
0 0.0877138 3 
0 0.0896557 3 
0 0.0941641 3 
0 0.0945224 3 
0 0.0958539 3 
0 0.0976315 3 
0 0.104885 3 
0 0.105323 3 
0 0.108228 3 
0 0.114117 3 
0 0.116802 3 
0 0.118947 3 
0 0.125615 3 
0 0.125616 3 
0 0.127155 3 
0 0.129578 3 
0 0.137155 3 
0 0.140223 3 
0 0.141202 3 
0 0.141692 3 
0 0.145362 3 
0 0.150335 3 
0 0.165401 3 
0 0.168699 3 
0 0.20389 3 
0 0.290589 3 
0 0.304567 3 
0 0.339868 3 
0 0.380822 3 
0 0.405338 3 
0 0.411446 3 
0 0.412619 3 
0 0.41628 3 
0 0.438877 3 
0 0.475454 3 
0 0.512155 3 
0 0.517648 3 
0 0.545897 3 
0 0.574087 3 
0 0.583016 3 
0 0.59299 3 
0 0.600197 3 
0 0.601112 3 
0 0.614135 3 
0 0.644764 3 
0 0.662099 3 
0 0.672056 3 
0 0.672666 3 
0 0.681336 3 
0 0.695818 3 
0 0.709378 3 
0 0.713034 3 
0 0.722449 3 
0 0.774875 3 
0 0.817451 3 
0 1.11194 3 
0 1.17019 3 
0 1.26373 3 
0 1.27214 3 
0 1.39017 3 
0 1.55046 3 
0 1.60254 3 
0 1.60846 3 
0 1.60961 3 
0 1.78009 3 
0 2.85644 3 
0 2.92172 3 
0 2.95173 3 
0 2.95507 3 
0 2.95546 3 
0 3.0585 3 
0 3.40921 3 
0 3.41706 3 
0 inf 3 
0 0.0271057 4 
0 0.0279431 4 
0 0.0303073 4 
0 0.0361875 4 
0 0.0374298 4 
0 0.0374298 4 
0 0.0377377 4 
0 0.0377381 4 
0 0.0377406 4 
0 0.038934 4 
0 0.0392284 4 
0 0.0406671 4 
0 0.0412272 4 
0 0.0415044 4 
0 0.0420544 4 
0 0.0428666 4 
0 0.044705 4 
0 0.0476891 4 
0 0.0513907 4 
0 0.0529453 4 
0 0.0535825 4 
0 0.0537963 4 
0 0.0556846 4 
0 0.0556848 4 
0 0.0556851 4 
0 0.0563089 4 
0 0.0594751 4 
0 0.0604385 4 
0 0.063219 4 
0 0.0648312 4 
0 0.0657151 4 
0 0.0697819 4 
0 0.0709241 4 
0 0.0804842 4 
0 0.0824562 4 
0 0.0831462 4 
0 0.0832852 4 
0 0.0836996 4 
0 0.0846481 4 
0 0.0871895 4 
0 0.0873258 4 
0 0.0911869 4 
0 0.0964519 4 
0 0.0972768 4 
0 0.0975134 4 
0 0.097631 4 
0 0.0976325 4 
0 0.100759 4 
0 0.101442 4 
0 0.103124 4 
0 0.103457 4 
0 0.104664 4 
0 0.107058 4 
0 0.108337 4 
0 0.114922 4 
0 0.120952 4 
0 0.123316 4 
0 0.124148 4 
0 0.124518 4 
0 0.135294 4 
0 0.143945 4 
0 0.166367 4 
0 0.178554 4 
0 0.178939 4 
0 0.179259 4 
0 0.197432 4 
0 0.204396 4 
0 0.375723 4 
0 0.384306 4 
0 0.384861 4 
0 0.401364 4 
0 0.421985 4 
0 0.427867 4 
0 0.443879 4 
0 0.451745 4 
0 0.455544 4 
0 0.47668 4 
0 0.522249 4 
0 0.533382 4 
0 0.534669 4 
0 0.550801 4 
0 0.573333 4 
0 0.573333 4 
0 0.575686 4 
0 0.581561 4 
0 0.599433 4 
0 0.601433 4 
0 0.607823 4 
0 0.62076 4 
0 0.65258 4 
0 0.652581 4 
0 0.682171 4 
0 0.683787 4 
0 0.694188 4 
0 0.719119 4 
0 0.766972 4 
0 0.82386 4 
0 0.843184 4 
0 1.06597 4 
0 1.0854 4 
0 1.11126 4 
0 1.18509 4 
0 1.25666 4 
0 1.26104 4 
0 1.26605 4 
0 1.30164 4 
0 1.32156 4 
0 1.32156 4 
0 1.32356 4 
0 1.51246 4 
0 1.78344 4 
0 1.85169 4 
0 2.39789 4 
0 2.46055 4 
0 2.48933 4 
0 2.53684 4 
0 2.74784 4 
0 2.74788 4 
0 2.74882 4 
0 inf 4 
0 0.0342243 5 
0 0.0444401 5 
0 0.0446978 5 
0 0.0459701 5 
0 0.0486437 5 
0 0.0504895 5 
0 0.051171 5 
0 0.0522808 5 
0 0.0531462 5 
0 0.0531536 5 
0 0.0531571 5 
0 0.0535771 5 
0 0.0563012 5 
0 0.0563043 5 
0 0.056504 5 
0 0.0565044 5 
0 0.0565071 5 
0 0.0575133 5 
0 0.057909 5 
0 0.0586918 5 
0 0.0588996 5 
0 0.0590883 5 
0 0.0590885 5 
0 0.0610048 5 
0 0.0653601 5 
0 0.0674382 5 
0 0.0676074 5 
0 0.0687838 5 
0 0.0699515 5 
0 0.0702733 5 
0 0.071892 5 
0 0.0718944 5 
0 0.0725251 5 
0 0.0762338 5 
0 0.0769802 5 
0 0.077577 5 
0 0.0807642 5 
0 0.0810583 5 
0 0.0816159 5 
0 0.0816166 5 
0 0.0825936 5 
0 0.0838386 5 
0 0.0843864 5 
0 0.0882402 5 
0 0.092067 5 
0 0.0936652 5 
0 0.0990332 5 
0 0.0990339 5 
0 0.105327 5 
0 0.105546 5 
0 0.132379 5 
0 0.1445 5 
0 0.150566 5 
0 0.152611 5 
0 0.157353 5 
0 0.164218 5 
0 0.170926 5 
0 0.196437 5 
0 0.201512 5 
0 0.286805 5 
0 0.371171 5 
0 0.371631 5 
0 0.423945 5 
0 0.425407 5 
0 0.426296 5 
0 0.442164 5 
0 0.442786 5 
0 0.453526 5 
0 0.453953 5 
0 0.494195 5 
0 0.503973 5 
0 0.508419 5 
0 0.530359 5 
0 0.544649 5 
0 0.551765 5 
0 0.566964 5 
0 0.574946 5 
0 0.579388 5 
0 0.580655 5 
0 0.600472 5 
0 0.601523 5 
0 0.601523 5 
0 0.636828 5 
0 0.679603 5 
0 0.682841 5 
0 0.689869 5 
0 0.714405 5 
0 0.780487 5 
0 0.809947 5 
0 0.81591 5 
0 0.816319 5 
0 0.819729 5 
0 0.824208 5 
0 0.831101 5 
0 0.866957 5 
0 1.07804 5 
0 1.1464 5 
0 1.22072 5 
0 1.54307 5 
0 1.60142 5 
0 1.60371 5 
0 1.66507 5 
0 1.7109 5 
0 1.71995 5 
0 1.7584 5 
0 1.76073 5 
0 1.76503 5 
0 1.77214 5 
0 1.79699 5 
0 1.81169 5 
0 1.82413 5 
0 1.93741 5 
0 1.93895 5 
0 1.94007 5 
0 1.94784 5 
0 inf 5 
0 0.0249032 6 
0 0.0287557 6 
0 0.031426 6 
0 0.0342283 6 
0 0.0361879 6 
0 0.038342 6 
0 0.0398092 6 
0 0.039814 6 
0 0.0425985 6 
0 0.0476872 6 
0 0.0484066 6 
0 0.0493462 6 
0 0.0495736 6 
0 0.0509513 6 
0 0.0522816 6 
0 0.0522871 6 
0 0.0527191 6 
0 0.0585007 6 
0 0.0590877 6 
0 0.0598575 6 
0 0.0617461 6 
0 0.0624894 6 
0 0.0660616 6 
0 0.0662319 6 
0 0.0662413 6 
0 0.066754 6 
0 0.0682789 6 
0 0.0697767 6 
0 0.0705991 6 
0 0.0725272 6 
0 0.0775786 6 
0 0.0800528 6 
0 0.0828725 6 
0 0.0856027 6 
0 0.0909334 6 
0 0.100872 6 
0 0.104008 6 
0 0.10468 6 
0 0.10468 6 
0 0.105222 6 
0 0.110334 6 
0 0.115712 6 
0 0.116805 6 
0 0.120674 6 
0 0.133152 6 
0 0.140214 6 
0 0.142411 6 
0 0.144898 6 
0 0.161676 6 
0 0.198414 6 
0 0.203882 6 
0 0.216192 6 
0 0.251208 6 
0 0.31402 6 
0 0.321504 6 
0 0.325056 6 
0 0.395875 6 
0 0.404357 6 
0 0.408689 6 
0 0.41011 6 
0 0.411871 6 
0 0.415437 6 
0 0.419643 6 
0 0.428595 6 
0 0.440782 6 
0 0.467594 6 
0 0.467594 6 
0 0.492078 6 
0 0.528646 6 
0 0.541763 6 
0 0.5498 6 
0 0.550948 6 
0 0.568356 6 
0 0.590828 6 
0 0.596978 6 
0 0.622225 6 
0 0.629544 6 
0 0.629544 6 
0 0.633366 6 
0 0.64292 6 
0 0.653549 6 
0 0.656703 6 
0 0.673609 6 
0 0.728324 6 
0 0.769939 6 
0 0.777509 6 
0 0.780825 6 
0 0.812195 6 
0 0.815312 6 
0 0.824203 6 
0 0.968144 6 
0 1.00159 6 
0 1.24178 6 
0 1.25391 6 
0 1.26613 6 
0 1.27688 6 
0 1.2862 6 
0 1.3265 6 
0 1.33182 6 
0 1.34482 6 
0 1.4129 6 
0 1.41348 6 
0 1.41465 6 
0 1.4493 6 
0 1.68494 6 
0 1.7914 6 
0 1.80538 6 
0 2.26968 6 
0 2.29026 6 
0 2.30064 6 
0 2.35676 6 
0 inf 6 
0 0.024903 7 
0 0.0299264 7 
0 0.0348903 7 
0 0.0374301 7 
0 0.0380434 7 
0 0.038934 7 
0 0.0412228 7 
0 0.0454658 7 
0 0.0495746 7 
0 0.0495754 7 
0 0.0507168 7 
0 0.0518367 7 
0 0.054219 7 
0 0.054225 7 
0 0.0584973 7 
0 0.0635812 7 
0 0.0665778 7 
0 0.0684519 7 
0 0.0720498 7 
0 0.0722114 7 
0 0.075626 7 
0 0.0824542 7 
0 0.0846522 7 
0 0.0913134 7 
0 0.0913138 7 
0 0.0926844 7 
0 0.0951293 7 
0 0.0975063 7 
0 0.0984552 7 
0 0.100413 7 
0 0.100531 7 
0 0.100531 7 
0 0.101098 7 
0 0.101661 7 
0 0.104453 7 
0 0.108338 7 
0 0.108767 7 
0 0.111164 7 
0 0.114519 7 
0 0.123678 7 
0 0.147948 7 
0 0.147959 7 
0 0.208071 7 
0 0.217418 7 
0 0.254025 7 
0 0.256988 7 
0 0.27739 7 
0 0.280994 7 
0 0.280995 7 
0 0.32283 7 
0 0.32494 7 
0 0.32666 7 
0 0.328028 7 
0 0.329589 7 
0 0.352243 7 
0 0.373915 7 
0 0.40578 7 
0 0.443845 7 
0 0.462944 7 
0 0.477331 7 
0 0.477523 7 
0 0.529362 7 
0 0.544375 7 
0 0.544584 7 
0 0.547865 7 
0 0.567446 7 
0 0.56842 7 
0 0.6094 7 
0 0.616742 7 
0 0.627043 7 
0 0.628308 7 
0 0.649364 7 
0 0.650212 7 
0 0.650848 7 
0 0.675428 7 
0 0.703287 7 
0 0.711106 7 
0 0.74716 7 
0 0.761374 7 
0 0.76261 7 
0 0.762866 7 
0 0.806774 7 
0 0.817899 7 
0 0.823249 7 
0 0.866323 7 
0 0.921002 7 
0 0.927786 7 
0 0.998476 7 
0 1.08694 7 
0 1.11185 7 
0 1.11457 7 
0 1.13531 7 
0 1.13637 7 
0 1.19457 7 
0 1.20049 7 
0 1.4092 7 
0 1.53607 7 
0 1.54068 7 
0 1.5698 7 
0 1.74037 7 
0 1.7712 7 
0 1.77187 7 
0 1.77187 7 
0 1.79224 7 
0 1.82257 7 
0 1.9339 7 
0 2.34677 7 
0 inf 7 
0 0.0249017 8 
0 0.0355418 8 
0 0.0361852 8 
0 0.0486384 8 
0 0.0546402 8 
0 0.0567044 8 
0 0.0584997 8 
0 0.0658867 8 
0 0.0684502 8 
0 0.0723668 8 
0 0.0734716 8 
0 0.0736264 8 
0 0.0763821 8 
0 0.0771381 8 
0 0.0799147 8 
0 0.0838334 8 
0 0.0838334 8 
0 0.0877222 8 
0 0.0886369 8 
0 0.0888926 8 
0 0.0892734 8 
0 0.0905488 8 
0 0.0910395 8 
0 0.0921921 8 
0 0.102785 8 
0 0.10368 8 
0 0.104123 8 
0 0.105765 8 
0 0.106089 8 
0 0.107059 8 
0 0.113715 8 
0 0.122936 8 
0 0.130726 8 
0 0.146319 8 
0 0.200716 8 
0 0.211124 8 
0 0.211138 8 
0 0.218306 8 
0 0.220556 8 
0 0.22092 8 
0 0.241993 8 
0 0.267935 8 
0 0.320313 8 
0 0.322458 8 
0 0.327651 8 
0 0.337528 8 
0 0.352951 8 
0 0.357861 8 
0 0.36026 8 
0 0.394393 8 
0 0.430799 8 
0 0.436199 8 
0 0.468569 8 
0 0.480459 8 
0 0.495103 8 
0 0.495359 8 
0 0.4961 8 
0 0.503772 8 
0 0.513277 8 
0 0.528429 8 
0 0.542705 8 
0 0.567567 8 
0 0.581918 8 
0 0.615187 8 
0 0.619653 8 
0 0.653356 8 
0 0.653848 8 
0 0.656315 8 
0 0.664304 8 
0 0.735652 8 
0 0.762053 8 
0 0.771935 8 
0 0.776917 8 
0 0.788705 8 
0 0.791685 8 
0 0.802978 8 
0 0.821375 8 
0 0.82575 8 
0 0.847207 8 
0 0.85167 8 
0 0.855133 8 
0 0.858083 8 
0 0.881919 8 
0 0.889674 8 
0 0.905322 8 
0 0.905553 8 
0 0.949876 8 
0 0.988406 8 
0 0.994758 8 
0 1.00045 8 
0 1.04755 8 
0 1.19232 8 
0 1.20372 8 
0 1.25313 8 
0 1.27167 8 
0 1.31743 8 
0 1.76117 8 
0 1.76239 8 
0 1.76923 8 
0 1.7786 8 
0 1.78875 8 
0 1.78942 8 
0 1.79867 8 
0 inf 8 
0 0.0338945 9 
0 0.0409517 9 
0 0.0441783 9 
0 0.0459612 9 
0 0.0488727 9 
0 0.0562992 9 
0 0.0598624 9 
0 0.0634013 9 
0 0.064483 9 
0 0.0653623 9 
0 0.0653665 9 
0 0.0679445 9 
0 0.0734687 9 
0 0.0756031 9 
0 0.0855972 9 
0 0.0899238 9 
0 0.0965678 9 
0 0.098335 9 
0 0.107916 9 
0 0.111579 9 
0 0.116707 9 
0 0.117685 9 
0 0.126981 9 
0 0.131772 9 
0 0.13872 9 
0 0.143922 9 
0 0.147406 9 
0 0.148654 9 
0 0.161245 9 
0 0.174839 9 
0 0.202764 9 
0 0.20454 9 
0 0.205293 9 
0 0.254026 9 
0 0.288765 9 
0 0.293642 9 
0 0.295863 9 
0 0.312765 9 
0 0.313788 9 
0 0.313917 9 
0 0.315103 9 
0 0.334365 9 
0 0.365056 9 
0 0.369281 9 
0 0.375601 9 
0 0.393396 9 
0 0.40109 9 
0 0.489894 9 
0 0.491392 9 
0 0.493739 9 
0 0.510211 9 
0 0.529687 9 
0 0.562474 9 
0 0.563044 9 
0 0.572163 9 
0 0.595197 9 
0 0.597327 9 
0 0.618283 9 
0 0.620009 9 
0 0.62175 9 
0 0.621916 9 
0 0.655092 9 
0 0.732765 9 
0 0.754563 9 
0 0.762791 9 
0 0.765602 9 
0 0.783189 9 
0 0.786701 9 
0 0.790246 9 
0 0.799037 9 
0 0.812716 9 
0 0.821429 9 
0 0.827004 9 
0 0.832759 9 
0 0.832981 9 
0 0.837171 9 
0 0.842258 9 
0 0.845889 9 
0 0.848004 9 
0 0.857661 9 
0 0.903902 9 
0 0.904346 9 
0 0.937082 9 
0 0.959752 9 
0 0.977271 9 
0 1.13195 9 
0 1.13714 9 
0 1.13749 9 
0 1.16815 9 
0 1.20191 9 
0 1.25427 9 
0 1.25523 9 
0 1.75998 9 
0 1.76012 9 
0 1.78926 9 
0 1.86522 9 
0 1.86546 9 
0 2.06621 9 
0 2.06657 9 
0 inf 9 
0 0.0516195 10 
0 0.060435 10 
0 0.0610055 10 
0 0.0619295 10 
0 0.0653606 10 
0 0.0667564 10 
0 0.081613 10 
0 0.0841063 10 
0 0.0849225 10 
0 0.0850665 10 
0 0.0897895 10 
0 0.0916702 10 
0 0.101444 10 
0 0.110749 10 
0 0.116705 10 
0 0.123684 10 
0 0.130554 10 
0 0.13537 10 
0 0.135891 10 
0 0.159319 10 
0 0.164209 10 
0 0.165676 10 
0 0.190141 10 
0 0.197188 10 
0 0.207939 10 
0 0.211467 10 
0 0.217436 10 
0 0.240409 10 
0 0.262887 10 
0 0.284515 10 
0 0.291589 10 
0 0.293764 10 
0 0.300896 10 
0 0.309143 10 
0 0.317392 10 
0 0.318556 10 
0 0.319453 10 
0 0.323419 10 
0 0.336035 10 
0 0.373515 10 
0 0.375006 10 
0 0.375343 10 
0 0.381694 10 
0 0.387781 10 
0 0.476562 10 
0 0.478966 10 
0 0.495335 10 
0 0.498385 10 
0 0.515266 10 
0 0.516658 10 
0 0.527404 10 
0 0.531138 10 
0 0.580864 10 
0 0.58266 10 
0 0.619495 10 
0 0.629699 10 
0 0.639745 10 
0 0.718786 10 
0 0.735528 10 
0 0.759361 10 
0 0.761132 10 
0 0.762581 10 
0 0.762986 10 
0 0.763122 10 
0 0.768212 10 
0 0.774527 10 
0 0.776304 10 
0 0.777014 10 
0 0.821193 10 
0 0.822465 10 
0 0.829549 10 
0 0.832123 10 
0 0.84587 10 
0 0.870312 10 
0 0.898623 10 
0 0.903213 10 
0 0.905878 10 
0 0.907815 10 
0 0.940684 10 
0 0.944631 10 
0 1.03282 10 
0 1.03308 10 
0 1.19166 10 
0 1.19317 10 
0 1.1934 10 
0 1.29587 10 
0 1.30443 10 
0 1.31453 10 
0 1.76085 10 
0 1.76121 10 
0 1.77211 10 
0 1.77524 10 
0 1.78689 10 
0 1.79007 10 
0 1.79048 10 
0 inf 10 
0 0.0371314 11 
0 0.0611874 11 
0 0.0697571 11 
0 0.0794546 11 
0 0.0843841 11 
0 0.0981048 11 
0 0.0998467 11 
0 0.103904 11 
0 0.108023 11 
0 0.112189 11 
0 0.113009 11 
0 0.135046 11 
0 0.155557 11 
0 0.167259 11 
0 0.173169 11 
0 0.191468 11 
0 0.193099 11 
0 0.200024 11 
0 0.202146 11 
0 0.204789 11 
0 0.216256 11 
0 0.217839 11 
0 0.269204 11 
0 0.279001 11 
0 0.279247 11 
0 0.284048 11 
0 0.28551 11 
0 0.295585 11 
0 0.302957 11 
0 0.304126 11 
0 0.322891 11 
0 0.36896 11 
0 0.374735 11 
0 0.375141 11 
0 0.383227 11 
0 0.383437 11 
0 0.419408 11 
0 0.441995 11 
0 0.446507 11 
0 0.458823 11 
0 0.492357 11 
0 0.509543 11 
0 0.51298 11 
0 0.513785 11 
0 0.53297 11 
0 0.534415 11 
0 0.580651 11 
0 0.582133 11 
0 0.603101 11 
0 0.621629 11 
0 0.640895 11 
0 0.641755 11 
0 0.643811 11 
0 0.648521 11 
0 0.65288 11 
0 0.694323 11 
0 0.733446 11 
0 0.740413 11 
0 0.7587 11 
0 0.758867 11 
0 0.761039 11 
0 0.765256 11 
0 0.769326 11 
0 0.791566 11 
0 0.792654 11 
0 0.795748 11 
0 0.815659 11 
0 0.816958 11 
0 0.819129 11 
0 0.819241 11 
0 0.826281 11 
0 0.843313 11 
0 0.857698 11 
0 0.881935 11 
0 0.930453 11 
0 0.932229 11 
0 0.987608 11 
0 0.990395 11 
0 1.15628 11 
0 1.15653 11 
0 1.16349 11 
0 1.16606 11 
0 1.17576 11 
0 1.19529 11 
0 1.1959 11 
0 1.2305 11 
0 1.75928 11 
0 1.76089 11 
0 1.7674 11 
0 1.76748 11 
0 1.76753 11 
0 inf 11 
0 0.0420576 12 
0 0.0707652 12 
0 0.0924176 12 
0 0.0924259 12 
0 0.135553 12 
0 0.149491 12 
0 0.158305 12 
0 0.166856 12 
0 0.169682 12 
0 0.174319 12 
0 0.178393 12 
0 0.182747 12 
0 0.198473 12 
0 0.207196 12 
0 0.250826 12 
0 0.261219 12 
0 0.265933 12 
0 0.273935 12 
0 0.284128 12 
0 0.285449 12 
0 0.289891 12 
0 0.299464 12 
0 0.30279 12 
0 0.316967 12 
0 0.319127 12 
0 0.322184 12 
0 0.325639 12 
0 0.325694 12 
0 0.32592 12 
0 0.328648 12 
0 0.338005 12 
0 0.339634 12 
0 0.343667 12 
0 0.348545 12 
0 0.353133 12 
0 0.354951 12 
0 0.356598 12 
0 0.374349 12 
0 0.386686 12 
0 0.461475 12 
0 0.471689 12 
0 0.477136 12 
0 0.485133 12 
0 0.489633 12 
0 0.534604 12 
0 0.562247 12 
0 0.565346 12 
0 0.568772 12 
0 0.580206 12 
0 0.611528 12 
0 0.613867 12 
0 0.614035 12 
0 0.614266 12 
0 0.620898 12 
0 0.623727 12 
0 0.627064 12 
0 0.671401 12 
0 0.733494 12 
0 0.751436 12 
0 0.756131 12 
0 0.758155 12 
0 0.75929 12 
0 0.766157 12 
0 0.766981 12 
0 0.767024 12 
0 0.771831 12 
0 0.775032 12 
0 0.775032 12 
0 0.779287 12 
0 0.801187 12 
0 0.817146 12 
0 0.840469 12 
0 0.84917 12 
0 0.873084 12 
0 0.873097 12 
0 0.875986 12 
0 0.952758 12 
0 0.952843 12 
0 0.953276 12 
0 0.972248 12 
0 0.992995 12 
0 0.99429 12 
0 1.76045 12 
0 1.76097 12 
0 1.77208 12 
0 1.77245 12 
0 1.77286 12 
0 inf 12 
0 0.0748426 13 
0 0.142501 13 
0 0.1553 13 
0 0.159996 13 
0 0.159996 13 
0 0.170522 13 
0 0.184746 13 
0 0.222788 13 
0 0.234591 13 
0 0.244093 13 
0 0.268772 13 
0 0.277275 13 
0 0.281734 13 
0 0.286654 13 
0 0.287662 13 
0 0.288397 13 
0 0.288407 13 
0 0.301452 13 
0 0.310541 13 
0 0.311524 13 
0 0.3156 13 
0 0.315782 13 
0 0.319075 13 
0 0.330817 13 
0 0.331205 13 
0 0.341778 13 
0 0.342431 13 
0 0.344737 13 
0 0.345088 13 
0 0.345636 13 
0 0.359864 13 
0 0.367443 13 
0 0.379694 13 
0 0.385815 13 
0 0.387596 13 
0 0.391779 13 
0 0.391779 13 
0 0.394117 13 
0 0.422157 13 
0 0.428074 13 
0 0.450046 13 
0 0.488132 13 
0 0.504909 13 
0 0.505697 13 
0 0.548183 13 
0 0.55435 13 
0 0.697816 13 
0 0.698803 13 
0 0.699592 13 
0 0.724753 13 
0 0.730482 13 
0 0.740119 13 
0 0.758473 13 
0 0.762837 13 
0 0.766143 13 
0 0.784597 13 
0 0.789941 13 
0 0.793322 13 
0 0.794118 13 
0 0.799416 13 
0 0.822436 13 
0 0.859201 13 
0 0.859201 13 
0 0.859842 13 
0 0.866573 13 
0 0.866943 13 
0 0.867208 13 
0 0.927566 13 
0 0.927566 13 
0 0.927752 13 
0 1.11517 13 
0 1.12087 13 
0 1.27737 13 
0 1.27845 13 
0 1.28039 13 
0 1.28123 13 
0 1.28981 13 
0 1.29213 13 
0 1.76202 13 
0 1.76466 13 
0 1.85052 13 
0 1.85216 13 
0 1.85498 13 
0 inf 13 
0 0.0624612 14 
0 0.0747096 14 
0 0.141114 14 
0 0.169918 14 
0 0.177355 14 
0 0.195197 14 
0 0.212555 14 
0 0.256544 14 
0 0.266668 14 
0 0.270495 14 
0 0.280222 14 
0 0.283321 14 
0 0.286517 14 
0 0.295626 14 
0 0.300482 14 
0 0.321057 14 
0 0.321378 14 
0 0.323693 14 
0 0.323835 14 
0 0.324968 14 
0 0.328916 14 
0 0.332838 14 
0 0.332941 14 
0 0.333356 14 
0 0.334215 14 
0 0.340664 14 
0 0.347545 14 
0 0.349445 14 
0 0.349445 14 
0 0.349653 14 
0 0.357984 14 
0 0.361559 14 
0 0.362248 14 
0 0.365373 14 
0 0.366158 14 
0 0.366409 14 
0 0.397293 14 
0 0.408668 14 
0 0.426428 14 
0 0.472965 14 
0 0.541374 14 
0 0.579369 14 
0 0.698792 14 
0 0.73721 14 
0 0.749614 14 
0 0.760152 14 
0 0.76064 14 
0 0.760877 14 
0 0.761184 14 
0 0.76482 14 
0 0.800974 14 
0 0.806777 14 
0 0.80827 14 
0 0.812011 14 
0 0.812361 14 
0 0.8127 14 
0 0.813548 14 
0 0.873615 14 
0 0.94681 14 
0 0.947901 14 
0 0.948664 14 
0 0.987915 14 
0 1.00689 14 
0 1.13168 14 
0 1.13177 14 
0 1.13226 14 
0 1.14074 14 
0 1.18889 14 
0 1.18976 14 
0 1.19002 14 
0 1.33192 14 
0 1.76283 14 
0 1.76479 14 
0 1.80183 14 
0 1.80188 14 
0 1.80196 14 
0 1.81373 14 
0 1.82722 14 
0 1.82894 14 
0 inf 14 
0 0.101214 15 
0 0.104012 15 
0 0.115502 15 
0 0.14136 15 
0 0.14233 15 
0 0.175927 15 
0 0.181422 15 
0 0.181917 15 
0 0.183176 15 
0 0.184344 15 
0 0.196261 15 
0 0.198809 15 
0 0.204878 15 
0 0.21288 15 
0 0.214088 15 
0 0.234389 15 
0 0.274606 15 
0 0.307029 15 
0 0.307067 15 
0 0.307798 15 
0 0.308021 15 
0 0.30858 15 
0 0.309755 15 
0 0.31099 15 
0 0.320356 15 
0 0.320678 15 
0 0.340639 15 
0 0.353896 15 
0 0.354317 15 
0 0.362012 15 
0 0.362107 15 
0 0.386004 15 
0 0.406159 15 
0 0.410658 15 
0 0.412667 15 
0 0.417345 15 
0 0.521977 15 
0 0.533404 15 
0 0.562303 15 
0 0.660066 15 
0 0.660066 15 
0 0.660188 15 
0 0.663367 15 
0 0.752368 15 
0 0.758488 15 
0 0.767908 15 
0 0.795201 15 
0 0.795417 15 
0 0.795518 15 
0 0.795619 15 
0 0.84925 15 
0 0.851425 15 
0 0.851492 15 
0 0.919245 15 
0 0.922848 15 
0 0.922848 15 
0 0.96308 15 
0 0.980561 15 
0 0.98571 15 
0 0.986024 15 
0 1.15645 15 
0 1.17992 15 
0 1.18322 15 
0 1.18341 15 
0 1.18403 15 
0 1.20769 15 
0 1.32492 15 
0 1.39247 15 
0 1.39411 15 
0 1.39451 15 
0 1.77255 15 
0 1.77578 15 
0 1.77756 15 
0 1.77772 15 
0 2.97808 15 
0 inf 15 
0 0.0531181 16 
0 0.0839756 16 
0 0.0901514 16 
0 0.107361 16 
0 0.109584 16 
0 0.126708 16 
0 0.132295 16 
0 0.162522 16 
0 0.199481 16 
0 0.201459 16 
0 0.20333 16 
0 0.210463 16 
0 0.214622 16 
0 0.216083 16 
0 0.216508 16 
0 0.22266 16 
0 0.225092 16 
0 0.290367 16 
0 0.290959 16 
0 0.297516 16 
0 0.302606 16 
0 0.344903 16 
0 0.346729 16 
0 0.365027 16 
0 0.369809 16 
0 0.382154 16 
0 0.38939 16 
0 0.397314 16 
0 0.397546 16 
0 0.398123 16 
0 0.398382 16 
0 0.417751 16 
0 0.422081 16 
0 0.464899 16 
0 0.467076 16 
0 0.46724 16 
0 0.468058 16 
0 0.470993 16 
0 0.568619 16 
0 0.744622 16 
0 0.767234 16 
0 0.77875 16 
0 0.779988 16 
0 0.779988 16 
0 0.818009 16 
0 0.824544 16 
0 0.824954 16 
0 0.825803 16 
0 0.82629 16 
0 0.82629 16 
0 0.925843 16 
0 0.927429 16 
0 0.930951 16 
0 0.96995 16 
0 0.978121 16 
0 0.978497 16 
0 1.1334 16 
0 1.1478 16 
0 1.17995 16 
0 1.18309 16 
0 1.18322 16 
0 1.23173 16 
0 1.2344 16 
0 1.29702 16 
0 1.31314 16 
0 1.32143 16 
0 1.7762 16 
0 1.77672 16 
0 1.77698 16 
0 1.77723 16 
0 1.86912 16 
0 inf 16 
0 0.13247 17 
0 0.135031 17 
0 0.13963 17 
0 0.146061 17 
0 0.146925 17 
0 0.168831 17 
0 0.17409 17 
0 0.176381 17 
0 0.177097 17 
0 0.181832 17 
0 0.189054 17 
0 0.194977 17 
0 0.195917 17 
0 0.318399 17 
0 0.318435 17 
0 0.319156 17 
0 0.322413 17 
0 0.39077 17 
0 0.391738 17 
0 0.394076 17 
0 0.395327 17 
0 0.4341 17 
0 0.444697 17 
0 0.445935 17 
0 0.516138 17 
0 0.516561 17 
0 0.517893 17 
0 0.520283 17 
0 0.546558 17 
0 0.553251 17 
0 0.553687 17 
0 0.553998 17 
0 0.570011 17 
0 0.577209 17 
0 0.580789 17 
0 0.664024 17 
0 0.687125 17 
0 0.718769 17 
0 0.732132 17 
0 0.771415 17 
0 0.785022 17 
0 0.785256 17 
0 0.785957 17 
0 0.786425 17 
0 0.805682 17 
0 0.825408 17 
0 0.826173 17 
0 0.828283 17 
0 0.830056 17 
0 0.835843 17 
0 0.835843 17 
0 0.845923 17 
0 0.877586 17 
0 0.922189 17 
0 0.934431 17 
0 0.936162 17 
0 0.938856 17 
0 0.94197 17 
0 1.17788 17 
0 1.20175 17 
0 1.20184 17 
0 1.20866 17 
0 1.20866 17 
0 1.77536 17 
0 1.77671 17 
0 1.77671 17 
0 1.77671 17 
0 inf 17 
0 0.0728142 18 
0 0.07696 18 
0 0.0788725 18 
0 0.223073 18 
0 0.225887 18 
0 0.228666 18 
0 0.248858 18 
0 0.249964 18 
0 0.255372 18 
0 0.267267 18 
0 0.283894 18 
0 0.285227 18 
0 0.377179 18 
0 0.377909 18 
0 0.380733 18 
0 0.380815 18 
0 0.3852 18 
0 0.387904 18 
0 0.420107 18 
0 0.433027 18 
0 0.433557 18 
0 0.434404 18 
0 0.437856 18 
0 0.464683 18 
0 0.483217 18 
0 0.499061 18 
0 0.505993 18 
0 0.529036 18 
0 0.531116 18 
0 0.531462 18 
0 0.539394 18 
0 0.561164 18 
0 0.561164 18 
0 0.5619 18 
0 0.565384 18 
0 0.570151 18 
0 0.570292 18 
0 0.570373 18 
0 0.762106 18 
0 0.785514 18 
0 0.801219 18 
0 0.805836 18 
0 0.807501 18 
0 0.808822 18 
0 0.817473 18 
0 0.81802 18 
0 0.818301 18 
0 0.819493 18 
0 0.820311 18 
0 0.82143 18 
0 0.888451 18 
0 1.14127 18 
0 1.14577 18 
0 1.14577 18 
0 1.15121 18 
0 1.19861 18 
0 1.2003 18 
0 1.20045 18 
0 1.20091 18 
0 1.7892 18 
0 1.78938 18 
0 1.78945 18 
0 1.79013 18 
0 inf 18 
0 0.170197 19 
0 0.177141 19 
0 0.177141 19 
0 0.181161 19 
0 0.181161 19 
0 0.18211 19 
0 0.196317 19 
0 0.196494 19 
0 0.199794 19 
0 0.201856 19 
0 0.203385 19 
0 0.204171 19 
0 0.204452 19 
0 0.204901 19 
0 0.217383 19 
0 0.218016 19 
0 0.219067 19 
0 0.294169 19 
0 0.295182 19 
0 0.295687 19 
0 0.370427 19 
0 0.371418 19 
0 0.375355 19 
0 0.430769 19 
0 0.449424 19 
0 0.450037 19 
0 0.450038 19 
0 0.532455 19 
0 0.534414 19 
0 0.534414 19 
0 0.570272 19 
0 0.570594 19 
0 0.570594 19 
0 0.574522 19 
0 0.578823 19 
0 0.658798 19 
0 0.660608 19 
0 0.661043 19 
0 0.77439 19 
0 0.79549 19 
0 0.80482 19 
0 0.80559 19 
0 0.805719 19 
0 0.810809 19 
0 0.811262 19 
0 0.815005 19 
0 0.828959 19 
0 0.832484 19 
0 1.19454 19 
0 1.19481 19 
0 1.19742 19 
0 1.24632 19 
0 1.24639 19 
0 1.7885 19 
0 1.78912 19 
0 1.79109 19 
0 1.81085 19 
0 2.27572 19 
0 2.49922 19 
0 inf 19 
0 0.101663 20 
0 0.115621 20 
0 0.116316 20 
0 0.136318 20 
0 0.14039 20 
0 0.14258 20 
0 0.154182 20 
0 0.157507 20 
0 0.162311 20 
0 0.181608 20 
0 0.182427 20 
0 0.18243 20 
0 0.184619 20 
0 0.200715 20 
0 0.202873 20 
0 0.210816 20 
0 0.214703 20 
0 0.253685 20 
0 0.254905 20 
0 0.265602 20 
0 0.267541 20 
0 0.268937 20 
0 0.278231 20 
0 0.381575 20 
0 0.381965 20 
0 0.382176 20 
0 0.443121 20 
0 0.44475 20 
0 0.453344 20 
0 0.527972 20 
0 0.528037 20 
0 0.528037 20 
0 0.582072 20 
0 0.583098 20 
0 0.583334 20 
0 0.598376 20 
0 0.656123 20 
0 0.656736 20 
0 0.707238 20 
0 0.710818 20 
0 0.773102 20 
0 0.775772 20 
0 0.775994 20 
0 0.825595 20 
0 0.827055 20 
0 0.840093 20 
0 1.18958 20 
0 1.19035 20 
0 1.19081 20 
0 1.28653 20 
0 1.28667 20 
0 1.53385 20 
0 1.78695 20 
0 1.78705 20 
0 2.99321 20 
0 inf 20 
