0 0.0140468 1 
0 0.014049 1 
0 0.0166247 1 
0 0.0177675 1 
0 0.0177725 1 
0 0.0193581 1 
0 0.0193604 1 
0 0.019365 1 
0 0.019365 1 
0 0.019365 1 
0 0.0203578 1 
0 0.0203597 1 
0 0.020834 1 
0 0.0226455 1 
0 0.0226536 1 
0 0.0226553 1 
0 0.0230882 1 
0 0.0243299 1 
0 0.0247299 1 
0 0.0247317 1 
0 0.0255215 1 
0 0.0255215 1 
0 0.0259014 1 
0 0.0259054 1 
0 0.0259054 1 
0 0.0259066 1 
0 0.0262708 1 
0 0.0262792 1 
0 0.0262843 1 
0 0.0262843 1 
0 0.0266517 1 
0 0.0270231 1 
0 0.0273814 1 
0 0.0277438 1 
0 0.0280937 1 
0 0.0287853 1 
0 0.0291313 1 
0 0.0294697 1 
0 0.0294697 1 
0 0.0297963 1 
0 0.0298025 1 
0 0.0304547 1 
0 0.0304573 1 
0 0.0317212 1 
0 0.0317261 1 
0 0.0326395 1 
0 0.0326463 1 
0 0.0326464 1 
0 0.032649 1 
0 0.032649 1 
0 0.0329469 1 
0 0.0349809 1 
0 0.0371704 1 
0 0.0374311 1 
0 0.037432 1 
0 0.0384735 1 
0 0.0387236 1 
0 0.0392365 1 
0 0.0397305 1 
0 0.0404746 1 
0 0.0407167 1 
0 0.0411991 1 
0 0.0414355 1 
0 0.0470131 1 
0 0.0575791 1 
0 0.0575827 1 
0 0.0645319 1 
0 0.0723154 1 
0 0.0732716 1 
0 0.0732724 1 
0 0.0759118 1 
0 0.0890762 1 
0 0.0899583 1 
0 0.102282 1 
0 0.10837 1 
0 0.113968 1 
0 0.114909 1 
0 0.114995 1 
0 0.117374 1 
0 0.12464 1 
0 0.127217 1 
0 0.128144 1 
0 0.129143 1 
0 0.129216 1 
0 0.132906 1 
0 0.134383 1 
0 0.137074 1 
0 0.140277 1 
0 0.143543 1 
0 0.154793 1 
0 0.174568 1 
0 0.178921 1 
0 0.179637 1 
0 0.189054 1 
0 0.193341 1 
0 0.194002 1 
0 0.19537 1 
0 0.20988 1 
0 0.216729 1 
0 0.219399 1 
0 0.219671 1 
0 0.229124 1 
0 0.27669 1 
0 0.359251 1 
0 0.41744 1 
0 0.428763 1 
0 0.484608 1 
0 0.512708 1 
0 0.538063 1 
0 0.603938 1 
0 0.618559 1 
0 0.619383 1 
0 0.645915 1 
0 0.652346 1 
0 0.656201 1 
0 0.706892 1 
0 0.787487 1 
0 0.838676 1 
0 0.918859 1 
0 0.966014 1 
0 1.40276 1 
0 1.44906 1 
0 1.49576 1 
0 2.13651 1 
0 2.60787 1 
0 2.75334 1 
0 2.91661 1 
0 3.81425 1 
0 4.20222 1 
0 4.31096 1 
0 4.32165 1 
0 inf 1 
0 0.0108819 2 
0 0.0108859 2 
0 0.0140491 2 
0 0.016017 2 
0 0.0166191 2 
0 0.0183114 2 
0 0.02221 2 
0 0.02221 2 
0 0.0226536 2 
0 0.0235037 2 
0 0.0235075 2 
0 0.0239268 2 
0 0.0239287 2 
0 0.0239306 2 
0 0.0239306 2 
0 0.0243371 2 
0 0.0247298 2 
0 0.025127 2 
0 0.0251306 2 
0 0.0259052 2 
0 0.0266533 2 
0 0.0266567 2 
0 0.0280889 2 
0 0.0280905 2 
0 0.0287916 2 
0 0.0294697 2 
0 0.03078 2 
0 0.0326422 2 
0 0.0326449 2 
0 0.0338377 2 
0 0.0346993 2 
0 0.0347018 2 
0 0.0369067 2 
0 0.0379553 2 
0 0.0404734 2 
0 0.0409615 2 
0 0.0411993 2 
0 0.042143 2 
0 0.042143 2 
0 0.0423798 2 
0 0.044201 2 
0 0.0446422 2 
0 0.0450818 2 
0 0.0459546 2 
0 0.0465906 2 
0 0.0468101 2 
0 0.0470084 2 
0 0.0502598 2 
0 0.0508478 2 
0 0.0516191 2 
0 0.0521869 2 
0 0.052188 2 
0 0.0531252 2 
0 0.054766 2 
0 0.0584315 2 
0 0.0777174 2 
0 0.0778402 2 
0 0.0912617 2 
0 0.0912672 2 
0 0.0918065 2 
0 0.0925499 2 
0 0.098942 2 
0 0.103328 2 
0 0.107815 2 
0 0.119127 2 
0 0.119785 2 
0 0.123597 2 
0 0.129217 2 
0 0.130513 2 
0 0.130514 2 
0 0.135704 2 
0 0.137222 2 
0 0.140911 2 
0 0.143135 2 
0 0.148475 2 
0 0.156561 2 
0 0.157638 2 
0 0.159373 2 
0 0.15963 2 
0 0.159754 2 
0 0.164195 2 
0 0.177698 2 
0 0.183984 2 
0 0.186849 2 
0 0.19683 2 
0 0.206181 2 
0 0.225345 2 
0 0.227138 2 
0 0.235874 2 
0 0.237874 2 
0 0.305707 2 
0 0.333324 2 
0 0.368472 2 
0 0.374185 2 
0 0.437097 2 
0 0.454492 2 
0 0.458995 2 
0 0.503616 2 
0 0.515233 2 
0 0.527127 2 
0 0.535646 2 
0 0.548624 2 
0 0.559169 2 
0 0.654867 2 
0 0.681838 2 
0 0.70537 2 
0 0.708212 2 
0 0.718561 2 
0 0.721811 2 
0 0.721811 2 
0 0.73765 2 
0 0.741877 2 
0 0.785905 2 
0 1.23151 2 
0 1.24639 2 
0 1.74965 2 
0 2.00558 2 
0 2.13264 2 
0 2.55194 2 
0 2.8343 2 
0 3.25435 2 
0 3.27185 2 
0 3.32052 2 
0 3.3265 2 
0 3.54066 2 
0 3.54066 2 
0 3.63201 2 
0 inf 2 
0 0.0160169 3 
0 0.01777 3 
0 0.0188491 3 
0 0.0188538 3 
0 0.0193673 3 
0 0.0198585 3 
0 0.0212989 3 
0 0.0212997 3 
0 0.0226444 3 
0 0.0226449 3 
0 0.0235032 3 
0 0.0235075 3 
0 0.0247353 3 
0 0.0259083 3 
0 0.0262828 3 
0 0.0266534 3 
0 0.0287842 3 
0 0.0301268 3 
0 0.0307829 3 
0 0.0317267 3 
0 0.032034 3 
0 0.032034 3 
0 0.0346993 3 
0 0.0355362 3 
0 0.0363623 3 
0 0.0371687 3 
0 0.0374299 3 
0 0.0374336 3 
0 0.0384705 3 
0 0.0428425 3 
0 0.043068 3 
0 0.0439786 3 
0 0.0492701 3 
0 0.0494651 3 
0 0.0512355 3 
0 0.0516226 3 
0 0.0523772 3 
0 0.0531265 3 
0 0.053681 3 
0 0.054234 3 
0 0.0554855 3 
0 0.05549 3 
0 0.0575818 3 
0 0.0747352 3 
0 0.075129 3 
0 0.0789789 3 
0 0.0821571 3 
0 0.0829999 3 
0 0.084991 3 
0 0.099932 3 
0 0.0999324 3 
0 0.100621 3 
0 0.102942 3 
0 0.103423 3 
0 0.105409 3 
0 0.111155 3 
0 0.112213 3 
0 0.114477 3 
0 0.115421 3 
0 0.116358 3 
0 0.11712 3 
0 0.117457 3 
0 0.118295 3 
0 0.11846 3 
0 0.121427 3 
0 0.124 3 
0 0.142016 3 
0 0.144429 3 
0 0.144429 3 
0 0.149673 3 
0 0.153194 3 
0 0.166528 3 
0 0.167415 3 
0 0.183975 3 
0 0.226179 3 
0 0.227224 3 
0 0.279175 3 
0 0.308474 3 
0 0.308826 3 
0 0.362938 3 
0 0.368993 3 
0 0.372399 3 
0 0.399741 3 
0 0.418921 3 
0 0.438256 3 
0 0.444574 3 
0 0.506387 3 
0 0.506994 3 
0 0.517802 3 
0 0.566644 3 
0 0.5668 3 
0 0.569088 3 
0 0.570666 3 
0 0.582727 3 
0 0.607025 3 
0 0.610314 3 
0 0.625513 3 
0 0.648164 3 
0 0.651889 3 
0 0.655898 3 
0 0.656334 3 
0 0.68661 3 
0 0.698561 3 
0 0.736684 3 
0 0.738042 3 
0 1.18274 3 
0 1.22829 3 
0 1.56788 3 
0 1.57462 3 
0 1.62796 3 
0 1.80561 3 
0 1.86622 3 
0 1.98754 3 
0 1.99159 3 
0 1.99201 3 
0 2.7679 3 
0 3.02046 3 
0 3.06947 3 
0 3.18798 3 
0 3.19293 3 
0 3.19352 3 
0 3.46724 3 
0 3.47273 3 
0 inf 3 
0 0.0153921 4 
0 0.0160181 4 
0 0.018851 4 
0 0.0217637 4 
0 0.0239287 4 
0 0.0243293 4 
0 0.0243331 4 
0 0.025518 4 
0 0.0259018 4 
0 0.0266533 4 
0 0.0266633 4 
0 0.0270173 4 
0 0.0270223 4 
0 0.0270288 4 
0 0.0280889 4 
0 0.0301283 4 
0 0.0301283 4 
0 0.0323429 4 
0 0.0329401 4 
0 0.0329457 4 
0 0.0344153 4 
0 0.0346988 4 
0 0.0374316 4 
0 0.0387273 4 
0 0.0414359 4 
0 0.0421473 4 
0 0.0423832 4 
0 0.0430741 4 
0 0.045089 4 
0 0.0459528 4 
0 0.0474355 4 
0 0.0516177 4 
0 0.0525594 4 
0 0.0525652 4 
0 0.0529388 4 
0 0.0531234 4 
0 0.0558425 4 
0 0.0565458 4 
0 0.0637608 4 
0 0.069111 4 
0 0.0720468 4 
0 0.0751297 4 
0 0.0791036 4 
0 0.081562 4 
0 0.082998 4 
0 0.0830017 4 
0 0.0835923 4 
0 0.103516 4 
0 0.103612 4 
0 0.103802 4 
0 0.104847 4 
0 0.112915 4 
0 0.114736 4 
0 0.118295 4 
0 0.132614 4 
0 0.139006 4 
0 0.141261 4 
0 0.142306 4 
0 0.142373 4 
0 0.144234 4 
0 0.146334 4 
0 0.159251 4 
0 0.159436 4 
0 0.161589 4 
0 0.182686 4 
0 0.183974 4 
0 0.196827 4 
0 0.241664 4 
0 0.359496 4 
0 0.362653 4 
0 0.364662 4 
0 0.409631 4 
0 0.413364 4 
0 0.425321 4 
0 0.428502 4 
0 0.444698 4 
0 0.492708 4 
0 0.496212 4 
0 0.496352 4 
0 0.501268 4 
0 0.515803 4 
0 0.526134 4 
0 0.547851 4 
0 0.550389 4 
0 0.554155 4 
0 0.567284 4 
0 0.585669 4 
0 0.609514 4 
0 0.611325 4 
0 0.612124 4 
0 0.648211 4 
0 0.66062 4 
0 0.664364 4 
0 0.671187 4 
0 0.673773 4 
0 0.680346 4 
0 0.766169 4 
0 0.909901 4 
0 1.18105 4 
0 1.1962 4 
0 1.2005 4 
0 1.24403 4 
0 1.24592 4 
0 1.2481 4 
0 1.25547 4 
0 1.63857 4 
0 1.81791 4 
0 1.92423 4 
0 1.92812 4 
0 1.97842 4 
0 2.08393 4 
0 2.08462 4 
0 2.08566 4 
0 2.33145 4 
0 2.69598 4 
0 2.72212 4 
0 2.81768 4 
0 2.82246 4 
0 2.82742 4 
0 inf 4 
0 0.0239213 5 
0 0.0247388 5 
0 0.0251288 5 
0 0.0259083 5 
0 0.026655 5 
0 0.0277353 5 
0 0.0304624 5 
0 0.0307728 5 
0 0.0326463 5 
0 0.0352622 5 
0 0.0366314 5 
0 0.0366332 5 
0 0.0376968 5 
0 0.0376975 5 
0 0.0376986 5 
0 0.0376987 5 
0 0.0382127 5 
0 0.0389818 5 
0 0.0394864 5 
0 0.0404657 5 
0 0.0404756 5 
0 0.0409563 5 
0 0.0411945 5 
0 0.0414382 5 
0 0.0430728 5 
0 0.0442012 5 
0 0.0457404 5 
0 0.0459529 5 
0 0.0486618 5 
0 0.0496661 5 
0 0.0500685 5 
0 0.0514252 5 
0 0.0518107 5 
0 0.0540433 5 
0 0.0547698 5 
0 0.0553105 5 
0 0.0554848 5 
0 0.0584287 5 
0 0.0623492 5 
0 0.0698189 5 
0 0.0768251 5 
0 0.0809466 5 
0 0.0957958 5 
0 0.100718 5 
0 0.103901 5 
0 0.108821 5 
0 0.113954 5 
0 0.125425 5 
0 0.126128 5 
0 0.1296 5 
0 0.130211 5 
0 0.14795 5 
0 0.148947 5 
0 0.164736 5 
0 0.164976 5 
0 0.165214 5 
0 0.179797 5 
0 0.200114 5 
0 0.206946 5 
0 0.207284 5 
0 0.317065 5 
0 0.356795 5 
0 0.357239 5 
0 0.419307 5 
0 0.44393 5 
0 0.452517 5 
0 0.467425 5 
0 0.468774 5 
0 0.494499 5 
0 0.497498 5 
0 0.507239 5 
0 0.508975 5 
0 0.511272 5 
0 0.51237 5 
0 0.513737 5 
0 0.537315 5 
0 0.541951 5 
0 0.553418 5 
0 0.569514 5 
0 0.572145 5 
0 0.575581 5 
0 0.576527 5 
0 0.577498 5 
0 0.580366 5 
0 0.626984 5 
0 0.670125 5 
0 0.673752 5 
0 0.673752 5 
0 0.727017 5 
0 0.733936 5 
0 1.00195 5 
0 1.02036 5 
0 1.02141 5 
0 1.02839 5 
0 1.06744 5 
0 1.09251 5 
0 1.23743 5 
0 1.27899 5 
0 1.27944 5 
0 1.2929 5 
0 1.3929 5 
0 1.6386 5 
0 1.64456 5 
0 1.82748 5 
0 1.97482 5 
0 1.9757 5 
0 2.01245 5 
0 2.02972 5 
0 2.03064 5 
0 2.03134 5 
0 2.03762 5 
0 2.05636 5 
0 2.08166 5 
0 2.08317 5 
0 2.10011 5 
0 inf 5 
0 0.0153893 6 
0 0.0198675 6 
0 0.0208417 6 
0 0.0239194 6 
0 0.0243322 6 
0 0.0251306 6 
0 0.0270223 6 
0 0.0291335 6 
0 0.0297986 6 
0 0.0304509 6 
0 0.0304514 6 
0 0.0304522 6 
0 0.0320381 6 
0 0.0335385 6 
0 0.0363595 6 
0 0.0379506 6 
0 0.0389825 6 
0 0.0394883 6 
0 0.0397319 6 
0 0.0435227 6 
0 0.0459584 6 
0 0.0470093 6 
0 0.0496653 6 
0 0.0506558 6 
0 0.0523796 6 
0 0.0527469 6 
0 0.052936 6 
0 0.0545961 6 
0 0.0570654 6 
0 0.057415 6 
0 0.0577497 6 
0 0.0577498 6 
0 0.0612373 6 
0 0.0629837 6 
0 0.0663389 6 
0 0.0685412 6 
0 0.0702453 6 
0 0.07407 6 
0 0.0761819 6 
0 0.0815499 6 
0 0.0837096 6 
0 0.0868264 6 
0 0.0936073 6 
0 0.1167 6 
0 0.122148 6 
0 0.122951 6 
0 0.136424 6 
0 0.14 6 
0 0.145791 6 
0 0.151962 6 
0 0.176927 6 
0 0.185633 6 
0 0.186691 6 
0 0.286872 6 
0 0.308859 6 
0 0.314401 6 
0 0.320494 6 
0 0.358892 6 
0 0.384376 6 
0 0.449842 6 
0 0.453015 6 
0 0.455275 6 
0 0.457607 6 
0 0.460509 6 
0 0.473154 6 
0 0.49384 6 
0 0.496828 6 
0 0.522625 6 
0 0.538388 6 
0 0.580737 6 
0 0.585718 6 
0 0.585813 6 
0 0.597726 6 
0 0.598807 6 
0 0.599572 6 
0 0.600765 6 
0 0.609508 6 
0 0.610479 6 
0 0.622248 6 
0 0.640763 6 
0 0.825993 6 
0 0.829499 6 
0 0.846562 6 
0 0.893823 6 
0 0.932113 6 
0 0.94118 6 
0 0.941814 6 
0 0.942652 6 
0 0.959576 6 
0 0.987553 6 
0 0.992816 6 
0 0.995833 6 
0 1.02139 6 
0 1.03029 6 
0 1.15235 6 
0 1.23206 6 
0 1.33916 6 
0 1.35186 6 
0 1.40367 6 
0 1.40718 6 
0 1.55729 6 
0 1.67318 6 
0 1.72881 6 
0 1.72881 6 
0 1.73276 6 
0 1.76031 6 
0 1.81991 6 
0 1.8505 6 
0 1.85793 6 
0 1.92599 6 
0 1.96383 6 
0 inf 6 
0 0.0193627 7 
0 0.0266515 7 
0 0.029799 7 
0 0.0304551 7 
0 0.0338245 7 
0 0.0355275 7 
0 0.0369043 7 
0 0.0374251 7 
0 0.0379547 7 
0 0.0382083 7 
0 0.040957 7 
0 0.0416759 7 
0 0.0442026 7 
0 0.0476431 7 
0 0.049274 7 
0 0.051428 7 
0 0.0540412 7 
0 0.0544184 7 
0 0.0545894 7 
0 0.0551284 7 
0 0.0567189 7 
0 0.0580913 7 
0 0.0587688 7 
0 0.0716318 7 
0 0.0727256 7 
0 0.0793433 7 
0 0.0804643 7 
0 0.0808194 7 
0 0.0826302 7 
0 0.0837075 7 
0 0.0846414 7 
0 0.0856848 7 
0 0.0860235 7 
0 0.0887405 7 
0 0.0910372 7 
0 0.101888 7 
0 0.106898 7 
0 0.118128 7 
0 0.119131 7 
0 0.12158 7 
0 0.124794 7 
0 0.125889 7 
0 0.130741 7 
0 0.179193 7 
0 0.195928 7 
0 0.225596 7 
0 0.267528 7 
0 0.268754 7 
0 0.26955 7 
0 0.281769 7 
0 0.286459 7 
0 0.347656 7 
0 0.356325 7 
0 0.366211 7 
0 0.371987 7 
0 0.41963 7 
0 0.451094 7 
0 0.453732 7 
0 0.467741 7 
0 0.475779 7 
0 0.49416 7 
0 0.495416 7 
0 0.497357 7 
0 0.499673 7 
0 0.500737 7 
0 0.540481 7 
0 0.541022 7 
0 0.553631 7 
0 0.554753 7 
0 0.594956 7 
0 0.602947 7 
0 0.607057 7 
0 0.620516 7 
0 0.624024 7 
0 0.628939 7 
0 0.630114 7 
0 0.645677 7 
0 0.714603 7 
0 0.766102 7 
0 0.774646 7 
0 0.797148 7 
0 0.955704 7 
0 0.985372 7 
0 0.987323 7 
0 0.989719 7 
0 1.03461 7 
0 1.03529 7 
0 1.10083 7 
0 1.16647 7 
0 1.2461 7 
0 1.33091 7 
0 1.40333 7 
0 1.40372 7 
0 1.40502 7 
0 1.41823 7 
0 1.41831 7 
0 1.62453 7 
0 1.62526 7 
0 1.63184 7 
0 1.66204 7 
0 1.68833 7 
0 1.80472 7 
0 1.80497 7 
0 1.80598 7 
0 1.8238 7 
0 1.98457 7 
0 2.28975 7 
0 inf 7 
0 0.0291327 8 
0 0.0291342 8 
0 0.0294712 8 
0 0.0323429 8 
0 0.0344135 8 
0 0.0347 8 
0 0.0494693 8 
0 0.0502617 8 
0 0.0518053 8 
0 0.0525591 8 
0 0.0531274 8 
0 0.05513 8 
0 0.0586039 8 
0 0.0607474 8 
0 0.0678124 8 
0 0.0695328 8 
0 0.0701099 8 
0 0.0728632 8 
0 0.0728632 8 
0 0.0757826 8 
0 0.0778371 8 
0 0.077838 8 
0 0.0859188 8 
0 0.0867202 8 
0 0.0972258 8 
0 0.0988427 8 
0 0.0992388 8 
0 0.101499 8 
0 0.103895 8 
0 0.117034 8 
0 0.118795 8 
0 0.125024 8 
0 0.12784 8 
0 0.129827 8 
0 0.132688 8 
0 0.180728 8 
0 0.180845 8 
0 0.181372 8 
0 0.184732 8 
0 0.203877 8 
0 0.233169 8 
0 0.23902 8 
0 0.248768 8 
0 0.331528 8 
0 0.35638 8 
0 0.358914 8 
0 0.362852 8 
0 0.363483 8 
0 0.381835 8 
0 0.386638 8 
0 0.396511 8 
0 0.417234 8 
0 0.425664 8 
0 0.444536 8 
0 0.485772 8 
0 0.495057 8 
0 0.495714 8 
0 0.537747 8 
0 0.543129 8 
0 0.554488 8 
0 0.555181 8 
0 0.557082 8 
0 0.58327 8 
0 0.583289 8 
0 0.587434 8 
0 0.618959 8 
0 0.639652 8 
0 0.643114 8 
0 0.75395 8 
0 0.757138 8 
0 0.775259 8 
0 0.781951 8 
0 0.816292 8 
0 0.832395 8 
0 0.837821 8 
0 0.838475 8 
0 0.854371 8 
0 0.856925 8 
0 0.922873 8 
0 0.986792 8 
0 0.988221 8 
0 0.998947 8 
0 1.00365 8 
0 1.00771 8 
0 1.01023 8 
0 1.12235 8 
0 1.15035 8 
0 1.19216 8 
0 1.23089 8 
0 1.23156 8 
0 1.24619 8 
0 1.25418 8 
0 1.28631 8 
0 1.33323 8 
0 1.34737 8 
0 1.37747 8 
0 1.57583 8 
0 1.60424 8 
0 1.61753 8 
0 1.61841 8 
0 1.6329 8 
0 1.65229 8 
0 1.65246 8 
0 inf 8 
0 0.0166236 9 
0 0.0172025 9 
0 0.035261 9 
0 0.0404756 9 
0 0.0430783 9 
0 0.0432944 9 
0 0.0516147 9 
0 0.056889 9 
0 0.058435 9 
0 0.0587698 9 
0 0.0594395 9 
0 0.0600941 9 
0 0.0607589 9 
0 0.0664993 9 
0 0.0748636 9 
0 0.0757822 9 
0 0.0782204 9 
0 0.0841761 9 
0 0.0925487 9 
0 0.0926568 9 
0 0.0996354 9 
0 0.10314 9 
0 0.128223 9 
0 0.128676 9 
0 0.133578 9 
0 0.134458 9 
0 0.142675 9 
0 0.145185 9 
0 0.150652 9 
0 0.153572 9 
0 0.165689 9 
0 0.170593 9 
0 0.181499 9 
0 0.182846 9 
0 0.197668 9 
0 0.234903 9 
0 0.259389 9 
0 0.268214 9 
0 0.283743 9 
0 0.292376 9 
0 0.31268 9 
0 0.316912 9 
0 0.346444 9 
0 0.357017 9 
0 0.378771 9 
0 0.38216 9 
0 0.397784 9 
0 0.405374 9 
0 0.427154 9 
0 0.473291 9 
0 0.477216 9 
0 0.494179 9 
0 0.53859 9 
0 0.548545 9 
0 0.5507 9 
0 0.559242 9 
0 0.591836 9 
0 0.593098 9 
0 0.59313 9 
0 0.594925 9 
0 0.602963 9 
0 0.603994 9 
0 0.697534 9 
0 0.701132 9 
0 0.722976 9 
0 0.730256 9 
0 0.748606 9 
0 0.766449 9 
0 0.784369 9 
0 0.795079 9 
0 0.801311 9 
0 0.889253 9 
0 0.938487 9 
0 0.987403 9 
0 0.988601 9 
0 1.01726 9 
0 1.02238 9 
0 1.02999 9 
0 1.09079 9 
0 1.1042 9 
0 1.12562 9 
0 1.12584 9 
0 1.13373 9 
0 1.23184 9 
0 1.23827 9 
0 1.2507 9 
0 1.25184 9 
0 1.25438 9 
0 1.30328 9 
0 1.30348 9 
0 1.37432 9 
0 1.37468 9 
0 1.61589 9 
0 1.61613 9 
0 1.65283 9 
0 1.72204 9 
0 1.72204 9 
0 2.06493 9 
0 2.06524 9 
0 inf 9 
0 0.0363643 10 
0 0.0421416 10 
0 0.044203 10 
0 0.0442043 10 
0 0.044423 10 
0 0.0472337 10 
0 0.0568985 10 
0 0.0613944 10 
0 0.0728678 10 
0 0.0782175 10 
0 0.0861412 10 
0 0.0864851 10 
0 0.0868333 10 
0 0.0870573 10 
0 0.0903965 10 
0 0.0942423 10 
0 0.101593 10 
0 0.108726 10 
0 0.126129 10 
0 0.1266 10 
0 0.126625 10 
0 0.126987 10 
0 0.148248 10 
0 0.162366 10 
0 0.166344 10 
0 0.166991 10 
0 0.181439 10 
0 0.188007 10 
0 0.195973 10 
0 0.19848 10 
0 0.199271 10 
0 0.231099 10 
0 0.237638 10 
0 0.251873 10 
0 0.259933 10 
0 0.272959 10 
0 0.300641 10 
0 0.302389 10 
0 0.303042 10 
0 0.327055 10 
0 0.330375 10 
0 0.36074 10 
0 0.361205 10 
0 0.363237 10 
0 0.409927 10 
0 0.496941 10 
0 0.499714 10 
0 0.500072 10 
0 0.508763 10 
0 0.519142 10 
0 0.52205 10 
0 0.525065 10 
0 0.553491 10 
0 0.555484 10 
0 0.588987 10 
0 0.591329 10 
0 0.61642 10 
0 0.628103 10 
0 0.669686 10 
0 0.67497 10 
0 0.681558 10 
0 0.682021 10 
0 0.688859 10 
0 0.760362 10 
0 0.765523 10 
0 0.969951 10 
0 0.970775 10 
0 0.982834 10 
0 0.983788 10 
0 1.00897 10 
0 1.04302 10 
0 1.05342 10 
0 1.08883 10 
0 1.10147 10 
0 1.10166 10 
0 1.14093 10 
0 1.14128 10 
0 1.15156 10 
0 1.15659 10 
0 1.15859 10 
0 1.17695 10 
0 1.23109 10 
0 1.23477 10 
0 1.25636 10 
0 1.25692 10 
0 1.26182 10 
0 1.33784 10 
0 1.33811 10 
0 1.61597 10 
0 1.61734 10 
0 1.62487 10 
0 1.62706 10 
0 1.63192 10 
0 1.63281 10 
0 1.63351 10 
0 inf 10 
0 0.0262826 11 
0 0.0344103 11 
0 0.0508468 11 
0 0.0518025 11 
0 0.0660419 11 
0 0.0712188 11 
0 0.0725916 11 
0 0.0761722 11 
0 0.0877397 11 
0 0.122321 11 
0 0.12304 11 
0 0.131415 11 
0 0.134313 11 
0 0.151681 11 
0 0.1588 11 
0 0.168589 11 
0 0.207516 11 
0 0.21949 11 
0 0.226279 11 
0 0.228665 11 
0 0.237168 11 
0 0.264067 11 
0 0.266106 11 
0 0.272039 11 
0 0.288688 11 
0 0.289928 11 
0 0.294361 11 
0 0.304861 11 
0 0.314295 11 
0 0.322944 11 
0 0.335249 11 
0 0.338414 11 
0 0.365431 11 
0 0.386532 11 
0 0.392916 11 
0 0.395719 11 
0 0.433954 11 
0 0.437194 11 
0 0.439021 11 
0 0.486117 11 
0 0.497265 11 
0 0.499631 11 
0 0.515619 11 
0 0.549533 11 
0 0.551123 11 
0 0.551355 11 
0 0.552756 11 
0 0.565058 11 
0 0.565825 11 
0 0.578179 11 
0 0.610329 11 
0 0.61796 11 
0 0.670776 11 
0 0.678444 11 
0 0.680707 11 
0 0.698892 11 
0 0.72204 11 
0 0.722108 11 
0 0.729301 11 
0 0.774748 11 
0 0.781444 11 
0 0.890041 11 
0 0.936077 11 
0 0.936109 11 
0 0.945872 11 
0 0.987392 11 
0 0.987942 11 
0 1.00063 11 
0 1.00772 11 
0 1.00784 11 
0 1.00876 11 
0 1.0116 11 
0 1.02357 11 
0 1.03464 11 
0 1.04221 11 
0 1.04221 11 
0 1.05481 11 
0 1.07127 11 
0 1.0989 11 
0 1.11442 11 
0 1.1875 11 
0 1.2159 11 
0 1.21593 11 
0 1.21594 11 
0 1.24825 11 
0 1.2584 11 
0 1.61323 11 
0 1.61474 11 
0 1.62028 11 
0 1.62038 11 
0 1.62058 11 
0 inf 11 
0 0.0756619 12 
0 0.0890794 12 
0 0.106623 12 
0 0.129524 12 
0 0.138558 12 
0 0.153493 12 
0 0.167178 12 
0 0.18579 12 
0 0.194609 12 
0 0.196527 12 
0 0.203293 12 
0 0.204408 12 
0 0.206711 12 
0 0.208973 12 
0 0.210309 12 
0 0.2251 12 
0 0.229956 12 
0 0.253963 12 
0 0.256301 12 
0 0.258928 12 
0 0.265402 12 
0 0.267427 12 
0 0.292109 12 
0 0.310006 12 
0 0.315046 12 
0 0.315683 12 
0 0.320685 12 
0 0.347501 12 
0 0.355986 12 
0 0.359516 12 
0 0.359716 12 
0 0.36925 12 
0 0.36925 12 
0 0.369802 12 
0 0.370345 12 
0 0.389096 12 
0 0.390072 12 
0 0.408256 12 
0 0.418742 12 
0 0.431809 12 
0 0.447278 12 
0 0.450423 12 
0 0.451189 12 
0 0.460026 12 
0 0.500874 12 
0 0.510495 12 
0 0.522106 12 
0 0.541577 12 
0 0.55686 12 
0 0.55686 12 
0 0.55686 12 
0 0.557832 12 
0 0.607191 12 
0 0.662889 12 
0 0.678775 12 
0 0.715471 12 
0 0.765421 12 
0 0.777699 12 
0 0.781538 12 
0 0.782359 12 
0 0.786574 12 
0 0.788072 12 
0 0.804351 12 
0 0.832401 12 
0 0.840096 12 
0 0.849243 12 
0 0.86555 12 
0 0.865595 12 
0 0.865869 12 
0 0.982152 12 
0 0.984159 12 
0 0.993647 12 
0 0.993686 12 
0 0.993736 12 
0 1.06911 12 
0 1.13384 12 
0 1.15143 12 
0 1.1539 12 
0 1.17797 12 
0 1.27051 12 
0 1.27139 12 
0 1.2716 12 
0 1.61612 12 
0 1.61831 12 
0 1.63609 12 
0 1.63612 12 
0 1.63925 12 
0 inf 12 
0 0.0492802 13 
0 0.0689682 13 
0 0.074875 13 
0 0.124026 13 
0 0.133577 13 
0 0.142282 13 
0 0.149044 13 
0 0.195569 13 
0 0.203679 13 
0 0.226986 13 
0 0.227485 13 
0 0.227541 13 
0 0.237722 13 
0 0.277667 13 
0 0.282355 13 
0 0.284632 13 
0 0.291489 13 
0 0.30348 13 
0 0.303642 13 
0 0.30494 13 
0 0.308182 13 
0 0.314207 13 
0 0.316223 13 
0 0.316223 13 
0 0.34604 13 
0 0.351195 13 
0 0.353185 13 
0 0.356549 13 
0 0.356788 13 
0 0.357072 13 
0 0.357159 13 
0 0.357296 13 
0 0.357955 13 
0 0.360291 13 
0 0.368866 13 
0 0.371656 13 
0 0.38331 13 
0 0.385088 13 
0 0.385216 13 
0 0.389783 13 
0 0.413308 13 
0 0.43709 13 
0 0.520154 13 
0 0.544614 13 
0 0.551195 13 
0 0.560483 13 
0 0.563176 13 
0 0.670761 13 
0 0.691323 13 
0 0.728729 13 
0 0.761076 13 
0 0.762089 13 
0 0.762089 13 
0 0.771111 13 
0 0.771418 13 
0 0.776339 13 
0 0.777128 13 
0 0.982544 13 
0 0.985101 13 
0 1.01875 13 
0 1.01902 13 
0 1.0191 13 
0 1.04249 13 
0 1.04946 13 
0 1.08284 13 
0 1.08309 13 
0 1.08334 13 
0 1.1552 13 
0 1.21554 13 
0 1.27184 13 
0 1.27522 13 
0 1.27528 13 
0 1.31832 13 
0 1.31856 13 
0 1.31958 13 
0 1.36711 13 
0 1.36722 13 
0 1.36798 13 
0 1.61288 13 
0 1.61733 13 
0 1.7042 13 
0 1.70429 13 
0 1.70432 13 
0 inf 13 
0 0.0474453 14 
0 0.0742086 14 
0 0.0840559 14 
0 0.140748 14 
0 0.148859 14 
0 0.164738 14 
0 0.202662 14 
0 0.212082 14 
0 0.215225 14 
0 0.217624 14 
0 0.219236 14 
0 0.224528 14 
0 0.225712 14 
0 0.227845 14 
0 0.228926 14 
0 0.251544 14 
0 0.278398 14 
0 0.279787 14 
0 0.315098 14 
0 0.3178 14 
0 0.319205 14 
0 0.319452 14 
0 0.320953 14 
0 0.321668 14 
0 0.321668 14 
0 0.321905 14 
0 0.323617 14 
0 0.32617 14 
0 0.330379 14 
0 0.349619 14 
0 0.370132 14 
0 0.370452 14 
0 0.374372 14 
0 0.374477 14 
0 0.374925 14 
0 0.383667 14 
0 0.383873 14 
0 0.384766 14 
0 0.386488 14 
0 0.457472 14 
0 0.507596 14 
0 0.511296 14 
0 0.544018 14 
0 0.550998 14 
0 0.556915 14 
0 0.557535 14 
0 0.628344 14 
0 0.662174 14 
0 0.70428 14 
0 0.713676 14 
0 0.713676 14 
0 0.713676 14 
0 0.788636 14 
0 0.987773 14 
0 1.06857 14 
0 1.10333 14 
0 1.1236 14 
0 1.12451 14 
0 1.12557 14 
0 1.19706 14 
0 1.20797 14 
0 1.21365 14 
0 1.23136 14 
0 1.23746 14 
0 1.23748 14 
0 1.23752 14 
0 1.23797 14 
0 1.23801 14 
0 1.29702 14 
0 1.29726 14 
0 1.2973 14 
0 1.61301 14 
0 1.61965 14 
0 1.6579 14 
0 1.65792 14 
0 1.65794 14 
0 1.92552 14 
0 1.934 14 
0 1.93407 14 
0 inf 14 
0 0.0774597 15 
0 0.0970336 15 
0 0.103143 15 
0 0.11644 15 
0 0.134167 15 
0 0.14919 15 
0 0.156422 15 
0 0.156926 15 
0 0.189568 15 
0 0.205756 15 
0 0.206333 15 
0 0.206524 15 
0 0.206954 15 
0 0.208804 15 
0 0.226585 15 
0 0.227107 15 
0 0.237579 15 
0 0.238842 15 
0 0.238883 15 
0 0.246963 15 
0 0.252071 15 
0 0.256211 15 
0 0.267687 15 
0 0.299148 15 
0 0.320706 15 
0 0.324833 15 
0 0.336178 15 
0 0.336325 15 
0 0.337626 15 
0 0.338094 15 
0 0.338677 15 
0 0.348686 15 
0 0.398328 15 
0 0.398427 15 
0 0.39912 15 
0 0.399243 15 
0 0.42125 15 
0 0.441544 15 
0 0.507577 15 
0 0.50819 15 
0 0.54643 15 
0 0.554787 15 
0 0.707526 15 
0 0.707749 15 
0 0.708097 15 
0 0.708195 15 
0 0.806598 15 
0 0.812043 15 
0 0.815838 15 
0 0.818323 15 
0 0.912083 15 
0 0.966109 15 
0 0.966435 15 
0 0.966599 15 
0 0.989509 15 
0 1.05114 15 
0 1.05136 15 
0 1.05144 15 
0 1.11914 15 
0 1.23641 15 
0 1.23748 15 
0 1.23748 15 
0 1.23749 15 
0 1.26636 15 
0 1.26917 15 
0 1.26923 15 
0 1.2832 15 
0 1.28646 15 
0 1.32853 15 
0 1.33132 15 
0 1.33219 15 
0 1.62176 15 
0 1.62577 15 
0 1.62585 15 
0 1.62589 15 
0 inf 15 
0 0.0605948 16 
0 0.0796007 16 
0 0.0930912 16 
0 0.0964227 16 
0 0.118459 16 
0 0.149651 16 
0 0.149651 16 
0 0.150178 16 
0 0.151745 16 
0 0.188638 16 
0 0.20714 16 
0 0.215588 16 
0 0.231678 16 
0 0.253514 16 
0 0.253514 16 
0 0.253514 16 
0 0.26314 16 
0 0.269779 16 
0 0.287592 16 
0 0.291681 16 
0 0.305828 16 
0 0.315988 16 
0 0.322638 16 
0 0.323127 16 
0 0.366644 16 
0 0.367865 16 
0 0.367972 16 
0 0.367999 16 
0 0.386648 16 
0 0.391638 16 
0 0.454697 16 
0 0.464258 16 
0 0.480202 16 
0 0.501218 16 
0 0.505133 16 
0 0.533936 16 
0 0.543333 16 
0 0.696934 16 
0 0.721785 16 
0 0.747155 16 
0 0.747168 16 
0 0.747287 16 
0 0.749054 16 
0 0.786356 16 
0 0.789348 16 
0 0.806466 16 
0 0.808177 16 
0 0.831953 16 
0 0.84078 16 
0 0.848897 16 
0 0.849827 16 
0 0.905389 16 
0 0.956751 16 
0 0.997741 16 
0 0.999511 16 
0 1.00416 16 
0 1.00419 16 
0 1.14729 16 
0 1.1475 16 
0 1.1475 16 
0 1.23845 16 
0 1.23851 16 
0 1.23854 16 
0 1.23867 16 
0 1.29935 16 
0 1.29935 16 
0 1.32825 16 
0 1.63056 16 
0 1.63182 16 
0 1.63186 16 
0 1.63187 16 
0 inf 16 
0 0.0612448 17 
0 0.0778471 17 
0 0.0788547 17 
0 0.085577 17 
0 0.151876 17 
0 0.151876 17 
0 0.152201 17 
0 0.219607 17 
0 0.220324 17 
0 0.220324 17 
0 0.243883 17 
0 0.264604 17 
0 0.272075 17 
0 0.292915 17 
0 0.292915 17 
0 0.293185 17 
0 0.297727 17 
0 0.341308 17 
0 0.341915 17 
0 0.342924 17 
0 0.352712 17 
0 0.468455 17 
0 0.477125 17 
0 0.478797 17 
0 0.478797 17 
0 0.485493 17 
0 0.48553 17 
0 0.498158 17 
0 0.498256 17 
0 0.530765 17 
0 0.534767 17 
0 0.538599 17 
0 0.539524 17 
0 0.53989 17 
0 0.544423 17 
0 0.544912 17 
0 0.545581 17 
0 0.546872 17 
0 0.554418 17 
0 0.56508 17 
0 0.572373 17 
0 0.578184 17 
0 0.731988 17 
0 0.732029 17 
0 0.732083 17 
0 0.73246 17 
0 0.858107 17 
0 0.88073 17 
0 0.892747 17 
0 0.892747 17 
0 0.893013 17 
0 0.897345 17 
0 0.90021 17 
0 0.900736 17 
0 0.99797 17 
0 1.00484 17 
0 1.00484 17 
0 1.005 17 
0 1.24651 17 
0 1.26197 17 
0 1.26309 17 
0 1.26312 17 
0 1.26331 17 
0 1.632 17 
0 1.63205 17 
0 1.6321 17 
0 1.63338 17 
0 inf 17 
0 0.0706712 18 
0 0.0792278 18 
0 0.0877386 18 
0 0.0877386 18 
0 0.189932 18 
0 0.194856 18 
0 0.195008 18 
0 0.196269 18 
0 0.267688 18 
0 0.267798 18 
0 0.26835 18 
0 0.269122 18 
0 0.275904 18 
0 0.277584 18 
0 0.284671 18 
0 0.285503 18 
0 0.305735 18 
0 0.335302 18 
0 0.350769 18 
0 0.351809 18 
0 0.362939 18 
0 0.362939 18 
0 0.363075 18 
0 0.372229 18 
0 0.372361 18 
0 0.372547 18 
0 0.373102 18 
0 0.488848 18 
0 0.494698 18 
0 0.494798 18 
0 0.495436 18 
0 0.496172 18 
0 0.496212 18 
0 0.496272 18 
0 0.540493 18 
0 0.540493 18 
0 0.579027 18 
0 0.695969 18 
0 0.698385 18 
0 0.700023 18 
0 0.700375 18 
0 0.700417 18 
0 0.905728 18 
0 0.932654 18 
0 0.932654 18 
0 0.933035 18 
0 1.01074 18 
0 1.01585 18 
0 1.01585 18 
0 1.01586 18 
0 1.02521 18 
0 1.07339 18 
0 1.0741 18 
0 1.23871 18 
0 1.24355 18 
0 1.25243 18 
0 1.25255 18 
0 1.25268 18 
0 1.26688 18 
0 1.65172 18 
0 1.65246 18 
0 1.65255 18 
0 1.6526 18 
0 inf 18 
0 0.133139 19 
0 0.133139 19 
0 0.134686 19 
0 0.139148 19 
0 0.140278 19 
0 0.157007 19 
0 0.190303 19 
0 0.19051 19 
0 0.203439 19 
0 0.204407 19 
0 0.219897 19 
0 0.220077 19 
0 0.223104 19 
0 0.224911 19 
0 0.248414 19 
0 0.251571 19 
0 0.252041 19 
0 0.269525 19 
0 0.269854 19 
0 0.270037 19 
0 0.357431 19 
0 0.358754 19 
0 0.362585 19 
0 0.408113 19 
0 0.411196 19 
0 0.411883 19 
0 0.49649 19 
0 0.496551 19 
0 0.49663 19 
0 0.496789 19 
0 0.496849 19 
0 0.497185 19 
0 0.540218 19 
0 0.540218 19 
0 0.540511 19 
0 0.557188 19 
0 0.734729 19 
0 0.735696 19 
0 0.736299 19 
0 0.736446 19 
0 0.90704 19 
0 0.965698 19 
0 0.971982 19 
0 0.972053 19 
0 1.01297 19 
0 1.01331 19 
0 1.01406 19 
0 1.17902 19 
0 1.17943 19 
0 1.18103 19 
0 1.23238 19 
0 1.23612 19 
0 1.23619 19 
0 1.23621 19 
0 1.24055 19 
0 1.24361 19 
0 1.64277 19 
0 1.64761 19 
0 1.64766 19 
0 inf 19 
0 0.0897382 20 
0 0.0897386 20 
0 0.0912601 20 
0 0.0920139 20 
0 0.105315 20 
0 0.123119 20 
0 0.133724 20 
0 0.133946 20 
0 0.135556 20 
0 0.153512 20 
0 0.183922 20 
0 0.184403 20 
0 0.188216 20 
0 0.199322 20 
0 0.20031 20 
0 0.230373 20 
0 0.23174 20 
0 0.251707 20 
0 0.300153 20 
0 0.300193 20 
0 0.300417 20 
0 0.30068 20 
0 0.343574 20 
0 0.359524 20 
0 0.366456 20 
0 0.415525 20 
0 0.445043 20 
0 0.496391 20 
0 0.496868 20 
0 0.497979 20 
0 0.498217 20 
0 0.498771 20 
0 0.511066 20 
0 0.540273 20 
0 0.540328 20 
0 0.542934 20 
0 0.557332 20 
0 0.578767 20 
0 0.68322 20 
0 0.683335 20 
0 1.00545 20 
0 1.00592 20 
0 1.04166 20 
0 1.04189 20 
0 1.04232 20 
0 1.14151 20 
0 1.14159 20 
0 1.24289 20 
0 1.24468 20 
0 1.26039 20 
0 1.26041 20 
0 1.63127 20 
0 1.63136 20 
0 2.03428 20 
0 2.55786 20 
0 inf 20 
