0 0.0131578 1 
0 0.0131578 1 
0 0.0169909 1 
0 0.0169909 1 
0 0.0201106 1 
0 0.0263259 1 
0 0.0263298 1 
0 0.028943 1 
0 0.0294379 1 
0 0.0299245 1 
0 0.0299247 1 
0 0.0308745 1 
0 0.0308746 1 
0 0.0331316 1 
0 0.0339882 1 
0 0.033992 1 
0 0.0348314 1 
0 0.036844 1 
0 0.0372304 1 
0 0.0380036 1 
0 0.0380046 1 
0 0.038007 1 
0 0.0387555 1 
0 0.0394948 1 
0 0.0394953 1 
0 0.0394967 1 
0 0.0402108 1 
0 0.0412832 1 
0 0.042319 1 
0 0.0426591 1 
0 0.0429968 1 
0 0.0436704 1 
0 0.0439931 1 
0 0.0443199 1 
0 0.0452871 1 
0 0.0459211 1 
0 0.0465451 1 
0 0.0474672 1 
0 0.0474674 1 
0 0.0483716 1 
0 0.0486688 1 
0 0.0486691 1 
0 0.0486691 1 
0 0.0512707 1 
0 0.0521079 1 
0 0.0545458 1 
0 0.055335 1 
0 0.0553351 1 
0 0.0561142 1 
0 0.0573832 1 
0 0.0573912 1 
0 0.0581351 1 
0 0.0603303 1 
0 0.0608065 1 
0 0.0619802 1 
0 0.0619802 1 
0 0.0624428 1 
0 0.0626793 1 
0 0.0626861 1 
0 0.0633673 1 
0 0.0673402 1 
0 0.0706891 1 
0 0.0713049 1 
0 0.0719062 1 
0 0.0733019 1 
0 0.0733032 1 
0 0.07486 1 
0 0.078255 1 
0 0.0829151 1 
0 0.0891263 1 
0 0.0921513 1 
0 0.0921559 1 
0 0.0952336 1 
0 0.0964414 1 
0 0.0970511 1 
0 0.0993964 1 
0 0.101411 1 
0 0.103521 1 
0 0.104079 1 
0 0.104493 1 
0 0.105593 1 
0 0.10587 1 
0 0.106956 1 
0 0.114014 1 
0 0.116149 1 
0 0.116512 1 
0 0.118358 1 
0 0.129544 1 
0 0.131209 1 
0 0.137658 1 
0 0.14699 1 
0 0.163549 1 
0 0.177201 1 
0 0.183525 1 
0 0.186574 1 
0 0.187262 1 
0 0.197402 1 
0 0.206904 1 
0 0.221924 1 
0 0.236361 1 
0 0.246236 1 
0 0.247405 1 
0 0.323587 1 
0 0.352151 1 
0 0.404483 1 
0 0.453632 1 
0 0.455692 1 
0 0.481319 1 
0 0.494755 1 
0 0.500704 1 
0 0.508395 1 
0 0.514505 1 
0 0.568249 1 
0 0.57655 1 
0 0.631606 1 
0 0.699931 1 
0 0.821308 1 
0 0.82585 1 
0 0.857692 1 
0 0.865798 1 
0 1.06932 1 
0 1.74563 1 
0 2.17029 1 
0 2.24214 1 
0 2.63861 1 
0 2.84751 1 
0 4.18747 1 
0 4.26495 1 
0 5.85012 1 
0 5.89447 1 
0 5.90866 1 
0 inf 1 
0 0.0228023 2 
0 0.0228026 2 
0 0.0257849 2 
0 0.0263218 2 
0 0.0263239 2 
0 0.0263259 2 
0 0.0268729 2 
0 0.0294375 2 
0 0.0294378 2 
0 0.0299247 2 
0 0.0313328 2 
0 0.0313391 2 
0 0.033992 2 
0 0.0348313 2 
0 0.0348313 2 
0 0.036054 2 
0 0.0360541 2 
0 0.0412816 2 
0 0.0436636 2 
0 0.0446451 2 
0 0.0449609 2 
0 0.0459211 2 
0 0.0465483 2 
0 0.0471617 2 
0 0.050988 2 
0 0.0521022 2 
0 0.0526615 2 
0 0.0526624 2 
0 0.0545468 2 
0 0.0558529 2 
0 0.056625 2 
0 0.0576361 2 
0 0.058383 2 
0 0.0583838 2 
0 0.0588756 2 
0 0.0608067 2 
0 0.0608067 2 
0 0.0615105 2 
0 0.0615152 2 
0 0.0615175 2 
0 0.0624467 2 
0 0.0635936 2 
0 0.0647188 2 
0 0.0662624 2 
0 0.0696644 2 
0 0.0708897 2 
0 0.0715035 2 
0 0.0717002 2 
0 0.0744741 2 
0 0.0750534 2 
0 0.0758182 2 
0 0.0769516 2 
0 0.0769519 2 
0 0.0776995 2 
0 0.0800793 2 
0 0.08169 2 
0 0.0818643 2 
0 0.0820402 2 
0 0.082915 2 
0 0.0837781 2 
0 0.0856579 2 
0 0.0871576 2 
0 0.0905685 2 
0 0.0993942 2 
0 0.110931 2 
0 0.11502 2 
0 0.117752 2 
0 0.117997 2 
0 0.118613 2 
0 0.119816 2 
0 0.120059 2 
0 0.126511 2 
0 0.131429 2 
0 0.139838 2 
0 0.144518 2 
0 0.150586 2 
0 0.151821 2 
0 0.162929 2 
0 0.166437 2 
0 0.172817 2 
0 0.178663 2 
0 0.192134 2 
0 0.19512 2 
0 0.204169 2 
0 0.205293 2 
0 0.213563 2 
0 0.218582 2 
0 0.226881 2 
0 0.232475 2 
0 0.241919 2 
0 0.302695 2 
0 0.314214 2 
0 0.336717 2 
0 0.379462 2 
0 0.420227 2 
0 0.446768 2 
0 0.450033 2 
0 0.459247 2 
0 0.459526 2 
0 0.465243 2 
0 0.498979 2 
0 0.537829 2 
0 0.542084 2 
0 0.577633 2 
0 0.587941 2 
0 0.614462 2 
0 0.639893 2 
0 0.694768 2 
0 0.723568 2 
0 0.745097 2 
0 0.76529 2 
0 0.794198 2 
0 1.03787 2 
0 1.08901 2 
0 1.55768 2 
0 1.89253 2 
0 1.92403 2 
0 2.13549 2 
0 3.73785 2 
0 3.75197 2 
0 4.04457 2 
0 4.14757 2 
0 4.23126 2 
0 4.30301 2 
0 4.56971 2 
0 4.70755 2 
0 4.94698 2 
0 inf 2 
0 0.0252092 3 
0 0.0313328 3 
0 0.0317966 3 
0 0.0331314 3 
0 0.0339881 3 
0 0.0348316 3 
0 0.0348316 3 
0 0.0352409 3 
0 0.0364517 3 
0 0.036844 3 
0 0.0391282 3 
0 0.039859 3 
0 0.0405774 3 
0 0.0452875 3 
0 0.0471673 3 
0 0.0474669 3 
0 0.047467 3 
0 0.0474671 3 
0 0.0504122 3 
0 0.0509822 3 
0 0.0509843 3 
0 0.0512699 3 
0 0.0518279 3 
0 0.0532067 3 
0 0.05347 3 
0 0.053473 3 
0 0.053741 3 
0 0.0537458 3 
0 0.054547 3 
0 0.054805 3 
0 0.0548106 3 
0 0.0600898 3 
0 0.0608103 3 
0 0.0622158 3 
0 0.062449 3 
0 0.0631392 3 
0 0.0633648 3 
0 0.0633657 3 
0 0.0635925 3 
0 0.0647107 3 
0 0.0653764 3 
0 0.0704925 3 
0 0.0711003 3 
0 0.0740843 3 
0 0.0765768 3 
0 0.0863298 3 
0 0.0869947 3 
0 0.0869947 3 
0 0.0874931 3 
0 0.0884771 3 
0 0.0941704 3 
0 0.100691 3 
0 0.103387 3 
0 0.104081 3 
0 0.105321 3 
0 0.105869 3 
0 0.112991 3 
0 0.121015 3 
0 0.141285 3 
0 0.158799 3 
0 0.166447 3 
0 0.169619 3 
0 0.170382 3 
0 0.182819 3 
0 0.183832 3 
0 0.185949 3 
0 0.186956 3 
0 0.187188 3 
0 0.188109 3 
0 0.188569 3 
0 0.197473 3 
0 0.214244 3 
0 0.214648 3 
0 0.217853 3 
0 0.220487 3 
0 0.231275 3 
0 0.241739 3 
0 0.263014 3 
0 0.279317 3 
0 0.288335 3 
0 0.294132 3 
0 0.317649 3 
0 0.320861 3 
0 0.344172 3 
0 0.368069 3 
0 0.383454 3 
0 0.38918 3 
0 0.422598 3 
0 0.422972 3 
0 0.471382 3 
0 0.482015 3 
0 0.482199 3 
0 0.486498 3 
0 0.492906 3 
0 0.560143 3 
0 0.579553 3 
0 0.604915 3 
0 0.605177 3 
0 0.605943 3 
0 0.616267 3 
0 0.633484 3 
0 0.648424 3 
0 0.666018 3 
0 0.672578 3 
0 0.800138 3 
0 0.876047 3 
0 1.3379 3 
0 1.52667 3 
0 1.79282 3 
0 2.00666 3 
0 2.02333 3 
0 2.08371 3 
0 2.21729 3 
0 2.22657 3 
0 2.23039 3 
0 2.62523 3 
0 2.84918 3 
0 3.06753 3 
0 3.07185 3 
0 3.07623 3 
0 3.84852 3 
0 3.84876 3 
0 3.87945 3 
0 inf 3 
0 0.0234273 4 
0 0.0246294 4 
0 0.0279245 4 
0 0.0326922 4 
0 0.0339897 4 
0 0.0348314 4 
0 0.0352435 4 
0 0.0352455 4 
0 0.0372364 4 
0 0.0383823 4 
0 0.0409318 4 
0 0.0419731 4 
0 0.0465413 4 
0 0.0504203 4 
0 0.0509874 4 
0 0.0512702 4 
0 0.0521115 4 
0 0.0526602 4 
0 0.0534784 4 
0 0.0566239 4 
0 0.0578794 4 
0 0.0596075 4 
0 0.0596075 4 
0 0.0605754 4 
0 0.0622155 4 
0 0.0651585 4 
0 0.070687 4 
0 0.0706952 4 
0 0.0708953 4 
0 0.0715101 4 
0 0.0721059 4 
0 0.0721062 4 
0 0.0761978 4 
0 0.0767697 4 
0 0.076951 4 
0 0.0773234 4 
0 0.0780708 4 
0 0.0795361 4 
0 0.0823874 4 
0 0.0844646 4 
0 0.0884789 4 
0 0.099394 4 
0 0.100118 4 
0 0.101693 4 
0 0.111318 4 
0 0.118365 4 
0 0.118606 4 
0 0.122794 4 
0 0.123381 4 
0 0.123962 4 
0 0.125701 4 
0 0.12593 4 
0 0.127069 4 
0 0.128876 4 
0 0.13132 4 
0 0.144517 4 
0 0.161331 4 
0 0.161868 4 
0 0.163201 4 
0 0.166003 4 
0 0.180829 4 
0 0.183604 4 
0 0.186722 4 
0 0.22922 4 
0 0.244889 4 
0 0.261685 4 
0 0.272991 4 
0 0.292357 4 
0 0.297506 4 
0 0.311631 4 
0 0.314787 4 
0 0.320198 4 
0 0.33911 4 
0 0.350704 4 
0 0.378528 4 
0 0.396065 4 
0 0.414051 4 
0 0.437272 4 
0 0.442882 4 
0 0.448074 4 
0 0.469079 4 
0 0.497021 4 
0 0.515747 4 
0 0.518521 4 
0 0.519014 4 
0 0.522594 4 
0 0.528042 4 
0 0.536804 4 
0 0.563629 4 
0 0.565398 4 
0 0.592545 4 
0 0.606749 4 
0 0.609953 4 
0 0.616083 4 
0 0.626149 4 
0 0.636015 4 
0 0.804892 4 
0 0.930405 4 
0 1.12249 4 
0 1.22559 4 
0 1.30061 4 
0 1.53011 4 
0 1.71482 4 
0 1.75085 4 
0 1.75508 4 
0 1.75804 4 
0 1.98851 4 
0 2.19755 4 
0 2.21096 4 
0 2.21158 4 
0 2.21189 4 
0 2.50376 4 
0 2.65907 4 
0 2.65948 4 
0 2.65953 4 
0 2.66293 4 
0 2.69088 4 
0 2.74816 4 
0 2.80098 4 
0 inf 4 
0 0.0152019 5 
0 0.0221653 5 
0 0.0303994 5 
0 0.0304001 5 
0 0.0304008 5 
0 0.0313395 5 
0 0.0372365 5 
0 0.0383824 5 
0 0.0398594 5 
0 0.0459202 5 
0 0.0468593 5 
0 0.0477755 5 
0 0.0489651 5 
0 0.0492539 5 
0 0.0495514 5 
0 0.0501363 5 
0 0.0523855 5 
0 0.0523894 5 
0 0.057636 5 
0 0.0619715 5 
0 0.063136 5 
0 0.0656074 5 
0 0.0664799 5 
0 0.0706936 5 
0 0.0740747 5 
0 0.0773227 5 
0 0.0782498 5 
0 0.0811483 5 
0 0.0830867 5 
0 0.086831 5 
0 0.0889662 5 
0 0.091841 5 
0 0.0923114 5 
0 0.0947778 5 
0 0.0949378 5 
0 0.0964395 5 
0 0.0976349 5 
0 0.0993952 5 
0 0.100262 5 
0 0.101119 5 
0 0.1024 5 
0 0.102825 5 
0 0.10614 5 
0 0.109882 5 
0 0.123379 5 
0 0.123847 5 
0 0.124197 5 
0 0.125585 5 
0 0.142301 5 
0 0.145908 5 
0 0.174486 5 
0 0.176131 5 
0 0.179785 5 
0 0.181705 5 
0 0.205079 5 
0 0.230925 5 
0 0.231425 5 
0 0.262086 5 
0 0.267899 5 
0 0.294876 5 
0 0.322 5 
0 0.357174 5 
0 0.358154 5 
0 0.391496 5 
0 0.392087 5 
0 0.392516 5 
0 0.436222 5 
0 0.437584 5 
0 0.445082 5 
0 0.448863 5 
0 0.451339 5 
0 0.453248 5 
0 0.458036 5 
0 0.464483 5 
0 0.470046 5 
0 0.479426 5 
0 0.483128 5 
0 0.485718 5 
0 0.499667 5 
0 0.500447 5 
0 0.524054 5 
0 0.532209 5 
0 0.547586 5 
0 0.556378 5 
0 0.57197 5 
0 0.616892 5 
0 0.624408 5 
0 0.627178 5 
0 0.745306 5 
0 0.826892 5 
0 0.967414 5 
0 1.08673 5 
0 1.4655 5 
0 1.53037 5 
0 1.54774 5 
0 1.5776 5 
0 1.57906 5 
0 1.58517 5 
0 1.58633 5 
0 1.61394 5 
0 1.62522 5 
0 1.66 5 
0 2.00435 5 
0 2.15442 5 
0 2.21611 5 
0 2.21871 5 
0 2.2372 5 
0 2.33334 5 
0 2.3334 5 
0 2.33405 5 
0 2.33518 5 
0 2.44549 5 
0 2.47742 5 
0 2.47754 5 
0 2.47901 5 
0 inf 5 
0 0.0221605 6 
0 0.0228023 6 
0 0.0257758 6 
0 0.0308723 6 
0 0.0313328 6 
0 0.0348266 6 
0 0.0380061 6 
0 0.0409345 6 
0 0.0419711 6 
0 0.0462288 6 
0 0.0489636 6 
0 0.0521033 6 
0 0.0548125 6 
0 0.0553295 6 
0 0.0561067 6 
0 0.0571289 6 
0 0.0576364 6 
0 0.0619806 6 
0 0.0642695 6 
0 0.0686181 6 
0 0.0706886 6 
0 0.0723032 6 
0 0.0742746 6 
0 0.0750524 6 
0 0.0750527 6 
0 0.0784364 6 
0 0.0793566 6 
0 0.0800794 6 
0 0.0820397 6 
0 0.0827347 6 
0 0.0926218 6 
0 0.0956942 6 
0 0.0965918 6 
0 0.0988147 6 
0 0.100694 6 
0 0.103385 6 
0 0.10394 6 
0 0.105596 6 
0 0.105869 6 
0 0.107627 6 
0 0.108029 6 
0 0.121613 6 
0 0.134367 6 
0 0.136289 6 
0 0.14952 6 
0 0.155206 6 
0 0.186255 6 
0 0.192663 6 
0 0.19796 6 
0 0.234159 6 
0 0.235632 6 
0 0.327208 6 
0 0.341705 6 
0 0.354606 6 
0 0.355094 6 
0 0.367244 6 
0 0.369814 6 
0 0.373682 6 
0 0.412448 6 
0 0.425086 6 
0 0.426251 6 
0 0.430263 6 
0 0.430566 6 
0 0.435786 6 
0 0.439368 6 
0 0.444353 6 
0 0.444759 6 
0 0.445635 6 
0 0.448237 6 
0 0.450673 6 
0 0.450722 6 
0 0.496913 6 
0 0.498305 6 
0 0.50684 6 
0 0.50704 6 
0 0.567384 6 
0 0.620644 6 
0 0.632468 6 
0 0.647098 6 
0 0.647098 6 
0 0.824638 6 
0 0.911689 6 
0 0.955019 6 
0 1.10922 6 
0 1.11016 6 
0 1.11215 6 
0 1.11435 6 
0 1.12312 6 
0 1.16879 6 
0 1.18084 6 
0 1.35609 6 
0 1.36403 6 
0 1.36591 6 
0 1.39238 6 
0 1.40839 6 
0 1.41371 6 
0 1.5402 6 
0 1.56834 6 
0 1.9364 6 
0 1.94209 6 
0 1.9425 6 
0 1.94988 6 
0 2.00877 6 
0 2.03329 6 
0 2.0359 6 
0 2.04288 6 
0 2.04303 6 
0 2.31138 6 
0 2.31316 6 
0 2.3142 6 
0 2.33704 6 
0 inf 6 
0 0.046233 7 
0 0.0477737 7 
0 0.0489675 7 
0 0.0534797 7 
0 0.0553352 7 
0 0.0573869 7 
0 0.0573873 7 
0 0.0576335 7 
0 0.0612825 7 
0 0.0619827 7 
0 0.0626745 7 
0 0.065381 7 
0 0.0675547 7 
0 0.0702829 7 
0 0.0704872 7 
0 0.0706873 7 
0 0.0708916 7 
0 0.0714986 7 
0 0.0719071 7 
0 0.075054 7 
0 0.075815 7 
0 0.0765782 7 
0 0.0767606 7 
0 0.0786248 7 
0 0.0807995 7 
0 0.0823907 7 
0 0.0853191 7 
0 0.0859935 7 
0 0.0889702 7 
0 0.0934009 7 
0 0.095541 7 
0 0.103662 7 
0 0.110145 7 
0 0.111452 7 
0 0.143817 7 
0 0.178418 7 
0 0.182971 7 
0 0.182975 7 
0 0.185792 7 
0 0.186022 7 
0 0.186652 7 
0 0.227904 7 
0 0.238382 7 
0 0.250204 7 
0 0.259275 7 
0 0.283947 7 
0 0.291066 7 
0 0.292995 7 
0 0.294617 7 
0 0.298908 7 
0 0.321966 7 
0 0.324731 7 
0 0.366673 7 
0 0.375681 7 
0 0.384348 7 
0 0.398555 7 
0 0.417926 7 
0 0.424338 7 
0 0.427998 7 
0 0.429356 7 
0 0.431788 7 
0 0.442231 7 
0 0.442426 7 
0 0.44246 7 
0 0.446637 7 
0 0.449345 7 
0 0.456489 7 
0 0.518632 7 
0 0.52733 7 
0 0.530607 7 
0 0.552919 7 
0 0.609174 7 
0 0.617657 7 
0 0.620108 7 
0 0.620108 7 
0 0.693793 7 
0 0.713102 7 
0 0.946878 7 
0 0.993771 7 
0 1.07756 7 
0 1.07792 7 
0 1.07829 7 
0 1.10076 7 
0 1.10202 7 
0 1.10398 7 
0 1.11523 7 
0 1.12254 7 
0 1.13116 7 
0 1.16086 7 
0 1.24706 7 
0 1.37499 7 
0 1.48566 7 
0 1.49308 7 
0 1.54988 7 
0 1.57278 7 
0 1.77968 7 
0 1.81464 7 
0 1.81891 7 
0 1.90944 7 
0 1.91251 7 
0 1.91256 7 
0 1.92337 7 
0 1.99984 7 
0 2.00053 7 
0 2.00053 7 
0 2.0176 7 
0 2.02885 7 
0 inf 7 
0 0.0372405 8 
0 0.0509901 8 
0 0.0521088 8 
0 0.0523878 8 
0 0.053478 8 
0 0.0545401 8 
0 0.0561092 8 
0 0.0586356 8 
0 0.0666926 8 
0 0.0671248 8 
0 0.0700756 8 
0 0.0736888 8 
0 0.0742771 8 
0 0.076383 8 
0 0.0822112 8 
0 0.0830878 8 
0 0.0858254 8 
0 0.0858265 8 
0 0.0881511 8 
0 0.0910515 8 
0 0.0923085 8 
0 0.0946307 8 
0 0.0959935 8 
0 0.110014 8 
0 0.113506 8 
0 0.116154 8 
0 0.126617 8 
0 0.137973 8 
0 0.140156 8 
0 0.152012 8 
0 0.157066 8 
0 0.163995 8 
0 0.179866 8 
0 0.181623 8 
0 0.19461 8 
0 0.206488 8 
0 0.220561 8 
0 0.237893 8 
0 0.240662 8 
0 0.245072 8 
0 0.249614 8 
0 0.263719 8 
0 0.304221 8 
0 0.316779 8 
0 0.317007 8 
0 0.319734 8 
0 0.336778 8 
0 0.343174 8 
0 0.36901 8 
0 0.37482 8 
0 0.423688 8 
0 0.427489 8 
0 0.439548 8 
0 0.440434 8 
0 0.444449 8 
0 0.444542 8 
0 0.450808 8 
0 0.462788 8 
0 0.471599 8 
0 0.473799 8 
0 0.475733 8 
0 0.478728 8 
0 0.523344 8 
0 0.530688 8 
0 0.532102 8 
0 0.537528 8 
0 0.540084 8 
0 0.583519 8 
0 0.587441 8 
0 0.588326 8 
0 0.643228 8 
0 0.821466 8 
0 0.847192 8 
0 0.963273 8 
0 1.02803 8 
0 1.06069 8 
0 1.08727 8 
0 1.09646 8 
0 1.09716 8 
0 1.09747 8 
0 1.11754 8 
0 1.16648 8 
0 1.19857 8 
0 1.21042 8 
0 1.32134 8 
0 1.40141 8 
0 1.4029 8 
0 1.40483 8 
0 1.50153 8 
0 1.52959 8 
0 1.5354 8 
0 1.54322 8 
0 1.55341 8 
0 1.55735 8 
0 1.57863 8 
0 1.74285 8 
0 1.77465 8 
0 1.81514 8 
0 1.99133 8 
0 1.99139 8 
0 1.99375 8 
0 2.00634 8 
0 2.03849 8 
0 inf 8 
0 0.0279295 9 
0 0.0364531 9 
0 0.037622 9 
0 0.0402165 9 
0 0.0512739 9 
0 0.0550686 9 
0 0.0581374 9 
0 0.0612813 9 
0 0.073301 9 
0 0.0748554 9 
0 0.0752455 9 
0 0.0763873 9 
0 0.0778823 9 
0 0.0778828 9 
0 0.0910517 9 
0 0.0937093 9 
0 0.0956956 9 
0 0.101852 9 
0 0.112098 9 
0 0.116763 9 
0 0.121033 9 
0 0.133732 9 
0 0.150963 9 
0 0.173488 9 
0 0.174155 9 
0 0.193626 9 
0 0.194977 9 
0 0.199992 9 
0 0.235325 9 
0 0.239222 9 
0 0.239402 9 
0 0.248221 9 
0 0.272458 9 
0 0.289635 9 
0 0.290967 9 
0 0.297592 9 
0 0.305581 9 
0 0.318224 9 
0 0.322495 9 
0 0.360799 9 
0 0.365374 9 
0 0.365453 9 
0 0.369578 9 
0 0.373136 9 
0 0.377008 9 
0 0.382739 9 
0 0.385433 9 
0 0.395968 9 
0 0.396748 9 
0 0.397184 9 
0 0.43849 9 
0 0.439373 9 
0 0.460343 9 
0 0.466177 9 
0 0.467012 9 
0 0.485926 9 
0 0.493443 9 
0 0.495546 9 
0 0.50258 9 
0 0.524264 9 
0 0.536048 9 
0 0.569885 9 
0 0.585193 9 
0 0.596908 9 
0 0.597222 9 
0 0.666745 9 
0 0.807223 9 
0 0.845019 9 
0 0.846454 9 
0 0.869447 9 
0 0.876287 9 
0 0.90848 9 
0 0.941065 9 
0 0.974946 9 
0 0.991616 9 
0 1.07644 9 
0 1.07843 9 
0 1.07916 9 
0 1.08164 9 
0 1.0821 9 
0 1.08211 9 
0 1.0952 9 
0 1.21818 9 
0 1.32928 9 
0 1.46019 9 
0 1.5097 9 
0 1.51694 9 
0 1.53698 9 
0 1.56041 9 
0 1.56336 9 
0 1.76891 9 
0 1.774 9 
0 1.79687 9 
0 1.83365 9 
0 1.98918 9 
0 1.99077 9 
0 1.9908 9 
0 1.99596 9 
0 1.99759 9 
0 inf 9 
0 0.0526628 10 
0 0.0555911 10 
0 0.0555988 10 
0 0.0684119 10 
0 0.0715087 10 
0 0.0750517 10 
0 0.0758191 10 
0 0.0761998 10 
0 0.0784412 10 
0 0.0841241 10 
0 0.0897742 10 
0 0.09089 10 
0 0.0938632 10 
0 0.104495 10 
0 0.137461 10 
0 0.143717 10 
0 0.17291 10 
0 0.174126 10 
0 0.178981 10 
0 0.180672 10 
0 0.182105 10 
0 0.183994 10 
0 0.184784 10 
0 0.200744 10 
0 0.210082 10 
0 0.216926 10 
0 0.219637 10 
0 0.219966 10 
0 0.229672 10 
0 0.231223 10 
0 0.235452 10 
0 0.248546 10 
0 0.26721 10 
0 0.296474 10 
0 0.310546 10 
0 0.320563 10 
0 0.325245 10 
0 0.329273 10 
0 0.336433 10 
0 0.336904 10 
0 0.35048 10 
0 0.358551 10 
0 0.358756 10 
0 0.360759 10 
0 0.361642 10 
0 0.372243 10 
0 0.410971 10 
0 0.425751 10 
0 0.435104 10 
0 0.436032 10 
0 0.444705 10 
0 0.453954 10 
0 0.464384 10 
0 0.508844 10 
0 0.516695 10 
0 0.517142 10 
0 0.518105 10 
0 0.523151 10 
0 0.532859 10 
0 0.580814 10 
0 0.583197 10 
0 0.798716 10 
0 0.805715 10 
0 0.805912 10 
0 0.817306 10 
0 0.837548 10 
0 0.897129 10 
0 0.898497 10 
0 0.939052 10 
0 0.94905 10 
0 0.952367 10 
0 1.04231 10 
0 1.07813 10 
0 1.07819 10 
0 1.08289 10 
0 1.12409 10 
0 1.12434 10 
0 1.20158 10 
0 1.20233 10 
0 1.26382 10 
0 1.26392 10 
0 1.36422 10 
0 1.38189 10 
0 1.51507 10 
0 1.51884 10 
0 1.54595 10 
0 1.60421 10 
0 1.60456 10 
0 1.77335 10 
0 1.7831 10 
0 1.98878 10 
0 1.98965 10 
0 2.00303 10 
0 2.06717 10 
0 2.06741 10 
0 inf 10 
0 0.0534879 11 
0 0.0662613 11 
0 0.069039 11 
0 0.0800819 11 
0 0.112096 11 
0 0.114778 11 
0 0.11529 11 
0 0.118004 11 
0 0.120901 11 
0 0.148851 11 
0 0.154087 11 
0 0.174655 11 
0 0.174817 11 
0 0.184946 11 
0 0.191608 11 
0 0.194453 11 
0 0.195715 11 
0 0.196682 11 
0 0.201879 11 
0 0.215594 11 
0 0.225386 11 
0 0.234942 11 
0 0.245976 11 
0 0.275255 11 
0 0.287599 11 
0 0.300306 11 
0 0.304927 11 
0 0.307962 11 
0 0.314635 11 
0 0.316005 11 
0 0.316735 11 
0 0.323506 11 
0 0.325599 11 
0 0.328571 11 
0 0.329975 11 
0 0.331453 11 
0 0.337425 11 
0 0.340154 11 
0 0.344588 11 
0 0.357056 11 
0 0.360278 11 
0 0.366536 11 
0 0.385434 11 
0 0.385816 11 
0 0.423158 11 
0 0.425711 11 
0 0.443925 11 
0 0.451016 11 
0 0.454843 11 
0 0.462881 11 
0 0.497609 11 
0 0.497609 11 
0 0.542954 11 
0 0.544415 11 
0 0.701453 11 
0 0.718379 11 
0 0.740593 11 
0 0.799416 11 
0 0.799506 11 
0 0.820983 11 
0 0.834292 11 
0 0.834915 11 
0 0.8468 11 
0 0.911617 11 
0 0.934951 11 
0 0.941299 11 
0 1.07208 11 
0 1.08058 11 
0 1.0822 11 
0 1.10713 11 
0 1.10981 11 
0 1.11054 11 
0 1.11247 11 
0 1.16324 11 
0 1.16696 11 
0 1.16716 11 
0 1.17624 11 
0 1.25252 11 
0 1.25269 11 
0 1.49463 11 
0 1.49965 11 
0 1.54897 11 
0 1.55634 11 
0 1.55667 11 
0 1.80258 11 
0 1.8026 11 
0 1.98481 11 
0 1.98493 11 
0 1.99746 11 
0 2.0083 11 
0 2.00853 11 
0 inf 11 
0 0.106292 12 
0 0.107492 12 
0 0.115408 12 
0 0.116034 12 
0 0.131546 12 
0 0.140672 12 
0 0.146759 12 
0 0.16183 12 
0 0.171233 12 
0 0.180117 12 
0 0.184232 12 
0 0.205155 12 
0 0.210642 12 
0 0.232655 12 
0 0.239146 12 
0 0.24011 12 
0 0.259348 12 
0 0.267874 12 
0 0.271714 12 
0 0.297057 12 
0 0.298587 12 
0 0.301745 12 
0 0.302837 12 
0 0.313108 12 
0 0.318739 12 
0 0.320907 12 
0 0.32891 12 
0 0.329437 12 
0 0.332809 12 
0 0.333097 12 
0 0.338136 12 
0 0.342041 12 
0 0.342209 12 
0 0.34294 12 
0 0.352256 12 
0 0.356818 12 
0 0.358867 12 
0 0.370444 12 
0 0.385159 12 
0 0.428704 12 
0 0.432739 12 
0 0.433006 12 
0 0.433528 12 
0 0.436178 12 
0 0.447939 12 
0 0.452431 12 
0 0.490326 12 
0 0.552502 12 
0 0.554173 12 
0 0.611295 12 
0 0.783127 12 
0 0.788466 12 
0 0.791975 12 
0 0.792087 12 
0 0.792725 12 
0 0.793235 12 
0 0.808371 12 
0 0.878493 12 
0 0.878641 12 
0 0.882334 12 
0 0.882334 12 
0 0.885148 12 
0 0.891651 12 
0 0.904825 12 
0 0.911298 12 
0 1.08134 12 
0 1.08134 12 
0 1.11088 12 
0 1.11341 12 
0 1.11605 12 
0 1.16303 12 
0 1.172 12 
0 1.2767 12 
0 1.28712 12 
0 1.30393 12 
0 1.51101 12 
0 1.51604 12 
0 1.53884 12 
0 1.53969 12 
0 1.53994 12 
0 1.55022 12 
0 1.56424 12 
0 1.98359 12 
0 1.98373 12 
0 2.00332 12 
0 2.01187 12 
0 2.01245 12 
0 inf 12 
0 0.0573977 13 
0 0.065395 13 
0 0.0708942 13 
0 0.0767941 13 
0 0.0822247 13 
0 0.0995426 13 
0 0.117388 13 
0 0.146759 13 
0 0.150587 13 
0 0.173823 13 
0 0.226183 13 
0 0.229154 13 
0 0.23135 13 
0 0.236414 13 
0 0.243456 13 
0 0.268094 13 
0 0.29157 13 
0 0.304954 13 
0 0.305285 13 
0 0.308746 13 
0 0.318558 13 
0 0.324883 13 
0 0.325594 13 
0 0.329803 13 
0 0.330567 13 
0 0.333834 13 
0 0.334044 13 
0 0.344243 13 
0 0.345123 13 
0 0.382726 13 
0 0.384983 13 
0 0.446464 13 
0 0.447498 13 
0 0.452072 13 
0 0.456698 13 
0 0.460597 13 
0 0.47476 13 
0 0.475554 13 
0 0.47865 13 
0 0.479763 13 
0 0.481926 13 
0 0.487647 13 
0 0.515022 13 
0 0.541356 13 
0 0.544281 13 
0 0.544838 13 
0 0.549934 13 
0 0.551507 13 
0 0.552763 13 
0 0.565015 13 
0 0.573263 13 
0 0.576778 13 
0 0.656449 13 
0 0.681125 13 
0 0.701372 13 
0 0.790314 13 
0 0.793141 13 
0 0.846499 13 
0 0.854343 13 
0 0.854934 13 
0 0.85512 13 
0 1.07568 13 
0 1.07595 13 
0 1.09616 13 
0 1.09642 13 
0 1.09946 13 
0 1.15451 13 
0 1.1765 13 
0 1.17703 13 
0 1.33258 13 
0 1.50099 13 
0 1.5079 13 
0 1.52311 13 
0 1.52425 13 
0 1.52689 13 
0 1.6819 13 
0 1.69473 13 
0 1.79218 13 
0 1.98387 13 
0 1.98462 13 
0 1.98468 13 
0 1.98485 13 
0 1.98509 13 
0 inf 13 
0 0.0426792 14 
0 0.0702919 14 
0 0.110016 14 
0 0.12776 14 
0 0.182271 14 
0 0.184383 14 
0 0.190333 14 
0 0.203801 14 
0 0.2201 14 
0 0.220151 14 
0 0.225677 14 
0 0.23197 14 
0 0.246286 14 
0 0.255339 14 
0 0.267383 14 
0 0.274999 14 
0 0.277497 14 
0 0.283481 14 
0 0.286722 14 
0 0.287951 14 
0 0.288461 14 
0 0.293099 14 
0 0.295739 14 
0 0.298413 14 
0 0.298659 14 
0 0.299433 14 
0 0.300344 14 
0 0.30116 14 
0 0.311518 14 
0 0.313547 14 
0 0.313686 14 
0 0.321987 14 
0 0.329406 14 
0 0.335517 14 
0 0.35726 14 
0 0.36112 14 
0 0.363692 14 
0 0.371357 14 
0 0.402162 14 
0 0.407515 14 
0 0.409389 14 
0 0.409777 14 
0 0.45224 14 
0 0.463272 14 
0 0.539023 14 
0 0.542575 14 
0 0.549611 14 
0 0.590136 14 
0 0.62904 14 
0 0.631903 14 
0 0.636264 14 
0 0.71176 14 
0 0.720477 14 
0 0.746956 14 
0 0.786246 14 
0 0.792832 14 
0 0.953656 14 
0 0.954822 14 
0 0.954882 14 
0 1.07575 14 
0 1.07575 14 
0 1.07589 14 
0 1.07589 14 
0 1.18343 14 
0 1.18826 14 
0 1.19708 14 
0 1.52114 14 
0 1.52117 14 
0 1.55578 14 
0 1.55578 14 
0 1.55622 14 
0 1.66111 14 
0 1.79159 14 
0 1.79897 14 
0 1.79925 14 
0 1.98519 14 
0 2.01095 14 
0 2.0111 14 
0 2.01119 14 
0 inf 14 
0 0.0692444 15 
0 0.0778906 15 
0 0.0793796 15 
0 0.133176 15 
0 0.152207 15 
0 0.165236 15 
0 0.17523 15 
0 0.193115 15 
0 0.201021 15 
0 0.218177 15 
0 0.223027 15 
0 0.225091 15 
0 0.229664 15 
0 0.248052 15 
0 0.265859 15 
0 0.266726 15 
0 0.267533 15 
0 0.267755 15 
0 0.268685 15 
0 0.269417 15 
0 0.269904 15 
0 0.272141 15 
0 0.2722 15 
0 0.281874 15 
0 0.288 15 
0 0.288374 15 
0 0.29002 15 
0 0.29002 15 
0 0.323415 15 
0 0.330832 15 
0 0.333079 15 
0 0.335002 15 
0 0.337575 15 
0 0.340301 15 
0 0.373853 15 
0 0.374933 15 
0 0.376048 15 
0 0.387899 15 
0 0.388347 15 
0 0.393997 15 
0 0.397909 15 
0 0.400261 15 
0 0.402565 15 
0 0.449632 15 
0 0.450674 15 
0 0.644751 15 
0 0.685572 15 
0 0.762489 15 
0 0.792029 15 
0 0.87187 15 
0 0.874301 15 
0 0.875341 15 
0 0.921414 15 
0 1.09051 15 
0 1.12393 15 
0 1.13406 15 
0 1.13413 15 
0 1.1817 15 
0 1.18189 15 
0 1.18218 15 
0 1.1839 15 
0 1.18609 15 
0 1.18628 15 
0 1.27785 15 
0 1.52205 15 
0 1.58593 15 
0 1.58628 15 
0 1.58651 15 
0 1.77005 15 
0 1.77139 15 
0 1.77201 15 
0 1.98559 15 
0 2.05565 15 
0 2.05565 15 
0 2.0558 15 
0 inf 15 
0 0.097049 16 
0 0.108294 16 
0 0.168606 16 
0 0.196664 16 
0 0.21658 16 
0 0.237389 16 
0 0.23951 16 
0 0.242387 16 
0 0.244286 16 
0 0.253399 16 
0 0.260823 16 
0 0.260978 16 
0 0.272446 16 
0 0.286391 16 
0 0.288001 16 
0 0.288001 16 
0 0.288051 16 
0 0.291042 16 
0 0.299339 16 
0 0.309327 16 
0 0.310073 16 
0 0.313754 16 
0 0.3138 16 
0 0.315589 16 
0 0.317599 16 
0 0.31878 16 
0 0.319506 16 
0 0.319552 16 
0 0.32189 16 
0 0.323502 16 
0 0.323546 16 
0 0.329346 16 
0 0.329477 16 
0 0.331965 16 
0 0.334563 16 
0 0.335597 16 
0 0.371893 16 
0 0.382687 16 
0 0.439498 16 
0 0.440974 16 
0 0.454343 16 
0 0.782644 16 
0 0.786239 16 
0 0.798569 16 
0 0.811088 16 
0 0.816366 16 
0 0.816808 16 
0 0.816808 16 
0 0.955167 16 
0 0.98274 16 
0 1.09553 16 
0 1.15492 16 
0 1.15506 16 
0 1.15527 16 
0 1.16697 16 
0 1.17866 16 
0 1.17958 16 
0 1.36478 16 
0 1.36997 16 
0 1.37024 16 
0 1.52423 16 
0 1.53926 16 
0 1.53928 16 
0 1.53928 16 
0 1.79799 16 
0 1.80361 16 
0 1.80364 16 
0 1.99293 16 
0 2.01979 16 
0 2.02605 16 
0 2.02662 16 
0 inf 16 
0 0.0711159 17 
0 0.0788334 17 
0 0.0983917 17 
0 0.142012 17 
0 0.143228 17 
0 0.164616 17 
0 0.202394 17 
0 0.21425 17 
0 0.21425 17 
0 0.22159 17 
0 0.222306 17 
0 0.224442 17 
0 0.227952 17 
0 0.268398 17 
0 0.269472 17 
0 0.26974 17 
0 0.270115 17 
0 0.280822 17 
0 0.281426 17 
0 0.282463 17 
0 0.282616 17 
0 0.285816 17 
0 0.287097 17 
0 0.287147 17 
0 0.287147 17 
0 0.289451 17 
0 0.290696 17 
0 0.29139 17 
0 0.293908 17 
0 0.309634 17 
0 0.381403 17 
0 0.396115 17 
0 0.39688 17 
0 0.397171 17 
0 0.514766 17 
0 0.737438 17 
0 0.791719 17 
0 0.813475 17 
0 0.813591 17 
0 0.814798 17 
0 0.81555 17 
0 0.815603 17 
0 0.816781 17 
0 0.85753 17 
0 0.857867 17 
0 0.858607 17 
0 1.09454 17 
0 1.101 17 
0 1.11348 17 
0 1.11359 17 
0 1.19551 17 
0 1.19864 17 
0 1.19864 17 
0 1.48276 17 
0 1.4986 17 
0 1.528 17 
0 1.53706 17 
0 1.53811 17 
0 1.53969 17 
0 1.61512 17 
0 1.84826 17 
0 1.84842 17 
0 1.84976 17 
0 1.99485 17 
0 1.99491 17 
0 2.00159 17 
0 2.00272 17 
0 inf 17 
0 0.0553356 18 
0 0.05612 18 
0 0.0563767 18 
0 0.0566257 18 
0 0.0675661 18 
0 0.090276 18 
0 0.178757 18 
0 0.185186 18 
0 0.198728 18 
0 0.220415 18 
0 0.222697 18 
0 0.224248 18 
0 0.22502 18 
0 0.252088 18 
0 0.255727 18 
0 0.25663 18 
0 0.261536 18 
0 0.283655 18 
0 0.284671 18 
0 0.285886 18 
0 0.287147 18 
0 0.311326 18 
0 0.311743 18 
0 0.31907 18 
0 0.31907 18 
0 0.339486 18 
0 0.367947 18 
0 0.372628 18 
0 0.402379 18 
0 0.404955 18 
0 0.405811 18 
0 0.40794 18 
0 0.505644 18 
0 0.631142 18 
0 0.632902 18 
0 0.818262 18 
0 0.820896 18 
0 0.8299 18 
0 0.829952 18 
0 0.835544 18 
0 0.837202 18 
0 0.839063 18 
0 0.878783 18 
0 0.899269 18 
0 1.08093 18 
0 1.08237 18 
0 1.08237 18 
0 1.08313 18 
0 1.26815 18 
0 1.26862 18 
0 1.26903 18 
0 1.27722 18 
0 1.30169 18 
0 1.52887 18 
0 1.53494 18 
0 1.53889 18 
0 1.53894 18 
0 1.55539 18 
0 1.80726 18 
0 1.99548 18 
0 1.99785 18 
0 2.00432 18 
0 2.00432 18 
0 inf 18 
0 0.0501472 19 
0 0.0702932 19 
0 0.0702935 19 
0 0.0958648 19 
0 0.0966151 19 
0 0.11041 19 
0 0.151745 19 
0 0.154013 19 
0 0.15918 19 
0 0.214369 19 
0 0.218574 19 
0 0.220743 19 
0 0.297718 19 
0 0.301574 19 
0 0.302531 19 
0 0.314969 19 
0 0.317573 19 
0 0.32254 19 
0 0.323342 19 
0 0.323969 19 
0 0.325969 19 
0 0.363965 19 
0 0.381404 19 
0 0.414781 19 
0 0.415616 19 
0 0.416172 19 
0 0.449144 19 
0 0.452125 19 
0 0.452603 19 
0 0.464272 19 
0 0.465018 19 
0 0.499094 19 
0 0.501404 19 
0 0.501433 19 
0 0.536075 19 
0 0.536344 19 
0 0.536479 19 
0 0.621452 19 
0 0.763522 19 
0 0.831111 19 
0 0.846538 19 
0 0.846538 19 
0 0.849399 19 
0 0.926378 19 
0 1.01827 19 
0 1.0543 19 
0 1.09189 19 
0 1.10013 19 
0 1.10017 19 
0 1.19198 19 
0 1.21002 19 
0 1.53939 19 
0 1.54821 19 
0 1.54837 19 
0 1.66601 19 
0 1.78078 19 
0 1.98651 19 
0 1.9875 19 
0 1.98767 19 
0 inf 19 
0 0.094178 20 
0 0.101715 20 
0 0.101857 20 
0 0.103388 20 
0 0.115042 20 
0 0.118613 20 
0 0.249315 20 
0 0.249778 20 
0 0.249778 20 
0 0.269645 20 
0 0.269913 20 
0 0.269913 20 
0 0.312911 20 
0 0.313963 20 
0 0.314376 20 
0 0.31853 20 
0 0.319624 20 
0 0.319624 20 
0 0.324893 20 
0 0.330053 20 
0 0.330446 20 
0 0.339682 20 
0 0.33981 20 
0 0.37387 20 
0 0.374141 20 
0 0.374449 20 
0 0.429527 20 
0 0.439706 20 
0 0.446487 20 
0 0.447521 20 
0 0.449509 20 
0 0.449974 20 
0 0.449974 20 
0 0.5112 20 
0 0.511427 20 
0 0.536399 20 
0 0.536399 20 
0 0.540904 20 
0 0.570567 20 
0 0.835891 20 
0 0.836564 20 
0 0.905455 20 
0 0.982111 20 
0 1.08222 20 
0 1.08257 20 
0 1.08482 20 
0 1.1669 20 
0 1.54544 20 
0 1.54545 20 
0 1.78131 20 
0 1.78153 20 
0 2.00191 20 
0 2.00208 20 
0 2.02565 20 
0 2.69962 20 
0 inf 20 
