5.36745 8.91992 1 
0.83966 2.19661 1 
0.186706 0.236925 1 
0.12649 0.218151 1 
0.123224 0.135826 1 
0.115712 0.170085 1 
0.097743 0.133325 1 
0.0869755 0.0909643 1 
0.0788303 0.0822476 1 
0.0716383 0.0720091 1 
0.0639111 0.0640542 1 
0.0626467 0.0662353 1 
0.0604848 0.0679537 1 
0.0595942 0.10201 1 
0.0549438 0.0573166 1 
0.0526245 0.0526293 1 
0.0493236 0.0509179 1 
0.0485946 0.0507449 1 
0.0469327 0.0514453 1 
0.0469237 0.0614929 1 
0.032093 0.0329124 1 
0.030094 0.0329122 1 
0.0273095 0.0294977 1 
0.0256325 0.0276327 1 
0.0252838 0.0276328 1 
6.45036 6.79893 2 
6.44412 6.52286 2 
6.35118 6.36127 2 
4.216 6.80916 2 
0.683488 2.9197 2 
0.271269 0.308312 2 
0.218762 0.238046 2 
0.218399 0.246687 2 
0.213216 0.241011 2 
0.186701 0.199489 2 
0.1832 0.282746 2 
0.151698 0.152288 2 
0.149581 0.158682 2 
0.100607 0.11463 2 
0.0565382 0.0613562 2 
0.0415023 0.0447943 2 
0.0252838 0.0282681 2 
4.34169 5.36402 3 
4.34135 5.3689 3 
4.33449 5.3425 3 
4.32715 4.38351 3 
0.624124 2.94428 3 
0.274107 0.277005 3 
0.272448 0.282023 3 
0.219213 0.270979 3 
0.206577 0.221626 3 
0.202447 0.21421 3 
0.166177 0.286397 3 
0.0641853 0.0692455 3 
0.041503 0.0459692 3 
1.31855 2.61076 4 
0.232878 0.269597 4 
0.223259 0.249376 4 
0.218108 0.263199 4 
0.184789 0.201436 4 
0.177687 0.179428 4 
0.164454 0.174863 4 
0.146585 0.146701 4 
2.38326 2.38493 5 
2.38073 2.39999 5 
1.91279 1.96849 5 
1.55135 2.41111 5 
0.319096 0.324968 5 
0.194755 0.212339 5 
0.193936 0.228026 5 
0.0480429 0.0537925 5 
2.0642 2.19833 6 
2.05579 2.14063 6 
2.04072 2.19093 6 
1.48293 2.22373 6 
0.260486 0.293959 6 
0.184503 0.205707 6 
0.176134 0.187983 6 
0.121769 0.130838 6 
0.0936638 0.0945123 6 
0.0480495 0.048964 6 
2.42357 2.44853 7 
2.21373 2.43387 7 
2.14515 2.31157 7 
1.76847 1.80925 7 
1.74567 1.80925 7 
1.46614 1.9307 7 
1.39936 1.88639 7 
0.276234 0.294526 7 
0.106939 0.112361 7 
0.0393039 0.0406309 7 
2.19485 2.27831 8 
1.90401 2.03136 8 
1.88916 2.21187 8 
1.82937 1.87435 8 
1.69646 2.08732 8 
1.57555 1.58334 8 
1.50168 1.61373 8 
1.3838 1.72436 8 
1.37622 1.63282 8 
0.120817 0.121186 8 
2.28763 2.29903 9 
2.16519 2.35158 9 
2.1647 2.33229 9 
2.15276 2.29855 9 
1.36547 1.38735 9 
1.36031 1.71983 9 
0.121476 0.136812 9 
0.0961839 0.0977419 9 
1.85124 2.05063 10 
1.74741 2.03303 10 
1.70614 1.82108 10 
1.70505 1.88456 10 
1.32084 1.49409 10 
1.16496 1.20117 10 
0.522277 0.526893 10 
0.436585 0.492082 10 
1.7072 1.77838 11 
0.990489 1.08464 11 
0.506063 0.528543 11 
0.240828 0.266017 11 
0.0947898 0.116707 11 
1.57625 1.67426 12 
1.57235 1.67466 12 
1.56813 1.67109 12 
0.899086 0.956212 12 
0.897346 0.921978 12 
0.897253 0.907424 12 
0.851426 0.975553 12 
0.421128 0.462651 12 
1.93251 2.03486 13 
1.93143 2.03865 13 
1.91837 2.0355 13 
0.925205 0.927684 13 
0.54725 0.548319 13 
0.412835 0.415303 13 
1.89842 1.90673 14 
1.72224 1.9297 15 
1.72131 1.92976 15 
1.32222 1.51555 15 
1.32185 1.67204 15 
1.31859 1.58172 15 
0.407139 0.410247 15 
0.339086 0.379782 15 
1.715 1.72976 16 
1.71495 1.72972 16 
1.71482 1.72581 16 
1.47613 1.49126 16 
1.28011 1.47356 16 
0.422195 0.450713 16 
1.54103 1.72716 17 
1.23044 1.37524 17 
1.14129 1.37421 17 
1.04493 1.37694 17 
1.42777 1.75622 18 
1.2424 1.3886 18 
1.24021 1.39023 18 
1.23936 1.38839 18 
1.31804 1.45605 19 
1.31753 1.4559 19 
0.4589 0.461331 19 
0.33995 0.357518 19 
0.337197 0.33956 19 
