0 0.0128471 1 
0 0.0160232 1 
0 0.0181685 1 
0 0.0181691 1 
0 0.0181696 1 
0 0.0186676 1 
0 0.0214126 1 
0 0.0234553 1 
0 0.023456 1 
0 0.0249705 1 
0 0.0256953 1 
0 0.0260495 1 
0 0.026398 1 
0 0.026743 1 
0 0.0267435 1 
0 0.0267436 1 
0 0.0267446 1 
0 0.0267446 1 
0 0.0270838 1 
0 0.0280823 1 
0 0.028728 1 
0 0.0290454 1 
0 0.0290455 1 
0 0.0296692 1 
0 0.0302882 1 
0 0.0305793 1 
0 0.0305821 1 
0 0.0311822 1 
0 0.0314678 1 
0 0.0314692 1 
0 0.0317575 1 
0 0.032047 1 
0 0.0334474 1 
0 0.0334476 1 
0 0.0339901 1 
0 0.033991 1 
0 0.0342603 1 
0 0.0347912 1 
0 0.037087 1 
0 0.0406276 1 
0 0.0417404 1 
0 0.0417404 1 
0 0.043041 1 
0 0.0430421 1 
0 0.0438821 1 
0 0.0449149 1 
0 0.0449176 1 
0 0.0457269 1 
0 0.0463258 1 
0 0.0474918 1 
0 0.0480704 1 
0 0.0482571 1 
0 0.0490131 1 
0 0.0503076 1 
0 0.0512106 1 
0 0.0512108 1 
0 0.0513896 1 
0 0.0517449 1 
0 0.0526228 1 
0 0.0548421 1 
0 0.0550123 1 
0 0.0576108 1 
0 0.0577734 1 
0 0.0582537 1 
0 0.0584049 1 
0 0.0596457 1 
0 0.0605627 1 
0 0.0613156 1 
0 0.0625018 1 
0 0.0648031 1 
0 0.0674456 1 
0 0.0681139 1 
0 0.0683887 1 
0 0.0715272 1 
0 0.0738023 1 
0 0.0768434 1 
0 0.0871318 1 
0 0.0918511 1 
0 0.0920461 1 
0 0.0934357 1 
0 0.0942109 1 
0 0.099608 1 
0 0.102329 1 
0 0.106801 1 
0 0.108681 1 
0 0.118606 1 
0 0.12419 1 
0 0.125289 1 
0 0.125804 1 
0 0.147294 1 
0 0.148287 1 
0 0.154054 1 
0 0.155058 1 
0 0.178484 1 
0 0.196572 1 
0 0.201318 1 
0 0.203227 1 
0 0.206316 1 
0 0.219784 1 
0 0.236348 1 
0 0.249632 1 
0 0.25645 1 
0 0.284683 1 
0 0.32258 1 
0 0.384014 1 
0 0.406178 1 
0 0.415516 1 
0 0.463682 1 
0 0.482751 1 
0 0.52448 1 
0 0.53631 1 
0 0.562485 1 
0 0.574605 1 
0 0.595435 1 
0 0.595445 1 
0 0.693807 1 
0 0.756872 1 
0 0.808817 1 
0 0.829376 1 
0 0.859325 1 
0 1.43926 1 
0 1.45491 1 
0 1.63433 1 
0 2.30719 1 
0 2.45943 1 
0 2.95693 1 
0 3.33038 1 
0 4.71733 1 
0 4.77029 1 
0 4.95505 1 
0 4.95933 1 
0 inf 1 
0 0.0128475 2 
0 0.0154408 2 
0 0.0165867 2 
0 0.0165875 2 
0 0.0181693 2 
0 0.0181722 2 
0 0.0214123 2 
0 0.0214125 2 
0 0.0234553 2 
0 0.0238439 2 
0 0.0267414 2 
0 0.028728 2 
0 0.028735 2 
0 0.0290449 2 
0 0.0290453 2 
0 0.0296697 2 
0 0.0328922 2 
0 0.0339878 2 
0 0.0342602 2 
0 0.035053 2 
0 0.0350537 2 
0 0.0355719 2 
0 0.0370844 2 
0 0.0378237 2 
0 0.0380606 2 
0 0.0380641 2 
0 0.0392501 2 
0 0.0397138 2 
0 0.0406269 2 
0 0.04174 2 
0 0.0417404 2 
0 0.0419592 2 
0 0.0430379 2 
0 0.0432507 2 
0 0.0438862 2 
0 0.0445046 2 
0 0.0451187 2 
0 0.0451187 2 
0 0.0457243 2 
0 0.0480706 2 
0 0.0488276 2 
0 0.0497549 2 
0 0.0501243 2 
0 0.0504906 2 
0 0.0513893 2 
0 0.0513893 2 
0 0.0524498 2 
0 0.0566519 2 
0 0.05681 2 
0 0.0574556 2 
0 0.0630842 2 
0 0.0678473 2 
0 0.0687867 2 
0 0.069054 2 
0 0.0697135 2 
0 0.0703643 2 
0 0.0776766 2 
0 0.0777925 2 
0 0.0835907 2 
0 0.0853278 2 
0 0.0880743 2 
0 0.104108 2 
0 0.106977 2 
0 0.121955 2 
0 0.12486 2 
0 0.126242 2 
0 0.12769 2 
0 0.132273 2 
0 0.140085 2 
0 0.145663 2 
0 0.148718 2 
0 0.149886 2 
0 0.151767 2 
0 0.160859 2 
0 0.161258 2 
0 0.162786 2 
0 0.163292 2 
0 0.164414 2 
0 0.169421 2 
0 0.170975 2 
0 0.172954 2 
0 0.17501 2 
0 0.176049 2 
0 0.179151 2 
0 0.179458 2 
0 0.182701 2 
0 0.189015 2 
0 0.208481 2 
0 0.21727 2 
0 0.224212 2 
0 0.268365 2 
0 0.268431 2 
0 0.308063 2 
0 0.317969 2 
0 0.34681 2 
0 0.375836 2 
0 0.450118 2 
0 0.451969 2 
0 0.466586 2 
0 0.4801 2 
0 0.487439 2 
0 0.493734 2 
0 0.50597 2 
0 0.589843 2 
0 0.626119 2 
0 0.628963 2 
0 0.636775 2 
0 0.637226 2 
0 0.637457 2 
0 0.665171 2 
0 0.666256 2 
0 0.678946 2 
0 0.792027 2 
0 1.07736 2 
0 1.43346 2 
0 1.89642 2 
0 2.00343 2 
0 2.18149 2 
0 2.5325 2 
0 3.50604 2 
0 3.5166 2 
0 3.68136 2 
0 3.88203 2 
0 3.96023 2 
0 4.03602 2 
0 4.12673 2 
0 4.12904 2 
0 inf 2 
0 0.0176576 3 
0 0.0191519 3 
0 0.0196253 3 
0 0.0230617 3 
0 0.0242255 3 
0 0.0242255 3 
0 0.0260493 3 
0 0.0260493 3 
0 0.026054 3 
0 0.0260543 3 
0 0.026399 3 
0 0.0287277 3 
0 0.0296683 3 
0 0.0317597 3 
0 0.0320473 3 
0 0.0326143 3 
0 0.0328952 3 
0 0.033172 3 
0 0.0337198 3 
0 0.0337249 3 
0 0.0342598 3 
0 0.035833 3 
0 0.0383015 3 
0 0.0394829 3 
0 0.0399422 3 
0 0.0401709 3 
0 0.0401713 3 
0 0.0401739 3 
0 0.0436723 3 
0 0.0445039 3 
0 0.0451178 3 
0 0.0459251 3 
0 0.046912 3 
0 0.047687 3 
0 0.0493875 3 
0 0.0508512 3 
0 0.0512104 3 
0 0.0538322 3 
0 0.0590306 3 
0 0.0646635 3 
0 0.0648052 3 
0 0.0664847 3 
0 0.0677148 3 
0 0.0687871 3 
0 0.0690522 3 
0 0.0703645 3 
0 0.0754003 3 
0 0.076607 3 
0 0.0784987 3 
0 0.0844619 3 
0 0.0908417 3 
0 0.0908422 3 
0 0.0908422 3 
0 0.100157 3 
0 0.105335 3 
0 0.108677 3 
0 0.109596 3 
0 0.111177 3 
0 0.111513 3 
0 0.112819 3 
0 0.117587 3 
0 0.11883 3 
0 0.119833 3 
0 0.124707 3 
0 0.136839 3 
0 0.139494 3 
0 0.145164 3 
0 0.150616 3 
0 0.153935 3 
0 0.15459 3 
0 0.156527 3 
0 0.157228 3 
0 0.157228 3 
0 0.158628 3 
0 0.183049 3 
0 0.190898 3 
0 0.190927 3 
0 0.21891 3 
0 0.260699 3 
0 0.307213 3 
0 0.307798 3 
0 0.333216 3 
0 0.334204 3 
0 0.387789 3 
0 0.394944 3 
0 0.400353 3 
0 0.404615 3 
0 0.407269 3 
0 0.440892 3 
0 0.444731 3 
0 0.484585 3 
0 0.492021 3 
0 0.519834 3 
0 0.529813 3 
0 0.531607 3 
0 0.538686 3 
0 0.542875 3 
0 0.580793 3 
0 0.595768 3 
0 0.596606 3 
0 0.610141 3 
0 0.615144 3 
0 0.636298 3 
0 0.644039 3 
0 0.80065 3 
0 0.953717 3 
0 0.977252 3 
0 1.41861 3 
0 1.56187 3 
0 1.82511 3 
0 1.85946 3 
0 2.09845 3 
0 2.10308 3 
0 2.10503 3 
0 2.10523 3 
0 2.86832 3 
0 3.23566 3 
0 3.24257 3 
0 3.24462 3 
0 3.62414 3 
0 3.9649 3 
0 4.29065 3 
0 4.2971 3 
0 inf 3 
0 0.0186674 4 
0 0.0205391 4 
0 0.0234565 4 
0 0.0234577 4 
0 0.0238441 4 
0 0.0238443 4 
0 0.0260491 4 
0 0.0263985 4 
0 0.026743 4 
0 0.0280821 4 
0 0.0317597 4 
0 0.0334445 4 
0 0.0342607 4 
0 0.0350629 4 
0 0.0353133 4 
0 0.0353141 4 
0 0.035827 4 
0 0.0375784 4 
0 0.0375788 4 
0 0.0378227 4 
0 0.0399435 4 
0 0.0404006 4 
0 0.0408527 4 
0 0.0408531 4 
0 0.0408559 4 
0 0.0417399 4 
0 0.041959 4 
0 0.0419593 4 
0 0.0438821 4 
0 0.0497575 4 
0 0.0538309 4 
0 0.0543397 4 
0 0.0550095 4 
0 0.055182 4 
0 0.0584062 4 
0 0.0648056 4 
0 0.0664819 4 
0 0.0666197 4 
0 0.0673041 4 
0 0.0685193 4 
0 0.077201 4 
0 0.0773185 4 
0 0.0788466 4 
0 0.0793154 4 
0 0.0844615 4 
0 0.087866 4 
0 0.099423 4 
0 0.105768 4 
0 0.113469 4 
0 0.116417 4 
0 0.120144 4 
0 0.123007 4 
0 0.123896 4 
0 0.125151 4 
0 0.127475 4 
0 0.128047 4 
0 0.129187 4 
0 0.131926 4 
0 0.141582 4 
0 0.142483 4 
0 0.142485 4 
0 0.145789 4 
0 0.145789 4 
0 0.145789 4 
0 0.145789 4 
0 0.146483 4 
0 0.14779 4 
0 0.207292 4 
0 0.221905 4 
0 0.227562 4 
0 0.301995 4 
0 0.322873 4 
0 0.358688 4 
0 0.358794 4 
0 0.372667 4 
0 0.379544 4 
0 0.408325 4 
0 0.42892 4 
0 0.433424 4 
0 0.433528 4 
0 0.451962 4 
0 0.467924 4 
0 0.494752 4 
0 0.502988 4 
0 0.509369 4 
0 0.512016 4 
0 0.522144 4 
0 0.534477 4 
0 0.553925 4 
0 0.557997 4 
0 0.559703 4 
0 0.580393 4 
0 0.583722 4 
0 0.590588 4 
0 0.590951 4 
0 0.595896 4 
0 0.837365 4 
0 0.907529 4 
0 1.02062 4 
0 1.06742 4 
0 1.44518 4 
0 1.48099 4 
0 1.65451 4 
0 1.67052 4 
0 1.67105 4 
0 1.6712 4 
0 1.67186 4 
0 1.79514 4 
0 1.79627 4 
0 1.79997 4 
0 1.83817 4 
0 1.85844 4 
0 2.27664 4 
0 2.53329 4 
0 2.53631 4 
0 2.54454 4 
0 2.59861 4 
0 2.60099 4 
0 2.75479 4 
0 inf 4 
0 0.00741664 5 
0 0.010485 5 
0 0.0218386 5 
0 0.0234568 5 
0 0.0234568 5 
0 0.0249708 5 
0 0.0260491 5 
0 0.0263993 5 
0 0.028082 5 
0 0.03147 5 
0 0.0328994 5 
0 0.0370924 5 
0 0.0383028 5 
0 0.0387791 5 
0 0.0406268 5 
0 0.0410756 5 
0 0.0412984 5 
0 0.0417405 5 
0 0.042394 5 
0 0.0423955 5 
0 0.0478793 5 
0 0.04845 5 
0 0.049015 5 
0 0.0492019 5 
0 0.0561652 5 
0 0.0596516 5 
0 0.0610199 5 
0 0.0616171 5 
0 0.0616177 5 
0 0.062793 5 
0 0.0649429 5 
0 0.0710168 5 
0 0.0710186 5 
0 0.0717868 5 
0 0.0729273 5 
0 0.0742984 5 
0 0.0750329 5 
0 0.0762501 5 
0 0.0777912 5 
0 0.0786134 5 
0 0.0791937 5 
0 0.0810248 5 
0 0.0833673 5 
0 0.0842442 5 
0 0.0876583 5 
0 0.0930365 5 
0 0.0933323 5 
0 0.107577 5 
0 0.114752 5 
0 0.119292 5 
0 0.120599 5 
0 0.125078 5 
0 0.125151 5 
0 0.126678 5 
0 0.127904 5 
0 0.128548 5 
0 0.14497 5 
0 0.145538 5 
0 0.189349 5 
0 0.206361 5 
0 0.216456 5 
0 0.259258 5 
0 0.299984 5 
0 0.308484 5 
0 0.30863 5 
0 0.380034 5 
0 0.409843 5 
0 0.412058 5 
0 0.419134 5 
0 0.422858 5 
0 0.430878 5 
0 0.433233 5 
0 0.433394 5 
0 0.441269 5 
0 0.449521 5 
0 0.449827 5 
0 0.500954 5 
0 0.503701 5 
0 0.521649 5 
0 0.530021 5 
0 0.530021 5 
0 0.530047 5 
0 0.534183 5 
0 0.536802 5 
0 0.539885 5 
0 0.576102 5 
0 0.576166 5 
0 0.578088 5 
0 0.720461 5 
0 0.839665 5 
0 0.904129 5 
0 0.953084 5 
0 1.29397 5 
0 1.40246 5 
0 1.43878 5 
0 1.5151 5 
0 1.57174 5 
0 1.58781 5 
0 1.5888 5 
0 1.59267 5 
0 1.59615 5 
0 1.7309 5 
0 1.85368 5 
0 1.8542 5 
0 1.85515 5 
0 1.86264 5 
0 1.87167 5 
0 1.9097 5 
0 1.93749 5 
0 1.9389 5 
0 1.95234 5 
0 2.3679 5 
0 2.66317 5 
0 2.66652 5 
0 2.7115 5 
0 inf 5 
0 0.0209797 6 
0 0.0214122 6 
0 0.0249705 6 
0 0.0277515 6 
0 0.0277537 6 
0 0.0293635 6 
0 0.0311771 6 
0 0.0314691 6 
0 0.0358369 6 
0 0.0378169 6 
0 0.0397137 6 
0 0.0397144 6 
0 0.043462 6 
0 0.0434622 6 
0 0.0453191 6 
0 0.0463225 6 
0 0.0465192 6 
0 0.0508514 6 
0 0.0526251 6 
0 0.0561633 6 
0 0.0584048 6 
0 0.0610142 6 
0 0.0636629 6 
0 0.0639506 6 
0 0.0643752 6 
0 0.0675724 6 
0 0.0681173 6 
0 0.069186 6 
0 0.069582 6 
0 0.0729271 6 
0 0.0740513 6 
0 0.0746695 6 
0 0.0756462 6 
0 0.0757656 6 
0 0.0768421 6 
0 0.0820405 6 
0 0.0836994 6 
0 0.084134 6 
0 0.0844604 6 
0 0.085542 6 
0 0.0883877 6 
0 0.0884907 6 
0 0.090133 6 
0 0.10125 6 
0 0.104899 6 
0 0.110936 6 
0 0.11634 6 
0 0.153638 6 
0 0.15834 6 
0 0.162963 6 
0 0.183832 6 
0 0.191804 6 
0 0.20993 6 
0 0.210276 6 
0 0.211975 6 
0 0.24168 6 
0 0.3009 6 
0 0.317943 6 
0 0.346704 6 
0 0.349862 6 
0 0.362116 6 
0 0.368075 6 
0 0.374075 6 
0 0.376294 6 
0 0.376518 6 
0 0.381618 6 
0 0.382986 6 
0 0.388686 6 
0 0.394102 6 
0 0.412383 6 
0 0.425105 6 
0 0.429023 6 
0 0.473824 6 
0 0.502235 6 
0 0.502527 6 
0 0.503656 6 
0 0.527389 6 
0 0.538946 6 
0 0.53949 6 
0 0.553352 6 
0 0.554575 6 
0 0.564121 6 
0 0.575754 6 
0 0.576709 6 
0 0.6168 6 
0 0.917306 6 
0 0.959979 6 
0 0.968665 6 
0 1.00799 6 
0 1.21108 6 
0 1.27918 6 
0 1.42084 6 
0 1.42097 6 
0 1.42516 6 
0 1.42792 6 
0 1.45881 6 
0 1.50729 6 
0 1.55589 6 
0 1.55806 6 
0 1.55863 6 
0 1.56838 6 
0 1.57127 6 
0 1.7486 6 
0 1.76593 6 
0 1.87679 6 
0 1.88065 6 
0 2.18978 6 
0 2.47839 6 
0 2.47839 6 
0 2.47965 6 
0 2.49427 6 
0 inf 6 
0 0.0165858 7 
0 0.0181722 7 
0 0.0263992 7 
0 0.027421 7 
0 0.0350536 7 
0 0.0378228 7 
0 0.040174 7 
0 0.0419599 7 
0 0.0440898 7 
0 0.0474948 7 
0 0.0488267 7 
0 0.0493863 7 
0 0.0513892 7 
0 0.0531439 7 
0 0.0536574 7 
0 0.0538295 7 
0 0.0538301 7 
0 0.0614609 7 
0 0.0614611 7 
0 0.0622079 7 
0 0.0643797 7 
0 0.0653648 7 
0 0.0731742 7 
0 0.0734316 7 
0 0.0749142 7 
0 0.0768459 7 
0 0.0776795 7 
0 0.0790808 7 
0 0.0795416 7 
0 0.0797694 7 
0 0.0837002 7 
0 0.0859652 7 
0 0.089214 7 
0 0.0937251 7 
0 0.0947961 7 
0 0.0951796 7 
0 0.104368 7 
0 0.104987 7 
0 0.106803 7 
0 0.109521 7 
0 0.112082 7 
0 0.13067 7 
0 0.140608 7 
0 0.157742 7 
0 0.209493 7 
0 0.221561 7 
0 0.222183 7 
0 0.225067 7 
0 0.225835 7 
0 0.226559 7 
0 0.227165 7 
0 0.233155 7 
0 0.238085 7 
0 0.284203 7 
0 0.289843 7 
0 0.290332 7 
0 0.30163 7 
0 0.362 7 
0 0.366275 7 
0 0.372408 7 
0 0.380958 7 
0 0.381727 7 
0 0.420508 7 
0 0.428338 7 
0 0.435284 7 
0 0.499523 7 
0 0.4996 7 
0 0.499708 7 
0 0.501815 7 
0 0.511391 7 
0 0.511709 7 
0 0.51348 7 
0 0.58918 7 
0 0.59542 7 
0 0.605998 7 
0 0.634438 7 
0 0.803437 7 
0 0.810358 7 
0 0.811795 7 
0 0.825058 7 
0 0.825113 7 
0 0.890593 7 
0 0.934187 7 
0 1.05108 7 
0 1.12086 7 
0 1.21847 7 
0 1.28702 7 
0 1.38999 7 
0 1.41888 7 
0 1.4385 7 
0 1.55137 7 
0 1.5553 7 
0 1.55805 7 
0 1.58853 7 
0 1.59513 7 
0 1.61572 7 
0 1.61997 7 
0 1.66224 7 
0 1.66439 7 
0 1.81731 7 
0 1.86262 7 
0 1.86374 7 
0 1.8638 7 
0 1.87307 7 
0 1.88057 7 
0 1.96107 7 
0 2.15232 7 
0 inf 7 
0 0.03372 8 
0 0.0380632 8 
0 0.049573 8 
0 0.0497575 8 
0 0.0522741 8 
0 0.0538302 8 
0 0.0579319 8 
0 0.0590328 8 
0 0.0601074 8 
0 0.0602632 8 
0 0.0610161 8 
0 0.061763 8 
0 0.0639494 8 
0 0.0714017 8 
0 0.0728017 8 
0 0.0759948 8 
0 0.0767255 8 
0 0.077793 8 
0 0.0781476 8 
0 0.0819251 8 
0 0.0823712 8 
0 0.0828197 8 
0 0.0836972 8 
0 0.0858588 8 
0 0.0862864 8 
0 0.0871332 8 
0 0.0880798 8 
0 0.0944088 8 
0 0.0984969 8 
0 0.102241 8 
0 0.10969 8 
0 0.112333 8 
0 0.119836 8 
0 0.120446 8 
0 0.125368 8 
0 0.161553 8 
0 0.179809 8 
0 0.181234 8 
0 0.183496 8 
0 0.192374 8 
0 0.20046 8 
0 0.204984 8 
0 0.206184 8 
0 0.208963 8 
0 0.2226 8 
0 0.227562 8 
0 0.252377 8 
0 0.288155 8 
0 0.299336 8 
0 0.299831 8 
0 0.305161 8 
0 0.308888 8 
0 0.311239 8 
0 0.322572 8 
0 0.326811 8 
0 0.329568 8 
0 0.330159 8 
0 0.363143 8 
0 0.394879 8 
0 0.405964 8 
0 0.417721 8 
0 0.420704 8 
0 0.428809 8 
0 0.433527 8 
0 0.462206 8 
0 0.498679 8 
0 0.504372 8 
0 0.504372 8 
0 0.529518 8 
0 0.530587 8 
0 0.532605 8 
0 0.566727 8 
0 0.569552 8 
0 0.5823 8 
0 0.609216 8 
0 0.891348 8 
0 0.925989 8 
0 0.965296 8 
0 0.999772 8 
0 1.04285 8 
0 1.05575 8 
0 1.06097 8 
0 1.07727 8 
0 1.21956 8 
0 1.28856 8 
0 1.36229 8 
0 1.43117 8 
0 1.43124 8 
0 1.45796 8 
0 1.49645 8 
0 1.51678 8 
0 1.55487 8 
0 1.55544 8 
0 1.55637 8 
0 1.55891 8 
0 1.56229 8 
0 1.75062 8 
0 1.84308 8 
0 1.84387 8 
0 1.85433 8 
0 1.86644 8 
0 1.86666 8 
0 1.87884 8 
0 inf 8 
0 0.0181686 9 
0 0.028082 9 
0 0.0473032 9 
0 0.0490027 9 
0 0.0510324 9 
0 0.0551758 9 
0 0.0571356 9 
0 0.0577735 9 
0 0.0577743 9 
0 0.0626472 9 
0 0.0681167 9 
0 0.0697114 9 
0 0.0734271 9 
0 0.07637 9 
0 0.0767234 9 
0 0.0768424 9 
0 0.0779152 9 
0 0.0790809 9 
0 0.0800029 9 
0 0.0871324 9 
0 0.0871353 9 
0 0.0974647 9 
0 0.100433 9 
0 0.104286 9 
0 0.113306 9 
0 0.115866 9 
0 0.120826 9 
0 0.126176 9 
0 0.129253 9 
0 0.167402 9 
0 0.169084 9 
0 0.175702 9 
0 0.186556 9 
0 0.187354 9 
0 0.193474 9 
0 0.207949 9 
0 0.210963 9 
0 0.221782 9 
0 0.223875 9 
0 0.226345 9 
0 0.237153 9 
0 0.242441 9 
0 0.245023 9 
0 0.257867 9 
0 0.262937 9 
0 0.276042 9 
0 0.279213 9 
0 0.30357 9 
0 0.307711 9 
0 0.331334 9 
0 0.339032 9 
0 0.339767 9 
0 0.341618 9 
0 0.409635 9 
0 0.413737 9 
0 0.430878 9 
0 0.433191 9 
0 0.438577 9 
0 0.464266 9 
0 0.465563 9 
0 0.466272 9 
0 0.497298 9 
0 0.506571 9 
0 0.506571 9 
0 0.528664 9 
0 0.569749 9 
0 0.572879 9 
0 0.820315 9 
0 0.821621 9 
0 0.840911 9 
0 0.850116 9 
0 0.859812 9 
0 0.883005 9 
0 0.952345 9 
0 0.968241 9 
0 1.04229 9 
0 1.04264 9 
0 1.19174 9 
0 1.27296 9 
0 1.34924 9 
0 1.36291 9 
0 1.41365 9 
0 1.41531 9 
0 1.42152 9 
0 1.44546 9 
0 1.47558 9 
0 1.47606 9 
0 1.55421 9 
0 1.55442 9 
0 1.55855 9 
0 1.56739 9 
0 1.56747 9 
0 1.61888 9 
0 1.61908 9 
0 1.84231 9 
0 1.84238 9 
0 1.86195 9 
0 1.90986 9 
0 1.90987 9 
0 inf 9 
0 0.0277535 10 
0 0.0445059 10 
0 0.0504777 10 
0 0.0569751 10 
0 0.0656484 10 
0 0.0670272 10 
0 0.0671641 10 
0 0.067305 10 
0 0.0689194 10 
0 0.074052 10 
0 0.0763688 10 
0 0.079079 10 
0 0.0806884 10 
0 0.0818137 10 
0 0.102423 10 
0 0.102426 10 
0 0.106986 10 
0 0.114502 10 
0 0.121656 10 
0 0.126812 10 
0 0.134267 10 
0 0.13508 10 
0 0.139845 10 
0 0.14198 10 
0 0.147845 10 
0 0.160922 10 
0 0.188269 10 
0 0.197461 10 
0 0.21275 10 
0 0.216697 10 
0 0.220772 10 
0 0.249814 10 
0 0.251392 10 
0 0.255359 10 
0 0.256914 10 
0 0.261861 10 
0 0.267985 10 
0 0.276832 10 
0 0.280672 10 
0 0.288884 10 
0 0.289689 10 
0 0.313877 10 
0 0.323864 10 
0 0.357061 10 
0 0.360823 10 
0 0.360823 10 
0 0.361002 10 
0 0.37462 10 
0 0.374914 10 
0 0.409531 10 
0 0.410472 10 
0 0.413542 10 
0 0.432683 10 
0 0.452219 10 
0 0.466766 10 
0 0.497427 10 
0 0.50007 10 
0 0.500949 10 
0 0.512317 10 
0 0.51289 10 
0 0.53645 10 
0 0.53773 10 
0 0.599895 10 
0 0.689728 10 
0 0.75454 10 
0 0.781369 10 
0 0.783619 10 
0 0.792236 10 
0 0.793127 10 
0 0.794375 10 
0 0.951266 10 
0 0.955449 10 
0 0.989197 10 
0 1.14371 10 
0 1.24176 10 
0 1.41096 10 
0 1.41158 10 
0 1.42544 10 
0 1.42544 10 
0 1.42585 10 
0 1.44095 10 
0 1.5521 10 
0 1.55321 10 
0 1.57626 10 
0 1.59584 10 
0 1.60304 10 
0 1.60449 10 
0 1.60756 10 
0 1.64874 10 
0 1.65049 10 
0 1.84495 10 
0 1.8462 10 
0 1.86345 10 
0 1.86362 10 
0 1.86369 10 
0 inf 10 
0 0.0230658 11 
0 0.0392491 11 
0 0.0549985 11 
0 0.0622065 11 
0 0.0677113 11 
0 0.075517 11 
0 0.0803432 11 
0 0.0876641 11 
0 0.0928394 11 
0 0.0984031 11 
0 0.105779 11 
0 0.112331 11 
0 0.112806 11 
0 0.115076 11 
0 0.141055 11 
0 0.142679 11 
0 0.163689 11 
0 0.165304 11 
0 0.179731 11 
0 0.180982 11 
0 0.188121 11 
0 0.190591 11 
0 0.199899 11 
0 0.215044 11 
0 0.24589 11 
0 0.251869 11 
0 0.253171 11 
0 0.253826 11 
0 0.255363 11 
0 0.265631 11 
0 0.269232 11 
0 0.278956 11 
0 0.295272 11 
0 0.308126 11 
0 0.3193 11 
0 0.331866 11 
0 0.334508 11 
0 0.336765 11 
0 0.33734 11 
0 0.340508 11 
0 0.341234 11 
0 0.410878 11 
0 0.413104 11 
0 0.431948 11 
0 0.434354 11 
0 0.438526 11 
0 0.448924 11 
0 0.450962 11 
0 0.478414 11 
0 0.479439 11 
0 0.484101 11 
0 0.484386 11 
0 0.491589 11 
0 0.492169 11 
0 0.497485 11 
0 0.497485 11 
0 0.502783 11 
0 0.524334 11 
0 0.533437 11 
0 0.588368 11 
0 0.590546 11 
0 0.638874 11 
0 0.745195 11 
0 0.757481 11 
0 0.781881 11 
0 0.817232 11 
0 0.817243 11 
0 0.824049 11 
0 0.895326 11 
0 0.923973 11 
0 0.94471 11 
0 0.946882 11 
0 1.10173 11 
0 1.12536 11 
0 1.13313 11 
0 1.35087 11 
0 1.41212 11 
0 1.41217 11 
0 1.41595 11 
0 1.41875 11 
0 1.41892 11 
0 1.55095 11 
0 1.55104 11 
0 1.57219 11 
0 1.57289 11 
0 1.57292 11 
0 1.843 11 
0 1.8436 11 
0 1.84509 11 
0 1.84527 11 
0 1.84641 11 
0 inf 11 
0 0.0480578 12 
0 0.0650733 12 
0 0.113708 12 
0 0.116814 12 
0 0.124718 12 
0 0.127118 12 
0 0.130013 12 
0 0.14798 12 
0 0.152739 12 
0 0.176492 12 
0 0.177758 12 
0 0.178815 12 
0 0.183033 12 
0 0.183683 12 
0 0.185184 12 
0 0.203745 12 
0 0.203778 12 
0 0.208527 12 
0 0.209427 12 
0 0.214074 12 
0 0.2301 12 
0 0.231195 12 
0 0.23805 12 
0 0.252627 12 
0 0.260176 12 
0 0.266046 12 
0 0.266047 12 
0 0.272973 12 
0 0.27896 12 
0 0.283223 12 
0 0.288929 12 
0 0.289634 12 
0 0.292501 12 
0 0.311236 12 
0 0.319901 12 
0 0.320278 12 
0 0.346494 12 
0 0.362243 12 
0 0.364875 12 
0 0.365036 12 
0 0.367345 12 
0 0.367869 12 
0 0.375145 12 
0 0.37712 12 
0 0.39118 12 
0 0.397379 12 
0 0.413496 12 
0 0.415788 12 
0 0.439592 12 
0 0.441373 12 
0 0.447316 12 
0 0.4617 12 
0 0.512261 12 
0 0.512722 12 
0 0.513406 12 
0 0.514633 12 
0 0.516485 12 
0 0.516538 12 
0 0.517237 12 
0 0.534355 12 
0 0.558655 12 
0 0.616941 12 
0 0.692778 12 
0 0.791609 12 
0 0.838611 12 
0 0.83966 12 
0 0.934549 12 
0 0.934549 12 
0 0.935334 12 
0 1.34641 12 
0 1.36781 12 
0 1.41034 12 
0 1.41363 12 
0 1.47442 12 
0 1.47454 12 
0 1.47462 12 
0 1.50564 12 
0 1.55452 12 
0 1.55521 12 
0 1.55569 12 
0 1.55598 12 
0 1.55937 12 
0 1.84227 12 
0 1.84443 12 
0 1.85682 12 
0 1.85682 12 
0 1.85731 12 
0 inf 12 
0 0.0253112 13 
0 0.0729227 13 
0 0.105866 13 
0 0.112153 13 
0 0.123748 13 
0 0.148268 13 
0 0.170162 13 
0 0.191293 13 
0 0.191847 13 
0 0.1967 13 
0 0.207161 13 
0 0.213631 13 
0 0.225788 13 
0 0.226541 13 
0 0.237244 13 
0 0.238134 13 
0 0.259309 13 
0 0.264905 13 
0 0.274181 13 
0 0.275282 13 
0 0.279256 13 
0 0.281317 13 
0 0.281415 13 
0 0.286896 13 
0 0.293058 13 
0 0.293387 13 
0 0.293995 13 
0 0.30063 13 
0 0.302009 13 
0 0.302969 13 
0 0.30313 13 
0 0.310353 13 
0 0.312779 13 
0 0.313482 13 
0 0.314851 13 
0 0.317288 13 
0 0.320081 13 
0 0.323596 13 
0 0.32634 13 
0 0.332491 13 
0 0.335532 13 
0 0.346826 13 
0 0.37191 13 
0 0.371935 13 
0 0.37223 13 
0 0.402583 13 
0 0.411239 13 
0 0.44563 13 
0 0.493279 13 
0 0.509412 13 
0 0.651945 13 
0 0.660343 13 
0 0.663046 13 
0 0.664703 13 
0 0.798954 13 
0 0.851792 13 
0 0.852007 13 
0 0.853072 13 
0 0.874896 13 
0 0.883799 13 
0 0.942474 13 
0 0.973559 13 
0 1.17965 13 
0 1.29114 13 
0 1.29892 13 
0 1.40958 13 
0 1.41467 13 
0 1.47764 13 
0 1.47766 13 
0 1.47806 13 
0 1.54983 13 
0 1.55112 13 
0 1.55154 13 
0 1.55432 13 
0 1.5546 13 
0 1.56671 13 
0 1.56681 13 
0 1.56684 13 
0 1.84496 13 
0 1.84814 13 
0 1.91058 13 
0 1.91063 13 
0 1.91362 13 
0 inf 13 
0 0.0299567 14 
0 0.0905372 14 
0 0.110521 14 
0 0.118907 14 
0 0.12683 14 
0 0.131206 14 
0 0.132538 14 
0 0.162227 14 
0 0.181571 14 
0 0.193331 14 
0 0.195434 14 
0 0.195669 14 
0 0.203031 14 
0 0.208813 14 
0 0.209383 14 
0 0.234476 14 
0 0.242134 14 
0 0.243578 14 
0 0.261036 14 
0 0.263553 14 
0 0.265391 14 
0 0.265689 14 
0 0.272178 14 
0 0.272178 14 
0 0.286413 14 
0 0.288397 14 
0 0.288397 14 
0 0.289774 14 
0 0.290425 14 
0 0.291559 14 
0 0.296393 14 
0 0.315723 14 
0 0.321658 14 
0 0.331771 14 
0 0.334451 14 
0 0.336201 14 
0 0.336229 14 
0 0.348792 14 
0 0.349212 14 
0 0.354781 14 
0 0.368652 14 
0 0.370562 14 
0 0.371353 14 
0 0.373593 14 
0 0.445443 14 
0 0.510134 14 
0 0.565412 14 
0 0.787393 14 
0 0.81157 14 
0 0.811705 14 
0 0.812157 14 
0 0.81859 14 
0 0.824961 14 
0 0.952641 14 
0 0.9556 14 
0 0.955831 14 
0 0.957867 14 
0 0.965925 14 
0 0.982776 14 
0 0.988599 14 
0 1.03287 14 
0 1.03332 14 
0 1.40912 14 
0 1.41893 14 
0 1.43363 14 
0 1.43366 14 
0 1.43374 14 
0 1.48295 14 
0 1.49305 14 
0 1.49307 14 
0 1.55413 14 
0 1.63097 14 
0 1.63144 14 
0 1.6316 14 
0 1.84208 14 
0 1.84597 14 
0 1.86973 14 
0 1.87001 14 
0 1.87011 14 
0 inf 14 
0 0.0577719 15 
0 0.0710161 15 
0 0.109848 15 
0 0.112988 15 
0 0.113957 15 
0 0.114279 15 
0 0.116189 15 
0 0.124337 15 
0 0.147795 15 
0 0.196624 15 
0 0.206027 15 
0 0.206383 15 
0 0.210257 15 
0 0.211344 15 
0 0.220652 15 
0 0.220821 15 
0 0.221605 15 
0 0.225669 15 
0 0.259956 15 
0 0.26489 15 
0 0.265718 15 
0 0.266651 15 
0 0.266652 15 
0 0.273574 15 
0 0.277474 15 
0 0.284047 15 
0 0.284982 15 
0 0.285208 15 
0 0.285465 15 
0 0.285593 15 
0 0.311653 15 
0 0.329231 15 
0 0.33159 15 
0 0.345751 15 
0 0.358891 15 
0 0.358994 15 
0 0.3593 15 
0 0.361437 15 
0 0.382959 15 
0 0.421573 15 
0 0.442698 15 
0 0.462458 15 
0 0.473994 15 
0 0.47469 15 
0 0.499799 15 
0 0.563868 15 
0 0.564209 15 
0 0.565102 15 
0 0.613244 15 
0 0.716413 15 
0 0.828273 15 
0 0.828394 15 
0 0.829014 15 
0 0.829014 15 
0 0.959759 15 
0 1.03305 15 
0 1.03461 15 
0 1.03645 15 
0 1.14547 15 
0 1.30338 15 
0 1.42374 15 
0 1.42465 15 
0 1.42517 15 
0 1.42518 15 
0 1.55565 15 
0 1.58305 15 
0 1.5831 15 
0 1.58329 15 
0 1.61192 15 
0 1.61986 15 
0 1.62102 15 
0 1.84971 15 
0 1.85196 15 
0 1.85227 15 
0 1.85255 15 
0 inf 15 
0 0.0290235 16 
0 0.0334288 16 
0 0.0517334 16 
0 0.0517334 16 
0 0.0836997 16 
0 0.131863 16 
0 0.150564 16 
0 0.155008 16 
0 0.164137 16 
0 0.168989 16 
0 0.2073 16 
0 0.213539 16 
0 0.233756 16 
0 0.23385 16 
0 0.233919 16 
0 0.234344 16 
0 0.235101 16 
0 0.235164 16 
0 0.236041 16 
0 0.236656 16 
0 0.237956 16 
0 0.25081 16 
0 0.275363 16 
0 0.276195 16 
0 0.276228 16 
0 0.281685 16 
0 0.306518 16 
0 0.320784 16 
0 0.346429 16 
0 0.34854 16 
0 0.34854 16 
0 0.381058 16 
0 0.384605 16 
0 0.391733 16 
0 0.392014 16 
0 0.392084 16 
0 0.394694 16 
0 0.430984 16 
0 0.467004 16 
0 0.486619 16 
0 0.487015 16 
0 0.488086 16 
0 0.488762 16 
0 0.515995 16 
0 0.556372 16 
0 0.777179 16 
0 0.802808 16 
0 0.825797 16 
0 0.826408 16 
0 0.826408 16 
0 0.826596 16 
0 0.913414 16 
0 0.96121 16 
0 0.986793 16 
0 1.00288 16 
0 1.00305 16 
0 1.11291 16 
0 1.20923 16 
0 1.27473 16 
0 1.43649 16 
0 1.43672 16 
0 1.4368 16 
0 1.43764 16 
0 1.55586 16 
0 1.55838 16 
0 1.55917 16 
0 1.55919 16 
0 1.85316 16 
0 1.85326 16 
0 1.85332 16 
0 1.85338 16 
0 inf 16 
0 0.0564798 17 
0 0.0582356 17 
0 0.0614561 17 
0 0.130804 17 
0 0.154944 17 
0 0.155003 17 
0 0.156358 17 
0 0.176315 17 
0 0.215435 17 
0 0.220656 17 
0 0.220656 17 
0 0.220656 17 
0 0.220656 17 
0 0.233799 17 
0 0.2347 17 
0 0.237187 17 
0 0.241894 17 
0 0.261546 17 
0 0.292113 17 
0 0.296969 17 
0 0.29774 17 
0 0.349554 17 
0 0.350942 17 
0 0.351255 17 
0 0.352115 17 
0 0.356836 17 
0 0.379163 17 
0 0.388308 17 
0 0.399964 17 
0 0.402706 17 
0 0.403252 17 
0 0.424155 17 
0 0.42608 17 
0 0.42897 17 
0 0.429413 17 
0 0.435788 17 
0 0.437815 17 
0 0.486545 17 
0 0.49809 17 
0 0.499773 17 
0 0.500588 17 
0 0.501586 17 
0 0.501604 17 
0 0.840471 17 
0 0.840852 17 
0 0.841387 17 
0 0.842922 17 
0 0.872512 17 
0 0.875502 17 
0 0.87613 17 
0 1.06761 17 
0 1.07883 17 
0 1.08575 17 
0 1.08622 17 
0 1.43524 17 
0 1.43525 17 
0 1.4353 17 
0 1.43552 17 
0 1.46672 17 
0 1.55963 17 
0 1.56119 17 
0 1.56126 17 
0 1.56128 17 
0 1.86256 17 
0 1.86256 17 
0 1.86256 17 
0 1.86341 17 
0 inf 17 
0 0.117428 18 
0 0.117428 18 
0 0.120511 18 
0 0.121118 18 
0 0.150201 18 
0 0.150627 18 
0 0.151841 18 
0 0.159153 18 
0 0.221765 18 
0 0.222426 18 
0 0.22293 18 
0 0.225506 18 
0 0.226713 18 
0 0.226844 18 
0 0.227329 18 
0 0.240768 18 
0 0.245594 18 
0 0.280926 18 
0 0.309988 18 
0 0.311846 18 
0 0.311993 18 
0 0.311993 18 
0 0.313468 18 
0 0.327881 18 
0 0.327909 18 
0 0.328553 18 
0 0.329334 18 
0 0.33089 18 
0 0.421357 18 
0 0.421379 18 
0 0.424954 18 
0 0.429002 18 
0 0.429108 18 
0 0.4309 18 
0 0.458996 18 
0 0.497162 18 
0 0.499232 18 
0 0.5009 18 
0 0.5009 18 
0 0.520993 18 
0 0.521328 18 
0 0.521416 18 
0 0.822251 18 
0 0.8247 18 
0 0.824934 18 
0 0.832503 18 
0 1.09924 18 
0 1.10645 18 
0 1.10774 18 
0 1.24034 18 
0 1.44335 18 
0 1.44335 18 
0 1.44363 18 
0 1.45836 18 
0 1.50221 18 
0 1.56501 18 
0 1.56698 18 
0 1.56698 18 
0 1.56698 18 
0 1.86187 18 
0 1.86195 18 
0 1.86211 18 
0 1.8622 18 
0 inf 18 
0 0.105419 19 
0 0.105767 19 
0 0.109599 19 
0 0.120745 19 
0 0.121878 19 
0 0.134744 19 
0 0.216298 19 
0 0.217932 19 
0 0.217947 19 
0 0.221438 19 
0 0.221948 19 
0 0.222471 19 
0 0.224782 19 
0 0.243427 19 
0 0.250581 19 
0 0.250581 19 
0 0.25175 19 
0 0.260535 19 
0 0.26057 19 
0 0.262219 19 
0 0.280758 19 
0 0.293657 19 
0 0.296052 19 
0 0.301813 19 
0 0.302783 19 
0 0.303025 19 
0 0.376862 19 
0 0.422856 19 
0 0.422878 19 
0 0.424263 19 
0 0.433488 19 
0 0.434502 19 
0 0.435535 19 
0 0.497777 19 
0 0.497777 19 
0 0.499928 19 
0 0.568536 19 
0 0.607822 19 
0 0.608184 19 
0 0.785597 19 
0 0.805384 19 
0 0.805691 19 
0 0.805725 19 
0 0.806579 19 
0 1.09215 19 
0 1.09357 19 
0 1.09376 19 
0 1.33633 19 
0 1.43256 19 
0 1.43317 19 
0 1.43323 19 
0 1.43324 19 
0 1.49889 19 
0 1.57965 19 
0 1.58104 19 
0 1.58106 19 
0 1.87022 19 
0 1.87052 19 
0 1.87054 19 
0 inf 19 
0 0.0803386 20 
0 0.082033 20 
0 0.0853202 20 
0 0.107153 20 
0 0.111267 20 
0 0.120901 20 
0 0.128904 20 
0 0.133928 20 
0 0.148536 20 
0 0.158277 20 
0 0.176051 20 
0 0.208042 20 
0 0.208746 20 
0 0.214809 20 
0 0.237977 20 
0 0.24085 20 
0 0.243456 20 
0 0.243456 20 
0 0.246113 20 
0 0.247935 20 
0 0.249774 20 
0 0.249921 20 
0 0.273609 20 
0 0.279183 20 
0 0.307024 20 
0 0.307979 20 
0 0.311767 20 
0 0.344384 20 
0 0.43041 20 
0 0.431091 20 
0 0.433467 20 
0 0.43687 20 
0 0.43687 20 
0 0.437206 20 
0 0.500203 20 
0 0.500295 20 
0 0.5011 20 
0 0.501453 20 
0 0.597935 20 
0 0.598012 20 
0 0.787872 20 
0 0.787976 20 
0 1.14111 20 
0 1.14263 20 
0 1.18742 20 
0 1.32513 20 
0 1.42508 20 
0 1.42524 20 
0 1.50963 20 
0 1.57577 20 
0 1.57663 20 
0 1.57668 20 
0 1.86261 20 
0 1.86262 20 
0 3.51429 20 
0 inf 20 
