5.26844 8.75453 1 
1.53403 1.55576 1 
0.847346 2.21181 1 
0.201808 0.260033 1 
0.194509 0.200021 1 
0.187787 0.297405 1 
0.184839 0.22878 1 
0.112732 0.116492 1 
0.106582 0.120889 1 
0.103328 0.112889 1 
0.0934614 0.101574 1 
0.0771285 0.0904234 1 
0.0726903 0.0754798 1 
0.0618744 0.102275 1 
0.0617281 0.0656779 1 
0.03816 0.0408891 1 
0.0376758 0.0379103 1 
0.0341798 0.0367156 1 
0.0339156 0.0402193 1 
0.0322875 0.0379191 1 
0.0322856 0.0333807 1 
0.0311453 0.0379103 1 
0.0290548 0.0311453 1 
6.45059 6.55666 2 
6.44814 6.4499 2 
4.07651 6.5591 2 
0.704861 2.98238 2 
0.300139 0.367299 2 
0.225213 0.285435 2 
0.21845 0.238852 2 
0.209375 0.222318 2 
0.205694 0.223733 2 
0.188603 0.213628 2 
0.169044 0.173041 2 
0.149953 0.151262 2 
0.119241 0.166909 2 
0.0692747 0.0838323 2 
0.0612857 0.136058 2 
0.0611487 0.06979 2 
0.0562447 0.0627394 2 
0.0468274 0.048338 2 
0.0406687 0.0410959 2 
0.0388559 0.0452659 2 
0.0354701 0.040664 2 
4.65362 4.83636 3 
4.64971 4.8349 3 
4.31555 4.83889 3 
0.675989 0.685532 3 
0.645317 3.03094 3 
0.241836 0.256969 3 
0.240195 0.257284 3 
0.203056 0.205209 3 
0.202339 0.204289 3 
0.19461 0.1958 3 
0.189784 0.261371 3 
0.173615 0.188268 3 
0.161048 0.194466 3 
0.0990637 0.10131 3 
0.0887318 0.140031 3 
0.0544626 0.0557679 3 
0.0529544 0.057197 3 
0.0470171 0.047587 3 
0.0448674 0.0498062 3 
0.0442625 0.0483365 3 
0.0397696 0.0460524 3 
0.0383849 0.0404376 3 
2.62398 2.63632 4 
1.15697 2.71436 4 
1.15395 1.1777 4 
0.224568 0.251316 4 
0.198397 0.251986 4 
0.193351 0.234898 4 
0.165885 0.172632 4 
0.16409 0.187068 4 
0.160544 0.185959 4 
0.103414 0.124616 4 
0.0647129 0.0649894 4 
0.0481536 0.0505249 4 
0.0474011 0.0519282 4 
2.28293 2.35096 5 
1.67199 2.37681 5 
0.482358 0.48379 5 
0.207908 0.213411 5 
0.199888 0.21659 5 
0.19428 0.226205 5 
0.171895 0.173664 5 
0.15858 0.175317 5 
0.123961 0.125258 5 
0.05511 0.0584379 5 
0.0546244 0.055444 5 
0.0531172 0.0532901 5 
0.0446627 0.0505194 5 
2.36902 2.408 6 
2.35944 2.4162 6 
2.12838 2.14364 6 
2.12564 2.13988 6 
2.08688 2.14738 6 
1.71926 2.20374 6 
0.561773 0.566507 6 
0.503482 0.507378 6 
0.487011 0.493351 6 
0.181664 0.192937 6 
0.171684 0.196258 6 
0.0990575 0.110791 6 
0.0633039 0.0686238 6 
2.41991 2.52077 7 
1.94874 2.08494 7 
1.86563 1.88532 7 
1.86487 1.90376 7 
1.77678 1.80054 7 
1.74766 1.94452 7 
1.7291 1.97717 7 
0.46053 0.466465 7 
0.187117 0.191152 7 
0.130389 0.132034 7 
0.0831798 0.0839331 7 
2.09021 2.12074 8 
1.79151 2.12385 8 
1.77748 1.88362 8 
1.68107 1.70064 8 
1.62839 1.68086 8 
1.40716 1.90739 8 
1.3454 1.7198 8 
0.524329 0.535441 8 
0.132245 0.139391 8 
0.124327 0.134666 8 
1.40112 1.45109 9 
1.34018 1.46695 9 
0.0862606 0.0876093 9 
0.0664908 0.0746419 9 
1.75827 2.14885 10 
1.69202 2.06474 10 
1.32889 1.34222 10 
1.16361 1.25475 10 
1.07754 1.08398 10 
0.669943 0.68278 10 
0.520145 0.554159 10 
0.355029 0.377269 10 
0.129285 0.133462 10 
1.51518 1.59267 11 
1.45106 1.48369 11 
1.31301 1.33363 11 
1.29923 1.49224 11 
1.29882 1.44751 11 
1.11378 1.12752 11 
1.05753 1.07717 11 
1.00668 1.00791 11 
0.999761 1.02822 11 
0.456337 0.495821 11 
1.46798 1.49522 12 
1.46248 1.48403 12 
1.07765 1.12231 12 
0.889983 0.917133 12 
0.852435 0.913254 12 
0.827176 1.16949 12 
0.400594 0.404439 12 
1.80009 1.80635 13 
1.8 1.80631 13 
1.79981 1.80569 13 
1.10107 1.18753 13 
0.496296 0.497669 13 
0.397328 0.428999 13 
0.245971 0.246571 13 
2.15452 2.17046 14 
2.15349 2.16885 14 
2.15055 2.16989 14 
1.75689 1.97956 15 
1.6119 2.01379 15 
1.61145 2.08272 15 
1.42101 1.42964 15 
0.407357 0.416529 15 
1.5122 1.75633 16 
1.51194 1.65765 16 
1.21589 1.2475 16 
0.324677 0.338662 16 
0.216703 0.224413 16 
0.214031 0.228854 16 
0.821084 0.94049 17 
0.813 0.90367 17 
0.222957 0.223691 17 
0.221946 0.222118 17 
0.221623 0.226763 17 
0.575681 0.590322 20 
