0 0.0219161 1 
0 0.024229 1 
0 0.0253051 1 
0 0.02634 1 
0 0.0268404 1 
0 0.0282928 1 
0 0.0282932 1 
0 0.0282932 1 
0 0.0282935 1 
0 0.0305603 1 
0 0.0305603 1 
0 0.0309937 1 
0 0.0322593 1 
0 0.0330754 1 
0 0.0346515 1 
0 0.0368901 1 
0 0.0379596 1 
0 0.038654 1 
0 0.0389994 1 
0 0.0413243 1 
0 0.0413243 1 
0 0.041325 1 
0 0.0419657 1 
0 0.0435264 1 
0 0.04383 1 
0 0.0459137 1 
0 0.0467766 1 
0 0.0473435 1 
0 0.0498148 1 
0 0.0526787 1 
0 0.0534305 1 
0 0.0534328 1 
0 0.0553947 1 
0 0.0568215 1 
0 0.0570517 1 
0 0.0572948 1 
0 0.0577549 1 
0 0.0579831 1 
0 0.0579864 1 
0 0.0579868 1 
0 0.0586692 1 
0 0.0595711 1 
0 0.060682 1 
0 0.0609017 1 
0 0.0609021 1 
0 0.0615548 1 
0 0.0617709 1 
0 0.0624165 1 
0 0.0626292 1 
0 0.0628423 1 
0 0.0632653 1 
0 0.0634763 1 
0 0.0641038 1 
0 0.0641049 1 
0 0.0645177 1 
0 0.0651348 1 
0 0.0669519 1 
0 0.0691082 1 
0 0.0696869 1 
0 0.0706383 1 
0 0.07139 1 
0 0.0713905 1 
0 0.0721336 1 
0 0.0743191 1 
0 0.0743207 1 
0 0.0753913 1 
0 0.0755686 1 
0 0.0783365 1 
0 0.07919 1 
0 0.0793521 1 
0 0.0793559 1 
0 0.0818351 1 
0 0.0837705 1 
0 0.0850335 1 
0 0.0870525 1 
0 0.0899136 1 
0 0.0905072 1 
0 0.0918207 1 
0 0.0926921 1 
0 0.0944044 1 
0 0.0962227 1 
0 0.0976063 1 
0 0.111265 1 
0 0.120812 1 
0 0.1315 1 
0 0.133701 1 
0 0.140997 1 
0 0.143995 1 
0 0.144263 1 
0 0.144541 1 
0 0.169835 1 
0 0.17085 1 
0 0.171475 1 
0 0.17179 1 
0 0.174944 1 
0 0.175702 1 
0 0.179465 1 
0 0.187602 1 
0 0.197244 1 
0 0.204226 1 
0 0.215664 1 
0 0.24339 1 
0 0.259157 1 
0 0.264346 1 
0 0.281987 1 
0 0.29033 1 
0 0.304596 1 
0 0.344666 1 
0 0.345272 1 
0 0.350041 1 
0 0.360968 1 
0 0.378094 1 
0 0.390506 1 
0 0.398887 1 
0 0.41964 1 
0 0.442784 1 
0 0.45596 1 
0 0.501471 1 
0 0.517199 1 
0 0.954962 1 
0 1.4761 1 
0 1.81087 1 
0 2.36218 1 
0 2.6437 1 
0 2.71939 1 
0 3.11605 1 
0 3.91142 1 
0 5.56809 1 
0 6.38914 1 
0 6.69269 1 
0 6.69397 1 
0 inf 1 
0 0.0200063 2 
0 0.0236712 2 
0 0.0263396 2 
0 0.0278179 2 
0 0.0278179 2 
0 0.0282928 2 
0 0.0309937 2 
0 0.0309937 2 
0 0.0309937 2 
0 0.0322587 2 
0 0.0322588 2 
0 0.0346521 2 
0 0.0368901 2 
0 0.0376068 2 
0 0.0376068 2 
0 0.0393402 2 
0 0.0396769 2 
0 0.0396782 2 
0 0.0416467 2 
0 0.0422821 2 
0 0.0438347 2 
0 0.0447356 2 
0 0.045913 2 
0 0.046776 2 
0 0.0481818 2 
0 0.0481818 2 
0 0.0490054 2 
0 0.0500818 2 
0 0.0526787 2 
0 0.0526787 2 
0 0.0534332 2 
0 0.0541776 2 
0 0.0553948 2 
0 0.0561131 2 
0 0.0563495 2 
0 0.0586661 2 
0 0.059123 2 
0 0.0613379 2 
0 0.0619873 2 
0 0.065135 2 
0 0.0663546 2 
0 0.0685286 2 
0 0.0710138 2 
0 0.0710155 2 
0 0.0713865 2 
0 0.0715765 2 
0 0.0721324 2 
0 0.0721324 2 
0 0.0721325 2 
0 0.0734184 2 
0 0.0767923 2 
0 0.076797 2 
0 0.0771389 2 
0 0.0808543 2 
0 0.0810195 2 
0 0.0836154 2 
0 0.0848798 2 
0 0.0848798 2 
0 0.0855056 2 
0 0.0896202 2 
0 0.0926932 2 
0 0.0959512 2 
0 0.0980095 2 
0 0.100961 2 
0 0.102408 2 
0 0.10459 2 
0 0.106987 2 
0 0.108477 2 
0 0.113874 2 
0 0.117678 2 
0 0.118812 2 
0 0.125361 2 
0 0.128311 2 
0 0.13241 2 
0 0.13241 2 
0 0.144363 2 
0 0.144457 2 
0 0.152274 2 
0 0.159297 2 
0 0.168576 2 
0 0.169993 2 
0 0.176314 2 
0 0.180276 2 
0 0.180348 2 
0 0.184517 2 
0 0.184808 2 
0 0.1881 2 
0 0.196088 2 
0 0.208613 2 
0 0.217447 2 
0 0.222247 2 
0 0.253798 2 
0 0.269303 2 
0 0.273673 2 
0 0.276128 2 
0 0.291079 2 
0 0.292116 2 
0 0.329848 2 
0 0.335484 2 
0 0.366504 2 
0 0.37114 2 
0 0.373013 2 
0 0.37982 2 
0 0.386984 2 
0 0.388649 2 
0 0.390599 2 
0 0.397674 2 
0 0.402846 2 
0 0.40599 2 
0 0.415386 2 
0 0.429263 2 
0 0.901731 2 
0 1.36682 2 
0 1.43098 2 
0 1.57421 2 
0 1.6828 2 
0 2.12734 2 
0 2.28264 2 
0 3.19552 2 
0 3.98547 2 
0 4.20096 2 
0 4.42679 2 
0 4.51508 2 
0 5.38319 2 
0 5.61443 2 
0 5.64571 2 
0 5.84236 2 
0 inf 2 
0 0.015497 3 
0 0.0163354 3 
0 0.0338733 3 
0 0.0350351 3 
0 0.0368897 3 
0 0.0379589 3 
0 0.0393406 3 
0 0.0403447 3 
0 0.0403447 3 
0 0.0413275 3 
0 0.0419658 3 
0 0.0432183 3 
0 0.0456218 3 
0 0.0459137 3 
0 0.0467763 3 
0 0.0467766 3 
0 0.0467766 3 
0 0.0492766 3 
0 0.0492769 3 
0 0.0492769 3 
0 0.0492769 3 
0 0.0500823 3 
0 0.0508757 3 
0 0.0531831 3 
0 0.0536823 3 
0 0.0546677 3 
0 0.0561133 3 
0 0.0572895 3 
0 0.0579841 3 
0 0.0591222 3 
0 0.0606817 3 
0 0.0613378 3 
0 0.0628423 3 
0 0.0641022 3 
0 0.0651372 3 
0 0.0659499 3 
0 0.0673492 3 
0 0.0685292 3 
0 0.0696857 3 
0 0.0704491 3 
0 0.0706381 3 
0 0.0719487 3 
0 0.0774825 3 
0 0.0776564 3 
0 0.083291 3 
0 0.0842468 3 
0 0.0850371 3 
0 0.0897671 3 
0 0.0903617 3 
0 0.093415 3 
0 0.0969119 3 
0 0.0981496 3 
0 0.100694 3 
0 0.102274 3 
0 0.11019 3 
0 0.114932 3 
0 0.115621 3 
0 0.116541 3 
0 0.116656 3 
0 0.117112 3 
0 0.118359 3 
0 0.118471 3 
0 0.126531 3 
0 0.127901 3 
0 0.136868 3 
0 0.144545 3 
0 0.15175 3 
0 0.153494 3 
0 0.168732 3 
0 0.17272 3 
0 0.173484 3 
0 0.173956 3 
0 0.195064 3 
0 0.195335 3 
0 0.22664 3 
0 0.228637 3 
0 0.233997 3 
0 0.244752 3 
0 0.246816 3 
0 0.248222 3 
0 0.254009 3 
0 0.263775 3 
0 0.26488 3 
0 0.276536 3 
0 0.279642 3 
0 0.282836 3 
0 0.284479 3 
0 0.287866 3 
0 0.294121 3 
0 0.315153 3 
0 0.316629 3 
0 0.324388 3 
0 0.327501 3 
0 0.334997 3 
0 0.335656 3 
0 0.337297 3 
0 0.349352 3 
0 0.364393 3 
0 0.377376 3 
0 0.391228 3 
0 0.39886 3 
0 0.398897 3 
0 0.402991 3 
0 0.407204 3 
0 0.904714 3 
0 1.18301 3 
0 1.41214 3 
0 1.54441 3 
0 1.61732 3 
0 1.88096 3 
0 1.95601 3 
0 2.54397 3 
0 2.7749 3 
0 2.80851 3 
0 2.8129 3 
0 2.88286 3 
0 3.26806 3 
0 3.26966 3 
0 3.26966 3 
0 4.45111 3 
0 4.80465 3 
0 4.91133 3 
0 4.91208 3 
0 inf 3 
0 0.0126528 4 
0 0.0163347 4 
0 0.0178944 4 
0 0.0186252 4 
0 0.0225162 4 
0 0.0225165 4 
0 0.0268418 4 
0 0.038308 4 
0 0.0393397 4 
0 0.0396774 4 
0 0.0396778 4 
0 0.0410005 4 
0 0.0419651 4 
0 0.043218 4 
0 0.0492766 4 
0 0.0500817 4 
0 0.0516555 4 
0 0.0534335 4 
0 0.0539308 4 
0 0.0544242 4 
0 0.0544242 4 
0 0.0561131 4 
0 0.0575199 4 
0 0.0575215 4 
0 0.0586694 4 
0 0.0588956 4 
0 0.0606832 4 
0 0.0624159 4 
0 0.0634762 4 
0 0.0655437 4 
0 0.0689169 4 
0 0.0696884 4 
0 0.070448 4 
0 0.0739598 4 
0 0.0818363 4 
0 0.0834532 4 
0 0.0834535 4 
0 0.0834558 4 
0 0.0836155 4 
0 0.0855057 4 
0 0.0955316 4 
0 0.0956647 4 
0 0.0976038 4 
0 0.0985487 4 
0 0.0997664 4 
0 0.0999003 4 
0 0.101223 4 
0 0.101225 4 
0 0.103183 4 
0 0.10574 4 
0 0.105863 4 
0 0.112106 4 
0 0.113989 4 
0 0.117111 4 
0 0.126001 4 
0 0.129246 4 
0 0.132806 4 
0 0.147558 4 
0 0.149713 4 
0 0.15166 4 
0 0.154449 4 
0 0.156084 4 
0 0.157361 4 
0 0.164415 4 
0 0.16473 4 
0 0.183582 4 
0 0.196902 4 
0 0.211713 4 
0 0.216893 4 
0 0.221583 4 
0 0.224481 4 
0 0.230278 4 
0 0.259049 4 
0 0.261119 4 
0 0.279016 4 
0 0.280464 4 
0 0.292914 4 
0 0.297981 4 
0 0.310576 4 
0 0.311683 4 
0 0.313144 4 
0 0.325092 4 
0 0.329707 4 
0 0.32994 4 
0 0.33859 4 
0 0.339358 4 
0 0.340418 4 
0 0.350271 4 
0 0.350521 4 
0 0.358885 4 
0 0.363613 4 
0 0.384043 4 
0 0.406769 4 
0 0.410168 4 
0 0.425118 4 
0 0.569503 4 
0 0.926634 4 
0 1.13333 4 
0 1.31591 4 
0 1.43572 4 
0 1.55142 4 
0 1.63288 4 
0 1.68844 4 
0 1.83612 4 
0 1.86352 4 
0 1.86872 4 
0 1.87428 4 
0 2.31237 4 
0 2.33506 4 
0 2.3351 4 
0 2.33586 4 
0 2.8836 4 
0 2.90651 4 
0 2.96255 4 
0 2.96428 4 
0 3.02979 4 
0 3.03884 4 
0 3.03918 4 
0 3.03919 4 
0 inf 4 
0 0.0242274 5 
0 0.028292 5 
0 0.0314213 5 
0 0.033076 5 
0 0.0334765 5 
0 0.0342645 5 
0 0.0346516 5 
0 0.0376069 5 
0 0.0389979 5 
0 0.0419656 5 
0 0.0422821 5 
0 0.0438314 5 
0 0.0447352 5 
0 0.0459132 5 
0 0.0464896 5 
0 0.0473437 5 
0 0.050082 5 
0 0.0529315 5 
0 0.0539294 5 
0 0.0544233 5 
0 0.0561108 5 
0 0.056348 5 
0 0.0568196 5 
0 0.0579877 5 
0 0.0593507 5 
0 0.0611228 5 
0 0.0613413 5 
0 0.0628441 5 
0 0.0628445 5 
0 0.0659484 5 
0 0.0669538 5 
0 0.0713907 5 
0 0.0723185 5 
0 0.0723196 5 
0 0.0726826 5 
0 0.0748567 5 
0 0.0769622 5 
0 0.0771388 5 
0 0.0855035 5 
0 0.0884189 5 
0 0.0921156 5 
0 0.0948286 5 
0 0.0966438 5 
0 0.0967793 5 
0 0.101875 5 
0 0.103309 5 
0 0.103823 5 
0 0.107242 5 
0 0.107613 5 
0 0.107613 5 
0 0.109456 5 
0 0.11435 5 
0 0.124398 5 
0 0.132104 5 
0 0.132812 5 
0 0.161459 5 
0 0.17007 5 
0 0.171399 5 
0 0.172349 5 
0 0.208643 5 
0 0.211669 5 
0 0.220496 5 
0 0.237448 5 
0 0.242214 5 
0 0.263086 5 
0 0.266749 5 
0 0.267348 5 
0 0.270724 5 
0 0.278848 5 
0 0.300976 5 
0 0.304311 5 
0 0.305441 5 
0 0.308852 5 
0 0.315899 5 
0 0.322585 5 
0 0.3289 5 
0 0.329872 5 
0 0.334693 5 
0 0.336597 5 
0 0.3407 5 
0 0.353159 5 
0 0.353159 5 
0 0.374065 5 
0 0.379131 5 
0 0.381096 5 
0 0.390507 5 
0 0.420282 5 
0 0.616266 5 
0 0.913346 5 
0 0.965017 5 
0 1.14031 5 
0 1.42201 5 
0 1.43632 5 
0 1.49157 5 
0 1.50822 5 
0 1.55721 5 
0 1.59756 5 
0 1.61782 5 
0 1.66921 5 
0 2.25058 5 
0 2.28809 5 
0 2.29038 5 
0 2.29705 5 
0 2.34418 5 
0 2.34473 5 
0 2.34666 5 
0 2.35322 5 
0 2.51529 5 
0 2.51581 5 
0 2.51583 5 
0 2.51754 5 
0 2.93537 5 
0 2.96245 5 
0 2.96789 5 
0 3.00321 5 
0 inf 5 
0 0.0301205 6 
0 0.0314214 6 
0 0.0429081 6 
0 0.0464896 6 
0 0.0464904 6 
0 0.0470615 6 
0 0.0487323 6 
0 0.0490052 6 
0 0.0544225 6 
0 0.0561122 6 
0 0.0577524 6 
0 0.0582134 6 
0 0.0591262 6 
0 0.0632658 6 
0 0.0636859 6 
0 0.0641049 6 
0 0.0641051 6 
0 0.0704478 6 
0 0.071015 6 
0 0.0712011 6 
0 0.0715755 6 
0 0.0732334 6 
0 0.0795235 6 
0 0.0800239 6 
0 0.0816723 6 
0 0.0816776 6 
0 0.0831322 6 
0 0.0834558 6 
0 0.0836179 6 
0 0.0845666 6 
0 0.0858168 6 
0 0.0915355 6 
0 0.0962226 6 
0 0.101224 6 
0 0.101359 6 
0 0.102276 6 
0 0.103828 6 
0 0.103955 6 
0 0.105865 6 
0 0.107113 6 
0 0.108479 6 
0 0.108479 6 
0 0.110543 6 
0 0.113878 6 
0 0.114229 6 
0 0.114346 6 
0 0.116084 6 
0 0.117259 6 
0 0.119926 6 
0 0.149986 6 
0 0.163265 6 
0 0.178791 6 
0 0.185247 6 
0 0.193211 6 
0 0.199416 6 
0 0.200741 6 
0 0.210924 6 
0 0.218321 6 
0 0.224112 6 
0 0.239297 6 
0 0.260231 6 
0 0.273252 6 
0 0.273447 6 
0 0.2793 6 
0 0.282289 6 
0 0.293452 6 
0 0.293549 6 
0 0.293549 6 
0 0.298792 6 
0 0.306722 6 
0 0.310182 6 
0 0.320989 6 
0 0.327066 6 
0 0.329505 6 
0 0.329626 6 
0 0.3587 6 
0 0.376129 6 
0 0.377438 6 
0 0.437777 6 
0 0.588716 6 
0 0.721424 6 
0 0.796269 6 
0 0.839472 6 
0 0.889118 6 
0 0.901685 6 
0 0.912342 6 
0 0.914211 6 
0 0.961445 6 
0 0.963017 6 
0 1.11745 6 
0 1.36282 6 
0 1.48779 6 
0 1.57396 6 
0 1.61741 6 
0 1.66523 6 
0 1.7191 6 
0 1.72798 6 
0 1.73228 6 
0 1.73244 6 
0 2.23273 6 
0 2.23281 6 
0 2.23353 6 
0 2.23974 6 
0 2.45298 6 
0 2.4634 6 
0 2.46773 6 
0 2.52509 6 
0 2.67183 6 
0 2.67263 6 
0 2.67736 6 
0 2.69751 6 
0 inf 6 
0 0.0318416 7 
0 0.0361584 7 
0 0.0492744 7 
0 0.0500824 7 
0 0.0544241 7 
0 0.0568218 7 
0 0.0575215 7 
0 0.0579848 7 
0 0.059799 7 
0 0.0600178 7 
0 0.0604643 7 
0 0.0632636 7 
0 0.0641009 7 
0 0.0661517 7 
0 0.0663533 7 
0 0.0726876 7 
0 0.074858 7 
0 0.076444 7 
0 0.0778301 7 
0 0.0785084 7 
0 0.0803585 7 
0 0.0831381 7 
0 0.0836132 7 
0 0.0850354 7 
0 0.087362 7 
0 0.0884208 7 
0 0.0893217 7 
0 0.0896232 7 
0 0.09139 7 
0 0.0922558 7 
0 0.0935548 7 
0 0.0938375 7 
0 0.093839 7 
0 0.0967744 7 
0 0.0971896 7 
0 0.0971925 7 
0 0.0982815 7 
0 0.105103 7 
0 0.115735 7 
0 0.118241 7 
0 0.129042 7 
0 0.136573 7 
0 0.140651 7 
0 0.143068 7 
0 0.163022 7 
0 0.170627 7 
0 0.183235 7 
0 0.188956 7 
0 0.191272 7 
0 0.206467 7 
0 0.224864 7 
0 0.234596 7 
0 0.235272 7 
0 0.235272 7 
0 0.235448 7 
0 0.235924 7 
0 0.244332 7 
0 0.248501 7 
0 0.265761 7 
0 0.288879 7 
0 0.304084 7 
0 0.307626 7 
0 0.308707 7 
0 0.310044 7 
0 0.345508 7 
0 0.352844 7 
0 0.356606 7 
0 0.368459 7 
0 0.370734 7 
0 0.386141 7 
0 0.396178 7 
0 0.585308 7 
0 0.585309 7 
0 0.587493 7 
0 0.744154 7 
0 0.750314 7 
0 0.75372 7 
0 0.776192 7 
0 0.821723 7 
0 0.919073 7 
0 0.990202 7 
0 1.15681 7 
0 1.29205 7 
0 1.29523 7 
0 1.31384 7 
0 1.38646 7 
0 1.48342 7 
0 1.48812 7 
0 1.55113 7 
0 1.6362 7 
0 1.65483 7 
0 1.65563 7 
0 1.65628 7 
0 1.66255 7 
0 1.66817 7 
0 1.67673 7 
0 1.6817 7 
0 1.68593 7 
0 1.69725 7 
0 1.85487 7 
0 1.85563 7 
0 1.85832 7 
0 1.86177 7 
0 2.26318 7 
0 2.26472 7 
0 2.26662 7 
0 2.26847 7 
0 inf 7 
0 0.0200076 8 
0 0.0242277 8 
0 0.0403484 8 
0 0.049004 8 
0 0.0595727 8 
0 0.0617684 8 
0 0.0632671 8 
0 0.0632673 8 
0 0.0683303 8 
0 0.0712659 8 
0 0.0725026 8 
0 0.0730522 8 
0 0.0739565 8 
0 0.0759183 8 
0 0.0816748 8 
0 0.0820029 8 
0 0.0893195 8 
0 0.0897659 8 
0 0.091242 8 
0 0.0924071 8 
0 0.0944022 8 
0 0.0951069 8 
0 0.0955282 8 
0 0.0977404 8 
0 0.0978713 8 
0 0.0981488 8 
0 0.104339 8 
0 0.104339 8 
0 0.10447 8 
0 0.112621 8 
0 0.112976 8 
0 0.11364 8 
0 0.119259 8 
0 0.123753 8 
0 0.12376 8 
0 0.127582 8 
0 0.14137 8 
0 0.143711 8 
0 0.162895 8 
0 0.169322 8 
0 0.170814 8 
0 0.176091 8 
0 0.178573 8 
0 0.185619 8 
0 0.192324 8 
0 0.218497 8 
0 0.218498 8 
0 0.239778 8 
0 0.245061 8 
0 0.254915 8 
0 0.264773 8 
0 0.267799 8 
0 0.26796 8 
0 0.279873 8 
0 0.301219 8 
0 0.310425 8 
0 0.315032 8 
0 0.327129 8 
0 0.327129 8 
0 0.361555 8 
0 0.380323 8 
0 0.380463 8 
0 0.450543 8 
0 0.563 8 
0 0.588626 8 
0 0.68125 8 
0 0.753933 8 
0 0.755064 8 
0 0.764036 8 
0 0.764039 8 
0 0.778568 8 
0 0.96632 8 
0 1.11294 8 
0 1.13266 8 
0 1.16713 8 
0 1.21292 8 
0 1.22305 8 
0 1.23098 8 
0 1.24465 8 
0 1.25498 8 
0 1.26864 8 
0 1.2698 8 
0 1.28607 8 
0 1.28816 8 
0 1.31474 8 
0 1.37267 8 
0 1.54484 8 
0 1.57346 8 
0 1.60815 8 
0 1.60864 8 
0 1.61758 8 
0 1.63278 8 
0 1.64058 8 
0 1.65409 8 
0 1.65421 8 
0 1.65573 8 
0 1.65663 8 
0 1.6568 8 
0 1.65925 8 
0 1.66489 8 
0 1.66604 8 
0 1.67837 8 
0 1.70574 8 
0 inf 8 
0 0.0278155 9 
0 0.0462044 9 
0 0.058675 9 
0 0.0632662 9 
0 0.0634785 9 
0 0.0641045 9 
0 0.071203 9 
0 0.0721334 9 
0 0.0748554 9 
0 0.0828131 9 
0 0.0828132 9 
0 0.0850398 9 
0 0.0858161 9 
0 0.0861285 9 
0 0.0873588 9 
0 0.0913864 9 
0 0.0976199 9 
0 0.0992239 9 
0 0.0996332 9 
0 0.101616 9 
0 0.101617 9 
0 0.103178 9 
0 0.10357 9 
0 0.11368 9 
0 0.115177 9 
0 0.115622 9 
0 0.115968 9 
0 0.116884 9 
0 0.133308 9 
0 0.145856 9 
0 0.14604 9 
0 0.151049 9 
0 0.154908 9 
0 0.156252 9 
0 0.157882 9 
0 0.172894 9 
0 0.176331 9 
0 0.179764 9 
0 0.187287 9 
0 0.195306 9 
0 0.218766 9 
0 0.223651 9 
0 0.245977 9 
0 0.247707 9 
0 0.264805 9 
0 0.286236 9 
0 0.307183 9 
0 0.308731 9 
0 0.337805 9 
0 0.341692 9 
0 0.346956 9 
0 0.349904 9 
0 0.350056 9 
0 0.361198 9 
0 0.37355 9 
0 0.461567 9 
0 0.571654 9 
0 0.583229 9 
0 0.678148 9 
0 0.765556 9 
0 0.771165 9 
0 0.787697 9 
0 0.797845 9 
0 0.816442 9 
0 0.83725 9 
0 0.853937 9 
0 0.914987 9 
0 1.00546 9 
0 1.00546 9 
0 1.00594 9 
0 1.00763 9 
0 1.01869 9 
0 1.0221 9 
0 1.11751 9 
0 1.12892 9 
0 1.13665 9 
0 1.14016 9 
0 1.18077 9 
0 1.22496 9 
0 1.22929 9 
0 1.25333 9 
0 1.36657 9 
0 1.54361 9 
0 1.54365 9 
0 1.54883 9 
0 1.55811 9 
0 1.55814 9 
0 1.574 9 
0 1.57433 9 
0 1.61696 9 
0 1.6206 9 
0 1.62178 9 
0 1.62432 9 
0 1.62449 9 
0 1.66787 9 
0 1.67075 9 
0 1.67996 9 
0 1.69195 9 
0 1.69197 9 
0 inf 9 
0 0.0273359 10 
0 0.0447353 10 
0 0.052936 10 
0 0.070071 10 
0 0.071391 10 
0 0.0805212 10 
0 0.0831287 10 
0 0.0865914 10 
0 0.0885749 10 
0 0.0934101 10 
0 0.0961315 10 
0 0.0977365 10 
0 0.098278 10 
0 0.0993598 10 
0 0.10666 10 
0 0.111035 10 
0 0.114578 10 
0 0.124517 10 
0 0.125581 10 
0 0.130117 10 
0 0.1326 10 
0 0.137556 10 
0 0.138076 10 
0 0.14657 10 
0 0.148908 10 
0 0.165057 10 
0 0.168653 10 
0 0.187193 10 
0 0.19754 10 
0 0.202558 10 
0 0.202755 10 
0 0.208386 10 
0 0.211301 10 
0 0.211604 10 
0 0.21486 10 
0 0.233023 10 
0 0.258226 10 
0 0.263947 10 
0 0.294687 10 
0 0.297571 10 
0 0.308465 10 
0 0.310389 10 
0 0.311906 10 
0 0.314055 10 
0 0.325372 10 
0 0.339961 10 
0 0.361458 10 
0 0.366735 10 
0 0.422318 10 
0 0.430114 10 
0 0.552791 10 
0 0.573897 10 
0 0.574059 10 
0 0.604858 10 
0 0.633938 10 
0 0.74438 10 
0 0.747161 10 
0 0.754836 10 
0 0.809956 10 
0 0.854642 10 
0 0.858059 10 
0 0.863144 10 
0 0.885735 10 
0 0.890026 10 
0 0.891605 10 
0 0.892959 10 
0 0.897788 10 
0 0.898813 10 
0 0.899035 10 
0 0.940779 10 
0 0.999642 10 
0 1.00477 10 
0 1.00505 10 
0 1.20067 10 
0 1.20635 10 
0 1.28558 10 
0 1.28566 10 
0 1.33111 10 
0 1.38178 10 
0 1.38559 10 
0 1.54499 10 
0 1.54517 10 
0 1.55542 10 
0 1.55651 10 
0 1.56066 10 
0 1.61828 10 
0 1.61871 10 
0 1.6213 10 
0 1.64327 10 
0 1.6433 10 
0 1.66473 10 
0 1.66509 10 
0 1.66946 10 
0 1.66949 10 
0 1.67766 10 
0 inf 10 
0 0.048182 11 
0 0.0588905 11 
0 0.0778292 11 
0 0.0998947 11 
0 0.10162 11 
0 0.102534 11 
0 0.103972 11 
0 0.107718 11 
0 0.118261 11 
0 0.13061 11 
0 0.139754 11 
0 0.142783 11 
0 0.1476 11 
0 0.147871 11 
0 0.166445 11 
0 0.166446 11 
0 0.168704 11 
0 0.168941 11 
0 0.179394 11 
0 0.17983 11 
0 0.179984 11 
0 0.188946 11 
0 0.196221 11 
0 0.199665 11 
0 0.219161 11 
0 0.222451 11 
0 0.239603 11 
0 0.242946 11 
0 0.248436 11 
0 0.249346 11 
0 0.25424 11 
0 0.258274 11 
0 0.259383 11 
0 0.276924 11 
0 0.296851 11 
0 0.31465 11 
0 0.327938 11 
0 0.330719 11 
0 0.334689 11 
0 0.338824 11 
0 0.381485 11 
0 0.394583 11 
0 0.410621 11 
0 0.440271 11 
0 0.440362 11 
0 0.468989 11 
0 0.493102 11 
0 0.550932 11 
0 0.571335 11 
0 0.572867 11 
0 0.573573 11 
0 0.699421 11 
0 0.704287 11 
0 0.741658 11 
0 0.741927 11 
0 0.788725 11 
0 0.79001 11 
0 0.791562 11 
0 0.818034 11 
0 0.880195 11 
0 0.88968 11 
0 0.890367 11 
0 0.891703 11 
0 0.896355 11 
0 0.901587 11 
0 0.901631 11 
0 0.90277 11 
0 0.914789 11 
0 0.935554 11 
0 0.974853 11 
0 1.06464 11 
0 1.20983 11 
0 1.21265 11 
0 1.25667 11 
0 1.25867 11 
0 1.26682 11 
0 1.5422 11 
0 1.54289 11 
0 1.55621 11 
0 1.55768 11 
0 1.55872 11 
0 1.61848 11 
0 1.61912 11 
0 1.62861 11 
0 1.63591 11 
0 1.6367 11 
0 1.65342 11 
0 1.65378 11 
0 1.6572 11 
0 1.65843 11 
0 1.65895 11 
0 inf 11 
0 0.0934088 12 
0 0.107007 12 
0 0.107007 12 
0 0.108641 12 
0 0.108643 12 
0 0.108849 12 
0 0.115498 12 
0 0.126851 12 
0 0.133356 12 
0 0.139954 12 
0 0.144587 12 
0 0.170952 12 
0 0.175467 12 
0 0.181345 12 
0 0.189969 12 
0 0.200234 12 
0 0.205981 12 
0 0.207072 12 
0 0.213357 12 
0 0.214205 12 
0 0.219891 12 
0 0.220979 12 
0 0.235528 12 
0 0.257815 12 
0 0.260127 12 
0 0.261315 12 
0 0.264704 12 
0 0.269529 12 
0 0.272286 12 
0 0.274745 12 
0 0.278182 12 
0 0.27823 12 
0 0.28289 12 
0 0.284131 12 
0 0.28663 12 
0 0.33764 12 
0 0.346902 12 
0 0.399257 12 
0 0.408343 12 
0 0.422881 12 
0 0.423889 12 
0 0.471034 12 
0 0.479981 12 
0 0.480452 12 
0 0.505466 12 
0 0.509848 12 
0 0.51764 12 
0 0.572563 12 
0 0.676156 12 
0 0.739042 12 
0 0.740773 12 
0 0.753526 12 
0 0.756971 12 
0 0.757813 12 
0 0.802741 12 
0 0.830258 12 
0 0.831286 12 
0 0.894571 12 
0 0.900812 12 
0 0.949095 12 
0 0.949109 12 
0 0.94911 12 
0 1.04242 12 
0 1.0546 12 
0 1.11167 12 
0 1.11512 12 
0 1.16309 12 
0 1.20675 12 
0 1.21309 12 
0 1.21997 12 
0 1.22842 12 
0 1.23274 12 
0 1.54081 12 
0 1.54119 12 
0 1.56476 12 
0 1.56514 12 
0 1.56524 12 
0 1.61688 12 
0 1.61695 12 
0 1.62585 12 
0 1.62605 12 
0 1.62664 12 
0 1.65409 12 
0 1.6552 12 
0 1.65522 12 
0 1.65524 12 
0 1.65619 12 
0 inf 12 
0 0.0783969 13 
0 0.0886977 13 
0 0.0962698 13 
0 0.144453 13 
0 0.152055 13 
0 0.156502 13 
0 0.178661 13 
0 0.180987 13 
0 0.184491 13 
0 0.185539 13 
0 0.189547 13 
0 0.194956 13 
0 0.199223 13 
0 0.209195 13 
0 0.220407 13 
0 0.221527 13 
0 0.226699 13 
0 0.227169 13 
0 0.238874 13 
0 0.239767 13 
0 0.240022 13 
0 0.240276 13 
0 0.244178 13 
0 0.245465 13 
0 0.257196 13 
0 0.258335 13 
0 0.26105 13 
0 0.281698 13 
0 0.293098 13 
0 0.299715 13 
0 0.305834 13 
0 0.31051 13 
0 0.326453 13 
0 0.329852 13 
0 0.330216 13 
0 0.378148 13 
0 0.390539 13 
0 0.390539 13 
0 0.391733 13 
0 0.469526 13 
0 0.497812 13 
0 0.501895 13 
0 0.504017 13 
0 0.58513 13 
0 0.618166 13 
0 0.642756 13 
0 0.678603 13 
0 0.715431 13 
0 0.715655 13 
0 0.735516 13 
0 0.747659 13 
0 0.853083 13 
0 0.854226 13 
0 0.856659 13 
0 0.85708 13 
0 0.893228 13 
0 0.89792 13 
0 0.906823 13 
0 0.910566 13 
0 0.911035 13 
0 0.913944 13 
0 1.13567 13 
0 1.13591 13 
0 1.13797 13 
0 1.20555 13 
0 1.22125 13 
0 1.40701 13 
0 1.4072 13 
0 1.41382 13 
0 1.54052 13 
0 1.54467 13 
0 1.56424 13 
0 1.56465 13 
0 1.56527 13 
0 1.62113 13 
0 1.62393 13 
0 1.62471 13 
0 1.62511 13 
0 1.65392 13 
0 1.65543 13 
0 1.67791 13 
0 1.67969 13 
0 1.67994 13 
0 inf 13 
0 0.0577556 14 
0 0.066621 14 
0 0.0777108 14 
0 0.0879359 14 
0 0.105734 14 
0 0.119462 14 
0 0.121965 14 
0 0.127105 14 
0 0.137353 14 
0 0.161879 14 
0 0.162611 14 
0 0.17972 14 
0 0.179943 14 
0 0.18083 14 
0 0.180986 14 
0 0.184338 14 
0 0.18585 14 
0 0.188143 14 
0 0.191237 14 
0 0.192072 14 
0 0.209547 14 
0 0.220254 14 
0 0.231133 14 
0 0.235072 14 
0 0.241 14 
0 0.246219 14 
0 0.269228 14 
0 0.269228 14 
0 0.269527 14 
0 0.269747 14 
0 0.283139 14 
0 0.289572 14 
0 0.317813 14 
0 0.333329 14 
0 0.375348 14 
0 0.376449 14 
0 0.376768 14 
0 0.37959 14 
0 0.478853 14 
0 0.490679 14 
0 0.529956 14 
0 0.530082 14 
0 0.57479 14 
0 0.575351 14 
0 0.621695 14 
0 0.62988 14 
0 0.634628 14 
0 0.657081 14 
0 0.706429 14 
0 0.74807 14 
0 0.84094 14 
0 0.896061 14 
0 0.91616 14 
0 0.917369 14 
0 0.917543 14 
0 0.924496 14 
0 0.929601 14 
0 0.929731 14 
0 0.931795 14 
0 1.13126 14 
0 1.16098 14 
0 1.16373 14 
0 1.22038 14 
0 1.41721 14 
0 1.41767 14 
0 1.41781 14 
0 1.54028 14 
0 1.54305 14 
0 1.546 14 
0 1.54617 14 
0 1.54662 14 
0 1.61816 14 
0 1.63297 14 
0 1.63304 14 
0 1.63314 14 
0 1.65437 14 
0 1.67342 14 
0 1.67362 14 
0 1.6739 14 
0 inf 14 
0 0.0268402 15 
0 0.0778315 15 
0 0.095547 15 
0 0.0961039 15 
0 0.0981442 15 
0 0.107133 15 
0 0.121159 15 
0 0.127211 15 
0 0.129395 15 
0 0.148502 15 
0 0.149844 15 
0 0.158226 15 
0 0.164519 15 
0 0.168624 15 
0 0.168624 15 
0 0.171559 15 
0 0.177025 15 
0 0.177716 15 
0 0.177941 15 
0 0.198587 15 
0 0.203466 15 
0 0.20659 15 
0 0.215901 15 
0 0.227464 15 
0 0.23465 15 
0 0.235558 15 
0 0.240023 15 
0 0.248241 15 
0 0.270537 15 
0 0.275936 15 
0 0.291784 15 
0 0.322689 15 
0 0.384025 15 
0 0.404053 15 
0 0.404284 15 
0 0.406555 15 
0 0.408127 15 
0 0.484434 15 
0 0.487518 15 
0 0.48924 15 
0 0.49628 15 
0 0.520511 15 
0 0.710562 15 
0 0.7563 15 
0 0.781526 15 
0 0.802518 15 
0 0.803465 15 
0 0.803879 15 
0 0.806382 15 
0 0.815944 15 
0 0.828976 15 
0 0.906203 15 
0 0.90832 15 
0 0.908379 15 
0 0.909714 15 
0 1.00637 15 
0 1.22461 15 
0 1.25315 15 
0 1.27094 15 
0 1.27119 15 
0 1.28503 15 
0 1.28516 15 
0 1.28732 15 
0 1.55116 15 
0 1.55137 15 
0 1.55207 15 
0 1.55258 15 
0 1.61699 15 
0 1.63986 15 
0 1.63993 15 
0 1.64015 15 
0 1.65874 15 
0 1.66064 15 
0 1.66112 15 
0 1.6612 15 
0 inf 15 
0 0.0666206 16 
0 0.0812394 16 
0 0.0818935 16 
0 0.0904121 16 
0 0.113288 16 
0 0.136565 16 
0 0.136816 16 
0 0.140282 16 
0 0.140409 16 
0 0.142265 16 
0 0.143664 16 
0 0.14739 16 
0 0.154892 16 
0 0.179993 16 
0 0.184594 16 
0 0.187338 16 
0 0.189533 16 
0 0.189603 16 
0 0.190726 16 
0 0.19456 16 
0 0.19456 16 
0 0.2013 16 
0 0.209612 16 
0 0.212358 16 
0 0.278938 16 
0 0.316768 16 
0 0.331459 16 
0 0.367861 16 
0 0.369165 16 
0 0.36949 16 
0 0.37319 16 
0 0.416147 16 
0 0.445955 16 
0 0.465628 16 
0 0.466046 16 
0 0.521096 16 
0 0.540425 16 
0 0.542249 16 
0 0.576795 16 
0 0.581258 16 
0 0.601297 16 
0 0.637395 16 
0 0.762921 16 
0 0.77351 16 
0 0.777473 16 
0 0.778776 16 
0 0.779547 16 
0 0.918696 16 
0 0.918929 16 
0 0.919001 16 
0 0.919625 16 
0 0.927605 16 
0 1.0139 16 
0 1.01915 16 
0 1.19977 16 
0 1.261 16 
0 1.27943 16 
0 1.28252 16 
0 1.28543 16 
0 1.54947 16 
0 1.54947 16 
0 1.54998 16 
0 1.55071 16 
0 1.63396 16 
0 1.6397 16 
0 1.65337 16 
0 1.65402 16 
0 1.65585 16 
0 1.65592 16 
0 1.65602 16 
0 1.65636 16 
0 inf 16 
0 0.0818902 17 
0 0.089518 17 
0 0.0941666 17 
0 0.105842 17 
0 0.10622 17 
0 0.110649 17 
0 0.142337 17 
0 0.148631 17 
0 0.151067 17 
0 0.153171 17 
0 0.164352 17 
0 0.167425 17 
0 0.184415 17 
0 0.185856 17 
0 0.188706 17 
0 0.198593 17 
0 0.19967 17 
0 0.210713 17 
0 0.25874 17 
0 0.263457 17 
0 0.299403 17 
0 0.303469 17 
0 0.305571 17 
0 0.305573 17 
0 0.306468 17 
0 0.313126 17 
0 0.313509 17 
0 0.316558 17 
0 0.365319 17 
0 0.365319 17 
0 0.365939 17 
0 0.371009 17 
0 0.434495 17 
0 0.531148 17 
0 0.535849 17 
0 0.535949 17 
0 0.665741 17 
0 0.702008 17 
0 0.710979 17 
0 0.711373 17 
0 0.719454 17 
0 0.731354 17 
0 0.795857 17 
0 0.833477 17 
0 0.837516 17 
0 0.837564 17 
0 0.904751 17 
0 0.904795 17 
0 0.905694 17 
0 0.905738 17 
0 1.14256 17 
0 1.28887 17 
0 1.30504 17 
0 1.30651 17 
0 1.3066 17 
0 1.55778 17 
0 1.55782 17 
0 1.5585 17 
0 1.55867 17 
0 1.62258 17 
0 1.62418 17 
0 1.62472 17 
0 1.66494 17 
0 1.66496 17 
0 1.66502 17 
0 1.66511 17 
0 2.11663 17 
0 inf 17 
0 0.0892249 18 
0 0.0923122 18 
0 0.10641 18 
0 0.111309 18 
0 0.143261 18 
0 0.143633 18 
0 0.144096 18 
0 0.149913 18 
0 0.150179 18 
0 0.151242 18 
0 0.151682 18 
0 0.176626 18 
0 0.177148 18 
0 0.205268 18 
0 0.210403 18 
0 0.26105 18 
0 0.261255 18 
0 0.262883 18 
0 0.280111 18 
0 0.281014 18 
0 0.283143 18 
0 0.283848 18 
0 0.315497 18 
0 0.318024 18 
0 0.319698 18 
0 0.345533 18 
0 0.345533 18 
0 0.348033 18 
0 0.352603 18 
0 0.379277 18 
0 0.432249 18 
0 0.434006 18 
0 0.469328 18 
0 0.48264 18 
0 0.48322 18 
0 0.631114 18 
0 0.646044 18 
0 0.659759 18 
0 0.672972 18 
0 0.690676 18 
0 0.829079 18 
0 0.848876 18 
0 0.853937 18 
0 0.904665 18 
0 0.909298 18 
0 0.91236 18 
0 0.921512 18 
0 1.13456 18 
0 1.33683 18 
0 1.36229 18 
0 1.36307 18 
0 1.5489 18 
0 1.54895 18 
0 1.54914 18 
0 1.55628 18 
0 1.61833 18 
0 1.61836 18 
0 1.61922 18 
0 1.664 18 
0 1.67712 18 
0 1.67712 18 
0 1.67762 18 
0 1.94151 18 
0 inf 18 
0 0.111863 19 
0 0.11981 19 
0 0.125297 19 
0 0.126041 19 
0 0.131024 19 
0 0.132602 19 
0 0.148375 19 
0 0.151245 19 
0 0.15228 19 
0 0.153676 19 
0 0.157468 19 
0 0.164431 19 
0 0.171173 19 
0 0.171173 19 
0 0.173111 19 
0 0.252477 19 
0 0.274843 19 
0 0.277836 19 
0 0.278342 19 
0 0.278342 19 
0 0.278555 19 
0 0.281393 19 
0 0.290693 19 
0 0.293616 19 
0 0.303601 19 
0 0.303996 19 
0 0.306748 19 
0 0.329467 19 
0 0.341987 19 
0 0.342884 19 
0 0.343389 19 
0 0.3437 19 
0 0.350347 19 
0 0.49839 19 
0 0.617755 19 
0 0.637147 19 
0 0.642874 19 
0 0.728819 19 
0 0.863399 19 
0 0.868776 19 
0 0.869635 19 
0 0.895949 19 
0 0.896009 19 
0 0.898403 19 
0 0.898803 19 
0 0.953136 19 
0 1.13381 19 
0 1.36178 19 
0 1.40073 19 
0 1.40097 19 
0 1.54809 19 
0 1.54851 19 
0 1.54853 19 
0 1.62293 19 
0 1.62323 19 
0 1.62385 19 
0 1.66943 19 
0 1.6711 19 
0 1.67205 19 
0 inf 19 
0 0.0687242 20 
0 0.0746787 20 
0 0.0970549 20 
0 0.0993568 20 
0 0.111505 20 
0 0.113403 20 
0 0.113403 20 
0 0.117222 20 
0 0.11992 20 
0 0.124945 20 
0 0.12622 20 
0 0.127168 20 
0 0.184397 20 
0 0.184614 20 
0 0.198393 20 
0 0.208876 20 
0 0.217879 20 
0 0.227869 20 
0 0.238341 20 
0 0.254687 20 
0 0.254948 20 
0 0.260129 20 
0 0.279301 20 
0 0.282577 20 
0 0.282954 20 
0 0.288304 20 
0 0.304259 20 
0 0.307616 20 
0 0.308006 20 
0 0.334022 20 
0 0.336529 20 
0 0.357099 20 
0 0.435199 20 
0 0.653933 20 
0 0.704769 20 
0 0.723015 20 
0 0.74057 20 
0 0.849866 20 
0 0.854002 20 
0 0.85737 20 
0 0.895095 20 
0 0.896584 20 
0 1.1558 20 
0 1.15848 20 
0 1.32994 20 
0 1.33234 20 
0 1.55974 20 
0 1.56016 20 
0 1.6208 20 
0 1.6208 20 
0 1.6209 20 
0 1.66367 20 
0 1.67727 20 
0 1.67862 20 
0 4.17128 20 
0 inf 20 
