0 0.0186664 1 
0 0.0190985 1 
0 0.0207687 1 
0 0.0211662 1 
0 0.0215478 1 
0 0.0215515 1 
0 0.0223069 1 
0 0.0226752 1 
0 0.0237491 1 
0 0.0240886 1 
0 0.0244333 1 
0 0.0247733 1 
0 0.0247733 1 
0 0.0254348 1 
0 0.0260732 1 
0 0.0276277 1 
0 0.0290894 1 
0 0.0293658 1 
0 0.0296493 1 
0 0.0307517 1 
0 0.031012 1 
0 0.031012 1 
0 0.0310148 1 
0 0.0318005 1 
0 0.0320739 1 
0 0.0325812 1 
0 0.0338272 1 
0 0.0340712 1 
0 0.0350301 1 
0 0.0355044 1 
0 0.0355055 1 
0 0.0361997 1 
0 0.0379903 1 
0 0.0390621 1 
0 0.0396889 1 
0 0.0396951 1 
0 0.0399001 1 
0 0.0403162 1 
0 0.0405191 1 
0 0.0405191 1 
0 0.0413296 1 
0 0.0415354 1 
0 0.0425237 1 
0 0.0430965 1 
0 0.0434879 1 
0 0.0440487 1 
0 0.0447936 1 
0 0.0451691 1 
0 0.0458976 1 
0 0.0464376 1 
0 0.0466156 1 
0 0.0467902 1 
0 0.047316 1 
0 0.04801 1 
0 0.0487069 1 
0 0.0503755 1 
0 0.0505396 1 
0 0.0516764 1 
0 0.0516766 1 
0 0.0518333 1 
0 0.0521577 1 
0 0.0527906 1 
0 0.0550934 1 
0 0.0556928 1 
0 0.0573041 1 
0 0.0573118 1 
0 0.057881 1 
0 0.0585925 1 
0 0.0585926 1 
0 0.0591511 1 
0 0.0608162 1 
0 0.0608162 1 
0 0.0612241 1 
0 0.0645225 1 
0 0.0694732 1 
0 0.0703078 1 
0 0.0708905 1 
0 0.0735302 1 
0 0.0735327 1 
0 0.0745409 1 
0 0.0746515 1 
0 0.0800119 1 
0 0.0835624 1 
0 0.0846489 1 
0 0.0921545 1 
0 0.0977442 1 
0 0.1069 1 
0 0.107907 1 
0 0.109128 1 
0 0.111679 1 
0 0.119156 1 
0 0.125788 1 
0 0.145648 1 
0 0.158935 1 
0 0.160751 1 
0 0.161674 1 
0 0.175216 1 
0 0.200635 1 
0 0.258347 1 
0 0.264776 1 
0 0.312581 1 
0 0.31847 1 
0 0.37875 1 
0 0.428516 1 
0 0.486232 1 
0 0.496674 1 
0 0.577965 1 
0 0.599814 1 
0 0.662969 1 
0 0.666295 1 
0 0.67037 1 
0 0.710448 1 
0 0.730069 1 
0 0.736225 1 
0 0.743936 1 
0 0.771977 1 
0 0.883464 1 
0 0.942501 1 
0 1.08455 1 
0 1.12817 1 
0 1.16414 1 
0 1.19609 1 
0 1.4426 1 
0 1.59027 1 
0 2.28653 1 
0 2.33854 1 
0 2.96211 1 
0 3.02155 1 
0 3.54151 1 
0 3.62862 1 
0 3.65996 1 
0 inf 1 
0 0.00575585 2 
0 0.00575585 2 
0 0.0107833 2 
0 0.0135107 2 
0 0.0182172 2 
0 0.0195295 2 
0 0.0195316 2 
0 0.02035 2 
0 0.0219381 2 
0 0.0223014 2 
0 0.0226752 2 
0 0.0290838 2 
0 0.0290852 2 
0 0.0310198 2 
0 0.0323286 2 
0 0.0357335 2 
0 0.0361986 2 
0 0.0377679 2 
0 0.037985 2 
0 0.0382002 2 
0 0.0382024 2 
0 0.0394849 2 
0 0.0394859 2 
0 0.0409328 2 
0 0.0413296 2 
0 0.0423188 2 
0 0.0425179 2 
0 0.0427125 2 
0 0.0427148 2 
0 0.0429057 2 
0 0.0429105 2 
0 0.0434819 2 
0 0.0434847 2 
0 0.043672 2 
0 0.0442391 2 
0 0.044427 2 
0 0.0447982 2 
0 0.0457115 2 
0 0.0457125 2 
0 0.0467921 2 
0 0.0481822 2 
0 0.0481882 2 
0 0.0488675 2 
0 0.0488692 2 
0 0.0492078 2 
0 0.0500415 2 
0 0.0513517 2 
0 0.0513564 2 
0 0.0521535 2 
0 0.0526262 2 
0 0.0526286 2 
0 0.0526293 2 
0 0.0591614 2 
0 0.0597165 2 
0 0.0602726 2 
0 0.0618968 2 
0 0.0645223 2 
0 0.0649089 2 
0 0.0655421 2 
0 0.0655458 2 
0 0.0689963 2 
0 0.0736433 2 
0 0.0742099 2 
0 0.0766271 2 
0 0.0769497 2 
0 0.0816535 2 
0 0.0816541 2 
0 0.0864923 2 
0 0.0877307 2 
0 0.0912469 2 
0 0.0919662 2 
0 0.0959397 2 
0 0.107898 2 
0 0.109275 2 
0 0.115258 2 
0 0.119845 2 
0 0.121364 2 
0 0.127952 2 
0 0.13538 2 
0 0.138235 2 
0 0.141073 2 
0 0.148584 2 
0 0.152984 2 
0 0.153357 2 
0 0.176204 2 
0 0.220482 2 
0 0.237053 2 
0 0.25158 2 
0 0.261597 2 
0 0.299132 2 
0 0.326033 2 
0 0.37054 2 
0 0.40103 2 
0 0.43588 2 
0 0.462031 2 
0 0.548254 2 
0 0.555619 2 
0 0.574565 2 
0 0.616918 2 
0 0.633146 2 
0 0.634705 2 
0 0.639746 2 
0 0.676846 2 
0 0.763717 2 
0 0.766079 2 
0 0.798037 2 
0 0.840898 2 
0 0.859997 2 
0 0.872256 2 
0 0.902145 2 
0 0.923805 2 
0 0.924637 2 
0 0.936211 2 
0 0.943352 2 
0 0.981654 2 
0 1.27729 2 
0 1.37151 2 
0 1.8998 2 
0 2.17464 2 
0 2.23158 2 
0 2.39461 2 
0 2.55397 2 
0 2.56866 2 
0 2.71112 2 
0 2.94497 2 
0 3.43469 2 
0 3.4388 2 
0 inf 2 
0 0.0107796 3 
0 0.0122234 3 
0 0.0146913 3 
0 0.015776 3 
0 0.01629 3 
0 0.0207589 3 
0 0.0257568 3 
0 0.026389 3 
0 0.0267025 3 
0 0.026704 3 
0 0.0302014 3 
0 0.032326 3 
0 0.0330882 3 
0 0.0347998 3 
0 0.0355021 3 
0 0.0368775 3 
0 0.0368808 3 
0 0.0375474 3 
0 0.0386346 3 
0 0.0394859 3 
0 0.041129 3 
0 0.041129 3 
0 0.0421265 3 
0 0.0421265 3 
0 0.0458976 3 
0 0.0473173 3 
0 0.0486994 3 
0 0.0493742 3 
0 0.0493783 3 
0 0.050048 3 
0 0.050214 3 
0 0.0513517 3 
0 0.0513527 3 
0 0.0513533 3 
0 0.0529454 3 
0 0.0534111 3 
0 0.0534141 3 
0 0.0544873 3 
0 0.0552413 3 
0 0.0558393 3 
0 0.0578802 3 
0 0.0595777 3 
0 0.0606785 3 
0 0.0612224 3 
0 0.0618995 3 
0 0.0622958 3 
0 0.0640064 3 
0 0.0655402 3 
0 0.0659212 3 
0 0.0659236 3 
0 0.0661707 3 
0 0.0676625 3 
0 0.06839 3 
0 0.0704235 3 
0 0.0735371 3 
0 0.0744308 3 
0 0.0749864 3 
0 0.0750951 3 
0 0.0792848 3 
0 0.0816602 3 
0 0.0832631 3 
0 0.0961098 3 
0 0.0980824 3 
0 0.111751 3 
0 0.112493 3 
0 0.114318 3 
0 0.117048 3 
0 0.122451 3 
0 0.138648 3 
0 0.146612 3 
0 0.14679 3 
0 0.157525 3 
0 0.159195 3 
0 0.211584 3 
0 0.230455 3 
0 0.232951 3 
0 0.281155 3 
0 0.3193 3 
0 0.358251 3 
0 0.385849 3 
0 0.391836 3 
0 0.420387 3 
0 0.470313 3 
0 0.477693 3 
0 0.519784 3 
0 0.522786 3 
0 0.523611 3 
0 0.525566 3 
0 0.529746 3 
0 0.569479 3 
0 0.594513 3 
0 0.674389 3 
0 0.710418 3 
0 0.723947 3 
0 0.72522 3 
0 0.73337 3 
0 0.736788 3 
0 0.745193 3 
0 0.772455 3 
0 0.803541 3 
0 0.811031 3 
0 0.823369 3 
0 0.836489 3 
0 0.860248 3 
0 0.860941 3 
0 0.877791 3 
0 0.885167 3 
0 0.932706 3 
0 1.24859 3 
0 1.80031 3 
0 1.85697 3 
0 2.08177 3 
0 2.14761 3 
0 2.23493 3 
0 2.26909 3 
0 2.26926 3 
0 2.27028 3 
0 2.48093 3 
0 2.48301 3 
0 2.48302 3 
0 2.6632 3 
0 2.73606 3 
0 2.7508 3 
0 inf 3 
0 0.0226791 4 
0 0.0237491 4 
0 0.0247832 4 
0 0.0250989 4 
0 0.0251151 4 
0 0.0355067 4 
0 0.0361997 4 
0 0.0375517 4 
0 0.0384196 4 
0 0.0388431 4 
0 0.0388489 4 
0 0.0394838 4 
0 0.0401123 4 
0 0.0403132 4 
0 0.0403213 4 
0 0.0409328 4 
0 0.0434885 4 
0 0.0436739 4 
0 0.0442336 4 
0 0.0442428 4 
0 0.0448002 4 
0 0.0458942 4 
0 0.0462562 4 
0 0.0471448 4 
0 0.0473196 4 
0 0.0480133 4 
0 0.0480177 4 
0 0.0493747 4 
0 0.050048 4 
0 0.050048 4 
0 0.0524716 4 
0 0.0527861 4 
0 0.0535713 4 
0 0.0550894 4 
0 0.0553962 4 
0 0.0612252 4 
0 0.0656655 4 
0 0.0677799 4 
0 0.0682694 4 
0 0.0708942 4 
0 0.0718214 4 
0 0.0744253 4 
0 0.0748734 4 
0 0.0761906 4 
0 0.0770525 4 
0 0.0770557 4 
0 0.077378 4 
0 0.0784443 4 
0 0.0788647 4 
0 0.0792869 4 
0 0.0792869 4 
0 0.0801187 4 
0 0.0808387 4 
0 0.0820633 4 
0 0.0825651 4 
0 0.0873445 4 
0 0.100338 4 
0 0.101734 4 
0 0.107359 4 
0 0.116333 4 
0 0.119567 4 
0 0.130765 4 
0 0.13544 4 
0 0.233919 4 
0 0.280065 4 
0 0.347304 4 
0 0.350883 4 
0 0.360118 4 
0 0.392613 4 
0 0.40123 4 
0 0.436702 4 
0 0.438068 4 
0 0.443425 4 
0 0.454149 4 
0 0.487107 4 
0 0.492273 4 
0 0.49319 4 
0 0.518352 4 
0 0.566759 4 
0 0.589065 4 
0 0.595117 4 
0 0.625061 4 
0 0.66218 4 
0 0.672152 4 
0 0.685465 4 
0 0.688937 4 
0 0.697124 4 
0 0.705803 4 
0 0.707622 4 
0 0.709598 4 
0 0.712479 4 
0 0.715911 4 
0 0.77631 4 
0 0.7803 4 
0 0.780913 4 
0 0.784138 4 
0 0.785385 4 
0 0.802035 4 
0 0.80461 4 
0 0.804611 4 
0 0.933896 4 
0 1.05896 4 
0 1.09642 4 
0 1.09666 4 
0 1.09678 4 
0 1.14784 4 
0 1.20687 4 
0 1.21151 4 
0 1.21662 4 
0 1.25103 4 
0 1.71978 4 
0 1.73321 4 
0 2.05485 4 
0 2.15938 4 
0 2.16024 4 
0 2.16056 4 
0 2.17207 4 
0 2.20985 4 
0 2.27966 4 
0 inf 4 
0 0.0128768 5 
0 0.0237474 5 
0 0.0244367 5 
0 0.0270215 5 
0 0.0285086 5 
0 0.0330885 5 
0 0.0338333 5 
0 0.0379892 5 
0 0.0392706 5 
0 0.0413267 5 
0 0.0423202 5 
0 0.0460714 5 
0 0.0466051 5 
0 0.0471439 5 
0 0.0478415 5 
0 0.0485257 5 
0 0.0485299 5 
0 0.0487006 5 
0 0.0487017 5 
0 0.0487042 5 
0 0.049379 5 
0 0.0519935 5 
0 0.0520048 5 
0 0.0526341 5 
0 0.0534135 5 
0 0.0540296 5 
0 0.054344 5 
0 0.0555375 5 
0 0.0559892 5 
0 0.0574527 5 
0 0.0575968 5 
0 0.058458 5 
0 0.0608137 5 
0 0.0619044 5 
0 0.0627018 5 
0 0.063358 5 
0 0.063876 5 
0 0.0660424 5 
0 0.0688719 5 
0 0.0707768 5 
0 0.0736452 5 
0 0.0751007 5 
0 0.0761938 5 
0 0.0768373 5 
0 0.0788697 5 
0 0.079489 5 
0 0.0829651 5 
0 0.0846408 5 
0 0.0916981 5 
0 0.0987507 5 
0 0.100997 5 
0 0.113671 5 
0 0.114179 5 
0 0.128012 5 
0 0.136963 5 
0 0.230311 5 
0 0.350482 5 
0 0.355754 5 
0 0.405094 5 
0 0.417045 5 
0 0.419102 5 
0 0.420922 5 
0 0.451967 5 
0 0.485819 5 
0 0.507145 5 
0 0.513244 5 
0 0.519487 5 
0 0.523299 5 
0 0.549716 5 
0 0.563731 5 
0 0.566253 5 
0 0.590022 5 
0 0.59305 5 
0 0.618595 5 
0 0.621004 5 
0 0.622285 5 
0 0.643844 5 
0 0.656626 5 
0 0.665782 5 
0 0.675618 5 
0 0.686644 5 
0 0.690222 5 
0 0.715704 5 
0 0.721514 5 
0 0.732005 5 
0 0.749961 5 
0 0.771175 5 
0 0.772464 5 
0 0.780155 5 
0 0.781394 5 
0 0.782274 5 
0 0.783546 5 
0 0.857416 5 
0 0.861373 5 
0 0.86248 5 
0 0.864832 5 
0 0.886285 5 
0 0.944774 5 
0 1.05021 5 
0 1.16132 5 
0 1.28494 5 
0 1.37829 5 
0 1.53746 5 
0 1.56238 5 
0 1.59844 5 
0 1.60825 5 
0 1.60905 5 
0 1.61481 5 
0 1.65249 5 
0 1.65653 5 
0 1.67557 5 
0 1.70389 5 
0 1.76204 5 
0 1.76801 5 
0 1.79774 5 
0 inf 5 
0 0.0230358 6 
0 0.0267025 6 
0 0.0267055 6 
0 0.0276173 6 
0 0.0325788 6 
0 0.0368821 6 
0 0.0382051 6 
0 0.0386361 6 
0 0.0403174 6 
0 0.0425177 6 
0 0.0453493 6 
0 0.0455353 6 
0 0.0464377 6 
0 0.0471465 6 
0 0.0474948 6 
0 0.048531 6 
0 0.0487014 6 
0 0.0490383 6 
0 0.04904 6 
0 0.05151 6 
0 0.0519952 6 
0 0.0521574 6 
0 0.0523148 6 
0 0.053569 6 
0 0.053878 6 
0 0.05418 6 
0 0.054945 6 
0 0.0575958 6 
0 0.0577379 6 
0 0.0594348 6 
0 0.0605457 6 
0 0.0616264 6 
0 0.0617696 6 
0 0.0620338 6 
0 0.062435 6 
0 0.0632206 6 
0 0.0650363 6 
0 0.0665456 6 
0 0.0677813 6 
0 0.0940166 6 
0 0.0963671 6 
0 0.100748 6 
0 0.105806 6 
0 0.106124 6 
0 0.109353 6 
0 0.12332 6 
0 0.131082 6 
0 0.219129 6 
0 0.318263 6 
0 0.345525 6 
0 0.351798 6 
0 0.416841 6 
0 0.424798 6 
0 0.446873 6 
0 0.457507 6 
0 0.463343 6 
0 0.465486 6 
0 0.471211 6 
0 0.484949 6 
0 0.485239 6 
0 0.491387 6 
0 0.514086 6 
0 0.515857 6 
0 0.517713 6 
0 0.518503 6 
0 0.52431 6 
0 0.53351 6 
0 0.555608 6 
0 0.567324 6 
0 0.616608 6 
0 0.617105 6 
0 0.618072 6 
0 0.639683 6 
0 0.642186 6 
0 0.653499 6 
0 0.655058 6 
0 0.661107 6 
0 0.662009 6 
0 0.664661 6 
0 0.677029 6 
0 0.72927 6 
0 0.745866 6 
0 0.74773 6 
0 0.748351 6 
0 0.748972 6 
0 0.750687 6 
0 0.751049 6 
0 0.762065 6 
0 0.765619 6 
0 0.782055 6 
0 0.783782 6 
0 0.784088 6 
0 0.832068 6 
0 0.846679 6 
0 0.93363 6 
0 1.08014 6 
0 1.20017 6 
0 1.30493 6 
0 1.44905 6 
0 1.45684 6 
0 1.45995 6 
0 1.46202 6 
0 1.55331 6 
0 1.55373 6 
0 1.55451 6 
0 1.56527 6 
0 1.60108 6 
0 1.61203 6 
0 1.62082 6 
0 1.656 6 
0 1.65678 6 
0 inf 6 
0 0.0304766 7 
0 0.034317 7 
0 0.0370998 7 
0 0.0377633 7 
0 0.0434844 7 
0 0.0436702 7 
0 0.0440521 7 
0 0.0444257 7 
0 0.0457145 7 
0 0.0464308 7 
0 0.047147 7 
0 0.0473201 7 
0 0.0474951 7 
0 0.0487001 7 
0 0.0493742 7 
0 0.0493821 7 
0 0.0498724 7 
0 0.0507009 7 
0 0.0561362 7 
0 0.0564333 7 
0 0.0574527 7 
0 0.0617629 7 
0 0.061897 7 
0 0.0620335 7 
0 0.062429 7 
0 0.0626991 7 
0 0.0697161 7 
0 0.0737557 7 
0 0.0789683 7 
0 0.0811441 7 
0 0.0811451 7 
0 0.092868 7 
0 0.101002 7 
0 0.108516 7 
0 0.112278 7 
0 0.112714 7 
0 0.113377 7 
0 0.113382 7 
0 0.150409 7 
0 0.224217 7 
0 0.234511 7 
0 0.276544 7 
0 0.338264 7 
0 0.341776 7 
0 0.342148 7 
0 0.344291 7 
0 0.352958 7 
0 0.382001 7 
0 0.393232 7 
0 0.414992 7 
0 0.41571 7 
0 0.415816 7 
0 0.42098 7 
0 0.42283 7 
0 0.454413 7 
0 0.456216 7 
0 0.462714 7 
0 0.50109 7 
0 0.502735 7 
0 0.506023 7 
0 0.508731 7 
0 0.509111 7 
0 0.511556 7 
0 0.524797 7 
0 0.56398 7 
0 0.568195 7 
0 0.619541 7 
0 0.619609 7 
0 0.628114 7 
0 0.629631 7 
0 0.638515 7 
0 0.64532 7 
0 0.645949 7 
0 0.653113 7 
0 0.67343 7 
0 0.676904 7 
0 0.74202 7 
0 0.742881 7 
0 0.745588 7 
0 0.755674 7 
0 0.758946 7 
0 0.765767 7 
0 0.766546 7 
0 0.801328 7 
0 0.807157 7 
0 0.81775 7 
0 0.851698 7 
0 0.85205 7 
0 0.861225 7 
0 0.938953 7 
0 0.994631 7 
0 1.1479 7 
0 1.1479 7 
0 1.14965 7 
0 1.20862 7 
0 1.38313 7 
0 1.39088 7 
0 1.4276 7 
0 1.42904 7 
0 1.42915 7 
0 1.43396 7 
0 1.44061 7 
0 1.44415 7 
0 1.46502 7 
0 1.50585 7 
0 1.52089 7 
0 1.53653 7 
0 inf 7 
0 0.0167908 8 
0 0.0167966 8 
0 0.0177504 8 
0 0.0267051 8 
0 0.0368771 8 
0 0.037985 8 
0 0.0427127 8 
0 0.0466109 8 
0 0.0490425 8 
0 0.0493786 8 
0 0.0561415 8 
0 0.0578768 8 
0 0.0580288 8 
0 0.0595774 8 
0 0.0599961 8 
0 0.0612269 8 
0 0.0643923 8 
0 0.0647771 8 
0 0.0670428 8 
0 0.0693585 8 
0 0.0705378 8 
0 0.0737614 8 
0 0.0782337 8 
0 0.0805316 8 
0 0.0805327 8 
0 0.0849369 8 
0 0.0897849 8 
0 0.100752 8 
0 0.10367 8 
0 0.13841 8 
0 0.139363 8 
0 0.149009 8 
0 0.235886 8 
0 0.237462 8 
0 0.239108 8 
0 0.239865 8 
0 0.333172 8 
0 0.349677 8 
0 0.350075 8 
0 0.351281 8 
0 0.358318 8 
0 0.366617 8 
0 0.379461 8 
0 0.380335 8 
0 0.383627 8 
0 0.397973 8 
0 0.417516 8 
0 0.423918 8 
0 0.450276 8 
0 0.467518 8 
0 0.477549 8 
0 0.492047 8 
0 0.498267 8 
0 0.5029 8 
0 0.504217 8 
0 0.504233 8 
0 0.504759 8 
0 0.514693 8 
0 0.514731 8 
0 0.52223 8 
0 0.536964 8 
0 0.540136 8 
0 0.609154 8 
0 0.611343 8 
0 0.61556 8 
0 0.620612 8 
0 0.623319 8 
0 0.623319 8 
0 0.62563 8 
0 0.631371 8 
0 0.639078 8 
0 0.673011 8 
0 0.712318 8 
0 0.716509 8 
0 0.719108 8 
0 0.727083 8 
0 0.760717 8 
0 0.77228 8 
0 0.781089 8 
0 0.78112 8 
0 0.83325 8 
0 0.927356 8 
0 0.934136 8 
0 0.962093 8 
0 0.976634 8 
0 0.976838 8 
0 0.993046 8 
0 0.995155 8 
0 1.0057 8 
0 1.14994 8 
0 1.24537 8 
0 1.24591 8 
0 1.24987 8 
0 1.29769 8 
0 1.31546 8 
0 1.33979 8 
0 1.44017 8 
0 1.44155 8 
0 1.44889 8 
0 1.61285 8 
0 1.83079 8 
0 1.88192 8 
0 2.05641 8 
0 inf 8 
0 0.0254283 9 
0 0.0299268 9 
0 0.0357313 9 
0 0.0419275 9 
0 0.0430991 9 
0 0.0469648 9 
0 0.0500444 9 
0 0.0518341 9 
0 0.0523138 9 
0 0.0527838 9 
0 0.0567258 9 
0 0.0602696 9 
0 0.0645227 9 
0 0.0681472 9 
0 0.068267 9 
0 0.070655 9 
0 0.0727345 9 
0 0.0772768 9 
0 0.0817618 9 
0 0.0820609 9 
0 0.0917664 9 
0 0.112496 9 
0 0.124256 9 
0 0.143237 9 
0 0.204237 9 
0 0.204911 9 
0 0.208164 9 
0 0.223923 9 
0 0.225214 9 
0 0.254165 9 
0 0.295693 9 
0 0.296169 9 
0 0.30162 9 
0 0.304494 9 
0 0.352557 9 
0 0.398702 9 
0 0.400588 9 
0 0.403992 9 
0 0.416287 9 
0 0.419615 9 
0 0.421809 9 
0 0.422693 9 
0 0.449148 9 
0 0.468811 9 
0 0.471857 9 
0 0.479031 9 
0 0.481488 9 
0 0.486653 9 
0 0.496777 9 
0 0.506907 9 
0 0.508165 9 
0 0.510216 9 
0 0.513795 9 
0 0.513805 9 
0 0.519064 9 
0 0.523604 9 
0 0.542514 9 
0 0.56559 9 
0 0.572948 9 
0 0.57399 9 
0 0.577272 9 
0 0.635012 9 
0 0.637292 9 
0 0.641857 9 
0 0.645463 9 
0 0.673959 9 
0 0.696416 9 
0 0.706808 9 
0 0.707688 9 
0 0.714432 9 
0 0.718538 9 
0 0.749031 9 
0 0.751121 9 
0 0.75798 9 
0 0.762069 9 
0 0.802806 9 
0 0.821885 9 
0 0.82828 9 
0 0.876883 9 
0 0.880205 9 
0 0.913606 9 
0 0.939369 9 
0 0.940921 9 
0 0.996405 9 
0 1.00955 9 
0 1.02909 9 
0 1.20183 9 
0 1.236 9 
0 1.24428 9 
0 1.24508 9 
0 1.25636 9 
0 1.27761 9 
0 1.27888 9 
0 1.28669 9 
0 1.44926 9 
0 1.44975 9 
0 1.46058 9 
0 1.56017 9 
0 1.59525 9 
0 inf 9 
0 0.0293631 10 
0 0.0379872 10 
0 0.0425232 10 
0 0.045899 10 
0 0.0469658 10 
0 0.0469681 10 
0 0.0550922 10 
0 0.0595793 10 
0 0.0598486 10 
0 0.0771646 10 
0 0.083464 10 
0 0.0952517 10 
0 0.0986707 10 
0 0.10236 10 
0 0.132404 10 
0 0.133778 10 
0 0.137752 10 
0 0.139051 10 
0 0.140297 10 
0 0.158455 10 
0 0.180206 10 
0 0.210915 10 
0 0.233709 10 
0 0.249339 10 
0 0.256948 10 
0 0.260282 10 
0 0.262991 10 
0 0.299239 10 
0 0.300484 10 
0 0.304411 10 
0 0.348465 10 
0 0.364038 10 
0 0.374794 10 
0 0.389377 10 
0 0.396656 10 
0 0.405753 10 
0 0.412703 10 
0 0.418155 10 
0 0.420707 10 
0 0.424962 10 
0 0.43699 10 
0 0.437459 10 
0 0.447316 10 
0 0.473312 10 
0 0.482739 10 
0 0.484248 10 
0 0.502834 10 
0 0.503904 10 
0 0.514637 10 
0 0.516397 10 
0 0.518234 10 
0 0.534644 10 
0 0.536197 10 
0 0.549922 10 
0 0.551007 10 
0 0.580028 10 
0 0.590572 10 
0 0.592885 10 
0 0.61278 10 
0 0.614078 10 
0 0.627168 10 
0 0.67359 10 
0 0.678145 10 
0 0.679318 10 
0 0.739143 10 
0 0.742515 10 
0 0.742968 10 
0 0.743515 10 
0 0.743941 10 
0 0.744643 10 
0 0.788404 10 
0 0.815427 10 
0 0.893572 10 
0 0.900184 10 
0 0.903853 10 
0 0.934997 10 
0 0.938051 10 
0 0.945448 10 
0 1.00661 10 
0 1.01311 10 
0 1.11484 10 
0 1.17386 10 
0 1.17981 10 
0 1.24476 10 
0 1.24524 10 
0 1.2835 10 
0 1.4367 10 
0 1.43744 10 
0 1.44692 10 
0 1.44761 10 
0 1.48316 10 
0 1.55256 10 
0 1.55324 10 
0 1.6604 10 
0 1.66046 10 
0 inf 10 
0 0.0618964 11 
0 0.0698304 11 
0 0.0737256 11 
0 0.0766191 11 
0 0.0826638 11 
0 0.10365 11 
0 0.117391 11 
0 0.120604 11 
0 0.125589 11 
0 0.127734 11 
0 0.130135 11 
0 0.144446 11 
0 0.145198 11 
0 0.161438 11 
0 0.170561 11 
0 0.175688 11 
0 0.187116 11 
0 0.208183 11 
0 0.227084 11 
0 0.247259 11 
0 0.266871 11 
0 0.273 11 
0 0.291113 11 
0 0.29375 11 
0 0.295985 11 
0 0.298983 11 
0 0.304626 11 
0 0.344315 11 
0 0.347488 11 
0 0.35331 11 
0 0.355255 11 
0 0.363379 11 
0 0.364105 11 
0 0.375147 11 
0 0.386339 11 
0 0.38728 11 
0 0.428976 11 
0 0.441089 11 
0 0.441483 11 
0 0.443857 11 
0 0.461213 11 
0 0.461214 11 
0 0.463991 11 
0 0.468948 11 
0 0.472929 11 
0 0.481994 11 
0 0.483232 11 
0 0.502932 11 
0 0.504661 11 
0 0.515127 11 
0 0.548938 11 
0 0.548938 11 
0 0.591617 11 
0 0.594148 11 
0 0.602292 11 
0 0.602953 11 
0 0.62425 11 
0 0.659422 11 
0 0.660427 11 
0 0.679511 11 
0 0.703919 11 
0 0.704013 11 
0 0.721329 11 
0 0.722053 11 
0 0.762228 11 
0 0.762238 11 
0 0.764933 11 
0 0.78155 11 
0 0.783362 11 
0 0.854769 11 
0 0.897618 11 
0 0.898458 11 
0 0.937433 11 
0 0.943254 11 
0 0.959028 11 
0 0.969407 11 
0 0.970536 11 
0 1.24339 11 
0 1.244 11 
0 1.30008 11 
0 1.31725 11 
0 1.31733 11 
0 1.43597 11 
0 1.43781 11 
0 1.47215 11 
0 1.47362 11 
0 1.54224 11 
0 1.79928 11 
0 1.80193 11 
0 1.83842 11 
0 1.83988 11 
0 inf 11 
0 0.0774564 12 
0 0.10889 12 
0 0.132276 12 
0 0.140999 12 
0 0.143349 12 
0 0.158535 12 
0 0.168998 12 
0 0.172262 12 
0 0.17259 12 
0 0.186103 12 
0 0.229408 12 
0 0.249927 12 
0 0.251763 12 
0 0.263904 12 
0 0.265408 12 
0 0.289497 12 
0 0.296128 12 
0 0.312235 12 
0 0.317939 12 
0 0.318017 12 
0 0.318876 12 
0 0.320358 12 
0 0.324606 12 
0 0.344202 12 
0 0.354928 12 
0 0.358971 12 
0 0.360055 12 
0 0.385953 12 
0 0.39508 12 
0 0.397077 12 
0 0.397529 12 
0 0.398015 12 
0 0.400382 12 
0 0.414082 12 
0 0.432807 12 
0 0.442696 12 
0 0.463426 12 
0 0.464649 12 
0 0.465568 12 
0 0.466849 12 
0 0.504857 12 
0 0.505596 12 
0 0.517824 12 
0 0.536532 12 
0 0.540724 12 
0 0.541104 12 
0 0.544205 12 
0 0.572336 12 
0 0.572336 12 
0 0.58194 12 
0 0.631704 12 
0 0.634068 12 
0 0.639662 12 
0 0.640116 12 
0 0.663806 12 
0 0.665104 12 
0 0.696303 12 
0 0.69911 12 
0 0.700496 12 
0 0.709396 12 
0 0.709711 12 
0 0.709922 12 
0 0.726822 12 
0 0.735383 12 
0 0.933079 12 
0 0.950767 12 
0 0.956668 12 
0 0.960051 12 
0 1.01234 12 
0 1.13101 12 
0 1.1641 12 
0 1.16549 12 
0 1.18364 12 
0 1.18408 12 
0 1.24319 12 
0 1.24415 12 
0 1.2925 12 
0 1.29323 12 
0 1.29323 12 
0 1.33609 12 
0 1.34766 12 
0 1.42001 12 
0 1.44001 12 
0 1.44173 12 
0 1.60631 12 
0 1.63535 12 
0 1.63547 12 
0 inf 12 
0 0.0891066 13 
0 0.0949842 13 
0 0.106827 13 
0 0.111076 13 
0 0.117734 13 
0 0.13305 13 
0 0.149031 13 
0 0.169689 13 
0 0.17488 13 
0 0.203133 13 
0 0.248933 13 
0 0.253471 13 
0 0.261148 13 
0 0.279016 13 
0 0.289611 13 
0 0.298634 13 
0 0.352692 13 
0 0.35411 13 
0 0.354217 13 
0 0.356236 13 
0 0.35786 13 
0 0.368813 13 
0 0.381358 13 
0 0.382677 13 
0 0.383029 13 
0 0.385205 13 
0 0.393432 13 
0 0.420564 13 
0 0.420643 13 
0 0.471261 13 
0 0.493538 13 
0 0.496674 13 
0 0.503922 13 
0 0.504234 13 
0 0.542417 13 
0 0.545785 13 
0 0.550702 13 
0 0.566147 13 
0 0.584502 13 
0 0.596812 13 
0 0.600952 13 
0 0.601228 13 
0 0.612671 13 
0 0.612712 13 
0 0.613902 13 
0 0.648542 13 
0 0.650585 13 
0 0.652113 13 
0 0.65381 13 
0 0.665016 13 
0 0.693427 13 
0 0.70073 13 
0 0.702019 13 
0 0.70466 13 
0 0.704942 13 
0 0.714037 13 
0 0.714489 13 
0 0.714501 13 
0 0.73843 13 
0 0.791134 13 
0 0.810016 13 
0 0.875715 13 
0 0.883409 13 
0 0.889276 13 
0 0.889808 13 
0 0.941583 13 
0 0.984739 13 
0 1.00098 13 
0 1.0064 13 
0 1.0064 13 
0 1.00798 13 
0 1.00805 13 
0 1.00812 13 
0 1.24379 13 
0 1.24609 13 
0 1.2466 13 
0 1.24686 13 
0 1.2479 13 
0 1.43625 13 
0 1.5978 13 
0 1.5988 13 
0 1.59888 13 
0 1.77796 13 
0 inf 13 
0 0.0713558 14 
0 0.0876296 14 
0 0.0882918 14 
0 0.104604 14 
0 0.112427 14 
0 0.202488 14 
0 0.213413 14 
0 0.214844 14 
0 0.226276 14 
0 0.254233 14 
0 0.29646 14 
0 0.312303 14 
0 0.312662 14 
0 0.32569 14 
0 0.328394 14 
0 0.332609 14 
0 0.333729 14 
0 0.333804 14 
0 0.335251 14 
0 0.335374 14 
0 0.339881 14 
0 0.341634 14 
0 0.344041 14 
0 0.346419 14 
0 0.346962 14 
0 0.354788 14 
0 0.356141 14 
0 0.357187 14 
0 0.357234 14 
0 0.386881 14 
0 0.387244 14 
0 0.388205 14 
0 0.388528 14 
0 0.394055 14 
0 0.39521 14 
0 0.395757 14 
0 0.395778 14 
0 0.397451 14 
0 0.399157 14 
0 0.49505 14 
0 0.495147 14 
0 0.504059 14 
0 0.505974 14 
0 0.510342 14 
0 0.510538 14 
0 0.511073 14 
0 0.51156 14 
0 0.512095 14 
0 0.513632 14 
0 0.535778 14 
0 0.541679 14 
0 0.550925 14 
0 0.551091 14 
0 0.552308 14 
0 0.641662 14 
0 0.666712 14 
0 0.680807 14 
0 0.681047 14 
0 0.684777 14 
0 0.685031 14 
0 0.690063 14 
0 0.707157 14 
0 0.770493 14 
0 0.779482 14 
0 0.781267 14 
0 0.876723 14 
0 0.879358 14 
0 0.884436 14 
0 1.00897 14 
0 1.01029 14 
0 1.0116 14 
0 1.24871 14 
0 1.35152 14 
0 1.35204 14 
0 1.35211 14 
0 1.43789 14 
0 1.46962 14 
0 1.47022 14 
0 1.47041 14 
0 inf 14 
0 0.0550957 15 
0 0.0897831 15 
0 0.116172 15 
0 0.159497 15 
0 0.193865 15 
0 0.194066 15 
0 0.222736 15 
0 0.263711 15 
0 0.279381 15 
0 0.28457 15 
0 0.285603 15 
0 0.287491 15 
0 0.288922 15 
0 0.28944 15 
0 0.300964 15 
0 0.304881 15 
0 0.309738 15 
0 0.321384 15 
0 0.32398 15 
0 0.324721 15 
0 0.325945 15 
0 0.327037 15 
0 0.332454 15 
0 0.336126 15 
0 0.336914 15 
0 0.339074 15 
0 0.344365 15 
0 0.353547 15 
0 0.353828 15 
0 0.38391 15 
0 0.38921 15 
0 0.389316 15 
0 0.389912 15 
0 0.390033 15 
0 0.430251 15 
0 0.469 15 
0 0.482957 15 
0 0.483369 15 
0 0.483695 15 
0 0.510445 15 
0 0.520189 15 
0 0.529987 15 
0 0.556417 15 
0 0.557037 15 
0 0.579924 15 
0 0.61223 15 
0 0.619008 15 
0 0.726457 15 
0 0.728019 15 
0 0.730146 15 
0 0.777419 15 
0 0.778186 15 
0 0.778485 15 
0 0.843278 15 
0 0.843593 15 
0 0.843593 15 
0 0.876992 15 
0 0.900908 15 
0 0.997398 15 
0 1.00628 15 
0 1.00628 15 
0 1.06225 15 
0 1.0892 15 
0 1.0892 15 
0 1.2446 15 
0 1.41413 15 
0 1.41414 15 
0 1.41429 15 
0 1.44162 15 
0 1.44557 15 
0 1.44609 15 
0 1.44648 15 
0 1.62407 15 
0 1.62452 15 
0 1.62468 15 
0 inf 15 
0 0.0952224 16 
0 0.177041 16 
0 0.180756 16 
0 0.236293 16 
0 0.253333 16 
0 0.26628 16 
0 0.270728 16 
0 0.272195 16 
0 0.273895 16 
0 0.325817 16 
0 0.329637 16 
0 0.329839 16 
0 0.330543 16 
0 0.33583 16 
0 0.336619 16 
0 0.340786 16 
0 0.34451 16 
0 0.346694 16 
0 0.354062 16 
0 0.354062 16 
0 0.354366 16 
0 0.354975 16 
0 0.354998 16 
0 0.355628 16 
0 0.35982 16 
0 0.360303 16 
0 0.361774 16 
0 0.362121 16 
0 0.363858 16 
0 0.365132 16 
0 0.365132 16 
0 0.380656 16 
0 0.380722 16 
0 0.383521 16 
0 0.384557 16 
0 0.438859 16 
0 0.515295 16 
0 0.51582 16 
0 0.518194 16 
0 0.54358 16 
0 0.550131 16 
0 0.584031 16 
0 0.606726 16 
0 0.687625 16 
0 0.695195 16 
0 0.721811 16 
0 0.722638 16 
0 0.724014 16 
0 0.733514 16 
0 0.737842 16 
0 0.737842 16 
0 0.846443 16 
0 0.846443 16 
0 0.846786 16 
0 0.936589 16 
0 0.937483 16 
0 0.938288 16 
0 0.984305 16 
0 1.09908 16 
0 1.17864 16 
0 1.24747 16 
0 1.29301 16 
0 1.29301 16 
0 1.29378 16 
0 1.44738 16 
0 1.84969 16 
0 1.84978 16 
0 1.84993 16 
0 1.86421 16 
0 1.86449 16 
0 1.8648 16 
0 inf 16 
0 0.110991 17 
0 0.119969 17 
0 0.13475 17 
0 0.136038 17 
0 0.139646 17 
0 0.18439 17 
0 0.223968 17 
0 0.246704 17 
0 0.249213 17 
0 0.252387 17 
0 0.329771 17 
0 0.330344 17 
0 0.331071 17 
0 0.331246 17 
0 0.332213 17 
0 0.332869 17 
0 0.340683 17 
0 0.341631 17 
0 0.343447 17 
0 0.343954 17 
0 0.354086 17 
0 0.354834 17 
0 0.356327 17 
0 0.359894 17 
0 0.36164 17 
0 0.361823 17 
0 0.368793 17 
0 0.376024 17 
0 0.379777 17 
0 0.379777 17 
0 0.379842 17 
0 0.383759 17 
0 0.384083 17 
0 0.384277 17 
0 0.384601 17 
0 0.457258 17 
0 0.506466 17 
0 0.611125 17 
0 0.61221 17 
0 0.613725 17 
0 0.625801 17 
0 0.627842 17 
0 0.629438 17 
0 0.629702 17 
0 0.63859 17 
0 0.641389 17 
0 0.689891 17 
0 0.691512 17 
0 0.691872 17 
0 0.692052 17 
0 1.06731 17 
0 1.06758 17 
0 1.06852 17 
0 1.16033 17 
0 1.1608 17 
0 1.16115 17 
0 1.25714 17 
0 1.26147 17 
0 1.26261 17 
0 1.2627 17 
0 1.44804 17 
0 1.67869 17 
0 1.67943 17 
0 1.6798 17 
0 1.78978 17 
0 1.79159 17 
0 1.7949 17 
0 inf 17 
0 0.0835345 18 
0 0.0838314 18 
0 0.0898496 18 
0 0.0928455 18 
0 0.146779 18 
0 0.152597 18 
0 0.157307 18 
0 0.185066 18 
0 0.187205 18 
0 0.187572 18 
0 0.189714 18 
0 0.219515 18 
0 0.22177 18 
0 0.250773 18 
0 0.344937 18 
0 0.346167 18 
0 0.346358 18 
0 0.346478 18 
0 0.34667 18 
0 0.351723 18 
0 0.352818 18 
0 0.354928 18 
0 0.354998 18 
0 0.355511 18 
0 0.359073 18 
0 0.365471 18 
0 0.387479 18 
0 0.389592 18 
0 0.389974 18 
0 0.390166 18 
0 0.425626 18 
0 0.425783 18 
0 0.426503 18 
0 0.426717 18 
0 0.526489 18 
0 0.530567 18 
0 0.531504 18 
0 0.633902 18 
0 0.662347 18 
0 0.663361 18 
0 0.709073 18 
0 0.709716 18 
0 0.709774 18 
0 0.711175 18 
0 0.725552 18 
0 0.734582 18 
0 0.735451 18 
0 1.09852 18 
0 1.12064 18 
0 1.12277 18 
0 1.13306 18 
0 1.14016 18 
0 1.14318 18 
0 1.15176 18 
0 1.15187 18 
0 1.15205 18 
0 1.2561 18 
0 1.25686 18 
0 1.25695 18 
0 1.25697 18 
0 1.48411 18 
0 1.49753 18 
0 1.49857 18 
0 inf 18 
0 0.0793602 19 
0 0.0797766 19 
0 0.0946172 19 
0 0.122775 19 
0 0.127022 19 
0 0.129098 19 
0 0.181124 19 
0 0.181125 19 
0 0.183307 19 
0 0.21191 19 
0 0.212379 19 
0 0.213003 19 
0 0.357836 19 
0 0.359593 19 
0 0.363264 19 
0 0.363333 19 
0 0.363812 19 
0 0.363994 19 
0 0.364905 19 
0 0.395006 19 
0 0.400358 19 
0 0.400944 19 
0 0.401496 19 
0 0.401626 19 
0 0.401647 19 
0 0.402156 19 
0 0.438853 19 
0 0.442017 19 
0 0.442467 19 
0 0.538339 19 
0 0.554803 19 
0 0.554803 19 
0 0.597452 19 
0 0.646106 19 
0 0.646927 19 
0 0.678766 19 
0 0.681814 19 
0 0.682604 19 
0 0.734301 19 
0 0.734391 19 
0 0.734606 19 
0 0.861598 19 
0 0.863444 19 
0 0.863646 19 
0 0.871372 19 
0 0.902929 19 
0 0.933026 19 
0 0.937395 19 
0 0.939657 19 
0 0.996881 19 
0 0.997189 19 
0 0.997522 19 
0 1.03075 19 
0 1.26641 19 
0 1.26661 19 
0 1.26661 19 
0 1.46807 19 
0 1.47758 19 
0 1.47828 19 
0 inf 19 
0 0.0778827 20 
0 0.0859822 20 
0 0.0864606 20 
0 0.132896 20 
0 0.137857 20 
0 0.171434 20 
0 0.172157 20 
0 0.172302 20 
0 0.249935 20 
0 0.249935 20 
0 0.357603 20 
0 0.359823 20 
0 0.360214 20 
0 0.360928 20 
0 0.364769 20 
0 0.377133 20 
0 0.379502 20 
0 0.397908 20 
0 0.414886 20 
0 0.47754 20 
0 0.477592 20 
0 0.511135 20 
0 0.511508 20 
0 0.511524 20 
0 0.518869 20 
0 0.525953 20 
0 0.527606 20 
0 0.534571 20 
0 0.536058 20 
0 0.536166 20 
0 0.609775 20 
0 0.629107 20 
0 0.633496 20 
0 0.672715 20 
0 0.672974 20 
0 0.672974 20 
0 0.678745 20 
0 0.696391 20 
0 0.698876 20 
0 0.700014 20 
0 0.702734 20 
0 0.730417 20 
0 0.730747 20 
0 0.733282 20 
0 0.745891 20 
0 0.746025 20 
0 0.947682 20 
0 0.94936 20 
0 1.10181 20 
0 1.28189 20 
0 1.28395 20 
0 1.28474 20 
0 1.48031 20 
0 1.48174 20 
0 1.48238 20 
0 inf 20 
