4.06478 6.89182 1 
1.26235 3.11323 1 
0.174103 0.194856 1 
0.135421 0.18821 1 
0.118642 0.142 1 
0.0700537 0.113154 1 
0.0587351 0.0592076 1 
0.058576 0.0642897 1 
0.0569871 0.0607482 1 
0.0561717 0.0642897 1 
0.0522509 0.0634156 1 
0.0517207 0.0524358 1 
0.0515533 0.0531323 1 
0.0487831 0.0499064 1 
0.0474444 0.0582661 1 
0.047053 0.0550107 1 
0.0468525 0.0506335 1 
0.0462734 0.0478397 1 
0.0458553 0.0549974 1 
0.0409733 0.0442178 1 
0.0398313 0.0423024 1 
4.85791 5.31748 2 
4.85724 5.17179 2 
3.63569 5.35648 2 
1.08887 4.08809 2 
0.172988 0.197072 2 
0.172988 0.179994 2 
0.155287 0.176582 2 
0.1499 0.158688 2 
0.0773028 0.0783811 2 
0.0712242 0.0836124 2 
0.0709744 0.072641 2 
0.0670996 0.0783756 2 
0.0623874 0.0687256 2 
0.0563299 0.056333 2 
0.0533011 0.0533028 2 
0.0517282 0.056333 2 
0.0517224 0.0568224 2 
0.0517216 0.0526057 2 
0.0489688 0.0577852 2 
0.0472455 0.0568224 2 
0.044016 0.0508293 2 
0.0427402 0.0435939 2 
0.0425224 0.0470548 2 
0.0379358 0.0418661 2 
3.58957 3.86754 3 
3.5857 3.85227 3 
3.09418 3.86823 3 
3.05814 3.08386 3 
0.94499 4.15913 3 
0.174737 0.177205 3 
0.157985 0.173205 3 
0.152225 0.171921 3 
0.150882 0.15729 3 
0.141547 0.143362 3 
0.138045 0.148665 3 
0.123821 0.145411 3 
0.0958546 0.102909 3 
0.0645669 0.0765889 3 
0.0641464 0.0680541 3 
0.051724 0.0566625 3 
0.0506326 0.0529523 3 
0.048213 0.0500836 3 
0.0478314 0.0495423 3 
0.043586 0.0454521 3 
2.09476 2.12204 4 
0.865014 4.09114 4 
0.1442 0.162708 4 
0.143431 0.163556 4 
0.142915 0.168392 4 
0.121108 0.132662 4 
0.114767 0.117942 4 
0.0953713 0.09547 4 
0.0605966 0.0884465 4 
0.0526085 0.0635632 4 
0.0520819 0.0541638 4 
0.0502704 0.0550075 4 
0.042954 0.0442207 4 
0.042954 0.0482139 4 
0.0376913 0.0388973 4 
1.92057 1.93611 5 
1.8944 2.2204 5 
1.89318 2.2091 5 
1.89318 2.21125 5 
1.83487 2.08038 5 
1.28246 3.71607 5 
0.109597 0.120113 5 
0.101824 0.122847 5 
0.101372 0.106436 5 
0.0881253 0.0903971 5 
0.0623971 0.078967 5 
0.060136 0.0689954 5 
0.0482184 0.0543327 5 
3.21937 3.27146 6 
3.21849 3.30108 6 
2.79025 2.82021 6 
1.97309 3.32727 6 
1.87335 1.89761 6 
0.109507 0.110097 6 
0.0539945 0.0623923 6 
2.59088 2.68775 7 
2.50766 2.68357 7 
2.49229 2.93707 7 
2.48961 2.73153 7 
2.25753 2.94502 7 
1.8452 1.91174 7 
0.120038 0.139443 7 
0.102454 0.112742 7 
0.0934121 0.0958518 7 
0.0925231 0.104154 7 
0.0918218 0.0955663 7 
0.081385 0.0863354 7 
2.22547 2.42553 8 
2.06601 3.25252 8 
2.03528 2.37951 8 
1.86547 2.42205 8 
0.176739 0.181829 8 
0.123822 0.147429 8 
0.102995 0.113887 8 
0.10046 0.101008 8 
2.21959 2.28765 9 
1.7778 2.01463 9 
1.69406 2.28868 9 
1.44692 2.28732 9 
0.973631 0.975871 9 
0.109847 0.110351 9 
0.0950779 0.114691 9 
1.99389 2.21001 10 
1.98067 2.15412 10 
1.22261 2.0585 10 
0.105557 0.108063 10 
2.26875 2.37954 11 
2.2681 2.37946 11 
1.96547 2.67913 11 
1.96395 2.84554 11 
1.78741 1.86723 11 
1.54524 1.54768 11 
1.47693 1.76256 11 
0.416509 0.434807 11 
2.05572 2.1706 12 
1.90153 2.14685 12 
1.87893 1.89973 12 
1.87864 1.89943 12 
1.8472 2.09839 12 
1.61445 1.74776 12 
1.61105 1.65651 12 
1.56084 1.66532 12 
1.55143 1.66655 12 
1.55134 1.66945 12 
1.51532 1.739 12 
0.37796 0.40711 12 
1.45497 1.58309 13 
1.44639 1.57537 13 
1.4433 1.59051 13 
1.38146 1.3886 13 
1.32799 1.38575 13 
0.92863 1.00283 13 
0.904899 0.912231 13 
0.65921 0.68364 13 
1.13024 1.15757 14 
1.11741 1.1945 14 
0.943656 1.07215 14 
0.78974 0.809252 14 
1.83817 1.88422 15 
1.83793 1.88263 15 
1.83792 1.8852 15 
0.982413 1.078 15 
0.971088 1.01135 15 
0.960339 0.966842 15 
0.932644 1.00438 15 
1.9611 2.50836 16 
1.96103 2.50813 16 
1.9595 2.50883 16 
1.95944 1.97495 17 
1.95906 1.97681 17 
1.95754 1.97259 17 
1.74167 1.95387 17 
1.7404 1.9592 17 
1.73985 1.95806 17 
2.04172 2.10148 18 
2.04168 2.09845 18 
2.04103 2.10012 18 
1.54406 1.57632 18 
1.54406 1.57658 18 
1.5429 1.56975 18 
1.32318 1.42633 18 
0.848205 0.948447 19 
0.649136 0.672513 19 
0.64908 0.670039 19 
0.648866 0.670369 19 
0.682323 0.740246 20 
0.655387 0.719975 20 
