0 0.0126251 1 
0 0.0126253 1 
0 0.0172864 1 
0 0.0209372 1 
0 0.0282312 1 
0 0.0321906 1 
0 0.0324955 1 
0 0.0334024 1 
0 0.0348683 1 
0 0.035987 1 
0 0.0365421 1 
0 0.0376116 1 
0 0.038139 1 
0 0.0384059 1 
0 0.0394225 1 
0 0.0401744 1 
0 0.0401744 1 
0 0.0401756 1 
0 0.0404223 1 
0 0.0404279 1 
0 0.0406682 1 
0 0.0411539 1 
0 0.041872 1 
0 0.0432766 1 
0 0.0441926 1 
0 0.0446386 1 
0 0.0453056 1 
0 0.0461721 1 
0 0.0476583 1 
0 0.0478671 1 
0 0.0478711 1 
0 0.0493025 1 
0 0.0495059 1 
0 0.0501062 1 
0 0.0528135 1 
0 0.0530008 1 
0 0.0530011 1 
0 0.0535666 1 
0 0.0537506 1 
0 0.0546669 1 
0 0.055035 1 
0 0.0553925 1 
0 0.055578 1 
0 0.0562837 1 
0 0.0566383 1 
0 0.0573388 1 
0 0.0576885 1 
0 0.0581991 1 
0 0.0583698 1 
0 0.0583748 1 
0 0.058545 1 
0 0.0616818 1 
0 0.0634385 1 
0 0.0636042 1 
0 0.0639083 1 
0 0.0652974 1 
0 0.0657539 1 
0 0.0659034 1 
0 0.0659042 1 
0 0.0660557 1 
0 0.066954 1 
0 0.0679839 1 
0 0.0684246 1 
0 0.069006 1 
0 0.0695812 1 
0 0.0712787 1 
0 0.0715554 1 
0 0.0740227 1 
0 0.0749497 1 
0 0.0756156 1 
0 0.076017 1 
0 0.076406 1 
0 0.0766675 1 
0 0.077314 1 
0 0.0776987 1 
0 0.078594 1 
0 0.0807155 1 
0 0.0809672 1 
0 0.0884892 1 
0 0.0902716 1 
0 0.0908183 1 
0 0.0919094 1 
0 0.0939496 1 
0 0.0962502 1 
0 0.0966733 1 
0 0.096769 1 
0 0.0985033 1 
0 0.0987053 1 
0 0.104301 1 
0 0.105626 1 
0 0.119603 1 
0 0.146824 1 
0 0.155841 1 
0 0.161363 1 
0 0.180765 1 
0 0.186139 1 
0 0.188005 1 
0 0.193798 1 
0 0.201014 1 
0 0.222372 1 
0 0.225002 1 
0 0.242312 1 
0 0.297656 1 
0 0.343325 1 
0 0.395162 1 
0 0.410131 1 
0 0.415266 1 
0 0.495176 1 
0 0.520499 1 
0 0.52403 1 
0 0.526832 1 
0 0.555633 1 
0 0.569519 1 
0 0.59382 1 
0 0.603413 1 
0 0.664352 1 
0 0.691754 1 
0 0.724588 1 
0 0.804634 1 
0 0.820893 1 
0 1.36283 1 
0 1.58891 1 
0 1.6641 1 
0 2.06579 1 
0 2.97746 1 
0 2.98439 1 
0 3.37749 1 
0 4.27944 1 
0 5.02871 1 
0 5.09734 1 
0 5.26181 1 
0 inf 1 
0 0.0141164 2 
0 0.01729 2 
0 0.0189363 2 
0 0.0194585 2 
0 0.0209406 2 
0 0.0256444 2 
0 0.0260335 2 
0 0.0271554 2 
0 0.0275192 2 
0 0.0282307 2 
0 0.0299439 2 
0 0.0299487 2 
0 0.0324953 2 
0 0.0370799 2 
0 0.0394223 2 
0 0.0399228 2 
0 0.0401711 2 
0 0.0416355 2 
0 0.043277 2 
0 0.046815 2 
0 0.0470336 2 
0 0.0478671 2 
0 0.0484922 2 
0 0.048897 2 
0 0.0493027 2 
0 0.0497035 2 
0 0.0508928 2 
0 0.0508938 2 
0 0.0541282 2 
0 0.0564634 2 
0 0.0571674 2 
0 0.0573367 2 
0 0.0583697 2 
0 0.0595503 2 
0 0.0603828 2 
0 0.0612071 2 
0 0.0624944 2 
0 0.0634402 2 
0 0.0646828 2 
0 0.064843 2 
0 0.0649853 2 
0 0.0665065 2 
0 0.0676964 2 
0 0.0678414 2 
0 0.0698728 2 
0 0.0712801 2 
0 0.0721115 2 
0 0.072936 2 
0 0.0732074 2 
0 0.0736157 2 
0 0.0750917 2 
0 0.0757496 2 
0 0.0757499 2 
0 0.0765425 2 
0 0.0775632 2 
0 0.0784577 2 
0 0.0803439 2 
0 0.0805924 2 
0 0.081452 2 
0 0.0818211 2 
0 0.0827892 2 
0 0.0860919 2 
0 0.0862011 2 
0 0.0863222 2 
0 0.0881475 2 
0 0.0938403 2 
0 0.0978948 2 
0 0.102369 2 
0 0.105719 2 
0 0.107218 2 
0 0.113008 2 
0 0.125456 2 
0 0.125858 2 
0 0.129212 2 
0 0.136782 2 
0 0.139026 2 
0 0.140731 2 
0 0.144915 2 
0 0.146686 2 
0 0.147702 2 
0 0.152421 2 
0 0.155523 2 
0 0.15635 2 
0 0.161868 2 
0 0.181648 2 
0 0.194252 2 
0 0.206539 2 
0 0.214991 2 
0 0.225179 2 
0 0.237622 2 
0 0.266704 2 
0 0.297091 2 
0 0.356741 2 
0 0.400602 2 
0 0.41782 2 
0 0.43026 2 
0 0.445086 2 
0 0.451135 2 
0 0.466436 2 
0 0.48539 2 
0 0.487543 2 
0 0.546531 2 
0 0.569769 2 
0 0.602558 2 
0 0.604008 2 
0 0.604925 2 
0 0.611563 2 
0 0.611668 2 
0 0.617941 2 
0 0.632837 2 
0 0.636711 2 
0 0.644083 2 
0 0.681514 2 
0 1.28586 2 
0 1.49054 2 
0 1.62071 2 
0 1.62586 2 
0 2.50977 2 
0 3.26829 2 
0 3.56871 2 
0 3.64215 2 
0 3.69334 2 
0 3.95957 2 
0 3.98513 2 
0 3.99309 2 
0 4.16933 2 
0 4.2794 2 
0 inf 2 
0 0.0189439 3 
0 0.0194583 3 
0 0.0209349 3 
0 0.0227671 3 
0 0.0240401 3 
0 0.0256441 3 
0 0.0260294 3 
0 0.0260301 3 
0 0.0260301 3 
0 0.0260318 3 
0 0.0289299 3 
0 0.0302738 3 
0 0.0339963 3 
0 0.0345723 3 
0 0.0376112 3 
0 0.038914 3 
0 0.0404168 3 
0 0.0416321 3 
0 0.0428166 3 
0 0.0430478 3 
0 0.0430482 3 
0 0.0461769 3 
0 0.0463885 3 
0 0.0478714 3 
0 0.0497042 3 
0 0.0503026 3 
0 0.0530028 3 
0 0.0541189 3 
0 0.0568141 3 
0 0.0573362 3 
0 0.0573442 3 
0 0.0597192 3 
0 0.0602147 3 
0 0.0603852 3 
0 0.0607121 3 
0 0.0635915 3 
0 0.0648369 3 
0 0.064986 3 
0 0.0663625 3 
0 0.0679921 3 
0 0.0688615 3 
0 0.0714178 3 
0 0.0725335 3 
0 0.0730677 3 
0 0.0734817 3 
0 0.0738852 3 
0 0.0742887 3 
0 0.0745554 3 
0 0.0766669 3 
0 0.0810857 3 
0 0.0836287 3 
0 0.0882625 3 
0 0.0897195 3 
0 0.0899344 3 
0 0.0947894 3 
0 0.0952091 3 
0 0.0952138 3 
0 0.0964573 3 
0 0.0976928 3 
0 0.0976929 3 
0 0.0979985 3 
0 0.0980965 3 
0 0.0997061 3 
0 0.102761 3 
0 0.10544 3 
0 0.112028 3 
0 0.112397 3 
0 0.116302 3 
0 0.137719 3 
0 0.140235 3 
0 0.142973 3 
0 0.15475 3 
0 0.167429 3 
0 0.173743 3 
0 0.206728 3 
0 0.208882 3 
0 0.232578 3 
0 0.243126 3 
0 0.288553 3 
0 0.310792 3 
0 0.324273 3 
0 0.331565 3 
0 0.332558 3 
0 0.370712 3 
0 0.395754 3 
0 0.411476 3 
0 0.41552 3 
0 0.418807 3 
0 0.462569 3 
0 0.470734 3 
0 0.48378 3 
0 0.499552 3 
0 0.511392 3 
0 0.516584 3 
0 0.51791 3 
0 0.519184 3 
0 0.535251 3 
0 0.539974 3 
0 0.556184 3 
0 0.578396 3 
0 0.592081 3 
0 0.592558 3 
0 0.608165 3 
0 0.616145 3 
0 0.638245 3 
0 1.22462 3 
0 1.26946 3 
0 1.27259 3 
0 1.54678 3 
0 1.57555 3 
0 1.99322 3 
0 1.99534 3 
0 1.99674 3 
0 2.20364 3 
0 2.41608 3 
0 3.2375 3 
0 3.46456 3 
0 3.63605 3 
0 3.78452 3 
0 3.79114 3 
0 3.79126 3 
0 3.98158 3 
0 4.06963 3 
0 inf 3 
0 0.0204588 4 
0 0.0204601 4 
0 0.0209401 4 
0 0.0248549 4 
0 0.0260266 4 
0 0.02603 4 
0 0.0260304 4 
0 0.0278771 4 
0 0.0318777 4 
0 0.0370781 4 
0 0.0389156 4 
0 0.0421135 4 
0 0.0430471 4 
0 0.0437364 4 
0 0.0439615 4 
0 0.045302 4 
0 0.049102 4 
0 0.0491027 4 
0 0.0491075 4 
0 0.0526284 4 
0 0.0530029 4 
0 0.0530034 4 
0 0.0537506 4 
0 0.0544879 4 
0 0.0592165 4 
0 0.0600536 4 
0 0.0608771 4 
0 0.0615275 4 
0 0.0616879 4 
0 0.066504 4 
0 0.0678425 4 
0 0.0685703 4 
0 0.0685725 4 
0 0.0726625 4 
0 0.0736176 4 
0 0.0752191 4 
0 0.0757513 4 
0 0.0766677 4 
0 0.0773054 4 
0 0.0784562 4 
0 0.0793469 4 
0 0.079473 4 
0 0.0826715 4 
0 0.0839793 4 
0 0.08516 4 
0 0.092018 4 
0 0.0937396 4 
0 0.0954259 4 
0 0.0966677 4 
0 0.0982997 4 
0 0.103818 4 
0 0.104297 4 
0 0.104303 4 
0 0.116317 4 
0 0.116317 4 
0 0.11682 4 
0 0.118354 4 
0 0.118598 4 
0 0.126168 4 
0 0.137216 4 
0 0.13866 4 
0 0.139879 4 
0 0.145874 4 
0 0.163639 4 
0 0.167005 4 
0 0.172939 4 
0 0.179262 4 
0 0.182073 4 
0 0.199965 4 
0 0.282271 4 
0 0.314101 4 
0 0.338975 4 
0 0.348221 4 
0 0.362809 4 
0 0.367389 4 
0 0.377116 4 
0 0.391658 4 
0 0.395246 4 
0 0.427412 4 
0 0.441842 4 
0 0.469476 4 
0 0.470937 4 
0 0.472408 4 
0 0.481915 4 
0 0.488847 4 
0 0.497384 4 
0 0.502462 4 
0 0.502608 4 
0 0.504705 4 
0 0.511606 4 
0 0.567186 4 
0 0.572616 4 
0 0.582576 4 
0 0.583401 4 
0 0.588699 4 
0 0.607129 4 
0 0.614243 4 
0 0.617542 4 
0 1.14999 4 
0 1.29814 4 
0 1.35123 4 
0 1.50795 4 
0 1.56873 4 
0 1.57193 4 
0 1.57266 4 
0 1.57314 4 
0 2.0281 4 
0 2.14182 4 
0 2.14494 4 
0 2.14754 4 
0 2.1655 4 
0 2.19037 4 
0 2.3264 4 
0 2.37044 4 
0 2.37609 4 
0 2.38122 4 
0 2.56024 4 
0 3.0819 4 
0 3.1045 4 
0 inf 4 
0 0.0267866 5 
0 0.0278749 5 
0 0.0278809 5 
0 0.0299433 5 
0 0.0354331 5 
0 0.0362684 5 
0 0.0373471 5 
0 0.0386564 5 
0 0.0386576 5 
0 0.0404207 5 
0 0.0423472 5 
0 0.0432761 5 
0 0.043507 5 
0 0.043736 5 
0 0.0470296 5 
0 0.0470302 5 
0 0.0472409 5 
0 0.0486925 5 
0 0.0535626 5 
0 0.0555716 5 
0 0.0561063 5 
0 0.0585485 5 
0 0.0602188 5 
0 0.0623312 5 
0 0.063132 5 
0 0.0639106 5 
0 0.0639112 5 
0 0.0649919 5 
0 0.0652988 5 
0 0.0660582 5 
0 0.0663577 5 
0 0.0668069 5 
0 0.0681352 5 
0 0.0704369 5 
0 0.0732104 5 
0 0.0734863 5 
0 0.0741527 5 
0 0.0756153 5 
0 0.0757439 5 
0 0.0766603 5 
0 0.0805901 5 
0 0.0876951 5 
0 0.088151 5 
0 0.0932011 5 
0 0.0980965 5 
0 0.0987015 5 
0 0.0989056 5 
0 0.110961 5 
0 0.113094 5 
0 0.113094 5 
0 0.113105 5 
0 0.118271 5 
0 0.119607 5 
0 0.119608 5 
0 0.128282 5 
0 0.13173 5 
0 0.142135 5 
0 0.146551 5 
0 0.167971 5 
0 0.185759 5 
0 0.287897 5 
0 0.293376 5 
0 0.32292 5 
0 0.323416 5 
0 0.359638 5 
0 0.364449 5 
0 0.401869 5 
0 0.406015 5 
0 0.422254 5 
0 0.424254 5 
0 0.43405 5 
0 0.449199 5 
0 0.451862 5 
0 0.457578 5 
0 0.459317 5 
0 0.461577 5 
0 0.468619 5 
0 0.476211 5 
0 0.482033 5 
0 0.490385 5 
0 0.510676 5 
0 0.528305 5 
0 0.540894 5 
0 0.540968 5 
0 0.542513 5 
0 0.551715 5 
0 0.553444 5 
0 0.555057 5 
0 0.556317 5 
0 0.560254 5 
0 0.860762 5 
0 0.891363 5 
0 0.891363 5 
0 0.891821 5 
0 0.992617 5 
0 1.26801 5 
0 1.27759 5 
0 1.28069 5 
0 1.35777 5 
0 1.47314 5 
0 1.57547 5 
0 1.5856 5 
0 1.9771 5 
0 2.06423 5 
0 2.09069 5 
0 2.14775 5 
0 2.1883 5 
0 2.18841 5 
0 2.1889 5 
0 2.1951 5 
0 2.19877 5 
0 2.628 5 
0 2.62844 5 
0 2.63094 5 
0 2.63819 5 
0 inf 5 
0 0.0141133 6 
0 0.0184006 6 
0 0.0248584 6 
0 0.024859 6 
0 0.0260266 6 
0 0.0289291 6 
0 0.0299448 6 
0 0.0312428 6 
0 0.0312484 6 
0 0.0432794 6 
0 0.0444081 6 
0 0.0482837 6 
0 0.0501062 6 
0 0.0539396 6 
0 0.0555756 6 
0 0.055931 6 
0 0.0583686 6 
0 0.0602155 6 
0 0.0608801 6 
0 0.0616897 6 
0 0.0624919 6 
0 0.0632804 6 
0 0.0637466 6 
0 0.0749573 6 
0 0.0757538 6 
0 0.078718 6 
0 0.081698 6 
0 0.0835029 6 
0 0.083745 6 
0 0.084098 6 
0 0.0855065 6 
0 0.0878119 6 
0 0.0878145 6 
0 0.0889424 6 
0 0.0894885 6 
0 0.090053 6 
0 0.0926664 6 
0 0.0938397 6 
0 0.0941681 6 
0 0.0955251 6 
0 0.096045 6 
0 0.096045 6 
0 0.0975886 6 
0 0.102856 6 
0 0.117921 6 
0 0.121253 6 
0 0.127818 6 
0 0.129679 6 
0 0.129982 6 
0 0.136491 6 
0 0.148374 6 
0 0.159596 6 
0 0.172651 6 
0 0.181607 6 
0 0.18164 6 
0 0.183082 6 
0 0.193949 6 
0 0.247973 6 
0 0.2577 6 
0 0.282905 6 
0 0.291633 6 
0 0.29164 6 
0 0.341834 6 
0 0.343773 6 
0 0.346631 6 
0 0.347384 6 
0 0.349721 6 
0 0.358809 6 
0 0.366089 6 
0 0.387954 6 
0 0.420483 6 
0 0.423316 6 
0 0.450555 6 
0 0.454859 6 
0 0.458446 6 
0 0.459856 6 
0 0.485472 6 
0 0.488757 6 
0 0.51087 6 
0 0.516709 6 
0 0.525122 6 
0 0.530558 6 
0 0.553094 6 
0 0.563374 6 
0 0.565122 6 
0 0.721422 6 
0 0.882102 6 
0 0.901924 6 
0 0.976452 6 
0 1.20187 6 
0 1.33187 6 
0 1.36471 6 
0 1.44536 6 
0 1.45778 6 
0 1.49061 6 
0 1.50653 6 
0 1.5185 6 
0 1.59078 6 
0 1.9789 6 
0 1.98948 6 
0 1.99042 6 
0 1.99262 6 
0 2.00761 6 
0 2.01949 6 
0 2.03435 6 
0 2.089 6 
0 2.18844 6 
0 2.20363 6 
0 2.20739 6 
0 2.20781 6 
0 2.25792 6 
0 inf 6 
0 0.0178544 7 
0 0.0218659 7 
0 0.0302763 7 
0 0.0339949 7 
0 0.0351508 7 
0 0.03571 7 
0 0.0396755 7 
0 0.0416383 7 
0 0.0468092 7 
0 0.0518582 7 
0 0.0539324 7 
0 0.0546646 7 
0 0.0562887 7 
0 0.0575088 7 
0 0.0575123 7 
0 0.0576884 7 
0 0.0581996 7 
0 0.0643741 7 
0 0.0682796 7 
0 0.0695831 7 
0 0.0697303 7 
0 0.0707155 7 
0 0.0718368 7 
0 0.0734793 7 
0 0.0766678 7 
0 0.0771849 7 
0 0.0779501 7 
0 0.0779523 7 
0 0.0812067 7 
0 0.0845752 7 
0 0.093091 7 
0 0.0956356 7 
0 0.100308 7 
0 0.101979 7 
0 0.101983 7 
0 0.104115 7 
0 0.10591 7 
0 0.106658 7 
0 0.109241 7 
0 0.123603 7 
0 0.124499 7 
0 0.124581 7 
0 0.128592 7 
0 0.141535 7 
0 0.149678 7 
0 0.151107 7 
0 0.153133 7 
0 0.166143 7 
0 0.167675 7 
0 0.180872 7 
0 0.207964 7 
0 0.213635 7 
0 0.244927 7 
0 0.244927 7 
0 0.283398 7 
0 0.288059 7 
0 0.2963 7 
0 0.31684 7 
0 0.337162 7 
0 0.345566 7 
0 0.358806 7 
0 0.411946 7 
0 0.415486 7 
0 0.442099 7 
0 0.451408 7 
0 0.451728 7 
0 0.453488 7 
0 0.478264 7 
0 0.490223 7 
0 0.498857 7 
0 0.545061 7 
0 0.547969 7 
0 0.553036 7 
0 0.555552 7 
0 0.560788 7 
0 0.567203 7 
0 0.568887 7 
0 0.569007 7 
0 0.57654 7 
0 0.605213 7 
0 0.752072 7 
0 1.0044 7 
0 1.03826 7 
0 1.08348 7 
0 1.08784 7 
0 1.10355 7 
0 1.12034 7 
0 1.28217 7 
0 1.37967 7 
0 1.38378 7 
0 1.40429 7 
0 1.46821 7 
0 1.50412 7 
0 1.53297 7 
0 1.53871 7 
0 1.59115 7 
0 1.61625 7 
0 1.71373 7 
0 1.71571 7 
0 1.74505 7 
0 1.74509 7 
0 1.90965 7 
0 2.02769 7 
0 2.02968 7 
0 2.03739 7 
0 2.09843 7 
0 2.20292 7 
0 inf 7 
0 0.0289282 8 
0 0.0289332 8 
0 0.0331025 8 
0 0.0439648 8 
0 0.0632822 8 
0 0.0632897 8 
0 0.0637525 8 
0 0.0642191 8 
0 0.0648422 8 
0 0.0678399 8 
0 0.070442 8 
0 0.0712775 8 
0 0.0723934 8 
0 0.0738815 8 
0 0.0758821 8 
0 0.0782114 8 
0 0.0782171 8 
0 0.0793466 8 
0 0.081211 8 
0 0.0831519 8 
0 0.0839833 8 
0 0.0848108 8 
0 0.0916914 8 
0 0.0931881 8 
0 0.0943789 8 
0 0.0969754 8 
0 0.0976918 8 
0 0.0985058 8 
0 0.101783 8 
0 0.103245 8 
0 0.103251 8 
0 0.105909 8 
0 0.124329 8 
0 0.12805 8 
0 0.132634 8 
0 0.139732 8 
0 0.150736 8 
0 0.153681 8 
0 0.164545 8 
0 0.168917 8 
0 0.169141 8 
0 0.173617 8 
0 0.188784 8 
0 0.189242 8 
0 0.189951 8 
0 0.192369 8 
0 0.199458 8 
0 0.211884 8 
0 0.221009 8 
0 0.23969 8 
0 0.243607 8 
0 0.278065 8 
0 0.281988 8 
0 0.329725 8 
0 0.329966 8 
0 0.363769 8 
0 0.382788 8 
0 0.391969 8 
0 0.402995 8 
0 0.43647 8 
0 0.438655 8 
0 0.453456 8 
0 0.487287 8 
0 0.498585 8 
0 0.502828 8 
0 0.520737 8 
0 0.540301 8 
0 0.54142 8 
0 0.542362 8 
0 0.563633 8 
0 0.596288 8 
0 0.599553 8 
0 0.621962 8 
0 0.717337 8 
0 0.724798 8 
0 0.750122 8 
0 0.757767 8 
0 0.758461 8 
0 0.825384 8 
0 0.884632 8 
0 0.915968 8 
0 1.07053 8 
0 1.09813 8 
0 1.1068 8 
0 1.16089 8 
0 1.16644 8 
0 1.20756 8 
0 1.24522 8 
0 1.2972 8 
0 1.37056 8 
0 1.45594 8 
0 1.51633 8 
0 1.51713 8 
0 1.5429 8 
0 1.54482 8 
0 1.58014 8 
0 1.60889 8 
0 1.61841 8 
0 2.02934 8 
0 2.03226 8 
0 2.04933 8 
0 2.05038 8 
0 2.05454 8 
0 inf 8 
0 0.0435061 9 
0 0.0510896 9 
0 0.0516694 9 
0 0.0595521 9 
0 0.0603826 9 
0 0.0605473 9 
0 0.0611761 9 
0 0.0615283 9 
0 0.0645316 9 
0 0.0652957 9 
0 0.0672516 9 
0 0.0733449 9 
0 0.0745561 9 
0 0.0756202 9 
0 0.0832635 9 
0 0.087472 9 
0 0.0882669 9 
0 0.0897166 9 
0 0.0902708 9 
0 0.0906006 9 
0 0.0913656 9 
0 0.0918018 9 
0 0.0935202 9 
0 0.093735 9 
0 0.0989116 9 
0 0.11562 9 
0 0.119352 9 
0 0.120766 9 
0 0.130511 9 
0 0.132323 9 
0 0.141076 9 
0 0.151397 9 
0 0.161602 9 
0 0.162602 9 
0 0.169114 9 
0 0.170464 9 
0 0.177151 9 
0 0.186832 9 
0 0.189084 9 
0 0.240967 9 
0 0.243448 9 
0 0.282095 9 
0 0.306061 9 
0 0.313421 9 
0 0.31608 9 
0 0.327238 9 
0 0.330721 9 
0 0.341283 9 
0 0.361103 9 
0 0.373855 9 
0 0.378621 9 
0 0.38506 9 
0 0.43836 9 
0 0.451893 9 
0 0.461669 9 
0 0.485803 9 
0 0.487451 9 
0 0.491612 9 
0 0.497242 9 
0 0.499341 9 
0 0.507946 9 
0 0.50829 9 
0 0.508338 9 
0 0.516042 9 
0 0.549118 9 
0 0.56943 9 
0 0.569569 9 
0 0.616937 9 
0 0.625127 9 
0 0.63491 9 
0 0.657039 9 
0 0.700398 9 
0 0.784226 9 
0 0.991985 9 
0 1.00051 9 
0 1.0056 9 
0 1.01578 9 
0 1.13673 9 
0 1.14309 9 
0 1.18052 9 
0 1.26061 9 
0 1.26082 9 
0 1.28401 9 
0 1.30917 9 
0 1.31437 9 
0 1.31443 9 
0 1.50301 9 
0 1.52211 9 
0 1.52848 9 
0 1.53066 9 
0 1.63138 9 
0 1.63151 9 
0 1.75056 9 
0 1.75122 9 
0 2.02912 9 
0 2.03066 9 
0 2.08504 9 
0 2.22969 9 
0 2.22983 9 
0 inf 9 
0 0.0394196 10 
0 0.0439602 10 
0 0.0615282 10 
0 0.0659079 10 
0 0.0691528 10 
0 0.0705777 10 
0 0.0707184 10 
0 0.0714189 10 
0 0.0733264 10 
0 0.0760121 10 
0 0.0794749 10 
0 0.0865524 10 
0 0.0882577 10 
0 0.0913673 10 
0 0.0972765 10 
0 0.105531 10 
0 0.106936 10 
0 0.10806 10 
0 0.112114 10 
0 0.118163 10 
0 0.121256 10 
0 0.125059 10 
0 0.125138 10 
0 0.144711 10 
0 0.166624 10 
0 0.16978 10 
0 0.172269 10 
0 0.172377 10 
0 0.173242 10 
0 0.174715 10 
0 0.181144 10 
0 0.225536 10 
0 0.239055 10 
0 0.268111 10 
0 0.281039 10 
0 0.296524 10 
0 0.29873 10 
0 0.300263 10 
0 0.30181 10 
0 0.315524 10 
0 0.33088 10 
0 0.360081 10 
0 0.380124 10 
0 0.383856 10 
0 0.389388 10 
0 0.446543 10 
0 0.446543 10 
0 0.457183 10 
0 0.464466 10 
0 0.464637 10 
0 0.464721 10 
0 0.464897 10 
0 0.46523 10 
0 0.46863 10 
0 0.470849 10 
0 0.471108 10 
0 0.482284 10 
0 0.484921 10 
0 0.487329 10 
0 0.518928 10 
0 0.520174 10 
0 0.524019 10 
0 0.552998 10 
0 0.568666 10 
0 0.585342 10 
0 0.620353 10 
0 0.762694 10 
0 0.794853 10 
0 0.796105 10 
0 0.807967 10 
0 0.840366 10 
0 0.884287 10 
0 0.885188 10 
0 1.104 10 
0 1.11153 10 
0 1.2606 10 
0 1.26136 10 
0 1.26566 10 
0 1.26847 10 
0 1.26889 10 
0 1.26916 10 
0 1.28384 10 
0 1.30488 10 
0 1.42005 10 
0 1.53238 10 
0 1.53258 10 
0 1.5374 10 
0 1.53779 10 
0 1.57862 10 
0 1.57862 10 
0 2.03636 10 
0 2.03683 10 
0 2.12022 10 
0 2.15814 10 
0 2.15895 10 
0 inf 10 
0 0.0406682 11 
0 0.0510881 11 
0 0.0553935 11 
0 0.0665062 11 
0 0.0734607 11 
0 0.0753603 11 
0 0.0871299 11 
0 0.0950971 11 
0 0.105061 11 
0 0.105251 11 
0 0.10554 11 
0 0.105807 11 
0 0.112113 11 
0 0.130819 11 
0 0.141013 11 
0 0.141783 11 
0 0.145222 11 
0 0.157528 11 
0 0.160318 11 
0 0.176232 11 
0 0.183031 11 
0 0.188659 11 
0 0.197309 11 
0 0.213995 11 
0 0.227296 11 
0 0.231421 11 
0 0.251363 11 
0 0.261454 11 
0 0.263844 11 
0 0.270196 11 
0 0.271775 11 
0 0.283644 11 
0 0.294352 11 
0 0.299284 11 
0 0.307653 11 
0 0.315047 11 
0 0.360754 11 
0 0.361489 11 
0 0.386513 11 
0 0.393891 11 
0 0.401963 11 
0 0.405492 11 
0 0.407406 11 
0 0.409284 11 
0 0.455677 11 
0 0.459133 11 
0 0.464874 11 
0 0.46769 11 
0 0.484725 11 
0 0.507308 11 
0 0.514145 11 
0 0.517142 11 
0 0.517715 11 
0 0.522447 11 
0 0.524766 11 
0 0.525999 11 
0 0.526131 11 
0 0.532268 11 
0 0.537944 11 
0 0.538536 11 
0 0.540991 11 
0 0.718628 11 
0 0.801171 11 
0 0.802065 11 
0 0.82528 11 
0 0.862293 11 
0 0.88979 11 
0 0.890442 11 
0 0.898081 11 
0 0.900208 11 
0 0.992203 11 
0 0.994159 11 
0 1.02513 11 
0 1.08972 11 
0 1.09497 11 
0 1.16894 11 
0 1.19568 11 
0 1.21574 11 
0 1.26319 11 
0 1.26355 11 
0 1.26968 11 
0 1.27476 11 
0 1.27728 11 
0 1.28369 11 
0 1.28629 11 
0 1.28741 11 
0 2.02885 11 
0 2.03191 11 
0 2.0695 11 
0 2.07017 11 
0 2.07025 11 
0 inf 11 
0 0.0794699 12 
0 0.0827705 12 
0 0.0871253 12 
0 0.0882692 12 
0 0.088371 12 
0 0.0886983 12 
0 0.0963422 12 
0 0.0990949 12 
0 0.127267 12 
0 0.143116 12 
0 0.145801 12 
0 0.151594 12 
0 0.160906 12 
0 0.160964 12 
0 0.162324 12 
0 0.162924 12 
0 0.174269 12 
0 0.175862 12 
0 0.190162 12 
0 0.194687 12 
0 0.211439 12 
0 0.22737 12 
0 0.252975 12 
0 0.259937 12 
0 0.264072 12 
0 0.26731 12 
0 0.274803 12 
0 0.279139 12 
0 0.300592 12 
0 0.326427 12 
0 0.333459 12 
0 0.342268 12 
0 0.346266 12 
0 0.34641 12 
0 0.34879 12 
0 0.351123 12 
0 0.355692 12 
0 0.357842 12 
0 0.365168 12 
0 0.382327 12 
0 0.385681 12 
0 0.399976 12 
0 0.439845 12 
0 0.456986 12 
0 0.462188 12 
0 0.465624 12 
0 0.471156 12 
0 0.502039 12 
0 0.50215 12 
0 0.51038 12 
0 0.52543 12 
0 0.525566 12 
0 0.546835 12 
0 0.549107 12 
0 0.577927 12 
0 0.590204 12 
0 0.606167 12 
0 0.619624 12 
0 0.623231 12 
0 0.674828 12 
0 0.674887 12 
0 0.676729 12 
0 0.753402 12 
0 0.777315 12 
0 0.852708 12 
0 0.874454 12 
0 0.910309 12 
0 0.917797 12 
0 0.936705 12 
0 1.08954 12 
0 1.10054 12 
0 1.10419 12 
0 1.10621 12 
0 1.11156 12 
0 1.26158 12 
0 1.26442 12 
0 1.34037 12 
0 1.34042 12 
0 1.34116 12 
0 1.54059 12 
0 1.54176 12 
0 1.54302 12 
0 2.0279 12 
0 2.02939 12 
0 2.02997 12 
0 2.03065 12 
0 2.03065 12 
0 inf 12 
0 0.0881316 13 
0 0.0921134 13 
0 0.123942 13 
0 0.128901 13 
0 0.131643 13 
0 0.131727 13 
0 0.145257 13 
0 0.148742 13 
0 0.150874 13 
0 0.15504 13 
0 0.18371 13 
0 0.207712 13 
0 0.211813 13 
0 0.245828 13 
0 0.249844 13 
0 0.251116 13 
0 0.256141 13 
0 0.259735 13 
0 0.26221 13 
0 0.26491 13 
0 0.27324 13 
0 0.279813 13 
0 0.303527 13 
0 0.308739 13 
0 0.310798 13 
0 0.313014 13 
0 0.313351 13 
0 0.322326 13 
0 0.322727 13 
0 0.322943 13 
0 0.326669 13 
0 0.329779 13 
0 0.34257 13 
0 0.342919 13 
0 0.345437 13 
0 0.352938 13 
0 0.35339 13 
0 0.354093 13 
0 0.375919 13 
0 0.39594 13 
0 0.414756 13 
0 0.424443 13 
0 0.424818 13 
0 0.429388 13 
0 0.432463 13 
0 0.461004 13 
0 0.488695 13 
0 0.489853 13 
0 0.495738 13 
0 0.556715 13 
0 0.556715 13 
0 0.56381 13 
0 0.566205 13 
0 0.577064 13 
0 0.741995 13 
0 0.751043 13 
0 0.759524 13 
0 0.760121 13 
0 0.761292 13 
0 0.766008 13 
0 0.787997 13 
0 0.88019 13 
0 1.08465 13 
0 1.09973 13 
0 1.26289 13 
0 1.26771 13 
0 1.3136 13 
0 1.31656 13 
0 1.31701 13 
0 1.35116 13 
0 1.35139 13 
0 1.35317 13 
0 1.38945 13 
0 1.391 13 
0 1.39217 13 
0 1.52439 13 
0 1.52453 13 
0 1.52489 13 
0 2.02712 13 
0 2.03124 13 
0 2.15733 13 
0 2.15777 13 
0 2.15851 13 
0 inf 13 
0 0.0742726 14 
0 0.0829116 14 
0 0.0856251 14 
0 0.08916 14 
0 0.0952101 14 
0 0.121671 14 
0 0.126173 14 
0 0.131736 14 
0 0.133761 14 
0 0.146311 14 
0 0.166979 14 
0 0.168291 14 
0 0.20288 14 
0 0.236742 14 
0 0.244527 14 
0 0.246296 14 
0 0.25665 14 
0 0.257774 14 
0 0.259007 14 
0 0.259737 14 
0 0.263704 14 
0 0.264044 14 
0 0.270895 14 
0 0.27207 14 
0 0.277571 14 
0 0.289444 14 
0 0.31025 14 
0 0.334252 14 
0 0.352777 14 
0 0.356643 14 
0 0.356726 14 
0 0.359096 14 
0 0.367485 14 
0 0.367621 14 
0 0.373496 14 
0 0.382851 14 
0 0.386554 14 
0 0.386734 14 
0 0.38712 14 
0 0.413258 14 
0 0.439362 14 
0 0.46124 14 
0 0.474944 14 
0 0.493076 14 
0 0.494509 14 
0 0.501072 14 
0 0.502247 14 
0 0.502323 14 
0 0.510675 14 
0 0.510909 14 
0 0.511084 14 
0 0.582564 14 
0 0.762443 14 
0 0.832144 14 
0 0.885143 14 
0 0.889256 14 
0 0.896488 14 
0 1.01536 14 
0 1.08299 14 
0 1.10466 14 
0 1.26455 14 
0 1.27397 14 
0 1.28038 14 
0 1.28217 14 
0 1.28369 14 
0 1.50157 14 
0 1.50269 14 
0 1.50282 14 
0 1.58302 14 
0 1.58415 14 
0 1.58465 14 
0 1.67989 14 
0 1.67994 14 
0 1.67994 14 
0 2.02766 14 
0 2.03533 14 
0 2.18736 14 
0 2.18758 14 
0 2.18812 14 
0 inf 14 
0 0.0881436 15 
0 0.0896086 15 
0 0.102281 15 
0 0.104764 15 
0 0.105522 15 
0 0.113885 15 
0 0.114228 15 
0 0.114489 15 
0 0.116296 15 
0 0.162201 15 
0 0.164154 15 
0 0.166319 15 
0 0.175424 15 
0 0.176104 15 
0 0.222951 15 
0 0.22691 15 
0 0.264636 15 
0 0.265087 15 
0 0.265886 15 
0 0.266073 15 
0 0.266622 15 
0 0.267146 15 
0 0.267268 15 
0 0.268273 15 
0 0.268512 15 
0 0.270298 15 
0 0.270487 15 
0 0.323494 15 
0 0.323494 15 
0 0.324233 15 
0 0.326209 15 
0 0.329098 15 
0 0.333692 15 
0 0.369448 15 
0 0.423436 15 
0 0.431268 15 
0 0.434077 15 
0 0.435566 15 
0 0.451929 15 
0 0.45953 15 
0 0.489898 15 
0 0.540216 15 
0 0.544915 15 
0 0.544915 15 
0 0.545207 15 
0 0.655888 15 
0 0.670755 15 
0 0.710466 15 
0 0.737324 15 
0 0.799062 15 
0 0.800457 15 
0 0.846873 15 
0 0.846906 15 
0 0.848281 15 
0 1.11078 15 
0 1.11574 15 
0 1.11623 15 
0 1.12376 15 
0 1.15888 15 
0 1.17556 15 
0 1.26273 15 
0 1.27268 15 
0 1.27418 15 
0 1.27509 15 
0 1.27509 15 
0 1.37817 15 
0 1.38019 15 
0 1.38021 15 
0 1.52597 15 
0 1.54621 15 
0 1.54622 15 
0 2.03832 15 
0 2.08569 15 
0 2.08572 15 
0 2.08582 15 
0 inf 15 
0 0.0632859 16 
0 0.0899425 16 
0 0.0915715 16 
0 0.0923512 16 
0 0.095408 16 
0 0.100294 16 
0 0.100887 16 
0 0.102163 16 
0 0.105517 16 
0 0.111311 16 
0 0.114153 16 
0 0.116297 16 
0 0.154206 16 
0 0.162263 16 
0 0.165847 16 
0 0.167282 16 
0 0.189244 16 
0 0.195609 16 
0 0.205348 16 
0 0.206895 16 
0 0.215173 16 
0 0.21629 16 
0 0.27928 16 
0 0.290141 16 
0 0.290141 16 
0 0.291226 16 
0 0.291397 16 
0 0.292773 16 
0 0.297934 16 
0 0.350732 16 
0 0.353604 16 
0 0.355049 16 
0 0.355806 16 
0 0.3579 16 
0 0.378372 16 
0 0.466256 16 
0 0.501177 16 
0 0.557615 16 
0 0.567596 16 
0 0.570956 16 
0 0.571043 16 
0 0.571392 16 
0 0.683033 16 
0 0.701723 16 
0 0.741488 16 
0 0.780445 16 
0 0.801368 16 
0 0.808941 16 
0 0.809729 16 
0 0.845532 16 
0 0.85136 16 
0 0.870762 16 
0 0.870865 16 
0 0.958089 16 
0 0.958869 16 
0 0.9589 16 
0 1.13068 16 
0 1.14976 16 
0 1.15276 16 
0 1.1889 16 
0 1.19288 16 
0 1.19422 16 
0 1.29347 16 
0 1.29383 16 
0 1.29383 16 
0 1.2939 16 
0 1.57795 16 
0 2.04749 16 
0 2.05211 16 
0 2.0527 16 
0 2.05289 16 
0 inf 16 
0 0.0684228 17 
0 0.0766461 17 
0 0.0836079 17 
0 0.0842014 17 
0 0.119018 17 
0 0.119686 17 
0 0.125935 17 
0 0.126873 17 
0 0.143189 17 
0 0.169432 17 
0 0.181007 17 
0 0.190759 17 
0 0.19128 17 
0 0.191747 17 
0 0.210849 17 
0 0.213852 17 
0 0.214224 17 
0 0.214457 17 
0 0.287124 17 
0 0.293812 17 
0 0.299454 17 
0 0.309562 17 
0 0.355591 17 
0 0.358034 17 
0 0.359214 17 
0 0.359241 17 
0 0.359685 17 
0 0.409948 17 
0 0.451937 17 
0 0.453148 17 
0 0.453675 17 
0 0.467049 17 
0 0.468752 17 
0 0.469581 17 
0 0.489205 17 
0 0.490486 17 
0 0.490791 17 
0 0.515056 17 
0 0.51523 17 
0 0.515365 17 
0 0.517082 17 
0 0.573198 17 
0 0.579843 17 
0 0.615009 17 
0 0.637692 17 
0 0.660632 17 
0 0.660634 17 
0 0.668302 17 
0 0.898668 17 
0 0.902071 17 
0 0.910644 17 
0 0.911792 17 
0 0.912448 17 
0 1.17929 17 
0 1.18606 17 
0 1.19016 17 
0 1.19099 17 
0 1.30511 17 
0 1.30515 17 
0 1.30525 17 
0 1.30618 17 
0 1.31816 17 
0 1.52687 17 
0 2.05618 17 
0 2.05874 17 
0 2.0589 17 
0 2.05928 17 
0 inf 17 
0 0.106549 18 
0 0.107294 18 
0 0.107387 18 
0 0.133745 18 
0 0.135521 18 
0 0.138791 18 
0 0.228576 18 
0 0.229749 18 
0 0.22975 18 
0 0.22975 18 
0 0.234959 18 
0 0.23912 18 
0 0.241153 18 
0 0.282784 18 
0 0.283347 18 
0 0.284994 18 
0 0.288657 18 
0 0.29072 18 
0 0.293574 18 
0 0.294353 18 
0 0.294387 18 
0 0.29632 18 
0 0.304102 18 
0 0.364534 18 
0 0.36704 18 
0 0.368124 18 
0 0.457698 18 
0 0.460238 18 
0 0.461967 18 
0 0.486633 18 
0 0.488288 18 
0 0.488594 18 
0 0.510529 18 
0 0.521576 18 
0 0.522168 18 
0 0.522549 18 
0 0.529347 18 
0 0.532091 18 
0 0.534083 18 
0 0.542865 18 
0 0.555212 18 
0 0.587137 18 
0 0.617159 18 
0 0.631566 18 
0 0.725306 18 
0 1.10743 18 
0 1.16515 18 
0 1.16754 18 
0 1.16985 18 
0 1.26477 18 
0 1.28255 18 
0 1.28374 18 
0 1.28374 18 
0 1.29047 18 
0 1.30274 18 
0 1.30402 18 
0 1.30581 18 
0 1.45378 18 
0 1.50489 18 
0 2.08292 18 
0 2.08333 18 
0 2.08336 18 
0 2.08384 18 
0 inf 18 
0 0.116293 19 
0 0.119003 19 
0 0.119003 19 
0 0.11927 19 
0 0.119852 19 
0 0.135238 19 
0 0.179163 19 
0 0.183557 19 
0 0.187425 19 
0 0.24812 19 
0 0.25163 19 
0 0.255716 19 
0 0.258196 19 
0 0.258312 19 
0 0.263087 19 
0 0.288553 19 
0 0.288716 19 
0 0.289027 19 
0 0.289793 19 
0 0.290677 19 
0 0.292565 19 
0 0.33871 19 
0 0.357916 19 
0 0.358361 19 
0 0.3585 19 
0 0.369156 19 
0 0.382281 19 
0 0.408071 19 
0 0.408242 19 
0 0.408291 19 
0 0.458849 19 
0 0.459695 19 
0 0.460214 19 
0 0.473085 19 
0 0.473191 19 
0 0.476546 19 
0 0.501393 19 
0 0.501394 19 
0 0.501473 19 
0 0.523425 19 
0 0.588261 19 
0 0.616802 19 
0 0.742974 19 
0 1.1977 19 
0 1.19785 19 
0 1.28657 19 
0 1.28657 19 
0 1.28664 19 
0 1.37569 19 
0 1.3763 19 
0 1.40184 19 
0 1.50447 19 
0 1.50516 19 
0 1.57413 19 
0 2.136 19 
0 2.14687 19 
0 2.14698 19 
0 2.14698 19 
0 2.56302 19 
0 inf 19 
0 0.0930968 20 
0 0.0943716 20 
0 0.095735 20 
0 0.0961496 20 
0 0.104681 20 
0 0.111323 20 
0 0.111586 20 
0 0.115879 20 
0 0.123775 20 
0 0.173743 20 
0 0.176869 20 
0 0.181812 20 
0 0.235218 20 
0 0.24804 20 
0 0.250558 20 
0 0.25372 20 
0 0.282021 20 
0 0.292451 20 
0 0.292451 20 
0 0.292723 20 
0 0.292904 20 
0 0.292938 20 
0 0.296219 20 
0 0.297561 20 
0 0.308572 20 
0 0.358512 20 
0 0.37224 20 
0 0.374163 20 
0 0.374375 20 
0 0.37599 20 
0 0.376388 20 
0 0.456739 20 
0 0.460216 20 
0 0.460719 20 
0 0.460805 20 
0 0.461562 20 
0 0.462805 20 
0 0.492311 20 
0 0.492958 20 
0 0.492958 20 
0 0.606472 20 
0 0.665565 20 
0 0.706632 20 
0 0.760276 20 
0 1.26744 20 
0 1.26744 20 
0 1.26763 20 
0 1.26989 20 
0 1.27001 20 
0 1.41487 20 
0 1.41491 20 
0 1.50501 20 
0 1.50809 20 
0 2.11874 20 
0 2.11895 20 
0 inf 20 
