6.75404 9.65049 1 
1.49304 1.51063 1 
0.546599 1.53797 1 
0.328487 0.333545 1 
0.280551 0.296957 1 
0.266439 0.305607 1 
0.261555 0.339396 1 
0.219944 0.220246 1 
0.209856 0.22544 1 
0.188548 0.192245 1 
0.18412 0.270461 1 
0.160158 0.16442 1 
0.159334 0.176293 1 
0.153458 0.15983 1 
0.152678 0.166673 1 
0.152677 0.161813 1 
0.146172 0.146991 1 
0.108581 0.139091 1 
0.0962302 0.121965 1 
0.0902354 0.0959518 1 
0.0833374 0.0914077 1 
0.0754604 0.0756365 1 
0.0697832 0.078909 1 
0.0697809 0.0703548 1 
0.0686294 0.0703544 1 
0.0682395 0.0792458 1 
0.0666628 0.0733149 1 
0.0666628 0.0778917 1 
0.065045 0.0699724 1 
0.0642212 0.0660595 1 
0.0633874 0.0646342 1 
0.0616847 0.0619001 1 
0.0599355 0.0648399 1 
0.054108 0.0701686 1 
0.0287209 0.031377 1 
0.0257916 0.0277793 1 
7.27731 7.30169 2 
7.27673 7.33235 2 
5.88299 7.3514 2 
0.492323 2.0448 2 
0.294345 0.301975 2 
0.280458 0.285585 2 
0.271294 0.27989 2 
0.236156 0.24566 2 
0.234976 0.308039 2 
0.180989 0.197376 2 
0.174475 0.193903 2 
0.147624 0.152673 2 
0.136767 0.150124 2 
0.127712 0.128956 2 
0.122071 0.124231 2 
0.116601 0.118865 2 
0.0994929 0.100558 2 
0.0942729 0.100951 2 
0.0908226 0.10559 2 
0.0887483 0.138993 2 
0.0810687 0.0810689 2 
0.0804117 0.0817275 2 
0.0802477 0.0876899 2 
0.0754607 0.0765114 2 
0.0725847 0.0813989 2 
0.0697815 0.0733149 2 
0.0543474 0.0550763 2 
0.043465 0.0502785 2 
0.0349862 0.0382563 2 
0.474083 2.10173 3 
0.360753 0.385983 3 
0.316059 0.316559 3 
0.293398 0.295929 3 
0.285486 0.316559 3 
0.233334 0.289518 3 
0.20627 0.232584 3 
0.163777 0.166434 3 
0.147264 0.181793 3 
0.144525 0.146082 3 
0.144344 0.162305 3 
0.138609 0.146268 3 
0.125299 0.129166 3 
0.0997598 0.101216 3 
0.091118 0.093852 3 
0.0903806 0.0921282 3 
0.0884479 0.100688 3 
0.0863195 0.0937063 3 
0.0820495 0.0872365 3 
0.0784007 0.0813974 3 
0.0768593 0.0807441 3 
0.0733173 0.0765147 3 
0.0672604 0.0725835 3 
0.0672583 0.0680442 3 
0.0664589 0.0890456 3 
0.0548355 0.0638061 3 
0.038602 0.0440734 3 
0.864691 1.86605 4 
0.246794 0.257355 4 
0.232417 0.263936 4 
0.198114 0.204395 4 
0.185917 0.197035 4 
0.181277 0.182741 4 
0.164747 0.188903 4 
0.150662 0.166835 4 
0.11819 0.124123 4 
0.103555 0.107711 4 
0.0792452 0.0833368 4 
0.073316 0.0784025 4 
0.0722183 0.082857 4 
0.0670591 0.0690154 4 
0.0658591 0.0676555 4 
0.0599393 0.0642192 4 
0.051587 0.0523535 4 
0.0505413 0.0545909 4 
2.86072 3.65967 5 
2.85963 3.65606 5 
2.85875 3.65913 5 
2.85859 3.65497 5 
1.62838 1.65843 5 
1.62815 1.63084 5 
1.58837 1.62318 5 
1.24943 1.68674 5 
0.326008 0.338655 5 
0.208391 0.218667 5 
0.206852 0.211872 5 
0.199848 0.216099 5 
0.16739 0.188124 5 
0.145263 0.153114 5 
0.125297 0.132018 5 
0.0879975 0.0894953 5 
0.0825332 0.0860122 5 
0.0815604 0.0873909 5 
0.0802509 0.0896451 5 
0.0768601 0.0809071 5 
3.47189 3.48652 6 
3.28158 3.34119 6 
3.27769 3.34119 6 
1.52655 1.53829 6 
1.48374 1.55689 6 
1.47973 1.47981 6 
1.47758 1.49616 6 
1.46229 1.50294 6 
1.45778 1.49933 6 
0.28688 0.287718 6 
0.228846 0.253499 6 
0.139754 0.151451 6 
0.129062 0.132922 6 
0.10496 0.146444 6 
0.103684 0.10496 6 
0.08413 0.0956751 6 
0.0799147 0.0861627 6 
0.0635994 0.0646369 6 
1.37856 1.38345 7 
1.36802 1.41764 7 
1.31851 1.35929 7 
0.0970554 0.10808 7 
0.0909701 0.0996239 7 
0.0875431 0.108326 7 
0.0867784 0.0892009 7 
0.0822112 0.0839707 7 
1.9114 2.06414 8 
1.7973 1.8807 8 
1.10892 1.15308 8 
0.221096 0.232074 8 
0.157393 0.174318 8 
0.0625414 0.0640168 8 
0.0536044 0.0579034 8 
1.57873 1.82244 9 
1.57873 1.69491 9 
0.930714 0.986413 9 
0.195685 0.203413 9 
0.170773 0.172937 9 
0.15884 0.166496 9 
0.156376 0.167708 9 
0.150127 0.176898 9 
0.106101 0.112899 9 
1.54549 1.71908 10 
1.54546 1.71606 10 
0.826587 0.866696 10 
0.232869 0.284929 10 
0.705438 0.760893 11 
0.780062 0.808896 12 
0.698711 0.828129 12 
0.67545 0.75753 12 
0.539096 0.550478 12 
0.471561 0.502018 12 
0.404432 0.413544 12 
0.397596 0.466255 12 
0.348377 0.400343 12 
0.273488 0.297295 12 
0.896108 0.95916 13 
0.884678 0.912179 13 
0.833239 0.924056 13 
0.357761 0.445397 13 
1.54761 1.59551 14 
1.546 1.59132 14 
1.54073 1.6015 14 
0.941999 0.947827 14 
0.221153 0.223998 14 
1.54872 1.71925 15 
1.54779 1.71588 15 
1.53962 1.60941 15 
0.210149 0.210383 15 
1.57427 1.5936 16 
1.56654 1.63936 16 
1.11418 1.1334 16 
0.333664 0.338888 20 
0.246797 0.248785 20 
