8.06336 9.91352 1 
0.496971 1.13868 1 
0.392226 0.436687 1 
0.208764 0.215617 1 
0.201972 0.270822 1 
0.198647 0.208909 1 
0.185223 0.185876 1 
0.168964 0.170221 1 
0.13752 0.148959 1 
0.135972 0.148959 1 
0.127214 0.133492 1 
0.125774 0.133267 1 
0.122114 0.126259 1 
0.118074 0.12162 1 
0.11704 0.125053 1 
0.116002 0.11781 1 
0.115475 0.136192 1 
0.115471 0.123583 1 
0.115215 0.122856 1 
0.112553 0.143135 1 
0.111198 0.128164 1 
0.109553 0.139703 1 
0.109552 0.111199 1 
0.107594 0.115476 1 
0.106747 0.11363 1 
0.102111 0.102406 1 
0.0990943 0.10031 1 
0.0987857 0.100309 1 
0.0966133 0.107312 1 
0.0947172 0.0975546 1 
0.0934293 0.0937535 1 
0.0931076 0.101212 1 
0.0931039 0.0978639 1 
0.0927789 0.0934198 1 
0.0897878 0.0953538 1 
0.072194 0.0730255 1 
0.0533647 0.055044 1 
0.0522196 0.0522211 1 
7.18935 7.79542 2 
7.17819 7.75914 2 
6.98488 7.76966 2 
0.452408 1.56011 2 
0.300529 0.314424 2 
0.28743 0.295644 2 
0.284353 0.287008 2 
0.268911 0.293794 2 
0.232133 0.251435 2 
0.194168 0.195412 2 
0.186201 0.203913 2 
0.184405 0.188146 2 
0.177368 0.191024 2 
0.157453 0.159744 2 
0.152366 0.167344 2 
0.136191 0.146276 2 
0.132586 0.156098 2 
0.127697 0.140359 2 
0.116781 0.130737 2 
0.11495 0.129573 2 
0.11309 0.124808 2 
0.111474 0.116521 2 
0.107319 0.108161 2 
0.101215 0.10872 2 
0.100916 0.119853 2 
0.100609 0.112279 2 
0.097861 0.106184 2 
0.0914614 0.108161 2 
0.090797 0.114162 2 
0.0880769 0.0997012 2 
0.066511 0.0700644 2 
0.0646665 0.0669645 2 
0.394046 1.53824 3 
0.279088 0.332597 3 
0.270376 0.270595 3 
0.234861 0.235762 3 
0.128631 0.129573 3 
0.128166 0.132582 3 
0.126742 0.135066 3 
0.12285 0.126978 3 
0.121612 0.128631 3 
0.120112 0.133718 3 
0.119348 0.128871 3 
0.118839 0.120362 3 
0.11065 0.123096 3 
0.0984803 0.102699 3 
0.0984803 0.111468 3 
0.0801511 0.111474 3 
1.20862 1.22391 4 
0.399796 1.23021 4 
0.3255 0.32671 4 
0.304029 0.315195 4 
0.274272 0.335684 4 
0.258798 0.284892 4 
0.212076 0.216598 4 
0.173389 0.198947 4 
0.160498 0.161255 4 
0.138389 0.158025 4 
0.133495 0.143972 4 
0.122113 0.122355 4 
0.11548 0.138173 4 
0.115471 0.138172 4 
0.0856432 0.0911315 4 
0.0738527 0.0866866 4 
1.13845 1.17105 5 
1.04853 1.17429 5 
1.04795 1.17336 5 
0.83319 1.19482 5 
0.327919 0.350259 5 
0.327552 0.392915 5 
0.145648 0.147715 5 
0.142276 0.147715 5 
0.134615 0.158977 5 
0.132349 0.158977 5 
0.126978 0.160307 5 
0.110648 0.112816 5 
0.105326 0.118073 5 
2.9751 3.18108 6 
2.8818 3.33467 6 
2.77722 3.07128 6 
2.77562 3.0746 6 
1.07691 1.15877 6 
1.07457 1.12039 6 
0.98654 1.12047 6 
0.983392 1.17448 6 
0.13905 0.147308 6 
0.127689 0.159174 6 
0.126015 0.13143 6 
0.124807 0.13143 6 
0.099398 0.100309 6 
0.0884306 0.0897898 6 
0.892353 0.981516 7 
0.839426 1.08963 7 
0.19292 0.212648 7 
0.168068 0.213211 7 
0.153558 0.156099 7 
0.147095 0.151363 7 
0.0943918 0.0981685 7 
0.0577365 0.0587838 7 
1.77056 1.95175 8 
0.833554 0.933607 8 
0.761585 0.955016 8 
0.257513 0.265509 8 
0.240602 0.244344 8 
0.136411 0.1397 8 
0.121862 0.135962 8 
0.116261 0.138171 8 
0.851319 0.904785 9 
0.75545 0.804089 9 
0.725934 0.860464 9 
0.220072 0.251443 9 
0.148943 0.15236 9 
0.127929 0.159173 9 
0.113089 0.123099 9 
1.63187 1.65172 10 
0.662545 0.754431 10 
0.654069 0.760788 10 
0.553093 0.562603 10 
0.138837 0.14955 10 
0.119602 0.140998 10 
1.62357 1.69586 11 
1.60959 1.66976 11 
0.680597 0.710401 11 
0.60687 0.611244 11 
0.5863 0.631204 11 
0.384657 0.410916 11 
0.646989 0.727972 12 
0.535673 0.556103 12 
0.524462 0.632782 12 
0.514911 0.537147 12 
0.699529 0.758553 13 
0.607615 0.643795 13 
0.55637 0.644078 13 
0.457291 0.495224 13 
0.102686 0.108715 13 
0.800429 0.82548 14 
0.563037 0.587271 14 
0.491037 0.573278 14 
0.293577 0.308872 14 
0.243477 0.260435 14 
0.139471 0.139479 14 
1.65516 1.67472 15 
0.68534 0.727642 15 
0.505817 0.574067 15 
0.452233 0.459607 15 
0.191493 0.192916 15 
1.25986 1.2964 17 
0.181077 0.18703 17 
0.316245 0.367629 18 
0.312775 0.367629 18 
0.297281 0.36007 18 
0.667915 0.69887 19 
0.522144 0.5297 20 
0.492213 0.505634 20 
