0 0.0195891 1 
0 0.0227421 1 
0 0.024844 1 
0 0.0258339 1 
0 0.0264692 1 
0 0.0280028 1 
0 0.0285943 1 
0 0.0294549 1 
0 0.030293 1 
0 0.0324213 1 
0 0.0334268 1 
0 0.033932 1 
0 0.0344174 1 
0 0.03466 1 
0 0.035365 1 
0 0.0353744 1 
0 0.0356089 1 
0 0.0356089 1 
0 0.0358423 1 
0 0.0360755 1 
0 0.0363046 1 
0 0.0372123 1 
0 0.037436 1 
0 0.0378788 1 
0 0.0378794 1 
0 0.038965 1 
0 0.0398121 1 
0 0.0402292 1 
0 0.0404354 1 
0 0.0404357 1 
0 0.0412547 1 
0 0.0414519 1 
0 0.0426434 1 
0 0.0428404 1 
0 0.0443708 1 
0 0.0443717 1 
0 0.0460308 1 
0 0.0463927 1 
0 0.0465692 1 
0 0.0465744 1 
0 0.0471032 1 
0 0.0486745 1 
0 0.049354 1 
0 0.0495228 1 
0 0.0498552 1 
0 0.0500218 1 
0 0.0500265 1 
0 0.0500265 1 
0 0.0505234 1 
0 0.051669 1 
0 0.0521513 1 
0 0.0524724 1 
0 0.0530946 1 
0 0.0530992 1 
0 0.0534205 1 
0 0.0535697 1 
0 0.0540353 1 
0 0.055708 1 
0 0.0573304 1 
0 0.0577649 1 
0 0.0579046 1 
0 0.0579046 1 
0 0.0591942 1 
0 0.0594757 1 
0 0.0597509 1 
0 0.0597514 1 
0 0.0634115 1 
0 0.0640593 1 
0 0.0644536 1 
0 0.0657347 1 
0 0.0666139 1 
0 0.0685946 1 
0 0.0713363 1 
0 0.0737501 1 
0 0.0765252 1 
0 0.0775011 1 
0 0.0801461 1 
0 0.0807675 1 
0 0.0813858 1 
0 0.0826088 1 
0 0.0833111 1 
0 0.0875121 1 
0 0.095182 1 
0 0.0993836 1 
0 0.103656 1 
0 0.104696 1 
0 0.106591 1 
0 0.110061 1 
0 0.111935 1 
0 0.120758 1 
0 0.127021 1 
0 0.127608 1 
0 0.139962 1 
0 0.15191 1 
0 0.16552 1 
0 0.18449 1 
0 0.199565 1 
0 0.205213 1 
0 0.205782 1 
0 0.232287 1 
0 0.248597 1 
0 0.301131 1 
0 0.312599 1 
0 0.365748 1 
0 0.476658 1 
0 0.503785 1 
0 0.537192 1 
0 0.555515 1 
0 0.564916 1 
0 0.641538 1 
0 0.642082 1 
0 0.671067 1 
0 0.672695 1 
0 0.681559 1 
0 0.71005 1 
0 0.756886 1 
0 0.863982 1 
0 0.93201 1 
0 0.971026 1 
0 1.01152 1 
0 1.0972 1 
0 1.36323 1 
0 1.42128 1 
0 2.07456 1 
0 2.32956 1 
0 2.66369 1 
0 3.11523 1 
0 4.21671 1 
0 4.29251 1 
0 4.51974 1 
0 4.57428 1 
0 inf 1 
0 0.0200103 2 
0 0.0270946 2 
0 0.0274038 2 
0 0.0276999 2 
0 0.0280025 2 
0 0.0313744 2 
0 0.0313745 2 
0 0.0313745 2 
0 0.0313746 2 
0 0.0331768 2 
0 0.0331837 2 
0 0.0331848 2 
0 0.0341752 2 
0 0.0341752 2 
0 0.0346593 2 
0 0.0346594 2 
0 0.0351372 2 
0 0.0360756 2 
0 0.0363052 2 
0 0.0367619 2 
0 0.0369871 2 
0 0.036988 2 
0 0.0372132 2 
0 0.0374343 2 
0 0.0374361 2 
0 0.0374392 2 
0 0.037658 2 
0 0.0376591 2 
0 0.0378798 2 
0 0.0387432 2 
0 0.0389574 2 
0 0.040436 2 
0 0.0412526 2 
0 0.041659 2 
0 0.043803 2 
0 0.0441782 2 
0 0.044368 2 
0 0.0443702 2 
0 0.0471031 2 
0 0.0481567 2 
0 0.0486692 2 
0 0.0486736 2 
0 0.0493568 2 
0 0.0501933 2 
0 0.0505218 2 
0 0.0519881 2 
0 0.0521479 2 
0 0.0526238 2 
0 0.0526246 2 
0 0.0546464 2 
0 0.0564518 2 
0 0.0597523 2 
0 0.0598952 2 
0 0.0618084 2 
0 0.0679774 2 
0 0.0722617 2 
0 0.0727258 2 
0 0.0736397 2 
0 0.079307 2 
0 0.0793079 2 
0 0.0820998 2 
0 0.093592 2 
0 0.0972634 2 
0 0.0975197 2 
0 0.101791 2 
0 0.104697 2 
0 0.105733 2 
0 0.106824 2 
0 0.10753 2 
0 0.108223 2 
0 0.112158 2 
0 0.114228 2 
0 0.116464 2 
0 0.12787 2 
0 0.128197 2 
0 0.13523 2 
0 0.141499 2 
0 0.153976 2 
0 0.157406 2 
0 0.159093 2 
0 0.159094 2 
0 0.177154 2 
0 0.17912 2 
0 0.181712 2 
0 0.183898 2 
0 0.188469 2 
0 0.191016 2 
0 0.194693 2 
0 0.237336 2 
0 0.273402 2 
0 0.27486 2 
0 0.286531 2 
0 0.415331 2 
0 0.422426 2 
0 0.466582 2 
0 0.5178 2 
0 0.519275 2 
0 0.535803 2 
0 0.554337 2 
0 0.598399 2 
0 0.601431 2 
0 0.608133 2 
0 0.634872 2 
0 0.772316 2 
0 0.780865 2 
0 0.800553 2 
0 0.807796 2 
0 0.810166 2 
0 0.811925 2 
0 0.812477 2 
0 0.82512 2 
0 0.853476 2 
0 0.85749 2 
0 0.892833 2 
0 1.15794 2 
0 1.27479 2 
0 1.81657 2 
0 1.95234 2 
0 2.54293 2 
0 3.12919 2 
0 3.26334 2 
0 3.38614 2 
0 3.52271 2 
0 3.61065 2 
0 3.61591 2 
0 3.64364 2 
0 3.74941 2 
0 inf 2 
0 0.0147278 3 
0 0.0191585 3 
0 0.0267846 3 
0 0.0319022 3 
0 0.0329311 3 
0 0.0341748 3 
0 0.034659 3 
0 0.0348992 3 
0 0.0349028 3 
0 0.0358425 3 
0 0.0363047 3 
0 0.0369878 3 
0 0.0376624 3 
0 0.0378793 3 
0 0.0380989 3 
0 0.0389641 3 
0 0.039178 3 
0 0.0393902 3 
0 0.0393928 3 
0 0.0400124 3 
0 0.0404356 3 
0 0.04084 3 
0 0.0410542 3 
0 0.0432203 3 
0 0.0432274 3 
0 0.0447398 3 
0 0.0449355 3 
0 0.0458493 3 
0 0.0474587 3 
0 0.0476273 3 
0 0.0496888 3 
0 0.049691 3 
0 0.0516598 3 
0 0.0524661 3 
0 0.0529415 3 
0 0.0535659 3 
0 0.05403 3 
0 0.0543366 3 
0 0.0549568 3 
0 0.0554057 3 
0 0.0554057 3 
0 0.0565912 3 
0 0.0584893 3 
0 0.0605907 3 
0 0.0605909 3 
0 0.0608598 3 
0 0.0622117 3 
0 0.0624834 3 
0 0.064198 3 
0 0.0666233 3 
0 0.0674842 3 
0 0.0875111 3 
0 0.095965 3 
0 0.0965743 3 
0 0.0993018 3 
0 0.1008 3 
0 0.118666 3 
0 0.121377 3 
0 0.122473 3 
0 0.127803 3 
0 0.144121 3 
0 0.144121 3 
0 0.145164 3 
0 0.145795 3 
0 0.146702 3 
0 0.149019 3 
0 0.151405 3 
0 0.1582 3 
0 0.165112 3 
0 0.166122 3 
0 0.169546 3 
0 0.169753 3 
0 0.172038 3 
0 0.176632 3 
0 0.178745 3 
0 0.234896 3 
0 0.250168 3 
0 0.258661 3 
0 0.271373 3 
0 0.338608 3 
0 0.356976 3 
0 0.396202 3 
0 0.442384 3 
0 0.444535 3 
0 0.448946 3 
0 0.471288 3 
0 0.474676 3 
0 0.484213 3 
0 0.493157 3 
0 0.540794 3 
0 0.562675 3 
0 0.611992 3 
0 0.635885 3 
0 0.668641 3 
0 0.671033 3 
0 0.677761 3 
0 0.69996 3 
0 0.701149 3 
0 0.707858 3 
0 0.739065 3 
0 0.74522 3 
0 0.75545 3 
0 0.77589 3 
0 0.788959 3 
0 0.801105 3 
0 0.803557 3 
0 0.822487 3 
0 1.26163 3 
0 1.4402 3 
0 1.82375 3 
0 1.82679 3 
0 1.86017 3 
0 1.91559 3 
0 2.21327 3 
0 2.21455 3 
0 2.21499 3 
0 2.62045 3 
0 2.62353 3 
0 2.62366 3 
0 3.20861 3 
0 3.54567 3 
0 3.70188 3 
0 3.70803 3 
0 inf 3 
0 0.0129165 4 
0 0.0129165 4 
0 0.0223752 4 
0 0.0227427 4 
0 0.0248489 4 
0 0.0251797 4 
0 0.0264738 4 
0 0.0291768 4 
0 0.0308412 4 
0 0.0313751 4 
0 0.0344179 4 
0 0.0344179 4 
0 0.034418 4 
0 0.0358452 4 
0 0.0360777 4 
0 0.0362999 4 
0 0.036988 4 
0 0.0400214 4 
0 0.0406404 4 
0 0.0406404 4 
0 0.0410463 4 
0 0.0420533 4 
0 0.0426482 4 
0 0.0438025 4 
0 0.0456623 4 
0 0.046212 4 
0 0.0465727 4 
0 0.0472821 4 
0 0.0491812 4 
0 0.0505236 4 
0 0.053569 4 
0 0.0540341 4 
0 0.0573318 4 
0 0.0574683 4 
0 0.0601673 4 
0 0.0612746 4 
0 0.0620809 4 
0 0.0635432 4 
0 0.0661145 4 
0 0.0661188 4 
0 0.0671188 4 
0 0.0671221 4 
0 0.0684715 4 
0 0.0685926 4 
0 0.0737494 4 
0 0.0750938 4 
0 0.0780373 4 
0 0.0788881 4 
0 0.0856802 4 
0 0.109603 4 
0 0.119645 4 
0 0.125566 4 
0 0.125957 4 
0 0.126288 4 
0 0.129098 4 
0 0.136393 4 
0 0.137004 4 
0 0.152943 4 
0 0.160608 4 
0 0.168761 4 
0 0.175022 4 
0 0.180601 4 
0 0.181297 4 
0 0.182762 4 
0 0.253799 4 
0 0.254892 4 
0 0.315899 4 
0 0.355822 4 
0 0.359215 4 
0 0.365231 4 
0 0.390752 4 
0 0.419924 4 
0 0.421413 4 
0 0.431389 4 
0 0.436315 4 
0 0.457621 4 
0 0.462073 4 
0 0.496773 4 
0 0.54565 4 
0 0.548259 4 
0 0.584862 4 
0 0.60003 4 
0 0.622287 4 
0 0.627134 4 
0 0.64206 4 
0 0.648211 4 
0 0.648652 4 
0 0.651037 4 
0 0.66803 4 
0 0.678348 4 
0 0.68325 4 
0 0.711976 4 
0 0.716637 4 
0 0.718694 4 
0 0.731396 4 
0 0.740014 4 
0 0.749812 4 
0 0.831435 4 
0 0.844948 4 
0 0.923201 4 
0 1.26493 4 
0 1.3164 4 
0 1.53388 4 
0 1.54692 4 
0 1.54738 4 
0 1.54806 4 
0 1.63381 4 
0 1.67113 4 
0 1.79625 4 
0 1.9108 4 
0 1.91553 4 
0 1.91616 4 
0 1.92148 4 
0 1.93313 4 
0 2.0079 4 
0 2.05608 4 
0 2.05677 4 
0 2.05679 4 
0 2.12419 4 
0 inf 4 
0 0.0208256 5 
0 0.0216138 5 
0 0.0280024 5 
0 0.0313703 5 
0 0.031375 5 
0 0.0344162 5 
0 0.0363049 5 
0 0.0385345 5 
0 0.0385345 5 
0 0.0389653 5 
0 0.0412528 5 
0 0.0412528 5 
0 0.042449 5 
0 0.0447435 5 
0 0.0451137 5 
0 0.0483293 5 
0 0.0485046 5 
0 0.0486759 5 
0 0.0488449 5 
0 0.0488449 5 
0 0.0488464 5 
0 0.0493482 5 
0 0.0503608 5 
0 0.051342 5 
0 0.0519904 5 
0 0.0530962 5 
0 0.0531019 5 
0 0.0532562 5 
0 0.054191 5 
0 0.0544958 5 
0 0.0581967 5 
0 0.0586158 5 
0 0.0601679 5 
0 0.0611307 5 
0 0.0616799 5 
0 0.0639359 5 
0 0.0676055 5 
0 0.0682319 5 
0 0.0716878 5 
0 0.0816924 5 
0 0.0870272 5 
0 0.0870273 5 
0 0.0874163 5 
0 0.0907859 5 
0 0.0912441 5 
0 0.0924245 5 
0 0.0929591 5 
0 0.115097 5 
0 0.120204 5 
0 0.120758 5 
0 0.125298 5 
0 0.129944 5 
0 0.165517 5 
0 0.167521 5 
0 0.173009 5 
0 0.174924 5 
0 0.260749 5 
0 0.341736 5 
0 0.354625 5 
0 0.355041 5 
0 0.373338 5 
0 0.395175 5 
0 0.431179 5 
0 0.433728 5 
0 0.448213 5 
0 0.45664 5 
0 0.460552 5 
0 0.497792 5 
0 0.517769 5 
0 0.524302 5 
0 0.533022 5 
0 0.539221 5 
0 0.546545 5 
0 0.546866 5 
0 0.547506 5 
0 0.569734 5 
0 0.605267 5 
0 0.627394 5 
0 0.63214 5 
0 0.638377 5 
0 0.639735 5 
0 0.648803 5 
0 0.665699 5 
0 0.680642 5 
0 0.685224 5 
0 0.692315 5 
0 0.709973 5 
0 0.716913 5 
0 0.719586 5 
0 0.725176 5 
0 0.726612 5 
0 0.833459 5 
0 0.840694 5 
0 0.866107 5 
0 1.07498 5 
0 1.23037 5 
0 1.26503 5 
0 1.26718 5 
0 1.27923 5 
0 1.28427 5 
0 1.29949 5 
0 1.3177 5 
0 1.63537 5 
0 1.64762 5 
0 1.64923 5 
0 1.64989 5 
0 1.67022 5 
0 2.0195 5 
0 2.01955 5 
0 2.02044 5 
0 2.02406 5 
0 2.32582 5 
0 2.50499 5 
0 2.68192 5 
0 2.68208 5 
0 inf 5 
0 0.0163384 6 
0 0.0227425 6 
0 0.0300157 6 
0 0.0318995 6 
0 0.0336803 6 
0 0.035143 6 
0 0.0356091 6 
0 0.0358424 6 
0 0.0363055 6 
0 0.0402296 6 
0 0.0416511 6 
0 0.0420567 6 
0 0.0424522 6 
0 0.0424526 6 
0 0.04284 6 
0 0.0434163 6 
0 0.048157 6 
0 0.0481572 6 
0 0.0523057 6 
0 0.0527933 6 
0 0.0529511 6 
0 0.0554055 6 
0 0.0580551 6 
0 0.0591917 6 
0 0.0600248 6 
0 0.0631481 6 
0 0.0640628 6 
0 0.0643205 6 
0 0.0652282 6 
0 0.0672434 6 
0 0.0682215 6 
0 0.069566 6 
0 0.0720249 6 
0 0.0757558 6 
0 0.0807601 6 
0 0.0842063 6 
0 0.0865533 6 
0 0.0907863 6 
0 0.0917939 6 
0 0.0935945 6 
0 0.0961434 6 
0 0.106906 6 
0 0.108762 6 
0 0.132359 6 
0 0.175307 6 
0 0.179817 6 
0 0.183078 6 
0 0.194955 6 
0 0.255904 6 
0 0.262092 6 
0 0.300883 6 
0 0.374952 6 
0 0.396318 6 
0 0.411822 6 
0 0.413367 6 
0 0.41341 6 
0 0.416034 6 
0 0.417535 6 
0 0.429983 6 
0 0.430121 6 
0 0.43113 6 
0 0.434109 6 
0 0.436896 6 
0 0.438497 6 
0 0.444359 6 
0 0.47039 6 
0 0.481277 6 
0 0.49344 6 
0 0.498421 6 
0 0.49909 6 
0 0.535682 6 
0 0.553243 6 
0 0.611051 6 
0 0.620697 6 
0 0.645586 6 
0 0.651306 6 
0 0.652271 6 
0 0.653497 6 
0 0.655342 6 
0 0.662773 6 
0 0.666387 6 
0 0.669086 6 
0 0.674557 6 
0 0.693214 6 
0 0.706621 6 
0 0.706622 6 
0 0.707188 6 
0 0.784543 6 
0 0.82427 6 
0 0.885411 6 
0 0.887766 6 
0 1.10732 6 
0 1.29973 6 
0 1.30066 6 
0 1.30152 6 
0 1.30619 6 
0 1.30891 6 
0 1.34934 6 
0 1.5002 6 
0 1.50031 6 
0 1.50103 6 
0 1.51462 6 
0 1.57825 6 
0 1.84217 6 
0 1.8577 6 
0 1.86682 6 
0 1.92262 6 
0 1.93575 6 
0 1.93797 6 
0 1.95517 6 
0 1.97891 6 
0 inf 6 
0 0.0316322 7 
0 0.0391736 7 
0 0.0396004 7 
0 0.0396016 7 
0 0.0449251 7 
0 0.0460319 7 
0 0.0481575 7 
0 0.0493552 7 
0 0.0511803 7 
0 0.0513449 7 
0 0.0527794 7 
0 0.0534127 7 
0 0.0548 7 
0 0.0549565 7 
0 0.0549618 7 
0 0.0552549 7 
0 0.0563081 7 
0 0.0564446 7 
0 0.0574795 7 
0 0.0576233 7 
0 0.0584866 7 
0 0.0612697 7 
0 0.0635371 7 
0 0.0648425 7 
0 0.0664975 7 
0 0.0714523 7 
0 0.0724984 7 
0 0.0781453 7 
0 0.0782502 7 
0 0.0785698 7 
0 0.0828092 7 
0 0.0932311 7 
0 0.0939436 7 
0 0.106592 7 
0 0.107296 7 
0 0.111565 7 
0 0.124566 7 
0 0.126756 7 
0 0.175353 7 
0 0.182217 7 
0 0.250836 7 
0 0.260557 7 
0 0.263013 7 
0 0.277296 7 
0 0.282812 7 
0 0.295196 7 
0 0.299683 7 
0 0.344778 7 
0 0.345286 7 
0 0.345286 7 
0 0.366627 7 
0 0.376839 7 
0 0.382637 7 
0 0.412409 7 
0 0.420424 7 
0 0.422739 7 
0 0.431353 7 
0 0.445828 7 
0 0.502078 7 
0 0.522057 7 
0 0.538601 7 
0 0.541262 7 
0 0.543186 7 
0 0.546003 7 
0 0.550189 7 
0 0.560135 7 
0 0.560668 7 
0 0.619352 7 
0 0.621307 7 
0 0.628063 7 
0 0.630397 7 
0 0.631349 7 
0 0.632433 7 
0 0.632433 7 
0 0.666948 7 
0 0.711295 7 
0 0.713776 7 
0 0.716529 7 
0 0.716948 7 
0 0.824443 7 
0 0.865538 7 
0 0.890622 7 
0 0.950866 7 
0 1.03065 7 
0 1.03391 7 
0 1.0345 7 
0 1.09134 7 
0 1.17951 7 
0 1.2022 7 
0 1.29337 7 
0 1.29589 7 
0 1.29646 7 
0 1.29934 7 
0 1.31722 7 
0 1.31844 7 
0 1.34877 7 
0 1.40325 7 
0 1.51317 7 
0 1.52146 7 
0 1.52797 7 
0 1.53089 7 
0 1.53833 7 
0 1.54918 7 
0 1.63962 7 
0 1.68954 7 
0 1.70495 7 
0 1.71199 7 
0 inf 7 
0 0.0152841 8 
0 0.0378779 8 
0 0.0410505 8 
0 0.0432254 8 
0 0.0436183 8 
0 0.0456718 8 
0 0.0490164 8 
0 0.050022 8 
0 0.0552596 8 
0 0.0586196 8 
0 0.0586248 8 
0 0.059331 8 
0 0.0593313 8 
0 0.0596138 8 
0 0.0597544 8 
0 0.061402 8 
0 0.0614024 8 
0 0.0628813 8 
0 0.0643252 8 
0 0.073749 8 
0 0.0743126 8 
0 0.0872262 8 
0 0.10838 8 
0 0.109449 8 
0 0.110813 8 
0 0.11253 8 
0 0.116038 8 
0 0.121933 8 
0 0.123618 8 
0 0.124157 8 
0 0.1493 8 
0 0.173967 8 
0 0.199002 8 
0 0.240516 8 
0 0.241704 8 
0 0.24284 8 
0 0.246985 8 
0 0.249504 8 
0 0.253711 8 
0 0.29133 8 
0 0.328206 8 
0 0.328757 8 
0 0.330275 8 
0 0.339246 8 
0 0.378476 8 
0 0.379582 8 
0 0.383205 8 
0 0.388391 8 
0 0.393833 8 
0 0.397679 8 
0 0.407181 8 
0 0.409225 8 
0 0.433764 8 
0 0.43711 8 
0 0.513076 8 
0 0.533134 8 
0 0.53618 8 
0 0.539805 8 
0 0.540099 8 
0 0.544397 8 
0 0.600543 8 
0 0.621301 8 
0 0.630296 8 
0 0.637247 8 
0 0.63862 8 
0 0.640807 8 
0 0.643678 8 
0 0.644921 8 
0 0.670003 8 
0 0.69398 8 
0 0.698007 8 
0 0.698832 8 
0 0.762281 8 
0 0.791895 8 
0 0.827261 8 
0 0.85508 8 
0 0.856484 8 
0 0.872895 8 
0 0.874424 8 
0 0.884162 8 
0 0.898584 8 
0 0.913532 8 
0 0.936318 8 
0 1.25823 8 
0 1.25887 8 
0 1.26166 8 
0 1.26416 8 
0 1.26545 8 
0 1.29789 8 
0 1.30024 8 
0 1.30061 8 
0 1.30136 8 
0 1.316 8 
0 1.31903 8 
0 1.34438 8 
0 1.38098 8 
0 1.44638 8 
0 1.52437 8 
0 1.5291 8 
0 1.53807 8 
0 1.61149 8 
0 1.81714 8 
0 1.92316 8 
0 inf 8 
0 0.0208283 9 
0 0.0378819 9 
0 0.0458515 9 
0 0.0460298 9 
0 0.0485022 9 
0 0.0490183 9 
0 0.049187 9 
0 0.0501827 9 
0 0.053417 9 
0 0.0570345 9 
0 0.0577634 9 
0 0.0586257 9 
0 0.0623546 9 
0 0.066745 9 
0 0.068104 9 
0 0.0739677 9 
0 0.0830237 9 
0 0.0843994 9 
0 0.0867436 9 
0 0.112236 9 
0 0.138518 9 
0 0.148101 9 
0 0.156448 9 
0 0.16451 9 
0 0.166324 9 
0 0.166921 9 
0 0.173004 9 
0 0.190086 9 
0 0.193565 9 
0 0.24403 9 
0 0.255774 9 
0 0.288108 9 
0 0.321917 9 
0 0.322228 9 
0 0.322954 9 
0 0.337475 9 
0 0.351899 9 
0 0.353248 9 
0 0.38542 9 
0 0.390922 9 
0 0.399163 9 
0 0.401457 9 
0 0.406085 9 
0 0.408808 9 
0 0.419055 9 
0 0.429292 9 
0 0.432068 9 
0 0.444597 9 
0 0.537176 9 
0 0.538633 9 
0 0.546003 9 
0 0.555646 9 
0 0.561249 9 
0 0.562319 9 
0 0.564895 9 
0 0.587323 9 
0 0.590002 9 
0 0.60356 9 
0 0.618758 9 
0 0.620861 9 
0 0.624845 9 
0 0.627078 9 
0 0.633484 9 
0 0.679157 9 
0 0.695773 9 
0 0.695774 9 
0 0.703658 9 
0 0.72753 9 
0 0.751827 9 
0 0.802868 9 
0 0.812837 9 
0 0.818461 9 
0 0.823217 9 
0 0.828198 9 
0 0.859206 9 
0 0.863159 9 
0 0.863289 9 
0 0.883546 9 
0 0.955894 9 
0 0.971138 9 
0 1.01981 9 
0 1.03294 9 
0 1.15283 9 
0 1.26061 9 
0 1.26083 9 
0 1.27394 9 
0 1.29396 9 
0 1.29409 9 
0 1.29557 9 
0 1.29606 9 
0 1.30168 9 
0 1.30485 9 
0 1.30744 9 
0 1.30878 9 
0 1.53435 9 
0 1.53857 9 
0 1.57906 9 
0 1.59484 9 
0 1.6237 9 
0 inf 9 
0 0.0439926 10 
0 0.0506875 10 
0 0.0511834 10 
0 0.054648 10 
0 0.0567061 10 
0 0.056742 10 
0 0.0626144 10 
0 0.07239 10 
0 0.0752052 10 
0 0.0755391 10 
0 0.0773971 10 
0 0.0843974 10 
0 0.089026 10 
0 0.105096 10 
0 0.107914 10 
0 0.109678 10 
0 0.138524 10 
0 0.142318 10 
0 0.1454 10 
0 0.148211 10 
0 0.155518 10 
0 0.174542 10 
0 0.219411 10 
0 0.219628 10 
0 0.226881 10 
0 0.251066 10 
0 0.254105 10 
0 0.267944 10 
0 0.288572 10 
0 0.289063 10 
0 0.317821 10 
0 0.320878 10 
0 0.345677 10 
0 0.348164 10 
0 0.356085 10 
0 0.356123 10 
0 0.364221 10 
0 0.364972 10 
0 0.373165 10 
0 0.374448 10 
0 0.383327 10 
0 0.431469 10 
0 0.433568 10 
0 0.441141 10 
0 0.443329 10 
0 0.47797 10 
0 0.493348 10 
0 0.499153 10 
0 0.502063 10 
0 0.508955 10 
0 0.53062 10 
0 0.531327 10 
0 0.5366 10 
0 0.582492 10 
0 0.583565 10 
0 0.618879 10 
0 0.623842 10 
0 0.626365 10 
0 0.655585 10 
0 0.655775 10 
0 0.691681 10 
0 0.701366 10 
0 0.723373 10 
0 0.765683 10 
0 0.792288 10 
0 0.81917 10 
0 0.81917 10 
0 0.821523 10 
0 0.822741 10 
0 0.824524 10 
0 0.865774 10 
0 0.867193 10 
0 0.871585 10 
0 0.877509 10 
0 0.925616 10 
0 0.925859 10 
0 1.0462 10 
0 1.08687 10 
0 1.14144 10 
0 1.14876 10 
0 1.25628 10 
0 1.25724 10 
0 1.29646 10 
0 1.30164 10 
0 1.30218 10 
0 1.31871 10 
0 1.40152 10 
0 1.40206 10 
0 1.42023 10 
0 1.42093 10 
0 1.52898 10 
0 1.52994 10 
0 1.63169 10 
0 1.95871 10 
0 1.95909 10 
0 inf 10 
0 0.0485065 11 
0 0.0667444 11 
0 0.0716568 11 
0 0.0723751 11 
0 0.074661 11 
0 0.0765258 11 
0 0.112977 11 
0 0.115681 11 
0 0.122805 11 
0 0.124034 11 
0 0.125941 11 
0 0.146167 11 
0 0.149021 11 
0 0.152116 11 
0 0.153359 11 
0 0.163788 11 
0 0.17358 11 
0 0.175145 11 
0 0.187294 11 
0 0.217688 11 
0 0.2205 11 
0 0.234581 11 
0 0.244513 11 
0 0.257173 11 
0 0.257389 11 
0 0.273737 11 
0 0.277761 11 
0 0.281518 11 
0 0.288559 11 
0 0.310924 11 
0 0.331455 11 
0 0.337011 11 
0 0.337011 11 
0 0.342546 11 
0 0.376107 11 
0 0.376993 11 
0 0.377457 11 
0 0.390373 11 
0 0.391653 11 
0 0.399375 11 
0 0.402427 11 
0 0.406737 11 
0 0.430637 11 
0 0.443747 11 
0 0.458061 11 
0 0.535432 11 
0 0.535665 11 
0 0.535667 11 
0 0.536254 11 
0 0.564438 11 
0 0.565501 11 
0 0.57751 11 
0 0.578722 11 
0 0.632332 11 
0 0.646799 11 
0 0.652169 11 
0 0.653 11 
0 0.712615 11 
0 0.712616 11 
0 0.719605 11 
0 0.788474 11 
0 0.825312 11 
0 0.826857 11 
0 0.834889 11 
0 0.853865 11 
0 0.862357 11 
0 0.868632 11 
0 0.8944 11 
0 0.90008 11 
0 1.01864 11 
0 1.02803 11 
0 1.09357 11 
0 1.09439 11 
0 1.0957 11 
0 1.15261 11 
0 1.15272 11 
0 1.2603 11 
0 1.26038 11 
0 1.29629 11 
0 1.29638 11 
0 1.30811 11 
0 1.31308 11 
0 1.31313 11 
0 1.33465 11 
0 1.40085 11 
0 1.40128 11 
0 1.51302 11 
0 1.51544 11 
0 1.73535 11 
0 1.89055 11 
0 1.89091 11 
0 inf 11 
0 0.0694517 12 
0 0.07518 12 
0 0.0911623 12 
0 0.105412 12 
0 0.111938 12 
0 0.11803 12 
0 0.141182 12 
0 0.142695 12 
0 0.15008 12 
0 0.1543 12 
0 0.165165 12 
0 0.193017 12 
0 0.201411 12 
0 0.220312 12 
0 0.234332 12 
0 0.2366 12 
0 0.252262 12 
0 0.259564 12 
0 0.26298 12 
0 0.265666 12 
0 0.275619 12 
0 0.277428 12 
0 0.281753 12 
0 0.307792 12 
0 0.310386 12 
0 0.316417 12 
0 0.316732 12 
0 0.316733 12 
0 0.356733 12 
0 0.357014 12 
0 0.364993 12 
0 0.372059 12 
0 0.375221 12 
0 0.384573 12 
0 0.386996 12 
0 0.408137 12 
0 0.409443 12 
0 0.431658 12 
0 0.457876 12 
0 0.483541 12 
0 0.483542 12 
0 0.497981 12 
0 0.499838 12 
0 0.508125 12 
0 0.55881 12 
0 0.566637 12 
0 0.567696 12 
0 0.575328 12 
0 0.576155 12 
0 0.634257 12 
0 0.636266 12 
0 0.639007 12 
0 0.639529 12 
0 0.640051 12 
0 0.765077 12 
0 0.777464 12 
0 0.79077 12 
0 0.791023 12 
0 0.791418 12 
0 0.82197 12 
0 0.823187 12 
0 0.832418 12 
0 0.84898 12 
0 0.941448 12 
0 0.991524 12 
0 0.999606 12 
0 1.00286 12 
0 1.09939 12 
0 1.20419 12 
0 1.21717 12 
0 1.25611 12 
0 1.25868 12 
0 1.25946 12 
0 1.26057 12 
0 1.29161 12 
0 1.29254 12 
0 1.29302 12 
0 1.29773 12 
0 1.29908 12 
0 1.34571 12 
0 1.34704 12 
0 1.34711 12 
0 1.52099 12 
0 1.52172 12 
0 1.80521 12 
0 1.82511 12 
0 1.82612 12 
0 inf 12 
0 0.10609 13 
0 0.109082 13 
0 0.10983 13 
0 0.135412 13 
0 0.141179 13 
0 0.164099 13 
0 0.180465 13 
0 0.195849 13 
0 0.221292 13 
0 0.238282 13 
0 0.25322 13 
0 0.27486 13 
0 0.278821 13 
0 0.29997 13 
0 0.313236 13 
0 0.318755 13 
0 0.33034 13 
0 0.33283 13 
0 0.335359 13 
0 0.336651 13 
0 0.338912 13 
0 0.339243 13 
0 0.345951 13 
0 0.355689 13 
0 0.35569 13 
0 0.360535 13 
0 0.362404 13 
0 0.402458 13 
0 0.414404 13 
0 0.441625 13 
0 0.443707 13 
0 0.478483 13 
0 0.481143 13 
0 0.489138 13 
0 0.503428 13 
0 0.50934 13 
0 0.554942 13 
0 0.556698 13 
0 0.556698 13 
0 0.556836 13 
0 0.569088 13 
0 0.591728 13 
0 0.591799 13 
0 0.593151 13 
0 0.6027 13 
0 0.635833 13 
0 0.636673 13 
0 0.637615 13 
0 0.673501 13 
0 0.67449 13 
0 0.674577 13 
0 0.695042 13 
0 0.696062 13 
0 0.697055 13 
0 0.736816 13 
0 0.743388 13 
0 0.762236 13 
0 0.762358 13 
0 0.776806 13 
0 0.782412 13 
0 0.821208 13 
0 0.880381 13 
0 0.89367 13 
0 0.89613 13 
0 0.939381 13 
0 1.10965 13 
0 1.11852 13 
0 1.13806 13 
0 1.25787 13 
0 1.25863 13 
0 1.25916 13 
0 1.26051 13 
0 1.26115 13 
0 1.29507 13 
0 1.29509 13 
0 1.32804 13 
0 1.32857 13 
0 1.32879 13 
0 1.51262 13 
0 1.52122 13 
0 1.67471 13 
0 1.67555 13 
0 1.67678 13 
0 inf 13 
0 0.0653539 14 
0 0.0737553 14 
0 0.103735 14 
0 0.113649 14 
0 0.117296 14 
0 0.159824 14 
0 0.174922 14 
0 0.220953 14 
0 0.221286 14 
0 0.226055 14 
0 0.239399 14 
0 0.255909 14 
0 0.268907 14 
0 0.278649 14 
0 0.279868 14 
0 0.2813 14 
0 0.281864 14 
0 0.283192 14 
0 0.315696 14 
0 0.316177 14 
0 0.317593 14 
0 0.329875 14 
0 0.33252 14 
0 0.334122 14 
0 0.335859 14 
0 0.33599 14 
0 0.337964 14 
0 0.343004 14 
0 0.350397 14 
0 0.355126 14 
0 0.356093 14 
0 0.358028 14 
0 0.371207 14 
0 0.37135 14 
0 0.371771 14 
0 0.373384 14 
0 0.398603 14 
0 0.416565 14 
0 0.453967 14 
0 0.461385 14 
0 0.462757 14 
0 0.462901 14 
0 0.506834 14 
0 0.549565 14 
0 0.553391 14 
0 0.590668 14 
0 0.592346 14 
0 0.59773 14 
0 0.599948 14 
0 0.603046 14 
0 0.603897 14 
0 0.606983 14 
0 0.633715 14 
0 0.639379 14 
0 0.644376 14 
0 0.64457 14 
0 0.883857 14 
0 0.884017 14 
0 0.888835 14 
0 0.890743 14 
0 0.890968 14 
0 0.891165 14 
0 1.09521 14 
0 1.13186 14 
0 1.13997 14 
0 1.25482 14 
0 1.25608 14 
0 1.29885 14 
0 1.29955 14 
0 1.29955 14 
0 1.30001 14 
0 1.36805 14 
0 1.36824 14 
0 1.36841 14 
0 1.52671 14 
0 1.53737 14 
0 1.53969 14 
0 1.53994 14 
0 1.84658 14 
0 inf 14 
0 0.0611468 15 
0 0.0737514 15 
0 0.0782525 15 
0 0.0822744 15 
0 0.0975213 15 
0 0.110435 15 
0 0.144757 15 
0 0.190209 15 
0 0.236127 15 
0 0.245209 15 
0 0.245481 15 
0 0.246338 15 
0 0.25249 15 
0 0.257133 15 
0 0.261009 15 
0 0.2632 15 
0 0.282462 15 
0 0.286216 15 
0 0.294379 15 
0 0.302539 15 
0 0.307894 15 
0 0.316197 15 
0 0.316389 15 
0 0.317146 15 
0 0.317775 15 
0 0.319113 15 
0 0.327433 15 
0 0.328044 15 
0 0.32906 15 
0 0.329567 15 
0 0.339675 15 
0 0.35798 15 
0 0.365208 15 
0 0.36523 15 
0 0.366689 15 
0 0.367433 15 
0 0.368272 15 
0 0.370079 15 
0 0.380456 15 
0 0.432774 15 
0 0.448105 15 
0 0.453741 15 
0 0.544915 15 
0 0.594591 15 
0 0.654148 15 
0 0.75202 15 
0 0.762871 15 
0 0.76846 15 
0 0.76846 15 
0 0.768601 15 
0 0.86938 15 
0 0.871617 15 
0 0.872162 15 
0 0.873433 15 
0 0.880536 15 
0 0.881019 15 
0 0.899807 15 
0 1.00344 15 
0 1.04479 15 
0 1.04594 15 
0 1.13138 15 
0 1.13735 15 
0 1.13753 15 
0 1.25808 15 
0 1.3019 15 
0 1.36685 15 
0 1.36697 15 
0 1.36718 15 
0 1.40703 15 
0 1.41053 15 
0 1.41088 15 
0 1.53031 15 
0 1.9476 15 
0 1.94764 15 
0 1.94765 15 
0 inf 15 
0 0.0485029 16 
0 0.0856622 16 
0 0.0886593 16 
0 0.118804 16 
0 0.147412 16 
0 0.221375 16 
0 0.239806 16 
0 0.242299 16 
0 0.243637 16 
0 0.243637 16 
0 0.289241 16 
0 0.303701 16 
0 0.311778 16 
0 0.313209 16 
0 0.314336 16 
0 0.315756 16 
0 0.316241 16 
0 0.316283 16 
0 0.3166 16 
0 0.319209 16 
0 0.319939 16 
0 0.319974 16 
0 0.320104 16 
0 0.320383 16 
0 0.323357 16 
0 0.32613 16 
0 0.326794 16 
0 0.327024 16 
0 0.330162 16 
0 0.33318 16 
0 0.35522 16 
0 0.357187 16 
0 0.358287 16 
0 0.366115 16 
0 0.36632 16 
0 0.366493 16 
0 0.44951 16 
0 0.456113 16 
0 0.537937 16 
0 0.630171 16 
0 0.641473 16 
0 0.649615 16 
0 0.654534 16 
0 0.655756 16 
0 0.662659 16 
0 0.663225 16 
0 0.663414 16 
0 0.821535 16 
0 0.830322 16 
0 0.830372 16 
0 0.861139 16 
0 1.01332 16 
0 1.0421 16 
0 1.09157 16 
0 1.0917 16 
0 1.09243 16 
0 1.20834 16 
0 1.20834 16 
0 1.20873 16 
0 1.26019 16 
0 1.28518 16 
0 1.2852 16 
0 1.28522 16 
0 1.29895 16 
0 1.40259 16 
0 1.40475 16 
0 1.40487 16 
0 1.53343 16 
0 1.8981 16 
0 1.90072 16 
0 1.901 16 
0 inf 16 
0 0.0731935 17 
0 0.0803332 17 
0 0.107265 17 
0 0.111622 17 
0 0.11357 17 
0 0.117043 17 
0 0.119629 17 
0 0.126146 17 
0 0.297653 17 
0 0.299998 17 
0 0.306509 17 
0 0.306945 17 
0 0.308571 17 
0 0.308977 17 
0 0.314947 17 
0 0.315068 17 
0 0.315265 17 
0 0.315351 17 
0 0.315809 17 
0 0.315994 17 
0 0.316125 17 
0 0.317487 17 
0 0.318668 17 
0 0.318668 17 
0 0.332664 17 
0 0.334564 17 
0 0.335063 17 
0 0.335063 17 
0 0.357747 17 
0 0.359259 17 
0 0.361066 17 
0 0.361551 17 
0 0.384484 17 
0 0.47021 17 
0 0.520892 17 
0 0.622984 17 
0 0.659456 17 
0 0.660341 17 
0 0.660341 17 
0 0.660783 17 
0 0.702115 17 
0 0.704854 17 
0 0.707593 17 
0 0.775541 17 
0 0.782608 17 
0 0.782768 17 
0 0.982035 17 
0 0.982426 17 
0 0.982587 17 
0 1.11509 17 
0 1.11539 17 
0 1.11548 17 
0 1.26662 17 
0 1.26691 17 
0 1.27072 17 
0 1.27111 17 
0 1.30032 17 
0 1.32248 17 
0 1.3231 17 
0 1.32452 17 
0 1.32452 17 
0 1.43591 17 
0 1.53552 17 
0 1.53627 17 
0 1.75538 17 
0 1.75613 17 
0 1.75618 17 
0 inf 17 
0 0.0845138 18 
0 0.0850056 18 
0 0.0864652 18 
0 0.0944564 18 
0 0.103879 18 
0 0.105472 18 
0 0.166996 18 
0 0.182052 18 
0 0.183286 18 
0 0.213704 18 
0 0.216997 18 
0 0.218338 18 
0 0.296651 18 
0 0.31528 18 
0 0.317179 18 
0 0.317258 18 
0 0.317389 18 
0 0.324221 18 
0 0.326758 18 
0 0.327472 18 
0 0.327854 18 
0 0.341393 18 
0 0.341612 18 
0 0.355314 18 
0 0.355479 18 
0 0.355807 18 
0 0.355807 18 
0 0.385388 18 
0 0.385907 18 
0 0.385907 18 
0 0.386166 18 
0 0.438228 18 
0 0.481629 18 
0 0.513487 18 
0 0.51451 18 
0 0.663349 18 
0 0.67089 18 
0 0.671784 18 
0 0.671946 18 
0 0.875083 18 
0 0.915859 18 
0 0.921308 18 
0 0.981601 18 
0 0.981907 18 
0 0.982043 18 
0 1.20282 18 
0 1.21277 18 
0 1.21452 18 
0 1.24952 18 
0 1.25018 18 
0 1.25018 18 
0 1.27138 18 
0 1.274 18 
0 1.27414 18 
0 1.27429 18 
0 1.30136 18 
0 1.3047 18 
0 1.30511 18 
0 1.30513 18 
0 1.57303 18 
0 1.5856 18 
0 1.60416 18 
0 1.60503 18 
0 inf 18 
0 0.0857843 19 
0 0.0929442 19 
0 0.0933281 19 
0 0.0935961 19 
0 0.108436 19 
0 0.110342 19 
0 0.201079 19 
0 0.201742 19 
0 0.203061 19 
0 0.238845 19 
0 0.240411 19 
0 0.240412 19 
0 0.259157 19 
0 0.259157 19 
0 0.267395 19 
0 0.314008 19 
0 0.314724 19 
0 0.315201 19 
0 0.363622 19 
0 0.363851 19 
0 0.36392 19 
0 0.393349 19 
0 0.394196 19 
0 0.394366 19 
0 0.429884 19 
0 0.504604 19 
0 0.504851 19 
0 0.544639 19 
0 0.545957 19 
0 0.547056 19 
0 0.547605 19 
0 0.552123 19 
0 0.552848 19 
0 0.703059 19 
0 0.706645 19 
0 0.7074 19 
0 0.707683 19 
0 0.774286 19 
0 0.839077 19 
0 0.859459 19 
0 0.859925 19 
0 0.859925 19 
0 0.899497 19 
0 0.903227 19 
0 0.936933 19 
0 1.13187 19 
0 1.13528 19 
0 1.13681 19 
0 1.17216 19 
0 1.27336 19 
0 1.27462 19 
0 1.2747 19 
0 1.27502 19 
0 1.30316 19 
0 1.31088 19 
0 1.31116 19 
0 1.58555 19 
0 1.61396 19 
0 1.6141 19 
0 inf 19 
0 0.0772968 20 
0 0.0798443 20 
0 0.085882 20 
0 0.113031 20 
0 0.115215 20 
0 0.117732 20 
0 0.211794 20 
0 0.219114 20 
0 0.220177 20 
0 0.248968 20 
0 0.249976 20 
0 0.251104 20 
0 0.286015 20 
0 0.287063 20 
0 0.28776 20 
0 0.341055 20 
0 0.34174 20 
0 0.342106 20 
0 0.351049 20 
0 0.352757 20 
0 0.356872 20 
0 0.420915 20 
0 0.421153 20 
0 0.429706 20 
0 0.430598 20 
0 0.430772 20 
0 0.493962 20 
0 0.496388 20 
0 0.515922 20 
0 0.540936 20 
0 0.54163 20 
0 0.541938 20 
0 0.561226 20 
0 0.617206 20 
0 0.617854 20 
0 0.617854 20 
0 0.69733 20 
0 0.701901 20 
0 0.702507 20 
0 0.751703 20 
0 0.810412 20 
0 0.824131 20 
0 0.825737 20 
0 0.826708 20 
0 0.828156 20 
0 0.829607 20 
0 1.10287 20 
0 1.29465 20 
0 1.29494 20 
0 1.31742 20 
0 1.31748 20 
0 1.63087 20 
0 1.63162 20 
0 1.63705 20 
0 3.02121 20 
0 inf 20 
