0 0.0218001 1 
0 0.0255591 1 
0 0.0255621 1 
0 0.040796 1 
0 0.0415141 1 
0 0.046253 1 
0 0.04626 1 
0 0.0468882 1 
0 0.0487598 1 
0 0.0493587 1 
0 0.0505426 1 
0 0.0511345 1 
0 0.0517173 1 
0 0.0517202 1 
0 0.052277 1 
0 0.0522844 1 
0 0.0528527 1 
0 0.0561159 1 
0 0.0566431 1 
0 0.0606972 1 
0 0.0606972 1 
0 0.0606997 1 
0 0.060701 1 
0 0.0607017 1 
0 0.0607043 1 
0 0.0611872 1 
0 0.062629 1 
0 0.0630993 1 
0 0.0635686 1 
0 0.0640332 1 
0 0.0640332 1 
0 0.0644993 1 
0 0.0658673 1 
0 0.0658673 1 
0 0.0663156 1 
0 0.0676481 1 
0 0.0680831 1 
0 0.0689532 1 
0 0.0689545 1 
0 0.0723079 1 
0 0.0766995 1 
0 0.077084 1 
0 0.0778563 1 
0 0.0808517 1 
0 0.0826656 1 
0 0.0844415 1 
0 0.0882319 1 
0 0.0882327 1 
0 0.0892359 1 
0 0.0892373 1 
0 0.0937801 1 
0 0.0962878 1 
0 0.0965885 1 
0 0.0965885 1 
0 0.0972091 1 
0 0.0993193 1 
0 0.0993201 1 
0 0.0999223 1 
0 0.101686 1 
0 0.10285 1 
0 0.103423 1 
0 0.103426 1 
0 0.103429 1 
0 0.103705 1 
0 0.106251 1 
0 0.106261 1 
0 0.109838 1 
0 0.116912 1 
0 0.117671 1 
0 0.117922 1 
0 0.12876 1 
0 0.130365 1 
0 0.131955 1 
0 0.135295 1 
0 0.136601 1 
0 0.137906 1 
0 0.137906 1 
0 0.14152 1 
0 0.145043 1 
0 0.145246 1 
0 0.147075 1 
0 0.147478 1 
0 0.148282 1 
0 0.148289 1 
0 0.148487 1 
0 0.151461 1 
0 0.153987 1 
0 0.158917 1 
0 0.159857 1 
0 0.160778 1 
0 0.162799 1 
0 0.172723 1 
0 0.176298 1 
0 0.176798 1 
0 0.179305 1 
0 0.179466 1 
0 0.203812 1 
0 0.206271 1 
0 0.223022 1 
0 0.226678 1 
0 0.229458 1 
0 0.232526 1 
0 0.252168 1 
0 0.253457 1 
0 0.254497 1 
0 0.259598 1 
0 0.276433 1 
0 0.280391 1 
0 0.283685 1 
0 0.301324 1 
0 0.3035 1 
0 0.305536 1 
0 0.30826 1 
0 0.331655 1 
0 0.336555 1 
0 0.348435 1 
0 0.404174 1 
0 0.432583 1 
0 0.473883 1 
0 0.829204 1 
0 1.36991 1 
0 1.81864 1 
0 2.81425 1 
0 2.97456 1 
0 3.57631 1 
0 4.25049 1 
0 4.27779 1 
0 5.73415 1 
0 7.08312 1 
0 7.26824 1 
0 7.65843 1 
0 inf 1 
0 0.0288482 2 
0 0.0298607 2 
0 0.030835 2 
0 0.0308365 2 
0 0.0369717 2 
0 0.037763 2 
0 0.0393036 2 
0 0.0407956 2 
0 0.0468948 2 
0 0.0475179 2 
0 0.0487528 2 
0 0.0487528 2 
0 0.0493556 2 
0 0.0499542 2 
0 0.0499634 2 
0 0.0522785 2 
0 0.0539571 2 
0 0.0592193 2 
0 0.0611899 2 
0 0.0616675 2 
0 0.0630993 2 
0 0.0635662 2 
0 0.0635754 2 
0 0.064495 2 
0 0.0649538 2 
0 0.0658696 2 
0 0.0671991 2 
0 0.0689514 2 
0 0.0698038 2 
0 0.0698064 2 
0 0.069817 2 
0 0.069817 2 
0 0.0710651 2 
0 0.0710673 2 
0 0.0719087 2 
0 0.0723134 2 
0 0.0755341 2 
0 0.0755351 2 
0 0.081222 2 
0 0.0815808 2 
0 0.0826691 2 
0 0.0854943 2 
0 0.0861872 2 
0 0.0868873 2 
0 0.091861 2 
0 0.0925075 2 
0 0.0928279 2 
0 0.0937839 2 
0 0.0962888 2 
0 0.102275 2 
0 0.102559 2 
0 0.102562 2 
0 0.106255 2 
0 0.107645 2 
0 0.111979 2 
0 0.111981 2 
0 0.112504 2 
0 0.114338 2 
0 0.114347 2 
0 0.119927 2 
0 0.120165 2 
0 0.122133 2 
0 0.123818 2 
0 0.12502 2 
0 0.126439 2 
0 0.134848 2 
0 0.141514 2 
0 0.142769 2 
0 0.146468 2 
0 0.148082 2 
0 0.158171 2 
0 0.159109 2 
0 0.169941 2 
0 0.169943 2 
0 0.179302 2 
0 0.180787 2 
0 0.182263 2 
0 0.184215 2 
0 0.193653 2 
0 0.200874 2 
0 0.201613 2 
0 0.208854 2 
0 0.214609 2 
0 0.217774 2 
0 0.227927 2 
0 0.22987 2 
0 0.237604 2 
0 0.245499 2 
0 0.245835 2 
0 0.246923 2 
0 0.255869 2 
0 0.256912 2 
0 0.260396 2 
0 0.266933 2 
0 0.26749 2 
0 0.271681 2 
0 0.281105 2 
0 0.302319 2 
0 0.30487 2 
0 0.308931 2 
0 0.309591 2 
0 0.31247 2 
0 0.318673 2 
0 0.318677 2 
0 0.324235 2 
0 0.336815 2 
0 0.341455 2 
0 0.342422 2 
0 0.366938 2 
0 0.399524 2 
0 0.402193 2 
0 0.767885 2 
0 1.35309 2 
0 1.65272 2 
0 1.91256 2 
0 2.03401 2 
0 2.29081 2 
0 2.72935 2 
0 3.84078 2 
0 4.11765 2 
0 4.47529 2 
0 4.6491 2 
0 4.71121 2 
0 5.47946 2 
0 6.00888 2 
0 6.6335 2 
0 6.82227 2 
0 inf 2 
0 0.0298478 3 
0 0.0415066 3 
0 0.0415122 3 
0 0.0468866 3 
0 0.0481409 3 
0 0.0511417 3 
0 0.0522817 3 
0 0.0528542 3 
0 0.0534159 3 
0 0.0545165 3 
0 0.0561291 3 
0 0.0566444 3 
0 0.0566474 3 
0 0.0587097 3 
0 0.0597121 3 
0 0.0602093 3 
0 0.0611849 3 
0 0.0626265 3 
0 0.0626302 3 
0 0.0644945 3 
0 0.0654128 3 
0 0.0654141 3 
0 0.0667636 3 
0 0.0667706 3 
0 0.0689581 3 
0 0.0698005 3 
0 0.0698082 3 
0 0.0731416 3 
0 0.0743401 3 
0 0.0759185 3 
0 0.0778514 3 
0 0.0801137 3 
0 0.0808492 3 
0 0.086533 3 
0 0.0875556 3 
0 0.087557 3 
0 0.0885693 3 
0 0.0895676 3 
0 0.0937875 3 
0 0.0944197 3 
0 0.095359 3 
0 0.096283 3 
0 0.105137 3 
0 0.107644 3 
0 0.107645 3 
0 0.110647 3 
0 0.111709 3 
0 0.11382 3 
0 0.115112 3 
0 0.115635 3 
0 0.115891 3 
0 0.11767 3 
0 0.123827 3 
0 0.126906 3 
0 0.129225 3 
0 0.136389 3 
0 0.144428 3 
0 0.145047 3 
0 0.14988 3 
0 0.150472 3 
0 0.151462 3 
0 0.155137 3 
0 0.156472 3 
0 0.160969 3 
0 0.165158 3 
0 0.166946 3 
0 0.168011 3 
0 0.173234 3 
0 0.185656 3 
0 0.193951 3 
0 0.199984 3 
0 0.214876 3 
0 0.223032 3 
0 0.223692 3 
0 0.223985 3 
0 0.226097 3 
0 0.231011 3 
0 0.233826 3 
0 0.233827 3 
0 0.23785 3 
0 0.240411 3 
0 0.242313 3 
0 0.244874 3 
0 0.250581 3 
0 0.255681 3 
0 0.26593 3 
0 0.266382 3 
0 0.270148 3 
0 0.273311 3 
0 0.284806 3 
0 0.293542 3 
0 0.309985 3 
0 0.325787 3 
0 0.327662 3 
0 0.330952 3 
0 0.341861 3 
0 0.34934 3 
0 0.351493 3 
0 0.351494 3 
0 0.351988 3 
0 0.352325 3 
0 0.394138 3 
0 0.411394 3 
0 0.80517 3 
0 1.03467 3 
0 1.17575 3 
0 1.25231 3 
0 1.6213 3 
0 2.17241 3 
0 2.33667 3 
0 2.35397 3 
0 2.51897 3 
0 2.61532 3 
0 2.63163 3 
0 2.63498 3 
0 2.64046 3 
0 3.27118 3 
0 3.33309 3 
0 3.34871 3 
0 3.35424 3 
0 4.11852 3 
0 4.12453 3 
0 4.18565 3 
0 inf 3 
0 0.0327098 4 
0 0.0353186 4 
0 0.038542 4 
0 0.0449498 4 
0 0.0468849 4 
0 0.0517176 4 
0 0.0555837 4 
0 0.056654 4 
0 0.0597149 4 
0 0.0597214 4 
0 0.0606921 4 
0 0.0631054 4 
0 0.0640275 4 
0 0.064032 4 
0 0.0644969 4 
0 0.0649561 4 
0 0.0658645 4 
0 0.0667683 4 
0 0.0680759 4 
0 0.0693747 4 
0 0.0714942 4 
0 0.073534 4 
0 0.078248 4 
0 0.0793764 4 
0 0.0804823 4 
0 0.0844478 4 
0 0.0844524 4 
0 0.0868811 4 
0 0.0872158 4 
0 0.0889039 4 
0 0.0915416 4 
0 0.0925102 4 
0 0.0928236 4 
0 0.0928296 4 
0 0.0937793 4 
0 0.0962895 4 
0 0.0978192 4 
0 0.098115 4 
0 0.0981218 4 
0 0.101977 4 
0 0.102567 4 
0 0.105704 4 
0 0.105704 4 
0 0.106255 4 
0 0.117923 4 
0 0.129678 4 
0 0.130819 4 
0 0.131956 4 
0 0.155328 4 
0 0.155328 4 
0 0.158361 4 
0 0.173752 4 
0 0.174606 4 
0 0.175785 4 
0 0.176807 4 
0 0.180461 4 
0 0.181447 4 
0 0.185494 4 
0 0.186132 4 
0 0.207422 4 
0 0.223378 4 
0 0.22464 4 
0 0.224645 4 
0 0.234076 4 
0 0.239722 4 
0 0.244381 4 
0 0.2497 4 
0 0.25416 4 
0 0.264924 4 
0 0.265839 4 
0 0.267602 4 
0 0.268916 4 
0 0.268917 4 
0 0.269905 4 
0 0.27071 4 
0 0.271751 4 
0 0.277627 4 
0 0.282297 4 
0 0.286061 4 
0 0.287807 4 
0 0.289352 4 
0 0.292022 4 
0 0.292228 4 
0 0.292526 4 
0 0.297066 4 
0 0.299951 4 
0 0.314556 4 
0 0.317191 4 
0 0.318033 4 
0 0.331182 4 
0 0.353572 4 
0 0.354107 4 
0 0.355834 4 
0 0.382894 4 
0 0.398336 4 
0 0.775509 4 
0 0.99846 4 
0 1.0086 4 
0 1.03476 4 
0 1.24538 4 
0 1.63898 4 
0 2.15977 4 
0 2.31127 4 
0 2.43792 4 
0 2.57969 4 
0 2.60516 4 
0 2.61063 4 
0 2.61227 4 
0 2.70279 4 
0 2.80275 4 
0 2.8299 4 
0 3.15295 4 
0 3.15311 4 
0 3.15325 4 
0 3.15973 4 
0 3.26645 4 
0 3.26994 4 
0 3.27135 4 
0 3.27186 4 
0 inf 4 
0 0.0442812 5 
0 0.0468859 5 
0 0.047514 5 
0 0.0481377 5 
0 0.0487528 5 
0 0.0493587 5 
0 0.0539563 5 
0 0.0539609 5 
0 0.0539671 5 
0 0.0545066 5 
0 0.0545066 5 
0 0.0550599 5 
0 0.0616713 5 
0 0.063103 5 
0 0.0649561 5 
0 0.0663076 5 
0 0.068519 5 
0 0.068519 5 
0 0.0735414 5 
0 0.0735443 5 
0 0.0751396 5 
0 0.076309 5 
0 0.0826731 5 
0 0.0848051 5 
0 0.0902287 5 
0 0.0928299 5 
0 0.0962746 5 
0 0.100212 5 
0 0.100214 5 
0 0.102562 5 
0 0.104568 5 
0 0.10457 5 
0 0.107647 5 
0 0.107647 5 
0 0.108472 5 
0 0.115375 5 
0 0.115633 5 
0 0.133964 5 
0 0.139822 5 
0 0.154561 5 
0 0.16115 5 
0 0.162069 5 
0 0.167127 5 
0 0.168192 5 
0 0.169238 5 
0 0.169245 5 
0 0.174437 5 
0 0.192104 5 
0 0.194411 5 
0 0.195174 5 
0 0.197599 5 
0 0.201172 5 
0 0.207997 5 
0 0.244381 5 
0 0.24908 5 
0 0.253927 5 
0 0.254155 5 
0 0.255318 5 
0 0.259706 5 
0 0.260518 5 
0 0.26052 5 
0 0.260724 5 
0 0.264806 5 
0 0.265061 5 
0 0.265922 5 
0 0.269372 5 
0 0.269809 5 
0 0.270908 5 
0 0.271569 5 
0 0.274728 5 
0 0.275147 5 
0 0.276764 5 
0 0.281874 5 
0 0.283372 5 
0 0.285229 5 
0 0.288908 5 
0 0.292352 5 
0 0.292454 5 
0 0.303357 5 
0 0.305408 5 
0 0.30561 5 
0 0.310466 5 
0 0.311668 5 
0 0.317655 5 
0 0.323586 5 
0 0.454427 5 
0 0.46433 5 
0 0.569567 5 
0 0.796199 5 
0 0.977251 5 
0 0.978228 5 
0 1.11412 5 
0 1.62463 5 
0 1.76041 5 
0 1.76284 5 
0 1.77207 5 
0 1.79009 5 
0 2.14265 5 
0 2.14678 5 
0 2.30098 5 
0 2.30488 5 
0 2.35184 5 
0 2.35184 5 
0 2.4781 5 
0 2.52037 5 
0 2.58914 5 
0 2.6762 5 
0 2.81165 5 
0 2.81181 5 
0 2.81203 5 
0 2.81338 5 
0 2.81345 5 
0 2.81759 5 
0 2.82012 5 
0 2.82171 5 
0 inf 5 
0 0.0522918 6 
0 0.0528556 6 
0 0.0528556 6 
0 0.0566464 6 
0 0.0571627 6 
0 0.0597103 6 
0 0.0611811 6 
0 0.0676447 6 
0 0.0693793 6 
0 0.0706535 6 
0 0.0731291 6 
0 0.0731308 6 
0 0.0735319 6 
0 0.0793667 6 
0 0.0812156 6 
0 0.0826679 6 
0 0.0837382 6 
0 0.0840979 6 
0 0.0854931 6 
0 0.0858441 6 
0 0.086874 6 
0 0.0947315 6 
0 0.0950519 6 
0 0.0978152 6 
0 0.0990368 6 
0 0.0993244 6 
0 0.107099 6 
0 0.112245 6 
0 0.115634 6 
0 0.116651 6 
0 0.121401 6 
0 0.121647 6 
0 0.131501 6 
0 0.136165 6 
0 0.148886 6 
0 0.150667 6 
0 0.152034 6 
0 0.159296 6 
0 0.171687 6 
0 0.175283 6 
0 0.17579 6 
0 0.177293 6 
0 0.177973 6 
0 0.177973 6 
0 0.181774 6 
0 0.181775 6 
0 0.183079 6 
0 0.18324 6 
0 0.183241 6 
0 0.188987 6 
0 0.18976 6 
0 0.194265 6 
0 0.201619 6 
0 0.205272 6 
0 0.209143 6 
0 0.209853 6 
0 0.218722 6 
0 0.227251 6 
0 0.243406 6 
0 0.244503 6 
0 0.259812 6 
0 0.272545 6 
0 0.275258 6 
0 0.283867 6 
0 0.289369 6 
0 0.289879 6 
0 0.295057 6 
0 0.306334 6 
0 0.313904 6 
0 0.314187 6 
0 0.315037 6 
0 0.316535 6 
0 0.320236 6 
0 0.342819 6 
0 0.342821 6 
0 0.348523 6 
0 0.352591 6 
0 0.402461 6 
0 0.445921 6 
0 0.479404 6 
0 0.779976 6 
0 0.998992 6 
0 1.00881 6 
0 1.04661 6 
0 1.05835 6 
0 1.05959 6 
0 1.06451 6 
0 1.2962 6 
0 1.62613 6 
0 1.86586 6 
0 1.88846 6 
0 1.89051 6 
0 1.90362 6 
0 1.92897 6 
0 1.93069 6 
0 1.93829 6 
0 1.95594 6 
0 2.1599 6 
0 2.16918 6 
0 2.1728 6 
0 2.178 6 
0 2.18095 6 
0 2.32116 6 
0 2.42351 6 
0 2.4259 6 
0 2.43068 6 
0 2.44217 6 
0 2.54149 6 
0 2.54468 6 
0 2.56811 6 
0 2.57919 6 
0 inf 6 
0 0.0255639 7 
0 0.0369709 7 
0 0.0393073 7 
0 0.0493382 7 
0 0.0493675 7 
0 0.0493681 7 
0 0.0545165 7 
0 0.0555965 7 
0 0.0555976 7 
0 0.0561239 7 
0 0.0582031 7 
0 0.0582087 7 
0 0.0751327 7 
0 0.0763083 7 
0 0.0804869 7 
0 0.0819406 7 
0 0.0826677 7 
0 0.0918618 7 
0 0.0956634 7 
0 0.0981147 7 
0 0.101687 7 
0 0.10957 7 
0 0.113818 7 
0 0.114858 7 
0 0.115891 7 
0 0.116147 7 
0 0.123823 7 
0 0.125962 7 
0 0.131047 7 
0 0.136384 7 
0 0.13812 7 
0 0.139179 7 
0 0.139818 7 
0 0.155711 7 
0 0.157422 7 
0 0.158362 7 
0 0.1834 7 
0 0.18469 7 
0 0.190397 7 
0 0.193032 7 
0 0.19624 7 
0 0.199836 7 
0 0.204974 7 
0 0.213311 7 
0 0.217088 7 
0 0.217723 7 
0 0.220886 7 
0 0.225943 7 
0 0.231911 7 
0 0.232379 7 
0 0.236343 7 
0 0.236469 7 
0 0.241328 7 
0 0.242058 7 
0 0.244865 7 
0 0.244866 7 
0 0.256364 7 
0 0.259355 7 
0 0.271561 7 
0 0.27374 7 
0 0.277083 7 
0 0.278162 7 
0 0.281456 7 
0 0.288429 7 
0 0.296656 7 
0 0.325166 7 
0 0.327625 7 
0 0.332486 7 
0 0.361406 7 
0 0.374891 7 
0 0.458137 7 
0 0.496196 7 
0 0.556103 7 
0 0.573101 7 
0 0.653706 7 
0 0.66396 7 
0 0.7936 7 
0 0.97137 7 
0 0.976405 7 
0 0.985583 7 
0 1.00635 7 
0 1.01893 7 
0 1.03568 7 
0 1.3068 7 
0 1.38171 7 
0 1.3901 7 
0 1.40319 7 
0 1.42081 7 
0 1.58751 7 
0 1.62694 7 
0 1.63154 7 
0 1.6524 7 
0 1.95377 7 
0 2.13659 7 
0 2.13677 7 
0 2.14902 7 
0 2.15028 7 
0 2.15747 7 
0 2.19002 7 
0 2.19338 7 
0 2.19381 7 
0 2.1967 7 
0 2.30903 7 
0 2.31319 7 
0 2.31324 7 
0 2.3173 7 
0 2.32125 7 
0 inf 7 
0 0.0288439 8 
0 0.0353229 8 
0 0.0393103 8 
0 0.0415085 8 
0 0.05451 8 
0 0.060214 8 
0 0.0626289 8 
0 0.071486 8 
0 0.0723119 8 
0 0.0739371 8 
0 0.0763231 8 
0 0.0921969 8 
0 0.0928324 8 
0 0.0978226 8 
0 0.102564 8 
0 0.103992 8 
0 0.10514 8 
0 0.110372 8 
0 0.119672 8 
0 0.120663 8 
0 0.120663 8 
0 0.120667 8 
0 0.122369 8 
0 0.124062 8 
0 0.128064 8 
0 0.128531 8 
0 0.132625 8 
0 0.136381 8 
0 0.141097 8 
0 0.141727 8 
0 0.145857 8 
0 0.155712 8 
0 0.155714 8 
0 0.156664 8 
0 0.191018 8 
0 0.199248 8 
0 0.214469 8 
0 0.215021 8 
0 0.219398 8 
0 0.232423 8 
0 0.234713 8 
0 0.236126 8 
0 0.237984 8 
0 0.241198 8 
0 0.246565 8 
0 0.249664 8 
0 0.253481 8 
0 0.254884 8 
0 0.271553 8 
0 0.271881 8 
0 0.272099 8 
0 0.27912 8 
0 0.282046 8 
0 0.282046 8 
0 0.289056 8 
0 0.290045 8 
0 0.296769 8 
0 0.299161 8 
0 0.312751 8 
0 0.325879 8 
0 0.333357 8 
0 0.364036 8 
0 0.406087 8 
0 0.406555 8 
0 0.406599 8 
0 0.422942 8 
0 0.439809 8 
0 0.635519 8 
0 0.773821 8 
0 0.968368 8 
0 0.977884 8 
0 0.977986 8 
0 0.991504 8 
0 1.00273 8 
0 1.00619 8 
0 1.03579 8 
0 1.04734 8 
0 1.05758 8 
0 1.05759 8 
0 1.05805 8 
0 1.07881 8 
0 1.08107 8 
0 1.19027 8 
0 1.39592 8 
0 1.4331 8 
0 1.43388 8 
0 1.62454 8 
0 1.63543 8 
0 1.66154 8 
0 1.66586 8 
0 1.66754 8 
0 1.66774 8 
0 1.67229 8 
0 2.1299 8 
0 2.13647 8 
0 2.13848 8 
0 2.15037 8 
0 2.16201 8 
0 2.3006 8 
0 2.3018 8 
0 2.30301 8 
0 2.30307 8 
0 2.31315 8 
0 inf 8 
0 0.0517093 9 
0 0.0561203 9 
0 0.0606992 9 
0 0.0644991 9 
0 0.0789921 9 
0 0.0789932 9 
0 0.0789933 9 
0 0.0804691 9 
0 0.0889031 9 
0 0.0928316 9 
0 0.0941068 9 
0 0.0972115 9 
0 0.0990229 9 
0 0.0993294 9 
0 0.100797 9 
0 0.101396 9 
0 0.10371 9 
0 0.103999 9 
0 0.10514 9 
0 0.109837 9 
0 0.110644 9 
0 0.127604 9 
0 0.135734 9 
0 0.14646 9 
0 0.152815 9 
0 0.155138 9 
0 0.156284 9 
0 0.158361 9 
0 0.178473 9 
0 0.178806 9 
0 0.17881 9 
0 0.199493 9 
0 0.201177 9 
0 0.204107 9 
0 0.206282 9 
0 0.207571 9 
0 0.219353 9 
0 0.224353 9 
0 0.254028 9 
0 0.255902 9 
0 0.255903 9 
0 0.275585 9 
0 0.280701 9 
0 0.281139 9 
0 0.281441 9 
0 0.295057 9 
0 0.301355 9 
0 0.301433 9 
0 0.304007 9 
0 0.304246 9 
0 0.304671 9 
0 0.31125 9 
0 0.318849 9 
0 0.327426 9 
0 0.329752 9 
0 0.421952 9 
0 0.468912 9 
0 0.469986 9 
0 0.477949 9 
0 0.477949 9 
0 0.492643 9 
0 0.518559 9 
0 0.820379 9 
0 0.840522 9 
0 0.871812 9 
0 0.883304 9 
0 0.8876 9 
0 0.895068 9 
0 0.899834 9 
0 0.938336 9 
0 0.971248 9 
0 0.973229 9 
0 0.973601 9 
0 0.974454 9 
0 0.97552 9 
0 0.97835 9 
0 0.992098 9 
0 1.0006 9 
0 1.02233 9 
0 1.07644 9 
0 1.29693 9 
0 1.29948 9 
0 1.32008 9 
0 1.43855 9 
0 1.6226 9 
0 1.6226 9 
0 1.62568 9 
0 1.64311 9 
0 1.6434 9 
0 2.12881 9 
0 2.13237 9 
0 2.13856 9 
0 2.1403 9 
0 2.143 9 
0 2.3115 9 
0 2.31437 9 
0 2.31608 9 
0 2.32135 9 
0 2.32287 9 
0 inf 9 
0 0.0499603 10 
0 0.0561049 10 
0 0.0571702 10 
0 0.0626244 10 
0 0.065848 10 
0 0.0693651 10 
0 0.0731378 10 
0 0.0731378 10 
0 0.0767045 10 
0 0.0793741 10 
0 0.0851488 10 
0 0.0872176 10 
0 0.0956628 10 
0 0.0968944 10 
0 0.107097 10 
0 0.12261 10 
0 0.124532 10 
0 0.133983 10 
0 0.141302 10 
0 0.159232 10 
0 0.163651 10 
0 0.165696 10 
0 0.168191 10 
0 0.173231 10 
0 0.182916 10 
0 0.190396 10 
0 0.194565 10 
0 0.196842 10 
0 0.204427 10 
0 0.204862 10 
0 0.205264 10 
0 0.213775 10 
0 0.221423 10 
0 0.221429 10 
0 0.226724 10 
0 0.233562 10 
0 0.260961 10 
0 0.266035 10 
0 0.269814 10 
0 0.277307 10 
0 0.283545 10 
0 0.284564 10 
0 0.285529 10 
0 0.288646 10 
0 0.291612 10 
0 0.298662 10 
0 0.304281 10 
0 0.30739 10 
0 0.370583 10 
0 0.378203 10 
0 0.399302 10 
0 0.415425 10 
0 0.440286 10 
0 0.448702 10 
0 0.466791 10 
0 0.468887 10 
0 0.751196 10 
0 0.753566 10 
0 0.789671 10 
0 0.789905 10 
0 0.790235 10 
0 0.790507 10 
0 0.792835 10 
0 0.80566 10 
0 0.957055 10 
0 0.95894 10 
0 0.965333 10 
0 0.965567 10 
0 0.973411 10 
0 0.975241 10 
0 0.982527 10 
0 0.99658 10 
0 0.997627 10 
0 0.998431 10 
0 1.00626 10 
0 1.01027 10 
0 1.01038 10 
0 1.02622 10 
0 1.47754 10 
0 1.49013 10 
0 1.62725 10 
0 1.64165 10 
0 1.6421 10 
0 1.6423 10 
0 1.64362 10 
0 2.12081 10 
0 2.12088 10 
0 2.13258 10 
0 2.16692 10 
0 2.16696 10 
0 2.29793 10 
0 2.29914 10 
0 2.29929 10 
0 2.30315 10 
0 2.30331 10 
0 inf 10 
0 0.0611933 11 
0 0.0640315 11 
0 0.0644926 11 
0 0.0698095 11 
0 0.0747403 11 
0 0.0847976 11 
0 0.0875423 11 
0 0.0892212 11 
0 0.104286 11 
0 0.125252 11 
0 0.131037 11 
0 0.147681 11 
0 0.149287 11 
0 0.150674 11 
0 0.156663 11 
0 0.173239 11 
0 0.176807 11 
0 0.178082 11 
0 0.178083 11 
0 0.183597 11 
0 0.197776 11 
0 0.21112 11 
0 0.217223 11 
0 0.225813 11 
0 0.227904 11 
0 0.233829 11 
0 0.243416 11 
0 0.248722 11 
0 0.252747 11 
0 0.255198 11 
0 0.255556 11 
0 0.258557 11 
0 0.259932 11 
0 0.26243 11 
0 0.27167 11 
0 0.273087 11 
0 0.274174 11 
0 0.27891 11 
0 0.280171 11 
0 0.281758 11 
0 0.286061 11 
0 0.300647 11 
0 0.308164 11 
0 0.322947 11 
0 0.335136 11 
0 0.350822 11 
0 0.37274 11 
0 0.416131 11 
0 0.428238 11 
0 0.470743 11 
0 0.472661 11 
0 0.482652 11 
0 0.545012 11 
0 0.553935 11 
0 0.765832 11 
0 0.766298 11 
0 0.77593 11 
0 0.776045 11 
0 0.776849 11 
0 0.827483 11 
0 0.829652 11 
0 0.836056 11 
0 0.908936 11 
0 0.94315 11 
0 0.948459 11 
0 0.971616 11 
0 0.972589 11 
0 0.975156 11 
0 0.975279 11 
0 0.975522 11 
0 0.976771 11 
0 1.05498 11 
0 1.09949 11 
0 1.10079 11 
0 1.47949 11 
0 1.4834 11 
0 1.62737 11 
0 1.62801 11 
0 1.63896 11 
0 1.6396 11 
0 1.64533 11 
0 2.12924 11 
0 2.12931 11 
0 2.13343 11 
0 2.15784 11 
0 2.16017 11 
0 2.30359 11 
0 2.30462 11 
0 2.30643 11 
0 2.31603 11 
0 2.32061 11 
0 inf 11 
0 0.0414836 12 
0 0.0468981 12 
0 0.0607086 12 
0 0.0851434 12 
0 0.0902278 12 
0 0.110091 12 
0 0.133081 12 
0 0.135513 12 
0 0.138758 12 
0 0.139398 12 
0 0.145039 12 
0 0.148485 12 
0 0.155326 12 
0 0.169943 12 
0 0.173178 12 
0 0.181449 12 
0 0.182592 12 
0 0.184005 12 
0 0.195331 12 
0 0.196393 12 
0 0.211006 12 
0 0.22101 12 
0 0.231549 12 
0 0.241688 12 
0 0.248828 12 
0 0.250257 12 
0 0.25356 12 
0 0.253912 12 
0 0.273633 12 
0 0.282073 12 
0 0.282187 12 
0 0.289264 12 
0 0.295964 12 
0 0.308548 12 
0 0.311235 12 
0 0.31209 12 
0 0.325331 12 
0 0.368415 12 
0 0.372376 12 
0 0.378754 12 
0 0.379959 12 
0 0.388052 12 
0 0.389963 12 
0 0.392998 12 
0 0.393376 12 
0 0.416448 12 
0 0.455407 12 
0 0.466752 12 
0 0.466752 12 
0 0.520446 12 
0 0.526745 12 
0 0.529221 12 
0 0.769545 12 
0 0.770896 12 
0 0.807969 12 
0 0.814016 12 
0 0.819218 12 
0 0.96818 12 
0 0.97479 12 
0 0.977803 12 
0 0.977951 12 
0 0.978917 12 
0 0.979887 12 
0 0.988582 12 
0 1.0067 12 
0 1.03739 12 
0 1.04868 12 
0 1.1106 12 
0 1.111 12 
0 1.14517 12 
0 1.16638 12 
0 1.32313 12 
0 1.61921 12 
0 1.61936 12 
0 1.61936 12 
0 1.61965 12 
0 1.62002 12 
0 2.13329 12 
0 2.13489 12 
0 2.15083 12 
0 2.15118 12 
0 2.15924 12 
0 2.30311 12 
0 2.30903 12 
0 2.30925 12 
0 2.31156 12 
0 2.31245 12 
0 inf 12 
0 0.0517128 13 
0 0.0586961 13 
0 0.072725 13 
0 0.0915352 13 
0 0.108476 13 
0 0.118424 13 
0 0.133741 13 
0 0.133749 13 
0 0.144003 13 
0 0.150673 13 
0 0.160351 13 
0 0.160352 13 
0 0.166579 13 
0 0.169057 13 
0 0.190396 13 
0 0.198975 13 
0 0.200571 13 
0 0.201171 13 
0 0.202497 13 
0 0.204102 13 
0 0.20428 13 
0 0.20642 13 
0 0.207131 13 
0 0.220613 13 
0 0.239714 13 
0 0.239714 13 
0 0.251688 13 
0 0.259698 13 
0 0.264589 13 
0 0.271019 13 
0 0.278262 13 
0 0.280179 13 
0 0.314556 13 
0 0.318309 13 
0 0.336813 13 
0 0.337605 13 
0 0.341117 13 
0 0.356864 13 
0 0.360587 13 
0 0.360587 13 
0 0.361246 13 
0 0.400795 13 
0 0.421805 13 
0 0.426919 13 
0 0.431902 13 
0 0.451281 13 
0 0.507506 13 
0 0.711648 13 
0 0.763812 13 
0 0.765948 13 
0 0.802507 13 
0 0.806053 13 
0 0.80609 13 
0 0.967478 13 
0 0.968184 13 
0 0.968859 13 
0 0.96935 13 
0 0.970422 13 
0 0.978104 13 
0 0.9815 13 
0 0.995101 13 
0 0.999421 13 
0 1.01839 13 
0 1.16725 13 
0 1.19055 13 
0 1.20728 13 
0 1.21184 13 
0 1.46607 13 
0 1.62602 13 
0 1.62865 13 
0 1.63135 13 
0 1.63135 13 
0 1.63717 13 
0 2.12217 13 
0 2.12231 13 
0 2.1227 13 
0 2.12273 13 
0 2.12277 13 
0 2.30569 13 
0 2.30635 13 
0 2.30693 13 
0 2.30693 13 
0 2.31327 13 
0 inf 13 
0 0.0369383 14 
0 0.0468882 14 
0 0.0747357 14 
0 0.0956605 14 
0 0.101687 14 
0 0.13219 14 
0 0.137473 14 
0 0.139188 14 
0 0.139403 14 
0 0.139403 14 
0 0.139404 14 
0 0.144227 14 
0 0.154942 14 
0 0.155539 14 
0 0.157226 14 
0 0.159478 14 
0 0.167795 14 
0 0.175962 14 
0 0.205587 14 
0 0.207141 14 
0 0.207991 14 
0 0.251102 14 
0 0.254857 14 
0 0.254974 14 
0 0.256252 14 
0 0.256716 14 
0 0.258444 14 
0 0.273198 14 
0 0.273307 14 
0 0.283447 14 
0 0.285628 14 
0 0.296965 14 
0 0.308832 14 
0 0.346214 14 
0 0.36272 14 
0 0.363047 14 
0 0.385591 14 
0 0.391411 14 
0 0.397063 14 
0 0.421595 14 
0 0.468022 14 
0 0.469291 14 
0 0.479951 14 
0 0.492541 14 
0 0.495848 14 
0 0.537199 14 
0 0.744258 14 
0 0.770397 14 
0 0.770706 14 
0 0.780627 14 
0 0.782566 14 
0 0.785068 14 
0 0.960648 14 
0 0.982473 14 
0 0.992757 14 
0 0.993062 14 
0 0.994089 14 
0 1.00586 14 
0 1.0072 14 
0 1.0072 14 
0 1.02034 14 
0 1.06529 14 
0 1.44146 14 
0 1.48566 14 
0 1.49684 14 
0 1.62079 14 
0 1.62108 14 
0 1.64184 14 
0 1.64204 14 
0 1.64293 14 
0 2.12231 14 
0 2.13107 14 
0 2.13153 14 
0 2.13174 14 
0 2.16205 14 
0 2.29766 14 
0 2.30505 14 
0 2.30507 14 
0 2.30511 14 
0 inf 14 
0 0.0644957 15 
0 0.0804812 15 
0 0.0941003 15 
0 0.101979 15 
0 0.10847 15 
0 0.112498 15 
0 0.121406 15 
0 0.132633 15 
0 0.150479 15 
0 0.151855 15 
0 0.159483 15 
0 0.160597 15 
0 0.164977 15 
0 0.1657 15 
0 0.16908 15 
0 0.16942 15 
0 0.171625 15 
0 0.17562 15 
0 0.191207 15 
0 0.192909 15 
0 0.193524 15 
0 0.195357 15 
0 0.24021 15 
0 0.24059 15 
0 0.250151 15 
0 0.2511 15 
0 0.261295 15 
0 0.261419 15 
0 0.262436 15 
0 0.267485 15 
0 0.269146 15 
0 0.269476 15 
0 0.274719 15 
0 0.28018 15 
0 0.282294 15 
0 0.286058 15 
0 0.331659 15 
0 0.407815 15 
0 0.454558 15 
0 0.473553 15 
0 0.473553 15 
0 0.578019 15 
0 0.689963 15 
0 0.695112 15 
0 0.708089 15 
0 0.720014 15 
0 0.767363 15 
0 0.779635 15 
0 0.779826 15 
0 0.781045 15 
0 0.784688 15 
0 0.838427 15 
0 0.951711 15 
0 0.97515 15 
0 0.987865 15 
0 0.98982 15 
0 0.990933 15 
0 1.00516 15 
0 1.02637 15 
0 1.02698 15 
0 1.47327 15 
0 1.49505 15 
0 1.49505 15 
0 1.63655 15 
0 1.63873 15 
0 1.63987 15 
0 1.65712 15 
0 2.12969 15 
0 2.16463 15 
0 2.16957 15 
0 2.17762 15 
0 2.30056 15 
0 2.30195 15 
0 2.30465 15 
0 2.30484 15 
0 inf 15 
0 0.0747393 16 
0 0.0804804 16 
0 0.0847963 16 
0 0.0885571 16 
0 0.0915335 16 
0 0.0915352 16 
0 0.0953537 16 
0 0.115885 16 
0 0.127603 16 
0 0.145855 16 
0 0.148281 16 
0 0.164438 16 
0 0.167243 16 
0 0.180988 16 
0 0.189461 16 
0 0.199274 16 
0 0.199721 16 
0 0.200971 16 
0 0.206735 16 
0 0.216077 16 
0 0.216764 16 
0 0.247285 16 
0 0.247285 16 
0 0.247872 16 
0 0.250272 16 
0 0.251573 16 
0 0.279228 16 
0 0.291613 16 
0 0.295157 16 
0 0.368493 16 
0 0.370826 16 
0 0.373383 16 
0 0.377968 16 
0 0.379928 16 
0 0.380788 16 
0 0.382734 16 
0 0.519473 16 
0 0.606509 16 
0 0.612695 16 
0 0.617333 16 
0 0.734497 16 
0 0.743657 16 
0 0.774321 16 
0 0.778608 16 
0 0.789706 16 
0 0.797089 16 
0 0.800771 16 
0 0.814085 16 
0 0.981565 16 
0 0.993209 16 
0 0.994644 16 
0 1.01021 16 
0 1.02053 16 
0 1.03214 16 
0 1.10173 16 
0 1.10206 16 
0 1.47502 16 
0 1.49352 16 
0 1.49384 16 
0 1.62471 16 
0 1.63066 16 
0 1.63093 16 
0 1.63113 16 
0 2.12867 16 
0 2.15926 16 
0 2.16322 16 
0 2.16356 16 
0 2.30193 16 
0 2.31058 16 
0 2.31428 16 
0 2.31428 16 
0 inf 16 
0 0.0455839 17 
0 0.0640181 17 
0 0.0680707 17 
0 0.0731178 17 
0 0.0908808 17 
0 0.113822 17 
0 0.117929 17 
0 0.118174 17 
0 0.12286 17 
0 0.122862 17 
0 0.13037 17 
0 0.133746 17 
0 0.152621 17 
0 0.152816 17 
0 0.155264 17 
0 0.155264 17 
0 0.169008 17 
0 0.169009 17 
0 0.226995 17 
0 0.227387 17 
0 0.275688 17 
0 0.278262 17 
0 0.278369 17 
0 0.278693 17 
0 0.283577 17 
0 0.286676 17 
0 0.288666 17 
0 0.331207 17 
0 0.35653 17 
0 0.362598 17 
0 0.362598 17 
0 0.390876 17 
0 0.40857 17 
0 0.408788 17 
0 0.409151 17 
0 0.719207 17 
0 0.750012 17 
0 0.783248 17 
0 0.788429 17 
0 0.788994 17 
0 0.790499 17 
0 0.905772 17 
0 0.942205 17 
0 0.965264 17 
0 0.9822 17 
0 0.982805 17 
0 0.983651 17 
0 1.01843 17 
0 1.03272 17 
0 1.03318 17 
0 1.03373 17 
0 1.21248 17 
0 1.31082 17 
0 1.32489 17 
0 1.49566 17 
0 1.62273 17 
0 1.63557 17 
0 1.64508 17 
0 1.64559 17 
0 2.12449 17 
0 2.13887 17 
0 2.14232 17 
0 2.14282 17 
0 2.30347 17 
0 2.31219 17 
0 2.31685 17 
0 2.317 17 
0 inf 17 
0 0.0644973 18 
0 0.0698071 18 
0 0.0793524 18 
0 0.108737 18 
0 0.109553 18 
0 0.126903 18 
0 0.127836 18 
0 0.184535 18 
0 0.187093 18 
0 0.192108 18 
0 0.195965 18 
0 0.19987 18 
0 0.203089 18 
0 0.203236 18 
0 0.208598 18 
0 0.212969 18 
0 0.247402 18 
0 0.256704 18 
0 0.264908 18 
0 0.264908 18 
0 0.267263 18 
0 0.26778 18 
0 0.275117 18 
0 0.276301 18 
0 0.27855 18 
0 0.303203 18 
0 0.348779 18 
0 0.34912 18 
0 0.46522 18 
0 0.468341 18 
0 0.476393 18 
0 0.47739 18 
0 0.484921 18 
0 0.486878 18 
0 0.733601 18 
0 0.772283 18 
0 0.774464 18 
0 0.79984 18 
0 0.810468 18 
0 0.812665 18 
0 0.976739 18 
0 0.977074 18 
0 0.978441 18 
0 0.980897 18 
0 1.00835 18 
0 1.02241 18 
0 1.03808 18 
0 1.03811 18 
0 1.0516 18 
0 1.15557 18 
0 1.48262 18 
0 1.62436 18 
0 1.62526 18 
0 1.62538 18 
0 1.62604 18 
0 1.7033 18 
0 2.12803 18 
0 2.13585 18 
0 2.13939 18 
0 2.13968 18 
0 2.30182 18 
0 2.31473 18 
0 2.31499 18 
0 inf 18 
0 0.058197 19 
0 0.0602073 19 
0 0.0621498 19 
0 0.110902 19 
0 0.117157 19 
0 0.118166 19 
0 0.181284 19 
0 0.1834 19 
0 0.185339 19 
0 0.188987 19 
0 0.20852 19 
0 0.232927 19 
0 0.25035 19 
0 0.252622 19 
0 0.254588 19 
0 0.261938 19 
0 0.262391 19 
0 0.266049 19 
0 0.266384 19 
0 0.284079 19 
0 0.28408 19 
0 0.294252 19 
0 0.352079 19 
0 0.352332 19 
0 0.353766 19 
0 0.36519 19 
0 0.368573 19 
0 0.371323 19 
0 0.372522 19 
0 0.439269 19 
0 0.444645 19 
0 0.4489 19 
0 0.451015 19 
0 0.593629 19 
0 0.59443 19 
0 0.772938 19 
0 0.772939 19 
0 0.773745 19 
0 0.905894 19 
0 0.954611 19 
0 0.954611 19 
0 0.958245 19 
0 0.969625 19 
0 0.977955 19 
0 0.978806 19 
0 1.48253 19 
0 1.48256 19 
0 1.48566 19 
0 1.62485 19 
0 1.63315 19 
0 1.63374 19 
0 1.6349 19 
0 2.13254 19 
0 2.16473 19 
0 2.16485 19 
0 2.16502 19 
0 2.29872 19 
0 2.29934 19 
0 2.29955 19 
0 inf 19 
0 0.0993139 20 
0 0.110646 20 
0 0.130598 20 
0 0.131279 20 
0 0.169064 20 
0 0.169939 20 
0 0.189773 20 
0 0.19226 20 
0 0.207569 20 
0 0.208283 20 
0 0.210412 20 
0 0.211114 20 
0 0.21557 20 
0 0.217355 20 
0 0.230598 20 
0 0.240809 20 
0 0.253114 20 
0 0.256378 20 
0 0.270019 20 
0 0.273082 20 
0 0.273951 20 
0 0.276446 20 
0 0.28029 20 
0 0.280291 20 
0 0.285501 20 
0 0.285813 20 
0 0.288401 20 
0 0.293135 20 
0 0.353432 20 
0 0.362065 20 
0 0.365257 20 
0 0.371543 20 
0 0.377181 20 
0 0.37726 20 
0 0.379775 20 
0 0.381021 20 
0 0.394736 20 
0 0.80518 20 
0 0.805623 20 
0 0.869913 20 
0 0.943812 20 
0 0.94918 20 
0 0.951712 20 
0 1.00543 20 
0 1.00558 20 
0 1.4773 20 
0 1.47973 20 
0 1.62697 20 
0 1.62812 20 
0 2.13182 20 
0 2.13378 20 
0 2.29762 20 
0 2.29804 20 
0 2.29804 20 
0 2.90663 20 
0 inf 20 
