0 0.0115453 1 
0 0.013797 1 
0 0.0137977 1 
0 0.0199951 1 
0 0.0218162 1 
0 0.0222484 1 
0 0.0226722 1 
0 0.0234979 1 
0 0.0239026 1 
0 0.024294 1 
0 0.0246828 1 
0 0.0250649 1 
0 0.0250675 1 
0 0.0254413 1 
0 0.025442 1 
0 0.0258156 1 
0 0.0258156 1 
0 0.0261797 1 
0 0.026897 1 
0 0.0269015 1 
0 0.0282773 1 
0 0.0289428 1 
0 0.0295935 1 
0 0.0295963 1 
0 0.0308532 1 
0 0.0308547 1 
0 0.0317686 1 
0 0.0320634 1 
0 0.0343565 1 
0 0.0346319 1 
0 0.0351779 1 
0 0.0354471 1 
0 0.0354475 1 
0 0.0370238 1 
0 0.0375342 1 
0 0.0385367 1 
0 0.0395104 1 
0 0.0399896 1 
0 0.0404637 1 
0 0.0409328 1 
0 0.0425269 1 
0 0.0440649 1 
0 0.0442818 1 
0 0.0455552 1 
0 0.0459662 1 
0 0.0461769 1 
0 0.0467903 1 
0 0.0476015 1 
0 0.0483899 1 
0 0.0483908 1 
0 0.0483915 1 
0 0.0485866 1 
0 0.0485872 1 
0 0.0495581 1 
0 0.0497485 1 
0 0.0514416 1 
0 0.0518106 1 
0 0.0519938 1 
0 0.0519942 1 
0 0.0521806 1 
0 0.0523561 1 
0 0.0534457 1 
0 0.0541463 1 
0 0.0555347 1 
0 0.056216 1 
0 0.057053 1 
0 0.0575546 1 
0 0.0582128 1 
0 0.0582136 1 
0 0.0595035 1 
0 0.0596668 1 
0 0.0609282 1 
0 0.0614005 1 
0 0.0618592 1 
0 0.0641288 1 
0 0.0655937 1 
0 0.0677349 1 
0 0.0684378 1 
0 0.0706319 1 
0 0.0737933 1 
0 0.0741788 1 
0 0.0764565 1 
0 0.0818637 1 
0 0.0964887 1 
0 0.0981533 1 
0 0.102237 1 
0 0.105803 1 
0 0.106522 1 
0 0.112688 1 
0 0.130242 1 
0 0.131405 1 
0 0.143119 1 
0 0.14445 1 
0 0.150829 1 
0 0.167685 1 
0 0.175939 1 
0 0.177072 1 
0 0.18403 1 
0 0.193858 1 
0 0.210119 1 
0 0.237186 1 
0 0.255536 1 
0 0.331263 1 
0 0.367316 1 
0 0.423478 1 
0 0.426054 1 
0 0.434278 1 
0 0.490318 1 
0 0.514511 1 
0 0.519781 1 
0 0.520485 1 
0 0.558576 1 
0 0.5617 1 
0 0.568469 1 
0 0.603593 1 
0 0.687534 1 
0 0.724278 1 
0 0.73423 1 
0 0.805518 1 
0 0.813963 1 
0 1.28548 1 
0 1.53569 1 
0 1.6493 1 
0 2.01292 1 
0 2.91617 1 
0 2.91946 1 
0 3.45574 1 
0 4.18394 1 
0 4.98527 1 
0 5.06288 1 
0 5.19321 1 
0 inf 1 
0 0.0174528 2 
0 0.0226737 2 
0 0.0234971 2 
0 0.0238979 2 
0 0.0246833 2 
0 0.025813 2 
0 0.0268963 2 
0 0.0268968 2 
0 0.026897 2 
0 0.0272521 2 
0 0.0272522 2 
0 0.0275972 2 
0 0.028947 2 
0 0.0292713 2 
0 0.0305467 2 
0 0.0314637 2 
0 0.0314676 2 
0 0.0320638 2 
0 0.032064 2 
0 0.0323583 2 
0 0.0323584 2 
0 0.0326511 2 
0 0.03323 2 
0 0.033514 2 
0 0.0335145 2 
0 0.0340787 2 
0 0.035715 2 
0 0.0367685 2 
0 0.0372801 2 
0 0.0385383 2 
0 0.0395112 2 
0 0.0406979 2 
0 0.041852 2 
0 0.0431935 2 
0 0.0442811 2 
0 0.0465862 2 
0 0.0491679 2 
0 0.049171 2 
0 0.0501294 2 
0 0.0503202 2 
0 0.0506967 2 
0 0.0508833 2 
0 0.0521773 2 
0 0.0523593 2 
0 0.0532602 2 
0 0.0537983 2 
0 0.0541459 2 
0 0.0548457 2 
0 0.0550192 2 
0 0.0555353 2 
0 0.0560515 2 
0 0.0565538 2 
0 0.0567239 2 
0 0.0575559 2 
0 0.057557 2 
0 0.0577242 2 
0 0.0577264 2 
0 0.0582168 2 
0 0.0583765 2 
0 0.058864 2 
0 0.0590217 2 
0 0.0590313 2 
0 0.0595063 2 
0 0.0635299 2 
0 0.0651571 2 
0 0.0675997 2 
0 0.0687139 2 
0 0.0687148 2 
0 0.0797429 2 
0 0.0918372 2 
0 0.102514 2 
0 0.104718 2 
0 0.109259 2 
0 0.116668 2 
0 0.131548 2 
0 0.140909 2 
0 0.144777 2 
0 0.148093 2 
0 0.149439 2 
0 0.152149 2 
0 0.152151 2 
0 0.155552 2 
0 0.156041 2 
0 0.167974 2 
0 0.171729 2 
0 0.172448 2 
0 0.181329 2 
0 0.187524 2 
0 0.189941 2 
0 0.213527 2 
0 0.290966 2 
0 0.311558 2 
0 0.31846 2 
0 0.400898 2 
0 0.412717 2 
0 0.436351 2 
0 0.437194 2 
0 0.438213 2 
0 0.50403 2 
0 0.509204 2 
0 0.511163 2 
0 0.557189 2 
0 0.56334 2 
0 0.60387 2 
0 0.604874 2 
0 0.61232 2 
0 0.619402 2 
0 0.624544 2 
0 0.628216 2 
0 0.667496 2 
0 0.668741 2 
0 0.699229 2 
0 0.699406 2 
0 1.18944 2 
0 1.34673 2 
0 1.62763 2 
0 1.63973 2 
0 2.42709 2 
0 3.38336 2 
0 3.5648 2 
0 3.60215 2 
0 3.679 2 
0 3.88418 2 
0 3.88679 2 
0 3.91343 2 
0 4.17771 2 
0 4.2476 2 
0 inf 2 
0 0.0209259 3 
0 0.0226716 3 
0 0.0230876 3 
0 0.0230876 3 
0 0.023088 3 
0 0.0238988 3 
0 0.0261803 3 
0 0.0282768 3 
0 0.0289424 3 
0 0.0289433 3 
0 0.0323593 3 
0 0.0323603 3 
0 0.0323603 3 
0 0.0329411 3 
0 0.0343563 3 
0 0.0343566 3 
0 0.0346359 3 
0 0.03598 3 
0 0.035984 3 
0 0.036509 3 
0 0.0372796 3 
0 0.0372801 3 
0 0.0377874 3 
0 0.0385356 3 
0 0.0387805 3 
0 0.0395112 3 
0 0.0397497 3 
0 0.0404632 3 
0 0.0416224 3 
0 0.0416229 3 
0 0.0418538 3 
0 0.0420813 3 
0 0.0423034 3 
0 0.0429728 3 
0 0.0442817 3 
0 0.0449222 3 
0 0.0449223 3 
0 0.0467899 3 
0 0.0467906 3 
0 0.0471963 3 
0 0.048194 3 
0 0.0483944 3 
0 0.0491741 3 
0 0.0497526 3 
0 0.0514431 3 
0 0.0529003 3 
0 0.0529043 3 
0 0.0529052 3 
0 0.0529052 3 
0 0.0534409 3 
0 0.0543215 3 
0 0.0553632 3 
0 0.0560479 3 
0 0.056216 3 
0 0.0565576 3 
0 0.0575552 3 
0 0.0633791 3 
0 0.0641297 3 
0 0.0653067 3 
0 0.0680164 3 
0 0.0692701 3 
0 0.0790228 3 
0 0.0792629 3 
0 0.0792637 3 
0 0.129513 3 
0 0.140786 3 
0 0.142993 3 
0 0.147254 3 
0 0.158221 3 
0 0.158345 3 
0 0.165978 3 
0 0.170111 3 
0 0.17831 3 
0 0.181639 3 
0 0.18253 3 
0 0.192433 3 
0 0.263353 3 
0 0.264506 3 
0 0.27227 3 
0 0.333552 3 
0 0.367335 3 
0 0.371416 3 
0 0.383773 3 
0 0.387373 3 
0 0.388379 3 
0 0.392378 3 
0 0.393027 3 
0 0.400955 3 
0 0.409435 3 
0 0.464822 3 
0 0.467411 3 
0 0.485981 3 
0 0.486386 3 
0 0.489269 3 
0 0.511535 3 
0 0.522121 3 
0 0.524012 3 
0 0.530368 3 
0 0.573378 3 
0 0.586411 3 
0 0.587156 3 
0 0.597378 3 
0 0.607616 3 
0 0.622364 3 
0 0.628392 3 
0 1.19507 3 
0 1.20912 3 
0 1.28492 3 
0 1.56101 3 
0 1.73416 3 
0 2.09608 3 
0 2.1007 3 
0 2.10217 3 
0 2.16743 3 
0 2.77591 3 
0 2.84942 3 
0 3.28918 3 
0 3.6608 3 
0 3.66416 3 
0 3.66491 3 
0 3.86617 3 
0 3.94314 3 
0 4.0457 3 
0 inf 3 
0 0.0242931 4 
0 0.0258134 4 
0 0.0258135 4 
0 0.0265407 4 
0 0.0323616 4 
0 0.0335145 4 
0 0.0337982 4 
0 0.0346315 4 
0 0.0351778 4 
0 0.0359799 4 
0 0.0359799 4 
0 0.0365048 4 
0 0.0365053 4 
0 0.0380377 4 
0 0.0399925 4 
0 0.0402265 4 
0 0.0425288 4 
0 0.0427534 4 
0 0.042973 4 
0 0.0429731 4 
0 0.0444968 4 
0 0.0444978 4 
0 0.0447113 4 
0 0.0455558 4 
0 0.0459698 4 
0 0.0461766 4 
0 0.0471961 4 
0 0.0483988 4 
0 0.0505079 4 
0 0.0506958 4 
0 0.0510671 4 
0 0.0516269 4 
0 0.0518104 4 
0 0.0546707 4 
0 0.0551938 4 
0 0.0555348 4 
0 0.0565539 4 
0 0.0567219 4 
0 0.0573885 4 
0 0.0578916 4 
0 0.0582136 4 
0 0.0587008 4 
0 0.0591858 4 
0 0.0596673 4 
0 0.0596723 4 
0 0.0613931 4 
0 0.0617124 4 
0 0.0623198 4 
0 0.0633804 4 
0 0.063386 4 
0 0.066602 4 
0 0.0731419 4 
0 0.0746866 4 
0 0.0809263 4 
0 0.0942981 4 
0 0.098157 4 
0 0.106519 4 
0 0.109602 4 
0 0.115109 4 
0 0.115768 4 
0 0.133205 4 
0 0.14589 4 
0 0.15215 4 
0 0.152215 4 
0 0.165979 4 
0 0.170725 4 
0 0.177348 4 
0 0.177777 4 
0 0.26447 4 
0 0.29307 4 
0 0.346053 4 
0 0.356458 4 
0 0.359004 4 
0 0.365328 4 
0 0.36843 4 
0 0.369018 4 
0 0.382919 4 
0 0.412692 4 
0 0.423356 4 
0 0.456209 4 
0 0.468481 4 
0 0.471054 4 
0 0.481509 4 
0 0.500904 4 
0 0.501986 4 
0 0.502163 4 
0 0.503386 4 
0 0.507442 4 
0 0.526368 4 
0 0.530529 4 
0 0.533558 4 
0 0.540106 4 
0 0.551997 4 
0 0.560433 4 
0 0.578018 4 
0 0.592239 4 
0 0.596787 4 
0 0.606533 4 
0 0.890153 4 
0 1.16271 4 
0 1.20484 4 
0 1.36109 4 
0 1.4371 4 
0 1.43848 4 
0 1.43996 4 
0 1.58286 4 
0 1.98181 4 
0 2.00405 4 
0 2.00529 4 
0 2.01065 4 
0 2.12983 4 
0 2.35641 4 
0 2.43619 4 
0 2.43693 4 
0 2.43899 4 
0 2.6478 4 
0 2.89166 4 
0 3.20918 4 
0 3.23394 4 
0 inf 4 
0 0.0163256 5 
0 0.0238984 5 
0 0.0275983 5 
0 0.0299122 5 
0 0.0305431 5 
0 0.032651 5 
0 0.0346336 5 
0 0.0367669 5 
0 0.0380383 5 
0 0.0382881 5 
0 0.0387813 5 
0 0.0395168 5 
0 0.0397521 5 
0 0.0411631 5 
0 0.0418512 5 
0 0.0418535 5 
0 0.0434145 5 
0 0.0436322 5 
0 0.0449239 5 
0 0.0451383 5 
0 0.045345 5 
0 0.0474012 5 
0 0.0477972 5 
0 0.0477977 5 
0 0.0485897 5 
0 0.0487843 5 
0 0.0489779 5 
0 0.0497491 5 
0 0.0505088 5 
0 0.051263 5 
0 0.0529045 5 
0 0.0534394 5 
0 0.0534399 5 
0 0.057555 5 
0 0.057884 5 
0 0.0595084 5 
0 0.0603015 5 
0 0.0629323 5 
0 0.0632345 5 
0 0.0638291 5 
0 0.0641312 5 
0 0.0645708 5 
0 0.0651575 5 
0 0.0651614 5 
0 0.067454 5 
0 0.0732748 5 
0 0.0746897 5 
0 0.0749408 5 
0 0.0765777 5 
0 0.0782978 5 
0 0.0817451 5 
0 0.0994027 5 
0 0.114202 5 
0 0.139555 5 
0 0.146997 5 
0 0.149817 5 
0 0.150008 5 
0 0.160438 5 
0 0.16279 5 
0 0.203072 5 
0 0.259529 5 
0 0.279308 5 
0 0.30226 5 
0 0.351442 5 
0 0.366098 5 
0 0.374452 5 
0 0.378496 5 
0 0.408479 5 
0 0.41377 5 
0 0.419697 5 
0 0.425743 5 
0 0.428585 5 
0 0.429948 5 
0 0.431264 5 
0 0.43287 5 
0 0.436058 5 
0 0.440877 5 
0 0.441417 5 
0 0.47594 5 
0 0.489336 5 
0 0.508634 5 
0 0.511176 5 
0 0.526437 5 
0 0.546029 5 
0 0.561532 5 
0 0.573524 5 
0 0.57531 5 
0 0.575596 5 
0 0.575905 5 
0 0.578083 5 
0 0.931507 5 
0 0.944567 5 
0 0.946822 5 
0 0.952115 5 
0 1.07458 5 
0 1.21957 5 
0 1.30587 5 
0 1.31598 5 
0 1.35866 5 
0 1.36556 5 
0 1.40052 5 
0 1.58394 5 
0 1.83249 5 
0 1.84175 5 
0 1.86042 5 
0 1.99011 5 
0 2.14461 5 
0 2.31404 5 
0 2.31495 5 
0 2.31851 5 
0 2.32185 5 
0 2.51226 5 
0 2.51258 5 
0 2.51314 5 
0 2.5159 5 
0 inf 5 
0 0.0213759 6 
0 0.0230887 6 
0 0.0246835 6 
0 0.029913 6 
0 0.0343567 6 
0 0.0357205 6 
0 0.0359842 6 
0 0.0367655 6 
0 0.0367671 6 
0 0.0372792 6 
0 0.0387814 6 
0 0.0392696 6 
0 0.0395107 6 
0 0.0395109 6 
0 0.0404627 6 
0 0.0413935 6 
0 0.0420791 6 
0 0.0425271 6 
0 0.042528 6 
0 0.042528 6 
0 0.0427521 6 
0 0.0436346 6 
0 0.0453521 6 
0 0.0459707 6 
0 0.047196 6 
0 0.0479951 6 
0 0.048783 6 
0 0.0499418 6 
0 0.051262 6 
0 0.0519933 6 
0 0.0529016 6 
0 0.0541499 6 
0 0.0551915 6 
0 0.0551969 6 
0 0.0563915 6 
0 0.0604606 6 
0 0.0627726 6 
0 0.0627757 6 
0 0.0632262 6 
0 0.0681616 6 
0 0.068859 6 
0 0.0732715 6 
0 0.0734026 6 
0 0.075825 6 
0 0.0823256 6 
0 0.127139 6 
0 0.129361 6 
0 0.137566 6 
0 0.144845 6 
0 0.170169 6 
0 0.177825 6 
0 0.191982 6 
0 0.196726 6 
0 0.260262 6 
0 0.273006 6 
0 0.284054 6 
0 0.28619 6 
0 0.293373 6 
0 0.297235 6 
0 0.299149 6 
0 0.300388 6 
0 0.313613 6 
0 0.36628 6 
0 0.381054 6 
0 0.385055 6 
0 0.387493 6 
0 0.388355 6 
0 0.388849 6 
0 0.389753 6 
0 0.394598 6 
0 0.417528 6 
0 0.423122 6 
0 0.427041 6 
0 0.431233 6 
0 0.431471 6 
0 0.433781 6 
0 0.457253 6 
0 0.460602 6 
0 0.4859 6 
0 0.532884 6 
0 0.542022 6 
0 0.54218 6 
0 0.55528 6 
0 0.570434 6 
0 0.57416 6 
0 0.704983 6 
0 0.709787 6 
0 0.710151 6 
0 0.736953 6 
0 1.0457 6 
0 1.26814 6 
0 1.28446 6 
0 1.29586 6 
0 1.31168 6 
0 1.33013 6 
0 1.34514 6 
0 1.37357 6 
0 1.43473 6 
0 2.05137 6 
0 2.05233 6 
0 2.05322 6 
0 2.07581 6 
0 2.08412 6 
0 2.08467 6 
0 2.08653 6 
0 2.10444 6 
0 2.13119 6 
0 2.30287 6 
0 2.3031 6 
0 2.3033 6 
0 2.31401 6 
0 inf 6 
0 0.0209265 7 
0 0.028277 7 
0 0.0346306 7 
0 0.0346324 7 
0 0.0354469 7 
0 0.0359815 7 
0 0.0367654 7 
0 0.037787 7 
0 0.0380438 7 
0 0.0387813 7 
0 0.038783 7 
0 0.0409339 7 
0 0.0416224 7 
0 0.0440663 7 
0 0.0478023 7 
0 0.0489775 7 
0 0.0512556 7 
0 0.0514417 7 
0 0.0519937 7 
0 0.0534407 7 
0 0.0565569 7 
0 0.0575557 7 
0 0.0598231 7 
0 0.0610906 7 
0 0.0621703 7 
0 0.0639746 7 
0 0.0641272 7 
0 0.0644262 7 
0 0.0655936 7 
0 0.0657395 7 
0 0.0667457 7 
0 0.0668875 7 
0 0.0696784 7 
0 0.0700873 7 
0 0.0724921 7 
0 0.0734024 7 
0 0.0800971 7 
0 0.0840429 7 
0 0.085724 7 
0 0.096089 7 
0 0.114448 7 
0 0.129656 7 
0 0.153211 7 
0 0.166093 7 
0 0.166423 7 
0 0.185632 7 
0 0.216508 7 
0 0.218042 7 
0 0.222363 7 
0 0.255984 7 
0 0.264075 7 
0 0.265042 7 
0 0.265906 7 
0 0.304013 7 
0 0.313148 7 
0 0.316685 7 
0 0.327615 7 
0 0.328284 7 
0 0.32996 7 
0 0.330047 7 
0 0.348777 7 
0 0.352605 7 
0 0.352686 7 
0 0.367628 7 
0 0.385198 7 
0 0.38606 7 
0 0.449163 7 
0 0.452883 7 
0 0.456085 7 
0 0.46354 7 
0 0.46893 7 
0 0.488265 7 
0 0.547782 7 
0 0.548737 7 
0 0.559244 7 
0 0.560387 7 
0 0.56191 7 
0 0.562976 7 
0 0.571725 7 
0 0.599088 7 
0 0.719699 7 
0 0.758339 7 
0 0.772061 7 
0 0.779141 7 
0 1.15299 7 
0 1.20649 7 
0 1.29888 7 
0 1.32083 7 
0 1.33904 7 
0 1.34663 7 
0 1.36087 7 
0 1.41783 7 
0 1.54019 7 
0 1.56297 7 
0 1.58267 7 
0 1.6883 7 
0 1.69765 7 
0 1.70073 7 
0 1.73601 7 
0 1.74448 7 
0 1.7446 7 
0 1.79913 7 
0 2.11776 7 
0 2.11901 7 
0 2.12135 7 
0 2.13851 7 
0 2.16753 7 
0 inf 7 
0 0.0163249 8 
0 0.0272485 8 
0 0.0275986 8 
0 0.0351763 8 
0 0.0354495 8 
0 0.0429735 8 
0 0.046586 8 
0 0.0465875 8 
0 0.0514428 8 
0 0.0523589 8 
0 0.0536165 8 
0 0.0562168 8 
0 0.0575569 8 
0 0.0598262 8 
0 0.0613963 8 
0 0.0624733 8 
0 0.0633828 8 
0 0.0641358 8 
0 0.0645735 8 
0 0.0723557 8 
0 0.0741754 8 
0 0.0743031 8 
0 0.0748169 8 
0 0.0756983 8 
0 0.0811612 8 
0 0.0822163 8 
0 0.0829012 8 
0 0.0830232 8 
0 0.0898467 8 
0 0.0942919 8 
0 0.100067 8 
0 0.10362 8 
0 0.105896 8 
0 0.132185 8 
0 0.133134 8 
0 0.13976 8 
0 0.15586 8 
0 0.167577 8 
0 0.200521 8 
0 0.2134 8 
0 0.213476 8 
0 0.215075 8 
0 0.222775 8 
0 0.231918 8 
0 0.238657 8 
0 0.241827 8 
0 0.242865 8 
0 0.260235 8 
0 0.261935 8 
0 0.262302 8 
0 0.270881 8 
0 0.291874 8 
0 0.298946 8 
0 0.320567 8 
0 0.365759 8 
0 0.373023 8 
0 0.37616 8 
0 0.378319 8 
0 0.382484 8 
0 0.413338 8 
0 0.415066 8 
0 0.455731 8 
0 0.45736 8 
0 0.458172 8 
0 0.468028 8 
0 0.484272 8 
0 0.486976 8 
0 0.509082 8 
0 0.510669 8 
0 0.574751 8 
0 0.577659 8 
0 0.735995 8 
0 0.738961 8 
0 0.739968 8 
0 0.743529 8 
0 0.750158 8 
0 0.825944 8 
0 0.83102 8 
0 0.884175 8 
0 0.891755 8 
0 0.894474 8 
0 0.895727 8 
0 0.903721 8 
0 0.93457 8 
0 1.10009 8 
0 1.10202 8 
0 1.14033 8 
0 1.26019 8 
0 1.28378 8 
0 1.28912 8 
0 1.33477 8 
0 1.42206 8 
0 1.45566 8 
0 1.4883 8 
0 1.48866 8 
0 1.50508 8 
0 1.53362 8 
0 1.57196 8 
0 2.11643 8 
0 2.11688 8 
0 2.12376 8 
0 2.12633 8 
0 2.12687 8 
0 inf 8 
0 0.0234966 9 
0 0.0320638 9 
0 0.046794 9 
0 0.0473948 9 
0 0.0473974 9 
0 0.0499428 9 
0 0.0546732 9 
0 0.0578887 9 
0 0.0601464 9 
0 0.061085 9 
0 0.0624709 9 
0 0.06278 9 
0 0.0641264 9 
0 0.0657395 9 
0 0.06759 9 
0 0.0687128 9 
0 0.0706298 9 
0 0.073399 9 
0 0.0741753 9 
0 0.0769472 9 
0 0.0835883 9 
0 0.0862831 9 
0 0.0901667 9 
0 0.0933824 9 
0 0.0974702 9 
0 0.105622 9 
0 0.111925 9 
0 0.122328 9 
0 0.129215 9 
0 0.14543 9 
0 0.16026 9 
0 0.170493 9 
0 0.173152 9 
0 0.196578 9 
0 0.208606 9 
0 0.2157 9 
0 0.233712 9 
0 0.255397 9 
0 0.257218 9 
0 0.260549 9 
0 0.264578 9 
0 0.314409 9 
0 0.31586 9 
0 0.317823 9 
0 0.325634 9 
0 0.368637 9 
0 0.368643 9 
0 0.381314 9 
0 0.38271 9 
0 0.383638 9 
0 0.388552 9 
0 0.400725 9 
0 0.40149 9 
0 0.454392 9 
0 0.478629 9 
0 0.479762 9 
0 0.487953 9 
0 0.502344 9 
0 0.526081 9 
0 0.526153 9 
0 0.528925 9 
0 0.537836 9 
0 0.540678 9 
0 0.559462 9 
0 0.566157 9 
0 0.566577 9 
0 0.570654 9 
0 0.595964 9 
0 0.669089 9 
0 0.735801 9 
0 0.772248 9 
0 0.797046 9 
0 0.809136 9 
0 0.877165 9 
0 0.902043 9 
0 0.937819 9 
0 0.955915 9 
0 1.05143 9 
0 1.05482 9 
0 1.06613 9 
0 1.18425 9 
0 1.18602 9 
0 1.21401 9 
0 1.23858 9 
0 1.241 9 
0 1.34519 9 
0 1.3543 9 
0 1.36293 9 
0 1.36431 9 
0 1.36876 9 
0 1.54936 9 
0 1.55078 9 
0 1.62054 9 
0 1.62112 9 
0 2.11683 9 
0 2.1178 9 
0 2.12988 9 
0 2.18373 9 
0 2.18416 9 
0 inf 9 
0 0.0174525 10 
0 0.0365059 10 
0 0.0385358 10 
0 0.0404652 10 
0 0.0449141 10 
0 0.0583707 10 
0 0.0645709 10 
0 0.0703557 10 
0 0.0719594 10 
0 0.0744369 10 
0 0.0770676 10 
0 0.0774379 10 
0 0.0843865 10 
0 0.0852785 10 
0 0.0922499 10 
0 0.0962872 10 
0 0.102425 10 
0 0.115857 10 
0 0.116022 10 
0 0.117644 10 
0 0.133347 10 
0 0.139616 10 
0 0.145044 10 
0 0.151698 10 
0 0.153336 10 
0 0.162778 10 
0 0.169047 10 
0 0.210081 10 
0 0.215564 10 
0 0.219867 10 
0 0.233574 10 
0 0.255239 10 
0 0.260006 10 
0 0.291094 10 
0 0.30769 10 
0 0.309219 10 
0 0.318442 10 
0 0.321773 10 
0 0.331027 10 
0 0.364273 10 
0 0.376287 10 
0 0.383961 10 
0 0.391039 10 
0 0.392262 10 
0 0.3966 10 
0 0.399924 10 
0 0.40515 10 
0 0.42835 10 
0 0.42835 10 
0 0.429662 10 
0 0.455731 10 
0 0.455731 10 
0 0.4716 10 
0 0.475759 10 
0 0.477158 10 
0 0.481981 10 
0 0.48275 10 
0 0.486879 10 
0 0.491233 10 
0 0.494478 10 
0 0.529536 10 
0 0.535344 10 
0 0.554811 10 
0 0.559476 10 
0 0.720901 10 
0 0.721151 10 
0 0.729303 10 
0 0.738059 10 
0 0.84324 10 
0 0.87823 10 
0 0.87862 10 
0 0.882276 10 
0 0.900219 10 
0 0.932401 10 
0 0.932759 10 
0 1.08532 10 
0 1.17961 10 
0 1.18026 10 
0 1.18884 10 
0 1.18884 10 
0 1.18903 10 
0 1.25317 10 
0 1.25317 10 
0 1.32941 10 
0 1.32976 10 
0 1.38399 10 
0 1.38424 10 
0 1.40338 10 
0 1.57889 10 
0 1.57927 10 
0 2.12378 10 
0 2.12433 10 
0 2.14036 10 
0 2.1404 10 
0 2.14175 10 
0 inf 10 
0 0.053262 11 
0 0.0663182 11 
0 0.067311 11 
0 0.0696731 11 
0 0.0789082 11 
0 0.0957964 11 
0 0.104535 11 
0 0.109864 11 
0 0.11286 11 
0 0.120838 11 
0 0.127585 11 
0 0.129068 11 
0 0.13721 11 
0 0.149057 11 
0 0.154511 11 
0 0.157438 11 
0 0.163552 11 
0 0.167294 11 
0 0.167561 11 
0 0.175273 11 
0 0.183935 11 
0 0.188932 11 
0 0.198743 11 
0 0.207479 11 
0 0.214874 11 
0 0.218607 11 
0 0.225758 11 
0 0.272307 11 
0 0.280092 11 
0 0.283792 11 
0 0.30366 11 
0 0.310511 11 
0 0.340668 11 
0 0.345627 11 
0 0.345887 11 
0 0.346327 11 
0 0.347683 11 
0 0.348776 11 
0 0.350953 11 
0 0.352823 11 
0 0.357495 11 
0 0.365447 11 
0 0.37118 11 
0 0.392282 11 
0 0.428152 11 
0 0.450241 11 
0 0.450748 11 
0 0.47502 11 
0 0.485759 11 
0 0.495939 11 
0 0.500242 11 
0 0.505692 11 
0 0.506088 11 
0 0.516956 11 
0 0.540569 11 
0 0.54071 11 
0 0.541419 11 
0 0.557712 11 
0 0.629681 11 
0 0.722549 11 
0 0.722789 11 
0 0.738276 11 
0 0.740211 11 
0 0.74228 11 
0 0.848694 11 
0 0.858146 11 
0 0.879837 11 
0 0.88027 11 
0 0.882267 11 
0 0.896951 11 
0 0.93694 11 
0 0.946925 11 
0 1.01452 11 
0 1.01807 11 
0 1.01916 11 
0 1.12038 11 
0 1.17478 11 
0 1.17916 11 
0 1.18109 11 
0 1.18314 11 
0 1.18475 11 
0 1.18539 11 
0 1.18798 11 
0 1.19104 11 
0 1.19296 11 
0 1.19754 11 
0 2.11718 11 
0 2.11783 11 
0 2.12252 11 
0 2.12254 11 
0 2.12295 11 
0 inf 11 
0 0.0974734 12 
0 0.106788 12 
0 0.109515 12 
0 0.118373 12 
0 0.122091 12 
0 0.138392 12 
0 0.148413 12 
0 0.162953 12 
0 0.163842 12 
0 0.164291 12 
0 0.168651 12 
0 0.214906 12 
0 0.220029 12 
0 0.234084 12 
0 0.234895 12 
0 0.237795 12 
0 0.242077 12 
0 0.242905 12 
0 0.254838 12 
0 0.262333 12 
0 0.263538 12 
0 0.268901 12 
0 0.273788 12 
0 0.27415 12 
0 0.279004 12 
0 0.279038 12 
0 0.27984 12 
0 0.280541 12 
0 0.284899 12 
0 0.286099 12 
0 0.29843 12 
0 0.334839 12 
0 0.33823 12 
0 0.342845 12 
0 0.37226 12 
0 0.374138 12 
0 0.384833 12 
0 0.403074 12 
0 0.403445 12 
0 0.404983 12 
0 0.405546 12 
0 0.412989 12 
0 0.433765 12 
0 0.434291 12 
0 0.435974 12 
0 0.463784 12 
0 0.467236 12 
0 0.4762 12 
0 0.481192 12 
0 0.502977 12 
0 0.517571 12 
0 0.546168 12 
0 0.68241 12 
0 0.682522 12 
0 0.683079 12 
0 0.695394 12 
0 0.696253 12 
0 0.717251 12 
0 0.717676 12 
0 0.731264 12 
0 0.732456 12 
0 0.737453 12 
0 0.740801 12 
0 0.746054 12 
0 0.747203 12 
0 0.756669 12 
0 0.873745 12 
0 0.88096 12 
0 0.882202 12 
0 0.89929 12 
0 0.908254 12 
0 0.93737 12 
0 0.948836 12 
0 0.949799 12 
0 1.18107 12 
0 1.18351 12 
0 1.26663 12 
0 1.26671 12 
0 1.26747 12 
0 1.3808 12 
0 1.38634 12 
0 1.38645 12 
0 2.11654 12 
0 2.11675 12 
0 2.1193 12 
0 2.11953 12 
0 2.11969 12 
0 inf 12 
0 0.0978559 13 
0 0.108905 13 
0 0.115932 13 
0 0.152512 13 
0 0.162319 13 
0 0.165733 13 
0 0.166666 13 
0 0.180484 13 
0 0.203071 13 
0 0.212872 13 
0 0.215404 13 
0 0.227128 13 
0 0.228769 13 
0 0.259573 13 
0 0.265721 13 
0 0.270055 13 
0 0.270056 13 
0 0.278932 13 
0 0.280095 13 
0 0.280861 13 
0 0.288386 13 
0 0.306011 13 
0 0.306166 13 
0 0.306477 13 
0 0.309302 13 
0 0.313551 13 
0 0.317053 13 
0 0.317257 13 
0 0.318132 13 
0 0.319118 13 
0 0.334097 13 
0 0.334097 13 
0 0.335377 13 
0 0.347998 13 
0 0.348928 13 
0 0.350018 13 
0 0.353481 13 
0 0.355627 13 
0 0.360865 13 
0 0.363624 13 
0 0.373252 13 
0 0.38833 13 
0 0.391625 13 
0 0.464953 13 
0 0.495021 13 
0 0.498103 13 
0 0.559589 13 
0 0.560251 13 
0 0.56054 13 
0 0.568149 13 
0 0.572821 13 
0 0.573037 13 
0 0.599118 13 
0 0.599873 13 
0 0.642793 13 
0 0.65632 13 
0 0.711009 13 
0 0.729786 13 
0 0.849432 13 
0 0.857681 13 
0 0.858362 13 
0 0.889042 13 
0 0.898474 13 
0 0.917163 13 
0 1.09319 13 
0 1.09374 13 
0 1.09458 13 
0 1.17897 13 
0 1.18609 13 
0 1.23977 13 
0 1.23988 13 
0 1.24036 13 
0 1.37112 13 
0 1.37165 13 
0 1.37189 13 
0 1.5732 13 
0 1.57378 13 
0 1.57999 13 
0 2.11821 13 
0 2.11871 13 
0 2.16553 13 
0 2.16577 13 
0 2.16663 13 
0 inf 13 
0 0.0530849 14 
0 0.0846063 14 
0 0.10092 14 
0 0.111328 14 
0 0.117953 14 
0 0.119012 14 
0 0.157124 14 
0 0.15863 14 
0 0.169042 14 
0 0.177668 14 
0 0.224493 14 
0 0.228647 14 
0 0.235728 14 
0 0.24077 14 
0 0.251791 14 
0 0.277451 14 
0 0.278273 14 
0 0.279434 14 
0 0.280352 14 
0 0.28157 14 
0 0.282597 14 
0 0.283136 14 
0 0.283372 14 
0 0.283673 14 
0 0.291112 14 
0 0.291568 14 
0 0.291797 14 
0 0.292383 14 
0 0.300209 14 
0 0.305241 14 
0 0.307265 14 
0 0.314696 14 
0 0.328445 14 
0 0.346406 14 
0 0.347065 14 
0 0.348379 14 
0 0.349035 14 
0 0.384262 14 
0 0.393902 14 
0 0.437828 14 
0 0.438111 14 
0 0.442823 14 
0 0.459699 14 
0 0.474457 14 
0 0.492786 14 
0 0.533561 14 
0 0.534061 14 
0 0.534559 14 
0 0.541892 14 
0 0.54851 14 
0 0.548562 14 
0 0.556042 14 
0 0.560036 14 
0 0.581344 14 
0 0.649512 14 
0 0.662178 14 
0 0.6685 14 
0 0.738459 14 
0 0.901395 14 
0 0.907958 14 
0 1.07826 14 
0 1.18028 14 
0 1.19312 14 
0 1.20189 14 
0 1.20189 14 
0 1.20341 14 
0 1.34905 14 
0 1.35577 14 
0 1.35636 14 
0 1.49476 14 
0 1.49491 14 
0 1.49547 14 
0 1.57624 14 
0 1.57628 14 
0 1.57667 14 
0 2.11871 14 
0 2.14937 14 
0 2.14944 14 
0 2.15017 14 
0 inf 14 
0 0.0546731 15 
0 0.0835842 15 
0 0.0883486 15 
0 0.109778 15 
0 0.110212 15 
0 0.115275 15 
0 0.124564 15 
0 0.127585 15 
0 0.172984 15 
0 0.173149 15 
0 0.173832 15 
0 0.176038 15 
0 0.178403 15 
0 0.205123 15 
0 0.231119 15 
0 0.238148 15 
0 0.24133 15 
0 0.242804 15 
0 0.273161 15 
0 0.275762 15 
0 0.275762 15 
0 0.27671 15 
0 0.282215 15 
0 0.283708 15 
0 0.291134 15 
0 0.307636 15 
0 0.320139 15 
0 0.320614 15 
0 0.332421 15 
0 0.332421 15 
0 0.344895 15 
0 0.344977 15 
0 0.346737 15 
0 0.34682 15 
0 0.346902 15 
0 0.348956 15 
0 0.349828 15 
0 0.379125 15 
0 0.430731 15 
0 0.48766 15 
0 0.505951 15 
0 0.51564 15 
0 0.515806 15 
0 0.516304 15 
0 0.516581 15 
0 0.539604 15 
0 0.639625 15 
0 0.732949 15 
0 0.738098 15 
0 0.757145 15 
0 0.757949 15 
0 0.775909 15 
0 0.814062 15 
0 0.872414 15 
0 0.873886 15 
0 0.976812 15 
0 1.09321 15 
0 1.09516 15 
0 1.09696 15 
0 1.11946 15 
0 1.20857 15 
0 1.20895 15 
0 1.2094 15 
0 1.2094 15 
0 1.22555 15 
0 1.32497 15 
0 1.32693 15 
0 1.3278 15 
0 1.3697 15 
0 1.38033 15 
0 1.38039 15 
0 2.12086 15 
0 2.12611 15 
0 2.12623 15 
0 2.1265 15 
0 inf 15 
0 0.0813913 16 
0 0.109151 16 
0 0.110537 16 
0 0.116751 16 
0 0.12531 16 
0 0.13263 16 
0 0.14425 16 
0 0.144448 16 
0 0.15462 16 
0 0.16178 16 
0 0.162546 16 
0 0.162955 16 
0 0.184191 16 
0 0.192971 16 
0 0.195666 16 
0 0.225167 16 
0 0.250164 16 
0 0.271479 16 
0 0.278335 16 
0 0.279787 16 
0 0.279971 16 
0 0.280209 16 
0 0.280671 16 
0 0.281991 16 
0 0.287511 16 
0 0.315796 16 
0 0.318168 16 
0 0.318318 16 
0 0.319338 16 
0 0.319602 16 
0 0.319904 16 
0 0.320379 16 
0 0.321418 16 
0 0.40383 16 
0 0.422924 16 
0 0.456836 16 
0 0.457307 16 
0 0.490424 16 
0 0.555152 16 
0 0.556248 16 
0 0.556471 16 
0 0.556864 16 
0 0.562942 16 
0 0.565874 16 
0 0.58849 16 
0 0.62005 16 
0 0.823254 16 
0 0.885567 16 
0 0.886459 16 
0 0.88976 16 
0 0.925634 16 
0 0.931875 16 
0 0.945747 16 
0 0.94626 16 
0 1.01601 16 
0 1.01825 16 
0 1.04855 16 
0 1.05507 16 
0 1.08713 16 
0 1.12557 16 
0 1.12939 16 
0 1.13097 16 
0 1.20026 16 
0 1.20029 16 
0 1.20051 16 
0 1.20201 16 
0 1.43053 16 
0 2.12427 16 
0 2.12446 16 
0 2.12447 16 
0 2.12474 16 
0 inf 16 
0 0.085944 17 
0 0.0866042 17 
0 0.0867158 17 
0 0.087044 17 
0 0.0881315 17 
0 0.0993023 17 
0 0.100351 17 
0 0.101858 17 
0 0.220925 17 
0 0.226583 17 
0 0.230375 17 
0 0.239768 17 
0 0.258607 17 
0 0.265258 17 
0 0.265581 17 
0 0.269358 17 
0 0.277646 17 
0 0.281258 17 
0 0.28163 17 
0 0.285256 17 
0 0.297053 17 
0 0.316943 17 
0 0.317213 17 
0 0.317453 17 
0 0.317453 17 
0 0.327386 17 
0 0.350332 17 
0 0.369179 17 
0 0.442219 17 
0 0.453445 17 
0 0.460282 17 
0 0.46781 17 
0 0.469131 17 
0 0.472025 17 
0 0.487777 17 
0 0.493578 17 
0 0.494041 17 
0 0.494041 17 
0 0.4983 17 
0 0.506786 17 
0 0.53841 17 
0 0.539893 17 
0 0.541003 17 
0 0.545419 17 
0 0.571321 17 
0 0.572935 17 
0 0.574512 17 
0 0.602358 17 
0 0.652996 17 
0 0.842266 17 
0 0.914838 17 
0 0.939629 17 
0 0.941087 17 
0 0.941906 17 
0 1.16479 17 
0 1.18649 17 
0 1.18752 17 
0 1.18752 17 
0 1.21808 17 
0 1.21808 17 
0 1.21883 17 
0 1.21892 17 
0 1.3694 17 
0 2.13318 17 
0 2.13334 17 
0 2.13341 17 
0 2.13354 17 
0 inf 17 
0 0.107923 18 
0 0.110018 18 
0 0.111908 18 
0 0.112671 18 
0 0.173375 18 
0 0.175991 18 
0 0.177446 18 
0 0.210157 18 
0 0.216973 18 
0 0.221317 18 
0 0.221317 18 
0 0.269317 18 
0 0.271745 18 
0 0.27213 18 
0 0.27227 18 
0 0.277606 18 
0 0.278318 18 
0 0.292044 18 
0 0.292272 18 
0 0.345889 18 
0 0.367551 18 
0 0.3681 18 
0 0.369262 18 
0 0.370804 18 
0 0.372491 18 
0 0.372491 18 
0 0.372845 18 
0 0.380986 18 
0 0.386853 18 
0 0.390254 18 
0 0.393247 18 
0 0.448905 18 
0 0.454497 18 
0 0.454832 18 
0 0.455974 18 
0 0.457836 18 
0 0.459102 18 
0 0.459256 18 
0 0.489025 18 
0 0.489161 18 
0 0.489647 18 
0 0.514922 18 
0 0.536124 18 
0 0.536745 18 
0 0.536745 18 
0 0.536745 18 
0 0.774028 18 
0 0.990566 18 
0 1.04426 18 
0 1.04445 18 
0 1.2098 18 
0 1.21086 18 
0 1.2111 18 
0 1.21112 18 
0 1.31175 18 
0 1.35141 18 
0 1.35169 18 
0 1.35174 18 
0 1.58008 18 
0 2.12927 18 
0 2.12935 18 
0 2.12936 18 
0 2.1296 18 
0 inf 18 
0 0.158167 19 
0 0.16678 19 
0 0.16678 19 
0 0.171618 19 
0 0.17311 19 
0 0.181063 19 
0 0.182164 19 
0 0.182844 19 
0 0.186041 19 
0 0.188989 19 
0 0.197349 19 
0 0.197783 19 
0 0.200364 19 
0 0.261244 19 
0 0.262265 19 
0 0.263352 19 
0 0.263533 19 
0 0.264178 19 
0 0.264287 19 
0 0.316959 19 
0 0.326745 19 
0 0.331145 19 
0 0.358001 19 
0 0.36181 19 
0 0.364906 19 
0 0.366356 19 
0 0.369823 19 
0 0.370003 19 
0 0.431677 19 
0 0.44629 19 
0 0.446481 19 
0 0.453253 19 
0 0.459848 19 
0 0.45991 19 
0 0.460096 19 
0 0.469808 19 
0 0.485705 19 
0 0.486135 19 
0 0.487183 19 
0 0.487211 19 
0 0.487475 19 
0 0.487495 19 
0 0.487827 19 
0 0.548443 19 
0 0.550804 19 
0 1.08287 19 
0 1.10937 19 
0 1.10978 19 
0 1.20905 19 
0 1.20936 19 
0 1.2094 19 
0 1.34829 19 
0 1.34975 19 
0 1.39534 19 
0 1.4094 19 
0 1.40941 19 
0 2.14308 19 
0 2.14365 19 
0 2.14535 19 
0 inf 19 
0 0.0633821 20 
0 0.0647196 20 
0 0.0723586 20 
0 0.108205 20 
0 0.108468 20 
0 0.133273 20 
0 0.145174 20 
0 0.148095 20 
0 0.161618 20 
0 0.170227 20 
0 0.171342 20 
0 0.175729 20 
0 0.189229 20 
0 0.18948 20 
0 0.231785 20 
0 0.250762 20 
0 0.265727 20 
0 0.266264 20 
0 0.267975 20 
0 0.305452 20 
0 0.30595 20 
0 0.364064 20 
0 0.365733 20 
0 0.368533 20 
0 0.370654 20 
0 0.370654 20 
0 0.370833 20 
0 0.455501 20 
0 0.455584 20 
0 0.455584 20 
0 0.461206 20 
0 0.473131 20 
0 0.473794 20 
0 0.49182 20 
0 0.492052 20 
0 0.494213 20 
0 0.503762 20 
0 0.504064 20 
0 0.518121 20 
0 0.520729 20 
0 0.574399 20 
0 0.638567 20 
0 1.07726 20 
0 1.07895 20 
0 1.07926 20 
0 1.18872 20 
0 1.18967 20 
0 1.35067 20 
0 1.35377 20 
0 1.39213 20 
0 1.39224 20 
0 2.13485 20 
0 2.14118 20 
0 2.14122 20 
0 2.79377 20 
0 inf 20 
