0 0.0214921 1 
0 0.0224924 1 
0 0.0234536 1 
0 0.0239144 1 
0 0.0239156 1 
0 0.0248168 1 
0 0.0252559 1 
0 0.0252575 1 
0 0.0261155 1 
0 0.0261155 1 
0 0.0269399 1 
0 0.0273523 1 
0 0.02814 1 
0 0.02814 1 
0 0.02814 1 
0 0.029291 1 
0 0.030759 1 
0 0.0314603 1 
0 0.0314615 1 
0 0.0321522 1 
0 0.032493 1 
0 0.0324933 1 
0 0.0324933 1 
0 0.03283 1 
0 0.033495 1 
0 0.0334971 1 
0 0.0341462 1 
0 0.0344664 1 
0 0.034782 1 
0 0.0350957 1 
0 0.035718 1 
0 0.035718 1 
0 0.0360257 1 
0 0.0366301 1 
0 0.0369314 1 
0 0.0369314 1 
0 0.0381017 1 
0 0.0383898 1 
0 0.0392393 1 
0 0.0395183 1 
0 0.0403446 1 
0 0.0408851 1 
0 0.04221 1 
0 0.04221 1 
0 0.0432416 1 
0 0.0434942 1 
0 0.0439961 1 
0 0.0447387 1 
0 0.0454753 1 
0 0.0459517 1 
0 0.0464304 1 
0 0.0471336 1 
0 0.0473666 1 
0 0.0475975 1 
0 0.047828 1 
0 0.0478283 1 
0 0.0494122 1 
0 0.0500752 1 
0 0.0500756 1 
0 0.0502946 1 
0 0.0502958 1 
0 0.0507309 1 
0 0.0509464 1 
0 0.0526467 1 
0 0.05327 1 
0 0.0536819 1 
0 0.0564771 1 
0 0.0572493 1 
0 0.0649866 1 
0 0.0653242 1 
0 0.0666575 1 
0 0.0679621 1 
0 0.069879 1 
0 0.0701926 1 
0 0.0779169 1 
0 0.0780573 1 
0 0.0787566 1 
0 0.0810977 1 
0 0.083764 1 
0 0.0844188 1 
0 0.0894775 1 
0 0.0922612 1 
0 0.0924999 1 
0 0.0970275 1 
0 0.101353 1 
0 0.104871 1 
0 0.104872 1 
0 0.106019 1 
0 0.114784 1 
0 0.116686 1 
0 0.11753 1 
0 0.124437 1 
0 0.129294 1 
0 0.156749 1 
0 0.157029 1 
0 0.157029 1 
0 0.158978 1 
0 0.184764 1 
0 0.223551 1 
0 0.236184 1 
0 0.248966 1 
0 0.298064 1 
0 0.361403 1 
0 0.369706 1 
0 0.462844 1 
0 0.483349 1 
0 0.505403 1 
0 0.552007 1 
0 0.553352 1 
0 0.562321 1 
0 0.600218 1 
0 0.600875 1 
0 0.627293 1 
0 0.657779 1 
0 0.657849 1 
0 0.659519 1 
0 0.816281 1 
0 0.827003 1 
0 0.953604 1 
0 0.961609 1 
0 1.18968 1 
0 1.31387 1 
0 1.75185 1 
0 1.84914 1 
0 2.72816 1 
0 2.73381 1 
0 3.4813 1 
0 3.49229 1 
0 4.29312 1 
0 4.30043 1 
0 4.36492 1 
0 inf 1 
0 0.0239144 2 
0 0.0239144 2 
0 0.0265333 2 
0 0.0269413 2 
0 0.0269415 2 
0 0.0281387 2 
0 0.0285277 2 
0 0.0285277 2 
0 0.0289103 2 
0 0.0289106 2 
0 0.028913 2 
0 0.0307544 2 
0 0.0328294 2 
0 0.0334933 2 
0 0.0334979 2 
0 0.0334979 2 
0 0.0341436 2 
0 0.0344636 2 
0 0.034466 2 
0 0.0354086 2 
0 0.0363313 2 
0 0.0366316 2 
0 0.0369329 2 
0 0.0389577 2 
0 0.0392401 2 
0 0.0392429 2 
0 0.039521 2 
0 0.0395226 2 
0 0.0400721 2 
0 0.0403443 2 
0 0.0403449 2 
0 0.0414228 2 
0 0.0416864 2 
0 0.0427289 2 
0 0.0427297 2 
0 0.0432396 2 
0 0.0434933 2 
0 0.0461911 2 
0 0.0468992 2 
0 0.0469 2 
0 0.0476004 2 
0 0.0482883 2 
0 0.0489673 2 
0 0.0515896 2 
0 0.0534735 2 
0 0.056474 2 
0 0.0574413 2 
0 0.0595082 2 
0 0.0598779 2 
0 0.0598779 2 
0 0.0618654 2 
0 0.0644768 2 
0 0.0649856 2 
0 0.065156 2 
0 0.0666578 2 
0 0.0668256 2 
0 0.0673136 2 
0 0.069088 2 
0 0.0692462 2 
0 0.0697209 2 
0 0.0700415 2 
0 0.0711264 2 
0 0.0731098 2 
0 0.0759169 2 
0 0.0767786 2 
0 0.0798701 2 
0 0.0806885 2 
0 0.0831061 2 
0 0.085969 2 
0 0.0882416 2 
0 0.0888617 2 
0 0.0905778 2 
0 0.0936824 2 
0 0.0970275 2 
0 0.0995997 2 
0 0.123196 2 
0 0.127408 2 
0 0.136735 2 
0 0.161518 2 
0 0.171106 2 
0 0.171812 2 
0 0.172385 2 
0 0.173342 2 
0 0.178651 2 
0 0.1953 2 
0 0.20178 2 
0 0.202106 2 
0 0.215433 2 
0 0.251953 2 
0 0.264767 2 
0 0.28354 2 
0 0.314544 2 
0 0.388004 2 
0 0.446985 2 
0 0.493635 2 
0 0.519521 2 
0 0.523068 2 
0 0.527192 2 
0 0.530621 2 
0 0.538589 2 
0 0.541957 2 
0 0.54891 2 
0 0.580555 2 
0 0.636113 2 
0 0.689533 2 
0 0.692587 2 
0 0.703635 2 
0 0.726907 2 
0 0.734171 2 
0 0.741627 2 
0 0.751344 2 
0 0.768444 2 
0 0.786963 2 
0 1.07467 2 
0 1.13104 2 
0 1.50867 2 
0 1.50974 2 
0 2.28458 2 
0 2.93712 2 
0 2.93785 2 
0 3.10213 2 
0 3.19734 2 
0 3.22913 2 
0 3.26134 2 
0 3.2997 2 
0 3.80713 2 
0 3.88323 2 
0 inf 2 
0 0.02345 3 
0 0.0239122 3 
0 0.0239138 3 
0 0.0248164 3 
0 0.0256876 3 
0 0.0277489 3 
0 0.0296626 3 
0 0.0300306 3 
0 0.0318087 3 
0 0.0331633 3 
0 0.0331647 3 
0 0.0331647 3 
0 0.0354087 3 
0 0.0357201 3 
0 0.0363286 3 
0 0.0369318 3 
0 0.0372289 3 
0 0.03752 3 
0 0.0378114 3 
0 0.0381036 3 
0 0.0383911 3 
0 0.0383911 3 
0 0.0389582 3 
0 0.0395186 3 
0 0.0411539 3 
0 0.0414203 3 
0 0.0422133 3 
0 0.0424717 3 
0 0.0424734 3 
0 0.043239 3 
0 0.043239 3 
0 0.0454707 3 
0 0.0454709 3 
0 0.0473682 3 
0 0.0476005 3 
0 0.0476015 3 
0 0.0487434 3 
0 0.0498549 3 
0 0.0502969 3 
0 0.0505151 3 
0 0.0509457 3 
0 0.0542902 3 
0 0.0542907 3 
0 0.0542951 3 
0 0.054695 3 
0 0.0552948 3 
0 0.0564748 3 
0 0.0583896 3 
0 0.0583917 3 
0 0.0598796 3 
0 0.0604254 3 
0 0.0611499 3 
0 0.0625718 3 
0 0.0630981 3 
0 0.0636198 3 
0 0.0661606 3 
0 0.0705058 3 
0 0.0767771 3 
0 0.0791777 3 
0 0.0833719 3 
0 0.0864776 3 
0 0.0893563 3 
0 0.0945013 3 
0 0.0962305 3 
0 0.105603 3 
0 0.111281 3 
0 0.117439 3 
0 0.119111 3 
0 0.131235 3 
0 0.140781 3 
0 0.153627 3 
0 0.15377 3 
0 0.194 3 
0 0.201014 3 
0 0.203949 3 
0 0.208219 3 
0 0.279399 3 
0 0.298433 3 
0 0.298469 3 
0 0.329513 3 
0 0.329728 3 
0 0.414974 3 
0 0.417548 3 
0 0.42277 3 
0 0.433857 3 
0 0.449459 3 
0 0.474369 3 
0 0.506833 3 
0 0.524925 3 
0 0.527777 3 
0 0.544379 3 
0 0.575131 3 
0 0.588478 3 
0 0.59796 3 
0 0.600678 3 
0 0.600986 3 
0 0.620658 3 
0 0.648071 3 
0 0.664737 3 
0 0.673652 3 
0 0.675217 3 
0 0.709448 3 
0 0.710874 3 
0 0.711617 3 
0 0.721118 3 
0 1.06563 3 
0 1.07226 3 
0 1.10115 3 
0 1.43271 3 
0 2.08018 3 
0 2.20546 3 
0 2.42288 3 
0 2.44473 3 
0 2.44731 3 
0 2.44755 3 
0 2.65583 3 
0 2.81318 3 
0 2.87907 3 
0 2.88518 3 
0 2.88586 3 
0 3.4162 3 
0 3.46111 3 
0 3.49729 3 
0 inf 3 
0 0.0214922 4 
0 0.0248164 4 
0 0.0261155 4 
0 0.0273458 4 
0 0.0289111 4 
0 0.0307544 4 
0 0.0307567 4 
0 0.0321567 4 
0 0.0324933 4 
0 0.0341437 4 
0 0.034146 4 
0 0.0347829 4 
0 0.0354097 4 
0 0.0357189 4 
0 0.036929 4 
0 0.0389606 4 
0 0.0392391 4 
0 0.0403446 4 
0 0.0408892 4 
0 0.0411577 4 
0 0.0411577 4 
0 0.0432393 4 
0 0.0432413 4 
0 0.0432445 4 
0 0.0447435 4 
0 0.0457158 4 
0 0.0464303 4 
0 0.048288 4 
0 0.0485176 4 
0 0.0500786 4 
0 0.0520165 4 
0 0.0526483 4 
0 0.0530613 4 
0 0.0536781 4 
0 0.0536827 4 
0 0.0564808 4 
0 0.0568665 4 
0 0.0572485 4 
0 0.0593243 4 
0 0.0623954 4 
0 0.0625737 4 
0 0.0651554 4 
0 0.0651571 4 
0 0.0659936 4 
0 0.0681269 4 
0 0.069406 4 
0 0.069406 4 
0 0.0715884 4 
0 0.0718963 4 
0 0.0735592 4 
0 0.0769259 4 
0 0.0832392 4 
0 0.0854581 4 
0 0.0859705 4 
0 0.0899711 4 
0 0.0923837 4 
0 0.103503 4 
0 0.111874 4 
0 0.113145 4 
0 0.114689 4 
0 0.116404 4 
0 0.122212 4 
0 0.122927 4 
0 0.149637 4 
0 0.172833 4 
0 0.19212 4 
0 0.197484 4 
0 0.201397 4 
0 0.274675 4 
0 0.363713 4 
0 0.370057 4 
0 0.385537 4 
0 0.390771 4 
0 0.39363 4 
0 0.399489 4 
0 0.400254 4 
0 0.424176 4 
0 0.462618 4 
0 0.478627 4 
0 0.484285 4 
0 0.499303 4 
0 0.5304 4 
0 0.530959 4 
0 0.531664 4 
0 0.532041 4 
0 0.566665 4 
0 0.576526 4 
0 0.583295 4 
0 0.587372 4 
0 0.612982 4 
0 0.621931 4 
0 0.625739 4 
0 0.631529 4 
0 0.662498 4 
0 0.673268 4 
0 0.675933 4 
0 0.678498 4 
0 0.686612 4 
0 0.689703 4 
0 1.07055 4 
0 1.10393 4 
0 1.13449 4 
0 1.23902 4 
0 1.24044 4 
0 1.24162 4 
0 1.44119 4 
0 1.78203 4 
0 1.78831 4 
0 1.79676 4 
0 1.83098 4 
0 2.03745 4 
0 2.3436 4 
0 2.44289 4 
0 2.445 4 
0 2.44807 4 
0 2.71275 4 
0 3.05883 4 
0 3.0606 4 
0 3.06078 4 
0 inf 4 
0 0.021998 5 
0 0.0219993 5 
0 0.0256882 5 
0 0.0273487 5 
0 0.0311099 5 
0 0.0318084 5 
0 0.0344655 5 
0 0.034783 5 
0 0.0347836 5 
0 0.0350963 5 
0 0.0357196 5 
0 0.0360257 5 
0 0.039796 5 
0 0.0400752 5 
0 0.0408861 5 
0 0.0427292 5 
0 0.0434946 5 
0 0.0434952 5 
0 0.0444925 5 
0 0.045474 5 
0 0.0454746 5 
0 0.0454746 5 
0 0.0466642 5 
0 0.0480586 5 
0 0.0500751 5 
0 0.0500759 5 
0 0.0509459 5 
0 0.0554938 5 
0 0.0560834 5 
0 0.0562815 5 
0 0.0568655 5 
0 0.0574398 5 
0 0.0611522 5 
0 0.0620449 5 
0 0.0623972 5 
0 0.063274 5 
0 0.0636207 5 
0 0.0641355 5 
0 0.0646472 5 
0 0.0651579 5 
0 0.0653261 5 
0 0.0656592 5 
0 0.0689309 5 
0 0.0718963 5 
0 0.0718993 5 
0 0.073264 5 
0 0.0753308 5 
0 0.0753308 5 
0 0.0787592 5 
0 0.0825782 5 
0 0.0853259 5 
0 0.0872396 5 
0 0.0878685 5 
0 0.0930944 5 
0 0.10168 5 
0 0.107461 5 
0 0.138651 5 
0 0.198592 5 
0 0.198595 5 
0 0.206255 5 
0 0.269134 5 
0 0.290914 5 
0 0.336489 5 
0 0.407514 5 
0 0.423751 5 
0 0.436014 5 
0 0.451226 5 
0 0.452793 5 
0 0.456315 5 
0 0.472407 5 
0 0.473175 5 
0 0.475529 5 
0 0.476061 5 
0 0.49161 5 
0 0.499421 5 
0 0.504039 5 
0 0.55315 5 
0 0.555661 5 
0 0.573478 5 
0 0.575488 5 
0 0.575488 5 
0 0.589351 5 
0 0.601948 5 
0 0.622476 5 
0 0.641291 5 
0 0.644034 5 
0 0.64744 5 
0 0.650609 5 
0 0.654716 5 
0 0.656946 5 
0 0.7562 5 
0 0.776988 5 
0 0.779066 5 
0 0.788788 5 
0 1.10927 5 
0 1.14887 5 
0 1.29797 5 
0 1.34321 5 
0 1.46169 5 
0 1.50411 5 
0 1.55267 5 
0 1.56271 5 
0 1.65453 5 
0 1.7415 5 
0 1.81865 5 
0 1.91698 5 
0 2.04858 5 
0 2.05281 5 
0 2.06361 5 
0 2.06687 5 
0 2.09427 5 
0 2.23869 5 
0 2.29316 5 
0 2.29366 5 
0 2.29408 5 
0 inf 5 
0 0.0234484 6 
0 0.0261155 6 
0 0.0285274 6 
0 0.0314606 6 
0 0.0344635 6 
0 0.034782 6 
0 0.0354079 6 
0 0.0357199 6 
0 0.0366301 6 
0 0.0372285 6 
0 0.039239 6 
0 0.039239 6 
0 0.0400702 6 
0 0.0403475 6 
0 0.0406166 6 
0 0.0427279 6 
0 0.0434933 6 
0 0.0444961 6 
0 0.0459543 6 
0 0.0478281 6 
0 0.0480588 6 
0 0.0494161 6 
0 0.0500786 6 
0 0.050294 6 
0 0.0515891 6 
0 0.0522294 6 
0 0.0542914 6 
0 0.0544952 6 
0 0.0558883 6 
0 0.0560847 6 
0 0.0566726 6 
0 0.0583924 6 
0 0.0591406 6 
0 0.061865 6 
0 0.0669855 6 
0 0.0673167 6 
0 0.0679648 6 
0 0.0687705 6 
0 0.0698794 6 
0 0.0720477 6 
0 0.0760603 6 
0 0.0777735 6 
0 0.0854572 6 
0 0.0956576 6 
0 0.102 6 
0 0.11631 6 
0 0.133067 6 
0 0.13528 6 
0 0.14425 6 
0 0.14571 6 
0 0.147289 6 
0 0.163631 6 
0 0.167995 6 
0 0.171622 6 
0 0.193942 6 
0 0.226705 6 
0 0.271462 6 
0 0.274795 6 
0 0.285364 6 
0 0.287926 6 
0 0.315922 6 
0 0.328122 6 
0 0.364761 6 
0 0.366447 6 
0 0.369585 6 
0 0.371009 6 
0 0.372901 6 
0 0.382225 6 
0 0.466502 6 
0 0.471006 6 
0 0.474982 6 
0 0.483899 6 
0 0.515367 6 
0 0.534505 6 
0 0.537725 6 
0 0.557775 6 
0 0.575657 6 
0 0.57742 6 
0 0.577888 6 
0 0.607286 6 
0 0.617485 6 
0 0.62687 6 
0 0.629916 6 
0 0.632217 6 
0 0.640837 6 
0 0.641403 6 
0 0.79411 6 
0 0.812099 6 
0 0.854655 6 
0 0.860323 6 
0 0.889611 6 
0 0.909359 6 
0 0.937027 6 
0 1.13427 6 
0 1.14583 6 
0 1.22884 6 
0 1.36344 6 
0 1.48636 6 
0 1.8143 6 
0 1.8143 6 
0 1.81446 6 
0 1.84736 6 
0 2.04229 6 
0 2.15204 6 
0 2.15236 6 
0 2.15347 6 
0 2.17237 6 
0 2.32646 6 
0 2.33725 6 
0 2.40893 6 
0 2.46735 6 
0 inf 6 
0 0.0261128 7 
0 0.027749 7 
0 0.0292895 7 
0 0.0307567 7 
0 0.0321552 7 
0 0.0357194 7 
0 0.0363295 7 
0 0.0392374 7 
0 0.0434923 7 
0 0.0454728 7 
0 0.0459533 7 
0 0.0473682 7 
0 0.0475983 7 
0 0.047601 7 
0 0.0482855 7 
0 0.0482877 7 
0 0.0485152 7 
0 0.0489647 7 
0 0.0489667 7 
0 0.0505156 7 
0 0.0509482 7 
0 0.052225 7 
0 0.0574397 7 
0 0.061687 7 
0 0.0620429 7 
0 0.062749 7 
0 0.0636219 7 
0 0.0641348 7 
0 0.0648187 7 
0 0.06566 7 
0 0.0664917 7 
0 0.0735594 7 
0 0.0767803 7 
0 0.0772058 7 
0 0.0793149 7 
0 0.0911866 7 
0 0.0913038 7 
0 0.0955422 7 
0 0.0969167 7 
0 0.0973682 7 
0 0.0973694 7 
0 0.100942 7 
0 0.105082 7 
0 0.106353 7 
0 0.113846 7 
0 0.146067 7 
0 0.169388 7 
0 0.189351 7 
0 0.206121 7 
0 0.209214 7 
0 0.265058 7 
0 0.274656 7 
0 0.280323 7 
0 0.293862 7 
0 0.295541 7 
0 0.308668 7 
0 0.311681 7 
0 0.327062 7 
0 0.329331 7 
0 0.353621 7 
0 0.378614 7 
0 0.380353 7 
0 0.382511 7 
0 0.390581 7 
0 0.395903 7 
0 0.400131 7 
0 0.441527 7 
0 0.489525 7 
0 0.508818 7 
0 0.535902 7 
0 0.555186 7 
0 0.566922 7 
0 0.580722 7 
0 0.584121 7 
0 0.587075 7 
0 0.593313 7 
0 0.635609 7 
0 0.637645 7 
0 0.638837 7 
0 0.639456 7 
0 0.640416 7 
0 0.642549 7 
0 0.650166 7 
0 0.783125 7 
0 0.903379 7 
0 1.02031 7 
0 1.09556 7 
0 1.46631 7 
0 1.51113 7 
0 1.53378 7 
0 1.54947 7 
0 1.5497 7 
0 1.56033 7 
0 1.56285 7 
0 1.57709 7 
0 1.6261 7 
0 1.63424 7 
0 1.67246 7 
0 1.73185 7 
0 1.78794 7 
0 1.86847 7 
0 1.94324 7 
0 2.0168 7 
0 2.01786 7 
0 2.02242 7 
0 2.04253 7 
0 2.09884 7 
0 inf 7 
0 0.0224924 8 
0 0.0239144 8 
0 0.0307546 8 
0 0.0406165 8 
0 0.0444932 8 
0 0.0471372 8 
0 0.0485134 8 
0 0.0494116 8 
0 0.0500786 8 
0 0.0513802 8 
0 0.0534723 8 
0 0.0534728 8 
0 0.0534761 8 
0 0.0540873 8 
0 0.0542904 8 
0 0.0550945 8 
0 0.0558853 8 
0 0.0574397 8 
0 0.0602467 8 
0 0.0630981 8 
0 0.0687689 8 
0 0.0706634 8 
0 0.0718972 8 
0 0.0729591 8 
0 0.0851993 8 
0 0.0862231 8 
0 0.0911852 8 
0 0.0914245 8 
0 0.0932119 8 
0 0.0964597 8 
0 0.098267 8 
0 0.100042 8 
0 0.10989 8 
0 0.121397 8 
0 0.124223 8 
0 0.127689 8 
0 0.142351 8 
0 0.149484 8 
0 0.153197 8 
0 0.177864 8 
0 0.18936 8 
0 0.203192 8 
0 0.225212 8 
0 0.22988 8 
0 0.231569 8 
0 0.239976 8 
0 0.240682 8 
0 0.243182 8 
0 0.260908 8 
0 0.268848 8 
0 0.271957 8 
0 0.286301 8 
0 0.309718 8 
0 0.324146 8 
0 0.336669 8 
0 0.339402 8 
0 0.364659 8 
0 0.366824 8 
0 0.3908 8 
0 0.395583 8 
0 0.410322 8 
0 0.484807 8 
0 0.528066 8 
0 0.529986 8 
0 0.530871 8 
0 0.531547 8 
0 0.557045 8 
0 0.564964 8 
0 0.574488 8 
0 0.578779 8 
0 0.603038 8 
0 0.605077 8 
0 0.608351 8 
0 0.648644 8 
0 0.655733 8 
0 0.658561 8 
0 0.751835 8 
0 0.826657 8 
0 0.827912 8 
0 0.876257 8 
0 1.13146 8 
0 1.15138 8 
0 1.21623 8 
0 1.23743 8 
0 1.26666 8 
0 1.28289 8 
0 1.28618 8 
0 1.29583 8 
0 1.29591 8 
0 1.2969 8 
0 1.3013 8 
0 1.32708 8 
0 1.3999 8 
0 1.42897 8 
0 1.43598 8 
0 1.4609 8 
0 1.46211 8 
0 1.47096 8 
0 2.0184 8 
0 2.01849 8 
0 2.02873 8 
0 2.03129 8 
0 2.03133 8 
0 inf 8 
0 0.0248171 9 
0 0.0372243 9 
0 0.0427276 9 
0 0.0434956 9 
0 0.0485146 9 
0 0.0540882 9 
0 0.0542902 9 
0 0.0560863 9 
0 0.0560863 9 
0 0.0618483 9 
0 0.067963 9 
0 0.0686085 9 
0 0.0700386 9 
0 0.0703496 9 
0 0.070662 9 
0 0.0715933 9 
0 0.0741554 9 
0 0.0756248 9 
0 0.0770667 9 
0 0.0777769 9 
0 0.0853275 9 
0 0.0857127 9 
0 0.0873631 9 
0 0.0930937 9 
0 0.100591 9 
0 0.102637 9 
0 0.105915 9 
0 0.110788 9 
0 0.118392 9 
0 0.120965 9 
0 0.124085 9 
0 0.168051 9 
0 0.189641 9 
0 0.193462 9 
0 0.199065 9 
0 0.201487 9 
0 0.201776 9 
0 0.259616 9 
0 0.273512 9 
0 0.275376 9 
0 0.290817 9 
0 0.307275 9 
0 0.32896 9 
0 0.335735 9 
0 0.339982 9 
0 0.342065 9 
0 0.342209 9 
0 0.343213 9 
0 0.34831 9 
0 0.350066 9 
0 0.41301 9 
0 0.41738 9 
0 0.485147 9 
0 0.495768 9 
0 0.524586 9 
0 0.5262 9 
0 0.53359 9 
0 0.56149 9 
0 0.576202 9 
0 0.580943 9 
0 0.581681 9 
0 0.582668 9 
0 0.585304 9 
0 0.595625 9 
0 0.597836 9 
0 0.598351 9 
0 0.611695 9 
0 0.625113 9 
0 0.625113 9 
0 0.64895 9 
0 0.796318 9 
0 0.95053 9 
0 0.967946 9 
0 1.06096 9 
0 1.06245 9 
0 1.06358 9 
0 1.09278 9 
0 1.10339 9 
0 1.13231 9 
0 1.13301 9 
0 1.13413 9 
0 1.13945 9 
0 1.1484 9 
0 1.15613 9 
0 1.17133 9 
0 1.18087 9 
0 1.23363 9 
0 1.30431 9 
0 1.3172 9 
0 1.46062 9 
0 1.53722 9 
0 1.53728 9 
0 1.5496 9 
0 1.54992 9 
0 2.0171 9 
0 2.01735 9 
0 2.0374 9 
0 2.11117 9 
0 2.11117 9 
0 inf 9 
0 0.02437 10 
0 0.0314615 10 
0 0.0366328 10 
0 0.0457148 10 
0 0.0480566 10 
0 0.0487403 10 
0 0.0649853 10 
0 0.0653241 10 
0 0.0671509 10 
0 0.0700355 10 
0 0.0728445 10 
0 0.0787609 10 
0 0.0788988 10 
0 0.0793483 10 
0 0.0871143 10 
0 0.0892349 10 
0 0.0926125 10 
0 0.0946167 10 
0 0.0987135 10 
0 0.102538 10 
0 0.128861 10 
0 0.130875 10 
0 0.132118 10 
0 0.145241 10 
0 0.14905 10 
0 0.186752 10 
0 0.212297 10 
0 0.213154 10 
0 0.245946 10 
0 0.262663 10 
0 0.275595 10 
0 0.281322 10 
0 0.289089 10 
0 0.310586 10 
0 0.313613 10 
0 0.324903 10 
0 0.330322 10 
0 0.33091 10 
0 0.33252 10 
0 0.343678 10 
0 0.35494 10 
0 0.363403 10 
0 0.365966 10 
0 0.380934 10 
0 0.40236 10 
0 0.439618 10 
0 0.439943 10 
0 0.441446 10 
0 0.441819 10 
0 0.480217 10 
0 0.483479 10 
0 0.488311 10 
0 0.502663 10 
0 0.51049 10 
0 0.51757 10 
0 0.517676 10 
0 0.517676 10 
0 0.554865 10 
0 0.555364 10 
0 0.565465 10 
0 0.566689 10 
0 0.569839 10 
0 0.571689 10 
0 0.600996 10 
0 0.604409 10 
0 0.672093 10 
0 0.794987 10 
0 0.797473 10 
0 0.993486 10 
0 1.05548 10 
0 1.05781 10 
0 1.05918 10 
0 1.08348 10 
0 1.08348 10 
0 1.08348 10 
0 1.13999 10 
0 1.14355 10 
0 1.14359 10 
0 1.14728 10 
0 1.14783 10 
0 1.1766 10 
0 1.17718 10 
0 1.1789 10 
0 1.30706 10 
0 1.3195 10 
0 1.34113 10 
0 1.3423 10 
0 1.4496 10 
0 1.45433 10 
0 1.45454 10 
0 2.02503 10 
0 2.02568 10 
0 2.04916 10 
0 2.04959 10 
0 2.04959 10 
0 inf 10 
0 0.0386747 11 
0 0.0489669 11 
0 0.0576314 11 
0 0.0587649 11 
0 0.0589378 11 
0 0.0598795 11 
0 0.080961 11 
0 0.0809611 11 
0 0.0848106 11 
0 0.0909425 11 
0 0.0958775 11 
0 0.0972802 11 
0 0.10921 11 
0 0.118826 11 
0 0.137217 11 
0 0.143691 11 
0 0.147039 11 
0 0.171616 11 
0 0.178677 11 
0 0.179267 11 
0 0.191545 11 
0 0.217565 11 
0 0.21779 11 
0 0.225684 11 
0 0.234875 11 
0 0.241986 11 
0 0.247907 11 
0 0.25007 11 
0 0.262811 11 
0 0.273953 11 
0 0.287736 11 
0 0.29305 11 
0 0.298525 11 
0 0.298525 11 
0 0.305336 11 
0 0.307741 11 
0 0.346833 11 
0 0.346833 11 
0 0.388938 11 
0 0.393995 11 
0 0.398105 11 
0 0.40287 11 
0 0.404274 11 
0 0.408408 11 
0 0.466413 11 
0 0.486551 11 
0 0.497932 11 
0 0.513377 11 
0 0.536762 11 
0 0.537499 11 
0 0.548579 11 
0 0.571567 11 
0 0.578782 11 
0 0.579086 11 
0 0.579086 11 
0 0.58775 11 
0 0.588647 11 
0 0.594522 11 
0 0.597161 11 
0 0.607025 11 
0 0.62696 11 
0 0.747379 11 
0 0.761913 11 
0 0.78873 11 
0 0.825908 11 
0 0.83553 11 
0 0.853533 11 
0 0.85799 11 
0 0.879185 11 
0 0.879298 11 
0 0.963496 11 
0 0.963804 11 
0 1.02726 11 
0 1.0659 11 
0 1.0661 11 
0 1.07169 11 
0 1.07368 11 
0 1.08022 11 
0 1.15641 11 
0 1.23151 11 
0 1.25304 11 
0 1.26542 11 
0 1.282 11 
0 1.421 11 
0 1.4211 11 
0 1.42134 11 
0 2.01837 11 
0 2.01837 11 
0 2.03186 11 
0 2.03212 11 
0 2.03214 11 
0 inf 11 
0 0.0687532 12 
0 0.0946166 12 
0 0.0998208 12 
0 0.115667 12 
0 0.117711 12 
0 0.123703 12 
0 0.1294 12 
0 0.130473 12 
0 0.14118 12 
0 0.143345 12 
0 0.143638 12 
0 0.146937 12 
0 0.150156 12 
0 0.154568 12 
0 0.175108 12 
0 0.197092 12 
0 0.201124 12 
0 0.222736 12 
0 0.226869 12 
0 0.231314 12 
0 0.241614 12 
0 0.266753 12 
0 0.27295 12 
0 0.274314 12 
0 0.2757 12 
0 0.284708 12 
0 0.28576 12 
0 0.288501 12 
0 0.296037 12 
0 0.303585 12 
0 0.310989 12 
0 0.312365 12 
0 0.313492 12 
0 0.315067 12 
0 0.336703 12 
0 0.344237 12 
0 0.347385 12 
0 0.349491 12 
0 0.35178 12 
0 0.358431 12 
0 0.368843 12 
0 0.36932 12 
0 0.37833 12 
0 0.37873 12 
0 0.383957 12 
0 0.443001 12 
0 0.464662 12 
0 0.486551 12 
0 0.521108 12 
0 0.526419 12 
0 0.557882 12 
0 0.558197 12 
0 0.575725 12 
0 0.5819 12 
0 0.587327 12 
0 0.594999 12 
0 0.600998 12 
0 0.634591 12 
0 0.655545 12 
0 0.662305 12 
0 0.681469 12 
0 0.682586 12 
0 0.731792 12 
0 0.759556 12 
0 0.760077 12 
0 0.794232 12 
0 0.804636 12 
0 0.826163 12 
0 0.826256 12 
0 1.05676 12 
0 1.06548 12 
0 1.18618 12 
0 1.18979 12 
0 1.19048 12 
0 1.19053 12 
0 1.19367 12 
0 1.19519 12 
0 1.28213 12 
0 1.2882 12 
0 1.29096 12 
0 1.30516 12 
0 1.30651 12 
0 2.01694 12 
0 2.01817 12 
0 2.02182 12 
0 2.02182 12 
0 2.02185 12 
0 inf 12 
0 0.0719329 13 
0 0.0996268 13 
0 0.117253 13 
0 0.120023 13 
0 0.129202 13 
0 0.13745 13 
0 0.141318 13 
0 0.172796 13 
0 0.19028 13 
0 0.197982 13 
0 0.206944 13 
0 0.233308 13 
0 0.24509 13 
0 0.246661 13 
0 0.255152 13 
0 0.255592 13 
0 0.260978 13 
0 0.279755 13 
0 0.289633 13 
0 0.292938 13 
0 0.295907 13 
0 0.296056 13 
0 0.300059 13 
0 0.303293 13 
0 0.307435 13 
0 0.309053 13 
0 0.319467 13 
0 0.323979 13 
0 0.334804 13 
0 0.335393 13 
0 0.33684 13 
0 0.342539 13 
0 0.342764 13 
0 0.342764 13 
0 0.349342 13 
0 0.351217 13 
0 0.351696 13 
0 0.351946 13 
0 0.352217 13 
0 0.355852 13 
0 0.383855 13 
0 0.394041 13 
0 0.39564 13 
0 0.395834 13 
0 0.423713 13 
0 0.481722 13 
0 0.504354 13 
0 0.546713 13 
0 0.570447 13 
0 0.603126 13 
0 0.603181 13 
0 0.606454 13 
0 0.670423 13 
0 0.760388 13 
0 0.799261 13 
0 0.816866 13 
0 0.819441 13 
0 0.907226 13 
0 0.907569 13 
0 0.912195 13 
0 0.917485 13 
0 0.957655 13 
0 0.957839 13 
0 0.959491 13 
0 1.05138 13 
0 1.05613 13 
0 1.06468 13 
0 1.16673 13 
0 1.16692 13 
0 1.16725 13 
0 1.16881 13 
0 1.16908 13 
0 1.16953 13 
0 1.2709 13 
0 1.31359 13 
0 1.5268 13 
0 1.52695 13 
0 1.5291 13 
0 2.01745 13 
0 2.01849 13 
0 2.0863 13 
0 2.08649 13 
0 2.08683 13 
0 inf 13 
0 0.0741564 14 
0 0.075185 14 
0 0.0979209 14 
0 0.100359 14 
0 0.107588 14 
0 0.136254 14 
0 0.19022 14 
0 0.208198 14 
0 0.219377 14 
0 0.241797 14 
0 0.243429 14 
0 0.281595 14 
0 0.287276 14 
0 0.294958 14 
0 0.297177 14 
0 0.299362 14 
0 0.30363 14 
0 0.306981 14 
0 0.313609 14 
0 0.31447 14 
0 0.31447 14 
0 0.31447 14 
0 0.317948 14 
0 0.318037 14 
0 0.318363 14 
0 0.318896 14 
0 0.343052 14 
0 0.343437 14 
0 0.343693 14 
0 0.344077 14 
0 0.363264 14 
0 0.372885 14 
0 0.372915 14 
0 0.37374 14 
0 0.376788 14 
0 0.383977 14 
0 0.406713 14 
0 0.435961 14 
0 0.480268 14 
0 0.483941 14 
0 0.509433 14 
0 0.510983 14 
0 0.558671 14 
0 0.562413 14 
0 0.563683 14 
0 0.563976 14 
0 0.564224 14 
0 0.567565 14 
0 0.572669 14 
0 0.573341 14 
0 0.578174 14 
0 0.727597 14 
0 0.773637 14 
0 0.787711 14 
0 0.788701 14 
0 0.808397 14 
0 0.808546 14 
0 1.05626 14 
0 1.07607 14 
0 1.07652 14 
0 1.09148 14 
0 1.09151 14 
0 1.09229 14 
0 1.13446 14 
0 1.13825 14 
0 1.13834 14 
0 1.32782 14 
0 1.41694 14 
0 1.44705 14 
0 1.44726 14 
0 1.44741 14 
0 1.59775 14 
0 1.59775 14 
0 1.59794 14 
0 2.01708 14 
0 2.02131 14 
0 2.07823 14 
0 2.07831 14 
0 2.07831 14 
0 inf 14 
0 0.0669856 15 
0 0.0717412 15 
0 0.0958859 15 
0 0.114007 15 
0 0.120023 15 
0 0.121481 15 
0 0.128518 15 
0 0.141404 15 
0 0.148455 15 
0 0.167088 15 
0 0.196197 15 
0 0.234404 15 
0 0.244691 15 
0 0.245364 15 
0 0.245409 15 
0 0.250019 15 
0 0.252955 15 
0 0.253997 15 
0 0.262807 15 
0 0.286193 15 
0 0.291319 15 
0 0.292637 15 
0 0.293238 15 
0 0.293987 15 
0 0.304426 15 
0 0.307124 15 
0 0.310152 15 
0 0.311285 15 
0 0.326891 15 
0 0.334437 15 
0 0.334536 15 
0 0.340143 15 
0 0.344736 15 
0 0.374126 15 
0 0.396943 15 
0 0.397276 15 
0 0.398381 15 
0 0.399704 15 
0 0.441732 15 
0 0.457383 15 
0 0.483566 15 
0 0.493374 15 
0 0.507427 15 
0 0.507795 15 
0 0.559605 15 
0 0.574671 15 
0 0.578218 15 
0 0.581102 15 
0 0.581405 15 
0 0.586472 15 
0 0.751235 15 
0 0.761061 15 
0 0.761234 15 
0 0.761884 15 
0 0.920189 15 
0 0.93657 15 
0 1.00458 15 
0 1.00524 15 
0 1.00527 15 
0 1.08034 15 
0 1.08039 15 
0 1.08083 15 
0 1.08103 15 
0 1.1637 15 
0 1.17798 15 
0 1.17817 15 
0 1.318 15 
0 1.37781 15 
0 1.43935 15 
0 1.43961 15 
0 1.43981 15 
0 2.02179 15 
0 2.03036 15 
0 2.03043 15 
0 2.0306 15 
0 inf 15 
0 0.0630965 16 
0 0.0776314 16 
0 0.10968 16 
0 0.114778 16 
0 0.115827 16 
0 0.118454 16 
0 0.132034 16 
0 0.132284 16 
0 0.142326 16 
0 0.14325 16 
0 0.165035 16 
0 0.220163 16 
0 0.222279 16 
0 0.224641 16 
0 0.228786 16 
0 0.230442 16 
0 0.237899 16 
0 0.243068 16 
0 0.250334 16 
0 0.251736 16 
0 0.267166 16 
0 0.275116 16 
0 0.282706 16 
0 0.284567 16 
0 0.308518 16 
0 0.309266 16 
0 0.309266 16 
0 0.319343 16 
0 0.363131 16 
0 0.363161 16 
0 0.363766 16 
0 0.367167 16 
0 0.416136 16 
0 0.472717 16 
0 0.49132 16 
0 0.505943 16 
0 0.512442 16 
0 0.54416 16 
0 0.553076 16 
0 0.561959 16 
0 0.599135 16 
0 0.59941 16 
0 0.599502 16 
0 0.611857 16 
0 0.612773 16 
0 0.613401 16 
0 0.614279 16 
0 0.685136 16 
0 0.754186 16 
0 0.824928 16 
0 0.916021 16 
0 0.920345 16 
0 0.921599 16 
0 1.09338 16 
0 1.09354 16 
0 1.09356 16 
0 1.09359 16 
0 1.13236 16 
0 1.13902 16 
0 1.22507 16 
0 1.25849 16 
0 1.26027 16 
0 1.26027 16 
0 1.43584 16 
0 1.4371 16 
0 1.43714 16 
0 1.43775 16 
0 2.02759 16 
0 2.02839 16 
0 2.02873 16 
0 2.02878 16 
0 inf 16 
0 0.101343 17 
0 0.101884 17 
0 0.102208 17 
0 0.127746 17 
0 0.127747 17 
0 0.140536 17 
0 0.159842 17 
0 0.17007 17 
0 0.218488 17 
0 0.225473 17 
0 0.225863 17 
0 0.226641 17 
0 0.26113 17 
0 0.262348 17 
0 0.263018 17 
0 0.271535 17 
0 0.273058 17 
0 0.274505 17 
0 0.279381 17 
0 0.279788 17 
0 0.280598 17 
0 0.343533 17 
0 0.349531 17 
0 0.349625 17 
0 0.350411 17 
0 0.528094 17 
0 0.53203 17 
0 0.532175 17 
0 0.538032 17 
0 0.538093 17 
0 0.556768 17 
0 0.556768 17 
0 0.557321 17 
0 0.559114 17 
0 0.568705 17 
0 0.586016 17 
0 0.590333 17 
0 0.590799 17 
0 0.591041 17 
0 0.591432 17 
0 0.594721 17 
0 0.609264 17 
0 0.609895 17 
0 0.610976 17 
0 0.651923 17 
0 0.668969 17 
0 0.671451 17 
0 0.758504 17 
0 0.895169 17 
0 0.896949 17 
0 0.916764 17 
0 0.934028 17 
0 0.952708 17 
0 0.985621 17 
0 1.11223 17 
0 1.11258 17 
0 1.11278 17 
0 1.11538 17 
0 1.16537 17 
0 1.44674 17 
0 1.44759 17 
0 1.44771 17 
0 1.4483 17 
0 2.02997 17 
0 2.03075 17 
0 2.0308 17 
0 2.03088 17 
0 inf 17 
0 0.131283 18 
0 0.132616 18 
0 0.135245 18 
0 0.142838 18 
0 0.15015 18 
0 0.15168 18 
0 0.153625 18 
0 0.153625 18 
0 0.247736 18 
0 0.258427 18 
0 0.26386 18 
0 0.264318 18 
0 0.272626 18 
0 0.281927 18 
0 0.281927 18 
0 0.282512 18 
0 0.283037 18 
0 0.285359 18 
0 0.300636 18 
0 0.303549 18 
0 0.303983 18 
0 0.304128 18 
0 0.395073 18 
0 0.412718 18 
0 0.481405 18 
0 0.486925 18 
0 0.487657 18 
0 0.488378 18 
0 0.491812 18 
0 0.53143 18 
0 0.531513 18 
0 0.531823 18 
0 0.534138 18 
0 0.535064 18 
0 0.536542 18 
0 0.55576 18 
0 0.556294 18 
0 0.561489 18 
0 0.579491 18 
0 0.579662 18 
0 0.579795 18 
0 0.582388 18 
0 0.592352 18 
0 0.65179 18 
0 0.748636 18 
0 0.784112 18 
0 0.784561 18 
0 0.786003 18 
0 0.847152 18 
0 1.1019 18 
0 1.10361 18 
0 1.10382 18 
0 1.11002 18 
0 1.14322 18 
0 1.1451 18 
0 1.45978 18 
0 1.45984 18 
0 1.45996 18 
0 1.46043 18 
0 2.03705 18 
0 2.03716 18 
0 2.0374 18 
0 2.0377 18 
0 inf 18 
0 0.167505 19 
0 0.167505 19 
0 0.167505 19 
0 0.172193 19 
0 0.172193 19 
0 0.185001 19 
0 0.199532 19 
0 0.206093 19 
0 0.206094 19 
0 0.213687 19 
0 0.214047 19 
0 0.216042 19 
0 0.269338 19 
0 0.269542 19 
0 0.269542 19 
0 0.280638 19 
0 0.280794 19 
0 0.288827 19 
0 0.302914 19 
0 0.346792 19 
0 0.347172 19 
0 0.370838 19 
0 0.397879 19 
0 0.42679 19 
0 0.464903 19 
0 0.481375 19 
0 0.485397 19 
0 0.485759 19 
0 0.486845 19 
0 0.501844 19 
0 0.503485 19 
0 0.504929 19 
0 0.535204 19 
0 0.535615 19 
0 0.535881 19 
0 0.555027 19 
0 0.555086 19 
0 0.555087 19 
0 0.558594 19 
0 0.559538 19 
0 0.559754 19 
0 0.691243 19 
0 0.915481 19 
0 0.925101 19 
0 0.925102 19 
0 1.09471 19 
0 1.09508 19 
0 1.09508 19 
0 1.0954 19 
0 1.14027 19 
0 1.14037 19 
0 1.21276 19 
0 1.45002 19 
0 1.45002 19 
0 1.45028 19 
0 1.45065 19 
0 2.04799 19 
0 2.04956 19 
0 2.0496 19 
0 inf 19 
0 0.0743036 20 
0 0.0743036 20 
0 0.0831061 20 
0 0.0941504 20 
0 0.0965724 20 
0 0.120029 20 
0 0.16608 20 
0 0.167662 20 
0 0.168708 20 
0 0.195522 20 
0 0.195916 20 
0 0.216655 20 
0 0.233539 20 
0 0.235649 20 
0 0.236348 20 
0 0.266217 20 
0 0.27117 20 
0 0.281244 20 
0 0.298453 20 
0 0.298747 20 
0 0.29963 20 
0 0.314616 20 
0 0.337389 20 
0 0.35401 20 
0 0.355003 20 
0 0.485397 20 
0 0.486551 20 
0 0.486664 20 
0 0.514159 20 
0 0.519543 20 
0 0.532505 20 
0 0.533001 20 
0 0.533001 20 
0 0.538901 20 
0 0.547325 20 
0 0.558484 20 
0 0.559271 20 
0 0.559566 20 
0 0.598664 20 
0 0.602692 20 
0 0.631337 20 
0 0.639061 20 
0 0.775582 20 
0 0.98758 20 
0 0.987613 20 
0 1.08121 20 
0 1.08136 20 
0 1.14196 20 
0 1.14292 20 
0 1.44865 20 
0 1.44902 20 
0 2.04852 20 
0 2.04871 20 
0 2.25687 20 
0 2.72065 20 
0 inf 20 
