4.06087 6.69599 1 
1.24264 3.11375 1 
0.17778 0.186925 1 
0.125388 0.148415 1 
0.122936 0.154747 1 
0.0757511 0.0757511 1 
0.0730351 0.0752157 1 
0.0687662 0.0765527 1 
0.0635689 0.0635746 1 
0.0635689 0.0635689 1 
0.062616 0.069501 1 
0.0589529 0.059642 1 
0.0586138 0.0674317 1 
0.056685 0.0568631 1 
0.0565069 0.0696423 1 
0.0561425 0.0616411 1 
0.0554262 0.05964 1 
0.054684 0.0554262 1 
0.053194 0.0568641 1 
0.0524289 0.0557863 1 
0.0522336 0.0632593 1 
0.0473636 0.0683283 1 
0.0451865 0.0465064 1 
0.0445021 0.0460648 1 
0.0426479 0.0469342 1 
0.0414476 0.0426545 1 
0.0402202 0.044734 1 
0.0373428 0.0394482 1 
4.88399 5.01076 2 
3.62617 5.04006 2 
1.02032 4.05473 2 
0.169934 0.186432 2 
0.163761 0.200692 2 
0.162892 0.162893 2 
0.155142 0.168261 2 
0.143993 0.161702 2 
0.141658 0.160762 2 
0.133883 0.165292 2 
0.119789 0.130606 2 
0.110943 0.114608 2 
0.11057 0.118085 2 
0.0883143 0.0891172 2 
0.0660655 0.0672803 2 
0.065147 0.0727676 2 
0.058786 0.0683259 2 
0.058268 0.0589514 2 
0.0561425 0.0622845 2 
0.0541322 0.0591323 2 
0.0539475 0.0613124 2 
0.0530018 0.059811 2 
0.0500537 0.0556129 2 
0.0486347 0.056155 2 
0.046723 0.050864 2 
0.0467209 0.0535795 2 
0.0454055 0.0462826 2 
3.51609 3.94665 3 
3.4526 3.93449 3 
3.15522 3.94715 3 
0.919721 4.20113 3 
0.178686 0.182772 3 
0.16856 0.18752 3 
0.162392 0.191885 3 
0.149773 0.15824 3 
0.14697 0.196102 3 
0.139064 0.142439 3 
0.124333 0.154682 3 
0.0761552 0.0820367 3 
0.0582662 0.058959 3 
0.0454016 0.0471542 3 
0.0435899 0.0484216 3 
0.0381399 0.0482189 3 
2.20415 2.2182 4 
0.856113 4.04383 4 
0.172358 0.173175 4 
0.166939 0.174108 4 
0.145525 0.163078 4 
0.126189 0.135458 4 
0.0995086 0.1131 4 
0.0627689 0.0656102 4 
0.0568573 0.0568685 4 
0.0541266 0.0556074 4 
0.0492465 0.054137 4 
2.02286 2.17912 5 
2.02256 2.17065 5 
2.02078 2.17109 5 
1.95466 2.0202 5 
1.93797 2.06463 5 
1.80004 1.81599 5 
1.25971 3.75509 5 
0.139215 0.153176 5 
0.135018 0.156376 5 
0.13501 0.147805 5 
0.123361 0.128496 5 
0.0599762 0.0687641 5 
0.0557867 0.0618005 5 
3.08897 3.30501 6 
3.08659 3.22868 6 
2.86345 2.91913 6 
1.98765 3.30887 6 
1.6139 1.6369 6 
1.59263 1.60531 6 
1.54275 1.56376 6 
0.124415 0.142583 6 
0.0568614 0.0611407 6 
2.62561 2.69507 7 
2.49619 2.69784 7 
2.46658 2.81974 7 
2.46314 2.75218 7 
2.38533 2.82429 7 
1.78799 1.79962 7 
0.178068 0.195643 7 
0.0699296 0.071504 7 
2.26647 2.3641 8 
2.14253 3.29529 8 
2.10696 2.36491 8 
1.91245 2.48048 8 
0.118083 0.146703 8 
1.91332 1.98899 9 
1.80974 2.24 9 
1.49961 2.32924 9 
0.585989 0.609689 9 
0.105711 0.109928 9 
2.10626 2.28229 10 
2.08369 2.21695 10 
2.07707 2.08693 10 
2.00414 2.04391 10 
1.23269 2.07593 10 
2.29832 2.42991 11 
2.29832 2.43005 11 
2.08778 2.64197 11 
2.08774 2.87282 11 
1.84977 1.90734 11 
1.48749 1.75267 11 
0.658772 0.663503 11 
2.11037 2.24826 12 
1.93459 2.12202 12 
1.88146 2.08664 12 
1.70952 1.75749 12 
1.6454 1.72239 12 
1.60481 1.68888 12 
1.58759 1.72239 12 
1.51742 1.5422 12 
1.4857 1.68867 12 
0.855559 0.876037 12 
1.45217 1.48351 13 
1.27259 1.27497 13 
1.25757 1.29944 13 
1.2291 1.36318 13 
1.0154 1.1422 13 
0.3278 0.380952 13 
1.1005 1.11537 14 
1.09562 1.15613 14 
1.08268 1.15668 14 
1.0147 1.07802 14 
0.77909 0.794106 14 
1.05277 1.05698 15 
0.933653 1.00704 15 
0.652841 0.702044 15 
2.037 2.41354 16 
2.03696 2.41342 16 
2.03672 2.41327 16 
1.78498 1.96452 17 
1.78457 1.96456 17 
1.78416 1.96841 17 
1.33324 1.38989 17 
1.3332 1.38974 17 
1.33105 1.37233 17 
0.478129 0.482439 17 
2.03526 2.04972 18 
2.03421 2.06649 18 
1.61138 1.66104 18 
1.46086 1.46367 18 
2.05008 2.08784 19 
0.711695 0.832781 20 
