6.73869 9.48583 1 
0.544061 1.48898 1 
0.280136 0.293632 1 
0.209468 0.216414 1 
0.201556 0.402934 1 
0.170723 0.208901 1 
0.169883 0.209523 1 
0.149641 0.151535 1 
0.144064 0.199422 1 
0.133881 0.142162 1 
0.129446 0.149985 1 
0.120067 0.130342 1 
0.119421 0.152819 1 
0.119419 0.142891 1 
0.0747361 0.0792866 1 
0.0491519 0.0617951 1 
0.0435461 0.0452995 1 
0.0414023 0.0426422 1 
0.0394799 0.0417192 1 
0.0363996 0.0398109 1 
0.035676 0.0426409 1 
0.0338107 0.0438424 1 
0.0326349 0.0330328 1 
0.0318288 0.0388151 1 
0.0314184 0.0314186 1 
7.0954 7.12263 2 
7.09225 7.11861 2 
5.64496 7.19882 2 
0.443734 2.01227 2 
0.324832 0.364516 2 
0.301618 0.309145 2 
0.25223 0.262377 2 
0.24283 0.401418 2 
0.234673 0.264441 2 
0.162378 0.294155 2 
0.133199 0.144786 2 
0.0799394 0.086194 2 
0.0594388 0.06547 2 
0.0529675 0.061585 2 
0.0527209 0.0553635 2 
0.0514749 0.0565261 2 
0.0512206 0.0534547 2 
0.0472636 0.048082 2 
0.0417157 0.0426389 2 
0.0401304 0.0447225 2 
0.0388186 0.0423418 2 
0.038143 0.0453012 2 
0.0341898 0.0353107 2 
0.0338076 0.0414056 2 
0.427624 2.13625 3 
0.376126 0.382055 3 
0.356153 0.387286 3 
0.339384 0.390693 3 
0.291092 0.33258 3 
0.257828 0.265079 3 
0.220517 0.26732 3 
0.217851 0.286417 3 
0.0585586 0.0600902 3 
0.0565256 0.0607349 3 
0.0565246 0.0634526 3 
0.0560674 0.0605203 3 
0.0426426 0.0441374 3 
1.04534 1.95415 4 
0.322102 0.326035 4 
0.317838 0.320327 4 
0.283914 0.325911 4 
0.27347 0.281979 4 
0.272477 0.275604 4 
0.271185 0.272334 4 
0.269263 0.272473 4 
0.240465 0.274182 4 
0.240256 0.243847 4 
0.133976 0.134272 4 
0.0824983 0.0834376 4 
0.0738587 0.0779636 4 
0.0544195 0.0562939 4 
0.0464338 0.0527201 4 
3.63862 4.06891 5 
3.63717 4.06184 5 
3.63266 4.05069 5 
3.63206 4.04939 5 
1.73811 1.74759 5 
1.72956 1.87656 5 
0.273849 0.291269 5 
0.259688 0.266347 5 
0.258833 0.259834 5 
0.254942 0.283408 5 
0.250262 0.260983 5 
0.217081 0.217081 5 
0.212724 0.235337 5 
0.145413 0.163334 5 
0.117999 0.133881 5 
3.17922 3.3151 6 
3.16119 3.35193 6 
3.15766 3.34289 6 
3.15558 3.35133 6 
1.67776 1.72527 6 
1.63615 1.78732 6 
1.58736 1.58753 6 
1.55629 1.56403 6 
0.238787 0.250259 6 
0.175078 0.204185 6 
0.165311 0.170113 6 
0.153495 0.163729 6 
0.0910276 0.103704 6 
0.0494151 0.0532108 6 
1.69965 1.723 7 
1.54153 1.55167 7 
1.40767 1.41269 7 
0.438081 0.447262 7 
0.214909 0.23857 7 
0.213581 0.222453 7 
0.207842 0.253556 7 
0.205514 0.23222 7 
0.203169 0.222975 7 
0.181985 0.22913 7 
0.171257 0.178537 7 
1.45716 1.45923 8 
1.44978 1.50151 8 
1.24175 1.2641 8 
0.223212 0.257472 8 
0.191108 0.290111 8 
0.164291 0.169804 8 
0.12422 0.136761 8 
1.09556 1.12155 9 
0.437312 0.440241 9 
0.279346 0.297232 9 
0.250621 0.263405 9 
0.216237 0.283921 9 
1.11473 1.1607 10 
1.0587 1.09628 10 
0.584376 0.620718 10 
0.243947 0.2456 10 
0.972952 0.989696 11 
0.891823 1.04802 11 
0.868343 1.21245 11 
0.596866 0.612049 11 
0.475475 0.482853 11 
0.345911 0.380596 11 
0.239601 0.254146 11 
0.975212 1.02662 12 
0.855143 0.868621 12 
0.822871 0.871505 12 
0.76158 0.931452 12 
0.491592 0.498809 12 
0.853637 0.909782 13 
0.791403 0.797736 13 
0.693972 0.744596 13 
0.663106 0.70154 13 
0.605467 0.610953 13 
0.513515 0.546031 13 
0.37537 0.41335 13 
0.641297 0.646666 14 
0.641297 0.651149 14 
0.633888 0.635506 14 
0.844707 0.862419 15 
0.832485 0.838469 15 
0.738919 0.793019 15 
0.486229 0.496972 15 
1.11916 1.162 16 
0.421894 0.436749 16 
0.461031 0.528349 18 
0.453217 0.501097 18 
0.590296 0.641688 19 
0.336309 0.357646 19 
0.659871 0.664672 20 
0.53792 0.553131 20 
0.5378 0.553624 20 
0.347104 0.352047 20 
