0 0.0199569 1 
0 0.0236133 1 
0 0.0236133 1 
0 0.0282233 1 
0 0.0309171 1 
0 0.0345664 1 
0 0.0345666 1 
0 0.0378656 1 
0 0.0418621 1 
0 0.0428028 1 
0 0.045509 1 
0 0.0455093 1 
0 0.0463757 1 
0 0.0472268 1 
0 0.0480623 1 
0 0.0488874 1 
0 0.0496919 1 
0 0.0496926 1 
0 0.0520409 1 
0 0.0550169 1 
0 0.0557365 1 
0 0.0557365 1 
0 0.0557371 1 
0 0.0578435 1 
0 0.0578435 1 
0 0.0585246 1 
0 0.0585249 1 
0 0.058525 1 
0 0.0605316 1 
0 0.0605326 1 
0 0.0611866 1 
0 0.0611867 1 
0 0.0618307 1 
0 0.0643591 1 
0 0.0649715 1 
0 0.0661862 1 
0 0.0661933 1 
0 0.0673824 1 
0 0.0679707 1 
0 0.0691329 1 
0 0.069706 1 
0 0.0697066 1 
0 0.0708403 1 
0 0.0714001 1 
0 0.0719555 1 
0 0.0741405 1 
0 0.0746702 1 
0 0.0752058 1 
0 0.0762596 1 
0 0.0767758 1 
0 0.0767758 1 
0 0.0772928 1 
0 0.077806 1 
0 0.0778064 1 
0 0.0798272 1 
0 0.0822864 1 
0 0.0837225 1 
0 0.0837239 1 
0 0.085139 1 
0 0.0883539 1 
0 0.0883539 1 
0 0.0905798 1 
0 0.0914547 1 
0 0.0914575 1 
0 0.0936029 1 
0 0.0981775 1 
0 0.0993814 1 
0 0.0993814 1 
0 0.0997856 1 
0 0.100185 1 
0 0.100581 1 
0 0.102541 1 
0 0.103696 1 
0 0.104082 1 
0 0.108578 1 
0 0.109672 1 
0 0.110758 1 
0 0.11941 1 
0 0.123344 1 
0 0.129337 1 
0 0.135942 1 
0 0.136531 1 
0 0.137108 1 
0 0.137108 1 
0 0.137689 1 
0 0.138835 1 
0 0.140836 1 
0 0.141399 1 
0 0.141672 1 
0 0.149344 1 
0 0.160155 1 
0 0.1609 1 
0 0.163111 1 
0 0.218796 1 
0 0.224545 1 
0 0.235624 1 
0 0.240312 1 
0 0.277099 1 
0 0.280679 1 
0 0.310326 1 
0 0.317181 1 
0 0.340204 1 
0 0.372396 1 
0 0.374134 1 
0 0.381901 1 
0 0.38336 1 
0 0.396934 1 
0 0.431086 1 
0 0.438474 1 
0 0.451324 1 
0 0.451637 1 
0 0.504951 1 
0 0.518048 1 
0 0.519494 1 
0 0.536291 1 
0 0.610363 1 
0 0.621045 1 
0 0.652194 1 
0 0.744056 1 
0 0.782465 1 
0 0.821298 1 
0 0.837623 1 
0 1.26034 1 
0 2.33244 1 
0 2.72999 1 
0 2.77887 1 
0 3.25449 1 
0 3.76799 1 
0 4.8747 1 
0 4.923 1 
0 5.07954 1 
0 inf 1 
0 0.028224 2 
0 0.0296009 2 
0 0.0333943 2 
0 0.0389036 2 
0 0.0389036 2 
0 0.0418624 2 
0 0.0488846 2 
0 0.0496925 2 
0 0.0504872 2 
0 0.0504872 2 
0 0.0504872 2 
0 0.0504872 2 
0 0.0520415 2 
0 0.0528007 2 
0 0.0535505 2 
0 0.0585248 2 
0 0.0585249 2 
0 0.0585249 2 
0 0.0592019 2 
0 0.0605317 2 
0 0.0605321 2 
0 0.0605321 2 
0 0.0605321 2 
0 0.0605324 2 
0 0.0624748 2 
0 0.0649745 2 
0 0.0649749 2 
0 0.0661913 2 
0 0.0661922 2 
0 0.067971 2 
0 0.0685531 2 
0 0.0702755 2 
0 0.0725055 2 
0 0.0725121 2 
0 0.0751996 2 
0 0.0757309 2 
0 0.0772958 2 
0 0.0778108 2 
0 0.0793269 2 
0 0.0793286 2 
0 0.0837217 2 
0 0.0837249 2 
0 0.0851389 2 
0 0.0856054 2 
0 0.086532 2 
0 0.0869906 2 
0 0.0940318 2 
0 0.0965428 2 
0 0.0977682 2 
0 0.0989835 2 
0 0.0993814 2 
0 0.0993828 2 
0 0.100582 2 
0 0.102151 2 
0 0.102932 2 
0 0.103696 2 
0 0.1037 2 
0 0.10408 2 
0 0.105979 2 
0 0.106727 2 
0 0.108576 2 
0 0.108577 2 
0 0.110398 2 
0 0.112894 2 
0 0.113599 2 
0 0.116366 2 
0 0.117734 2 
0 0.121726 2 
0 0.126532 2 
0 0.135063 2 
0 0.147465 2 
0 0.150407 2 
0 0.150407 2 
0 0.155867 2 
0 0.156892 2 
0 0.164809 2 
0 0.170981 2 
0 0.175573 2 
0 0.179831 2 
0 0.194099 2 
0 0.199772 2 
0 0.199974 2 
0 0.224724 2 
0 0.231533 2 
0 0.255728 2 
0 0.258825 2 
0 0.265658 2 
0 0.29344 2 
0 0.304202 2 
0 0.308396 2 
0 0.312499 2 
0 0.316929 2 
0 0.318185 2 
0 0.322041 2 
0 0.322533 2 
0 0.335044 2 
0 0.369871 2 
0 0.380023 2 
0 0.380049 2 
0 0.422585 2 
0 0.435109 2 
0 0.446672 2 
0 0.492416 2 
0 0.542468 2 
0 0.559217 2 
0 0.568479 2 
0 0.569659 2 
0 0.578882 2 
0 0.585437 2 
0 0.597571 2 
0 0.617258 2 
0 0.666642 2 
0 0.674659 2 
0 0.740606 2 
0 1.12754 2 
0 1.81242 2 
0 2.05261 2 
0 2.16629 2 
0 2.6132 2 
0 2.973 2 
0 3.13919 2 
0 3.15391 2 
0 3.17151 2 
0 3.17437 2 
0 4.17579 2 
0 4.60255 2 
0 4.61796 2 
0 inf 2 
0 0.0345664 3 
0 0.046376 3 
0 0.0480623 3 
0 0.0488842 3 
0 0.0496928 3 
0 0.0504864 3 
0 0.0520417 3 
0 0.0564463 3 
0 0.0564464 3 
0 0.0598712 3 
0 0.0605325 3 
0 0.0605328 3 
0 0.0631099 3 
0 0.0655849 3 
0 0.0655851 3 
0 0.0673827 3 
0 0.0673844 3 
0 0.0679705 3 
0 0.0697033 3 
0 0.0697085 3 
0 0.0702775 3 
0 0.0752039 3 
0 0.0767756 3 
0 0.0783184 3 
0 0.0788244 3 
0 0.0793257 3 
0 0.0793258 3 
0 0.0798283 3 
0 0.0803303 3 
0 0.081799 3 
0 0.0832456 3 
0 0.0860694 3 
0 0.0869901 3 
0 0.0869903 3 
0 0.0892499 3 
0 0.0892499 3 
0 0.091454 3 
0 0.0914584 3 
0 0.0918895 3 
0 0.0927523 3 
0 0.098577 3 
0 0.100184 3 
0 0.104846 3 
0 0.105224 3 
0 0.107469 3 
0 0.107842 3 
0 0.109308 3 
0 0.111113 3 
0 0.114641 3 
0 0.115332 3 
0 0.117389 3 
0 0.119079 3 
0 0.120072 3 
0 0.120405 3 
0 0.121061 3 
0 0.121722 3 
0 0.122045 3 
0 0.12685 3 
0 0.136526 3 
0 0.175123 3 
0 0.200559 3 
0 0.207591 3 
0 0.208358 3 
0 0.217887 3 
0 0.21916 3 
0 0.221872 3 
0 0.231023 3 
0 0.246044 3 
0 0.251331 3 
0 0.251965 3 
0 0.258363 3 
0 0.261277 3 
0 0.268193 3 
0 0.272066 3 
0 0.272173 3 
0 0.272322 3 
0 0.273378 3 
0 0.275083 3 
0 0.280851 3 
0 0.282513 3 
0 0.284341 3 
0 0.289061 3 
0 0.295197 3 
0 0.29614 3 
0 0.310163 3 
0 0.323342 3 
0 0.326828 3 
0 0.394827 3 
0 0.404414 3 
0 0.414608 3 
0 0.420636 3 
0 0.455441 3 
0 0.466655 3 
0 0.473761 3 
0 0.473761 3 
0 0.511593 3 
0 0.521553 3 
0 0.555599 3 
0 0.556116 3 
0 0.559829 3 
0 0.564065 3 
0 0.585422 3 
0 0.601961 3 
0 0.603117 3 
0 0.645231 3 
0 0.688892 3 
0 0.72693 3 
0 1.00992 3 
0 1.22612 3 
0 1.23427 3 
0 1.23891 3 
0 1.23997 3 
0 1.54108 3 
0 1.98351 3 
0 2.03027 3 
0 3.07047 3 
0 3.30123 3 
0 3.33638 3 
0 3.36837 3 
0 3.36851 3 
0 3.57021 3 
0 4.33987 3 
0 4.34334 3 
0 inf 3 
0 0.0408995 4 
0 0.0504871 4 
0 0.0504877 4 
0 0.0528013 4 
0 0.0542883 4 
0 0.0557371 4 
0 0.0578407 4 
0 0.0585251 4 
0 0.0631095 4 
0 0.0637374 4 
0 0.0649745 4 
0 0.0655852 4 
0 0.0655852 4 
0 0.0655852 4 
0 0.0679709 4 
0 0.0697065 4 
0 0.070278 4 
0 0.0708411 4 
0 0.0735975 4 
0 0.0746722 4 
0 0.0752035 4 
0 0.0752035 4 
0 0.0752055 4 
0 0.0837217 4 
0 0.0837241 4 
0 0.0888026 4 
0 0.0901386 4 
0 0.0901389 4 
0 0.0918884 4 
0 0.094451 4 
0 0.0944534 4 
0 0.0957104 4 
0 0.0977656 4 
0 0.100183 4 
0 0.10058 4 
0 0.10215 4 
0 0.104845 4 
0 0.105974 4 
0 0.106358 4 
0 0.107098 4 
0 0.109309 4 
0 0.110757 4 
0 0.11183 4 
0 0.113247 4 
0 0.116365 4 
0 0.116367 4 
0 0.117048 4 
0 0.120403 4 
0 0.126536 4 
0 0.12685 4 
0 0.131165 4 
0 0.133286 4 
0 0.141114 4 
0 0.1609 4 
0 0.1609 4 
0 0.172605 4 
0 0.190171 4 
0 0.199366 4 
0 0.213267 4 
0 0.229804 4 
0 0.231015 4 
0 0.235116 4 
0 0.250058 4 
0 0.253853 4 
0 0.263661 4 
0 0.268975 4 
0 0.275666 4 
0 0.283638 4 
0 0.284583 4 
0 0.284758 4 
0 0.285749 4 
0 0.289288 4 
0 0.295092 4 
0 0.304101 4 
0 0.318433 4 
0 0.329841 4 
0 0.352262 4 
0 0.359337 4 
0 0.383444 4 
0 0.383444 4 
0 0.438255 4 
0 0.443476 4 
0 0.480714 4 
0 0.499978 4 
0 0.505765 4 
0 0.515113 4 
0 0.523003 4 
0 0.524902 4 
0 0.537447 4 
0 0.557312 4 
0 0.557812 4 
0 0.567729 4 
0 0.570807 4 
0 0.570996 4 
0 0.571524 4 
0 0.572035 4 
0 0.576638 4 
0 0.577348 4 
0 0.855038 4 
0 0.895971 4 
0 0.971099 4 
0 1.02883 4 
0 1.11783 4 
0 1.11858 4 
0 1.122 4 
0 1.43576 4 
0 1.49565 4 
0 1.5003 4 
0 1.5003 4 
0 1.50126 4 
0 1.97847 4 
0 2.106 4 
0 2.192 4 
0 2.1978 4 
0 2.20215 4 
0 3.10541 4 
0 3.57317 4 
0 3.58386 4 
0 3.59508 4 
0 inf 4 
0 0.0236135 5 
0 0.0428028 5 
0 0.0496923 5 
0 0.0520411 5 
0 0.0520412 5 
0 0.0578422 5 
0 0.0585254 5 
0 0.0598702 5 
0 0.0605325 5 
0 0.0649784 5 
0 0.0679708 5 
0 0.0697065 5 
0 0.0746681 5 
0 0.0752006 5 
0 0.076257 5 
0 0.0767757 5 
0 0.0767762 5 
0 0.077293 5 
0 0.0778081 5 
0 0.0783166 5 
0 0.0827645 5 
0 0.0846709 5 
0 0.0856071 5 
0 0.0874489 5 
0 0.0901381 5 
0 0.0918895 5 
0 0.0940321 5 
0 0.0965359 5 
0 0.0989832 5 
0 0.0989868 5 
0 0.101369 5 
0 0.102537 5 
0 0.104081 5 
0 0.104084 5 
0 0.104843 5 
0 0.105972 5 
0 0.108571 5 
0 0.10967 5 
0 0.111476 5 
0 0.111825 5 
0 0.112189 5 
0 0.115331 5 
0 0.116026 5 
0 0.122047 5 
0 0.130872 5 
0 0.132081 5 
0 0.141399 5 
0 0.145016 5 
0 0.145568 5 
0 0.160654 5 
0 0.171448 5 
0 0.190341 5 
0 0.191462 5 
0 0.192665 5 
0 0.192665 5 
0 0.200768 5 
0 0.204698 5 
0 0.208739 5 
0 0.234099 5 
0 0.25728 5 
0 0.268787 5 
0 0.29126 5 
0 0.301376 5 
0 0.332068 5 
0 0.332341 5 
0 0.338357 5 
0 0.339414 5 
0 0.359695 5 
0 0.373809 5 
0 0.395673 5 
0 0.400465 5 
0 0.400574 5 
0 0.409415 5 
0 0.409416 5 
0 0.409521 5 
0 0.409521 5 
0 0.432563 5 
0 0.504109 5 
0 0.515795 5 
0 0.521311 5 
0 0.532498 5 
0 0.542869 5 
0 0.54287 5 
0 0.543529 5 
0 0.554859 5 
0 0.593516 5 
0 0.61997 5 
0 0.624132 5 
0 0.624898 5 
0 0.6289 5 
0 0.749213 5 
0 0.845237 5 
0 0.846555 5 
0 0.847308 5 
0 0.857075 5 
0 0.972746 5 
0 1.02161 5 
0 1.13657 5 
0 1.29555 5 
0 1.30153 5 
0 1.31474 5 
0 1.42291 5 
0 1.56996 5 
0 1.5708 5 
0 1.57434 5 
0 1.59095 5 
0 1.6729 5 
0 1.68277 5 
0 1.68601 5 
0 1.6874 5 
0 1.71471 5 
0 1.95447 5 
0 1.97216 5 
0 1.97815 5 
0 1.98209 5 
0 inf 5 
0 0.0345664 6 
0 0.0455096 6 
0 0.0504864 6 
0 0.0585248 6 
0 0.0605321 6 
0 0.0661902 6 
0 0.0685545 6 
0 0.0702754 6 
0 0.0746727 6 
0 0.0752037 6 
0 0.0788232 6 
0 0.0793275 6 
0 0.079328 6 
0 0.0808232 6 
0 0.0832445 6 
0 0.0832473 6 
0 0.0948736 6 
0 0.0952903 6 
0 0.0952929 6 
0 0.095293 6 
0 0.0952967 6 
0 0.0969516 6 
0 0.0973603 6 
0 0.0985771 6 
0 0.100188 6 
0 0.10967 6 
0 0.110036 6 
0 0.117049 6 
0 0.117727 6 
0 0.118067 6 
0 0.120742 6 
0 0.122049 6 
0 0.124632 6 
0 0.125266 6 
0 0.127164 6 
0 0.127475 6 
0 0.134169 6 
0 0.159653 6 
0 0.16335 6 
0 0.173978 6 
0 0.184424 6 
0 0.188058 6 
0 0.188059 6 
0 0.18827 6 
0 0.201552 6 
0 0.203521 6 
0 0.217885 6 
0 0.228243 6 
0 0.228243 6 
0 0.229808 6 
0 0.232496 6 
0 0.235088 6 
0 0.272761 6 
0 0.29249 6 
0 0.297862 6 
0 0.298796 6 
0 0.305127 6 
0 0.322046 6 
0 0.323526 6 
0 0.323527 6 
0 0.328879 6 
0 0.34124 6 
0 0.344029 6 
0 0.344029 6 
0 0.375614 6 
0 0.422872 6 
0 0.422872 6 
0 0.437044 6 
0 0.438961 6 
0 0.464864 6 
0 0.50395 6 
0 0.506613 6 
0 0.515409 6 
0 0.524111 6 
0 0.527973 6 
0 0.53917 6 
0 0.540719 6 
0 0.607093 6 
0 0.608858 6 
0 0.609319 6 
0 0.60945 6 
0 0.609907 6 
0 0.632862 6 
0 0.70693 6 
0 0.711143 6 
0 0.742124 6 
0 0.742487 6 
0 0.743559 6 
0 0.796882 6 
0 0.807905 6 
0 0.81213 6 
0 0.833673 6 
0 0.858475 6 
0 0.89758 6 
0 1.0211 6 
0 1.02309 6 
0 1.02947 6 
0 1.03169 6 
0 1.03173 6 
0 1.0628 6 
0 1.21272 6 
0 1.43362 6 
0 1.4375 6 
0 1.43806 6 
0 1.44303 6 
0 1.45216 6 
0 1.70156 6 
0 1.76478 6 
0 1.78203 6 
0 1.79485 6 
0 1.81921 6 
0 inf 6 
0 0.0296027 7 
0 0.0520414 7 
0 0.0637372 7 
0 0.0649748 7 
0 0.0730549 7 
0 0.0746725 7 
0 0.076255 7 
0 0.0788214 7 
0 0.0788232 7 
0 0.0822811 7 
0 0.0822841 7 
0 0.0837201 7 
0 0.0896976 7 
0 0.0923211 7 
0 0.0952946 7 
0 0.0957081 7 
0 0.101761 7 
0 0.1071 7 
0 0.1071 7 
0 0.110757 7 
0 0.116025 7 
0 0.122699 7 
0 0.123023 7 
0 0.123668 7 
0 0.123988 7 
0 0.124631 7 
0 0.126534 7 
0 0.133577 7 
0 0.137683 7 
0 0.143356 7 
0 0.144187 7 
0 0.154844 7 
0 0.161889 7 
0 0.162623 7 
0 0.1636 7 
0 0.165291 7 
0 0.168629 7 
0 0.169579 7 
0 0.170276 7 
0 0.182468 7 
0 0.20112 7 
0 0.204303 7 
0 0.215127 7 
0 0.227543 7 
0 0.25117 7 
0 0.253066 7 
0 0.258206 7 
0 0.26015 7 
0 0.26395 7 
0 0.271096 7 
0 0.29112 7 
0 0.30158 7 
0 0.306298 7 
0 0.309791 7 
0 0.359581 7 
0 0.366338 7 
0 0.383463 7 
0 0.388725 7 
0 0.390258 7 
0 0.390258 7 
0 0.43755 7 
0 0.439095 7 
0 0.444056 7 
0 0.498309 7 
0 0.5006 7 
0 0.520101 7 
0 0.536179 7 
0 0.540765 7 
0 0.541869 7 
0 0.545741 7 
0 0.546106 7 
0 0.547564 7 
0 0.547854 7 
0 0.558083 7 
0 0.561642 7 
0 0.575854 7 
0 0.582117 7 
0 0.593702 7 
0 0.595845 7 
0 0.626645 7 
0 0.641358 7 
0 0.645634 7 
0 0.676598 7 
0 0.705576 7 
0 0.708242 7 
0 0.732168 7 
0 0.740337 7 
0 0.7427 7 
0 0.745954 7 
0 0.783119 7 
0 0.832663 7 
0 1.10103 7 
0 1.21637 7 
0 1.23247 7 
0 1.23247 7 
0 1.24063 7 
0 1.42549 7 
0 1.43717 7 
0 1.43717 7 
0 1.43966 7 
0 1.43975 7 
0 1.44204 7 
0 1.52249 7 
0 1.55993 7 
0 1.56757 7 
0 1.58704 7 
0 1.61725 7 
0 inf 7 
0 0.0496914 8 
0 0.0691328 8 
0 0.0714 8 
0 0.0725062 8 
0 0.0762552 8 
0 0.0767766 8 
0 0.0808188 8 
0 0.082768 8 
0 0.0832466 8 
0 0.0846689 8 
0 0.0860667 8 
0 0.090138 8 
0 0.0989824 8 
0 0.10332 8 
0 0.104084 8 
0 0.112895 8 
0 0.116028 8 
0 0.125903 8 
0 0.133875 8 
0 0.134469 8 
0 0.135944 8 
0 0.136815 8 
0 0.138267 8 
0 0.141117 8 
0 0.145835 8 
0 0.150671 8 
0 0.150935 8 
0 0.156892 8 
0 0.159155 8 
0 0.170507 8 
0 0.173295 8 
0 0.173706 8 
0 0.177112 8 
0 0.177608 8 
0 0.190126 8 
0 0.194109 8 
0 0.198362 8 
0 0.205465 8 
0 0.211735 8 
0 0.242621 8 
0 0.263396 8 
0 0.265688 8 
0 0.267928 8 
0 0.273954 8 
0 0.278396 8 
0 0.288875 8 
0 0.314613 8 
0 0.315498 8 
0 0.390691 8 
0 0.39404 8 
0 0.397058 8 
0 0.40919 8 
0 0.41055 8 
0 0.41518 8 
0 0.41633 8 
0 0.421178 8 
0 0.429813 8 
0 0.487214 8 
0 0.497888 8 
0 0.499425 8 
0 0.506453 8 
0 0.509351 8 
0 0.523991 8 
0 0.540905 8 
0 0.542008 8 
0 0.553246 8 
0 0.553462 8 
0 0.55669 8 
0 0.565992 8 
0 0.572428 8 
0 0.577761 8 
0 0.587823 8 
0 0.616926 8 
0 0.620468 8 
0 0.632111 8 
0 0.64877 8 
0 0.654211 8 
0 0.698997 8 
0 0.700136 8 
0 0.703541 8 
0 0.742125 8 
0 0.743948 8 
0 0.845664 8 
0 0.883444 8 
0 0.884382 8 
0 0.888673 8 
0 1.01672 8 
0 1.01688 8 
0 1.01746 8 
0 1.0646 8 
0 1.08828 8 
0 1.42989 8 
0 1.43165 8 
0 1.43265 8 
0 1.44062 8 
0 1.52739 8 
0 1.5551 8 
0 1.55804 8 
0 1.5807 8 
0 1.58465 8 
0 1.71015 8 
0 1.76121 8 
0 1.99043 8 
0 inf 8 
0 0.0463766 9 
0 0.0803225 9 
0 0.0841943 9 
0 0.0846693 9 
0 0.0846703 9 
0 0.0896929 9 
0 0.0896983 9 
0 0.0948771 9 
0 0.0952927 9 
0 0.104843 9 
0 0.105224 9 
0 0.111473 9 
0 0.113946 9 
0 0.121065 9 
0 0.123025 9 
0 0.123348 9 
0 0.129585 9 
0 0.132323 9 
0 0.134118 9 
0 0.14196 9 
0 0.142519 9 
0 0.143632 9 
0 0.148273 9 
0 0.157145 9 
0 0.160401 9 
0 0.167923 9 
0 0.169339 9 
0 0.171676 9 
0 0.173292 9 
0 0.176029 9 
0 0.180497 9 
0 0.181596 9 
0 0.182473 9 
0 0.211772 9 
0 0.217887 9 
0 0.223092 9 
0 0.225433 9 
0 0.226247 9 
0 0.228244 9 
0 0.277538 9 
0 0.281383 9 
0 0.305576 9 
0 0.311508 9 
0 0.316266 9 
0 0.31721 9 
0 0.319585 9 
0 0.320395 9 
0 0.342653 9 
0 0.342769 9 
0 0.365346 9 
0 0.368418 9 
0 0.413742 9 
0 0.41921 9 
0 0.42534 9 
0 0.473451 9 
0 0.496787 9 
0 0.512471 9 
0 0.51595 9 
0 0.519134 9 
0 0.533661 9 
0 0.569327 9 
0 0.572675 9 
0 0.573301 9 
0 0.586691 9 
0 0.593165 9 
0 0.596379 9 
0 0.608283 9 
0 0.609525 9 
0 0.615571 9 
0 0.623989 9 
0 0.69169 9 
0 0.699022 9 
0 0.704474 9 
0 0.731136 9 
0 0.73119 9 
0 0.732441 9 
0 0.770599 9 
0 0.775492 9 
0 0.789079 9 
0 0.79222 9 
0 0.794 9 
0 0.874863 9 
0 0.97112 9 
0 1.02701 9 
0 1.02933 9 
0 1.02949 9 
0 1.03353 9 
0 1.03872 9 
0 1.14486 9 
0 1.42517 9 
0 1.42542 9 
0 1.42752 9 
0 1.42766 9 
0 1.42934 9 
0 1.52714 9 
0 1.53047 9 
0 1.55064 9 
0 1.66183 9 
0 1.71247 9 
0 inf 9 
0 0.075212 10 
0 0.0757289 10 
0 0.094453 10 
0 0.0977663 10 
0 0.0993814 10 
0 0.100184 10 
0 0.104845 10 
0 0.117729 10 
0 0.118339 10 
0 0.122048 10 
0 0.130866 10 
0 0.13298 10 
0 0.135887 10 
0 0.139413 10 
0 0.139989 10 
0 0.141907 10 
0 0.157643 10 
0 0.161142 10 
0 0.164081 10 
0 0.165049 10 
0 0.165049 10 
0 0.166735 10 
0 0.180897 10 
0 0.192626 10 
0 0.201396 10 
0 0.205854 10 
0 0.2095 10 
0 0.210673 10 
0 0.218617 10 
0 0.228245 10 
0 0.229667 10 
0 0.239655 10 
0 0.261731 10 
0 0.283917 10 
0 0.286293 10 
0 0.324169 10 
0 0.334658 10 
0 0.343121 10 
0 0.344539 10 
0 0.347275 10 
0 0.348727 10 
0 0.349525 10 
0 0.368552 10 
0 0.386464 10 
0 0.391691 10 
0 0.394923 10 
0 0.394924 10 
0 0.412195 10 
0 0.416807 10 
0 0.459962 10 
0 0.472941 10 
0 0.484748 10 
0 0.534108 10 
0 0.536908 10 
0 0.541219 10 
0 0.551544 10 
0 0.552251 10 
0 0.56756 10 
0 0.577631 10 
0 0.578343 10 
0 0.584574 10 
0 0.586866 10 
0 0.59162 10 
0 0.637206 10 
0 0.659383 10 
0 0.664602 10 
0 0.666533 10 
0 0.670331 10 
0 0.698504 10 
0 0.698504 10 
0 0.702784 10 
0 0.702816 10 
0 0.703238 10 
0 0.729553 10 
0 0.732658 10 
0 0.734755 10 
0 0.734775 10 
0 0.735622 10 
0 0.928063 10 
0 0.941483 10 
0 1.0175 10 
0 1.02079 10 
0 1.02872 10 
0 1.14081 10 
0 1.14081 10 
0 1.43941 10 
0 1.43955 10 
0 1.44218 10 
0 1.46444 10 
0 1.46534 10 
0 1.624 10 
0 1.62469 10 
0 1.67566 10 
0 1.80248 10 
0 1.80272 10 
0 inf 10 
0 0.0488981 11 
0 0.0746724 11 
0 0.0846663 11 
0 0.128099 11 
0 0.130567 11 
0 0.134708 11 
0 0.135065 11 
0 0.139989 11 
0 0.14338 11 
0 0.14611 11 
0 0.148224 11 
0 0.156841 11 
0 0.158401 11 
0 0.160353 11 
0 0.166732 11 
0 0.169622 11 
0 0.170707 11 
0 0.17187 11 
0 0.174438 11 
0 0.175803 11 
0 0.193285 11 
0 0.196351 11 
0 0.19977 11 
0 0.212518 11 
0 0.222767 11 
0 0.223769 11 
0 0.229487 11 
0 0.241631 11 
0 0.253852 11 
0 0.255106 11 
0 0.255669 11 
0 0.260208 11 
0 0.260972 11 
0 0.274886 11 
0 0.279639 11 
0 0.286864 11 
0 0.306285 11 
0 0.336083 11 
0 0.349216 11 
0 0.355351 11 
0 0.356694 11 
0 0.365186 11 
0 0.373466 11 
0 0.401228 11 
0 0.443928 11 
0 0.456665 11 
0 0.479218 11 
0 0.493702 11 
0 0.494513 11 
0 0.49564 11 
0 0.505372 11 
0 0.519651 11 
0 0.524457 11 
0 0.550965 11 
0 0.559358 11 
0 0.577376 11 
0 0.579097 11 
0 0.582441 11 
0 0.587037 11 
0 0.588053 11 
0 0.589054 11 
0 0.603812 11 
0 0.610699 11 
0 0.624831 11 
0 0.629826 11 
0 0.637358 11 
0 0.681411 11 
0 0.704899 11 
0 0.705181 11 
0 0.728243 11 
0 0.885637 11 
0 0.886132 11 
0 1.03981 11 
0 1.04348 11 
0 1.04879 11 
0 1.05092 11 
0 1.06881 11 
0 1.16863 11 
0 1.2773 11 
0 1.36706 11 
0 1.37079 11 
0 1.42104 11 
0 1.42104 11 
0 1.42733 11 
0 1.44074 11 
0 1.44099 11 
0 1.48555 11 
0 1.48598 11 
0 1.63719 11 
0 2.00431 11 
0 2.00511 11 
0 inf 11 
0 0.0961322 12 
0 0.129336 12 
0 0.1353 12 
0 0.136473 12 
0 0.136527 12 
0 0.138787 12 
0 0.154331 12 
0 0.159177 12 
0 0.160392 12 
0 0.171944 12 
0 0.183086 12 
0 0.187216 12 
0 0.194722 12 
0 0.201352 12 
0 0.201354 12 
0 0.210255 12 
0 0.210445 12 
0 0.213941 12 
0 0.226839 12 
0 0.235152 12 
0 0.239086 12 
0 0.242952 12 
0 0.246854 12 
0 0.271546 12 
0 0.276278 12 
0 0.278497 12 
0 0.293713 12 
0 0.298955 12 
0 0.304239 12 
0 0.304893 12 
0 0.320508 12 
0 0.338327 12 
0 0.341842 12 
0 0.353633 12 
0 0.357003 12 
0 0.358249 12 
0 0.378864 12 
0 0.394217 12 
0 0.407648 12 
0 0.416828 12 
0 0.433686 12 
0 0.460383 12 
0 0.462799 12 
0 0.506316 12 
0 0.517491 12 
0 0.517491 12 
0 0.523163 12 
0 0.536535 12 
0 0.537063 12 
0 0.548361 12 
0 0.549963 12 
0 0.55112 12 
0 0.556931 12 
0 0.572245 12 
0 0.574737 12 
0 0.577433 12 
0 0.605063 12 
0 0.605524 12 
0 0.609249 12 
0 0.70422 12 
0 0.705407 12 
0 0.747206 12 
0 0.747685 12 
0 0.75294 12 
0 0.787478 12 
0 0.835254 12 
0 0.835954 12 
0 0.836255 12 
0 0.847688 12 
0 0.893657 12 
0 0.893969 12 
0 0.925789 12 
0 1.01315 12 
0 1.01362 12 
0 1.06093 12 
0 1.06123 12 
0 1.06179 12 
0 1.4247 12 
0 1.42526 12 
0 1.43982 12 
0 1.44336 12 
0 1.4435 12 
0 1.51186 12 
0 1.51407 12 
0 1.70943 12 
0 1.73973 12 
0 1.73973 12 
0 inf 12 
0 0.0827719 13 
0 0.111407 13 
0 0.113882 13 
0 0.131472 13 
0 0.160898 13 
0 0.1801 13 
0 0.183387 13 
0 0.220976 13 
0 0.225959 13 
0 0.225959 13 
0 0.23512 13 
0 0.237981 13 
0 0.245073 13 
0 0.245561 13 
0 0.247014 13 
0 0.2475 13 
0 0.251443 13 
0 0.253336 13 
0 0.254482 13 
0 0.261734 13 
0 0.271002 13 
0 0.280537 13 
0 0.31365 13 
0 0.321083 13 
0 0.321083 13 
0 0.322785 13 
0 0.324016 13 
0 0.325976 13 
0 0.328671 13 
0 0.330585 13 
0 0.331068 13 
0 0.341955 13 
0 0.345433 13 
0 0.357024 13 
0 0.432287 13 
0 0.471511 13 
0 0.47479 13 
0 0.495503 13 
0 0.5007 13 
0 0.510987 13 
0 0.529899 13 
0 0.531025 13 
0 0.53567 13 
0 0.542447 13 
0 0.553488 13 
0 0.560358 13 
0 0.563473 13 
0 0.571206 13 
0 0.575098 13 
0 0.583634 13 
0 0.583838 13 
0 0.585269 13 
0 0.608191 13 
0 0.608795 13 
0 0.609172 13 
0 0.610349 13 
0 0.625381 13 
0 0.64446 13 
0 0.66932 13 
0 0.697297 13 
0 0.705181 13 
0 0.705859 13 
0 0.71945 13 
0 0.71945 13 
0 0.723425 13 
0 0.87178 13 
0 0.878289 13 
0 0.87847 13 
0 1.01425 13 
0 1.01484 13 
0 1.01496 13 
0 1.01688 13 
0 1.02043 13 
0 1.42551 13 
0 1.43095 13 
0 1.46215 13 
0 1.46353 13 
0 1.46484 13 
0 1.48568 13 
0 1.4905 13 
0 1.69089 13 
0 1.69155 13 
0 1.6923 13 
0 inf 13 
0 0.105605 14 
0 0.122698 14 
0 0.123349 14 
0 0.14386 14 
0 0.166781 14 
0 0.173526 14 
0 0.17716 14 
0 0.180675 14 
0 0.195126 14 
0 0.198769 14 
0 0.202153 14 
0 0.219523 14 
0 0.219713 14 
0 0.223303 14 
0 0.231708 14 
0 0.234271 14 
0 0.236302 14 
0 0.236636 14 
0 0.23714 14 
0 0.240643 14 
0 0.243885 14 
0 0.25635 14 
0 0.270709 14 
0 0.281344 14 
0 0.282692 14 
0 0.290337 14 
0 0.299357 14 
0 0.301436 14 
0 0.304983 14 
0 0.305676 14 
0 0.307361 14 
0 0.322411 14 
0 0.331188 14 
0 0.332147 14 
0 0.344066 14 
0 0.346813 14 
0 0.351714 14 
0 0.383254 14 
0 0.384187 14 
0 0.396131 14 
0 0.396934 14 
0 0.404982 14 
0 0.410163 14 
0 0.446963 14 
0 0.48607 14 
0 0.489904 14 
0 0.537212 14 
0 0.563194 14 
0 0.56721 14 
0 0.5696 14 
0 0.571066 14 
0 0.575574 14 
0 0.715664 14 
0 0.717876 14 
0 0.722048 14 
0 0.722301 14 
0 0.722301 14 
0 0.722995 14 
0 0.725119 14 
0 0.72512 14 
0 0.745762 14 
0 0.745922 14 
0 0.748231 14 
0 0.749561 14 
0 0.749667 14 
0 1.01421 14 
0 1.01598 14 
0 1.07039 14 
0 1.07158 14 
0 1.07362 14 
0 1.42414 14 
0 1.42417 14 
0 1.4254 14 
0 1.42582 14 
0 1.51249 14 
0 1.52162 14 
0 1.54492 14 
0 1.54624 14 
0 1.97851 14 
0 inf 14 
0 0.0940332 15 
0 0.108214 15 
0 0.117396 15 
0 0.129338 15 
0 0.154021 15 
0 0.160895 15 
0 0.165774 15 
0 0.171912 15 
0 0.172369 15 
0 0.173985 15 
0 0.17467 15 
0 0.174672 15 
0 0.175121 15 
0 0.182296 15 
0 0.188271 15 
0 0.191011 15 
0 0.209308 15 
0 0.237812 15 
0 0.244905 15 
0 0.251529 15 
0 0.257081 15 
0 0.271443 15 
0 0.272214 15 
0 0.273382 15 
0 0.273382 15 
0 0.273632 15 
0 0.274901 15 
0 0.275231 15 
0 0.285905 15 
0 0.290163 15 
0 0.292351 15 
0 0.303052 15 
0 0.303718 15 
0 0.309297 15 
0 0.322784 15 
0 0.335929 15 
0 0.337348 15 
0 0.352961 15 
0 0.362646 15 
0 0.412486 15 
0 0.418239 15 
0 0.429329 15 
0 0.467686 15 
0 0.48795 15 
0 0.505109 15 
0 0.538248 15 
0 0.538913 15 
0 0.563764 15 
0 0.578549 15 
0 0.590263 15 
0 0.604406 15 
0 0.609458 15 
0 0.610176 15 
0 0.683011 15 
0 0.693238 15 
0 0.71388 15 
0 0.717588 15 
0 0.723392 15 
0 0.72755 15 
0 0.728042 15 
0 0.728549 15 
0 0.742572 15 
0 0.74284 15 
0 1.0135 15 
0 1.13398 15 
0 1.13398 15 
0 1.14589 15 
0 1.42384 15 
0 1.46319 15 
0 1.46553 15 
0 1.46577 15 
0 1.50568 15 
0 1.76957 15 
0 1.77328 15 
0 1.77328 15 
0 inf 15 
0 0.101768 16 
0 0.114644 16 
0 0.119347 16 
0 0.136525 16 
0 0.150675 16 
0 0.162132 16 
0 0.19431 16 
0 0.197402 16 
0 0.204692 16 
0 0.2095 16 
0 0.215314 16 
0 0.215908 16 
0 0.219709 16 
0 0.22173 16 
0 0.226707 16 
0 0.229141 16 
0 0.2381 16 
0 0.245998 16 
0 0.25867 16 
0 0.259393 16 
0 0.260466 16 
0 0.261123 16 
0 0.26253 16 
0 0.262984 16 
0 0.264758 16 
0 0.266743 16 
0 0.267007 16 
0 0.27552 16 
0 0.278004 16 
0 0.280252 16 
0 0.28893 16 
0 0.295469 16 
0 0.296142 16 
0 0.325365 16 
0 0.341142 16 
0 0.341492 16 
0 0.350813 16 
0 0.47605 16 
0 0.478054 16 
0 0.481044 16 
0 0.531469 16 
0 0.558223 16 
0 0.563199 16 
0 0.572427 16 
0 0.57717 16 
0 0.583961 16 
0 0.586411 16 
0 0.590472 16 
0 0.654816 16 
0 0.702408 16 
0 0.706425 16 
0 0.707264 16 
0 0.708614 16 
0 0.852848 16 
0 0.853828 16 
0 0.855785 16 
0 1.01181 16 
0 1.04206 16 
0 1.04241 16 
0 1.04451 16 
0 1.43145 16 
0 1.44678 16 
0 1.45993 16 
0 1.46066 16 
0 1.51436 16 
0 1.51822 16 
0 1.5217 16 
0 1.53206 16 
0 1.98562 16 
0 1.98606 16 
0 1.98652 16 
0 inf 16 
0 0.141064 17 
0 0.164815 17 
0 0.166737 17 
0 0.166976 17 
0 0.166977 17 
0 0.169579 17 
0 0.169579 17 
0 0.173482 17 
0 0.174255 17 
0 0.1763 17 
0 0.181643 17 
0 0.183302 17 
0 0.184902 17 
0 0.206207 17 
0 0.21989 17 
0 0.233694 17 
0 0.234731 17 
0 0.242247 17 
0 0.254593 17 
0 0.254593 17 
0 0.293575 17 
0 0.31909 17 
0 0.319962 17 
0 0.32977 17 
0 0.330855 17 
0 0.338091 17 
0 0.338327 17 
0 0.339854 17 
0 0.347044 17 
0 0.35137 17 
0 0.39746 17 
0 0.446535 17 
0 0.455281 17 
0 0.512473 17 
0 0.513016 17 
0 0.514644 17 
0 0.517422 17 
0 0.532298 17 
0 0.574472 17 
0 0.575788 17 
0 0.576549 17 
0 0.578892 17 
0 0.585526 17 
0 0.58573 17 
0 0.586545 17 
0 0.713324 17 
0 0.731517 17 
0 0.7398 17 
0 0.741897 17 
0 0.783064 17 
0 0.967572 17 
0 1.01184 17 
0 1.01346 17 
0 1.01876 17 
0 1.02012 17 
0 1.02047 17 
0 1.08749 17 
0 1.09097 17 
0 1.09272 17 
0 1.42308 17 
0 1.44339 17 
0 1.4435 17 
0 1.4435 17 
0 1.49783 17 
0 1.83509 17 
0 1.83809 17 
0 1.83828 17 
0 inf 17 
0 0.0901394 18 
0 0.108209 18 
0 0.135944 18 
0 0.139361 18 
0 0.142242 18 
0 0.152248 18 
0 0.15454 18 
0 0.154541 18 
0 0.15689 18 
0 0.166542 18 
0 0.168681 18 
0 0.175581 18 
0 0.190001 18 
0 0.191878 18 
0 0.233761 18 
0 0.236978 18 
0 0.257166 18 
0 0.268975 18 
0 0.272066 18 
0 0.272066 18 
0 0.310673 18 
0 0.313227 18 
0 0.314369 18 
0 0.316893 18 
0 0.327926 18 
0 0.328533 18 
0 0.340557 18 
0 0.491205 18 
0 0.495081 18 
0 0.496447 18 
0 0.497649 18 
0 0.530339 18 
0 0.534378 18 
0 0.534453 18 
0 0.602293 18 
0 0.610373 18 
0 0.611481 18 
0 0.612522 18 
0 0.650365 18 
0 0.698664 18 
0 0.705857 18 
0 0.713275 18 
0 0.724027 18 
0 0.728415 18 
0 0.729881 18 
0 0.737642 18 
0 0.737642 18 
0 0.84195 18 
0 0.844077 18 
0 0.847468 18 
0 0.848809 18 
0 1.01331 18 
0 1.02425 18 
0 1.02627 18 
0 1.02658 18 
0 1.42316 18 
0 1.4256 18 
0 1.42616 18 
0 1.42685 18 
0 1.56615 18 
0 1.6016 18 
0 1.60242 18 
0 1.97508 18 
0 inf 18 
0 0.107773 19 
0 0.126791 19 
0 0.142243 19 
0 0.144465 19 
0 0.145837 19 
0 0.146656 19 
0 0.152256 19 
0 0.153812 19 
0 0.160356 19 
0 0.167931 19 
0 0.168642 19 
0 0.177831 19 
0 0.255684 19 
0 0.259395 19 
0 0.272049 19 
0 0.273952 19 
0 0.275547 19 
0 0.281269 19 
0 0.284893 19 
0 0.286872 19 
0 0.296816 19 
0 0.298821 19 
0 0.301493 19 
0 0.309815 19 
0 0.311956 19 
0 0.326831 19 
0 0.327804 19 
0 0.328411 19 
0 0.414799 19 
0 0.41547 19 
0 0.443656 19 
0 0.537649 19 
0 0.540088 19 
0 0.540758 19 
0 0.542075 19 
0 0.542908 19 
0 0.543788 19 
0 0.546418 19 
0 0.586617 19 
0 0.603746 19 
0 0.605328 19 
0 0.605853 19 
0 0.662251 19 
0 0.698997 19 
0 0.736292 19 
0 0.739531 19 
0 0.836048 19 
0 0.836379 19 
0 0.845521 19 
0 1.02779 19 
0 1.02837 19 
0 1.02918 19 
0 1.02964 19 
0 1.42487 19 
0 1.44044 19 
0 1.44096 19 
0 1.50903 19 
0 1.59455 19 
0 1.59787 19 
0 inf 19 
0 0.11183 20 
0 0.123023 20 
0 0.12495 20 
0 0.131473 20 
0 0.1353 20 
0 0.147415 20 
0 0.147416 20 
0 0.16673 20 
0 0.172373 20 
0 0.175119 20 
0 0.199768 20 
0 0.199768 20 
0 0.201595 20 
0 0.20317 20 
0 0.22119 20 
0 0.258827 20 
0 0.268644 20 
0 0.270859 20 
0 0.282516 20 
0 0.283924 20 
0 0.290167 20 
0 0.308008 20 
0 0.309682 20 
0 0.309942 20 
0 0.322169 20 
0 0.324265 20 
0 0.324379 20 
0 0.329014 20 
0 0.354225 20 
0 0.361239 20 
0 0.36223 20 
0 0.47176 20 
0 0.475795 20 
0 0.479381 20 
0 0.514094 20 
0 0.5151 20 
0 0.519948 20 
0 0.541545 20 
0 0.541912 20 
0 0.560644 20 
0 0.617267 20 
0 0.618814 20 
0 0.697811 20 
0 0.698496 20 
0 0.704729 20 
0 0.733527 20 
0 0.738721 20 
0 1.03196 20 
0 1.04504 20 
0 1.44141 20 
0 1.44251 20 
0 1.67474 20 
0 1.67854 20 
0 1.91621 20 
0 3.4582 20 
0 inf 20 
