5.19615 8.40826 1 
0.705177 1.6065 1 
0.421819 0.606928 1 
0.397633 0.398872 1 
0.279337 0.306314 1 
0.213381 0.215045 1 
0.167964 0.173717 1 
0.163382 0.167164 1 
0.15754 0.16743 1 
0.149695 0.160904 1 
0.143302 0.168756 1 
0.124639 0.124643 1 
0.0991 0.108965 1 
0.0916098 0.0949604 1 
0.0886382 0.141101 1 
0.0881362 0.106064 1 
0.0876271 0.0881373 1 
0.0860782 0.0876238 1 
0.0839788 0.0963577 1 
0.0796188 0.080173 1 
0.0755875 0.0761797 1 
0.0654643 0.0661443 1 
0.055907 0.0582537 1 
3.96794 6.70321 2 
0.573315 1.6975 2 
0.536669 0.585136 2 
0.496577 0.536091 2 
0.382411 0.598859 2 
0.308786 0.325401 2 
0.218349 0.261341 2 
0.146377 0.158391 2 
0.135616 0.139186 2 
0.12747 0.13262 2 
0.109786 0.115334 2 
0.104788 0.105216 2 
0.0958932 0.111 2 
0.0876253 0.0916071 2 
0.0855657 0.0876271 2 
0.0818267 0.0881319 2 
0.0731878 0.0839754 2 
0.070071 0.0767574 2 
0.0700683 0.0812815 2 
0.0534467 0.0550905 2 
4.58215 4.65195 3 
4.5703 5.10319 3 
4.24601 4.98475 3 
3.5812 5.10361 3 
1.45395 1.46741 3 
0.619741 0.622182 3 
0.595572 0.646947 3 
0.534087 1.55355 3 
0.424139 0.438116 3 
0.417567 0.443993 3 
0.358424 0.53342 3 
0.33407 0.3429 3 
0.162007 0.182722 3 
0.146082 0.154971 3 
0.144837 0.150877 3 
0.0972821 0.120632 3 
0.0963607 0.100884 3 
0.0963607 0.102637 3 
0.0871117 0.103934 3 
3.40368 3.91071 4 
3.40262 3.90777 4 
3.40262 3.91033 4 
2.96785 3.15661 4 
1.35107 1.36737 4 
1.3198 1.35342 4 
0.633275 1.45852 4 
0.402099 0.402979 4 
0.349854 0.353286 4 
0.32677 0.404315 4 
0.117255 0.117639 4 
0.115727 0.117259 4 
0.10897 0.118018 4 
0.104364 0.123926 4 
0.0981929 0.104364 4 
1.25172 1.26137 5 
1.22108 1.22251 5 
1.19513 1.3085 5 
1.18745 1.23307 5 
1.14437 1.27829 5 
0.986572 1.34842 5 
0.186829 0.206358 5 
0.186601 0.206146 5 
0.131601 0.142353 5 
0.12747 0.153236 5 
0.124633 0.145771 5 
0.0784855 0.094484 5 
1.97623 1.98735 6 
1.96427 2.12859 6 
1.94198 2.12843 6 
1.24953 1.25127 6 
1.01178 1.1306 6 
0.976714 1.22115 6 
0.246934 0.249276 6 
0.163381 0.183947 6 
0.13595 0.14078 6 
0.132956 0.135944 6 
0.105219 0.136927 6 
0.103073 0.108966 6 
2.39867 2.49303 7 
1.82758 2.20807 7 
1.70995 1.71168 7 
1.65508 1.736 7 
1.62095 1.80851 7 
1.42121 1.64926 7 
1.03116 1.06687 7 
0.866256 1.10075 7 
0.862573 0.965204 7 
0.859137 0.911961 7 
0.266248 0.337516 7 
0.253713 0.254767 7 
0.193415 0.196162 7 
0.158386 0.161739 7 
0.142987 0.165278 7 
0.141415 0.177022 7 
0.111796 0.117256 7 
1.44436 1.44483 8 
1.35189 1.39518 8 
1.21114 1.26269 8 
1.12986 1.15437 8 
0.909094 0.951642 8 
0.824426 0.968431 8 
0.81241 0.840135 8 
0.785725 0.853816 8 
0.12921 0.143612 8 
1.56993 1.59836 9 
0.887257 0.947968 9 
0.821659 0.83731 9 
0.821446 0.865323 9 
0.236594 0.241817 9 
0.235081 0.237911 9 
2.16254 2.19994 10 
2.16079 2.39233 10 
0.981783 0.992865 10 
0.757845 0.824754 10 
0.753594 0.830095 10 
0.635809 0.745787 10 
0.157541 0.159787 10 
1.05749 1.07838 11 
1.04539 1.12008 11 
1.02348 1.11113 11 
0.956235 0.968346 11 
0.650454 0.71267 11 
0.600425 0.627619 11 
0.487043 0.487862 11 
0.383992 0.402408 11 
1.16115 1.20565 12 
1.15734 1.23319 12 
0.615403 0.675435 12 
0.601976 0.648389 12 
0.588331 0.653463 12 
0.578468 0.596546 12 
0.57139 0.701944 12 
0.784698 0.786638 13 
0.759198 0.887872 13 
0.403272 0.592685 13 
0.941561 1.00828 14 
1.31064 1.31663 16 
1.28846 1.29891 16 
1.19387 1.33568 16 
1.04869 1.06107 16 
0.96902 1.12217 17 
0.152619 0.165528 17 
0.447397 0.448291 18 
1.83746 1.88586 20 
