0 0.013375 1 
0 0.0133781 1 
0 0.0150869 1 
0 0.0150949 1 
0 0.0150949 1 
0 0.0166283 1 
0 0.0171144 1 
0 0.0184831 1 
0 0.0193397 1 
0 0.0205648 1 
0 0.020954 1 
0 0.0209597 1 
0 0.0217189 1 
0 0.0224543 1 
0 0.023857 1 
0 0.0248637 1 
0 0.0251834 1 
0 0.0251866 1 
0 0.0251866 1 
0 0.0251866 1 
0 0.0261359 1 
0 0.0261405 1 
0 0.0261405 1 
0 0.0264448 1 
0 0.0264478 1 
0 0.0264478 1 
0 0.0267561 1 
0 0.027352 1 
0 0.0290829 1 
0 0.0296307 1 
0 0.0307152 1 
0 0.0307165 1 
0 0.0320123 1 
0 0.0325169 1 
0 0.0327645 1 
0 0.0330114 1 
0 0.0337437 1 
0 0.0339835 1 
0 0.0346953 1 
0 0.0358442 1 
0 0.0363022 1 
0 0.0374007 1 
0 0.0382625 1 
0 0.0382699 1 
0 0.0409345 1 
0 0.0417214 1 
0 0.0422985 1 
0 0.0424941 1 
0 0.0430618 1 
0 0.0430641 1 
0 0.0439951 1 
0 0.0447303 1 
0 0.0450931 1 
0 0.045274 1 
0 0.0470386 1 
0 0.0490672 1 
0 0.0498893 1 
0 0.0500511 1 
0 0.0514908 1 
0 0.0539609 1 
0 0.0596881 1 
0 0.0598246 1 
0 0.060095 1 
0 0.0620932 1 
0 0.0622231 1 
0 0.0642807 1 
0 0.0642809 1 
0 0.0663965 1 
0 0.0672461 1 
0 0.0682069 1 
0 0.0690438 1 
0 0.0697428 1 
0 0.0702076 1 
0 0.0703236 1 
0 0.0703236 1 
0 0.0803632 1 
0 0.083734 1 
0 0.0851761 1 
0 0.0906395 1 
0 0.101557 1 
0 0.105633 1 
0 0.108078 1 
0 0.11075 1 
0 0.111551 1 
0 0.113436 1 
0 0.113438 1 
0 0.113792 1 
0 0.114791 1 
0 0.116688 1 
0 0.131684 1 
0 0.134195 1 
0 0.134674 1 
0 0.155953 1 
0 0.158793 1 
0 0.165022 1 
0 0.172867 1 
0 0.174229 1 
0 0.174836 1 
0 0.190506 1 
0 0.219504 1 
0 0.244209 1 
0 0.28563 1 
0 0.3133 1 
0 0.389001 1 
0 0.415337 1 
0 0.469219 1 
0 0.540805 1 
0 0.560211 1 
0 0.571562 1 
0 0.592944 1 
0 0.65074 1 
0 0.650792 1 
0 0.68333 1 
0 0.690951 1 
0 0.740406 1 
0 0.757792 1 
0 0.90058 1 
0 0.922766 1 
0 1.0786 1 
0 1.09757 1 
0 1.14423 1 
0 1.32146 1 
0 1.39315 1 
0 2.20046 1 
0 2.26745 1 
0 2.7427 1 
0 3.20096 1 
0 4.14102 1 
0 4.23114 1 
0 4.46075 1 
0 4.53404 1 
0 inf 1 
0 0.0189152 2 
0 0.0189152 2 
0 0.02017 2 
0 0.0205628 2 
0 0.0205628 2 
0 0.0205628 2 
0 0.020954 2 
0 0.0238553 2 
0 0.0238587 2 
0 0.0245366 2 
0 0.0261344 2 
0 0.0264448 2 
0 0.0270594 2 
0 0.0273461 2 
0 0.027352 2 
0 0.0282314 2 
0 0.0282386 2 
0 0.0288038 2 
0 0.0288108 2 
0 0.0288108 2 
0 0.0293608 2 
0 0.0299075 2 
0 0.030451 2 
0 0.0309785 2 
0 0.0309798 2 
0 0.0325192 2 
0 0.033012 2 
0 0.0330175 2 
0 0.0337413 2 
0 0.0339811 2 
0 0.033987 2 
0 0.0342204 2 
0 0.0356169 2 
0 0.0358498 2 
0 0.0358509 2 
0 0.0365252 2 
0 0.0365285 2 
0 0.0388919 2 
0 0.0399192 2 
0 0.0423017 2 
0 0.0463374 2 
0 0.0472088 2 
0 0.0475528 2 
0 0.0489019 2 
0 0.0490599 2 
0 0.0490659 2 
0 0.0490681 2 
0 0.0514943 2 
0 0.0516518 2 
0 0.0518084 2 
0 0.0544129 2 
0 0.0584473 2 
0 0.0602306 2 
0 0.0628737 2 
0 0.0649102 2 
0 0.0670113 2 
0 0.0732713 2 
0 0.076313 2 
0 0.0782092 2 
0 0.0826615 2 
0 0.0840224 2 
0 0.0847933 2 
0 0.0879072 2 
0 0.0890082 2 
0 0.0918832 2 
0 0.0920625 2 
0 0.101872 2 
0 0.105633 2 
0 0.105634 2 
0 0.107474 2 
0 0.109865 2 
0 0.123066 2 
0 0.133705 2 
0 0.135157 2 
0 0.135158 2 
0 0.138197 2 
0 0.138896 2 
0 0.142366 2 
0 0.142657 2 
0 0.147591 2 
0 0.160271 2 
0 0.16576 2 
0 0.167279 2 
0 0.167707 2 
0 0.173808 2 
0 0.179384 2 
0 0.202711 2 
0 0.211398 2 
0 0.222272 2 
0 0.255157 2 
0 0.267351 2 
0 0.327228 2 
0 0.331495 2 
0 0.37902 2 
0 0.44859 2 
0 0.468315 2 
0 0.513663 2 
0 0.54886 2 
0 0.559009 2 
0 0.562265 2 
0 0.569541 2 
0 0.572265 2 
0 0.625798 2 
0 0.647636 2 
0 0.663598 2 
0 0.719823 2 
0 0.735866 2 
0 0.78287 2 
0 0.799307 2 
0 0.805956 2 
0 0.900248 2 
0 0.904293 2 
0 0.940344 2 
0 1.0926 2 
0 1.20033 2 
0 1.50624 2 
0 1.92607 2 
0 1.95888 2 
0 2.5437 2 
0 2.85476 2 
0 3.24783 2 
0 3.42933 2 
0 3.43274 2 
0 3.4561 2 
0 3.45993 2 
0 3.70509 2 
0 3.89328 2 
0 inf 2 
0 0.00698595 3 
0 0.0139719 3 
0 0.0166331 3 
0 0.0224489 3 
0 0.0231697 3 
0 0.0231715 3 
0 0.0235176 3 
0 0.0238587 3 
0 0.0242017 3 
0 0.0248653 3 
0 0.0251882 3 
0 0.0251882 3 
0 0.027352 3 
0 0.0273623 3 
0 0.028519 3 
0 0.0285275 3 
0 0.0296361 3 
0 0.0312472 3 
0 0.0314984 3 
0 0.0325182 3 
0 0.0330212 3 
0 0.0351591 3 
0 0.0358532 3 
0 0.0373986 3 
0 0.0386838 3 
0 0.038895 3 
0 0.0389002 3 
0 0.0391012 3 
0 0.0393089 3 
0 0.0401241 3 
0 0.0401241 3 
0 0.0407311 3 
0 0.0415269 3 
0 0.0454539 3 
0 0.0466897 3 
0 0.0480627 3 
0 0.0487399 3 
0 0.0518096 3 
0 0.0532034 3 
0 0.0544153 3 
0 0.0544167 3 
0 0.0545627 3 
0 0.0557418 3 
0 0.0568973 3 
0 0.0578931 3 
0 0.05817 3 
0 0.0590003 3 
0 0.0627471 3 
0 0.0640255 3 
0 0.0640255 3 
0 0.0649136 3 
0 0.067125 3 
0 0.0679708 3 
0 0.0711284 3 
0 0.0711286 3 
0 0.0755648 3 
0 0.0758843 3 
0 0.0804623 3 
0 0.0836323 3 
0 0.0938998 3 
0 0.112567 3 
0 0.11279 3 
0 0.123792 3 
0 0.1363 3 
0 0.139947 3 
0 0.154479 3 
0 0.155534 3 
0 0.156829 3 
0 0.158178 3 
0 0.162383 3 
0 0.169065 3 
0 0.180827 3 
0 0.182212 3 
0 0.199352 3 
0 0.206018 3 
0 0.237556 3 
0 0.237825 3 
0 0.244544 3 
0 0.294213 3 
0 0.316507 3 
0 0.343404 3 
0 0.414855 3 
0 0.441922 3 
0 0.452422 3 
0 0.454219 3 
0 0.455302 3 
0 0.473862 3 
0 0.486412 3 
0 0.49494 3 
0 0.55448 3 
0 0.586338 3 
0 0.607738 3 
0 0.612586 3 
0 0.628016 3 
0 0.680858 3 
0 0.685376 3 
0 0.701894 3 
0 0.702408 3 
0 0.712554 3 
0 0.73544 3 
0 0.752413 3 
0 0.766976 3 
0 0.782774 3 
0 0.817779 3 
0 0.826469 3 
0 0.853869 3 
0 0.984006 3 
0 1.19022 3 
0 1.64288 3 
0 1.71793 3 
0 1.73887 3 
0 1.85592 3 
0 2.08515 3 
0 2.08938 3 
0 2.08982 3 
0 2.26463 3 
0 2.84509 3 
0 2.84925 3 
0 2.85083 3 
0 3.08224 3 
0 3.37456 3 
0 3.61744 3 
0 3.62261 3 
0 inf 3 
0 0.0156159 4 
0 0.0197511 4 
0 0.0217208 4 
0 0.0238587 4 
0 0.0270564 4 
0 0.0270594 4 
0 0.0276502 4 
0 0.0276531 4 
0 0.0282343 4 
0 0.0288066 4 
0 0.0293622 4 
0 0.0301791 4 
0 0.03071 4 
0 0.0307244 4 
0 0.0309822 4 
0 0.0312399 4 
0 0.0312424 4 
0 0.0314996 4 
0 0.031506 4 
0 0.0320161 4 
0 0.0325219 4 
0 0.0335064 4 
0 0.0342292 4 
0 0.0367414 4 
0 0.0367491 4 
0 0.0373986 4 
0 0.0384716 4 
0 0.0411316 4 
0 0.0421054 4 
0 0.0426811 4 
0 0.0428705 4 
0 0.0430641 4 
0 0.0430642 4 
0 0.0441822 4 
0 0.0447306 4 
0 0.0447314 4 
0 0.0450976 4 
0 0.0500451 4 
0 0.0563222 4 
0 0.0633912 4 
0 0.0702003 4 
0 0.0707864 4 
0 0.076847 4 
0 0.0774796 4 
0 0.0820668 4 
0 0.0864112 4 
0 0.0945923 4 
0 0.0952756 4 
0 0.0956992 4 
0 0.0973034 4 
0 0.0986242 4 
0 0.0986242 4 
0 0.0989538 4 
0 0.0989546 4 
0 0.0992901 4 
0 0.101073 4 
0 0.139189 4 
0 0.140121 4 
0 0.14099 4 
0 0.146934 4 
0 0.150698 4 
0 0.157353 4 
0 0.157611 4 
0 0.186977 4 
0 0.24501 4 
0 0.305414 4 
0 0.305443 4 
0 0.307755 4 
0 0.315886 4 
0 0.387676 4 
0 0.404899 4 
0 0.407553 4 
0 0.414518 4 
0 0.427367 4 
0 0.434234 4 
0 0.438411 4 
0 0.443263 4 
0 0.514283 4 
0 0.529139 4 
0 0.569961 4 
0 0.574251 4 
0 0.585032 4 
0 0.592219 4 
0 0.594347 4 
0 0.619107 4 
0 0.625326 4 
0 0.654937 4 
0 0.684684 4 
0 0.693889 4 
0 0.701444 4 
0 0.708301 4 
0 0.715103 4 
0 0.729714 4 
0 0.745834 4 
0 0.747751 4 
0 0.760628 4 
0 0.767441 4 
0 0.774307 4 
0 0.834166 4 
0 0.955298 4 
0 1.18848 4 
0 1.384 4 
0 1.56616 4 
0 1.61066 4 
0 1.62063 4 
0 1.62123 4 
0 1.62273 4 
0 1.7601 4 
0 1.85191 4 
0 1.90549 4 
0 1.90751 4 
0 1.90918 4 
0 1.96972 4 
0 2.05282 4 
0 2.05891 4 
0 2.15196 4 
0 2.15486 4 
0 2.15683 4 
0 2.16022 4 
0 inf 4 
0 0.020162 5 
0 0.022086 5 
0 0.0224579 5 
0 0.0224595 5 
0 0.0231749 5 
0 0.0282343 5 
0 0.0299102 5 
0 0.0301825 5 
0 0.0304497 5 
0 0.0344574 5 
0 0.0346999 5 
0 0.0365274 5 
0 0.03826 5 
0 0.0386898 5 
0 0.040131 5 
0 0.040937 5 
0 0.0436259 5 
0 0.0436274 5 
0 0.0439915 5 
0 0.0440006 5 
0 0.0452732 5 
0 0.0463395 5 
0 0.046686 5 
0 0.0482317 5 
0 0.0493961 5 
0 0.050376 5 
0 0.0519607 5 
0 0.0539622 5 
0 0.0564683 5 
0 0.0568988 5 
0 0.0577491 5 
0 0.0585921 5 
0 0.0594122 5 
0 0.0599615 5 
0 0.0599615 5 
0 0.0603663 5 
0 0.0611671 5 
0 0.0627417 5 
0 0.0762065 5 
0 0.0787263 5 
0 0.0801573 5 
0 0.0832434 5 
0 0.0860325 5 
0 0.0901888 5 
0 0.0908139 5 
0 0.0919754 5 
0 0.0951013 5 
0 0.0985503 5 
0 0.098961 5 
0 0.0995349 5 
0 0.10051 5 
0 0.107844 5 
0 0.109343 5 
0 0.134623 5 
0 0.152947 5 
0 0.16113 5 
0 0.239197 5 
0 0.307037 5 
0 0.319519 5 
0 0.341756 5 
0 0.378988 5 
0 0.38393 5 
0 0.394878 5 
0 0.402527 5 
0 0.426667 5 
0 0.446536 5 
0 0.468463 5 
0 0.478001 5 
0 0.482877 5 
0 0.493494 5 
0 0.51849 5 
0 0.52555 5 
0 0.54734 5 
0 0.547444 5 
0 0.565315 5 
0 0.613683 5 
0 0.624371 5 
0 0.626642 5 
0 0.632528 5 
0 0.654081 5 
0 0.672394 5 
0 0.674435 5 
0 0.679135 5 
0 0.691033 5 
0 0.692686 5 
0 0.696812 5 
0 0.700479 5 
0 0.71777 5 
0 0.724009 5 
0 0.7284 5 
0 0.834093 5 
0 0.864257 5 
0 1.11021 5 
0 1.17157 5 
0 1.21764 5 
0 1.22063 5 
0 1.33287 5 
0 1.43014 5 
0 1.46556 5 
0 1.467 5 
0 1.47015 5 
0 1.57217 5 
0 1.66691 5 
0 1.6764 5 
0 1.67644 5 
0 1.6778 5 
0 1.86327 5 
0 1.89463 5 
0 1.89465 5 
0 1.8959 5 
0 1.8971 5 
0 2.16788 5 
0 2.24384 5 
0 2.35129 5 
0 2.35455 5 
0 inf 5 
0 0.021338 6 
0 0.0241967 6 
0 0.0299183 6 
0 0.0309811 6 
0 0.0312395 6 
0 0.0317626 6 
0 0.0322694 6 
0 0.0327624 6 
0 0.0327644 6 
0 0.0346948 6 
0 0.0346948 6 
0 0.0365252 6 
0 0.0376199 6 
0 0.0399303 6 
0 0.0407345 6 
0 0.0430642 6 
0 0.0432504 6 
0 0.0439961 6 
0 0.0441834 6 
0 0.0452749 6 
0 0.0487415 6 
0 0.0488951 6 
0 0.0493936 6 
0 0.0507061 6 
0 0.051963 6 
0 0.0521252 6 
0 0.0592736 6 
0 0.0642826 6 
0 0.0651643 6 
0 0.067971 6 
0 0.0692761 6 
0 0.0700923 6 
0 0.0733722 6 
0 0.0757758 6 
0 0.0767406 6 
0 0.0840219 6 
0 0.0893731 6 
0 0.0910845 6 
0 0.0925915 6 
0 0.0953569 6 
0 0.095615 6 
0 0.0960392 6 
0 0.109639 6 
0 0.118959 6 
0 0.120926 6 
0 0.139194 6 
0 0.14064 6 
0 0.185839 6 
0 0.240215 6 
0 0.256103 6 
0 0.258244 6 
0 0.309806 6 
0 0.315208 6 
0 0.324964 6 
0 0.335216 6 
0 0.342097 6 
0 0.345448 6 
0 0.366783 6 
0 0.378184 6 
0 0.390043 6 
0 0.392019 6 
0 0.423226 6 
0 0.430089 6 
0 0.430467 6 
0 0.445679 6 
0 0.484228 6 
0 0.492903 6 
0 0.492903 6 
0 0.493018 6 
0 0.56227 6 
0 0.615126 6 
0 0.615153 6 
0 0.621185 6 
0 0.633313 6 
0 0.651546 6 
0 0.654075 6 
0 0.655467 6 
0 0.671867 6 
0 0.703654 6 
0 0.703758 6 
0 0.70474 6 
0 0.706017 6 
0 0.713659 6 
0 0.714023 6 
0 0.716934 6 
0 0.753396 6 
0 0.834358 6 
0 0.853182 6 
0 0.873775 6 
0 1.04571 6 
0 1.17241 6 
0 1.21769 6 
0 1.23186 6 
0 1.26039 6 
0 1.26242 6 
0 1.26273 6 
0 1.27836 6 
0 1.49477 6 
0 1.5548 6 
0 1.55833 6 
0 1.55988 6 
0 1.55988 6 
0 1.59303 6 
0 1.77608 6 
0 1.78943 6 
0 1.8653 6 
0 1.87543 6 
0 2.26534 6 
0 2.26652 6 
0 2.26693 6 
0 2.27326 6 
0 inf 6 
0 0.0285208 7 
0 0.028521 7 
0 0.0299141 7 
0 0.0337389 7 
0 0.0374012 7 
0 0.0401338 7 
0 0.0413313 7 
0 0.0415232 7 
0 0.0423028 7 
0 0.0423028 7 
0 0.0459859 7 
0 0.0465187 7 
0 0.0472066 7 
0 0.0482361 7 
0 0.0503789 7 
0 0.0518027 7 
0 0.0524307 7 
0 0.0524389 7 
0 0.0528966 7 
0 0.0532083 7 
0 0.0538113 7 
0 0.0541155 7 
0 0.0550071 7 
0 0.0554532 7 
0 0.0555898 7 
0 0.0581695 7 
0 0.0615626 7 
0 0.0711336 7 
0 0.0808684 7 
0 0.0820675 7 
0 0.0830564 7 
0 0.0830567 7 
0 0.0873461 7 
0 0.0902748 7 
0 0.098383 7 
0 0.104317 7 
0 0.106711 7 
0 0.113009 7 
0 0.136121 7 
0 0.160022 7 
0 0.162074 7 
0 0.16539 7 
0 0.188552 7 
0 0.205717 7 
0 0.252078 7 
0 0.291035 7 
0 0.297971 7 
0 0.298108 7 
0 0.300418 7 
0 0.308754 7 
0 0.331004 7 
0 0.35529 7 
0 0.362429 7 
0 0.36529 7 
0 0.406925 7 
0 0.432282 7 
0 0.434533 7 
0 0.438262 7 
0 0.438262 7 
0 0.440538 7 
0 0.459339 7 
0 0.46889 7 
0 0.494676 7 
0 0.497819 7 
0 0.559501 7 
0 0.611373 7 
0 0.614187 7 
0 0.657315 7 
0 0.663817 7 
0 0.664588 7 
0 0.682298 7 
0 0.690179 7 
0 0.690261 7 
0 0.70092 7 
0 0.701989 7 
0 0.705627 7 
0 0.706042 7 
0 0.71082 7 
0 0.715211 7 
0 0.716636 7 
0 0.783014 7 
0 0.808906 7 
0 0.829821 7 
0 0.856252 7 
0 0.906112 7 
0 1.10055 7 
0 1.11585 7 
0 1.13202 7 
0 1.1564 7 
0 1.15743 7 
0 1.35282 7 
0 1.37659 7 
0 1.38464 7 
0 1.44569 7 
0 1.46299 7 
0 1.53446 7 
0 1.54946 7 
0 1.54955 7 
0 1.54984 7 
0 1.56958 7 
0 1.57204 7 
0 1.7394 7 
0 1.74433 7 
0 1.7525 7 
0 1.80657 7 
0 1.86949 7 
0 1.89287 7 
0 inf 7 
0 0.0217202 8 
0 0.0288087 8 
0 0.0358536 8 
0 0.0365219 8 
0 0.0409335 8 
0 0.0423042 8 
0 0.0459907 8 
0 0.0475521 8 
0 0.0493923 8 
0 0.0510214 8 
0 0.052891 8 
0 0.0550039 8 
0 0.0555996 8 
0 0.0587263 8 
0 0.0598261 8 
0 0.065415 8 
0 0.0677312 8 
0 0.0750187 8 
0 0.0803643 8 
0 0.0875345 8 
0 0.0882749 8 
0 0.0907302 8 
0 0.0916193 8 
0 0.092592 8 
0 0.0928523 8 
0 0.0932846 8 
0 0.0960341 8 
0 0.10346 8 
0 0.118421 8 
0 0.123312 8 
0 0.149669 8 
0 0.154166 8 
0 0.179246 8 
0 0.199372 8 
0 0.217293 8 
0 0.217375 8 
0 0.243578 8 
0 0.245157 8 
0 0.245421 8 
0 0.25565 8 
0 0.258502 8 
0 0.263488 8 
0 0.303279 8 
0 0.320683 8 
0 0.321327 8 
0 0.36002 8 
0 0.363582 8 
0 0.378401 8 
0 0.378895 8 
0 0.403779 8 
0 0.410174 8 
0 0.416654 8 
0 0.425535 8 
0 0.429699 8 
0 0.435362 8 
0 0.435959 8 
0 0.439226 8 
0 0.478626 8 
0 0.483277 8 
0 0.511951 8 
0 0.527455 8 
0 0.534863 8 
0 0.560705 8 
0 0.597436 8 
0 0.611825 8 
0 0.614491 8 
0 0.657081 8 
0 0.659368 8 
0 0.660847 8 
0 0.670317 8 
0 0.670402 8 
0 0.671868 8 
0 0.705083 8 
0 0.711685 8 
0 0.712964 8 
0 0.728042 8 
0 0.730735 8 
0 0.766551 8 
0 0.940229 8 
0 1.06631 8 
0 1.12212 8 
0 1.1336 8 
0 1.15168 8 
0 1.17583 8 
0 1.18245 8 
0 1.20582 8 
0 1.22229 8 
0 1.24082 8 
0 1.37744 8 
0 1.43365 8 
0 1.4418 8 
0 1.45024 8 
0 1.55152 8 
0 1.55202 8 
0 1.55428 8 
0 1.59087 8 
0 1.60953 8 
0 1.70479 8 
0 1.73967 8 
0 1.74333 8 
0 1.75623 8 
0 1.86971 8 
0 1.89399 8 
0 inf 8 
0 0.0235149 9 
0 0.0290836 9 
0 0.0307134 9 
0 0.0332621 9 
0 0.0391032 9 
0 0.039107 9 
0 0.0393165 9 
0 0.0393216 9 
0 0.0399289 9 
0 0.0538144 9 
0 0.0642837 9 
0 0.0742627 9 
0 0.0771605 9 
0 0.0808721 9 
0 0.0810657 9 
0 0.0835434 9 
0 0.0919683 9 
0 0.0945053 9 
0 0.0962923 9 
0 0.0993657 9 
0 0.115123 9 
0 0.130883 9 
0 0.141207 9 
0 0.145478 9 
0 0.153687 9 
0 0.156832 9 
0 0.184733 9 
0 0.189599 9 
0 0.206353 9 
0 0.20714 9 
0 0.214902 9 
0 0.228672 9 
0 0.247716 9 
0 0.263144 9 
0 0.270009 9 
0 0.27062 9 
0 0.287001 9 
0 0.2897 9 
0 0.310541 9 
0 0.31527 9 
0 0.318274 9 
0 0.331089 9 
0 0.355641 9 
0 0.381162 9 
0 0.381333 9 
0 0.387899 9 
0 0.396342 9 
0 0.398797 9 
0 0.439282 9 
0 0.45872 9 
0 0.458844 9 
0 0.464734 9 
0 0.471114 9 
0 0.471545 9 
0 0.48592 9 
0 0.530617 9 
0 0.557389 9 
0 0.560419 9 
0 0.562505 9 
0 0.567171 9 
0 0.570251 9 
0 0.61796 9 
0 0.61891 9 
0 0.62299 9 
0 0.627206 9 
0 0.656356 9 
0 0.657686 9 
0 0.658763 9 
0 0.662641 9 
0 0.704081 9 
0 0.704912 9 
0 0.715176 9 
0 0.716515 9 
0 0.761889 9 
0 0.837236 9 
0 0.854999 9 
0 0.861255 9 
0 0.903275 9 
0 0.991588 9 
0 1.09353 9 
0 1.12008 9 
0 1.13153 9 
0 1.1739 9 
0 1.20329 9 
0 1.24162 9 
0 1.24179 9 
0 1.27426 9 
0 1.36376 9 
0 1.47295 9 
0 1.55593 9 
0 1.55617 9 
0 1.55933 9 
0 1.56011 9 
0 1.56217 9 
0 1.74564 9 
0 1.74939 9 
0 1.78412 9 
0 1.80114 9 
0 1.81488 9 
0 inf 9 
0 0.0255061 10 
0 0.0261344 10 
0 0.0301823 10 
0 0.0315047 10 
0 0.0384773 10 
0 0.0388976 10 
0 0.0630044 10 
0 0.0665154 10 
0 0.0700946 10 
0 0.0846078 10 
0 0.0847959 10 
0 0.095255 10 
0 0.0974749 10 
0 0.0996981 10 
0 0.109791 10 
0 0.11052 10 
0 0.110805 10 
0 0.131624 10 
0 0.131658 10 
0 0.140047 10 
0 0.146906 10 
0 0.149481 10 
0 0.153637 10 
0 0.180045 10 
0 0.185036 10 
0 0.211352 10 
0 0.223801 10 
0 0.233866 10 
0 0.241397 10 
0 0.25378 10 
0 0.265568 10 
0 0.2986 10 
0 0.30247 10 
0 0.306082 10 
0 0.333363 10 
0 0.335111 10 
0 0.34565 10 
0 0.351249 10 
0 0.35229 10 
0 0.364726 10 
0 0.377607 10 
0 0.396282 10 
0 0.414824 10 
0 0.417415 10 
0 0.42116 10 
0 0.421932 10 
0 0.438949 10 
0 0.441314 10 
0 0.451517 10 
0 0.459563 10 
0 0.463246 10 
0 0.465105 10 
0 0.474968 10 
0 0.523959 10 
0 0.530071 10 
0 0.540982 10 
0 0.545817 10 
0 0.562675 10 
0 0.612776 10 
0 0.614896 10 
0 0.616302 10 
0 0.644221 10 
0 0.64818 10 
0 0.649371 10 
0 0.675454 10 
0 0.677618 10 
0 0.711696 10 
0 0.712975 10 
0 0.736122 10 
0 0.901925 10 
0 0.923328 10 
0 0.979127 10 
0 0.998362 10 
0 1.00295 10 
0 1.00386 10 
0 1.09371 10 
0 1.10118 10 
0 1.18034 10 
0 1.2251 10 
0 1.24165 10 
0 1.25766 10 
0 1.36221 10 
0 1.36228 10 
0 1.36549 10 
0 1.36795 10 
0 1.54925 10 
0 1.54996 10 
0 1.56458 10 
0 1.67862 10 
0 1.67884 10 
0 1.73688 10 
0 1.73895 10 
0 1.84516 10 
0 1.94163 10 
0 1.94168 10 
0 inf 10 
0 0.0403345 11 
0 0.0450976 11 
0 0.0505367 11 
0 0.0527437 11 
0 0.0782856 11 
0 0.0894614 11 
0 0.103142 11 
0 0.109868 11 
0 0.117914 11 
0 0.119569 11 
0 0.122564 11 
0 0.145063 11 
0 0.14513 11 
0 0.146524 11 
0 0.146926 11 
0 0.154616 11 
0 0.155953 11 
0 0.185253 11 
0 0.197223 11 
0 0.217943 11 
0 0.226357 11 
0 0.236947 11 
0 0.242003 11 
0 0.248195 11 
0 0.249339 11 
0 0.256806 11 
0 0.260031 11 
0 0.267237 11 
0 0.285994 11 
0 0.30947 11 
0 0.310487 11 
0 0.310521 11 
0 0.323222 11 
0 0.339829 11 
0 0.340379 11 
0 0.343447 11 
0 0.343447 11 
0 0.372683 11 
0 0.379121 11 
0 0.386882 11 
0 0.416254 11 
0 0.416254 11 
0 0.418917 11 
0 0.425143 11 
0 0.447151 11 
0 0.449023 11 
0 0.451138 11 
0 0.463146 11 
0 0.490514 11 
0 0.547557 11 
0 0.547676 11 
0 0.549983 11 
0 0.550291 11 
0 0.559178 11 
0 0.597271 11 
0 0.597448 11 
0 0.615086 11 
0 0.622774 11 
0 0.623087 11 
0 0.623622 11 
0 0.628328 11 
0 0.629776 11 
0 0.663782 11 
0 0.665544 11 
0 0.757396 11 
0 0.966592 11 
0 1.06485 11 
0 1.06574 11 
0 1.09393 11 
0 1.09781 11 
0 1.09834 11 
0 1.10519 11 
0 1.1847 11 
0 1.23335 11 
0 1.23409 11 
0 1.23425 11 
0 1.24098 11 
0 1.24106 11 
0 1.24713 11 
0 1.32615 11 
0 1.32804 11 
0 1.54974 11 
0 1.54978 11 
0 1.57453 11 
0 1.60246 11 
0 1.60247 11 
0 1.7314 11 
0 1.73628 11 
0 1.87651 11 
0 1.89126 11 
0 1.89159 11 
0 inf 11 
0 0.0585903 12 
0 0.0879061 12 
0 0.0901891 12 
0 0.0987719 12 
0 0.104379 12 
0 0.120987 12 
0 0.137353 12 
0 0.158802 12 
0 0.159049 12 
0 0.183107 12 
0 0.183932 12 
0 0.184083 12 
0 0.184127 12 
0 0.18472 12 
0 0.198987 12 
0 0.202572 12 
0 0.21346 12 
0 0.220693 12 
0 0.23569 12 
0 0.236517 12 
0 0.237032 12 
0 0.262601 12 
0 0.271119 12 
0 0.279376 12 
0 0.303418 12 
0 0.307646 12 
0 0.310643 12 
0 0.311983 12 
0 0.347674 12 
0 0.35443 12 
0 0.354544 12 
0 0.364164 12 
0 0.364775 12 
0 0.366525 12 
0 0.369707 12 
0 0.36974 12 
0 0.370948 12 
0 0.395084 12 
0 0.395352 12 
0 0.442969 12 
0 0.444893 12 
0 0.493434 12 
0 0.541598 12 
0 0.54596 12 
0 0.548047 12 
0 0.556451 12 
0 0.568398 12 
0 0.569084 12 
0 0.570754 12 
0 0.582618 12 
0 0.584291 12 
0 0.589491 12 
0 0.620536 12 
0 0.629128 12 
0 0.645213 12 
0 0.650785 12 
0 0.652083 12 
0 0.718109 12 
0 0.735833 12 
0 0.73591 12 
0 0.783104 12 
0 0.786462 12 
0 0.904966 12 
0 0.919199 12 
0 0.965255 12 
0 1.07437 12 
0 1.10826 12 
0 1.1266 12 
0 1.21262 12 
0 1.21341 12 
0 1.21352 12 
0 1.22604 12 
0 1.27858 12 
0 1.31241 12 
0 1.32057 12 
0 1.32858 12 
0 1.375 12 
0 1.55001 12 
0 1.55169 12 
0 1.58958 12 
0 1.59088 12 
0 1.59093 12 
0 1.73959 12 
0 1.74631 12 
0 1.86867 12 
0 1.86868 12 
0 1.86891 12 
0 inf 12 
0 0.0657825 13 
0 0.113332 13 
0 0.124885 13 
0 0.125794 13 
0 0.14082 13 
0 0.143852 13 
0 0.164382 13 
0 0.17441 13 
0 0.184149 13 
0 0.187385 13 
0 0.201061 13 
0 0.221284 13 
0 0.257372 13 
0 0.271791 13 
0 0.280277 13 
0 0.283593 13 
0 0.3063 13 
0 0.311989 13 
0 0.313855 13 
0 0.314082 13 
0 0.314082 13 
0 0.338195 13 
0 0.346378 13 
0 0.349208 13 
0 0.350353 13 
0 0.350515 13 
0 0.356137 13 
0 0.358844 13 
0 0.373923 13 
0 0.375161 13 
0 0.387848 13 
0 0.396661 13 
0 0.436458 13 
0 0.437296 13 
0 0.484293 13 
0 0.517636 13 
0 0.534337 13 
0 0.534459 13 
0 0.538642 13 
0 0.543217 13 
0 0.551244 13 
0 0.566521 13 
0 0.581946 13 
0 0.582169 13 
0 0.583063 13 
0 0.597758 13 
0 0.597758 13 
0 0.600419 13 
0 0.606745 13 
0 0.633301 13 
0 0.63366 13 
0 0.633792 13 
0 0.634716 13 
0 0.634818 13 
0 0.634934 13 
0 0.636529 13 
0 0.647266 13 
0 0.647304 13 
0 0.647906 13 
0 0.795028 13 
0 0.873626 13 
0 0.881485 13 
0 0.94455 13 
0 0.957687 13 
0 0.965671 13 
0 1.09716 13 
0 1.10911 13 
0 1.18827 13 
0 1.18837 13 
0 1.18915 13 
0 1.29342 13 
0 1.29833 13 
0 1.29944 13 
0 1.54925 13 
0 1.55086 13 
0 1.57396 13 
0 1.57397 13 
0 1.57414 13 
0 1.73332 13 
0 1.74037 13 
0 1.84982 13 
0 1.84984 13 
0 1.85193 13 
0 inf 13 
0 0.0616978 14 
0 0.0825568 14 
0 0.0929182 14 
0 0.119719 14 
0 0.129995 14 
0 0.137784 14 
0 0.169846 14 
0 0.182594 14 
0 0.192091 14 
0 0.192979 14 
0 0.200535 14 
0 0.205742 14 
0 0.212958 14 
0 0.22572 14 
0 0.229148 14 
0 0.256429 14 
0 0.261541 14 
0 0.284689 14 
0 0.287107 14 
0 0.287107 14 
0 0.288091 14 
0 0.288802 14 
0 0.295481 14 
0 0.297812 14 
0 0.299316 14 
0 0.30285 14 
0 0.312994 14 
0 0.314472 14 
0 0.324148 14 
0 0.324374 14 
0 0.327344 14 
0 0.328361 14 
0 0.329262 14 
0 0.343759 14 
0 0.347841 14 
0 0.351327 14 
0 0.35361 14 
0 0.36441 14 
0 0.365814 14 
0 0.368074 14 
0 0.413259 14 
0 0.548965 14 
0 0.556383 14 
0 0.559492 14 
0 0.566608 14 
0 0.577858 14 
0 0.578012 14 
0 0.623282 14 
0 0.640541 14 
0 0.651648 14 
0 0.652209 14 
0 0.653244 14 
0 0.654609 14 
0 0.670325 14 
0 0.672263 14 
0 0.686719 14 
0 0.68932 14 
0 0.692558 14 
0 0.782189 14 
0 0.78302 14 
0 0.786833 14 
0 1.11744 14 
0 1.11762 14 
0 1.11808 14 
0 1.11997 14 
0 1.18265 14 
0 1.36403 14 
0 1.36559 14 
0 1.36565 14 
0 1.54921 14 
0 1.54959 14 
0 1.55158 14 
0 1.5516 14 
0 1.55167 14 
0 1.74224 14 
0 1.75775 14 
0 1.75997 14 
0 1.76006 14 
0 1.84337 14 
0 inf 14 
0 0.0623529 15 
0 0.0716971 15 
0 0.0777903 15 
0 0.118695 15 
0 0.122982 15 
0 0.153082 15 
0 0.15494 15 
0 0.163334 15 
0 0.16382 15 
0 0.178329 15 
0 0.19907 15 
0 0.211463 15 
0 0.218784 15 
0 0.248601 15 
0 0.259895 15 
0 0.268747 15 
0 0.272395 15 
0 0.272544 15 
0 0.272895 15 
0 0.282131 15 
0 0.282822 15 
0 0.284485 15 
0 0.284628 15 
0 0.288259 15 
0 0.288371 15 
0 0.299657 15 
0 0.310493 15 
0 0.321528 15 
0 0.343051 15 
0 0.344116 15 
0 0.344187 15 
0 0.34681 15 
0 0.349633 15 
0 0.349846 15 
0 0.350659 15 
0 0.35184 15 
0 0.363928 15 
0 0.364999 15 
0 0.366445 15 
0 0.374156 15 
0 0.378752 15 
0 0.507303 15 
0 0.513009 15 
0 0.519939 15 
0 0.519939 15 
0 0.551139 15 
0 0.622409 15 
0 0.628283 15 
0 0.628387 15 
0 0.628491 15 
0 0.732176 15 
0 0.898899 15 
0 0.936061 15 
0 0.936756 15 
0 0.938422 15 
0 0.962909 15 
0 0.965877 15 
0 1.12186 15 
0 1.19405 15 
0 1.22119 15 
0 1.22126 15 
0 1.33461 15 
0 1.3349 15 
0 1.33546 15 
0 1.35356 15 
0 1.35383 15 
0 1.35498 15 
0 1.55475 15 
0 1.66702 15 
0 1.66972 15 
0 1.67007 15 
0 1.74161 15 
0 1.92787 15 
0 1.92792 15 
0 1.92862 15 
0 inf 15 
0 0.0466892 16 
0 0.0786257 16 
0 0.11922 16 
0 0.131132 16 
0 0.137057 16 
0 0.214937 16 
0 0.228534 16 
0 0.237445 16 
0 0.252503 16 
0 0.276626 16 
0 0.283687 16 
0 0.28397 16 
0 0.284031 16 
0 0.284085 16 
0 0.284289 16 
0 0.284457 16 
0 0.285029 16 
0 0.285061 16 
0 0.290255 16 
0 0.294846 16 
0 0.298601 16 
0 0.299472 16 
0 0.299523 16 
0 0.300157 16 
0 0.300401 16 
0 0.300823 16 
0 0.301887 16 
0 0.301887 16 
0 0.305545 16 
0 0.311593 16 
0 0.330532 16 
0 0.351465 16 
0 0.352093 16 
0 0.352367 16 
0 0.353476 16 
0 0.353841 16 
0 0.35476 16 
0 0.358003 16 
0 0.441226 16 
0 0.451332 16 
0 0.451602 16 
0 0.453059 16 
0 0.562 16 
0 0.577419 16 
0 0.579697 16 
0 0.579739 16 
0 0.825383 16 
0 0.862038 16 
0 0.865682 16 
0 0.867371 16 
0 0.880847 16 
0 1.05383 16 
0 1.0561 16 
0 1.13994 16 
0 1.18925 16 
0 1.19161 16 
0 1.19167 16 
0 1.21016 16 
0 1.21091 16 
0 1.21095 16 
0 1.32826 16 
0 1.329 16 
0 1.3291 16 
0 1.55367 16 
0 1.66881 16 
0 1.67015 16 
0 1.67023 16 
0 1.75251 16 
0 1.87018 16 
0 1.87312 16 
0 1.87317 16 
0 inf 16 
0 0.142187 17 
0 0.146248 17 
0 0.150631 17 
0 0.151117 17 
0 0.168138 17 
0 0.168323 17 
0 0.170816 17 
0 0.263086 17 
0 0.277066 17 
0 0.277389 17 
0 0.287862 17 
0 0.290814 17 
0 0.303205 17 
0 0.304169 17 
0 0.305023 17 
0 0.305342 17 
0 0.308939 17 
0 0.308965 17 
0 0.309044 17 
0 0.309912 17 
0 0.317229 17 
0 0.317511 17 
0 0.323776 17 
0 0.325279 17 
0 0.336931 17 
0 0.347583 17 
0 0.347583 17 
0 0.348401 17 
0 0.348517 17 
0 0.350191 17 
0 0.350678 17 
0 0.350771 17 
0 0.350771 17 
0 0.385208 17 
0 0.581515 17 
0 0.581585 17 
0 0.581585 17 
0 0.582423 17 
0 0.594433 17 
0 0.601087 17 
0 0.601133 17 
0 0.60835 17 
0 0.752803 17 
0 0.752965 17 
0 0.752998 17 
0 0.888599 17 
0 0.895384 17 
0 0.897426 17 
0 0.9546 17 
0 1.12382 17 
0 1.16343 17 
0 1.19445 17 
0 1.19905 17 
0 1.19919 17 
0 1.23878 17 
0 1.26247 17 
0 1.35802 17 
0 1.35898 17 
0 1.35898 17 
0 1.55171 17 
0 1.56981 17 
0 1.5706 17 
0 1.57176 17 
0 1.75668 17 
0 1.85119 17 
0 1.8524 17 
0 1.8524 17 
0 inf 17 
0 0.10344 18 
0 0.104378 18 
0 0.105312 18 
0 0.108128 18 
0 0.108131 18 
0 0.108131 18 
0 0.154367 18 
0 0.157085 18 
0 0.157911 18 
0 0.268088 18 
0 0.275388 18 
0 0.276832 18 
0 0.302586 18 
0 0.305156 18 
0 0.309522 18 
0 0.312355 18 
0 0.325739 18 
0 0.339711 18 
0 0.340285 18 
0 0.340572 18 
0 0.340882 18 
0 0.342478 18 
0 0.350585 18 
0 0.351326 18 
0 0.352251 18 
0 0.353058 18 
0 0.360797 18 
0 0.36109 18 
0 0.368529 18 
0 0.36897 18 
0 0.36996 18 
0 0.370663 18 
0 0.387839 18 
0 0.389096 18 
0 0.596174 18 
0 0.604775 18 
0 0.604869 18 
0 0.60499 18 
0 0.695863 18 
0 0.754077 18 
0 0.755284 18 
0 0.755887 18 
0 0.831513 18 
0 0.847789 18 
0 0.851618 18 
0 0.952668 18 
0 0.967637 18 
0 1.20147 18 
0 1.20339 18 
0 1.20342 18 
0 1.20352 18 
0 1.36793 18 
0 1.37477 18 
0 1.37562 18 
0 1.43343 18 
0 1.55486 18 
0 1.55988 18 
0 1.56129 18 
0 1.56163 18 
0 1.78053 18 
0 1.78139 18 
0 1.79435 18 
0 1.79565 18 
0 inf 18 
0 0.0928301 19 
0 0.0930929 19 
0 0.0932678 19 
0 0.0963567 19 
0 0.097114 19 
0 0.0977815 19 
0 0.164866 19 
0 0.16521 19 
0 0.169103 19 
0 0.274323 19 
0 0.276714 19 
0 0.277682 19 
0 0.286492 19 
0 0.302747 19 
0 0.303177 19 
0 0.303418 19 
0 0.307313 19 
0 0.307313 19 
0 0.366525 19 
0 0.370827 19 
0 0.371995 19 
0 0.373664 19 
0 0.374294 19 
0 0.377401 19 
0 0.408235 19 
0 0.408453 19 
0 0.411489 19 
0 0.504635 19 
0 0.504636 19 
0 0.504829 19 
0 0.562285 19 
0 0.563903 19 
0 0.563903 19 
0 0.598061 19 
0 0.612472 19 
0 0.61307 19 
0 0.613109 19 
0 0.628379 19 
0 0.633227 19 
0 0.635189 19 
0 0.828505 19 
0 0.873383 19 
0 0.877843 19 
0 1.02515 19 
0 1.03664 19 
0 1.14127 19 
0 1.17239 19 
0 1.20858 19 
0 1.20885 19 
0 1.20885 19 
0 1.20909 19 
0 1.35362 19 
0 1.55668 19 
0 1.55888 19 
0 1.5589 19 
0 1.79367 19 
0 1.81267 19 
0 1.81268 19 
0 1.86158 19 
0 inf 19 
0 0.102095 20 
0 0.10265 20 
0 0.112265 20 
0 0.113346 20 
0 0.116948 20 
0 0.125017 20 
0 0.16501 20 
0 0.165355 20 
0 0.170252 20 
0 0.261954 20 
0 0.262358 20 
0 0.26338 20 
0 0.275037 20 
0 0.275358 20 
0 0.275392 20 
0 0.31143 20 
0 0.312082 20 
0 0.312629 20 
0 0.343548 20 
0 0.345154 20 
0 0.345248 20 
0 0.392238 20 
0 0.397183 20 
0 0.404831 20 
0 0.405474 20 
0 0.407096 20 
0 0.453763 20 
0 0.456053 20 
0 0.45632 20 
0 0.459177 20 
0 0.45939 20 
0 0.459478 20 
0 0.490974 20 
0 0.501415 20 
0 0.552896 20 
0 0.557374 20 
0 0.559311 20 
0 0.560183 20 
0 0.618331 20 
0 0.61837 20 
0 0.618528 20 
0 0.641551 20 
0 0.641653 20 
0 0.939432 20 
0 0.999814 20 
0 1.01729 20 
0 1.01988 20 
0 1.22304 20 
0 1.22397 20 
0 1.33005 20 
0 1.56412 20 
0 1.56432 20 
0 1.84409 20 
0 1.84413 20 
0 2.82146 20 
0 inf 20 
