3.82902 6.51935 1 
1.2462 3.02645 1 
0.197527 0.208534 1 
0.19653 0.19955 1 
0.0999436 0.100689 1 
0.0953446 0.0980532 1 
0.0887418 0.0980532 1 
0.0719796 0.0778433 1 
0.0676966 0.0708033 1 
0.064587 0.0710682 1 
0.0608546 0.0650198 1 
0.058343 0.0658673 1 
0.0563857 0.0653001 1 
0.0515366 0.0555568 1 
0.0493119 0.0527885 1 
0.0425964 0.0518987 1 
0.0425944 0.0555535 1 
0.0396321 0.039869 1 
0.037455 0.0401041 1 
0.0372051 0.0384409 1 
0.0364449 0.038684 1 
0.0356603 0.0389228 1 
0.0337805 0.0412561 1 
0.0273537 0.0299645 1 
0.0248426 0.0335013 1 
4.645 4.77653 2 
4.6436 5.08629 2 
3.21125 5.10436 2 
1.02096 4.00717 2 
0.147297 0.150375 2 
0.0849702 0.0857392 2 
0.0768828 0.0788031 2 
0.0645837 0.0645891 2 
0.0570552 0.0650224 2 
0.0498724 0.0506236 2 
0.0477717 0.0483554 2 
0.0473778 0.0475753 2 
0.0459736 0.051168 2 
0.0451575 0.051168 2 
0.043681 0.05117 2 
0.043676 0.0533163 2 
0.0434622 0.0513575 2 
0.0414821 0.0527879 2 
0.0379486 0.0425905 2 
0.0351352 0.0361808 2 
0.0317808 0.0381951 2 
3.23136 3.61762 3 
3.20543 3.61289 3 
2.95782 3.62695 3 
0.921012 4.22755 3 
0.0875697 0.088847 3 
0.0751645 0.0792786 3 
0.0655919 0.0664419 3 
0.0504329 0.0506198 3 
0.0467775 0.0467816 3 
0.0425988 0.0469834 3 
0.0398729 0.0469834 3 
0.0379514 0.047967 3 
0.0377045 0.0389233 3 
1.01756 4.13276 4 
0.076881 0.0879978 4 
0.0767547 0.0788048 4 
0.0500584 0.0589799 4 
1.50634 3.89434 5 
0.107343 0.115399 5 
0.0323653 0.0337812 5 
3.11849 3.19372 6 
3.11814 3.42964 6 
2.15986 3.44453 6 
1.87517 1.9807 6 
0.138192 0.141665 6 
0.13146 0.133859 6 
0.0888439 0.097574 6 
0.0555591 0.0560584 6 
2.24206 2.56467 7 
2.1924 3.00832 7 
2.17751 2.64173 7 
1.80595 3.01502 7 
0.152479 0.163088 7 
0.0581828 0.0589815 7 
0.0548775 0.0562246 7 
2.46428 3.12949 8 
1.9529 2.58987 8 
1.92715 2.41482 8 
1.6587 2.6649 8 
0.0585057 0.0602345 8 
2.2447 2.40733 9 
1.56384 2.26636 9 
1.50804 2.4002 9 
1.50725 2.12107 9 
2.41626 2.4939 10 
2.41519 2.44293 10 
2.0539 2.12816 10 
1.98782 2.02955 10 
1.51389 2.12412 10 
2.28311 3.10129 11 
2.28153 2.61598 11 
2.15223 2.22041 11 
1.5137 1.9593 11 
0.749072 0.750362 11 
1.94369 2.11019 12 
1.92583 2.10657 12 
1.54385 1.57791 12 
1.5332 1.55874 12 
1.52881 1.61707 12 
1.52108 1.56848 12 
1.4874 1.54769 12 
0.603083 0.682457 12 
0.298038 0.298916 12 
1.64529 1.80767 13 
1.64156 1.79665 13 
1.60699 1.68116 13 
1.36323 1.37955 13 
1.30833 1.31907 13 
1.2962 1.36141 13 
0.880245 0.897522 13 
1.10126 1.15657 14 
1.08581 1.16442 14 
1.05428 1.16933 14 
0.913073 0.934666 14 
0.908194 0.927595 14 
0.907988 0.925658 14 
0.837381 0.950365 14 
0.835705 0.838611 14 
1.01104 1.03976 15 
0.863902 1.02147 15 
0.833912 0.950413 15 
2.09051 2.44755 16 
2.09051 2.44769 16 
2.08323 2.44714 16 
0.796806 0.806825 16 
2.08044 2.11067 17 
2.07724 2.10668 17 
2.07708 2.10712 17 
1.00928 1.00991 17 
1.70661 1.82275 18 
1.68468 1.80522 18 
0.799838 0.854356 20 
