4.52824 7.66748 1 
1.03774 2.64023 1 
0.246202 0.249579 1 
0.239682 0.259857 1 
0.232176 0.25377 1 
0.18437 0.283389 1 
0.181065 0.185684 1 
0.140644 0.149439 1 
0.134563 0.21014 1 
0.13234 0.210501 1 
0.118198 0.138198 1 
0.0528651 0.0584061 1 
0.0526567 0.052874 1 
0.05181 0.054299 1 
0.05181 0.0520281 1 
0.0518096 0.054299 1 
0.0485211 0.0566768 1 
0.0392394 0.0403449 1 
0.0383946 0.0491962 1 
0.0354087 0.0369291 1 
0.0344643 0.035718 1 
5.62611 5.8003 2 
5.4588 5.95201 2 
3.82531 6.00803 2 
0.829377 3.42373 2 
0.329246 0.33652 2 
0.286169 0.300418 2 
0.238759 0.239498 2 
0.237791 0.239498 2 
0.229116 0.238716 2 
0.226267 0.234856 2 
0.214897 0.232168 2 
0.200544 0.219055 2 
0.183058 0.18897 2 
0.0556981 0.0582107 2 
0.0307544 0.0307544 2 
4.00484 4.06445 3 
3.99406 4.77641 3 
3.91129 4.75562 3 
3.60651 4.77734 3 
3.17474 3.51946 3 
0.773951 3.46219 3 
0.303085 0.303228 3 
0.270556 0.276469 3 
0.245977 0.246783 3 
0.238768 0.249223 3 
0.186739 0.20016 3 
0.171707 0.192601 3 
0.0690921 0.072214 3 
3.02415 3.05304 4 
2.95051 3.02179 4 
2.95045 3.01505 4 
2.95009 3.00921 4 
2.63286 2.66755 4 
0.942232 3.05793 4 
0.204943 0.229599 4 
0.156275 0.203706 4 
2.68962 2.69948 5 
2.6885 2.69001 5 
2.19373 2.35781 5 
1.6877 2.69983 5 
0.285168 0.286242 5 
0.120321 0.126384 5 
0.0613398 0.0631057 5 
2.44438 2.4483 6 
2.38759 2.39929 6 
2.37829 2.39071 6 
2.12394 2.46486 6 
1.78159 2.09606 6 
1.44588 1.61347 6 
1.43708 1.47199 6 
1.42759 1.43824 6 
0.247406 0.255758 6 
0.101152 0.11375 6 
2.4841 3.11418 7 
2.1515 2.24334 7 
1.96579 2.1861 7 
1.83988 2.12215 7 
1.7819 2.14245 7 
0.135867 0.14518 7 
0.102657 0.113061 7 
2.00511 2.15016 8 
1.83764 2.10173 8 
1.77161 1.84681 8 
1.56696 1.77319 8 
1.11719 1.86883 8 
0.177745 0.17824 8 
0.101038 0.102131 8 
0.0434976 0.0449849 8 
2.19192 2.652 9 
2.19179 2.65881 9 
1.70979 2.05759 9 
1.56994 1.59023 9 
1.03243 1.61099 9 
0.783447 0.802579 9 
2.1587 2.37933 10 
2.14671 2.51569 10 
1.86516 2.09724 10 
1.32757 1.46628 10 
1.06706 1.50789 10 
0.598695 0.622481 10 
0.595013 0.604055 10 
1.5288 1.64975 11 
1.51468 1.63609 11 
1.31409 1.62923 11 
1.28689 1.41617 11 
1.12293 1.16173 11 
1.76084 1.78685 12 
1.73617 1.86279 12 
1.71662 1.84106 12 
0.923259 0.957084 12 
0.913058 0.970533 12 
0.843179 0.901991 12 
0.827626 1.08912 12 
0.802278 1.07052 12 
0.798108 0.854727 12 
0.907369 0.946489 13 
0.292289 0.298616 13 
2.15527 2.36903 14 
2.15479 2.3684 14 
2.15467 2.3681 14 
1.74192 1.96744 15 
1.74141 2.18839 15 
1.74099 2.19236 15 
0.565649 0.565994 15 
1.63811 1.80989 16 
0.222076 0.222639 16 
1.9693 1.99011 17 
1.96301 1.98946 17 
1.89196 1.98927 17 
1.69046 1.98542 17 
0.965856 0.969378 17 
0.965856 1.0311 17 
0.892801 0.901928 17 
0.214362 0.217185 17 
0.212972 0.213456 17 
0.212972 0.213044 17 
1.79264 1.9325 18 
1.79166 1.92419 18 
1.79043 2.03143 18 
0.706182 0.733741 18 
1.75912 2.15152 19 
1.75682 1.91545 19 
1.75644 1.91465 19 
0.795394 0.84012 19 
1.79725 1.85606 20 
1.79686 1.85478 20 
0.942545 1.04511 20 
0.312339 0.313741 20 
