5.67879 9.1029 1 
0.854232 2.06914 1 
0.418533 0.483254 1 
0.318285 0.324573 1 
0.316954 0.326451 1 
0.267072 0.271088 1 
0.255751 0.267597 1 
0.254828 0.297692 1 
0.242543 0.25372 1 
0.220631 0.272807 1 
0.161632 0.161934 1 
0.126392 0.126397 1 
0.124526 0.133981 1 
0.110535 0.112639 1 
0.105301 0.117938 1 
0.102596 0.104411 1 
0.102135 0.110952 1 
0.101214 0.124149 1 
0.101209 0.116335 1 
0.096943 0.103513 1 
0.0845179 0.0856126 1 
0.0845087 0.0904273 1 
0.0822601 0.0828253 1 
0.0822542 0.101217 1 
0.0811034 0.085625 1 
0.0805261 0.0867091 1 
0.0793478 0.0856194 1 
0.0793393 0.0811046 1 
0.0787601 0.0877908 1 
0.07755 0.083956 1 
0.071238 0.0757159 1 
6.18224 6.21769 2 
5.1525 6.25549 2 
0.728575 2.54981 2 
0.487123 0.556047 2 
0.35895 0.575306 2 
0.348447 0.369018 2 
0.34343 0.390549 2 
0.337909 0.340953 2 
0.333292 0.367485 2 
0.30455 0.373067 2 
0.302084 0.313079 2 
0.245243 0.248102 2 
0.185453 0.220839 2 
0.183417 0.200092 2 
0.126029 0.131142 2 
0.121085 0.131142 2 
0.116333 0.121474 2 
0.115927 0.131136 2 
0.115108 0.115516 2 
0.111375 0.130776 2 
0.103051 0.113466 2 
0.101669 0.122236 2 
0.10121 0.117131 2 
0.0998035 0.115115 2 
0.0904209 0.0979137 2 
0.0816802 0.107073 2 
0.0805285 0.0861603 2 
4.64687 5.02618 3 
4.64602 5.07286 3 
4.64585 5.04999 3 
4.57614 5.02979 3 
0.652538 2.30426 3 
0.480133 0.51979 3 
0.456754 0.50447 3 
0.397814 0.592459 3 
0.215028 0.234067 3 
0.197488 0.201025 3 
0.193394 0.201489 3 
0.136747 0.147021 3 
0.128609 0.130419 3 
0.122242 0.122631 3 
0.120305 0.122244 3 
0.118328 0.133268 3 
0.11306 0.121469 3 
0.111793 0.124899 3 
0.110533 0.11552 3 
0.108815 0.117531 3 
0.105752 0.126407 3 
0.105301 0.107946 3 
0.101206 0.110103 3 
0.0924744 0.0983891 3 
0.0845099 0.0974231 3 
0.0793515 0.0944905 3 
2.02593 2.03001 4 
0.633054 2.03398 4 
0.490783 0.519072 4 
0.240014 0.243897 4 
0.126396 0.129333 4 
0.125278 0.132212 4 
0.113878 0.117937 4 
0.113876 0.11913 4 
0.111799 0.116338 4 
0.11096 0.123763 4 
0.110949 0.127145 4 
0.1101 0.127145 4 
0.108815 0.127145 4 
0.108809 0.11913 4 
0.106633 0.117937 4 
0.105306 0.114296 4 
1.69905 1.78435 5 
1.6742 1.74214 5 
0.743994 1.78743 5 
0.535283 0.579301 5 
0.264772 0.293237 5 
0.156015 0.163081 5 
0.125656 0.141811 5 
0.122235 0.136063 5 
0.120692 0.147335 5 
0.12069 0.127135 5 
0.117534 0.143125 5 
0.115929 0.118725 5 
0.111798 0.112219 5 
0.105315 0.118332 5 
0.105301 0.121081 5 
0.0924828 0.096952 5 
1.5753 1.58307 6 
1.55432 1.57698 6 
1.53107 1.5768 6 
1.51668 1.56522 6 
1.49873 1.58302 6 
1.36171 1.58331 6 
0.742351 0.744311 6 
0.299424 0.346011 6 
0.290504 0.325296 6 
0.283961 0.307011 6 
0.282137 0.285934 6 
0.265138 0.286424 6 
0.141806 0.145736 6 
0.113873 0.134672 6 
0.11095 0.127875 6 
0.0939862 0.110953 6 
1.24832 1.35414 7 
1.24791 1.36862 7 
1.19125 1.43451 7 
0.533098 0.563765 7 
0.425074 0.427971 7 
0.423667 0.429941 7 
0.313526 0.323993 7 
0.297844 0.314729 7 
0.287576 0.305177 7 
0.206102 0.213717 7 
0.130776 0.136751 7 
0.129333 0.13879 7 
0.127874 0.128242 7 
0.1249 0.126028 7 
0.110528 0.133625 7 
0.105309 0.124147 7 
1.11392 1.13536 8 
1.08103 1.11611 8 
0.951224 1.13808 8 
0.58672 0.598063 8 
0.484605 0.527689 8 
0.256116 0.296421 8 
0.235874 0.24002 8 
0.119118 0.124147 8 
0.114298 0.114702 8 
0.110955 0.110964 8 
1.00708 1.03096 9 
0.987049 1.05051 9 
0.927354 0.938639 9 
0.921461 0.928947 9 
0.86464 0.968229 9 
0.748659 0.947654 9 
0.673444 0.723105 9 
0.437092 0.439533 9 
0.395328 0.4075 9 
0.103959 0.107081 9 
0.776991 0.898085 10 
0.752088 0.840545 10 
0.709145 0.912822 10 
0.380541 0.385177 10 
0.374566 0.379274 10 
0.0924828 0.0969548 10 
0.672606 0.772496 11 
0.578249 0.774562 11 
0.954474 0.970581 12 
0.826342 0.827349 12 
0.555025 0.622237 12 
0.550346 0.575883 12 
0.37028 0.399576 12 
0.361943 0.394249 12 
0.721676 0.736049 13 
0.716516 0.780903 13 
0.556914 0.574094 13 
0.508093 0.786488 13 
0.438063 0.468038 13 
0.546582 0.570636 14 
0.504005 0.513792 14 
0.407964 0.610581 14 
0.396753 0.557059 14 
0.775353 0.811944 15 
0.578328 0.655918 15 
0.496963 0.507262 15 
0.853581 0.925478 16 
0.540706 0.542267 16 
1.06675 1.11474 17 
1.06322 1.11874 17 
0.318749 0.333691 17 
0.907016 0.940786 19 
0.793453 0.877611 19 
