0 0.0142548 1 
0 0.0142548 1 
0 0.01646 1 
0 0.0193011 1 
0 0.0201593 1 
0 0.0263474 1 
0 0.0266621 1 
0 0.0266652 1 
0 0.0282088 1 
0 0.0291003 1 
0 0.0291003 1 
0 0.0302349 1 
0 0.0305116 1 
0 0.0305152 1 
0 0.0321369 1 
0 0.0329174 1 
0 0.0334279 1 
0 0.0336846 1 
0 0.0344238 1 
0 0.0344238 1 
0 0.0353939 1 
0 0.0356306 1 
0 0.0356318 1 
0 0.0368068 1 
0 0.0374889 1 
0 0.0386011 1 
0 0.040316 1 
0 0.0407364 1 
0 0.0417632 1 
0 0.0425635 1 
0 0.0431528 1 
0 0.0435463 1 
0 0.0437407 1 
0 0.0439287 1 
0 0.0439332 1 
0 0.0443199 1 
0 0.0458164 1 
0 0.0460066 1 
0 0.046181 1 
0 0.0463679 1 
0 0.0465523 1 
0 0.046555 1 
0 0.0465559 1 
0 0.0470953 1 
0 0.0479855 1 
0 0.0486843 1 
0 0.0488659 1 
0 0.0490351 1 
0 0.0498881 1 
0 0.0502263 1 
0 0.0502279 1 
0 0.0503917 1 
0 0.0505615 1 
0 0.0505655 1 
0 0.0507294 1 
0 0.0518806 1 
0 0.0518862 1 
0 0.0530142 1 
0 0.0536477 1 
0 0.0549002 1 
0 0.0556671 1 
0 0.0584811 1 
0 0.0587662 1 
0 0.0629428 1 
0 0.0630762 1 
0 0.0648018 1 
0 0.0683613 1 
0 0.0686075 1 
0 0.0704344 1 
0 0.072324 1 
0 0.072797 1 
0 0.0773104 1 
0 0.0802131 1 
0 0.0802131 1 
0 0.082906 1 
0 0.0830078 1 
0 0.0833175 1 
0 0.0840187 1 
0 0.0956174 1 
0 0.0978067 1 
0 0.100537 1 
0 0.102788 1 
0 0.104907 1 
0 0.106026 1 
0 0.109792 1 
0 0.110792 1 
0 0.113881 1 
0 0.120594 1 
0 0.123441 1 
0 0.123987 1 
0 0.138865 1 
0 0.145185 1 
0 0.148296 1 
0 0.15877 1 
0 0.171192 1 
0 0.175833 1 
0 0.177744 1 
0 0.225447 1 
0 0.236054 1 
0 0.294282 1 
0 0.330125 1 
0 0.358948 1 
0 0.367173 1 
0 0.431303 1 
0 0.515075 1 
0 0.540736 1 
0 0.551848 1 
0 0.564354 1 
0 0.616808 1 
0 0.621557 1 
0 0.656268 1 
0 0.678763 1 
0 0.700346 1 
0 0.716966 1 
0 0.738783 1 
0 0.806132 1 
0 0.860056 1 
0 0.924127 1 
0 1.01689 1 
0 1.02563 1 
0 1.10477 1 
0 1.56367 1 
0 1.60829 1 
0 1.69363 1 
0 2.62188 1 
0 2.63417 1 
0 2.82435 1 
0 3.97663 1 
0 4.50574 1 
0 4.54634 1 
0 4.70739 1 
0 inf 1 
0 0.0169654 2 
0 0.0169654 2 
0 0.0213754 2 
0 0.023278 2 
0 0.0287957 2 
0 0.0307898 2 
0 0.0310669 2 
0 0.0349087 2 
0 0.034911 2 
0 0.0353939 2 
0 0.0365687 2 
0 0.0368029 2 
0 0.0372647 2 
0 0.0372651 2 
0 0.0379346 2 
0 0.0392446 2 
0 0.0396813 2 
0 0.0396814 2 
0 0.0405265 2 
0 0.0407324 2 
0 0.0409392 2 
0 0.0413508 2 
0 0.0415555 2 
0 0.0423675 2 
0 0.0425596 2 
0 0.0427614 2 
0 0.0427643 2 
0 0.0433556 2 
0 0.0435424 2 
0 0.043933 2 
0 0.0439343 2 
0 0.0445064 2 
0 0.0456346 2 
0 0.046004 2 
0 0.0490359 2 
0 0.0492049 2 
0 0.050232 2 
0 0.0503945 2 
0 0.0528542 2 
0 0.0538056 2 
0 0.0568643 2 
0 0.0570157 2 
0 0.057456 2 
0 0.0580454 2 
0 0.0581949 2 
0 0.0590575 2 
0 0.0597666 2 
0 0.060892 2 
0 0.0613083 2 
0 0.061864 2 
0 0.0622699 2 
0 0.0624022 2 
0 0.0633421 2 
0 0.0641416 2 
0 0.0660948 2 
0 0.0664721 2 
0 0.0710342 2 
0 0.074296 2 
0 0.0747487 2 
0 0.0751984 2 
0 0.0751984 2 
0 0.0759816 2 
0 0.0770888 2 
0 0.0787147 2 
0 0.0830108 2 
0 0.0892032 2 
0 0.0987541 2 
0 0.0997775 2 
0 0.105305 2 
0 0.106822 2 
0 0.113285 2 
0 0.123648 2 
0 0.133584 2 
0 0.142243 2 
0 0.142655 2 
0 0.142656 2 
0 0.144312 2 
0 0.153676 2 
0 0.157117 2 
0 0.159783 2 
0 0.160259 2 
0 0.160262 2 
0 0.161367 2 
0 0.161993 2 
0 0.183963 2 
0 0.193477 2 
0 0.224914 2 
0 0.22669 2 
0 0.299471 2 
0 0.322422 2 
0 0.325916 2 
0 0.333757 2 
0 0.458595 2 
0 0.477156 2 
0 0.4814 2 
0 0.503792 2 
0 0.561761 2 
0 0.574128 2 
0 0.574427 2 
0 0.577305 2 
0 0.585855 2 
0 0.601038 2 
0 0.622841 2 
0 0.652671 2 
0 0.728122 2 
0 0.801596 2 
0 0.811021 2 
0 0.812989 2 
0 0.831633 2 
0 0.850633 2 
0 0.853577 2 
0 0.868343 2 
0 0.877959 2 
0 0.894427 2 
0 1.45069 2 
0 1.46943 2 
0 1.47918 2 
0 2.18776 2 
0 2.70247 2 
0 3.07412 2 
0 3.08395 2 
0 3.35406 2 
0 3.39489 2 
0 3.40562 2 
0 3.70602 2 
0 3.90698 2 
0 3.94686 2 
0 inf 2 
0 0.0179354 3 
0 0.020574 3 
0 0.0229098 3 
0 0.026024 3 
0 0.0260256 3 
0 0.0263528 3 
0 0.0290955 3 
0 0.0290955 3 
0 0.0334294 3 
0 0.0351545 3 
0 0.0353962 3 
0 0.0381594 3 
0 0.041142 3 
0 0.0413484 3 
0 0.0421556 3 
0 0.0421628 3 
0 0.0425596 3 
0 0.0429614 3 
0 0.0435425 3 
0 0.0439371 3 
0 0.0443134 3 
0 0.0445068 3 
0 0.0445069 3 
0 0.0469065 3 
0 0.0470891 3 
0 0.0474491 3 
0 0.047632 3 
0 0.0478047 3 
0 0.050395 3 
0 0.0528515 3 
0 0.0528538 3 
0 0.0530126 3 
0 0.056116 3 
0 0.056568 3 
0 0.0567177 3 
0 0.0568657 3 
0 0.0581949 3 
0 0.058339 3 
0 0.0584813 3 
0 0.0596273 3 
0 0.0596304 3 
0 0.0629436 3 
0 0.0634759 3 
0 0.0634782 3 
0 0.0651872 3 
0 0.0657103 3 
0 0.0660942 3 
0 0.0689701 3 
0 0.0695844 3 
0 0.0699502 3 
0 0.0710295 3 
0 0.0732607 3 
0 0.0757606 3 
0 0.0793605 3 
0 0.0793605 3 
0 0.0833138 3 
0 0.0833199 3 
0 0.0921984 3 
0 0.0924663 3 
0 0.0964985 3 
0 0.106266 3 
0 0.106351 3 
0 0.11624 3 
0 0.125482 3 
0 0.126353 3 
0 0.126354 3 
0 0.133964 3 
0 0.14932 3 
0 0.161318 3 
0 0.165866 3 
0 0.165919 3 
0 0.166735 3 
0 0.193608 3 
0 0.199171 3 
0 0.218624 3 
0 0.229727 3 
0 0.251354 3 
0 0.280736 3 
0 0.308572 3 
0 0.33634 3 
0 0.399927 3 
0 0.433903 3 
0 0.456657 3 
0 0.462842 3 
0 0.46312 3 
0 0.464901 3 
0 0.468387 3 
0 0.474892 3 
0 0.51778 3 
0 0.537056 3 
0 0.559045 3 
0 0.607542 3 
0 0.646866 3 
0 0.668854 3 
0 0.675975 3 
0 0.689215 3 
0 0.704352 3 
0 0.707037 3 
0 0.724089 3 
0 0.774591 3 
0 0.778154 3 
0 0.786816 3 
0 0.796589 3 
0 0.798457 3 
0 0.799837 3 
0 0.870174 3 
0 0.919006 3 
0 1.359 3 
0 1.39043 3 
0 1.43 3 
0 1.63703 3 
0 1.63955 3 
0 1.63976 3 
0 1.9541 3 
0 2.02585 3 
0 2.66586 3 
0 2.69749 3 
0 2.75714 3 
0 3.20537 3 
0 3.21002 3 
0 3.3702 3 
0 3.43644 3 
0 3.43646 3 
0 inf 3 
0 0.0225363 4 
0 0.0236371 4 
0 0.027602 4 
0 0.0290932 4 
0 0.0305192 4 
0 0.0318747 4 
0 0.0331731 4 
0 0.0336806 4 
0 0.0403174 4 
0 0.0407354 4 
0 0.0415565 4 
0 0.0429572 4 
0 0.0437454 4 
0 0.0439362 4 
0 0.0456326 4 
0 0.0469134 4 
0 0.0472727 4 
0 0.0478069 4 
0 0.0483454 4 
0 0.0486868 4 
0 0.0490372 4 
0 0.0497229 4 
0 0.0512245 4 
0 0.052373 4 
0 0.053015 4 
0 0.0547434 4 
0 0.0548987 4 
0 0.0550508 4 
0 0.0552003 4 
0 0.0553531 4 
0 0.0570161 4 
0 0.0586216 4 
0 0.0604718 4 
0 0.0617227 4 
0 0.0645336 4 
0 0.0649285 4 
0 0.0653129 4 
0 0.065577 4 
0 0.0686064 4 
0 0.0699496 4 
0 0.0779581 4 
0 0.0783958 4 
0 0.0783958 4 
0 0.0805214 4 
0 0.0808365 4 
0 0.0819874 4 
0 0.0849288 4 
0 0.0867042 4 
0 0.0895838 4 
0 0.0925583 4 
0 0.0972847 4 
0 0.0972906 4 
0 0.100954 4 
0 0.104902 4 
0 0.122825 4 
0 0.124604 4 
0 0.12555 4 
0 0.125555 4 
0 0.126756 4 
0 0.129273 4 
0 0.132247 4 
0 0.139114 4 
0 0.186663 4 
0 0.187477 4 
0 0.295643 4 
0 0.300599 4 
0 0.312761 4 
0 0.337152 4 
0 0.382534 4 
0 0.406407 4 
0 0.408999 4 
0 0.412506 4 
0 0.424656 4 
0 0.427932 4 
0 0.431229 4 
0 0.440324 4 
0 0.479071 4 
0 0.493012 4 
0 0.516978 4 
0 0.531014 4 
0 0.566135 4 
0 0.589266 4 
0 0.590035 4 
0 0.592359 4 
0 0.633 4 
0 0.640327 4 
0 0.643014 4 
0 0.654827 4 
0 0.672339 4 
0 0.690025 4 
0 0.692825 4 
0 0.697755 4 
0 0.699494 4 
0 0.706331 4 
0 0.7123 4 
0 0.774783 4 
0 0.776604 4 
0 0.796335 4 
0 0.882731 4 
0 1.04727 4 
0 1.16362 4 
0 1.42878 4 
0 1.4809 4 
0 1.49876 4 
0 1.52311 4 
0 1.52353 4 
0 1.52362 4 
0 1.65981 4 
0 1.66146 4 
0 1.66435 4 
0 1.85481 4 
0 2.01456 4 
0 2.04443 4 
0 2.18564 4 
0 2.21028 4 
0 2.30352 4 
0 2.34205 4 
0 2.34222 4 
0 2.34376 4 
0 inf 4 
0 0.0213831 5 
0 0.0229123 5 
0 0.0229141 5 
0 0.0253643 5 
0 0.0256974 5 
0 0.0358664 5 
0 0.0374801 5 
0 0.0398891 5 
0 0.0405209 5 
0 0.0439344 5 
0 0.0454477 5 
0 0.0470883 5 
0 0.0490305 5 
0 0.0497191 5 
0 0.0497192 5 
0 0.0505598 5 
0 0.0505631 5 
0 0.0509026 5 
0 0.0510613 5 
0 0.0512285 5 
0 0.0513962 5 
0 0.0515566 5 
0 0.0528578 5 
0 0.0548964 5 
0 0.0570097 5 
0 0.0593463 5 
0 0.0600551 5 
0 0.061305 5 
0 0.0642732 5 
0 0.066851 5 
0 0.0669843 5 
0 0.0671136 5 
0 0.0786139 5 
0 0.080001 5 
0 0.0804216 5 
0 0.0812551 5 
0 0.081989 5 
0 0.0842253 5 
0 0.0846274 5 
0 0.0853256 5 
0 0.0853275 5 
0 0.0896771 5 
0 0.0902434 5 
0 0.0930065 5 
0 0.0969385 5 
0 0.0977224 5 
0 0.0990973 5 
0 0.101951 5 
0 0.103195 5 
0 0.109257 5 
0 0.113287 5 
0 0.129993 5 
0 0.133841 5 
0 0.135601 5 
0 0.19216 5 
0 0.281639 5 
0 0.291476 5 
0 0.329968 5 
0 0.357826 5 
0 0.369533 5 
0 0.383449 5 
0 0.406115 5 
0 0.424228 5 
0 0.43832 5 
0 0.441415 5 
0 0.459268 5 
0 0.485127 5 
0 0.498661 5 
0 0.503123 5 
0 0.518167 5 
0 0.518477 5 
0 0.533329 5 
0 0.537645 5 
0 0.555458 5 
0 0.562123 5 
0 0.570196 5 
0 0.584954 5 
0 0.610323 5 
0 0.611224 5 
0 0.616042 5 
0 0.634971 5 
0 0.635251 5 
0 0.659873 5 
0 0.663359 5 
0 0.663562 5 
0 0.663563 5 
0 0.7371 5 
0 0.738155 5 
0 0.753511 5 
0 0.755474 5 
0 0.75571 5 
0 0.766507 5 
0 0.773489 5 
0 0.776285 5 
0 0.9378 5 
0 1.06539 5 
0 1.09805 5 
0 1.12205 5 
0 1.22617 5 
0 1.22689 5 
0 1.2544 5 
0 1.26785 5 
0 1.2768 5 
0 1.30326 5 
0 1.33859 5 
0 1.41019 5 
0 1.96465 5 
0 1.96472 5 
0 1.96685 5 
0 1.96703 5 
0 2.0217 5 
0 2.48679 5 
0 2.48684 5 
0 2.48798 5 
0 2.48979 5 
0 inf 5 
0 0.032399 6 
0 0.0334222 6 
0 0.0341737 6 
0 0.0344311 6 
0 0.0344314 6 
0 0.0346702 6 
0 0.0351613 6 
0 0.0383745 6 
0 0.041138 6 
0 0.0415581 6 
0 0.0433505 6 
0 0.0479904 6 
0 0.0483421 6 
0 0.0500545 6 
0 0.0500545 6 
0 0.0500603 6 
0 0.0513927 6 
0 0.0518827 6 
0 0.0541164 6 
0 0.0556672 6 
0 0.059621 6 
0 0.0608961 6 
0 0.061033 6 
0 0.061033 6 
0 0.0625389 6 
0 0.0649326 6 
0 0.0704307 6 
0 0.0711489 6 
0 0.0722128 6 
0 0.0726786 6 
0 0.0757589 6 
0 0.0786115 6 
0 0.0823955 6 
0 0.0866052 6 
0 0.086903 6 
0 0.0871941 6 
0 0.0942727 6 
0 0.102704 6 
0 0.103442 6 
0 0.105949 6 
0 0.107137 6 
0 0.111097 6 
0 0.127955 6 
0 0.132055 6 
0 0.138321 6 
0 0.143132 6 
0 0.160528 6 
0 0.198317 6 
0 0.281158 6 
0 0.286788 6 
0 0.295443 6 
0 0.314135 6 
0 0.321274 6 
0 0.325566 6 
0 0.327849 6 
0 0.378337 6 
0 0.386811 6 
0 0.387161 6 
0 0.392633 6 
0 0.440459 6 
0 0.443001 6 
0 0.44726 6 
0 0.455365 6 
0 0.457868 6 
0 0.469291 6 
0 0.478507 6 
0 0.48001 6 
0 0.501112 6 
0 0.507538 6 
0 0.532191 6 
0 0.532302 6 
0 0.532477 6 
0 0.57823 6 
0 0.61193 6 
0 0.616396 6 
0 0.618248 6 
0 0.624134 6 
0 0.646668 6 
0 0.650581 6 
0 0.665121 6 
0 0.667953 6 
0 0.68702 6 
0 0.690572 6 
0 0.691356 6 
0 0.723601 6 
0 0.739237 6 
0 0.744818 6 
0 0.751324 6 
0 0.751448 6 
0 0.916344 6 
0 0.998568 6 
0 1.00422 6 
0 1.03039 6 
0 1.06722 6 
0 1.28124 6 
0 1.31442 6 
0 1.3587 6 
0 1.47009 6 
0 1.60992 6 
0 1.61016 6 
0 1.61021 6 
0 1.62665 6 
0 1.80318 6 
0 1.81297 6 
0 1.82401 6 
0 1.94769 6 
0 2.04034 6 
0 2.11473 6 
0 2.11487 6 
0 2.11717 6 
0 2.1243 6 
0 inf 6 
0 0.0250294 7 
0 0.0324001 7 
0 0.034426 7 
0 0.0381582 7 
0 0.0383804 7 
0 0.0425634 7 
0 0.0507296 7 
0 0.0539593 7 
0 0.054119 7 
0 0.0547433 7 
0 0.0559644 7 
0 0.0577514 7 
0 0.0591986 7 
0 0.0593429 7 
0 0.0621265 7 
0 0.0636147 7 
0 0.0657091 7 
0 0.0681151 7 
0 0.0700724 7 
0 0.0701917 7 
0 0.0719739 7 
0 0.0719791 7 
0 0.0756485 7 
0 0.0764228 7 
0 0.0845218 7 
0 0.0845218 7 
0 0.0847248 7 
0 0.0862109 7 
0 0.0928325 7 
0 0.0928325 7 
0 0.0957965 7 
0 0.0962313 7 
0 0.0978105 7 
0 0.0996962 7 
0 0.100033 7 
0 0.106824 7 
0 0.140749 7 
0 0.183786 7 
0 0.211015 7 
0 0.219697 7 
0 0.230497 7 
0 0.262136 7 
0 0.284986 7 
0 0.299341 7 
0 0.300329 7 
0 0.308367 7 
0 0.313973 7 
0 0.320907 7 
0 0.32821 7 
0 0.344315 7 
0 0.354918 7 
0 0.356702 7 
0 0.357272 7 
0 0.386764 7 
0 0.38685 7 
0 0.389985 7 
0 0.39898 7 
0 0.408044 7 
0 0.437836 7 
0 0.459296 7 
0 0.460971 7 
0 0.48301 7 
0 0.547173 7 
0 0.57454 7 
0 0.57454 7 
0 0.577204 7 
0 0.580319 7 
0 0.588666 7 
0 0.594034 7 
0 0.594162 7 
0 0.594311 7 
0 0.648054 7 
0 0.660858 7 
0 0.662448 7 
0 0.667247 7 
0 0.667349 7 
0 0.701594 7 
0 0.720301 7 
0 0.72063 7 
0 0.73746 7 
0 0.739553 7 
0 0.743998 7 
0 0.746498 7 
0 0.756283 7 
0 0.987022 7 
0 0.987496 7 
0 1.00565 7 
0 1.02106 7 
0 1.05451 7 
0 1.14165 7 
0 1.14797 7 
0 1.15029 7 
0 1.15895 7 
0 1.32697 7 
0 1.34298 7 
0 1.35207 7 
0 1.35988 7 
0 1.3848 7 
0 1.38672 7 
0 1.38749 7 
0 1.42505 7 
0 1.44883 7 
0 2.00432 7 
0 2.0047 7 
0 2.00474 7 
0 2.01978 7 
0 2.03175 7 
0 inf 7 
0 0.0288034 8 
0 0.0302411 8 
0 0.0351587 8 
0 0.0363411 8 
0 0.0370323 8 
0 0.0429612 8 
0 0.0463691 8 
0 0.0528509 8 
0 0.0576007 8 
0 0.0599063 8 
0 0.0599091 8 
0 0.061443 8 
0 0.0640114 8 
0 0.0712652 8 
0 0.0715085 8 
0 0.0808464 8 
0 0.0860129 8 
0 0.0880546 8 
0 0.091083 8 
0 0.0932877 8 
0 0.0932877 8 
0 0.0938347 8 
0 0.0996856 8 
0 0.0997703 8 
0 0.107608 8 
0 0.107611 8 
0 0.10871 8 
0 0.110944 8 
0 0.130447 8 
0 0.138311 8 
0 0.190167 8 
0 0.213724 8 
0 0.216245 8 
0 0.2218 8 
0 0.224538 8 
0 0.224727 8 
0 0.271107 8 
0 0.301021 8 
0 0.307349 8 
0 0.309107 8 
0 0.311181 8 
0 0.321193 8 
0 0.321614 8 
0 0.326237 8 
0 0.339261 8 
0 0.352494 8 
0 0.370202 8 
0 0.371033 8 
0 0.441936 8 
0 0.445701 8 
0 0.453327 8 
0 0.456231 8 
0 0.462437 8 
0 0.470152 8 
0 0.471091 8 
0 0.482852 8 
0 0.499777 8 
0 0.542253 8 
0 0.546188 8 
0 0.548617 8 
0 0.551891 8 
0 0.555029 8 
0 0.555244 8 
0 0.555244 8 
0 0.576793 8 
0 0.608883 8 
0 0.628027 8 
0 0.646589 8 
0 0.649303 8 
0 0.676396 8 
0 0.681185 8 
0 0.682315 8 
0 0.700023 8 
0 0.704327 8 
0 0.724766 8 
0 0.72928 8 
0 0.729384 8 
0 0.729698 8 
0 0.743828 8 
0 0.753674 8 
0 0.766603 8 
0 0.798664 8 
0 0.889526 8 
0 0.921883 8 
0 1.09666 8 
0 1.09678 8 
0 1.11084 8 
0 1.12737 8 
0 1.19884 8 
0 1.2481 8 
0 1.33144 8 
0 1.3757 8 
0 1.39022 8 
0 1.40746 8 
0 1.46148 8 
0 1.48774 8 
0 1.65404 8 
0 2.00459 8 
0 2.00462 8 
0 2.00705 8 
0 2.03288 8 
0 2.07538 8 
0 2.07882 8 
0 inf 8 
0 0.0310669 9 
0 0.0323985 9 
0 0.0346755 9 
0 0.0368043 9 
0 0.0523738 9 
0 0.0544375 9 
0 0.0636128 9 
0 0.0657072 9 
0 0.0676224 9 
0 0.0683617 9 
0 0.0692241 9 
0 0.0700657 9 
0 0.0702962 9 
0 0.0709146 9 
0 0.0886277 9 
0 0.0903312 9 
0 0.0908911 9 
0 0.091545 9 
0 0.0972024 9 
0 0.11239 9 
0 0.12855 9 
0 0.154125 9 
0 0.1635 9 
0 0.172455 9 
0 0.188423 9 
0 0.188801 9 
0 0.189277 9 
0 0.199723 9 
0 0.246716 9 
0 0.247641 9 
0 0.281157 9 
0 0.285564 9 
0 0.285772 9 
0 0.288001 9 
0 0.298483 9 
0 0.312866 9 
0 0.318657 9 
0 0.324342 9 
0 0.336754 9 
0 0.33768 9 
0 0.34179 9 
0 0.365574 9 
0 0.379134 9 
0 0.384776 9 
0 0.391699 9 
0 0.392476 9 
0 0.39436 9 
0 0.414569 9 
0 0.429735 9 
0 0.436846 9 
0 0.437466 9 
0 0.447797 9 
0 0.468748 9 
0 0.476486 9 
0 0.536101 9 
0 0.538228 9 
0 0.570701 9 
0 0.571057 9 
0 0.579168 9 
0 0.582213 9 
0 0.588977 9 
0 0.646694 9 
0 0.671652 9 
0 0.674269 9 
0 0.690017 9 
0 0.692174 9 
0 0.698747 9 
0 0.740386 9 
0 0.746671 9 
0 0.749334 9 
0 0.749563 9 
0 0.768942 9 
0 0.77476 9 
0 0.780091 9 
0 0.82934 9 
0 0.868653 9 
0 0.868653 9 
0 0.896694 9 
0 0.914978 9 
0 0.946195 9 
0 0.982902 9 
0 0.984604 9 
0 1.00854 9 
0 1.01684 9 
0 1.01712 9 
0 1.01728 9 
0 1.02797 9 
0 1.03574 9 
0 1.04626 9 
0 1.25935 9 
0 1.28301 9 
0 1.36209 9 
0 1.40687 9 
0 1.47288 9 
0 2.00455 9 
0 2.00512 9 
0 2.01288 9 
0 2.01382 9 
0 2.01382 9 
0 inf 9 
0 0.0272988 10 
0 0.0439343 10 
0 0.0452636 10 
0 0.0507331 10 
0 0.0633395 10 
0 0.065965 10 
0 0.0758676 10 
0 0.0802159 10 
0 0.0804186 10 
0 0.0817747 10 
0 0.0826018 10 
0 0.0828957 10 
0 0.0929194 10 
0 0.096227 10 
0 0.110359 10 
0 0.112443 10 
0 0.117161 10 
0 0.125956 10 
0 0.154943 10 
0 0.173239 10 
0 0.188288 10 
0 0.192867 10 
0 0.193962 10 
0 0.219869 10 
0 0.223989 10 
0 0.242563 10 
0 0.259883 10 
0 0.280524 10 
0 0.28164 10 
0 0.282449 10 
0 0.284977 10 
0 0.287107 10 
0 0.301512 10 
0 0.306855 10 
0 0.347833 10 
0 0.351811 10 
0 0.352284 10 
0 0.361393 10 
0 0.363743 10 
0 0.374282 10 
0 0.375329 10 
0 0.37587 10 
0 0.405197 10 
0 0.437605 10 
0 0.45229 10 
0 0.452626 10 
0 0.457204 10 
0 0.475864 10 
0 0.511612 10 
0 0.514708 10 
0 0.518885 10 
0 0.531203 10 
0 0.531983 10 
0 0.552511 10 
0 0.561206 10 
0 0.578844 10 
0 0.58452 10 
0 0.59507 10 
0 0.596106 10 
0 0.596106 10 
0 0.614412 10 
0 0.625711 10 
0 0.634526 10 
0 0.634593 10 
0 0.636782 10 
0 0.689431 10 
0 0.689762 10 
0 0.70864 10 
0 0.713438 10 
0 0.749068 10 
0 0.765526 10 
0 0.771105 10 
0 0.77321 10 
0 0.78673 10 
0 0.824964 10 
0 0.865803 10 
0 0.870629 10 
0 0.92442 10 
0 0.933639 10 
0 1.02985 10 
0 1.03051 10 
0 1.13784 10 
0 1.35805 10 
0 1.35827 10 
0 1.37546 10 
0 1.37546 10 
0 1.55187 10 
0 1.55487 10 
0 1.62985 10 
0 1.63065 10 
0 2.01034 10 
0 2.01051 10 
0 2.02386 10 
0 2.1187 10 
0 2.11908 10 
0 inf 10 
0 0.0276035 11 
0 0.0411486 11 
0 0.0654496 11 
0 0.0706731 11 
0 0.0782133 11 
0 0.0798748 11 
0 0.0910803 11 
0 0.0983193 11 
0 0.105947 11 
0 0.110174 11 
0 0.110716 11 
0 0.12419 11 
0 0.127018 11 
0 0.134092 11 
0 0.142718 11 
0 0.150513 11 
0 0.1557 11 
0 0.158989 11 
0 0.174601 11 
0 0.191765 11 
0 0.212023 11 
0 0.239483 11 
0 0.240611 11 
0 0.260987 11 
0 0.261116 11 
0 0.262281 11 
0 0.291419 11 
0 0.292549 11 
0 0.302312 11 
0 0.307681 11 
0 0.310175 11 
0 0.325041 11 
0 0.332147 11 
0 0.332682 11 
0 0.352249 11 
0 0.355786 11 
0 0.366717 11 
0 0.394303 11 
0 0.404572 11 
0 0.41441 11 
0 0.427851 11 
0 0.429273 11 
0 0.435698 11 
0 0.4391 11 
0 0.439403 11 
0 0.439499 11 
0 0.490906 11 
0 0.501642 11 
0 0.50176 11 
0 0.502895 11 
0 0.517058 11 
0 0.576617 11 
0 0.582381 11 
0 0.58331 11 
0 0.622419 11 
0 0.625877 11 
0 0.660706 11 
0 0.677944 11 
0 0.678144 11 
0 0.691979 11 
0 0.692064 11 
0 0.700119 11 
0 0.70316 11 
0 0.740725 11 
0 0.758242 11 
0 0.764458 11 
0 0.764459 11 
0 0.84016 11 
0 0.841419 11 
0 0.882143 11 
0 0.884893 11 
0 0.934181 11 
0 0.934326 11 
0 0.939241 11 
0 0.972048 11 
0 1.0715 11 
0 1.07674 11 
0 1.36041 11 
0 1.36084 11 
0 1.39472 11 
0 1.45223 11 
0 1.45292 11 
0 1.47793 11 
0 1.47821 11 
0 1.68005 11 
0 1.68021 11 
0 2.00407 11 
0 2.00411 11 
0 2.03216 11 
0 2.05133 11 
0 2.05146 11 
0 inf 11 
0 0.0665854 12 
0 0.0692253 12 
0 0.0856185 12 
0 0.105534 12 
0 0.109409 12 
0 0.130702 12 
0 0.132121 12 
0 0.141046 12 
0 0.147158 12 
0 0.160996 12 
0 0.169403 12 
0 0.186977 12 
0 0.196052 12 
0 0.196441 12 
0 0.219701 12 
0 0.228304 12 
0 0.242416 12 
0 0.277033 12 
0 0.286052 12 
0 0.290627 12 
0 0.291238 12 
0 0.291587 12 
0 0.292883 12 
0 0.293374 12 
0 0.311943 12 
0 0.312078 12 
0 0.327021 12 
0 0.328751 12 
0 0.332682 12 
0 0.339956 12 
0 0.341505 12 
0 0.374088 12 
0 0.375037 12 
0 0.37524 12 
0 0.379748 12 
0 0.386929 12 
0 0.387039 12 
0 0.398427 12 
0 0.430524 12 
0 0.467791 12 
0 0.469921 12 
0 0.478103 12 
0 0.478103 12 
0 0.497128 12 
0 0.49836 12 
0 0.498445 12 
0 0.50877 12 
0 0.509335 12 
0 0.509551 12 
0 0.604189 12 
0 0.604189 12 
0 0.659688 12 
0 0.670463 12 
0 0.698362 12 
0 0.709691 12 
0 0.71025 12 
0 0.753573 12 
0 0.769413 12 
0 0.786729 12 
0 0.864943 12 
0 0.865491 12 
0 0.886139 12 
0 0.886215 12 
0 0.886368 12 
0 0.917978 12 
0 0.919783 12 
0 0.951106 12 
0 0.951114 12 
0 1.07244 12 
0 1.09982 12 
0 1.09982 12 
0 1.11088 12 
0 1.19389 12 
0 1.23799 12 
0 1.27636 12 
0 1.27654 12 
0 1.33613 12 
0 1.44558 12 
0 1.44585 12 
0 1.45906 12 
0 1.45962 12 
0 1.46073 12 
0 2.00539 12 
0 2.00711 12 
0 2.03264 12 
0 2.03277 12 
0 2.03287 12 
0 inf 12 
0 0.0857074 13 
0 0.111252 13 
0 0.137888 13 
0 0.140144 13 
0 0.166933 13 
0 0.173985 13 
0 0.186747 13 
0 0.198036 13 
0 0.199171 13 
0 0.207015 13 
0 0.207074 13 
0 0.240416 13 
0 0.286674 13 
0 0.290222 13 
0 0.298662 13 
0 0.303097 13 
0 0.309847 13 
0 0.310093 13 
0 0.314564 13 
0 0.327565 13 
0 0.344113 13 
0 0.357067 13 
0 0.357186 13 
0 0.359956 13 
0 0.365391 13 
0 0.365557 13 
0 0.367608 13 
0 0.405006 13 
0 0.454082 13 
0 0.454343 13 
0 0.454473 13 
0 0.470263 13 
0 0.47218 13 
0 0.472252 13 
0 0.472825 13 
0 0.497445 13 
0 0.5145 13 
0 0.561813 13 
0 0.562311 13 
0 0.567153 13 
0 0.600365 13 
0 0.603631 13 
0 0.611601 13 
0 0.611947 13 
0 0.612223 13 
0 0.66426 13 
0 0.669613 13 
0 0.669613 13 
0 0.671116 13 
0 0.67461 13 
0 0.674688 13 
0 0.674722 13 
0 0.690342 13 
0 0.695717 13 
0 0.713021 13 
0 0.721818 13 
0 0.741809 13 
0 0.761017 13 
0 0.768432 13 
0 0.77414 13 
0 0.823013 13 
0 0.836669 13 
0 0.849306 13 
0 0.852192 13 
0 0.867777 13 
0 0.87027 13 
0 0.89604 13 
0 0.901466 13 
0 0.901578 13 
0 1.1063 13 
0 1.1067 13 
0 1.10764 13 
0 1.18251 13 
0 1.18565 13 
0 1.18571 13 
0 1.40087 13 
0 1.40263 13 
0 1.40615 13 
0 2.00438 13 
0 2.0055 13 
0 2.01448 13 
0 2.01471 13 
0 2.01473 13 
0 inf 13 
0 0.0804212 14 
0 0.0814686 14 
0 0.137079 14 
0 0.150964 14 
0 0.160628 14 
0 0.167045 14 
0 0.21591 14 
0 0.221611 14 
0 0.225334 14 
0 0.238088 14 
0 0.24293 14 
0 0.259928 14 
0 0.281054 14 
0 0.282088 14 
0 0.282856 14 
0 0.283573 14 
0 0.295023 14 
0 0.300166 14 
0 0.302077 14 
0 0.302252 14 
0 0.302329 14 
0 0.304943 14 
0 0.305859 14 
0 0.311342 14 
0 0.326369 14 
0 0.326602 14 
0 0.327513 14 
0 0.331482 14 
0 0.332911 14 
0 0.338902 14 
0 0.345782 14 
0 0.346296 14 
0 0.353913 14 
0 0.361286 14 
0 0.471807 14 
0 0.47473 14 
0 0.495488 14 
0 0.495557 14 
0 0.495711 14 
0 0.551292 14 
0 0.582473 14 
0 0.617951 14 
0 0.620847 14 
0 0.630387 14 
0 0.630963 14 
0 0.64271 14 
0 0.644226 14 
0 0.64695 14 
0 0.648 14 
0 0.694898 14 
0 0.699198 14 
0 0.700105 14 
0 0.710359 14 
0 0.721666 14 
0 0.723634 14 
0 0.72409 14 
0 0.724706 14 
0 0.741477 14 
0 0.75512 14 
0 0.770687 14 
0 0.770863 14 
0 0.781194 14 
0 0.86595 14 
0 0.871476 14 
0 0.899846 14 
0 0.900834 14 
0 0.901397 14 
0 1.03698 14 
0 1.0842 14 
0 1.08433 14 
0 1.08442 14 
0 1.39627 14 
0 1.39636 14 
0 1.39675 14 
0 2.00649 14 
0 2.00658 14 
0 2.01638 14 
0 2.01642 14 
0 2.01688 14 
0 inf 14 
0 0.0381553 15 
0 0.0722101 15 
0 0.0971983 15 
0 0.119383 15 
0 0.13025 15 
0 0.159624 15 
0 0.199983 15 
0 0.223039 15 
0 0.238152 15 
0 0.248901 15 
0 0.249255 15 
0 0.249526 15 
0 0.249831 15 
0 0.249966 15 
0 0.26811 15 
0 0.281909 15 
0 0.284027 15 
0 0.285009 15 
0 0.293755 15 
0 0.298448 15 
0 0.299861 15 
0 0.300791 15 
0 0.300876 15 
0 0.304389 15 
0 0.324258 15 
0 0.332311 15 
0 0.333521 15 
0 0.335927 15 
0 0.340654 15 
0 0.344378 15 
0 0.344845 15 
0 0.350711 15 
0 0.351795 15 
0 0.355451 15 
0 0.355666 15 
0 0.356521 15 
0 0.360606 15 
0 0.390827 15 
0 0.428861 15 
0 0.42963 15 
0 0.42963 15 
0 0.540483 15 
0 0.566291 15 
0 0.567486 15 
0 0.56844 15 
0 0.592271 15 
0 0.592272 15 
0 0.676009 15 
0 0.682159 15 
0 0.715099 15 
0 0.729414 15 
0 0.752151 15 
0 0.752151 15 
0 0.753467 15 
0 0.781481 15 
0 0.834614 15 
0 0.86596 15 
0 0.868858 15 
0 0.97194 15 
0 0.971984 15 
0 0.971984 15 
0 1.37491 15 
0 1.37603 15 
0 1.37839 15 
0 1.52699 15 
0 1.52706 15 
0 1.52748 15 
0 1.53516 15 
0 1.53524 15 
0 1.53528 15 
0 1.77634 15 
0 2.00622 15 
0 2.10716 15 
0 2.10721 15 
0 2.10726 15 
0 inf 15 
0 0.0492013 16 
0 0.0635925 16 
0 0.104825 16 
0 0.114098 16 
0 0.121298 16 
0 0.198028 16 
0 0.207507 16 
0 0.215798 16 
0 0.226378 16 
0 0.252663 16 
0 0.256353 16 
0 0.267125 16 
0 0.267474 16 
0 0.268327 16 
0 0.268327 16 
0 0.27668 16 
0 0.281806 16 
0 0.282378 16 
0 0.282527 16 
0 0.28417 16 
0 0.308861 16 
0 0.326982 16 
0 0.328699 16 
0 0.331137 16 
0 0.332846 16 
0 0.334799 16 
0 0.339202 16 
0 0.340323 16 
0 0.341516 16 
0 0.345293 16 
0 0.347077 16 
0 0.34715 16 
0 0.349362 16 
0 0.350718 16 
0 0.351898 16 
0 0.355125 16 
0 0.356759 16 
0 0.357351 16 
0 0.35876 16 
0 0.365965 16 
0 0.44414 16 
0 0.653181 16 
0 0.653389 16 
0 0.653531 16 
0 0.676051 16 
0 0.702098 16 
0 0.703062 16 
0 0.703074 16 
0 0.726668 16 
0 0.771639 16 
0 0.78794 16 
0 0.864344 16 
0 0.883316 16 
0 0.901556 16 
0 0.901753 16 
0 0.901754 16 
0 1.07254 16 
0 1.12738 16 
0 1.37986 16 
0 1.38847 16 
0 1.38898 16 
0 1.45007 16 
0 1.45012 16 
0 1.45012 16 
0 1.80795 16 
0 1.80797 16 
0 1.8081 16 
0 2.00739 16 
0 2.05324 16 
0 2.05354 16 
0 2.05357 16 
0 inf 16 
0 0.067112 17 
0 0.0734732 17 
0 0.0739327 17 
0 0.0766325 17 
0 0.209089 17 
0 0.209605 17 
0 0.22044 17 
0 0.241548 17 
0 0.281522 17 
0 0.291112 17 
0 0.291258 17 
0 0.291519 17 
0 0.292475 17 
0 0.319029 17 
0 0.329215 17 
0 0.330025 17 
0 0.331637 17 
0 0.332249 17 
0 0.336159 17 
0 0.343683 17 
0 0.344346 17 
0 0.345451 17 
0 0.353213 17 
0 0.355053 17 
0 0.355103 17 
0 0.356624 17 
0 0.357447 17 
0 0.359124 17 
0 0.359407 17 
0 0.360023 17 
0 0.36061 17 
0 0.362577 17 
0 0.365669 17 
0 0.419832 17 
0 0.421843 17 
0 0.423845 17 
0 0.671708 17 
0 0.682766 17 
0 0.687403 17 
0 0.687797 17 
0 0.715236 17 
0 0.746625 17 
0 0.862047 17 
0 0.882345 17 
0 0.882546 17 
0 0.882681 17 
0 0.882882 17 
0 0.885087 17 
0 0.886469 17 
0 0.90869 17 
0 0.912074 17 
0 1.07744 17 
0 1.08736 17 
0 1.16968 17 
0 1.17029 17 
0 1.17176 17 
0 1.31613 17 
0 1.33818 17 
0 1.33894 17 
0 1.34258 17 
0 1.50535 17 
0 1.50543 17 
0 1.50584 17 
0 2.00666 17 
0 2.01432 17 
0 2.01434 17 
0 2.01437 17 
0 inf 17 
0 0.0934551 18 
0 0.094894 18 
0 0.102031 18 
0 0.110515 18 
0 0.113241 18 
0 0.120203 18 
0 0.174575 18 
0 0.181638 18 
0 0.185559 18 
0 0.190288 18 
0 0.221009 18 
0 0.226568 18 
0 0.263729 18 
0 0.284036 18 
0 0.285908 18 
0 0.328774 18 
0 0.33179 18 
0 0.331867 18 
0 0.333038 18 
0 0.333326 18 
0 0.335225 18 
0 0.346501 18 
0 0.351088 18 
0 0.368042 18 
0 0.368524 18 
0 0.368524 18 
0 0.370016 18 
0 0.37291 18 
0 0.374024 18 
0 0.374025 18 
0 0.375831 18 
0 0.380683 18 
0 0.382879 18 
0 0.741171 18 
0 0.79901 18 
0 0.82275 18 
0 0.844515 18 
0 0.850128 18 
0 0.8503 18 
0 0.875269 18 
0 0.886072 18 
0 0.886406 18 
0 0.896382 18 
0 0.896467 18 
0 0.897043 18 
0 0.897656 18 
0 0.899986 18 
0 0.937097 18 
0 0.973387 18 
0 0.976929 18 
0 1.00161 18 
0 1.00566 18 
0 1.02534 18 
0 1.02682 18 
0 1.13033 18 
0 1.18506 18 
0 1.25802 18 
0 1.37065 18 
0 1.42649 18 
0 2.01187 18 
0 2.01189 18 
0 2.01224 18 
0 2.01231 18 
0 inf 18 
0 0.0667107 19 
0 0.0672151 19 
0 0.0678418 19 
0 0.134993 19 
0 0.13717 19 
0 0.1666 19 
0 0.17981 19 
0 0.180374 19 
0 0.185966 19 
0 0.218935 19 
0 0.222616 19 
0 0.22624 19 
0 0.331203 19 
0 0.331816 19 
0 0.335268 19 
0 0.335905 19 
0 0.337188 19 
0 0.340491 19 
0 0.349595 19 
0 0.380038 19 
0 0.382436 19 
0 0.382879 19 
0 0.385915 19 
0 0.386002 19 
0 0.386024 19 
0 0.406543 19 
0 0.409779 19 
0 0.411818 19 
0 0.439229 19 
0 0.446454 19 
0 0.450024 19 
0 0.492442 19 
0 0.497913 19 
0 0.500711 19 
0 0.585532 19 
0 0.586399 19 
0 0.587481 19 
0 0.621489 19 
0 0.63178 19 
0 0.642423 19 
0 0.793264 19 
0 0.809954 19 
0 0.809985 19 
0 0.854998 19 
0 0.855631 19 
0 0.899972 19 
0 0.90016 19 
0 0.901287 19 
0 1.02323 19 
0 1.02554 19 
0 1.37311 19 
0 1.37508 19 
0 1.44008 19 
0 1.45823 19 
0 2.01414 19 
0 2.01433 19 
0 2.01534 19 
0 2.07269 19 
0 2.70913 19 
0 inf 19 
0 0.0791334 20 
0 0.0800904 20 
0 0.0865921 20 
0 0.0891377 20 
0 0.0896112 20 
0 0.106214 20 
0 0.176243 20 
0 0.177439 20 
0 0.181869 20 
0 0.270919 20 
0 0.273222 20 
0 0.273687 20 
0 0.275106 20 
0 0.278137 20 
0 0.290895 20 
0 0.291157 20 
0 0.291535 20 
0 0.297944 20 
0 0.330771 20 
0 0.344631 20 
0 0.34562 20 
0 0.34716 20 
0 0.349727 20 
0 0.3498 20 
0 0.361752 20 
0 0.363805 20 
0 0.364549 20 
0 0.446734 20 
0 0.450039 20 
0 0.450133 20 
0 0.450508 20 
0 0.452104 20 
0 0.455292 20 
0 0.500077 20 
0 0.561701 20 
0 0.576558 20 
0 0.576573 20 
0 0.576573 20 
0 0.59998 20 
0 0.600332 20 
0 0.650595 20 
0 0.668051 20 
0 0.668712 20 
0 0.922146 20 
0 0.923201 20 
0 0.927709 20 
0 0.928411 20 
0 0.929715 20 
0 1.13408 20 
0 1.13427 20 
0 1.36247 20 
0 1.47652 20 
0 1.79586 20 
0 2.02437 20 
0 2.02443 20 
0 inf 20 
