0 0.030609 1 
0 0.0306091 1 
0 0.0332756 1 
0 0.0345315 1 
0 0.0357438 1 
0 0.0391551 1 
0 0.0391553 1 
0 0.0391553 1 
0 0.0391555 1 
0 0.0402285 1 
0 0.0412733 1 
0 0.0422922 1 
0 0.0422924 1 
0 0.0422928 1 
0 0.0432869 1 
0 0.0432896 1 
0 0.0432896 1 
0 0.0442572 1 
0 0.0442605 1 
0 0.0442607 1 
0 0.0442628 1 
0 0.0452151 1 
0 0.0461446 1 
0 0.046147 1 
0 0.0470585 1 
0 0.0470586 1 
0 0.0470588 1 
0 0.0470588 1 
0 0.0479548 1 
0 0.0479568 1 
0 0.0496997 1 
0 0.0505464 1 
0 0.0505491 1 
0 0.0513845 1 
0 0.0522091 1 
0 0.0530162 1 
0 0.0545986 1 
0 0.0546029 1 
0 0.0561375 1 
0 0.0561388 1 
0 0.0568875 1 
0 0.056891 1 
0 0.0576351 1 
0 0.0583703 1 
0 0.0605182 1 
0 0.0612183 1 
0 0.0612183 1 
0 0.0612192 1 
0 0.0625943 1 
0 0.0625943 1 
0 0.0632673 1 
0 0.0639394 1 
0 0.0639433 1 
0 0.0646021 1 
0 0.0646021 1 
0 0.0646025 1 
0 0.0652583 1 
0 0.0659084 1 
0 0.0696769 1 
0 0.0702833 1 
0 0.0738308 1 
0 0.0744061 1 
0 0.0799224 1 
0 0.0820261 1 
0 0.0850864 1 
0 0.0850874 1 
0 0.085088 1 
0 0.0865746 1 
0 0.0890015 1 
0 0.0894779 1 
0 0.0894799 1 
0 0.0908954 1 
0 0.0954681 1 
0 0.0989684 1 
0 0.108811 1 
0 0.109202 1 
0 0.114526 1 
0 0.135012 1 
0 0.135948 1 
0 0.142377 1 
0 0.1491 1 
0 0.156349 1 
0 0.159319 1 
0 0.163015 1 
0 0.164836 1 
0 0.166635 1 
0 0.169422 1 
0 0.172408 1 
0 0.175595 1 
0 0.178955 1 
0 0.183889 1 
0 0.185502 1 
0 0.187327 1 
0 0.192045 1 
0 0.194247 1 
0 0.197941 1 
0 0.201356 1 
0 0.235653 1 
0 0.285651 1 
0 0.289506 1 
0 0.29359 1 
0 0.294025 1 
0 0.355018 1 
0 0.384974 1 
0 0.398561 1 
0 0.408599 1 
0 0.409107 1 
0 0.428231 1 
0 0.470043 1 
0 0.479113 1 
0 0.487827 1 
0 0.501972 1 
0 0.523449 1 
0 0.552199 1 
0 0.569584 1 
0 0.678552 1 
0 0.715616 1 
0 0.784372 1 
0 0.882669 1 
0 0.904211 1 
0 0.931108 1 
0 1.00337 1 
0 1.48489 1 
0 2.17987 1 
0 2.31795 1 
0 2.87671 1 
0 2.91777 1 
0 4.34212 1 
0 4.74602 1 
0 4.80736 1 
0 5.09498 1 
0 inf 1 
0 0.0306092 2 
0 0.035744 2 
0 0.036916 2 
0 0.038052 2 
0 0.0391553 2 
0 0.0391555 2 
0 0.0422925 2 
0 0.042295 2 
0 0.0432878 2 
0 0.0432879 2 
0 0.0442607 2 
0 0.0461448 2 
0 0.046145 2 
0 0.0470588 2 
0 0.0488349 2 
0 0.0488351 2 
0 0.0497018 2 
0 0.0497019 2 
0 0.0505493 2 
0 0.0513871 2 
0 0.0513871 2 
0 0.0530164 2 
0 0.054599 2 
0 0.054599 2 
0 0.0546014 2 
0 0.056138 2 
0 0.0568909 2 
0 0.0568912 2 
0 0.0583686 2 
0 0.0583688 2 
0 0.0583691 2 
0 0.0590932 2 
0 0.0590936 2 
0 0.0598078 2 
0 0.0612174 2 
0 0.0619089 2 
0 0.0625936 2 
0 0.0652577 2 
0 0.0652596 2 
0 0.0652597 2 
0 0.067819 2 
0 0.0684442 2 
0 0.0684444 2 
0 0.0690635 2 
0 0.0696769 2 
0 0.0696774 2 
0 0.0708866 2 
0 0.0714875 2 
0 0.0714882 2 
0 0.0726686 2 
0 0.075544 2 
0 0.0755454 2 
0 0.0788497 2 
0 0.0799226 2 
0 0.0809839 2 
0 0.0815078 2 
0 0.0855839 2 
0 0.0890003 2 
0 0.0894755 2 
0 0.0927496 2 
0 0.0932092 2 
0 0.103595 2 
0 0.106827 2 
0 0.106833 2 
0 0.108817 2 
0 0.118907 2 
0 0.123128 2 
0 0.127217 2 
0 0.140574 2 
0 0.140877 2 
0 0.151362 2 
0 0.160381 2 
0 0.165864 2 
0 0.17093 2 
0 0.175595 2 
0 0.175829 2 
0 0.189808 2 
0 0.191376 2 
0 0.204497 2 
0 0.20637 2 
0 0.218982 2 
0 0.221493 2 
0 0.235651 2 
0 0.274551 2 
0 0.287136 2 
0 0.289056 2 
0 0.289644 2 
0 0.296476 2 
0 0.298338 2 
0 0.304242 2 
0 0.321829 2 
0 0.325778 2 
0 0.333909 2 
0 0.33404 2 
0 0.334847 2 
0 0.368153 2 
0 0.391608 2 
0 0.397456 2 
0 0.443822 2 
0 0.473979 2 
0 0.491396 2 
0 0.503499 2 
0 0.544936 2 
0 0.568382 2 
0 0.629153 2 
0 0.641833 2 
0 0.662913 2 
0 0.666589 2 
0 0.667006 2 
0 0.697369 2 
0 0.71289 2 
0 0.712892 2 
0 0.748726 2 
0 1.01724 2 
0 1.32728 2 
0 1.61585 2 
0 1.92 2 
0 2.06708 2 
0 2.16056 2 
0 3.35707 2 
0 3.44286 2 
0 3.80426 2 
0 3.84183 2 
0 3.85638 2 
0 3.86344 2 
0 3.93041 2 
0 4.01397 2 
0 inf 2 
0 0.0244178 3 
0 0.0291843 3 
0 0.0291843 3 
0 0.0291844 3 
0 0.0332749 3 
0 0.0332756 3 
0 0.0332756 3 
0 0.0332756 3 
0 0.0357436 3 
0 0.0369161 3 
0 0.0380518 3 
0 0.0391549 3 
0 0.039155 3 
0 0.0391551 3 
0 0.0391552 3 
0 0.0391556 3 
0 0.0432877 3 
0 0.043288 3 
0 0.0442632 3 
0 0.0470586 3 
0 0.0496998 3 
0 0.0505491 3 
0 0.0505492 3 
0 0.0513849 3 
0 0.0522085 3 
0 0.0530172 3 
0 0.0538095 3 
0 0.0553738 3 
0 0.058369 3 
0 0.0598098 3 
0 0.0598109 3 
0 0.0598128 3 
0 0.0605178 3 
0 0.0646035 3 
0 0.0652597 3 
0 0.0671925 3 
0 0.0678183 3 
0 0.0678205 3 
0 0.0702858 3 
0 0.0702877 3 
0 0.0714878 3 
0 0.076659 3 
0 0.0788534 3 
0 0.0788538 3 
0 0.07939 3 
0 0.0809828 3 
0 0.0815072 3 
0 0.0860817 3 
0 0.0865731 3 
0 0.0870642 3 
0 0.0890005 3 
0 0.0904246 3 
0 0.106835 3 
0 0.107623 3 
0 0.108415 3 
0 0.138437 3 
0 0.146788 3 
0 0.147372 3 
0 0.14909 3 
0 0.161974 3 
0 0.185273 3 
0 0.189589 3 
0 0.201564 3 
0 0.213064 3 
0 0.216436 3 
0 0.221877 3 
0 0.230316 3 
0 0.249014 3 
0 0.259899 3 
0 0.26266 3 
0 0.262667 3 
0 0.274196 3 
0 0.27518 3 
0 0.275904 3 
0 0.27795 3 
0 0.279929 3 
0 0.282962 3 
0 0.283113 3 
0 0.303997 3 
0 0.304696 3 
0 0.305861 3 
0 0.319165 3 
0 0.319699 3 
0 0.319832 3 
0 0.353364 3 
0 0.369612 3 
0 0.389387 3 
0 0.400402 3 
0 0.474106 3 
0 0.478793 3 
0 0.479773 3 
0 0.507376 3 
0 0.513116 3 
0 0.543663 3 
0 0.545541 3 
0 0.573603 3 
0 0.599295 3 
0 0.609526 3 
0 0.610644 3 
0 0.629119 3 
0 0.64384 3 
0 0.658943 3 
0 0.671237 3 
0 0.68146 3 
0 0.702237 3 
0 1.02524 3 
0 1.17753 3 
0 1.28581 3 
0 1.404 3 
0 1.60456 3 
0 1.73122 3 
0 1.7323 3 
0 1.73643 3 
0 1.84571 3 
0 1.89248 3 
0 2.42406 3 
0 3.04119 3 
0 3.05618 3 
0 3.05926 3 
0 3.06677 3 
0 3.75281 3 
0 3.79102 3 
0 3.79681 3 
0 inf 3 
0 0.036916 4 
0 0.0380521 4 
0 0.0412733 4 
0 0.0412742 4 
0 0.0422926 4 
0 0.0432878 4 
0 0.0479575 4 
0 0.053016 4 
0 0.0530165 4 
0 0.0530166 4 
0 0.0538106 4 
0 0.0538139 4 
0 0.0538139 4 
0 0.0561378 4 
0 0.0568914 4 
0 0.0583701 4 
0 0.05981 4 
0 0.0598108 4 
0 0.0619089 4 
0 0.0619091 4 
0 0.0625913 4 
0 0.0625934 4 
0 0.0646002 4 
0 0.0646027 4 
0 0.0646029 4 
0 0.0652622 4 
0 0.0678185 4 
0 0.0678188 4 
0 0.067819 4 
0 0.0690627 4 
0 0.0690635 4 
0 0.0702859 4 
0 0.0720797 4 
0 0.073832 4 
0 0.0744062 4 
0 0.0766613 4 
0 0.0766616 4 
0 0.07831 4 
0 0.0788522 4 
0 0.0788526 4 
0 0.0830605 4 
0 0.083574 4 
0 0.0855836 4 
0 0.089478 4 
0 0.0899542 4 
0 0.0941161 4 
0 0.0945719 4 
0 0.0963531 4 
0 0.0963543 4 
0 0.0981041 4 
0 0.108019 4 
0 0.114153 4 
0 0.158519 4 
0 0.161709 4 
0 0.161967 4 
0 0.164578 4 
0 0.180384 4 
0 0.189807 4 
0 0.196646 4 
0 0.210049 4 
0 0.210049 4 
0 0.265229 4 
0 0.266995 4 
0 0.268903 4 
0 0.271431 4 
0 0.283408 4 
0 0.300886 4 
0 0.304421 4 
0 0.305223 4 
0 0.305387 4 
0 0.307258 4 
0 0.307476 4 
0 0.314952 4 
0 0.330317 4 
0 0.381492 4 
0 0.407625 4 
0 0.418255 4 
0 0.449177 4 
0 0.479149 4 
0 0.480421 4 
0 0.482191 4 
0 0.486169 4 
0 0.489315 4 
0 0.498423 4 
0 0.527727 4 
0 0.553276 4 
0 0.55734 4 
0 0.562746 4 
0 0.563879 4 
0 0.566367 4 
0 0.570032 4 
0 0.586941 4 
0 0.609599 4 
0 0.616646 4 
0 0.638097 4 
0 0.638697 4 
0 0.711216 4 
0 0.820752 4 
0 0.897488 4 
0 1.03045 4 
0 1.05782 4 
0 1.0606 4 
0 1.06172 4 
0 1.18402 4 
0 1.58126 4 
0 1.60119 4 
0 1.64873 4 
0 1.7951 4 
0 2.03334 4 
0 2.03342 4 
0 2.03365 4 
0 2.04776 4 
0 2.61137 4 
0 2.69093 4 
0 2.87521 4 
0 2.87551 4 
0 3.48661 4 
0 3.49195 4 
0 3.49195 4 
0 inf 4 
0 0.0345315 5 
0 0.0461418 5 
0 0.0488349 5 
0 0.0496994 5 
0 0.0497001 5 
0 0.0505487 5 
0 0.0505487 5 
0 0.0530165 5 
0 0.0545991 5 
0 0.0546025 5 
0 0.0561371 5 
0 0.056892 5 
0 0.0576344 5 
0 0.0576347 5 
0 0.0583693 5 
0 0.0598114 5 
0 0.0598116 5 
0 0.0619099 5 
0 0.0646028 5 
0 0.0652571 5 
0 0.0652582 5 
0 0.0652596 5 
0 0.0652614 5 
0 0.0659091 5 
0 0.0696777 5 
0 0.0714873 5 
0 0.0732537 5 
0 0.0744076 5 
0 0.0772149 5 
0 0.0772154 5 
0 0.0799223 5 
0 0.0799255 5 
0 0.0845841 5 
0 0.0855863 5 
0 0.0870673 5 
0 0.0875529 5 
0 0.0976716 5 
0 0.105224 5 
0 0.106432 5 
0 0.106831 5 
0 0.106832 5 
0 0.109588 5 
0 0.130842 5 
0 0.138434 5 
0 0.138435 5 
0 0.15824 5 
0 0.160119 5 
0 0.167145 5 
0 0.169421 5 
0 0.182957 5 
0 0.184124 5 
0 0.184809 5 
0 0.189362 5 
0 0.206785 5 
0 0.214864 5 
0 0.21781 5 
0 0.247466 5 
0 0.268275 5 
0 0.273935 5 
0 0.283404 5 
0 0.305106 5 
0 0.306497 5 
0 0.328558 5 
0 0.334662 5 
0 0.339206 5 
0 0.38302 5 
0 0.417595 5 
0 0.418715 5 
0 0.422806 5 
0 0.422806 5 
0 0.427614 5 
0 0.430295 5 
0 0.481416 5 
0 0.486645 5 
0 0.49958 5 
0 0.521966 5 
0 0.535122 5 
0 0.536155 5 
0 0.538929 5 
0 0.543934 5 
0 0.550916 5 
0 0.560589 5 
0 0.563998 5 
0 0.564961 5 
0 0.568735 5 
0 0.577486 5 
0 0.57756 5 
0 0.673609 5 
0 0.71764 5 
0 0.796421 5 
0 0.968948 5 
0 0.976435 5 
0 0.979049 5 
0 0.984298 5 
0 1.05703 5 
0 1.09155 5 
0 1.18219 5 
0 1.20613 5 
0 1.21387 5 
0 1.21615 5 
0 1.22282 5 
0 1.60274 5 
0 1.65785 5 
0 1.69856 5 
0 1.80883 5 
0 2.00594 5 
0 2.04979 5 
0 2.07266 5 
0 2.0739 5 
0 2.07416 5 
0 2.07749 5 
0 2.12456 5 
0 2.12866 5 
0 2.13924 5 
0 2.2119 5 
0 inf 5 
0 0.027687 6 
0 0.0276885 6 
0 0.0345326 6 
0 0.0422925 6 
0 0.0442605 6 
0 0.0470587 6 
0 0.0470587 6 
0 0.0488353 6 
0 0.0513845 6 
0 0.0530169 6 
0 0.0576349 6 
0 0.0576349 6 
0 0.0576383 6 
0 0.0619126 6 
0 0.0646028 6 
0 0.0652583 6 
0 0.0652586 6 
0 0.0652595 6 
0 0.0665537 6 
0 0.0684441 6 
0 0.0749735 6 
0 0.0815076 6 
0 0.08306 6 
0 0.0830609 6 
0 0.0840766 6 
0 0.087067 6 
0 0.0875539 6 
0 0.0875685 6 
0 0.0950199 6 
0 0.09767 6 
0 0.0993978 6 
0 0.10482 6 
0 0.106829 6 
0 0.106831 6 
0 0.114155 6 
0 0.12033 6 
0 0.120686 6 
0 0.122782 6 
0 0.126879 6 
0 0.131169 6 
0 0.143274 6 
0 0.153595 6 
0 0.156893 6 
0 0.16638 6 
0 0.192481 6 
0 0.205542 6 
0 0.2164 6 
0 0.217969 6 
0 0.224357 6 
0 0.227901 6 
0 0.230905 6 
0 0.249149 6 
0 0.27096 6 
0 0.27795 6 
0 0.303745 6 
0 0.323659 6 
0 0.329671 6 
0 0.350604 6 
0 0.355431 6 
0 0.359719 6 
0 0.420022 6 
0 0.421236 6 
0 0.421236 6 
0 0.463592 6 
0 0.47982 6 
0 0.485067 6 
0 0.507374 6 
0 0.508465 6 
0 0.508465 6 
0 0.519486 6 
0 0.535975 6 
0 0.543723 6 
0 0.556036 6 
0 0.557337 6 
0 0.558482 6 
0 0.594726 6 
0 0.619006 6 
0 0.619006 6 
0 0.620037 6 
0 0.641474 6 
0 0.735872 6 
0 0.777588 6 
0 0.782991 6 
0 0.803594 6 
0 0.810625 6 
0 0.813713 6 
0 0.815601 6 
0 0.98291 6 
0 0.992439 6 
0 0.992653 6 
0 1.00654 6 
0 1.01836 6 
0 1.03138 6 
0 1.03347 6 
0 1.08924 6 
0 1.09844 6 
0 1.18348 6 
0 1.34321 6 
0 1.48284 6 
0 1.50397 6 
0 1.5121 6 
0 1.5131 6 
0 1.55643 6 
0 1.55782 6 
0 1.55889 6 
0 1.56435 6 
0 1.81867 6 
0 1.81987 6 
0 1.8205 6 
0 1.82253 6 
0 1.82253 6 
0 inf 6 
0 0.0306109 7 
0 0.0357438 7 
0 0.0391555 7 
0 0.0545992 7 
0 0.0546032 7 
0 0.0568913 7 
0 0.057637 7 
0 0.0598111 7 
0 0.0598116 7 
0 0.0652625 7 
0 0.0684457 7 
0 0.0696774 7 
0 0.0702851 7 
0 0.0714857 7 
0 0.0720823 7 
0 0.0744061 7 
0 0.0772173 7 
0 0.0793903 7 
0 0.0845843 7 
0 0.0845847 7 
0 0.0855859 7 
0 0.0875507 7 
0 0.0889978 7 
0 0.101098 7 
0 0.11417 7 
0 0.117095 7 
0 0.117103 7 
0 0.125528 7 
0 0.13812 7 
0 0.140897 7 
0 0.146214 7 
0 0.15193 7 
0 0.15332 7 
0 0.155531 7 
0 0.160385 7 
0 0.160648 7 
0 0.16432 7 
0 0.171177 7 
0 0.178961 7 
0 0.179431 7 
0 0.198579 7 
0 0.201182 7 
0 0.201782 7 
0 0.20596 7 
0 0.206407 7 
0 0.222844 7 
0 0.238745 7 
0 0.262984 7 
0 0.276096 7 
0 0.299151 7 
0 0.366836 7 
0 0.372024 7 
0 0.374317 7 
0 0.37714 7 
0 0.405516 7 
0 0.407715 7 
0 0.407716 7 
0 0.423624 7 
0 0.476564 7 
0 0.477329 7 
0 0.505318 7 
0 0.521966 7 
0 0.534161 7 
0 0.534878 7 
0 0.540501 7 
0 0.541796 7 
0 0.541796 7 
0 0.546102 7 
0 0.584792 7 
0 0.584792 7 
0 0.591958 7 
0 0.647001 7 
0 0.663641 7 
0 0.7151 7 
0 0.774019 7 
0 0.795457 7 
0 0.797915 7 
0 0.800526 7 
0 0.802514 7 
0 0.819188 7 
0 0.836324 7 
0 0.857194 7 
0 0.895109 7 
0 0.904526 7 
0 0.959403 7 
0 0.96047 7 
0 0.963169 7 
0 0.965818 7 
0 0.972105 7 
0 0.992744 7 
0 1.03558 7 
0 1.05001 7 
0 1.06166 7 
0 1.08837 7 
0 1.0929 7 
0 1.09984 7 
0 1.11145 7 
0 1.1703 7 
0 1.21879 7 
0 1.23637 7 
0 1.2584 7 
0 1.63025 7 
0 1.79738 7 
0 1.80355 7 
0 1.80419 7 
0 1.81509 7 
0 1.8182 7 
0 inf 7 
0 0.0442622 8 
0 0.0488352 8 
0 0.0522091 8 
0 0.0530186 8 
0 0.0561374 8 
0 0.058371 8 
0 0.0590939 8 
0 0.059812 8 
0 0.0619101 8 
0 0.0619104 8 
0 0.062595 8 
0 0.0659082 8 
0 0.0696777 8 
0 0.0850866 8 
0 0.0880364 8 
0 0.0894758 8 
0 0.0894791 8 
0 0.109584 8 
0 0.109589 8 
0 0.120689 8 
0 0.13214 8 
0 0.1372 8 
0 0.137829 8 
0 0.142074 8 
0 0.144751 8 
0 0.147726 8 
0 0.150523 8 
0 0.156894 8 
0 0.159911 8 
0 0.160177 8 
0 0.168918 8 
0 0.178479 8 
0 0.18365 8 
0 0.187784 8 
0 0.189809 8 
0 0.190705 8 
0 0.195127 8 
0 0.2022 8 
0 0.203455 8 
0 0.230358 8 
0 0.252071 8 
0 0.258198 8 
0 0.268909 8 
0 0.312685 8 
0 0.314314 8 
0 0.32287 8 
0 0.330563 8 
0 0.33249 8 
0 0.372705 8 
0 0.375552 8 
0 0.421706 8 
0 0.422215 8 
0 0.47572 8 
0 0.482514 8 
0 0.510433 8 
0 0.521149 8 
0 0.537342 8 
0 0.537658 8 
0 0.538529 8 
0 0.550642 8 
0 0.5518 8 
0 0.558982 8 
0 0.559895 8 
0 0.56326 8 
0 0.571936 8 
0 0.610172 8 
0 0.670026 8 
0 0.680246 8 
0 0.711637 8 
0 0.731413 8 
0 0.744165 8 
0 0.747643 8 
0 0.747818 8 
0 0.751907 8 
0 0.762763 8 
0 0.782827 8 
0 0.783644 8 
0 0.785435 8 
0 0.789694 8 
0 0.792286 8 
0 0.804229 8 
0 0.902877 8 
0 0.946685 8 
0 0.954359 8 
0 0.963392 8 
0 0.969341 8 
0 0.980523 8 
0 1.0276 8 
0 1.02898 8 
0 1.05928 8 
0 1.091 8 
0 1.10428 8 
0 1.17923 8 
0 1.19233 8 
0 1.20689 8 
0 1.44675 8 
0 1.48081 8 
0 1.79396 8 
0 1.79859 8 
0 1.80041 8 
0 1.80909 8 
0 1.8693 8 
0 2.08844 8 
0 inf 8 
0 0.0391544 9 
0 0.0598146 9 
0 0.0652587 9 
0 0.0690631 9 
0 0.0696771 9 
0 0.0720804 9 
0 0.075542 9 
0 0.0799239 9 
0 0.0799248 9 
0 0.0809838 9 
0 0.0809856 9 
0 0.0855845 9 
0 0.0963536 9 
0 0.0981042 9 
0 0.110748 9 
0 0.119974 9 
0 0.124175 9 
0 0.128559 9 
0 0.128559 9 
0 0.144757 9 
0 0.147088 9 
0 0.14938 9 
0 0.159585 9 
0 0.160404 9 
0 0.161441 9 
0 0.163539 9 
0 0.174622 9 
0 0.176553 9 
0 0.179194 9 
0 0.182471 9 
0 0.185939 9 
0 0.21524 9 
0 0.255796 9 
0 0.259387 9 
0 0.261349 9 
0 0.261999 9 
0 0.268454 9 
0 0.270333 9 
0 0.272996 9 
0 0.296767 9 
0 0.314057 9 
0 0.332493 9 
0 0.356083 9 
0 0.356229 9 
0 0.358136 9 
0 0.373052 9 
0 0.378494 9 
0 0.396948 9 
0 0.441251 9 
0 0.476654 9 
0 0.477685 9 
0 0.517995 9 
0 0.517995 9 
0 0.5268 9 
0 0.545635 9 
0 0.54657 9 
0 0.551019 9 
0 0.554485 9 
0 0.576306 9 
0 0.671495 9 
0 0.688332 9 
0 0.695777 9 
0 0.697183 9 
0 0.706353 9 
0 0.710378 9 
0 0.714264 9 
0 0.714743 9 
0 0.732876 9 
0 0.760349 9 
0 0.761859 9 
0 0.762316 9 
0 0.783747 9 
0 0.794327 9 
0 0.798338 9 
0 0.810137 9 
0 0.81157 9 
0 0.816906 9 
0 0.817062 9 
0 0.824892 9 
0 0.84714 9 
0 0.973506 9 
0 0.978006 9 
0 0.982302 9 
0 0.982606 9 
0 1.03711 9 
0 1.03784 9 
0 1.03828 9 
0 1.04285 9 
0 1.04367 9 
0 1.05503 9 
0 1.05525 9 
0 1.10122 9 
0 1.11957 9 
0 1.15179 9 
0 1.7929 9 
0 1.79517 9 
0 1.80372 9 
0 1.80667 9 
0 1.81063 9 
0 inf 9 
0 0.0625938 10 
0 0.0744071 10 
0 0.0749734 10 
0 0.0755534 10 
0 0.0850856 10 
0 0.0850867 10 
0 0.0875541 10 
0 0.0913687 10 
0 0.0932098 10 
0 0.101517 10 
0 0.101951 10 
0 0.105258 10 
0 0.115639 10 
0 0.126202 10 
0 0.131491 10 
0 0.133738 10 
0 0.135951 10 
0 0.15586 10 
0 0.163522 10 
0 0.177285 10 
0 0.189793 10 
0 0.192934 10 
0 0.195106 10 
0 0.195823 10 
0 0.197515 10 
0 0.201351 10 
0 0.205121 10 
0 0.237095 10 
0 0.261963 10 
0 0.262498 10 
0 0.264912 10 
0 0.265871 10 
0 0.269057 10 
0 0.277487 10 
0 0.287423 10 
0 0.288755 10 
0 0.291549 10 
0 0.292717 10 
0 0.297482 10 
0 0.310503 10 
0 0.311192 10 
0 0.374925 10 
0 0.377754 10 
0 0.386398 10 
0 0.399296 10 
0 0.475491 10 
0 0.480442 10 
0 0.502404 10 
0 0.503759 10 
0 0.519519 10 
0 0.523194 10 
0 0.5332 10 
0 0.544252 10 
0 0.55358 10 
0 0.566212 10 
0 0.597034 10 
0 0.625666 10 
0 0.644116 10 
0 0.654889 10 
0 0.685357 10 
0 0.686288 10 
0 0.700145 10 
0 0.701118 10 
0 0.712638 10 
0 0.789924 10 
0 0.797061 10 
0 0.798183 10 
0 0.798504 10 
0 0.811884 10 
0 0.849043 10 
0 0.852198 10 
0 0.892584 10 
0 0.901556 10 
0 0.910924 10 
0 0.926853 10 
0 0.938405 10 
0 0.992612 10 
0 1.03896 10 
0 1.03914 10 
0 1.04401 10 
0 1.04853 10 
0 1.04902 10 
0 1.0507 10 
0 1.05097 10 
0 1.05776 10 
0 1.05788 10 
0 1.07023 10 
0 1.10866 10 
0 1.26675 10 
0 1.26679 10 
0 1.80728 10 
0 1.80876 10 
0 1.81405 10 
0 1.87018 10 
0 1.87091 10 
0 inf 10 
0 0.0206358 11 
0 0.0794001 11 
0 0.0804537 11 
0 0.0977037 11 
0 0.100253 11 
0 0.101129 11 
0 0.1164 11 
0 0.116737 11 
0 0.124173 11 
0 0.127226 11 
0 0.133724 11 
0 0.14824 11 
0 0.161444 11 
0 0.168676 11 
0 0.171917 11 
0 0.184815 11 
0 0.201776 11 
0 0.214047 11 
0 0.215831 11 
0 0.233916 11 
0 0.248617 11 
0 0.249351 11 
0 0.26475 11 
0 0.264751 11 
0 0.270488 11 
0 0.272675 11 
0 0.277793 11 
0 0.28301 11 
0 0.28857 11 
0 0.293728 11 
0 0.29503 11 
0 0.301181 11 
0 0.304128 11 
0 0.320493 11 
0 0.335049 11 
0 0.33607 11 
0 0.336923 11 
0 0.337966 11 
0 0.355912 11 
0 0.359248 11 
0 0.369237 11 
0 0.435429 11 
0 0.475631 11 
0 0.479729 11 
0 0.499257 11 
0 0.504687 11 
0 0.50684 11 
0 0.510106 11 
0 0.522456 11 
0 0.560906 11 
0 0.561816 11 
0 0.590722 11 
0 0.591874 11 
0 0.614739 11 
0 0.626338 11 
0 0.626542 11 
0 0.652835 11 
0 0.660422 11 
0 0.717656 11 
0 0.717656 11 
0 0.723148 11 
0 0.723619 11 
0 0.761865 11 
0 0.788249 11 
0 0.792291 11 
0 0.797861 11 
0 0.805895 11 
0 0.828325 11 
0 0.885717 11 
0 0.887954 11 
0 0.917314 11 
0 0.917314 11 
0 0.943324 11 
0 0.971754 11 
0 0.971973 11 
0 1.02116 11 
0 1.02745 11 
0 1.0362 11 
0 1.03948 11 
0 1.07552 11 
0 1.19627 11 
0 1.19723 11 
0 1.36815 11 
0 1.38286 11 
0 1.80022 11 
0 1.80173 11 
0 1.81104 11 
0 1.82033 11 
0 1.82264 11 
0 1.89556 11 
0 1.89556 11 
0 inf 11 
0 0.0391751 12 
0 0.0590938 12 
0 0.0890173 12 
0 0.0890174 12 
0 0.116355 12 
0 0.124532 12 
0 0.125878 12 
0 0.130855 12 
0 0.132139 12 
0 0.135035 12 
0 0.187308 12 
0 0.19291 12 
0 0.20262 12 
0 0.202621 12 
0 0.207892 12 
0 0.21166 12 
0 0.215802 12 
0 0.227334 12 
0 0.252189 12 
0 0.267115 12 
0 0.269128 12 
0 0.270343 12 
0 0.277336 12 
0 0.283706 12 
0 0.286847 12 
0 0.288756 12 
0 0.292273 12 
0 0.303015 12 
0 0.317427 12 
0 0.327335 12 
0 0.343586 12 
0 0.34704 12 
0 0.37849 12 
0 0.379501 12 
0 0.379501 12 
0 0.420806 12 
0 0.423822 12 
0 0.426425 12 
0 0.444338 12 
0 0.492434 12 
0 0.494247 12 
0 0.497722 12 
0 0.56393 12 
0 0.614622 12 
0 0.614622 12 
0 0.620043 12 
0 0.62251 12 
0 0.632762 12 
0 0.63819 12 
0 0.654276 12 
0 0.670047 12 
0 0.675787 12 
0 0.687472 12 
0 0.702297 12 
0 0.702843 12 
0 0.72673 12 
0 0.727492 12 
0 0.741409 12 
0 0.781249 12 
0 0.788411 12 
0 0.797689 12 
0 0.802533 12 
0 0.803299 12 
0 0.803805 12 
0 0.927954 12 
0 0.945956 12 
0 0.955311 12 
0 0.956559 12 
0 1.00197 12 
0 1.03423 12 
0 1.03624 12 
0 1.0565 12 
0 1.05662 12 
0 1.06545 12 
0 1.06793 12 
0 1.10678 12 
0 1.138 12 
0 1.1494 12 
0 1.15605 12 
0 1.17821 12 
0 1.17923 12 
0 1.18052 12 
0 1.80017 12 
0 1.80095 12 
0 1.81408 12 
0 1.81867 12 
0 1.8193 12 
0 inf 12 
0 0.0875757 13 
0 0.135033 13 
0 0.174915 13 
0 0.18249 13 
0 0.18342 13 
0 0.184098 13 
0 0.194885 13 
0 0.206526 13 
0 0.220531 13 
0 0.220532 13 
0 0.226209 13 
0 0.241552 13 
0 0.268423 13 
0 0.272049 13 
0 0.272205 13 
0 0.27415 13 
0 0.277491 13 
0 0.279004 13 
0 0.279004 13 
0 0.281152 13 
0 0.29734 13 
0 0.298623 13 
0 0.300385 13 
0 0.318498 13 
0 0.327465 13 
0 0.347519 13 
0 0.354082 13 
0 0.394152 13 
0 0.408791 13 
0 0.409728 13 
0 0.448215 13 
0 0.481328 13 
0 0.486507 13 
0 0.491571 13 
0 0.492956 13 
0 0.531906 13 
0 0.533106 13 
0 0.538571 13 
0 0.538808 13 
0 0.546312 13 
0 0.55264 13 
0 0.565743 13 
0 0.566946 13 
0 0.593599 13 
0 0.598101 13 
0 0.603699 13 
0 0.605498 13 
0 0.615435 13 
0 0.670597 13 
0 0.674397 13 
0 0.675535 13 
0 0.679305 13 
0 0.679558 13 
0 0.681311 13 
0 0.685297 13 
0 0.696147 13 
0 0.697372 13 
0 0.705082 13 
0 0.768221 13 
0 0.770214 13 
0 0.810515 13 
0 0.810515 13 
0 0.812876 13 
0 0.813358 13 
0 0.901137 13 
0 0.946038 13 
0 0.948062 13 
0 1.03609 13 
0 1.03724 13 
0 1.03872 13 
0 1.04422 13 
0 1.04459 13 
0 1.10236 13 
0 1.10667 13 
0 1.10729 13 
0 1.17185 13 
0 1.17895 13 
0 1.18173 13 
0 1.79356 13 
0 1.79406 13 
0 1.81142 13 
0 1.8122 13 
0 1.81255 13 
0 inf 13 
0 0.10764 14 
0 0.146237 14 
0 0.147369 14 
0 0.182004 14 
0 0.184348 14 
0 0.189135 14 
0 0.18981 14 
0 0.192254 14 
0 0.194468 14 
0 0.198373 14 
0 0.207811 14 
0 0.213069 14 
0 0.21976 14 
0 0.221497 14 
0 0.228693 14 
0 0.242074 14 
0 0.24574 14 
0 0.251356 14 
0 0.25489 14 
0 0.261198 14 
0 0.270962 14 
0 0.271578 14 
0 0.278239 14 
0 0.290813 14 
0 0.292338 14 
0 0.295381 14 
0 0.308023 14 
0 0.313369 14 
0 0.327982 14 
0 0.329543 14 
0 0.330059 14 
0 0.331989 14 
0 0.350213 14 
0 0.356216 14 
0 0.364512 14 
0 0.369277 14 
0 0.370761 14 
0 0.37804 14 
0 0.419771 14 
0 0.424614 14 
0 0.503129 14 
0 0.515174 14 
0 0.518059 14 
0 0.53321 14 
0 0.583822 14 
0 0.605812 14 
0 0.605813 14 
0 0.665261 14 
0 0.670982 14 
0 0.677053 14 
0 0.689137 14 
0 0.691297 14 
0 0.695851 14 
0 0.700791 14 
0 0.756911 14 
0 0.762293 14 
0 0.766305 14 
0 0.773577 14 
0 0.778406 14 
0 0.780156 14 
0 0.784293 14 
0 0.811407 14 
0 0.818513 14 
0 0.818721 14 
0 0.850443 14 
0 0.858964 14 
0 0.86134 14 
0 0.957448 14 
0 1.03184 14 
0 1.0358 14 
0 1.0358 14 
0 1.06384 14 
0 1.06428 14 
0 1.06432 14 
0 1.16524 14 
0 1.79354 14 
0 1.79461 14 
0 1.79487 14 
0 1.79553 14 
0 inf 14 
0 0.0432844 15 
0 0.0972513 15 
0 0.13564 15 
0 0.145926 15 
0 0.150803 15 
0 0.151109 15 
0 0.152768 15 
0 0.157166 15 
0 0.170676 15 
0 0.173643 15 
0 0.176802 15 
0 0.19792 15 
0 0.218205 15 
0 0.242387 15 
0 0.244352 15 
0 0.245182 15 
0 0.245182 15 
0 0.245742 15 
0 0.247258 15 
0 0.251225 15 
0 0.251566 15 
0 0.253083 15 
0 0.258411 15 
0 0.258411 15 
0 0.266833 15 
0 0.272993 15 
0 0.275384 15 
0 0.276256 15 
0 0.277848 15 
0 0.28846 15 
0 0.305531 15 
0 0.314244 15 
0 0.315678 15 
0 0.316942 15 
0 0.38452 15 
0 0.390678 15 
0 0.424827 15 
0 0.463932 15 
0 0.468038 15 
0 0.471574 15 
0 0.472936 15 
0 0.473465 15 
0 0.612731 15 
0 0.63122 15 
0 0.634989 15 
0 0.644846 15 
0 0.662807 15 
0 0.668125 15 
0 0.675914 15 
0 0.680504 15 
0 0.681993 15 
0 0.772149 15 
0 0.774298 15 
0 0.775889 15 
0 0.777372 15 
0 0.823077 15 
0 0.826175 15 
0 0.827823 15 
0 0.962714 15 
0 0.966744 15 
0 1.00577 15 
0 1.00683 15 
0 1.01979 15 
0 1.03553 15 
0 1.03599 15 
0 1.0432 15 
0 1.06789 15 
0 1.07255 15 
0 1.25544 15 
0 1.25812 15 
0 1.25829 15 
0 1.79176 15 
0 1.86471 15 
0 1.86484 15 
0 1.86491 15 
0 inf 15 
0 0.0865902 16 
0 0.100261 16 
0 0.103183 16 
0 0.120711 16 
0 0.190912 16 
0 0.192024 16 
0 0.192909 16 
0 0.19554 16 
0 0.219353 16 
0 0.222069 16 
0 0.237991 16 
0 0.243614 16 
0 0.249145 16 
0 0.252745 16 
0 0.25489 16 
0 0.256093 16 
0 0.256721 16 
0 0.262487 16 
0 0.266353 16 
0 0.268547 16 
0 0.27112 16 
0 0.279626 16 
0 0.282655 16 
0 0.282655 16 
0 0.289786 16 
0 0.290227 16 
0 0.305029 16 
0 0.309829 16 
0 0.311522 16 
0 0.313837 16 
0 0.315541 16 
0 0.316271 16 
0 0.324593 16 
0 0.382855 16 
0 0.411175 16 
0 0.411175 16 
0 0.526134 16 
0 0.547707 16 
0 0.579451 16 
0 0.594388 16 
0 0.598885 16 
0 0.599098 16 
0 0.599311 16 
0 0.635515 16 
0 0.699812 16 
0 0.701205 16 
0 0.703751 16 
0 0.703751 16 
0 0.70671 16 
0 0.773859 16 
0 0.789706 16 
0 0.925369 16 
0 0.929777 16 
0 0.934892 16 
0 0.974074 16 
0 1.03493 16 
0 1.07081 16 
0 1.07117 16 
0 1.19255 16 
0 1.19327 16 
0 1.19401 16 
0 1.3682 16 
0 1.37813 16 
0 1.38598 16 
0 1.79615 16 
0 1.85209 16 
0 1.85457 16 
0 1.85643 16 
0 1.8708 16 
0 1.89118 16 
0 1.89118 16 
0 inf 16 
0 0.120342 17 
0 0.137221 17 
0 0.163853 17 
0 0.183169 17 
0 0.183867 17 
0 0.183867 17 
0 0.19401 17 
0 0.205169 17 
0 0.205377 17 
0 0.208021 17 
0 0.221879 17 
0 0.227002 17 
0 0.231646 17 
0 0.238707 17 
0 0.264444 17 
0 0.265729 17 
0 0.266369 17 
0 0.278546 17 
0 0.278546 17 
0 0.289934 17 
0 0.290227 17 
0 0.290519 17 
0 0.29052 17 
0 0.292544 17 
0 0.293873 17 
0 0.294516 17 
0 0.299471 17 
0 0.308637 17 
0 0.312942 17 
0 0.313022 17 
0 0.313022 17 
0 0.318205 17 
0 0.319807 17 
0 0.576407 17 
0 0.611967 17 
0 0.615852 17 
0 0.616405 17 
0 0.617233 17 
0 0.686103 17 
0 0.687591 17 
0 0.687591 17 
0 0.69259 17 
0 0.698346 17 
0 0.769827 17 
0 0.90156 17 
0 0.903071 17 
0 0.903495 17 
0 0.952678 17 
0 1.07643 17 
0 1.08781 17 
0 1.08808 17 
0 1.17757 17 
0 1.18186 17 
0 1.18219 17 
0 1.1921 17 
0 1.19553 17 
0 1.19837 17 
0 1.23012 17 
0 1.2417 17 
0 1.24293 17 
0 1.37158 17 
0 1.37158 17 
0 1.3727 17 
0 1.79199 17 
0 1.79292 17 
0 1.79527 17 
0 1.79577 17 
0 inf 17 
0 0.0972375 18 
0 0.111526 18 
0 0.115668 18 
0 0.116385 18 
0 0.120359 18 
0 0.131171 18 
0 0.133743 18 
0 0.135018 18 
0 0.141199 18 
0 0.227176 18 
0 0.230156 18 
0 0.232366 18 
0 0.236183 18 
0 0.236696 18 
0 0.245168 18 
0 0.253885 18 
0 0.263111 18 
0 0.270792 18 
0 0.274541 18 
0 0.292542 18 
0 0.298047 18 
0 0.314997 18 
0 0.321422 18 
0 0.321554 18 
0 0.331138 18 
0 0.339143 18 
0 0.340647 18 
0 0.348556 18 
0 0.403438 18 
0 0.466127 18 
0 0.468588 18 
0 0.618406 18 
0 0.621086 18 
0 0.621428 18 
0 0.622524 18 
0 0.690987 18 
0 0.699805 18 
0 0.704233 18 
0 0.706165 18 
0 0.755636 18 
0 0.768553 18 
0 0.802541 18 
0 0.804931 18 
0 0.807467 18 
0 0.864316 18 
0 0.86653 18 
0 0.868593 18 
0 0.875625 18 
0 0.946938 18 
0 0.96574 18 
0 0.967106 18 
0 0.974074 18 
0 0.974074 18 
0 1.12834 18 
0 1.12969 18 
0 1.12973 18 
0 1.17202 18 
0 1.45683 18 
0 1.7081 18 
0 1.80228 18 
0 1.80365 18 
0 1.80542 18 
0 1.80542 18 
0 inf 18 
0 0.123831 19 
0 0.125539 19 
0 0.127891 19 
0 0.144767 19 
0 0.144767 19 
0 0.182037 19 
0 0.191379 19 
0 0.193371 19 
0 0.193372 19 
0 0.217992 19 
0 0.23328 19 
0 0.233827 19 
0 0.246034 19 
0 0.247242 19 
0 0.260658 19 
0 0.261838 19 
0 0.266354 19 
0 0.266354 19 
0 0.3018 19 
0 0.309737 19 
0 0.316269 19 
0 0.33959 19 
0 0.33959 19 
0 0.342213 19 
0 0.381633 19 
0 0.41097 19 
0 0.415004 19 
0 0.443662 19 
0 0.480657 19 
0 0.484628 19 
0 0.539325 19 
0 0.545371 19 
0 0.545683 19 
0 0.550269 19 
0 0.62986 19 
0 0.632822 19 
0 0.634367 19 
0 0.642371 19 
0 0.644754 19 
0 0.698162 19 
0 0.700294 19 
0 0.700538 19 
0 0.700538 19 
0 0.739343 19 
0 0.779721 19 
0 0.824168 19 
0 0.827417 19 
0 0.922107 19 
0 0.922523 19 
0 0.936541 19 
0 0.940171 19 
0 0.947671 19 
0 0.968196 19 
0 1.05925 19 
0 1.09688 19 
0 1.09715 19 
0 1.79252 19 
0 1.79254 19 
0 1.79394 19 
0 inf 19 
0 0.124163 20 
0 0.14911 20 
0 0.153598 20 
0 0.156076 20 
0 0.159314 20 
0 0.164327 20 
0 0.16536 20 
0 0.190484 20 
0 0.198631 20 
0 0.201774 20 
0 0.203712 20 
0 0.206205 20 
0 0.229427 20 
0 0.261513 20 
0 0.265403 20 
0 0.265722 20 
0 0.273462 20 
0 0.275315 20 
0 0.276704 20 
0 0.276713 20 
0 0.30202 20 
0 0.302861 20 
0 0.307328 20 
0 0.317419 20 
0 0.321021 20 
0 0.372504 20 
0 0.405855 20 
0 0.40617 20 
0 0.429386 20 
0 0.471262 20 
0 0.474146 20 
0 0.476922 20 
0 0.478843 20 
0 0.47982 20 
0 0.47982 20 
0 0.654303 20 
0 0.655344 20 
0 0.713713 20 
0 0.717284 20 
0 0.790461 20 
0 0.804559 20 
0 0.804559 20 
0 0.943849 20 
0 0.967716 20 
0 0.971931 20 
0 0.97355 20 
0 1.02952 20 
0 1.06437 20 
0 1.06501 20 
0 1.08623 20 
0 1.08623 20 
0 1.81182 20 
0 1.81182 20 
0 1.98574 20 
0 2.36255 20 
0 inf 20 
