4.01636 6.77938 1 
1.25808 3.0555 1 
0.215016 0.219819 1 
0.206681 0.211461 1 
0.122135 0.135765 1 
0.103036 0.10761 1 
0.100138 0.169067 1 
0.0859487 0.0994245 1 
0.08501 0.0936974 1 
0.0736513 0.0742544 1 
0.0673217 0.0719349 1 
0.0626588 0.0643401 1 
0.0577647 0.0582238 1 
0.0560366 0.0597364 1 
0.0537598 0.0673197 1 
0.047224 0.0481619 1 
0.044506 0.049081 1 
0.0440964 0.0453011 1 
0.0424582 0.0426655 1 
0.0424553 0.0451041 1 
0.0420297 0.047974 1 
0.0398496 0.0400787 1 
0.0387184 0.0389455 1 
0.0384746 0.0488984 1 
0.0377873 0.0389477 1 
0.0353453 0.0389455 1 
0.0340525 0.0389423 1 
0.0313341 0.0350901 1 
5.05442 5.10752 2 
3.57676 5.11502 2 
1.01833 4.08183 2 
0.20668 0.206942 2 
0.1759 0.180652 2 
0.136356 0.202933 2 
0.0804823 0.0872873 2 
0.0792539 0.0893091 2 
0.0613596 0.0675831 2 
0.0553943 0.0579084 2 
0.048716 0.0527558 2 
0.0481645 0.0530979 2 
0.0479775 0.0535946 2 
0.0458879 0.0530979 2 
0.0454991 0.0527574 2 
0.0426635 0.0474175 2 
0.0407387 0.0413923 2 
0.0407325 0.0454898 2 
0.0389455 0.0405164 2 
0.03802 0.0391735 2 
0.0380133 0.0458906 2 
3.38424 3.85764 3 
3.38298 3.89523 3 
3.14029 3.1483 3 
2.79697 3.90289 3 
2.37654 2.43255 3 
0.923805 4.20712 3 
0.217037 0.230593 3 
0.163272 0.168649 3 
0.0710642 0.0925456 3 
0.0286539 0.0332639 3 
2.40815 2.58246 4 
2.3898 2.69521 4 
2.38967 2.67517 4 
2.38881 2.46604 4 
1.0773 1.08601 4 
1.00355 4.13662 4 
0.173758 0.184127 4 
0.153239 0.156234 4 
0.136743 0.137005 4 
0.13497 0.137785 4 
0.118124 0.137661 4 
0.0794761 0.082124 4 
0.0678489 0.0798092 4 
0.0497997 0.0539392 4 
0.0477951 0.0477986 4 
0.0470458 0.0536002 4 
0.0426536 0.0550696 4 
0.0409567 0.0432831 4 
1.23091 3.75213 5 
0.129167 0.135308 5 
0.128481 0.143687 5 
0.0767347 0.0799247 5 
3.04456 3.31131 6 
3.04338 3.13684 6 
3.00164 3.03997 6 
2.06366 2.16983 6 
2.0388 3.31541 6 
1.21173 1.35842 6 
0.658288 0.662128 6 
0.146145 0.15324 6 
0.141933 0.16631 6 
2.2634 2.64667 7 
2.24301 2.72511 7 
2.2401 2.71035 7 
1.62846 2.73107 7 
0.143556 0.159457 7 
0.126584 0.129305 7 
2.16426 2.25224 8 
2.14625 3.24933 8 
2.11576 2.42512 8 
2.04402 2.08813 8 
1.97326 2.4687 8 
1.68994 2.55401 8 
0.565266 0.58948 8 
0.127146 0.141299 8 
2.49265 2.49636 9 
2.33606 2.402 9 
1.74043 2.06443 9 
1.41926 2.19821 9 
1.32468 2.21878 9 
1.07823 1.1202 9 
0.533913 0.535101 9 
0.0709333 0.0742514 9 
2.03048 2.1412 10 
2.02115 2.38226 10 
2.02065 2.38235 10 
1.92202 2.10816 10 
1.18066 1.2991 10 
1.12849 1.95382 10 
0.0799229 0.0828823 10 
2.1462 2.89116 11 
2.14617 2.89072 11 
1.46595 1.78328 11 
1.03901 1.06654 11 
0.876698 0.910328 11 
0.554473 0.576646 11 
0.498752 0.517296 11 
2.07213 2.08914 12 
2.0718 2.08818 12 
2.04266 2.06725 12 
1.6552 1.99636 12 
1.64238 2.02784 12 
1.63614 1.70642 12 
1.54361 1.55717 12 
1.34884 1.6644 12 
0.724233 0.774971 12 
0.535433 0.539958 12 
0.441373 0.510506 12 
1.593 1.60798 13 
1.58635 1.60008 13 
1.33493 1.35207 13 
1.17654 1.20788 13 
1.01791 1.03205 13 
0.911516 1.07007 13 
0.871961 0.963364 13 
0.798679 0.843866 13 
0.49142 0.495736 13 
1.13575 1.17393 14 
1.11609 1.17265 14 
0.746517 0.751255 14 
0.745369 0.745916 14 
0.723416 0.947874 14 
0.686555 0.713791 14 
2.01861 2.28965 15 
2.0186 2.28917 15 
2.0186 2.28954 15 
0.996009 1.04473 15 
0.967736 1.13671 15 
0.865754 0.925093 15 
2.12001 2.13286 16 
2.12 2.13285 16 
2.11998 2.13283 16 
2.08425 2.64665 16 
2.08392 2.6441 16 
2.08386 2.64665 16 
1.08203 1.09487 16 
1.79554 1.81363 17 
1.74727 1.83427 17 
1.79821 1.82455 18 
1.37389 1.92608 18 
1.36113 1.91397 18 
1.15415 1.21173 19 
1.13507 1.35798 19 
1.13492 1.17202 19 
1.10157 1.16706 19 
1.09245 1.24012 19 
1.0506 1.25076 19 
0.802824 0.821874 19 
1.16844 1.29743 20 
1.16817 1.37923 20 
