0 0.0233204 1 
0 0.0233204 1 
0 0.0264434 1 
0 0.0278755 1 
0 0.0317815 1 
0 0.03298 1 
0 0.0341365 1 
0 0.0341365 1 
0 0.0341365 1 
0 0.0341442 1 
0 0.0374036 1 
0 0.0384203 1 
0 0.0413418 1 
0 0.041346 1 
0 0.0422742 1 
0 0.0422742 1 
0 0.0457973 1 
0 0.047473 1 
0 0.0482763 1 
0 0.0482836 1 
0 0.0498599 1 
0 0.0498599 1 
0 0.0498599 1 
0 0.0498634 1 
0 0.0506409 1 
0 0.0513964 1 
0 0.052146 1 
0 0.0550489 1 
0 0.0557446 1 
0 0.0591246 1 
0 0.0597892 1 
0 0.0604275 1 
0 0.0604289 1 
0 0.0629412 1 
0 0.0629482 1 
0 0.0747883 1 
0 0.0981507 1 
0 0.100501 1 
0 0.102038 1 
0 0.103177 1 
0 0.103556 1 
0 0.10687 1 
0 0.106874 1 
0 0.10939 1 
0 0.109739 1 
0 0.1108 1 
0 0.112191 1 
0 0.112541 1 
0 0.113571 1 
0 0.114592 1 
0 0.117602 1 
0 0.118918 1 
0 0.119239 1 
0 0.121824 1 
0 0.122777 1 
0 0.124037 1 
0 0.124346 1 
0 0.124659 1 
0 0.124974 1 
0 0.126511 1 
0 0.128039 1 
0 0.130742 1 
0 0.13193 1 
0 0.137127 1 
0 0.138536 1 
0 0.146971 1 
0 0.147234 1 
0 0.149852 1 
0 0.151913 1 
0 0.153436 1 
0 0.156446 1 
0 0.157437 1 
0 0.157438 1 
0 0.157442 1 
0 0.158916 1 
0 0.161336 1 
0 0.163968 1 
0 0.165143 1 
0 0.166087 1 
0 0.172288 1 
0 0.175854 1 
0 0.175856 1 
0 0.186151 1 
0 0.201007 1 
0 0.201586 1 
0 0.206723 1 
0 0.208034 1 
0 0.216276 1 
0 0.219808 1 
0 0.22283 1 
0 0.224048 1 
0 0.236068 1 
0 0.249329 1 
0 0.249635 1 
0 0.24979 1 
0 0.254089 1 
0 0.255774 1 
0 0.257595 1 
0 0.258042 1 
0 0.266923 1 
0 0.278883 1 
0 0.295777 1 
0 0.30408 1 
0 0.30624 1 
0 0.311273 1 
0 0.315251 1 
0 0.316364 1 
0 0.319142 1 
0 0.336816 1 
0 0.344333 1 
0 0.346586 1 
0 0.371895 1 
0 0.374707 1 
0 0.378926 1 
0 0.383819 1 
0 0.436022 1 
0 0.47485 1 
0 0.481432 1 
0 0.531382 1 
0 0.740814 1 
0 0.780457 1 
0 1.21295 1 
0 1.41182 1 
0 1.77996 1 
0 2.01478 1 
0 2.88472 1 
0 3.40436 1 
0 3.88927 1 
0 4.35369 1 
0 4.52189 1 
0 4.82336 1 
0 inf 1 
0 0.0278723 2 
0 0.0329854 2 
0 0.0329854 2 
0 0.0329881 2 
0 0.0341442 2 
0 0.035255 2 
0 0.035255 2 
0 0.0352575 2 
0 0.035265 2 
0 0.0373941 2 
0 0.0384202 2 
0 0.0384271 2 
0 0.0384294 2 
0 0.0413481 2 
0 0.0422763 2 
0 0.0422763 2 
0 0.0431845 2 
0 0.0431845 2 
0 0.0431845 2 
0 0.0521477 2 
0 0.0543344 2 
0 0.0578015 2 
0 0.0578023 2 
0 0.0597774 2 
0 0.0597833 2 
0 0.0597847 2 
0 0.0610735 2 
0 0.0616971 2 
0 0.0732235 2 
0 0.0753113 2 
0 0.085001 2 
0 0.086369 2 
0 0.0920279 2 
0 0.0924515 2 
0 0.0924563 2 
0 0.0953409 2 
0 0.0969664 2 
0 0.0969673 2 
0 0.0973639 2 
0 0.103549 2 
0 0.105045 2 
0 0.113911 2 
0 0.114597 2 
0 0.115602 2 
0 0.116281 2 
0 0.116944 2 
0 0.119899 2 
0 0.121186 2 
0 0.127737 2 
0 0.128951 2 
0 0.129547 2 
0 0.130446 2 
0 0.131929 2 
0 0.135128 2 
0 0.137973 2 
0 0.140208 2 
0 0.141039 2 
0 0.141863 2 
0 0.142944 2 
0 0.146178 2 
0 0.149073 2 
0 0.150631 2 
0 0.154195 2 
0 0.1552 2 
0 0.1552 2 
0 0.157433 2 
0 0.159161 2 
0 0.161095 2 
0 0.161816 2 
0 0.162058 2 
0 0.166314 2 
0 0.169553 2 
0 0.172733 2 
0 0.186983 2 
0 0.197693 2 
0 0.201585 2 
0 0.202356 2 
0 0.206914 2 
0 0.211928 2 
0 0.215738 2 
0 0.220546 2 
0 0.2324 2 
0 0.237501 2 
0 0.243489 2 
0 0.245386 2 
0 0.255901 2 
0 0.267213 2 
0 0.267216 2 
0 0.268232 2 
0 0.269097 2 
0 0.272355 2 
0 0.277489 2 
0 0.278607 2 
0 0.287395 2 
0 0.296963 2 
0 0.302409 2 
0 0.306242 2 
0 0.322071 2 
0 0.330764 2 
0 0.342087 2 
0 0.358186 2 
0 0.359803 2 
0 0.375659 2 
0 0.388377 2 
0 0.410015 2 
0 0.418303 2 
0 0.429245 2 
0 0.439222 2 
0 0.448281 2 
0 0.4484 2 
0 0.528447 2 
0 0.766392 2 
0 0.836527 2 
0 0.894318 2 
0 0.954868 2 
0 1.3427 2 
0 1.51241 2 
0 2.37284 2 
0 2.57123 2 
0 2.91998 2 
0 3.07125 2 
0 3.20025 2 
0 3.20772 2 
0 3.23207 2 
0 3.84359 2 
0 4.03588 2 
0 4.05888 2 
0 inf 2 
0 0.0215922 3 
0 0.0233242 3 
0 0.032988 3 
0 0.0352575 3 
0 0.0363415 3 
0 0.0363488 3 
0 0.0374036 3 
0 0.0384248 3 
0 0.0394219 3 
0 0.0403965 3 
0 0.0431845 3 
0 0.0431845 3 
0 0.0449478 3 
0 0.0449479 3 
0 0.0466446 3 
0 0.0490771 3 
0 0.0498634 3 
0 0.0564396 3 
0 0.0597803 3 
0 0.0597803 3 
0 0.064168 3 
0 0.0671278 3 
0 0.0721484 3 
0 0.0742719 3 
0 0.0758244 3 
0 0.0840856 3 
0 0.0877066 3 
0 0.0890311 3 
0 0.0932892 3 
0 0.10166 3 
0 0.102791 3 
0 0.103923 3 
0 0.107236 3 
0 0.109387 3 
0 0.109387 3 
0 0.109746 3 
0 0.113229 3 
0 0.113912 3 
0 0.116608 3 
0 0.118918 3 
0 0.12054 3 
0 0.121183 3 
0 0.124348 3 
0 0.125593 3 
0 0.125903 3 
0 0.130149 3 
0 0.134261 3 
0 0.136842 3 
0 0.13909 3 
0 0.141314 3 
0 0.142137 3 
0 0.142407 3 
0 0.143764 3 
0 0.143767 3 
0 0.144309 3 
0 0.148025 3 
0 0.150111 3 
0 0.151394 3 
0 0.151661 3 
0 0.159405 3 
0 0.163727 3 
0 0.167008 3 
0 0.172509 3 
0 0.175855 3 
0 0.177831 3 
0 0.190483 3 
0 0.19828 3 
0 0.200617 3 
0 0.20216 3 
0 0.20388 3 
0 0.216995 3 
0 0.22834 3 
0 0.233058 3 
0 0.235042 3 
0 0.236215 3 
0 0.238971 3 
0 0.238976 3 
0 0.243983 3 
0 0.24651 3 
0 0.252117 3 
0 0.253338 3 
0 0.256541 3 
0 0.26136 3 
0 0.264721 3 
0 0.266055 3 
0 0.279701 3 
0 0.289145 3 
0 0.304081 3 
0 0.304845 3 
0 0.308643 3 
0 0.310402 3 
0 0.318069 3 
0 0.329586 3 
0 0.35718 3 
0 0.358919 3 
0 0.371367 3 
0 0.377283 3 
0 0.384945 3 
0 0.398804 3 
0 0.426399 3 
0 0.431108 3 
0 0.450758 3 
0 0.754478 3 
0 0.766595 3 
0 0.793925 3 
0 0.885234 3 
0 0.918535 3 
0 1.2177 3 
0 1.29618 3 
0 1.3371 3 
0 2.14683 3 
0 2.25244 3 
0 2.27399 3 
0 2.51176 3 
0 2.52256 3 
0 2.52459 3 
0 2.56421 3 
0 2.59194 3 
0 2.59297 3 
0 3.12075 3 
0 3.25796 3 
0 3.34044 3 
0 3.34185 3 
0 inf 3 
0 0.0278787 4 
0 0.0329827 4 
0 0.0341365 4 
0 0.0341365 4 
0 0.0341365 4 
0 0.0341391 4 
0 0.0352625 4 
0 0.036344 4 
0 0.036344 4 
0 0.036344 4 
0 0.0384225 4 
0 0.0413418 4 
0 0.0431784 4 
0 0.0431784 4 
0 0.0514016 4 
0 0.0557541 4 
0 0.059787 4 
0 0.0623357 4 
0 0.0659574 4 
0 0.0659654 4 
0 0.0671291 4 
0 0.067133 4 
0 0.0694132 4 
0 0.0699707 4 
0 0.0721575 4 
0 0.0732187 4 
0 0.0763361 4 
0 0.081273 4 
0 0.0854646 4 
0 0.0854682 4 
0 0.08815 4 
0 0.0894626 4 
0 0.094528 4 
0 0.103177 4 
0 0.107238 4 
0 0.110795 4 
0 0.120541 4 
0 0.122131 4 
0 0.123725 4 
0 0.124321 4 
0 0.124325 4 
0 0.127737 4 
0 0.13252 4 
0 0.135981 4 
0 0.138253 4 
0 0.139097 4 
0 0.139929 4 
0 0.141042 4 
0 0.142955 4 
0 0.14591 4 
0 0.14644 4 
0 0.160127 4 
0 0.17206 4 
0 0.173827 4 
0 0.192082 4 
0 0.192714 4 
0 0.195117 4 
0 0.195118 4 
0 0.197692 4 
0 0.19966 4 
0 0.205405 4 
0 0.211926 4 
0 0.213571 4 
0 0.215553 4 
0 0.219662 4 
0 0.233546 4 
0 0.234207 4 
0 0.243936 4 
0 0.255325 4 
0 0.260742 4 
0 0.261938 4 
0 0.263264 4 
0 0.271572 4 
0 0.277077 4 
0 0.28672 4 
0 0.297762 4 
0 0.310027 4 
0 0.315107 4 
0 0.319642 4 
0 0.329962 4 
0 0.333541 4 
0 0.343298 4 
0 0.348295 4 
0 0.348297 4 
0 0.348852 4 
0 0.356512 4 
0 0.356512 4 
0 0.361065 4 
0 0.362354 4 
0 0.364492 4 
0 0.369385 4 
0 0.372736 4 
0 0.3744 4 
0 0.385137 4 
0 0.767406 4 
0 0.860488 4 
0 0.892088 4 
0 0.934263 4 
0 0.994629 4 
0 1.0296 4 
0 1.05531 4 
0 1.31247 4 
0 1.59098 4 
0 1.67194 4 
0 1.94217 4 
0 1.94726 4 
0 1.9487 4 
0 1.96188 4 
0 2.16175 4 
0 2.162 4 
0 2.16245 4 
0 2.16597 4 
0 2.37571 4 
0 2.37758 4 
0 2.37881 4 
0 2.38716 4 
0 3.08312 4 
0 3.0976 4 
0 3.20467 4 
0 inf 4 
0 0.0152709 5 
0 0.0215923 5 
0 0.0373965 5 
0 0.0394241 5 
0 0.0413481 5 
0 0.0422763 5 
0 0.044078 5 
0 0.0457973 5 
0 0.0498652 5 
0 0.0498652 5 
0 0.0513981 5 
0 0.0536237 5 
0 0.0584691 5 
0 0.0597833 5 
0 0.0653664 5 
0 0.0694043 5 
0 0.0705212 5 
0 0.0732261 5 
0 0.0748013 5 
0 0.0788421 5 
0 0.082692 5 
0 0.0845495 5 
0 0.0885872 5 
0 0.0898953 5 
0 0.0903225 5 
0 0.0928704 5 
0 0.0937058 5 
0 0.100482 5 
0 0.104296 5 
0 0.105782 5 
0 0.107958 5 
0 0.107962 5 
0 0.110823 5 
0 0.116616 5 
0 0.119264 5 
0 0.119567 5 
0 0.132517 5 
0 0.134262 5 
0 0.134841 5 
0 0.13513 5 
0 0.135987 5 
0 0.135995 5 
0 0.140771 5 
0 0.14186 5 
0 0.141862 5 
0 0.150364 5 
0 0.153183 5 
0 0.156692 5 
0 0.158666 5 
0 0.162531 5 
0 0.163958 5 
0 0.166552 5 
0 0.174308 5 
0 0.184054 5 
0 0.187197 5 
0 0.191303 5 
0 0.204429 5 
0 0.214295 5 
0 0.214835 5 
0 0.215555 5 
0 0.221418 5 
0 0.249791 5 
0 0.25196 5 
0 0.266329 5 
0 0.289025 5 
0 0.289403 5 
0 0.290609 5 
0 0.301514 5 
0 0.303314 5 
0 0.31028 5 
0 0.313393 5 
0 0.314123 5 
0 0.316355 5 
0 0.317336 5 
0 0.318314 5 
0 0.320261 5 
0 0.321109 5 
0 0.323018 5 
0 0.329695 5 
0 0.33357 5 
0 0.337026 5 
0 0.356193 5 
0 0.356195 5 
0 0.358067 5 
0 0.362915 5 
0 0.363237 5 
0 0.364518 5 
0 0.775307 5 
0 0.852586 5 
0 0.856868 5 
0 0.928427 5 
0 1.00663 5 
0 1.01784 5 
0 1.0191 5 
0 1.02866 5 
0 1.04716 5 
0 1.17397 5 
0 1.29679 5 
0 1.3032 5 
0 1.30748 5 
0 1.30926 5 
0 1.31778 5 
0 1.32384 5 
0 1.96714 5 
0 2.02483 5 
0 2.06237 5 
0 2.09627 5 
0 2.09805 5 
0 2.09917 5 
0 2.10058 5 
0 2.20409 5 
0 2.31148 5 
0 2.52462 5 
0 2.52462 5 
0 2.52634 5 
0 inf 5 
0 0.0278755 6 
0 0.0341416 6 
0 0.0373965 6 
0 0.0374012 6 
0 0.0403987 6 
0 0.0413449 6 
0 0.0457993 6 
0 0.0466408 6 
0 0.0498705 6 
0 0.0506374 6 
0 0.0521452 6 
0 0.0536237 6 
0 0.0577985 6 
0 0.0604282 6 
0 0.0604307 6 
0 0.0604333 6 
0 0.0647727 6 
0 0.0716109 6 
0 0.0758295 6 
0 0.0802991 6 
0 0.0854605 6 
0 0.090756 6 
0 0.0945325 6 
0 0.0945327 6 
0 0.0989463 6 
0 0.10687 6 
0 0.118592 6 
0 0.118592 6 
0 0.120539 6 
0 0.125905 6 
0 0.125905 6 
0 0.131632 6 
0 0.134838 6 
0 0.137974 6 
0 0.142408 6 
0 0.143215 6 
0 0.145643 6 
0 0.14591 6 
0 0.151397 6 
0 0.161576 6 
0 0.166558 6 
0 0.171152 6 
0 0.175634 6 
0 0.180836 6 
0 0.183425 6 
0 0.184685 6 
0 0.18529 6 
0 0.18529 6 
0 0.187172 6 
0 0.189056 6 
0 0.190285 6 
0 0.190692 6 
0 0.191071 6 
0 0.192713 6 
0 0.194119 6 
0 0.201001 6 
0 0.251653 6 
0 0.260153 6 
0 0.269506 6 
0 0.272979 6 
0 0.275387 6 
0 0.277924 6 
0 0.286333 6 
0 0.296337 6 
0 0.296556 6 
0 0.297734 6 
0 0.298644 6 
0 0.300741 6 
0 0.308662 6 
0 0.319886 6 
0 0.320118 6 
0 0.340253 6 
0 0.352051 6 
0 0.369159 6 
0 0.370442 6 
0 0.376682 6 
0 0.380356 6 
0 0.381681 6 
0 0.3999 6 
0 0.415979 6 
0 0.436398 6 
0 0.496296 6 
0 0.498 6 
0 0.840145 6 
0 0.911187 6 
0 0.913051 6 
0 0.965252 6 
0 0.967784 6 
0 0.97099 6 
0 0.97181 6 
0 0.979161 6 
0 0.981379 6 
0 1.2449 6 
0 1.24645 6 
0 1.31778 6 
0 1.38279 6 
0 1.40909 6 
0 1.42385 6 
0 1.53913 6 
0 1.57147 6 
0 1.57424 6 
0 1.58123 6 
0 1.59882 6 
0 1.81802 6 
0 1.83066 6 
0 1.88225 6 
0 1.97156 6 
0 1.98172 6 
0 1.9836 6 
0 1.98611 6 
0 1.98736 6 
0 inf 6 
0 0.0264434 7 
0 0.0474711 7 
0 0.0514002 7 
0 0.0604362 7 
0 0.0623337 7 
0 0.0629482 7 
0 0.0671291 7 
0 0.0694063 7 
0 0.0705287 7 
0 0.0721557 7 
0 0.0737492 7 
0 0.0737516 7 
0 0.0742724 7 
0 0.0768451 7 
0 0.0793322 7 
0 0.0836196 7 
0 0.0840829 7 
0 0.087258 7 
0 0.0890276 7 
0 0.0949405 7 
0 0.111143 7 
0 0.111852 7 
0 0.116943 7 
0 0.117602 7 
0 0.123721 7 
0 0.131027 7 
0 0.13599 7 
0 0.137125 7 
0 0.142407 7 
0 0.142409 7 
0 0.144038 7 
0 0.147499 7 
0 0.155452 7 
0 0.168406 7 
0 0.180827 7 
0 0.181931 7 
0 0.183854 7 
0 0.185327 7 
0 0.187821 7 
0 0.189878 7 
0 0.194323 7 
0 0.196113 7 
0 0.200417 7 
0 0.201552 7 
0 0.202746 7 
0 0.204423 7 
0 0.216281 7 
0 0.216986 7 
0 0.222664 7 
0 0.229707 7 
0 0.231046 7 
0 0.24414 7 
0 0.247761 7 
0 0.258966 7 
0 0.263724 7 
0 0.264137 7 
0 0.267233 7 
0 0.291032 7 
0 0.293676 7 
0 0.293676 7 
0 0.306113 7 
0 0.315852 7 
0 0.332861 7 
0 0.333567 7 
0 0.337635 7 
0 0.345007 7 
0 0.352828 7 
0 0.355133 7 
0 0.367162 7 
0 0.402784 7 
0 0.404804 7 
0 0.408054 7 
0 0.415135 7 
0 0.436306 7 
0 0.685634 7 
0 0.765137 7 
0 0.770034 7 
0 0.827907 7 
0 0.843941 7 
0 0.857492 7 
0 0.928498 7 
0 0.945673 7 
0 0.950918 7 
0 0.954364 7 
0 0.956438 7 
0 0.956925 7 
0 0.973187 7 
0 0.995293 7 
0 1.09084 7 
0 1.12821 7 
0 1.14902 7 
0 1.21645 7 
0 1.25001 7 
0 1.2544 7 
0 1.26824 7 
0 1.28397 7 
0 1.31675 7 
0 1.32581 7 
0 1.32675 7 
0 1.32745 7 
0 1.34721 7 
0 1.56372 7 
0 1.96289 7 
0 1.96496 7 
0 1.97297 7 
0 1.97675 7 
0 1.97811 7 
0 inf 7 
0 0.0352605 8 
0 0.0431808 8 
0 0.0514016 8 
0 0.055044 8 
0 0.0591321 8 
0 0.0591336 8 
0 0.0597848 8 
0 0.0635631 8 
0 0.0682828 8 
0 0.0705187 8 
0 0.0763426 8 
0 0.0920241 8 
0 0.0945345 8 
0 0.0957554 8 
0 0.102039 8 
0 0.104294 8 
0 0.110096 8 
0 0.112198 8 
0 0.119895 8 
0 0.120546 8 
0 0.121505 8 
0 0.124972 8 
0 0.131588 8 
0 0.135707 8 
0 0.136265 8 
0 0.150889 8 
0 0.153432 8 
0 0.153692 8 
0 0.160856 8 
0 0.161104 8 
0 0.161809 8 
0 0.163246 8 
0 0.163256 8 
0 0.163496 8 
0 0.163935 8 
0 0.164645 8 
0 0.165111 8 
0 0.167247 8 
0 0.167934 8 
0 0.172726 8 
0 0.173858 8 
0 0.174044 8 
0 0.175849 8 
0 0.177622 8 
0 0.181072 8 
0 0.184723 8 
0 0.246834 8 
0 0.251641 8 
0 0.26179 8 
0 0.266804 8 
0 0.269843 8 
0 0.279024 8 
0 0.28847 8 
0 0.294884 8 
0 0.30561 8 
0 0.312762 8 
0 0.318569 8 
0 0.325789 8 
0 0.327328 8 
0 0.32981 8 
0 0.330031 8 
0 0.3384 8 
0 0.338878 8 
0 0.354566 8 
0 0.35675 8 
0 0.359037 8 
0 0.366744 8 
0 0.441447 8 
0 0.491181 8 
0 0.577559 8 
0 0.606239 8 
0 0.697376 8 
0 0.720069 8 
0 0.722771 8 
0 0.762949 8 
0 0.801442 8 
0 0.801443 8 
0 0.818456 8 
0 0.820407 8 
0 0.864981 8 
0 0.876005 8 
0 0.900082 8 
0 0.903127 8 
0 0.959581 8 
0 0.960692 8 
0 0.961663 8 
0 0.966498 8 
0 0.966741 8 
0 0.97263 8 
0 0.991628 8 
0 1.00749 8 
0 1.1141 8 
0 1.19561 8 
0 1.31459 8 
0 1.31459 8 
0 1.31885 8 
0 1.3409 8 
0 1.34128 8 
0 1.95771 8 
0 1.95827 8 
0 1.9589 8 
0 1.96467 8 
0 1.96854 8 
0 inf 8 
0 0.0536187 9 
0 0.0699335 9 
0 0.0699612 9 
0 0.0726831 9 
0 0.0737559 9 
0 0.0778531 9 
0 0.0854625 9 
0 0.0877106 9 
0 0.0885822 9 
0 0.0941121 9 
0 0.100508 9 
0 0.10467 9 
0 0.105772 9 
0 0.106148 9 
0 0.106506 9 
0 0.113913 9 
0 0.121132 9 
0 0.12209 9 
0 0.124345 9 
0 0.148298 9 
0 0.150124 9 
0 0.1514 9 
0 0.152424 9 
0 0.153403 9 
0 0.156205 9 
0 0.160857 9 
0 0.163964 9 
0 0.170925 9 
0 0.171152 9 
0 0.17157 9 
0 0.17408 9 
0 0.175641 9 
0 0.176045 9 
0 0.178925 9 
0 0.187202 9 
0 0.18779 9 
0 0.188446 9 
0 0.190283 9 
0 0.192749 9 
0 0.201614 9 
0 0.202168 9 
0 0.223869 9 
0 0.225249 9 
0 0.246013 9 
0 0.250267 9 
0 0.270979 9 
0 0.276919 9 
0 0.277779 9 
0 0.29566 9 
0 0.30778 9 
0 0.3094 9 
0 0.311523 9 
0 0.331463 9 
0 0.355115 9 
0 0.375635 9 
0 0.37811 9 
0 0.387654 9 
0 0.398915 9 
0 0.398915 9 
0 0.428019 9 
0 0.428473 9 
0 0.519475 9 
0 0.557359 9 
0 0.592046 9 
0 0.681094 9 
0 0.751188 9 
0 0.759499 9 
0 0.787392 9 
0 0.796662 9 
0 0.806549 9 
0 0.829852 9 
0 0.855712 9 
0 0.882984 9 
0 0.902319 9 
0 0.912424 9 
0 0.924306 9 
0 0.924307 9 
0 0.938275 9 
0 0.943438 9 
0 0.945546 9 
0 0.954404 9 
0 0.956397 9 
0 0.96899 9 
0 0.983608 9 
0 0.990693 9 
0 1.01688 9 
0 1.02297 9 
0 1.20431 9 
0 1.21468 9 
0 1.3234 9 
0 1.32903 9 
0 1.33151 9 
0 1.33198 9 
0 1.33664 9 
0 1.96581 9 
0 1.96581 9 
0 1.96781 9 
0 1.9681 9 
0 1.97031 9 
0 inf 9 
0 0.0578046 10 
0 0.0710706 10 
0 0.0726831 10 
0 0.0732307 10 
0 0.0817454 10 
0 0.087259 10 
0 0.0885883 10 
0 0.115932 10 
0 0.121819 10 
0 0.124025 10 
0 0.141034 10 
0 0.142967 10 
0 0.144037 10 
0 0.145115 10 
0 0.14776 10 
0 0.148282 10 
0 0.149327 10 
0 0.149586 10 
0 0.150634 10 
0 0.152893 10 
0 0.153939 10 
0 0.155183 10 
0 0.158173 10 
0 0.159404 10 
0 0.166751 10 
0 0.177174 10 
0 0.190901 10 
0 0.197106 10 
0 0.197881 10 
0 0.197881 10 
0 0.202382 10 
0 0.205995 10 
0 0.22037 10 
0 0.225919 10 
0 0.226799 10 
0 0.230536 10 
0 0.242072 10 
0 0.27793 10 
0 0.286581 10 
0 0.290625 10 
0 0.295262 10 
0 0.296967 10 
0 0.299964 10 
0 0.303192 10 
0 0.306251 10 
0 0.307763 10 
0 0.308655 10 
0 0.310025 10 
0 0.311402 10 
0 0.312275 10 
0 0.31376 10 
0 0.313763 10 
0 0.320015 10 
0 0.325784 10 
0 0.338082 10 
0 0.355567 10 
0 0.410619 10 
0 0.569499 10 
0 0.570522 10 
0 0.648906 10 
0 0.665683 10 
0 0.736311 10 
0 0.746205 10 
0 0.746217 10 
0 0.756743 10 
0 0.757358 10 
0 0.776805 10 
0 0.847067 10 
0 0.847938 10 
0 0.868087 10 
0 0.869952 10 
0 0.899888 10 
0 0.907116 10 
0 0.915934 10 
0 0.929807 10 
0 0.933309 10 
0 0.935305 10 
0 0.951047 10 
0 0.972709 10 
0 0.979515 10 
0 1.00105 10 
0 1.00202 10 
0 1.01217 10 
0 1.28241 10 
0 1.30404 10 
0 1.30858 10 
0 1.30885 10 
0 1.3194 10 
0 1.3194 10 
0 1.32161 10 
0 1.959 10 
0 1.95942 10 
0 1.96655 10 
0 1.97787 10 
0 1.97976 10 
0 inf 10 
0 0.0498655 11 
0 0.051405 11 
0 0.0536181 11 
0 0.0584766 11 
0 0.0597862 11 
0 0.0629454 11 
0 0.109038 11 
0 0.12865 11 
0 0.140759 11 
0 0.144834 11 
0 0.145332 11 
0 0.150328 11 
0 0.159638 11 
0 0.159646 11 
0 0.16514 11 
0 0.167244 11 
0 0.169097 11 
0 0.177613 11 
0 0.182604 11 
0 0.185742 11 
0 0.185745 11 
0 0.185977 11 
0 0.197668 11 
0 0.205582 11 
0 0.222828 11 
0 0.22352 11 
0 0.226803 11 
0 0.233389 11 
0 0.235692 11 
0 0.240763 11 
0 0.242052 11 
0 0.255166 11 
0 0.27068 11 
0 0.280279 11 
0 0.282619 11 
0 0.288873 11 
0 0.295258 11 
0 0.295396 11 
0 0.31078 11 
0 0.313632 11 
0 0.318313 11 
0 0.319647 11 
0 0.319649 11 
0 0.331588 11 
0 0.335777 11 
0 0.361094 11 
0 0.364079 11 
0 0.364841 11 
0 0.365798 11 
0 0.377901 11 
0 0.390539 11 
0 0.410328 11 
0 0.45786 11 
0 0.465173 11 
0 0.470488 11 
0 0.53049 11 
0 0.622496 11 
0 0.660229 11 
0 0.671427 11 
0 0.697496 11 
0 0.754759 11 
0 0.765935 11 
0 0.767367 11 
0 0.772445 11 
0 0.777557 11 
0 0.780997 11 
0 0.836758 11 
0 0.879103 11 
0 0.880561 11 
0 0.89893 11 
0 0.916716 11 
0 0.924607 11 
0 0.934461 11 
0 0.935966 11 
0 0.952938 11 
0 0.95359 11 
0 0.954004 11 
0 0.966545 11 
0 0.967148 11 
0 0.967589 11 
0 0.969354 11 
0 1.30558 11 
0 1.30751 11 
0 1.31086 11 
0 1.31107 11 
0 1.31193 11 
0 1.9574 11 
0 1.95829 11 
0 1.97482 11 
0 1.9753 11 
0 1.97624 11 
0 inf 11 
0 0.0374024 12 
0 0.0422705 12 
0 0.0768291 12 
0 0.104658 12 
0 0.11957 12 
0 0.131624 12 
0 0.13368 12 
0 0.135985 12 
0 0.143763 12 
0 0.152164 12 
0 0.152427 12 
0 0.160375 12 
0 0.168175 12 
0 0.169779 12 
0 0.180836 12 
0 0.182301 12 
0 0.187193 12 
0 0.20236 12 
0 0.21485 12 
0 0.223323 12 
0 0.225599 12 
0 0.225601 12 
0 0.231206 12 
0 0.23488 12 
0 0.238672 12 
0 0.245256 12 
0 0.254097 12 
0 0.25654 12 
0 0.264452 12 
0 0.26591 12 
0 0.279305 12 
0 0.279317 12 
0 0.279595 12 
0 0.292888 12 
0 0.295367 12 
0 0.299575 12 
0 0.3051 12 
0 0.305707 12 
0 0.313264 12 
0 0.316325 12 
0 0.316475 12 
0 0.31917 12 
0 0.320987 12 
0 0.342074 12 
0 0.349497 12 
0 0.357294 12 
0 0.357402 12 
0 0.369697 12 
0 0.371162 12 
0 0.375325 12 
0 0.38412 12 
0 0.415138 12 
0 0.4171 12 
0 0.418115 12 
0 0.446169 12 
0 0.451624 12 
0 0.455477 12 
0 0.554355 12 
0 0.555128 12 
0 0.643602 12 
0 0.717149 12 
0 0.734755 12 
0 0.751237 12 
0 0.758187 12 
0 0.79911 12 
0 0.80299 12 
0 0.818362 12 
0 0.819074 12 
0 0.819311 12 
0 0.862749 12 
0 0.879869 12 
0 0.902881 12 
0 0.956479 12 
0 0.959398 12 
0 0.966219 12 
0 0.96995 12 
0 0.97295 12 
0 1.31365 12 
0 1.31634 12 
0 1.32815 12 
0 1.32824 12 
0 1.33559 12 
0 1.96035 12 
0 1.96297 12 
0 1.96787 12 
0 1.9684 12 
0 1.97124 12 
0 inf 12 
0 0.123087 13 
0 0.140766 13 
0 0.149067 13 
0 0.155187 13 
0 0.157433 13 
0 0.163488 13 
0 0.176073 13 
0 0.179133 13 
0 0.181536 13 
0 0.18616 13 
0 0.1866 13 
0 0.188036 13 
0 0.199232 13 
0 0.209332 13 
0 0.210816 13 
0 0.230843 13 
0 0.231373 13 
0 0.235045 13 
0 0.235678 13 
0 0.238809 13 
0 0.242203 13 
0 0.243638 13 
0 0.244613 13 
0 0.245079 13 
0 0.248385 13 
0 0.255783 13 
0 0.257603 13 
0 0.259102 13 
0 0.259397 13 
0 0.260149 13 
0 0.260444 13 
0 0.261779 13 
0 0.265902 13 
0 0.269541 13 
0 0.287392 13 
0 0.287798 13 
0 0.289949 13 
0 0.294738 13 
0 0.299446 13 
0 0.309272 13 
0 0.311151 13 
0 0.312403 13 
0 0.322916 13 
0 0.353141 13 
0 0.372628 13 
0 0.406347 13 
0 0.411662 13 
0 0.412044 13 
0 0.442673 13 
0 0.574785 13 
0 0.590465 13 
0 0.613694 13 
0 0.759073 13 
0 0.792854 13 
0 0.793848 13 
0 0.794812 13 
0 0.800279 13 
0 0.803962 13 
0 0.806505 13 
0 0.807276 13 
0 0.809546 13 
0 0.822137 13 
0 0.840474 13 
0 0.88968 13 
0 0.894653 13 
0 0.895897 13 
0 0.933653 13 
0 0.938951 13 
0 0.954934 13 
0 0.955137 13 
0 0.981144 13 
0 0.981421 13 
0 0.981421 13 
0 1.31048 13 
0 1.3106 13 
0 1.34432 13 
0 1.34501 13 
0 1.34559 13 
0 1.96164 13 
0 1.96542 13 
0 1.96583 13 
0 1.96868 13 
0 1.96937 13 
0 inf 13 
0 0.118587 14 
0 0.119883 14 
0 0.135083 14 
0 0.153436 14 
0 0.158902 14 
0 0.168867 14 
0 0.172508 14 
0 0.178926 14 
0 0.202927 14 
0 0.205016 14 
0 0.208759 14 
0 0.208957 14 
0 0.224032 14 
0 0.224033 14 
0 0.230701 14 
0 0.232392 14 
0 0.232576 14 
0 0.240916 14 
0 0.241743 14 
0 0.245861 14 
0 0.247307 14 
0 0.252871 14 
0 0.264447 14 
0 0.280696 14 
0 0.284129 14 
0 0.287275 14 
0 0.292617 14 
0 0.293809 14 
0 0.29579 14 
0 0.296965 14 
0 0.29697 14 
0 0.303188 14 
0 0.305354 14 
0 0.308783 14 
0 0.309775 14 
0 0.311904 14 
0 0.311906 14 
0 0.335316 14 
0 0.342651 14 
0 0.358479 14 
0 0.372215 14 
0 0.453857 14 
0 0.547795 14 
0 0.561044 14 
0 0.594136 14 
0 0.594332 14 
0 0.705573 14 
0 0.726195 14 
0 0.749386 14 
0 0.753149 14 
0 0.753303 14 
0 0.753716 14 
0 0.753922 14 
0 0.754385 14 
0 0.881965 14 
0 0.88478 14 
0 0.886184 14 
0 0.914933 14 
0 0.926116 14 
0 0.927081 14 
0 0.928254 14 
0 0.953387 14 
0 0.953591 14 
0 0.976418 14 
0 0.978922 14 
0 0.978922 14 
0 1.23327 14 
0 1.25156 14 
0 1.26514 14 
0 1.30775 14 
0 1.31155 14 
0 1.33768 14 
0 1.33899 14 
0 1.34559 14 
0 1.95765 14 
0 1.95908 14 
0 1.97227 14 
0 1.97268 14 
0 1.97286 14 
0 inf 14 
0 0.0768474 15 
0 0.0854616 15 
0 0.114261 15 
0 0.120812 15 
0 0.149069 15 
0 0.157189 15 
0 0.166981 15 
0 0.188853 15 
0 0.195911 15 
0 0.196119 15 
0 0.19747 15 
0 0.197893 15 
0 0.198834 15 
0 0.203113 15 
0 0.203534 15 
0 0.214477 15 
0 0.221095 15 
0 0.227315 15 
0 0.230527 15 
0 0.231032 15 
0 0.231032 15 
0 0.250583 15 
0 0.258202 15 
0 0.262677 15 
0 0.267368 15 
0 0.27054 15 
0 0.277484 15 
0 0.283173 15 
0 0.286314 15 
0 0.288474 15 
0 0.289684 15 
0 0.291556 15 
0 0.291821 15 
0 0.293811 15 
0 0.293811 15 
0 0.310404 15 
0 0.330306 15 
0 0.331833 15 
0 0.334614 15 
0 0.369689 15 
0 0.509207 15 
0 0.522833 15 
0 0.523649 15 
0 0.559867 15 
0 0.758444 15 
0 0.766185 15 
0 0.770641 15 
0 0.774864 15 
0 0.775465 15 
0 0.776066 15 
0 0.776325 15 
0 0.808808 15 
0 0.884565 15 
0 0.894345 15 
0 0.909696 15 
0 0.910409 15 
0 0.911402 15 
0 0.912425 15 
0 0.914448 15 
0 0.915994 15 
0 0.969789 15 
0 0.974465 15 
0 0.981891 15 
0 0.983156 15 
0 0.992469 15 
0 1.00368 15 
0 1.02163 15 
0 1.30947 15 
0 1.30995 15 
0 1.31548 15 
0 1.31548 15 
0 1.96494 15 
0 1.96943 15 
0 1.97628 15 
0 1.97634 15 
0 inf 15 
0 0.0937053 16 
0 0.115603 16 
0 0.138211 16 
0 0.14103 16 
0 0.142402 16 
0 0.144259 16 
0 0.147193 16 
0 0.163497 16 
0 0.179786 16 
0 0.179789 16 
0 0.182392 16 
0 0.184901 16 
0 0.192112 16 
0 0.195663 16 
0 0.19591 16 
0 0.199847 16 
0 0.215376 16 
0 0.217556 16 
0 0.219513 16 
0 0.220386 16 
0 0.224559 16 
0 0.224559 16 
0 0.235034 16 
0 0.238317 16 
0 0.239461 16 
0 0.247125 16 
0 0.252105 16 
0 0.253333 16 
0 0.264292 16 
0 0.280146 16 
0 0.280151 16 
0 0.298545 16 
0 0.300489 16 
0 0.306632 16 
0 0.323403 16 
0 0.339108 16 
0 0.340023 16 
0 0.373149 16 
0 0.374915 16 
0 0.390249 16 
0 0.413648 16 
0 0.439416 16 
0 0.525276 16 
0 0.591124 16 
0 0.623369 16 
0 0.623862 16 
0 0.638882 16 
0 0.757264 16 
0 0.757828 16 
0 0.758084 16 
0 0.762122 16 
0 0.762186 16 
0 0.868116 16 
0 0.87236 16 
0 0.884842 16 
0 0.901846 16 
0 0.915188 16 
0 0.926858 16 
0 0.927486 16 
0 0.95798 16 
0 0.9596 16 
0 0.960571 16 
0 0.966741 16 
0 1.30927 16 
0 1.31802 16 
0 1.31846 16 
0 1.32035 16 
0 1.95835 16 
0 1.96097 16 
0 1.96477 16 
0 1.96672 16 
0 inf 16 
0 0.121174 17 
0 0.125852 17 
0 0.128638 17 
0 0.130701 17 
0 0.138531 17 
0 0.144028 17 
0 0.146435 17 
0 0.150373 17 
0 0.150375 17 
0 0.150375 17 
0 0.198646 17 
0 0.200243 17 
0 0.201751 17 
0 0.221801 17 
0 0.222496 17 
0 0.227338 17 
0 0.230054 17 
0 0.24573 17 
0 0.250273 17 
0 0.2594 17 
0 0.268527 17 
0 0.2734 17 
0 0.274675 17 
0 0.277221 17 
0 0.285224 17 
0 0.297097 17 
0 0.303305 17 
0 0.318183 17 
0 0.337149 17 
0 0.341164 17 
0 0.341615 17 
0 0.342528 17 
0 0.344333 17 
0 0.351927 17 
0 0.35643 17 
0 0.357627 17 
0 0.36981 17 
0 0.55456 17 
0 0.577495 17 
0 0.581718 17 
0 0.581718 17 
0 0.599036 17 
0 0.604694 17 
0 0.646953 17 
0 0.654786 17 
0 0.784173 17 
0 0.795105 17 
0 0.795886 17 
0 0.796423 17 
0 0.807077 17 
0 0.910008 17 
0 0.926819 17 
0 0.933345 17 
0 0.937001 17 
0 0.942911 17 
0 0.968987 17 
0 0.969348 17 
0 0.969348 17 
0 0.978325 17 
0 1.31664 17 
0 1.31678 17 
0 1.31779 17 
0 1.33184 17 
0 1.96176 17 
0 1.96271 17 
0 1.96289 17 
0 1.96469 17 
0 inf 17 
0 0.15743 18 
0 0.162268 18 
0 0.162984 18 
0 0.163216 18 
0 0.166753 18 
0 0.171345 18 
0 0.176523 18 
0 0.181289 18 
0 0.186957 18 
0 0.198471 18 
0 0.202539 18 
0 0.204068 18 
0 0.221077 18 
0 0.224739 18 
0 0.23423 18 
0 0.243979 18 
0 0.259262 18 
0 0.280554 18 
0 0.285904 18 
0 0.287934 18 
0 0.289146 18 
0 0.305355 18 
0 0.307402 18 
0 0.312289 18 
0 0.313409 18 
0 0.321834 18 
0 0.322065 18 
0 0.322786 18 
0 0.32602 18 
0 0.335654 18 
0 0.336001 18 
0 0.337294 18 
0 0.344788 18 
0 0.356971 18 
0 0.437644 18 
0 0.503836 18 
0 0.658174 18 
0 0.670267 18 
0 0.791869 18 
0 0.793633 18 
0 0.793877 18 
0 0.799002 18 
0 0.807464 18 
0 0.882808 18 
0 0.896277 18 
0 0.90793 18 
0 0.917507 18 
0 0.917719 18 
0 0.944395 18 
0 0.952057 18 
0 0.952914 18 
0 0.966822 18 
0 0.97343 18 
0 0.974427 18 
0 0.978366 18 
0 1.3164 18 
0 1.32017 18 
0 1.3212 18 
0 1.32155 18 
0 1.95997 18 
0 1.96923 18 
0 1.97002 18 
0 1.97002 18 
0 inf 18 
0 0.113905 19 
0 0.113905 19 
0 0.124347 19 
0 0.152148 19 
0 0.160365 19 
0 0.161571 19 
0 0.161786 19 
0 0.168865 19 
0 0.175861 19 
0 0.176488 19 
0 0.176963 19 
0 0.17976 19 
0 0.195921 19 
0 0.223527 19 
0 0.22629 19 
0 0.226291 19 
0 0.22647 19 
0 0.260749 19 
0 0.266216 19 
0 0.270268 19 
0 0.284968 19 
0 0.297877 19 
0 0.301255 19 
0 0.304333 19 
0 0.31672 19 
0 0.323148 19 
0 0.325888 19 
0 0.333314 19 
0 0.335752 19 
0 0.335774 19 
0 0.335774 19 
0 0.336692 19 
0 0.339106 19 
0 0.359896 19 
0 0.392431 19 
0 0.670223 19 
0 0.683083 19 
0 0.767109 19 
0 0.767362 19 
0 0.770394 19 
0 0.885263 19 
0 0.943857 19 
0 0.944228 19 
0 0.944269 19 
0 0.963964 19 
0 0.970831 19 
0 0.980388 19 
0 0.98533 19 
0 0.996887 19 
0 1.0033 19 
0 1.10753 19 
0 1.33043 19 
0 1.33122 19 
0 1.33192 19 
0 1.9612 19 
0 1.96138 19 
0 1.96138 19 
0 2.08935 19 
0 2.09649 19 
0 inf 19 
0 0.0747918 20 
0 0.0817394 20 
0 0.104303 20 
0 0.106875 20 
0 0.106875 20 
0 0.107593 20 
0 0.115939 20 
0 0.118919 20 
0 0.12087 20 
0 0.123719 20 
0 0.149334 20 
0 0.149588 20 
0 0.157401 20 
0 0.162549 20 
0 0.183842 20 
0 0.235049 20 
0 0.237677 20 
0 0.245092 20 
0 0.260274 20 
0 0.263242 20 
0 0.266323 20 
0 0.273842 20 
0 0.27455 20 
0 0.283589 20 
0 0.286314 20 
0 0.291026 20 
0 0.299576 20 
0 0.302544 20 
0 0.309527 20 
0 0.312777 20 
0 0.319035 20 
0 0.321945 20 
0 0.324 20 
0 0.333329 20 
0 0.357855 20 
0 0.364089 20 
0 0.486577 20 
0 0.690269 20 
0 0.733492 20 
0 0.776806 20 
0 0.777256 20 
0 0.778305 20 
0 0.890739 20 
0 0.92415 20 
0 0.925081 20 
0 0.926459 20 
0 0.928594 20 
0 0.945147 20 
0 1.00655 20 
0 1.00805 20 
0 1.10977 20 
0 1.32135 20 
0 1.32161 20 
0 1.96803 20 
0 1.96891 20 
0 inf 20 
