5.24872 8.75666 1 
0.826685 0.830352 1 
0.821714 1.97135 1 
0.432035 0.512069 1 
0.365976 0.419585 1 
0.229909 0.244701 1 
0.175291 0.248044 1 
0.121763 0.127513 1 
0.121462 0.146823 1 
0.119688 0.1362 1 
0.101201 0.105026 1 
0.0968658 0.100495 1 
0.0965009 0.100839 1 
0.0964948 0.110664 1 
0.0949998 0.118187 1 
0.0934809 0.118482 1 
0.0927048 0.106039 1 
0.0923235 0.100839 1 
0.0919396 0.0964913 1 
0.0903665 0.0938674 1 
0.089161 0.100851 1 
0.0875438 0.0907588 1 
0.0816143 0.100851 1 
0.0784893 0.0816112 1 
0.0708125 0.0871341 1 
0.0702981 0.0761711 1 
0.0687589 0.0728036 1 
0.0621939 0.062764 1 
0.0592457 0.0747461 1 
0.0535184 0.062764 1 
6.08154 6.11392 2 
4.40309 6.12473 2 
0.666655 2.48608 2 
0.560297 0.577485 2 
0.395597 0.439918 2 
0.388295 0.396144 2 
0.387926 0.463696 2 
0.38496 0.428119 2 
0.186379 0.199379 2 
0.155824 0.18484 2 
0.122931 0.123514 2 
0.119988 0.148765 2 
0.119688 0.123521 2 
0.104346 0.110352 2 
0.104344 0.105018 2 
0.102614 0.112918 2 
0.102271 0.113548 2 
0.101201 0.10638 2 
0.0961276 0.120286 2 
0.0961276 0.122644 2 
0.0934863 0.122636 2 
0.0934845 0.116971 2 
0.09348 0.123514 2 
0.0784893 0.0964974 2 
0.0718114 0.0723127 2 
0.0644557 0.0682327 2 
0.062764 0.0737755 2 
0.0592414 0.0660952 2 
0.0574021 0.0702993 2 
4.59087 4.82896 3 
4.57524 4.78167 3 
4.25216 4.83056 3 
0.751324 0.801551 3 
0.613037 2.48116 3 
0.279674 0.313592 3 
0.264397 0.272529 3 
0.175497 0.184839 3 
0.134883 0.168836 3 
0.127232 0.13057 3 
0.114181 0.115113 3 
0.110015 0.114795 3 
0.109693 0.114181 3 
0.106715 0.110669 3 
0.106706 0.112903 3 
0.105024 0.116662 3 
0.100854 0.101911 3 
0.100851 0.116656 3 
0.0972398 0.110995 3 
0.097238 0.11573 3 
0.0934794 0.0986933 3 
0.0934783 0.098694 3 
0.0923216 0.105357 3 
0.0895636 0.0979679 3 
0.0842061 0.105357 3 
0.0798412 0.0858852 3 
0.0682327 0.0829234 3 
0.0682303 0.0816164 3 
2.04283 2.08191 4 
0.551059 2.08328 4 
0.258229 0.260028 4 
0.254878 0.261815 4 
0.161465 0.17344 4 
0.131922 0.13541 4 
0.123799 0.129738 4 
0.122939 0.129738 4 
0.118485 0.126947 4 
0.1126 0.133543 4 
0.111953 0.119686 4 
0.110673 0.124959 4 
0.108052 0.117576 4 
0.0780299 0.0883652 4 
0.0761656 0.07617 4 
0.0703075 0.0723106 4 
0.0703053 0.0798475 4 
0.0660939 0.0816174 4 
1.8692 1.8722 5 
1.06801 1.87237 5 
0.799578 0.806494 5 
0.170316 0.178725 5 
0.164973 0.170741 5 
0.148283 0.167129 5 
0.141866 0.144366 5 
0.139063 0.164758 5 
0.135411 0.138553 5 
0.129736 0.143125 5 
0.126099 0.126101 5 
0.119988 0.133809 5 
0.118488 0.129469 5 
0.115739 0.127237 5 
0.114495 0.147313 5 
0.109368 0.139315 5 
0.105028 0.121766 5 
0.0972389 0.111634 5 
0.0927081 0.0934787 5 
0.0816195 0.083781 5 
0.077105 0.0793927 5 
1.6228 1.63706 6 
1.58638 1.64177 6 
1.58256 1.63299 6 
0.791926 0.806529 6 
0.177326 0.18032 6 
0.152573 0.172412 6 
0.14805 0.148051 6 
0.147317 0.154903 6 
0.132743 0.142123 6 
0.113547 0.116963 6 
0.0871352 0.0883627 6 
0.0798416 0.0899636 6 
1.62608 1.65141 7 
1.40333 1.44873 7 
1.39801 1.44962 7 
0.831853 0.925357 7 
0.215772 0.226783 7 
0.1722 0.186575 7 
0.163227 0.183484 7 
0.141613 0.150443 7 
0.130836 0.133547 7 
0.125529 0.133011 7 
0.0820479 0.0867189 7 
1.88348 1.93298 8 
1.22935 1.28176 8 
1.21369 1.28711 8 
0.84131 0.853857 8 
0.746438 0.748455 8 
0.611989 0.653635 8 
0.159232 0.162122 8 
0.147323 0.169266 8 
0.131648 0.133274 8 
1.17143 1.21046 9 
1.08726 1.13694 9 
1.00527 1.07256 9 
0.965629 1.14705 9 
0.926194 1.03177 9 
0.689893 0.826615 9 
0.513334 0.524854 9 
0.33284 0.334922 9 
0.241454 0.250057 9 
0.164762 0.174678 9 
1.05201 1.05438 10 
0.885377 0.896069 10 
0.879262 0.974116 10 
0.680323 0.759473 10 
0.600587 0.607525 10 
0.487421 0.529198 10 
1.48432 1.4975 11 
0.802836 0.841694 11 
0.631711 0.649351 11 
0.571189 0.589637 11 
0.543079 0.544905 11 
0.344259 0.385034 11 
1.28871 1.30107 12 
0.801589 0.870389 12 
0.534522 0.576987 12 
0.45149 0.508289 12 
0.32785 0.368303 12 
0.247896 0.247909 12 
0.734975 0.766328 13 
0.654457 0.691239 13 
0.627018 0.672317 13 
0.625188 0.668472 13 
0.593749 0.656257 13 
0.546975 0.610218 13 
0.418651 0.460291 13 
0.336584 0.346352 13 
0.809589 0.836616 14 
0.760606 0.776911 14 
0.540187 0.59975 14 
0.428152 0.454104 14 
0.722946 0.773214 15 
0.36295 0.370039 15 
0.537862 0.556704 16 
0.636822 0.656369 17 
0.634343 0.638502 17 
0.626856 0.649955 17 
0.531031 0.574871 17 
0.536778 0.561364 19 
0.533767 0.56181 19 
0.528914 0.550479 19 
0.439923 0.439999 19 
