6.30199 8.63361 1 
2.12555 2.21574 1 
0.882366 2.23 1 
0.295538 0.300221 1 
0.116975 0.124546 1 
0.113586 0.124671 1 
0.110371 0.130202 1 
0.100704 0.103642 1 
0.0996594 0.109277 1 
0.0987496 0.100705 1 
0.096599 0.0975264 1 
0.0945624 0.0979918 1 
0.0945624 0.0947205 1 
0.0945589 0.0959765 1 
0.0940819 0.114769 1 
0.0934419 0.106638 1 
0.0914945 0.100705 1 
0.0886624 0.0906702 1 
0.0818071 0.0884981 1 
0.0806901 0.0867899 1 
0.0803253 0.095982 1 
0.0797632 0.0883301 1 
0.0759071 0.0862686 1 
0.0749054 0.0755036 1 
0.0738974 0.0786183 1 
0.0709972 0.075305 1 
0.0705737 0.0705744 1 
0.0659589 0.0697189 1 
0.0636428 0.0643478 1 
0.061487 0.0652749 1 
0.0597541 0.0614826 1 
0.0577103 0.0664145 1 
0.0574496 0.0664145 1 
0.0571874 0.062456 1 
0.054777 0.0661872 1 
0.0544994 0.054774 1 
0.0525394 0.0550455 1 
0.0492956 0.0539433 1 
0.0492944 0.0496045 1 
0.0483806 0.0602587 1 
0.0483711 0.0597541 1 
0.0483709 0.0486803 1 
0.0483709 0.0542169 1 
0.0480704 0.0636464 1 
0.0471152 0.0513729 1 
0.0467975 0.0498986 1 
6.09732 6.71842 2 
6.09355 6.7165 2 
5.87863 5.90268 2 
5.62883 5.67035 2 
5.16718 6.72999 2 
0.72732 2.98084 2 
0.208363 0.216074 2 
0.166865 0.169631 2 
0.143153 0.177327 2 
0.120756 0.136282 2 
0.0908346 0.0978324 2 
0.0841492 0.0893374 2 
0.0823519 0.0982983 2 
0.0797553 0.107613 2 
0.0786221 0.0795665 2 
0.0786213 0.0830723 2 
0.0774699 0.0795706 2 
0.0661834 0.0664134 2 
0.0636477 0.0641103 2 
0.061239 0.0692884 2 
0.0579677 0.0661841 2 
0.0533891 0.0566585 2 
0.661155 3.16352 3 
0.20923 0.236046 3 
0.203044 0.234069 3 
0.200664 0.226181 3 
0.196127 0.215724 3 
0.181585 0.2075 3 
0.115811 0.122852 3 
0.103785 0.134507 3 
0.0964387 0.0993545 3 
0.09018 0.0914981 3 
0.0784309 0.0845089 3 
0.0732875 0.0764911 3 
0.0709981 0.0724664 3 
0.0705761 0.0810655 3 
0.0705726 0.0709979 3 
0.0645896 0.0716305 3 
0.7398 3.05329 4 
0.199766 0.202451 4 
0.199242 0.209659 4 
0.198638 0.221012 4 
0.194515 0.19459 4 
0.172351 0.181758 4 
0.121749 0.133275 4 
0.106641 0.110775 4 
0.0996589 0.116714 4 
0.0964406 0.100851 4 
0.0714175 0.0768808 4 
0.0638772 0.067976 4 
1.29026 2.79785 5 
0.223442 0.226242 5 
0.206924 0.228285 5 
0.206852 0.207929 5 
0.192886 0.210659 5 
0.138037 0.14221 5 
0.135726 0.142732 5 
0.118376 0.123216 5 
0.0643473 0.0701469 5 
0.0600023 0.0726721 5 
2.88005 2.90511 6 
2.48672 2.51495 6 
2.48177 2.52492 6 
1.46478 2.58812 6 
0.181747 0.188 6 
0.18118 0.183155 6 
0.165236 0.182162 6 
0.163317 0.199233 6 
0.0978324 0.10145 6 
0.0967526 0.097836 6 
0.063643 0.067309 6 
2.25059 2.54218 7 
2.2344 2.25013 7 
2.2328 2.25865 7 
2.23108 2.4871 7 
1.90638 1.92386 7 
1.86967 2.28817 7 
0.180935 0.1825 7 
0.158286 0.165965 7 
0.156185 0.178253 7 
0.139328 0.141359 7 
0.0828945 0.085389 7 
0.0801262 0.0867821 7 
0.0795633 0.0901734 7 
2.59088 2.90979 8 
2.21791 2.35863 8 
2.03065 2.07361 8 
1.93979 2.18567 8 
1.93909 2.09423 8 
1.93859 2.09423 8 
0.145852 0.156861 8 
0.0859105 0.0871304 8 
1.9911 2.29789 9 
1.93986 2.02827 9 
1.93189 2.01353 9 
1.7658 1.79723 9 
1.73339 1.73535 9 
1.64336 1.83454 9 
1.52233 1.60512 9 
0.651448 0.677257 9 
0.637028 0.683672 9 
0.153179 0.153371 9 
0.149507 0.149913 9 
0.107058 0.107336 9 
2.41785 2.53694 10 
2.36516 2.52974 10 
1.95523 2.10634 10 
1.95513 2.10634 10 
1.45491 1.52873 10 
0.115938 0.118244 10 
2.21757 2.64162 11 
2.1417 2.63026 11 
1.36448 1.42421 11 
0.71813 0.733146 11 
1.33364 1.38739 12 
1.1927 1.30096 12 
1.19232 1.23085 12 
0.584545 0.586479 12 
0.176452 0.176889 12 
0.972456 0.980091 13 
0.941234 0.943897 13 
0.834977 0.946057 13 
0.498335 0.531727 13 
1.97175 2.1023 14 
1.92971 1.97285 14 
1.14435 1.30453 14 
0.875458 0.943214 14 
0.865397 0.887225 14 
0.764316 0.844031 14 
0.73863 0.749569 14 
0.731358 1.00488 14 
0.538561 0.553572 14 
0.49014 0.500332 14 
2.39066 2.45187 15 
2.33994 2.45581 15 
0.899347 1.02644 15 
0.893708 1.06444 15 
0.502652 0.521388 15 
2.39181 2.655 16 
2.37807 2.66051 16 
1.92965 2.3904 17 
1.92965 2.40791 17 
1.31936 1.35514 17 
1.13377 1.16229 17 
1.46799 1.57211 18 
1.31899 1.61028 18 
1.10576 1.24209 19 
1.06289 1.14722 19 
1.0482 1.15585 19 
0.893271 0.961303 19 
1.02075 1.0746 20 
1.02022 1.07102 20 
0.589347 0.603483 20 
0.181728 0.182069 20 
0.177722 0.183085 20 
