0 0.0137335 1 
0 0.0148276 1 
0 0.0177341 1 
0 0.0185942 1 
0 0.0237885 1 
0 0.025073 1 
0 0.0262983 1 
0 0.0262992 1 
0 0.028035 1 
0 0.0285898 1 
0 0.0296695 1 
0 0.0307126 1 
0 0.0331672 1 
0 0.0354607 1 
0 0.0363384 1 
0 0.0396432 1 
0 0.040042 1 
0 0.0400522 1 
0 0.0404327 1 
0 0.0411991 1 
0 0.0412059 1 
0 0.0419573 1 
0 0.0419573 1 
0 0.0423334 1 
0 0.0423374 1 
0 0.0437909 1 
0 0.0437924 1 
0 0.0448554 1 
0 0.0465743 1 
0 0.0469161 1 
0 0.0472453 1 
0 0.047912 1 
0 0.0488816 1 
0 0.0495238 1 
0 0.0498369 1 
0 0.0498369 1 
0 0.0520011 1 
0 0.0522944 1 
0 0.0531954 1 
0 0.0534845 1 
0 0.0534898 1 
0 0.05349 1 
0 0.0537779 1 
0 0.0537813 1 
0 0.054358 1 
0 0.0563508 1 
0 0.0566306 1 
0 0.0593326 1 
0 0.0601291 1 
0 0.0609084 1 
0 0.0611612 1 
0 0.0619274 1 
0 0.0624372 1 
0 0.0626893 1 
0 0.0626931 1 
0 0.0661102 1 
0 0.0684403 1 
0 0.0689035 1 
0 0.0718126 1 
0 0.0735365 1 
0 0.0748083 1 
0 0.07481 1 
0 0.0754345 1 
0 0.0754367 1 
0 0.0764699 1 
0 0.0788989 1 
0 0.0788994 1 
0 0.0794973 1 
0 0.0855901 1 
0 0.0857671 1 
0 0.0907599 1 
0 0.0923018 1 
0 0.0933167 1 
0 0.0953247 1 
0 0.0967897 1 
0 0.0976027 1 
0 0.10232 1 
0 0.104295 1 
0 0.104749 1 
0 0.10727 1 
0 0.107855 1 
0 0.110592 1 
0 0.11073 1 
0 0.115042 1 
0 0.119867 1 
0 0.119874 1 
0 0.125882 1 
0 0.127499 1 
0 0.140397 1 
0 0.141406 1 
0 0.146967 1 
0 0.161055 1 
0 0.16463 1 
0 0.164724 1 
0 0.174368 1 
0 0.179343 1 
0 0.227211 1 
0 0.244986 1 
0 0.274348 1 
0 0.274574 1 
0 0.300803 1 
0 0.325938 1 
0 0.376056 1 
0 0.389479 1 
0 0.39799 1 
0 0.440236 1 
0 0.452662 1 
0 0.478223 1 
0 0.507372 1 
0 0.521459 1 
0 0.53433 1 
0 0.547066 1 
0 0.548329 1 
0 0.558994 1 
0 0.604816 1 
0 0.638171 1 
0 0.699853 1 
0 0.772606 1 
0 0.852529 1 
0 0.86492 1 
0 1.40481 1 
0 1.49672 1 
0 2.07025 1 
0 2.33568 1 
0 2.69254 1 
0 2.90619 1 
0 3.2352 1 
0 5.35177 1 
0 5.5211 1 
0 5.96464 1 
0 6.02945 1 
0 inf 1 
0 0.016821 2 
0 0.0217145 2 
0 0.0237847 2 
0 0.0262992 2 
0 0.0262993 2 
0 0.0296679 2 
0 0.0301941 2 
0 0.0307035 2 
0 0.0312156 2 
0 0.0326893 2 
0 0.0326911 2 
0 0.0345645 2 
0 0.0363347 2 
0 0.0376166 2 
0 0.0380268 2 
0 0.0396517 2 
0 0.0415856 2 
0 0.0427008 2 
0 0.0427008 2 
0 0.0427008 2 
0 0.0427016 2 
0 0.0437912 2 
0 0.0445041 2 
0 0.0455537 2 
0 0.0469126 2 
0 0.0469175 2 
0 0.047577 2 
0 0.0488839 2 
0 0.0507654 2 
0 0.0516902 2 
0 0.0516949 2 
0 0.0516958 2 
0 0.0519982 2 
0 0.0525987 2 
0 0.0537805 2 
0 0.0546495 2 
0 0.0546555 2 
0 0.0566394 2 
0 0.058807 2 
0 0.0588071 2 
0 0.059077 2 
0 0.0603853 2 
0 0.060645 2 
0 0.0634388 2 
0 0.0639261 2 
0 0.0639288 2 
0 0.0656266 2 
0 0.0656306 2 
0 0.0665826 2 
0 0.0711522 2 
0 0.0722363 2 
0 0.0756401 2 
0 0.0756451 2 
0 0.0762642 2 
0 0.0762648 2 
0 0.0764707 2 
0 0.0798874 2 
0 0.0812577 2 
0 0.0814507 2 
0 0.0874076 2 
0 0.0883033 2 
0 0.0909283 2 
0 0.0928191 2 
0 0.09582 2 
0 0.0969482 2 
0 0.105799 2 
0 0.116812 2 
0 0.125504 2 
0 0.130654 2 
0 0.130781 2 
0 0.132686 2 
0 0.140185 2 
0 0.143389 2 
0 0.14339 2 
0 0.144267 2 
0 0.14568 2 
0 0.148565 2 
0 0.170263 2 
0 0.17562 2 
0 0.179863 2 
0 0.180561 2 
0 0.181169 2 
0 0.189405 2 
0 0.203561 2 
0 0.212625 2 
0 0.214323 2 
0 0.224075 2 
0 0.234762 2 
0 0.251824 2 
0 0.308853 2 
0 0.314595 2 
0 0.336486 2 
0 0.349405 2 
0 0.381166 2 
0 0.405402 2 
0 0.408811 2 
0 0.412946 2 
0 0.438117 2 
0 0.458608 2 
0 0.472556 2 
0 0.540309 2 
0 0.543325 2 
0 0.552397 2 
0 0.597875 2 
0 0.633819 2 
0 0.63691 2 
0 0.644679 2 
0 0.672402 2 
0 0.690488 2 
0 0.694243 2 
0 0.696693 2 
0 0.701001 2 
0 1.32586 2 
0 1.43641 2 
0 1.4887 2 
0 1.68834 2 
0 1.92578 2 
0 2.18124 2 
0 2.41142 2 
0 3.68849 2 
0 3.88369 2 
0 4.13403 2 
0 4.15887 2 
0 4.72074 2 
0 4.998 2 
0 5.02845 2 
0 5.16978 2 
0 inf 2 
0 0.0231209 3 
0 0.0262983 3 
0 0.0326965 3 
0 0.0326989 3 
0 0.0376166 3 
0 0.0380288 3 
0 0.0392471 3 
0 0.0392491 3 
0 0.0392529 3 
0 0.0396489 3 
0 0.0396489 3 
0 0.0408194 3 
0 0.0419569 3 
0 0.0423307 3 
0 0.0452082 3 
0 0.0462375 3 
0 0.0462423 3 
0 0.0485517 3 
0 0.0488862 3 
0 0.0495239 3 
0 0.0504711 3 
0 0.0534845 3 
0 0.0534856 3 
0 0.0543621 3 
0 0.0543661 3 
0 0.0557846 3 
0 0.0557894 3 
0 0.0563585 3 
0 0.0577283 3 
0 0.0577284 3 
0 0.0596041 3 
0 0.0619321 3 
0 0.0619322 3 
0 0.0629404 3 
0 0.0644209 3 
0 0.0672827 3 
0 0.0677505 3 
0 0.0684442 3 
0 0.0704802 3 
0 0.0713683 3 
0 0.0739607 3 
0 0.0756432 3 
0 0.0766739 3 
0 0.0772863 3 
0 0.0772915 3 
0 0.0780938 3 
0 0.0796938 3 
0 0.0829712 3 
0 0.0850414 3 
0 0.0900589 3 
0 0.0902321 3 
0 0.0911041 3 
0 0.0995124 3 
0 0.115041 3 
0 0.116667 3 
0 0.116807 3 
0 0.117349 3 
0 0.118548 3 
0 0.119473 3 
0 0.120518 3 
0 0.121689 3 
0 0.1404 3 
0 0.163185 3 
0 0.169982 3 
0 0.170161 3 
0 0.181006 3 
0 0.183757 3 
0 0.190146 3 
0 0.190148 3 
0 0.192777 3 
0 0.194965 3 
0 0.221393 3 
0 0.221676 3 
0 0.226725 3 
0 0.232947 3 
0 0.23802 3 
0 0.309608 3 
0 0.320254 3 
0 0.325893 3 
0 0.32594 3 
0 0.347851 3 
0 0.364381 3 
0 0.365931 3 
0 0.369471 3 
0 0.372958 3 
0 0.393129 3 
0 0.409103 3 
0 0.417055 3 
0 0.426954 3 
0 0.45487 3 
0 0.462573 3 
0 0.471728 3 
0 0.487538 3 
0 0.504191 3 
0 0.512757 3 
0 0.535785 3 
0 0.585215 3 
0 0.596391 3 
0 0.596766 3 
0 0.602559 3 
0 0.607189 3 
0 0.631933 3 
0 0.644861 3 
0 0.651744 3 
0 0.658873 3 
0 1.29927 3 
0 1.30489 3 
0 1.32817 3 
0 1.77614 3 
0 1.79325 3 
0 1.82385 3 
0 1.89177 3 
0 1.96567 3 
0 2.3506 3 
0 2.35253 3 
0 2.35258 3 
0 2.47279 3 
0 2.52316 3 
0 2.52911 3 
0 3.82253 3 
0 3.82366 3 
0 3.82419 3 
0 3.82792 3 
0 inf 3 
0 0.0177309 4 
0 0.0363326 4 
0 0.0363338 4 
0 0.0363409 4 
0 0.0376122 4 
0 0.0412018 4 
0 0.04555 4 
0 0.0455515 4 
0 0.0458954 4 
0 0.0458958 4 
0 0.0469115 4 
0 0.0469134 4 
0 0.0472455 4 
0 0.0475694 4 
0 0.0475788 4 
0 0.0492016 4 
0 0.0543611 4 
0 0.0543622 4 
0 0.0560717 4 
0 0.0563515 4 
0 0.0566298 4 
0 0.0577287 4 
0 0.0580009 4 
0 0.0587993 4 
0 0.0598656 4 
0 0.0598659 4 
0 0.0603918 4 
0 0.0629384 4 
0 0.0639307 4 
0 0.0646654 4 
0 0.0653891 4 
0 0.0668175 4 
0 0.0675185 4 
0 0.0682168 4 
0 0.0691266 4 
0 0.069578 4 
0 0.0698062 4 
0 0.0707085 4 
0 0.0711486 4 
0 0.0720269 4 
0 0.0728939 4 
0 0.0886589 4 
0 0.0914553 4 
0 0.0934858 4 
0 0.107858 4 
0 0.10829 4 
0 0.108294 4 
0 0.11073 4 
0 0.112425 4 
0 0.118415 4 
0 0.123742 4 
0 0.133742 4 
0 0.133984 4 
0 0.149408 4 
0 0.150141 4 
0 0.15119 4 
0 0.157305 4 
0 0.159976 4 
0 0.167277 4 
0 0.17182 4 
0 0.174272 4 
0 0.196808 4 
0 0.197763 4 
0 0.198001 4 
0 0.234561 4 
0 0.292859 4 
0 0.301131 4 
0 0.305488 4 
0 0.308234 4 
0 0.315452 4 
0 0.320614 4 
0 0.343414 4 
0 0.343425 4 
0 0.357606 4 
0 0.364613 4 
0 0.375017 4 
0 0.404655 4 
0 0.412189 4 
0 0.439969 4 
0 0.459157 4 
0 0.466796 4 
0 0.476919 4 
0 0.492487 4 
0 0.495867 4 
0 0.504378 4 
0 0.515703 4 
0 0.524672 4 
0 0.552869 4 
0 0.559742 4 
0 0.574387 4 
0 0.581471 4 
0 0.583091 4 
0 0.597439 4 
0 0.597991 4 
0 0.600904 4 
0 0.616527 4 
0 0.633527 4 
0 0.811902 4 
0 1.16441 4 
0 1.30514 4 
0 1.34262 4 
0 1.52264 4 
0 1.87194 4 
0 1.94897 4 
0 1.9538 4 
0 1.98132 4 
0 1.99726 4 
0 2.08535 4 
0 2.13128 4 
0 2.13139 4 
0 2.13139 4 
0 2.16486 4 
0 2.1841 4 
0 2.20043 4 
0 2.20214 4 
0 2.20216 4 
0 2.32655 4 
0 2.32712 4 
0 2.32817 4 
0 inf 4 
0 0.0262932 5 
0 0.026303 5 
0 0.0280288 5 
0 0.041586 5 
0 0.0419573 5 
0 0.0455488 5 
0 0.0469127 5 
0 0.0469142 5 
0 0.0475694 5 
0 0.0516887 5 
0 0.0519927 5 
0 0.0519939 5 
0 0.0519984 5 
0 0.052893 5 
0 0.0528972 5 
0 0.0566225 5 
0 0.0582638 5 
0 0.060908 5 
0 0.0639306 5 
0 0.0649068 5 
0 0.0665772 5 
0 0.0684474 5 
0 0.0695785 5 
0 0.0711526 5 
0 0.0713648 5 
0 0.0760609 5 
0 0.0770823 5 
0 0.0790948 5 
0 0.0794879 5 
0 0.0794919 5 
0 0.0794951 5 
0 0.080283 5 
0 0.0814453 5 
0 0.0827853 5 
0 0.0831717 5 
0 0.0881267 5 
0 0.0891851 5 
0 0.0961446 5 
0 0.100612 5 
0 0.103083 5 
0 0.104447 5 
0 0.105197 5 
0 0.130417 5 
0 0.131497 5 
0 0.132453 5 
0 0.134214 5 
0 0.138484 5 
0 0.152321 5 
0 0.15397 5 
0 0.1573 5 
0 0.158199 5 
0 0.160072 5 
0 0.162028 5 
0 0.178023 5 
0 0.178198 5 
0 0.183069 5 
0 0.240909 5 
0 0.252394 5 
0 0.309405 5 
0 0.33233 5 
0 0.34343 5 
0 0.344047 5 
0 0.366377 5 
0 0.383799 5 
0 0.385068 5 
0 0.391777 5 
0 0.394931 5 
0 0.444536 5 
0 0.445702 5 
0 0.448654 5 
0 0.451098 5 
0 0.452875 5 
0 0.456719 5 
0 0.462352 5 
0 0.466008 5 
0 0.474455 5 
0 0.475231 5 
0 0.475264 5 
0 0.503495 5 
0 0.51388 5 
0 0.514282 5 
0 0.553945 5 
0 0.562008 5 
0 0.565433 5 
0 0.566211 5 
0 0.586696 5 
0 0.599499 5 
0 0.599499 5 
0 0.599499 5 
0 0.599562 5 
0 0.674693 5 
0 0.741152 5 
0 0.792644 5 
0 0.937288 5 
0 1.11204 5 
0 1.31135 5 
0 1.33251 5 
0 1.49956 5 
0 1.5599 5 
0 1.58192 5 
0 1.58399 5 
0 1.58565 5 
0 1.89413 5 
0 2.06171 5 
0 2.0996 5 
0 2.10157 5 
0 2.10393 5 
0 2.28962 5 
0 2.29005 5 
0 2.29036 5 
0 2.29283 5 
0 2.66207 5 
0 3.30812 5 
0 3.30828 5 
0 3.31094 5 
0 inf 5 
0 0.0256945 6 
0 0.0322112 6 
0 0.0345674 6 
0 0.0345674 6 
0 0.0350171 6 
0 0.0380315 6 
0 0.0423329 6 
0 0.0513925 6 
0 0.0516991 6 
0 0.0528935 6 
0 0.0531904 6 
0 0.0534851 6 
0 0.0540683 6 
0 0.0585362 6 
0 0.0609031 6 
0 0.0609112 6 
0 0.0621845 6 
0 0.0646588 6 
0 0.0646646 6 
0 0.0646662 6 
0 0.0688976 6 
0 0.0704809 6 
0 0.0715838 6 
0 0.0737462 6 
0 0.0764663 6 
0 0.0789003 6 
0 0.0820289 6 
0 0.0827848 6 
0 0.0833555 6 
0 0.085407 6 
0 0.0897184 6 
0 0.0948277 6 
0 0.101235 6 
0 0.109736 6 
0 0.112141 6 
0 0.115037 6 
0 0.115044 6 
0 0.118284 6 
0 0.118811 6 
0 0.126128 6 
0 0.136078 6 
0 0.136654 6 
0 0.156901 6 
0 0.160859 6 
0 0.163091 6 
0 0.163278 6 
0 0.197768 6 
0 0.247157 6 
0 0.267206 6 
0 0.292753 6 
0 0.306393 6 
0 0.317676 6 
0 0.320541 6 
0 0.322351 6 
0 0.357724 6 
0 0.373462 6 
0 0.376563 6 
0 0.37906 6 
0 0.383953 6 
0 0.394477 6 
0 0.399248 6 
0 0.410874 6 
0 0.423264 6 
0 0.425905 6 
0 0.425942 6 
0 0.427283 6 
0 0.427394 6 
0 0.428019 6 
0 0.434744 6 
0 0.439098 6 
0 0.440242 6 
0 0.450721 6 
0 0.45878 6 
0 0.474026 6 
0 0.516843 6 
0 0.540106 6 
0 0.545705 6 
0 0.571335 6 
0 0.572325 6 
0 0.572441 6 
0 0.572736 6 
0 0.589406 6 
0 0.589726 6 
0 0.591855 6 
0 0.629694 6 
0 0.650834 6 
0 0.655529 6 
0 0.662396 6 
0 0.675996 6 
0 1.08832 6 
0 1.20943 6 
0 1.30671 6 
0 1.32787 6 
0 1.45409 6 
0 1.45712 6 
0 1.45712 6 
0 1.45789 6 
0 1.48776 6 
0 1.70509 6 
0 1.85075 6 
0 1.85088 6 
0 1.85169 6 
0 1.85525 6 
0 1.8991 6 
0 2.12661 6 
0 2.1712 6 
0 2.17123 6 
0 2.39036 6 
0 2.39298 6 
0 2.39298 6 
0 2.39778 6 
0 inf 6 
0 0.0301939 7 
0 0.0427019 7 
0 0.0469066 7 
0 0.0491981 7 
0 0.0491995 7 
0 0.0495216 7 
0 0.0507754 7 
0 0.0516949 7 
0 0.0540727 7 
0 0.0546555 7 
0 0.057454 7 
0 0.0577292 7 
0 0.0582718 7 
0 0.059603 7 
0 0.0621861 7 
0 0.062935 7 
0 0.0649049 7 
0 0.0656325 7 
0 0.0668152 7 
0 0.0675125 7 
0 0.0675173 7 
0 0.0688957 7 
0 0.0722403 7 
0 0.0844806 7 
0 0.0848437 7 
0 0.087223 7 
0 0.0954882 7 
0 0.0974425 7 
0 0.102011 7 
0 0.105647 7 
0 0.110302 7 
0 0.112977 7 
0 0.119077 7 
0 0.123987 7 
0 0.128964 7 
0 0.137463 7 
0 0.138034 7 
0 0.15202 7 
0 0.159181 7 
0 0.165292 7 
0 0.222386 7 
0 0.235163 7 
0 0.249182 7 
0 0.274403 7 
0 0.276916 7 
0 0.277139 7 
0 0.28231 7 
0 0.291517 7 
0 0.308133 7 
0 0.321177 7 
0 0.329542 7 
0 0.334046 7 
0 0.340504 7 
0 0.348057 7 
0 0.350757 7 
0 0.352482 7 
0 0.354537 7 
0 0.358452 7 
0 0.375687 7 
0 0.380508 7 
0 0.381168 7 
0 0.388685 7 
0 0.389291 7 
0 0.391706 7 
0 0.395616 7 
0 0.466392 7 
0 0.471968 7 
0 0.491928 7 
0 0.493045 7 
0 0.513425 7 
0 0.523297 7 
0 0.525186 7 
0 0.52719 7 
0 0.527191 7 
0 0.527336 7 
0 0.573932 7 
0 0.593163 7 
0 0.604633 7 
0 0.606736 7 
0 0.608413 7 
0 0.694327 7 
0 1.0454 7 
0 1.3238 7 
0 1.34969 7 
0 1.40143 7 
0 1.40707 7 
0 1.40726 7 
0 1.4237 7 
0 1.42408 7 
0 1.45679 7 
0 1.45809 7 
0 1.45825 7 
0 1.46142 7 
0 1.46175 7 
0 1.54805 7 
0 1.54857 7 
0 1.56121 7 
0 1.9067 7 
0 1.92419 7 
0 1.93721 7 
0 1.94681 7 
0 1.95556 7 
0 1.95652 7 
0 1.9593 7 
0 1.96638 7 
0 1.97588 7 
0 1.99806 7 
0 inf 7 
0 0.0185927 8 
0 0.0426995 8 
0 0.0479075 8 
0 0.0532011 8 
0 0.0549392 8 
0 0.0555053 8 
0 0.0574554 8 
0 0.0582723 8 
0 0.0614217 8 
0 0.0616762 8 
0 0.0668139 8 
0 0.0707043 8 
0 0.0758509 8 
0 0.0758512 8 
0 0.0760606 8 
0 0.0891904 8 
0 0.0956503 8 
0 0.0956515 8 
0 0.0966311 8 
0 0.0974406 8 
0 0.101547 8 
0 0.107265 8 
0 0.109018 8 
0 0.113393 8 
0 0.126127 8 
0 0.127245 8 
0 0.131382 8 
0 0.135382 8 
0 0.139276 8 
0 0.140517 8 
0 0.148463 8 
0 0.15003 8 
0 0.150351 8 
0 0.192854 8 
0 0.205869 8 
0 0.207688 8 
0 0.214611 8 
0 0.216942 8 
0 0.223444 8 
0 0.234628 8 
0 0.264062 8 
0 0.267693 8 
0 0.302888 8 
0 0.303143 8 
0 0.304762 8 
0 0.304762 8 
0 0.322154 8 
0 0.327126 8 
0 0.361203 8 
0 0.361522 8 
0 0.363329 8 
0 0.372999 8 
0 0.416657 8 
0 0.42116 8 
0 0.424136 8 
0 0.428464 8 
0 0.430769 8 
0 0.441473 8 
0 0.450371 8 
0 0.459738 8 
0 0.463344 8 
0 0.464969 8 
0 0.502823 8 
0 0.513578 8 
0 0.544706 8 
0 0.545052 8 
0 0.546549 8 
0 0.56017 8 
0 0.568528 8 
0 0.572468 8 
0 0.63928 8 
0 0.723135 8 
0 0.793672 8 
0 0.883235 8 
0 1.03581 8 
0 1.04363 8 
0 1.06445 8 
0 1.14117 8 
0 1.21802 8 
0 1.23743 8 
0 1.32505 8 
0 1.33716 8 
0 1.36209 8 
0 1.3631 8 
0 1.36905 8 
0 1.37106 8 
0 1.3847 8 
0 1.4029 8 
0 1.40358 8 
0 1.41095 8 
0 1.41593 8 
0 1.42461 8 
0 1.45765 8 
0 1.45779 8 
0 1.45848 8 
0 1.48338 8 
0 1.551 8 
0 1.57333 8 
0 1.86971 8 
0 1.86971 8 
0 1.87019 8 
0 1.89072 8 
0 1.91473 8 
0 inf 8 
0 0.0137355 9 
0 0.0250746 9 
0 0.0322061 9 
0 0.0528963 9 
0 0.0601287 9 
0 0.0616844 9 
0 0.0658653 9 
0 0.0668173 9 
0 0.0774942 9 
0 0.0827881 9 
0 0.0956461 9 
0 0.0967971 9 
0 0.101241 9 
0 0.103086 9 
0 0.106532 9 
0 0.118147 9 
0 0.119206 9 
0 0.121559 9 
0 0.121683 9 
0 0.12563 9 
0 0.144736 9 
0 0.147607 9 
0 0.149965 9 
0 0.151392 9 
0 0.155998 9 
0 0.156429 9 
0 0.170165 9 
0 0.171734 9 
0 0.181424 9 
0 0.183064 9 
0 0.250881 9 
0 0.251136 9 
0 0.254305 9 
0 0.257255 9 
0 0.303021 9 
0 0.30361 9 
0 0.335436 9 
0 0.338107 9 
0 0.339036 9 
0 0.344097 9 
0 0.344098 9 
0 0.344315 9 
0 0.350431 9 
0 0.377315 9 
0 0.378338 9 
0 0.388547 9 
0 0.392449 9 
0 0.394663 9 
0 0.394663 9 
0 0.396238 9 
0 0.400201 9 
0 0.407008 9 
0 0.411355 9 
0 0.420876 9 
0 0.425181 9 
0 0.454408 9 
0 0.480114 9 
0 0.48984 9 
0 0.499279 9 
0 0.506751 9 
0 0.506751 9 
0 0.513731 9 
0 0.587436 9 
0 0.587934 9 
0 0.588335 9 
0 0.656484 9 
0 0.704603 9 
0 0.73 9 
0 0.742205 9 
0 0.771381 9 
0 0.841722 9 
0 0.870639 9 
0 0.922392 9 
0 0.940908 9 
0 1.10009 9 
0 1.20136 9 
0 1.2525 9 
0 1.2653 9 
0 1.29463 9 
0 1.29497 9 
0 1.29951 9 
0 1.32546 9 
0 1.32931 9 
0 1.3334 9 
0 1.33351 9 
0 1.3656 9 
0 1.41431 9 
0 1.45347 9 
0 1.4546 9 
0 1.45967 9 
0 1.45992 9 
0 1.45992 9 
0 1.5381 9 
0 1.60297 9 
0 1.87326 9 
0 1.87356 9 
0 1.88293 9 
0 1.88483 9 
0 1.88613 9 
0 inf 9 
0 0.0280318 10 
0 0.0426999 10 
0 0.0427053 10 
0 0.0507703 10 
0 0.0507801 10 
0 0.0543613 10 
0 0.0653924 10 
0 0.0656275 10 
0 0.0724546 10 
0 0.0938226 10 
0 0.101233 10 
0 0.101243 10 
0 0.118543 10 
0 0.123865 10 
0 0.124509 10 
0 0.126623 10 
0 0.140853 10 
0 0.146746 10 
0 0.148031 10 
0 0.181803 10 
0 0.186809 10 
0 0.187144 10 
0 0.192554 10 
0 0.208219 10 
0 0.217882 10 
0 0.217883 10 
0 0.23769 10 
0 0.275692 10 
0 0.28492 10 
0 0.290537 10 
0 0.292329 10 
0 0.293707 10 
0 0.307972 10 
0 0.308638 10 
0 0.311228 10 
0 0.335157 10 
0 0.345976 10 
0 0.356349 10 
0 0.363699 10 
0 0.36511 10 
0 0.372403 10 
0 0.373537 10 
0 0.374335 10 
0 0.383963 10 
0 0.386324 10 
0 0.425909 10 
0 0.427189 10 
0 0.430123 10 
0 0.438066 10 
0 0.44241 10 
0 0.442659 10 
0 0.457269 10 
0 0.466314 10 
0 0.472191 10 
0 0.49096 10 
0 0.527053 10 
0 0.52884 10 
0 0.536962 10 
0 0.538015 10 
0 0.554462 10 
0 0.61978 10 
0 0.621714 10 
0 0.621891 10 
0 0.631838 10 
0 0.660835 10 
0 0.666542 10 
0 0.689663 10 
0 0.720693 10 
0 0.767381 10 
0 0.930534 10 
0 0.932071 10 
0 1.06751 10 
0 1.07893 10 
0 1.08504 10 
0 1.30066 10 
0 1.30631 10 
0 1.31967 10 
0 1.33722 10 
0 1.33742 10 
0 1.36048 10 
0 1.36339 10 
0 1.42254 10 
0 1.45854 10 
0 1.45875 10 
0 1.47008 10 
0 1.4987 10 
0 1.49905 10 
0 1.49946 10 
0 1.52308 10 
0 1.5239 10 
0 1.86792 10 
0 1.86818 10 
0 1.88987 10 
0 1.94313 10 
0 1.94339 10 
0 inf 10 
0 0.0649113 11 
0 0.0665824 11 
0 0.073965 11 
0 0.0787031 11 
0 0.0891742 11 
0 0.0949961 11 
0 0.0988743 11 
0 0.111718 11 
0 0.112157 11 
0 0.129938 11 
0 0.145241 11 
0 0.148777 11 
0 0.156828 11 
0 0.161155 11 
0 0.179772 11 
0 0.180216 11 
0 0.192368 11 
0 0.220751 11 
0 0.23132 11 
0 0.2469 11 
0 0.25654 11 
0 0.256723 11 
0 0.261678 11 
0 0.26894 11 
0 0.282312 11 
0 0.28885 11 
0 0.295946 11 
0 0.300736 11 
0 0.305519 11 
0 0.310419 11 
0 0.311537 11 
0 0.320348 11 
0 0.329408 11 
0 0.331311 11 
0 0.346961 11 
0 0.349444 11 
0 0.353577 11 
0 0.354755 11 
0 0.369435 11 
0 0.375017 11 
0 0.377034 11 
0 0.377519 11 
0 0.378974 11 
0 0.456547 11 
0 0.467675 11 
0 0.471611 11 
0 0.47292 11 
0 0.473706 11 
0 0.475605 11 
0 0.477654 11 
0 0.48688 11 
0 0.55009 11 
0 0.552135 11 
0 0.554408 11 
0 0.556567 11 
0 0.557357 11 
0 0.574229 11 
0 0.578132 11 
0 0.588173 11 
0 0.588908 11 
0 0.740092 11 
0 0.747637 11 
0 0.8437 11 
0 0.893412 11 
0 0.893535 11 
0 0.954791 11 
0 0.960766 11 
0 1.08901 11 
0 1.09086 11 
0 1.09517 11 
0 1.10212 11 
0 1.30421 11 
0 1.30425 11 
0 1.31484 11 
0 1.31526 11 
0 1.32745 11 
0 1.36862 11 
0 1.37022 11 
0 1.45432 11 
0 1.45432 11 
0 1.48149 11 
0 1.50239 11 
0 1.50318 11 
0 1.50553 11 
0 1.52636 11 
0 1.52648 11 
0 1.87118 11 
0 1.87124 11 
0 1.89468 11 
0 1.90475 11 
0 1.90527 11 
0 inf 11 
0 0.085958 12 
0 0.0866679 12 
0 0.108429 12 
0 0.109008 12 
0 0.124874 12 
0 0.131022 12 
0 0.138257 12 
0 0.139424 12 
0 0.163661 12 
0 0.168865 12 
0 0.177521 12 
0 0.209281 12 
0 0.228867 12 
0 0.23802 12 
0 0.256398 12 
0 0.260552 12 
0 0.26343 12 
0 0.266911 12 
0 0.279487 12 
0 0.288516 12 
0 0.291454 12 
0 0.297963 12 
0 0.307501 12 
0 0.323672 12 
0 0.324399 12 
0 0.334693 12 
0 0.337872 12 
0 0.339358 12 
0 0.340422 12 
0 0.352571 12 
0 0.356297 12 
0 0.361389 12 
0 0.367428 12 
0 0.367429 12 
0 0.380088 12 
0 0.387663 12 
0 0.390783 12 
0 0.390903 12 
0 0.411237 12 
0 0.416705 12 
0 0.4196 12 
0 0.464335 12 
0 0.465417 12 
0 0.469153 12 
0 0.471159 12 
0 0.476631 12 
0 0.493607 12 
0 0.49564 12 
0 0.530544 12 
0 0.537916 12 
0 0.589497 12 
0 0.626541 12 
0 0.627143 12 
0 0.648729 12 
0 0.656567 12 
0 0.71092 12 
0 0.766916 12 
0 0.779541 12 
0 0.790938 12 
0 0.791573 12 
0 0.812426 12 
0 0.877989 12 
0 0.911918 12 
0 0.936328 12 
0 1.02805 12 
0 1.08864 12 
0 1.10768 12 
0 1.27057 12 
0 1.29135 12 
0 1.29619 12 
0 1.30163 12 
0 1.30163 12 
0 1.30183 12 
0 1.37961 12 
0 1.3829 12 
0 1.43917 12 
0 1.45992 12 
0 1.46021 12 
0 1.48334 12 
0 1.48386 12 
0 1.48404 12 
0 1.48522 12 
0 1.8688 12 
0 1.86882 12 
0 1.88971 12 
0 1.88981 12 
0 1.89001 12 
0 inf 12 
0 0.106088 13 
0 0.127128 13 
0 0.147715 13 
0 0.163598 13 
0 0.163886 13 
0 0.184689 13 
0 0.195362 13 
0 0.197687 13 
0 0.233167 13 
0 0.235024 13 
0 0.237508 13 
0 0.267223 13 
0 0.269332 13 
0 0.274577 13 
0 0.28375 13 
0 0.286998 13 
0 0.288091 13 
0 0.292903 13 
0 0.293385 13 
0 0.2934 13 
0 0.30099 13 
0 0.304314 13 
0 0.305165 13 
0 0.311286 13 
0 0.330108 13 
0 0.334784 13 
0 0.334785 13 
0 0.367131 13 
0 0.36726 13 
0 0.406235 13 
0 0.419419 13 
0 0.421774 13 
0 0.422072 13 
0 0.429593 13 
0 0.446689 13 
0 0.460816 13 
0 0.461075 13 
0 0.475576 13 
0 0.478666 13 
0 0.488804 13 
0 0.496937 13 
0 0.503676 13 
0 0.506166 13 
0 0.509433 13 
0 0.509633 13 
0 0.521749 13 
0 0.546902 13 
0 0.561789 13 
0 0.56512 13 
0 0.565961 13 
0 0.566454 13 
0 0.568116 13 
0 0.5945 13 
0 0.595029 13 
0 0.595029 13 
0 0.641005 13 
0 0.641863 13 
0 0.764194 13 
0 0.793917 13 
0 0.808514 13 
0 1.23329 13 
0 1.23329 13 
0 1.23594 13 
0 1.29015 13 
0 1.29322 13 
0 1.2995 13 
0 1.30041 13 
0 1.30449 13 
0 1.30474 13 
0 1.30699 13 
0 1.34445 13 
0 1.34784 13 
0 1.34854 13 
0 1.45487 13 
0 1.45495 13 
0 1.48029 13 
0 1.48111 13 
0 1.48239 13 
0 1.87219 13 
0 1.87252 13 
0 1.87303 13 
0 1.87317 13 
0 1.87534 13 
0 inf 13 
0 0.0886505 14 
0 0.126003 14 
0 0.13527 14 
0 0.143317 14 
0 0.149932 14 
0 0.174094 14 
0 0.182722 14 
0 0.202703 14 
0 0.233166 14 
0 0.233367 14 
0 0.262574 14 
0 0.264368 14 
0 0.271658 14 
0 0.272797 14 
0 0.284861 14 
0 0.286676 14 
0 0.293458 14 
0 0.29478 14 
0 0.295805 14 
0 0.29729 14 
0 0.305912 14 
0 0.306784 14 
0 0.314106 14 
0 0.315902 14 
0 0.31673 14 
0 0.326216 14 
0 0.334216 14 
0 0.33492 14 
0 0.353871 14 
0 0.357798 14 
0 0.37332 14 
0 0.374833 14 
0 0.377507 14 
0 0.382681 14 
0 0.395413 14 
0 0.398586 14 
0 0.40375 14 
0 0.458271 14 
0 0.461956 14 
0 0.462097 14 
0 0.496673 14 
0 0.498569 14 
0 0.501079 14 
0 0.51787 14 
0 0.572249 14 
0 0.587325 14 
0 0.596922 14 
0 0.601004 14 
0 0.618302 14 
0 0.623331 14 
0 0.623332 14 
0 0.63641 14 
0 0.645903 14 
0 0.647725 14 
0 0.647847 14 
0 0.665096 14 
0 0.876717 14 
0 0.922875 14 
0 1.01637 14 
0 1.29086 14 
0 1.29544 14 
0 1.35088 14 
0 1.35517 14 
0 1.35517 14 
0 1.39184 14 
0 1.39187 14 
0 1.39188 14 
0 1.45396 14 
0 1.45486 14 
0 1.45624 14 
0 1.4563 14 
0 1.522 14 
0 1.5227 14 
0 1.52303 14 
0 1.86951 14 
0 1.87031 14 
0 1.89359 14 
0 1.89399 14 
0 1.89486 14 
0 inf 14 
0 0.089361 15 
0 0.0921368 15 
0 0.096806 15 
0 0.0987145 15 
0 0.137688 15 
0 0.142069 15 
0 0.165671 15 
0 0.174993 15 
0 0.179603 15 
0 0.180564 15 
0 0.182039 15 
0 0.248614 15 
0 0.252022 15 
0 0.255981 15 
0 0.259712 15 
0 0.267459 15 
0 0.267513 15 
0 0.278564 15 
0 0.292969 15 
0 0.293122 15 
0 0.297449 15 
0 0.298472 15 
0 0.299292 15 
0 0.300728 15 
0 0.30099 15 
0 0.302054 15 
0 0.304431 15 
0 0.327406 15 
0 0.327435 15 
0 0.330302 15 
0 0.342257 15 
0 0.358638 15 
0 0.377065 15 
0 0.41829 15 
0 0.421355 15 
0 0.422287 15 
0 0.422287 15 
0 0.43815 15 
0 0.469249 15 
0 0.481225 15 
0 0.540126 15 
0 0.560991 15 
0 0.566449 15 
0 0.568444 15 
0 0.568581 15 
0 0.596088 15 
0 0.599037 15 
0 0.611031 15 
0 0.618701 15 
0 0.664037 15 
0 0.664794 15 
0 0.699463 15 
0 0.766429 15 
0 0.770837 15 
0 0.876889 15 
0 0.877588 15 
0 0.877749 15 
0 1.29195 15 
0 1.33023 15 
0 1.33047 15 
0 1.33118 15 
0 1.34315 15 
0 1.34362 15 
0 1.34381 15 
0 1.46052 15 
0 1.49104 15 
0 1.49303 15 
0 1.49388 15 
0 1.51951 15 
0 1.53057 15 
0 1.53156 15 
0 1.87167 15 
0 1.92526 15 
0 1.92592 15 
0 1.92599 15 
0 inf 15 
0 0.0900632 16 
0 0.104757 16 
0 0.108865 16 
0 0.128489 16 
0 0.169134 16 
0 0.238499 16 
0 0.238762 16 
0 0.243973 16 
0 0.244938 16 
0 0.257638 16 
0 0.269098 16 
0 0.27327 16 
0 0.278658 16 
0 0.281277 16 
0 0.283396 16 
0 0.291076 16 
0 0.294459 16 
0 0.294459 16 
0 0.301262 16 
0 0.302989 16 
0 0.304247 16 
0 0.306476 16 
0 0.308775 16 
0 0.309792 16 
0 0.311613 16 
0 0.313051 16 
0 0.313703 16 
0 0.314754 16 
0 0.317588 16 
0 0.322742 16 
0 0.325844 16 
0 0.334322 16 
0 0.337224 16 
0 0.337224 16 
0 0.346098 16 
0 0.348002 16 
0 0.365879 16 
0 0.447372 16 
0 0.456773 16 
0 0.466882 16 
0 0.488822 16 
0 0.494725 16 
0 0.496279 16 
0 0.496437 16 
0 0.496437 16 
0 0.65095 16 
0 0.844343 16 
0 0.865655 16 
0 0.877322 16 
0 0.878199 16 
0 0.879487 16 
0 0.913556 16 
0 1.05642 16 
0 1.29884 16 
0 1.31877 16 
0 1.31901 16 
0 1.31973 16 
0 1.33282 16 
0 1.34555 16 
0 1.3463 16 
0 1.45666 16 
0 1.49546 16 
0 1.49861 16 
0 1.50447 16 
0 1.52245 16 
0 1.52574 16 
0 1.52574 16 
0 1.87014 16 
0 1.89261 16 
0 1.8938 16 
0 1.89446 16 
0 inf 16 
0 0.095972 17 
0 0.0967878 17 
0 0.122208 17 
0 0.144734 17 
0 0.166925 17 
0 0.170345 17 
0 0.172939 17 
0 0.174027 17 
0 0.179336 17 
0 0.249197 17 
0 0.25314 17 
0 0.253574 17 
0 0.253574 17 
0 0.256661 17 
0 0.260552 17 
0 0.26746 17 
0 0.267695 17 
0 0.2882 17 
0 0.288472 17 
0 0.291616 17 
0 0.292329 17 
0 0.29355 17 
0 0.305706 17 
0 0.306169 17 
0 0.306938 17 
0 0.309996 17 
0 0.414441 17 
0 0.414593 17 
0 0.414896 17 
0 0.415463 17 
0 0.419217 17 
0 0.47604 17 
0 0.479298 17 
0 0.479919 17 
0 0.47992 17 
0 0.543635 17 
0 0.551672 17 
0 0.552099 17 
0 0.629138 17 
0 0.653509 17 
0 0.665002 17 
0 0.666819 17 
0 0.677015 17 
0 0.677757 17 
0 0.707283 17 
0 0.790331 17 
0 1.01741 17 
0 1.12625 17 
0 1.22429 17 
0 1.30544 17 
0 1.30573 17 
0 1.3061 17 
0 1.30687 17 
0 1.41826 17 
0 1.42269 17 
0 1.42802 17 
0 1.46478 17 
0 1.48877 17 
0 1.49536 17 
0 1.49573 17 
0 1.52452 17 
0 1.52456 17 
0 1.52519 17 
0 1.87552 17 
0 1.8756 17 
0 1.87584 17 
0 1.87799 17 
0 inf 17 
0 0.11545 18 
0 0.120776 18 
0 0.128716 18 
0 0.136432 18 
0 0.137723 18 
0 0.138521 18 
0 0.138634 18 
0 0.13962 18 
0 0.144598 18 
0 0.195036 18 
0 0.223222 18 
0 0.225465 18 
0 0.261756 18 
0 0.261936 18 
0 0.261936 18 
0 0.261936 18 
0 0.291455 18 
0 0.291616 18 
0 0.292101 18 
0 0.293711 18 
0 0.322227 18 
0 0.322471 18 
0 0.322519 18 
0 0.323152 18 
0 0.360375 18 
0 0.372537 18 
0 0.375898 18 
0 0.37594 18 
0 0.376775 18 
0 0.400065 18 
0 0.400067 18 
0 0.409848 18 
0 0.445828 18 
0 0.490939 18 
0 0.538603 18 
0 0.541629 18 
0 0.54276 18 
0 0.542788 18 
0 0.717291 18 
0 0.763238 18 
0 0.763841 18 
0 1.13859 18 
0 1.15575 18 
0 1.15872 18 
0 1.15901 18 
0 1.16352 18 
0 1.2411 18 
0 1.24432 18 
0 1.26628 18 
0 1.29585 18 
0 1.29916 18 
0 1.29974 18 
0 1.29975 18 
0 1.37942 18 
0 1.45528 18 
0 1.45577 18 
0 1.4608 18 
0 1.46119 18 
0 1.55914 18 
0 1.87791 18 
0 1.88117 18 
0 1.88122 18 
0 1.88193 18 
0 inf 18 
0 0.0874121 19 
0 0.0891818 19 
0 0.0897096 19 
0 0.0911004 19 
0 0.0917993 19 
0 0.0943324 19 
0 0.110032 19 
0 0.111874 19 
0 0.112295 19 
0 0.2181 19 
0 0.219321 19 
0 0.220534 19 
0 0.278627 19 
0 0.279472 19 
0 0.279978 19 
0 0.29487 19 
0 0.295296 19 
0 0.296322 19 
0 0.408974 19 
0 0.421487 19 
0 0.421748 19 
0 0.423273 19 
0 0.425719 19 
0 0.428075 19 
0 0.428259 19 
0 0.428788 19 
0 0.441848 19 
0 0.457304 19 
0 0.457305 19 
0 0.457408 19 
0 0.467106 19 
0 0.469925 19 
0 0.493 19 
0 0.508768 19 
0 0.51076 19 
0 0.515673 19 
0 0.518591 19 
0 0.520406 19 
0 0.630854 19 
0 0.663782 19 
0 0.664445 19 
0 0.66454 19 
0 0.672223 19 
0 0.798425 19 
0 0.927103 19 
0 1.2002 19 
0 1.32219 19 
0 1.32646 19 
0 1.32689 19 
0 1.3276 19 
0 1.34466 19 
0 1.34466 19 
0 1.46075 19 
0 1.47229 19 
0 1.47242 19 
0 1.52951 19 
0 1.87212 19 
0 1.87706 19 
0 1.88187 19 
0 inf 19 
0 0.0902452 20 
0 0.095821 20 
0 0.0964745 20 
0 0.10308 20 
0 0.10308 20 
0 0.104443 20 
0 0.130552 20 
0 0.132344 20 
0 0.137927 20 
0 0.265554 20 
0 0.270138 20 
0 0.275319 20 
0 0.276677 20 
0 0.278546 20 
0 0.281745 20 
0 0.290549 20 
0 0.304986 20 
0 0.306803 20 
0 0.30971 20 
0 0.31274 20 
0 0.316718 20 
0 0.317473 20 
0 0.324148 20 
0 0.382158 20 
0 0.392507 20 
0 0.394424 20 
0 0.401382 20 
0 0.403881 20 
0 0.40395 20 
0 0.431486 20 
0 0.433232 20 
0 0.457132 20 
0 0.457304 20 
0 0.459601 20 
0 0.480454 20 
0 0.483349 20 
0 0.515015 20 
0 0.516204 20 
0 0.517573 20 
0 0.556923 20 
0 0.570724 20 
0 0.587628 20 
0 0.809473 20 
0 1.31658 20 
0 1.32224 20 
0 1.32947 20 
0 1.33684 20 
0 1.43825 20 
0 1.4671 20 
0 1.4707 20 
0 1.4707 20 
0 1.49238 20 
0 1.8893 20 
0 1.88934 20 
0 4.21672 20 
0 inf 20 
