0 0.0190584 1 
0 0.0216115 1 
0 0.0227788 1 
0 0.023345 1 
0 0.0244264 1 
0 0.0259709 1 
0 0.0274272 1 
0 0.0274309 1 
0 0.0292579 1 
0 0.0326131 1 
0 0.0330132 1 
0 0.0333997 1 
0 0.0352905 1 
0 0.0356529 1 
0 0.0360162 1 
0 0.0370817 1 
0 0.0401052 1 
0 0.0407469 1 
0 0.0423085 1 
0 0.0426142 1 
0 0.0452703 1 
0 0.0464033 1 
0 0.0464033 1 
0 0.047234 1 
0 0.0483206 1 
0 0.0504226 1 
0 0.0509335 1 
0 0.0516916 1 
0 0.0519419 1 
0 0.0524393 1 
0 0.052687 1 
0 0.0531753 1 
0 0.0578496 1 
0 0.0598338 1 
0 0.0600502 1 
0 0.0606947 1 
0 0.0619635 1 
0 0.0625879 1 
0 0.0625879 1 
0 0.062791 1 
0 0.0630017 1 
0 0.0634125 1 
0 0.0640228 1 
0 0.0656229 1 
0 0.0669928 1 
0 0.0681451 1 
0 0.0683348 1 
0 0.0705773 1 
0 0.0714914 1 
0 0.0718506 1 
0 0.0725697 1 
0 0.0729258 1 
0 0.073101 1 
0 0.0731039 1 
0 0.0731069 1 
0 0.0732809 1 
0 0.0736282 1 
0 0.0751993 1 
0 0.0758904 1 
0 0.0760521 1 
0 0.0760588 1 
0 0.0760623 1 
0 0.0802152 1 
0 0.0806947 1 
0 0.0816549 1 
0 0.0821286 1 
0 0.082284 1 
0 0.0827601 1 
0 0.0835346 1 
0 0.0843129 1 
0 0.0849176 1 
0 0.0865888 1 
0 0.0867366 1 
0 0.088218 1 
0 0.0883635 1 
0 0.0883673 1 
0 0.088952 1 
0 0.09168 1 
0 0.0921023 1 
0 0.0929424 1 
0 0.0975767 1 
0 0.101613 1 
0 0.105132 1 
0 0.105741 1 
0 0.106232 1 
0 0.106842 1 
0 0.118031 1 
0 0.120205 1 
0 0.133112 1 
0 0.138086 1 
0 0.15499 1 
0 0.169154 1 
0 0.17303 1 
0 0.178709 1 
0 0.183078 1 
0 0.196411 1 
0 0.211425 1 
0 0.217768 1 
0 0.240028 1 
0 0.248643 1 
0 0.2519 1 
0 0.257854 1 
0 0.281755 1 
0 0.285449 1 
0 0.303344 1 
0 0.306618 1 
0 0.315416 1 
0 0.32602 1 
0 0.379241 1 
0 0.386088 1 
0 0.399955 1 
0 0.40011 1 
0 0.419102 1 
0 0.436247 1 
0 0.437686 1 
0 0.492241 1 
0 0.503253 1 
0 0.539285 1 
0 0.896539 1 
0 1.18314 1 
0 1.44321 1 
0 1.86423 1 
0 2.44392 1 
0 2.65735 1 
0 2.72237 1 
0 3.00994 1 
0 3.83642 1 
0 5.42302 1 
0 6.31609 1 
0 6.58966 1 
0 6.64485 1 
0 inf 1 
0 0.0264696 2 
0 0.0326169 2 
0 0.0334001 2 
0 0.0345488 2 
0 0.0360158 2 
0 0.0363737 2 
0 0.0401079 2 
0 0.0410655 2 
0 0.0435217 2 
0 0.0477829 2 
0 0.0485868 2 
0 0.0506789 2 
0 0.0516917 2 
0 0.051942 2 
0 0.0521941 2 
0 0.0531766 2 
0 0.0541457 2 
0 0.0543825 2 
0 0.0550928 2 
0 0.0553285 2 
0 0.0555626 2 
0 0.0569488 2 
0 0.0571723 2 
0 0.0598338 2 
0 0.060048 2 
0 0.0600502 2 
0 0.0602657 2 
0 0.0613328 2 
0 0.0627953 2 
0 0.0627956 2 
0 0.0630008 2 
0 0.0638197 2 
0 0.0640225 2 
0 0.0640229 2 
0 0.0640229 2 
0 0.0642256 2 
0 0.0650282 2 
0 0.0656241 2 
0 0.0658213 2 
0 0.06641 2 
0 0.0667992 2 
0 0.0709369 2 
0 0.0711259 2 
0 0.0720335 2 
0 0.0727479 2 
0 0.0731044 2 
0 0.0736365 2 
0 0.0752021 2 
0 0.0757186 2 
0 0.0760599 2 
0 0.0765702 2 
0 0.0770714 2 
0 0.0770715 2 
0 0.077245 2 
0 0.0774125 2 
0 0.0806947 2 
0 0.0808564 2 
0 0.0838471 2 
0 0.0849266 2 
0 0.0859862 2 
0 0.0902492 2 
0 0.0921026 2 
0 0.0944681 2 
0 0.0966393 2 
0 0.104881 2 
0 0.106232 2 
0 0.109358 2 
0 0.111117 2 
0 0.113664 2 
0 0.1157 2 
0 0.115926 2 
0 0.119884 2 
0 0.124239 2 
0 0.126925 2 
0 0.145413 2 
0 0.146118 2 
0 0.161391 2 
0 0.169688 2 
0 0.185186 2 
0 0.200397 2 
0 0.20201 2 
0 0.206959 2 
0 0.224981 2 
0 0.226229 2 
0 0.226871 2 
0 0.237109 2 
0 0.242079 2 
0 0.245902 2 
0 0.245966 2 
0 0.258264 2 
0 0.261459 2 
0 0.270566 2 
0 0.279622 2 
0 0.309567 2 
0 0.31848 2 
0 0.325265 2 
0 0.329995 2 
0 0.330346 2 
0 0.364072 2 
0 0.366309 2 
0 0.378161 2 
0 0.384175 2 
0 0.401324 2 
0 0.403418 2 
0 0.406583 2 
0 0.414233 2 
0 0.417033 2 
0 0.41794 2 
0 0.443215 2 
0 0.445413 2 
0 0.867735 2 
0 0.95721 2 
0 1.30453 2 
0 1.33426 2 
0 1.65232 2 
0 1.72623 2 
0 2.08389 2 
0 2.18216 2 
0 3.16991 2 
0 3.95587 2 
0 4.12079 2 
0 4.38525 2 
0 4.46591 2 
0 5.25525 2 
0 5.53611 2 
0 5.55846 2 
0 5.78828 2 
0 inf 2 
0 0.0318127 3 
0 0.0391213 3 
0 0.0407492 3 
0 0.0410649 3 
0 0.0413799 3 
0 0.0435143 3 
0 0.0435175 3 
0 0.0455561 3 
0 0.0464025 3 
0 0.0493825 3 
0 0.0493834 3 
0 0.0496441 3 
0 0.0501649 3 
0 0.0506782 3 
0 0.0509334 3 
0 0.0511872 3 
0 0.0511877 3 
0 0.0519422 3 
0 0.0519481 3 
0 0.053176 3 
0 0.0531777 3 
0 0.0546209 3 
0 0.0571708 3 
0 0.0571732 3 
0 0.0571735 3 
0 0.0578436 3 
0 0.0585183 3 
0 0.0589594 3 
0 0.0591796 3 
0 0.0591827 3 
0 0.0600497 3 
0 0.0606898 3 
0 0.0609078 3 
0 0.0615422 3 
0 0.0632065 3 
0 0.0644267 3 
0 0.0644297 3 
0 0.066016 3 
0 0.0675731 3 
0 0.0709431 3 
0 0.0734564 3 
0 0.0743354 3 
0 0.0743356 3 
0 0.0774124 3 
0 0.0780836 3 
0 0.078907 3 
0 0.0789072 3 
0 0.0789098 3 
0 0.0826004 3 
0 0.0827593 3 
0 0.0833816 3 
0 0.0844643 3 
0 0.0933632 3 
0 0.0959664 3 
0 0.0971773 3 
0 0.0973118 3 
0 0.112397 3 
0 0.115699 3 
0 0.13075 3 
0 0.132231 3 
0 0.150319 3 
0 0.160177 3 
0 0.163785 3 
0 0.169698 3 
0 0.178342 3 
0 0.184277 3 
0 0.187771 3 
0 0.20595 3 
0 0.206517 3 
0 0.2116 3 
0 0.21693 3 
0 0.220012 3 
0 0.220782 3 
0 0.225555 3 
0 0.227095 3 
0 0.227616 3 
0 0.231403 3 
0 0.236122 3 
0 0.240212 3 
0 0.241445 3 
0 0.254161 3 
0 0.264804 3 
0 0.269037 3 
0 0.287804 3 
0 0.292709 3 
0 0.317594 3 
0 0.318208 3 
0 0.32043 3 
0 0.329407 3 
0 0.338418 3 
0 0.341036 3 
0 0.341376 3 
0 0.342036 3 
0 0.346861 3 
0 0.356641 3 
0 0.359715 3 
0 0.370223 3 
0 0.371166 3 
0 0.391816 3 
0 0.409431 3 
0 0.421073 3 
0 0.430336 3 
0 0.432824 3 
0 0.718237 3 
0 0.864589 3 
0 1.01326 3 
0 1.39674 3 
0 1.64705 3 
0 1.65973 3 
0 1.69334 3 
0 1.91159 3 
0 2.67323 3 
0 2.83389 3 
0 2.84672 3 
0 2.85735 3 
0 2.92799 3 
0 3.11245 3 
0 3.13044 3 
0 3.13119 3 
0 4.24485 3 
0 4.92487 3 
0 4.92502 3 
0 4.92622 3 
0 inf 3 
0 0.0326141 4 
0 0.0370797 4 
0 0.0426168 4 
0 0.0458409 4 
0 0.0472351 4 
0 0.0477801 4 
0 0.0485882 4 
0 0.0511847 4 
0 0.0524374 4 
0 0.052932 4 
0 0.0539045 4 
0 0.0546212 4 
0 0.0546219 4 
0 0.0582966 4 
0 0.0594013 4 
0 0.0596164 4 
0 0.0600497 4 
0 0.0619635 4 
0 0.0627976 4 
0 0.0630014 4 
0 0.0667982 4 
0 0.0668009 4 
0 0.0673815 4 
0 0.0683349 4 
0 0.0694589 4 
0 0.070391 4 
0 0.0713071 4 
0 0.0714931 4 
0 0.0720325 4 
0 0.0741642 4 
0 0.07451 4 
0 0.0753778 4 
0 0.0757219 4 
0 0.0767396 4 
0 0.0779121 4 
0 0.0793985 4 
0 0.0797247 4 
0 0.0798869 4 
0 0.0803724 4 
0 0.0821283 4 
0 0.0833828 4 
0 0.0838435 4 
0 0.0850765 4 
0 0.0891002 4 
0 0.089242 4 
0 0.0939174 4 
0 0.100458 4 
0 0.106597 4 
0 0.114345 4 
0 0.115254 4 
0 0.12435 4 
0 0.126722 4 
0 0.13958 4 
0 0.158952 4 
0 0.161474 4 
0 0.164261 4 
0 0.165744 4 
0 0.177398 4 
0 0.179145 4 
0 0.181869 4 
0 0.188793 4 
0 0.194217 4 
0 0.197593 4 
0 0.20188 4 
0 0.210928 4 
0 0.218123 4 
0 0.220269 4 
0 0.22213 4 
0 0.234521 4 
0 0.267701 4 
0 0.282678 4 
0 0.285481 4 
0 0.287084 4 
0 0.291918 4 
0 0.29192 4 
0 0.302979 4 
0 0.309067 4 
0 0.309948 4 
0 0.316653 4 
0 0.31997 4 
0 0.320518 4 
0 0.333759 4 
0 0.340702 4 
0 0.349668 4 
0 0.355991 4 
0 0.35661 4 
0 0.356663 4 
0 0.360802 4 
0 0.372984 4 
0 0.378179 4 
0 0.380095 4 
0 0.391064 4 
0 0.406291 4 
0 0.422567 4 
0 0.613076 4 
0 0.688291 4 
0 0.890836 4 
0 1.00498 4 
0 1.23275 4 
0 1.4465 4 
0 1.45939 4 
0 1.61445 4 
0 1.65225 4 
0 1.70483 4 
0 1.75608 4 
0 1.75706 4 
0 1.75931 4 
0 2.2133 4 
0 2.22368 4 
0 2.22396 4 
0 2.22396 4 
0 2.95264 4 
0 3.02559 4 
0 3.02759 4 
0 3.03141 4 
0 3.06954 4 
0 3.07087 4 
0 3.07121 4 
0 3.08007 4 
0 inf 4 
0 0.031398 5 
0 0.0341673 5 
0 0.0410642 5 
0 0.0452713 5 
0 0.0472318 5 
0 0.0493812 5 
0 0.0526857 5 
0 0.0582967 5 
0 0.0585177 5 
0 0.0585185 5 
0 0.0596151 5 
0 0.0617542 5 
0 0.0632063 5 
0 0.0636152 5 
0 0.0640215 5 
0 0.0642242 5 
0 0.0642255 5 
0 0.065028 5 
0 0.066605 5 
0 0.0673796 5 
0 0.0673817 5 
0 0.0690927 5 
0 0.0732809 5 
0 0.073634 5 
0 0.0765713 5 
0 0.0777496 5 
0 0.0805323 5 
0 0.0819705 5 
0 0.0822858 5 
0 0.0829149 5 
0 0.0830737 5 
0 0.0856881 5 
0 0.0858368 5 
0 0.0919633 5 
0 0.0925291 5 
0 0.0930865 5 
0 0.0943333 5 
0 0.102759 5 
0 0.106596 5 
0 0.108293 5 
0 0.113208 5 
0 0.114804 5 
0 0.115921 5 
0 0.116372 5 
0 0.12393 5 
0 0.126827 5 
0 0.129355 5 
0 0.132036 5 
0 0.154655 5 
0 0.157481 5 
0 0.16354 5 
0 0.163938 5 
0 0.169465 5 
0 0.169697 5 
0 0.170608 5 
0 0.172724 5 
0 0.178048 5 
0 0.183434 5 
0 0.188316 5 
0 0.203101 5 
0 0.225673 5 
0 0.227559 5 
0 0.280022 5 
0 0.280516 5 
0 0.29711 5 
0 0.299376 5 
0 0.304201 5 
0 0.316076 5 
0 0.316083 5 
0 0.317393 5 
0 0.318372 5 
0 0.32379 5 
0 0.325589 5 
0 0.327707 5 
0 0.330906 5 
0 0.340031 5 
0 0.344685 5 
0 0.345325 5 
0 0.345668 5 
0 0.34668 5 
0 0.350248 5 
0 0.355784 5 
0 0.363843 5 
0 0.370438 5 
0 0.38537 5 
0 0.388589 5 
0 0.479432 5 
0 0.721627 5 
0 0.885751 5 
0 0.998143 5 
0 1.14158 5 
0 1.2382 5 
0 1.46131 5 
0 1.46177 5 
0 1.46734 5 
0 1.47519 5 
0 1.59897 5 
0 1.64551 5 
0 1.70129 5 
0 2.25199 5 
0 2.25231 5 
0 2.25332 5 
0 2.25762 5 
0 2.28286 5 
0 2.31721 5 
0 2.31768 5 
0 2.32486 5 
0 2.54149 5 
0 2.54197 5 
0 2.542 5 
0 2.54495 5 
0 2.83026 5 
0 2.85092 5 
0 2.85187 5 
0 2.87672 5 
0 inf 5 
0 0.0313988 6 
0 0.033785 6 
0 0.0337889 6 
0 0.0391249 6 
0 0.041065 6 
0 0.045559 6 
0 0.0488545 6 
0 0.0501632 6 
0 0.0504232 6 
0 0.0531761 6 
0 0.05462 6 
0 0.0562581 6 
0 0.0589591 6 
0 0.0613317 6 
0 0.0615469 6 
0 0.0625873 6 
0 0.0632059 6 
0 0.0648293 6 
0 0.0683349 6 
0 0.0685212 6 
0 0.0692793 6 
0 0.06946 6 
0 0.0694648 6 
0 0.0700266 6 
0 0.0714933 6 
0 0.0722107 6 
0 0.0727504 6 
0 0.0731052 6 
0 0.0753745 6 
0 0.0765701 6 
0 0.0995522 6 
0 0.101613 6 
0 0.104882 6 
0 0.106716 6 
0 0.110893 6 
0 0.112402 6 
0 0.114911 6 
0 0.114911 6 
0 0.122668 6 
0 0.126722 6 
0 0.129057 6 
0 0.130255 6 
0 0.130748 6 
0 0.132813 6 
0 0.137052 6 
0 0.146298 6 
0 0.14937 6 
0 0.149889 6 
0 0.157978 6 
0 0.161062 6 
0 0.183219 6 
0 0.186307 6 
0 0.215135 6 
0 0.225153 6 
0 0.232404 6 
0 0.257785 6 
0 0.259706 6 
0 0.261101 6 
0 0.262842 6 
0 0.264808 6 
0 0.266412 6 
0 0.278556 6 
0 0.290403 6 
0 0.293746 6 
0 0.308605 6 
0 0.314734 6 
0 0.321089 6 
0 0.321719 6 
0 0.321977 6 
0 0.322081 6 
0 0.323514 6 
0 0.324969 6 
0 0.32611 6 
0 0.326379 6 
0 0.349939 6 
0 0.386002 6 
0 0.386807 6 
0 0.390143 6 
0 0.434172 6 
0 0.801734 6 
0 0.826823 6 
0 0.89355 6 
0 0.929449 6 
0 0.971859 6 
0 0.996602 6 
0 1.05707 6 
0 1.06148 6 
0 1.09733 6 
0 1.10177 6 
0 1.11813 6 
0 1.15159 6 
0 1.44561 6 
0 1.46852 6 
0 1.47697 6 
0 1.47825 6 
0 1.48404 6 
0 1.53335 6 
0 1.66635 6 
0 1.69549 6 
0 2.32085 6 
0 2.32522 6 
0 2.3376 6 
0 2.35353 6 
0 2.35353 6 
0 2.35485 6 
0 2.36092 6 
0 2.39081 6 
0 2.65445 6 
0 2.66064 6 
0 2.66372 6 
0 2.68834 6 
0 inf 6 
0 0.0391213 7 
0 0.0391233 7 
0 0.0394509 7 
0 0.0435179 7 
0 0.0514389 7 
0 0.0516933 7 
0 0.0555641 7 
0 0.0585174 7 
0 0.0591802 7 
0 0.0591806 7 
0 0.0615457 7 
0 0.0640239 7 
0 0.0642207 7 
0 0.0642257 7 
0 0.0642265 7 
0 0.0694634 7 
0 0.0750296 7 
0 0.0757222 7 
0 0.0760645 7 
0 0.0797278 7 
0 0.0825996 7 
0 0.0836904 7 
0 0.0846179 7 
0 0.0868878 7 
0 0.0892452 7 
0 0.0903997 7 
0 0.0919681 7 
0 0.0970442 7 
0 0.106355 7 
0 0.110067 7 
0 0.121176 7 
0 0.121392 7 
0 0.122238 7 
0 0.125181 7 
0 0.130755 7 
0 0.139675 7 
0 0.13995 7 
0 0.144063 7 
0 0.145313 7 
0 0.147355 7 
0 0.149276 7 
0 0.151091 7 
0 0.154991 7 
0 0.15952 7 
0 0.164648 7 
0 0.166458 7 
0 0.173241 7 
0 0.173914 7 
0 0.177911 7 
0 0.183652 7 
0 0.225843 7 
0 0.253603 7 
0 0.256022 7 
0 0.261731 7 
0 0.278413 7 
0 0.278413 7 
0 0.293513 7 
0 0.302817 7 
0 0.305886 7 
0 0.324544 7 
0 0.33711 7 
0 0.33941 7 
0 0.348294 7 
0 0.349187 7 
0 0.349334 7 
0 0.354194 7 
0 0.360884 7 
0 0.371093 7 
0 0.374399 7 
0 0.387687 7 
0 0.403191 7 
0 0.776034 7 
0 0.779188 7 
0 0.796964 7 
0 0.864501 7 
0 0.974014 7 
0 0.979237 7 
0 0.988993 7 
0 0.990342 7 
0 0.995098 7 
0 1.01106 7 
0 1.0227 7 
0 1.05285 7 
0 1.06574 7 
0 1.18032 7 
0 1.19883 7 
0 1.3692 7 
0 1.42727 7 
0 1.43271 7 
0 1.43304 7 
0 1.43542 7 
0 1.44029 7 
0 1.45232 7 
0 1.46575 7 
0 1.46795 7 
0 1.47655 7 
0 1.59018 7 
0 1.64268 7 
0 1.70591 7 
0 1.89555 7 
0 1.896 7 
0 1.89872 7 
0 1.90352 7 
0 2.38377 7 
0 2.38391 7 
0 2.3866 7 
0 2.38665 7 
0 inf 7 
0 0.0313975 8 
0 0.0349215 8 
0 0.0429223 8 
0 0.0475055 8 
0 0.056718 8 
0 0.0587391 8 
0 0.0609087 8 
0 0.062792 8 
0 0.0765697 8 
0 0.0775819 8 
0 0.0800489 8 
0 0.0813381 8 
0 0.08213 8 
0 0.0844634 8 
0 0.088224 8 
0 0.0883671 8 
0 0.0937812 8 
0 0.095966 8 
0 0.0983758 8 
0 0.0995507 8 
0 0.100196 8 
0 0.101483 8 
0 0.109128 8 
0 0.110069 8 
0 0.11089 8 
0 0.113088 8 
0 0.116484 8 
0 0.116816 8 
0 0.117705 8 
0 0.126619 8 
0 0.129857 8 
0 0.131345 8 
0 0.139579 8 
0 0.14674 8 
0 0.152631 8 
0 0.152967 8 
0 0.159522 8 
0 0.163461 8 
0 0.168933 8 
0 0.173619 8 
0 0.179033 8 
0 0.18856 8 
0 0.191023 8 
0 0.209085 8 
0 0.210125 8 
0 0.210568 8 
0 0.213795 8 
0 0.231515 8 
0 0.256321 8 
0 0.289104 8 
0 0.294671 8 
0 0.296471 8 
0 0.301559 8 
0 0.32106 8 
0 0.340472 8 
0 0.34294 8 
0 0.346985 8 
0 0.349035 8 
0 0.370106 8 
0 0.371505 8 
0 0.372251 8 
0 0.411553 8 
0 0.415268 8 
0 0.709134 8 
0 0.711045 8 
0 0.728977 8 
0 0.922286 8 
0 0.960093 8 
0 0.962521 8 
0 0.99943 8 
0 1.00192 8 
0 1.00383 8 
0 1.00427 8 
0 1.0043 8 
0 1.01078 8 
0 1.01704 8 
0 1.02092 8 
0 1.02832 8 
0 1.06226 8 
0 1.08302 8 
0 1.10794 8 
0 1.17854 8 
0 1.21712 8 
0 1.27887 8 
0 1.29363 8 
0 1.29458 8 
0 1.42953 8 
0 1.42962 8 
0 1.42968 8 
0 1.43012 8 
0 1.4302 8 
0 1.55551 8 
0 1.6703 8 
0 1.67241 8 
0 1.67266 8 
0 1.68483 8 
0 1.70317 8 
0 1.70528 8 
0 1.71783 8 
0 1.71901 8 
0 1.71928 8 
0 1.74009 8 
0 1.74443 8 
0 inf 8 
0 0.0526863 9 
0 0.0526863 9 
0 0.0611194 9 
0 0.0611209 9 
0 0.0625885 9 
0 0.0625961 9 
0 0.0792327 9 
0 0.0798849 9 
0 0.0873191 9 
0 0.0879216 9 
0 0.0903828 9 
0 0.0926612 9 
0 0.0930872 9 
0 0.0980993 9 
0 0.104759 9 
0 0.104881 9 
0 0.10684 9 
0 0.110071 9 
0 0.121071 9 
0 0.124243 9 
0 0.125074 9 
0 0.13311 9 
0 0.135813 9 
0 0.139581 9 
0 0.143068 9 
0 0.146032 9 
0 0.147532 9 
0 0.147709 9 
0 0.148578 9 
0 0.14858 9 
0 0.16924 9 
0 0.17273 9 
0 0.174262 9 
0 0.179722 9 
0 0.185406 9 
0 0.189213 9 
0 0.207182 9 
0 0.208017 9 
0 0.227275 9 
0 0.240646 9 
0 0.24322 9 
0 0.25301 9 
0 0.283249 9 
0 0.288017 9 
0 0.289654 9 
0 0.295032 9 
0 0.29744 9 
0 0.299364 9 
0 0.300987 9 
0 0.316029 9 
0 0.368977 9 
0 0.372821 9 
0 0.374941 9 
0 0.386589 9 
0 0.486314 9 
0 0.499925 9 
0 0.523422 9 
0 0.809221 9 
0 0.81164 9 
0 0.812605 9 
0 0.876912 9 
0 0.881479 9 
0 0.914714 9 
0 0.915267 9 
0 0.931482 9 
0 0.939123 9 
0 0.978881 9 
0 0.979639 9 
0 0.990642 9 
0 0.992526 9 
0 0.993688 9 
0 0.99623 9 
0 0.997588 9 
0 1.00768 9 
0 1.01043 9 
0 1.01084 9 
0 1.06921 9 
0 1.11001 9 
0 1.13944 9 
0 1.14705 9 
0 1.15875 9 
0 1.15946 9 
0 1.37486 9 
0 1.37535 9 
0 1.43833 9 
0 1.43854 9 
0 1.45588 9 
0 1.47305 9 
0 1.47559 9 
0 1.64176 9 
0 1.64265 9 
0 1.64697 9 
0 1.66127 9 
0 1.66137 9 
0 1.69818 9 
0 1.70337 9 
0 1.70385 9 
0 1.70551 9 
0 1.70751 9 
0 inf 9 
0 0.0452722 10 
0 0.0452729 10 
0 0.0725746 10 
0 0.0755472 10 
0 0.0793817 10 
0 0.0902565 10 
0 0.0930913 10 
0 0.0930941 10 
0 0.0940554 10 
0 0.0954249 10 
0 0.0971765 10 
0 0.10174 10 
0 0.104136 10 
0 0.104137 10 
0 0.105743 10 
0 0.108527 10 
0 0.118249 10 
0 0.122241 10 
0 0.127077 10 
0 0.128247 10 
0 0.130255 10 
0 0.132526 10 
0 0.136474 10 
0 0.139021 10 
0 0.141019 10 
0 0.17392 10 
0 0.174816 10 
0 0.22272 10 
0 0.227038 10 
0 0.231974 10 
0 0.232135 10 
0 0.232254 10 
0 0.235244 10 
0 0.246641 10 
0 0.25498 10 
0 0.266298 10 
0 0.270167 10 
0 0.271102 10 
0 0.296196 10 
0 0.296606 10 
0 0.300253 10 
0 0.315588 10 
0 0.316451 10 
0 0.325782 10 
0 0.327687 10 
0 0.371386 10 
0 0.375588 10 
0 0.402565 10 
0 0.403337 10 
0 0.403339 10 
0 0.405135 10 
0 0.432005 10 
0 0.479493 10 
0 0.730275 10 
0 0.773615 10 
0 0.809093 10 
0 0.842184 10 
0 0.846486 10 
0 0.849806 10 
0 0.853856 10 
0 0.854054 10 
0 0.856024 10 
0 0.856024 10 
0 0.856221 10 
0 0.876524 10 
0 0.880159 10 
0 0.961027 10 
0 0.961674 10 
0 0.973566 10 
0 0.973659 10 
0 0.990399 10 
0 1.02495 10 
0 1.05239 10 
0 1.10369 10 
0 1.10398 10 
0 1.11038 10 
0 1.11192 10 
0 1.13872 10 
0 1.20719 10 
0 1.20874 10 
0 1.44265 10 
0 1.44321 10 
0 1.44523 10 
0 1.44598 10 
0 1.45514 10 
0 1.64084 10 
0 1.641 10 
0 1.64441 10 
0 1.64452 10 
0 1.64828 10 
0 1.69418 10 
0 1.69527 10 
0 1.69607 10 
0 1.71214 10 
0 1.71238 10 
0 inf 10 
0 0.0449951 11 
0 0.0464026 11 
0 0.0763763 11 
0 0.091255 11 
0 0.0914002 11 
0 0.0958181 11 
0 0.107081 11 
0 0.113779 11 
0 0.117809 11 
0 0.120648 11 
0 0.127525 11 
0 0.135618 11 
0 0.137334 11 
0 0.138833 11 
0 0.143655 11 
0 0.14487 11 
0 0.150141 11 
0 0.163151 11 
0 0.169739 11 
0 0.194881 11 
0 0.215752 11 
0 0.219093 11 
0 0.223473 11 
0 0.229772 11 
0 0.230623 11 
0 0.230623 11 
0 0.258662 11 
0 0.264219 11 
0 0.268166 11 
0 0.276216 11 
0 0.292985 11 
0 0.296197 11 
0 0.296732 11 
0 0.30552 11 
0 0.313226 11 
0 0.314784 11 
0 0.316033 11 
0 0.318648 11 
0 0.318971 11 
0 0.329652 11 
0 0.353029 11 
0 0.358066 11 
0 0.373278 11 
0 0.377889 11 
0 0.383342 11 
0 0.405314 11 
0 0.441138 11 
0 0.489205 11 
0 0.48984 11 
0 0.697907 11 
0 0.744314 11 
0 0.75345 11 
0 0.783693 11 
0 0.828363 11 
0 0.857993 11 
0 0.861011 11 
0 0.861117 11 
0 0.861298 11 
0 0.871672 11 
0 0.892373 11 
0 0.938167 11 
0 0.943476 11 
0 0.950428 11 
0 0.955287 11 
0 0.956153 11 
0 0.961227 11 
0 0.966962 11 
0 0.968771 11 
0 0.969191 11 
0 1.01568 11 
0 1.01729 11 
0 1.01763 11 
0 1.01772 11 
0 1.01974 11 
0 1.02522 11 
0 1.05516 11 
0 1.43035 11 
0 1.43042 11 
0 1.43179 11 
0 1.43238 11 
0 1.43542 11 
0 1.63932 11 
0 1.64181 11 
0 1.6531 11 
0 1.65412 11 
0 1.65626 11 
0 1.69135 11 
0 1.69181 11 
0 1.70658 11 
0 1.72039 11 
0 1.72046 11 
0 inf 11 
0 0.0714713 12 
0 0.0935075 12 
0 0.113668 12 
0 0.119329 12 
0 0.123406 12 
0 0.131598 12 
0 0.139261 12 
0 0.140877 12 
0 0.166994 12 
0 0.169464 12 
0 0.172496 12 
0 0.185826 12 
0 0.196889 12 
0 0.197941 12 
0 0.204128 12 
0 0.209641 12 
0 0.211617 12 
0 0.217469 12 
0 0.239921 12 
0 0.254012 12 
0 0.257915 12 
0 0.257935 12 
0 0.266801 12 
0 0.273712 12 
0 0.279304 12 
0 0.281207 12 
0 0.281845 12 
0 0.297464 12 
0 0.298303 12 
0 0.30261 12 
0 0.312063 12 
0 0.318416 12 
0 0.31923 12 
0 0.335278 12 
0 0.345759 12 
0 0.352481 12 
0 0.368512 12 
0 0.368758 12 
0 0.378622 12 
0 0.420801 12 
0 0.427594 12 
0 0.439243 12 
0 0.441356 12 
0 0.453056 12 
0 0.456581 12 
0 0.521821 12 
0 0.533988 12 
0 0.547601 12 
0 0.671749 12 
0 0.860392 12 
0 0.875635 12 
0 0.90944 12 
0 0.913354 12 
0 0.922173 12 
0 0.947968 12 
0 0.9488 12 
0 0.95055 12 
0 0.957788 12 
0 0.958018 12 
0 0.962914 12 
0 0.965201 12 
0 0.968622 12 
0 0.968936 12 
0 0.989793 12 
0 0.991259 12 
0 0.992042 12 
0 1.00446 12 
0 1.01855 12 
0 1.02136 12 
0 1.02146 12 
0 1.02196 12 
0 1.02292 12 
0 1.42869 12 
0 1.42894 12 
0 1.43031 12 
0 1.43085 12 
0 1.43099 12 
0 1.63962 12 
0 1.63981 12 
0 1.65463 12 
0 1.65529 12 
0 1.65773 12 
0 1.69399 12 
0 1.69436 12 
0 1.7037 12 
0 1.70377 12 
0 1.70392 12 
0 inf 12 
0 0.0798929 13 
0 0.0867176 13 
0 0.095277 13 
0 0.126313 13 
0 0.147406 13 
0 0.153863 13 
0 0.184339 13 
0 0.185265 13 
0 0.200277 13 
0 0.20841 13 
0 0.208411 13 
0 0.210448 13 
0 0.216449 13 
0 0.221369 13 
0 0.236007 13 
0 0.23683 13 
0 0.238793 13 
0 0.24843 13 
0 0.25456 13 
0 0.25906 13 
0 0.259468 13 
0 0.26515 13 
0 0.281288 13 
0 0.286452 13 
0 0.288485 13 
0 0.292905 13 
0 0.297993 13 
0 0.31128 13 
0 0.311527 13 
0 0.313851 13 
0 0.316689 13 
0 0.316689 13 
0 0.324815 13 
0 0.338388 13 
0 0.340719 13 
0 0.342141 13 
0 0.352811 13 
0 0.365766 13 
0 0.391166 13 
0 0.415575 13 
0 0.42364 13 
0 0.524499 13 
0 0.583736 13 
0 0.606011 13 
0 0.706022 13 
0 0.850034 13 
0 0.85308 13 
0 0.878096 13 
0 0.878771 13 
0 0.880517 13 
0 0.880733 13 
0 0.884422 13 
0 0.904727 13 
0 0.904971 13 
0 0.91188 13 
0 0.947076 13 
0 0.96086 13 
0 0.961548 13 
0 0.962077 13 
0 0.96264 13 
0 0.969386 13 
0 0.980285 13 
0 1.0571 13 
0 1.05917 13 
0 1.05931 13 
0 1.17789 13 
0 1.17858 13 
0 1.18365 13 
0 1.42913 13 
0 1.43198 13 
0 1.45218 13 
0 1.45339 13 
0 1.45352 13 
0 1.63797 13 
0 1.64603 13 
0 1.66869 13 
0 1.66958 13 
0 1.67055 13 
0 1.69225 13 
0 1.69233 13 
0 1.69607 13 
0 1.69617 13 
0 1.69738 13 
0 inf 13 
0 0.0634228 14 
0 0.0663823 14 
0 0.111825 14 
0 0.116818 14 
0 0.135763 14 
0 0.143967 14 
0 0.163603 14 
0 0.164413 14 
0 0.182231 14 
0 0.198886 14 
0 0.203815 14 
0 0.205412 14 
0 0.205526 14 
0 0.213791 14 
0 0.219971 14 
0 0.220085 14 
0 0.220912 14 
0 0.22585 14 
0 0.232854 14 
0 0.236216 14 
0 0.239129 14 
0 0.239833 14 
0 0.252413 14 
0 0.290893 14 
0 0.292551 14 
0 0.294276 14 
0 0.308058 14 
0 0.313941 14 
0 0.314931 14 
0 0.318072 14 
0 0.321115 14 
0 0.330982 14 
0 0.332234 14 
0 0.333067 14 
0 0.363936 14 
0 0.387729 14 
0 0.416581 14 
0 0.41922 14 
0 0.439003 14 
0 0.611772 14 
0 0.695687 14 
0 0.779772 14 
0 0.800964 14 
0 0.843595 14 
0 0.85899 14 
0 0.863076 14 
0 0.863118 14 
0 0.863797 14 
0 0.864275 14 
0 0.868138 14 
0 0.875947 14 
0 0.936983 14 
0 0.961466 14 
0 0.967847 14 
0 0.976917 14 
0 0.979748 14 
0 0.980343 14 
0 0.981023 14 
0 1.13056 14 
0 1.13209 14 
0 1.13423 14 
0 1.26229 14 
0 1.26242 14 
0 1.26248 14 
0 1.42801 14 
0 1.42811 14 
0 1.45492 14 
0 1.45546 14 
0 1.45549 14 
0 1.63773 14 
0 1.63939 14 
0 1.64147 14 
0 1.6428 14 
0 1.6428 14 
0 1.69219 14 
0 1.69995 14 
0 1.69995 14 
0 1.70007 14 
0 2.9706 14 
0 inf 14 
0 0.0800597 15 
0 0.0902545 15 
0 0.0926535 15 
0 0.0974304 15 
0 0.126204 15 
0 0.131144 15 
0 0.135809 15 
0 0.138458 15 
0 0.141839 15 
0 0.141977 15 
0 0.1495 15 
0 0.150626 15 
0 0.162794 15 
0 0.208286 15 
0 0.21289 15 
0 0.217549 15 
0 0.227444 15 
0 0.22757 15 
0 0.227886 15 
0 0.239134 15 
0 0.239276 15 
0 0.240863 15 
0 0.252678 15 
0 0.273825 15 
0 0.277354 15 
0 0.305223 15 
0 0.311206 15 
0 0.313557 15 
0 0.315676 15 
0 0.319706 15 
0 0.320637 15 
0 0.32197 15 
0 0.326411 15 
0 0.345224 15 
0 0.360548 15 
0 0.360981 15 
0 0.360981 15 
0 0.430143 15 
0 0.52688 15 
0 0.8505 15 
0 0.851939 15 
0 0.852316 15 
0 0.853304 15 
0 0.874828 15 
0 0.877601 15 
0 0.878118 15 
0 0.878428 15 
0 0.880478 15 
0 0.943717 15 
0 0.970667 15 
0 0.989882 15 
0 1.03543 15 
0 1.03906 15 
0 1.04019 15 
0 1.04704 15 
0 1.07222 15 
0 1.07269 15 
0 1.07342 15 
0 1.09117 15 
0 1.13014 15 
0 1.13114 15 
0 1.43609 15 
0 1.44081 15 
0 1.44081 15 
0 1.44125 15 
0 1.63747 15 
0 1.64062 15 
0 1.64176 15 
0 1.64239 15 
0 1.64252 15 
0 1.69777 15 
0 1.71023 15 
0 1.71527 15 
0 1.71581 15 
0 2.63089 15 
0 inf 15 
0 0.0777551 16 
0 0.0879321 16 
0 0.0946033 16 
0 0.0955581 16 
0 0.107089 16 
0 0.109012 16 
0 0.123305 16 
0 0.151569 16 
0 0.154283 16 
0 0.158352 16 
0 0.162423 16 
0 0.164408 16 
0 0.16535 16 
0 0.166262 16 
0 0.174375 16 
0 0.176079 16 
0 0.176216 16 
0 0.179364 16 
0 0.184833 16 
0 0.199936 16 
0 0.260537 16 
0 0.266534 16 
0 0.277032 16 
0 0.280522 16 
0 0.283145 16 
0 0.283832 16 
0 0.29432 16 
0 0.298433 16 
0 0.301632 16 
0 0.304031 16 
0 0.305521 16 
0 0.352848 16 
0 0.355187 16 
0 0.408054 16 
0 0.422243 16 
0 0.433582 16 
0 0.455632 16 
0 0.643956 16 
0 0.838137 16 
0 0.83821 16 
0 0.87611 16 
0 0.878106 16 
0 0.880687 16 
0 0.881158 16 
0 0.891814 16 
0 0.896226 16 
0 0.941306 16 
0 0.995646 16 
0 1.00531 16 
0 1.00867 16 
0 1.00878 16 
0 1.0099 16 
0 1.02028 16 
0 1.02219 16 
0 1.02302 16 
0 1.03 16 
0 1.05772 16 
0 1.06297 16 
0 1.07037 16 
0 1.42899 16 
0 1.42969 16 
0 1.43089 16 
0 1.43089 16 
0 1.65071 16 
0 1.65105 16 
0 1.65108 16 
0 1.65134 16 
0 1.70501 16 
0 1.71568 16 
0 1.72743 16 
0 1.72755 16 
0 inf 16 
0 0.0687143 17 
0 0.0770775 17 
0 0.0772456 17 
0 0.0805385 17 
0 0.101982 17 
0 0.104369 17 
0 0.110762 17 
0 0.112158 17 
0 0.128353 17 
0 0.193687 17 
0 0.194489 17 
0 0.196348 17 
0 0.235159 17 
0 0.237791 17 
0 0.248043 17 
0 0.248043 17 
0 0.255408 17 
0 0.291417 17 
0 0.292838 17 
0 0.296427 17 
0 0.298496 17 
0 0.301379 17 
0 0.302796 17 
0 0.308648 17 
0 0.31731 17 
0 0.320892 17 
0 0.324149 17 
0 0.328926 17 
0 0.354602 17 
0 0.39754 17 
0 0.407155 17 
0 0.41933 17 
0 0.44115 17 
0 0.446093 17 
0 0.450231 17 
0 0.586074 17 
0 0.621931 17 
0 0.642162 17 
0 0.721241 17 
0 0.735365 17 
0 0.871822 17 
0 0.873294 17 
0 0.874674 17 
0 0.878581 17 
0 0.898314 17 
0 0.935271 17 
0 0.935368 17 
0 0.988245 17 
0 1.00465 17 
0 1.00502 17 
0 1.006 17 
0 1.02744 17 
0 1.04917 17 
0 1.04938 17 
0 1.05216 17 
0 1.43296 17 
0 1.43313 17 
0 1.43318 17 
0 1.43383 17 
0 1.6507 17 
0 1.65089 17 
0 1.65118 17 
0 1.65127 17 
0 1.69933 17 
0 1.70035 17 
0 1.70391 17 
0 1.70425 17 
0 inf 17 
0 0.0995513 18 
0 0.100588 18 
0 0.103637 18 
0 0.173403 18 
0 0.189076 18 
0 0.191327 18 
0 0.21062 18 
0 0.22336 18 
0 0.226124 18 
0 0.227497 18 
0 0.251876 18 
0 0.254539 18 
0 0.25515 18 
0 0.261531 18 
0 0.26378 18 
0 0.265713 18 
0 0.266445 18 
0 0.266714 18 
0 0.290359 18 
0 0.290716 18 
0 0.291117 18 
0 0.305648 18 
0 0.305775 18 
0 0.305987 18 
0 0.32205 18 
0 0.367003 18 
0 0.371785 18 
0 0.373103 18 
0 0.37708 18 
0 0.378933 18 
0 0.555792 18 
0 0.571056 18 
0 0.638392 18 
0 0.642282 18 
0 0.866084 18 
0 0.868007 18 
0 0.868141 18 
0 0.868186 18 
0 0.86944 18 
0 0.879989 18 
0 0.965282 18 
0 0.990905 18 
0 1.03724 18 
0 1.04341 18 
0 1.06804 18 
0 1.06979 18 
0 1.07192 18 
0 1.12157 18 
0 1.14527 18 
0 1.14601 18 
0 1.14669 18 
0 1.4477 18 
0 1.45292 18 
0 1.4531 18 
0 1.45484 18 
0 1.6475 18 
0 1.64795 18 
0 1.64809 18 
0 1.6489 18 
0 1.69194 18 
0 1.6947 18 
0 1.69509 18 
0 1.69568 18 
0 inf 18 
0 0.125072 19 
0 0.129757 19 
0 0.129954 19 
0 0.129955 19 
0 0.130255 19 
0 0.130951 19 
0 0.175336 19 
0 0.181803 19 
0 0.184846 19 
0 0.185685 19 
0 0.190577 19 
0 0.193153 19 
0 0.194825 19 
0 0.202656 19 
0 0.229254 19 
0 0.231051 19 
0 0.235505 19 
0 0.236433 19 
0 0.237528 19 
0 0.247964 19 
0 0.252577 19 
0 0.257208 19 
0 0.262618 19 
0 0.275349 19 
0 0.27549 19 
0 0.291027 19 
0 0.300728 19 
0 0.301762 19 
0 0.302222 19 
0 0.302222 19 
0 0.302449 19 
0 0.307379 19 
0 0.566797 19 
0 0.704077 19 
0 0.84533 19 
0 0.855685 19 
0 0.855821 19 
0 0.856185 19 
0 0.867981 19 
0 0.977144 19 
0 0.985603 19 
0 1.11692 19 
0 1.11765 19 
0 1.11776 19 
0 1.16992 19 
0 1.23978 19 
0 1.24019 19 
0 1.24103 19 
0 1.45072 19 
0 1.45101 19 
0 1.45209 19 
0 1.64674 19 
0 1.64676 19 
0 1.64712 19 
0 1.70087 19 
0 1.70129 19 
0 1.70136 19 
0 2.40135 19 
0 3.91939 19 
0 inf 19 
0 0.0829137 20 
0 0.0836924 20 
0 0.101229 20 
0 0.12075 20 
0 0.12075 20 
0 0.133018 20 
0 0.141701 20 
0 0.144958 20 
0 0.146029 20 
0 0.155993 20 
0 0.172199 20 
0 0.173997 20 
0 0.181654 20 
0 0.193618 20 
0 0.222421 20 
0 0.223585 20 
0 0.223817 20 
0 0.224449 20 
0 0.228527 20 
0 0.241498 20 
0 0.243903 20 
0 0.248541 20 
0 0.24979 20 
0 0.25304 20 
0 0.257532 20 
0 0.263556 20 
0 0.2639 20 
0 0.264947 20 
0 0.300079 20 
0 0.30077 20 
0 0.301287 20 
0 0.306569 20 
0 0.308087 20 
0 0.309223 20 
0 0.322897 20 
0 0.620858 20 
0 0.807516 20 
0 0.848872 20 
0 0.848994 20 
0 0.850703 20 
0 0.889916 20 
0 0.967083 20 
0 1.0526 20 
0 1.0526 20 
0 1.13652 20 
0 1.13679 20 
0 1.45389 20 
0 1.45495 20 
0 1.64793 20 
0 1.64807 20 
0 1.64832 20 
0 1.69522 20 
0 1.6957 20 
0 1.74417 20 
0 2.64032 20 
0 inf 20 
