5.38335 9.01502 1 
1.53285 1.55981 1 
0.864602 2.24084 1 
0.192766 0.200927 1 
0.187513 0.196439 1 
0.18713 0.228094 1 
0.182497 0.202564 1 
0.178034 0.214547 1 
0.113127 0.144929 1 
0.0968031 0.119717 1 
0.0880131 0.0963421 1 
0.0878115 0.122593 1 
0.0710663 0.0721895 1 
0.0695474 0.0746232 1 
0.066127 0.0925582 1 
0.0613673 0.0769776 1 
0.0613673 0.0675953 1 
0.048538 0.0547582 1 
0.0481686 0.0490827 1 
0.0468547 0.0485369 1 
0.0449092 0.0456969 1 
0.0340613 0.0365865 1 
0.0337961 0.0400791 1 
0.0321753 0.0377869 1 
0.0313328 0.0394072 1 
6.52681 6.82355 2 
6.52255 6.70832 2 
4.24834 6.83275 2 
0.705218 2.96361 2 
0.207142 0.233085 2 
0.200618 0.217601 2 
0.183273 0.228757 2 
0.180035 0.209666 2 
0.171973 0.181364 2 
0.166917 0.236546 2 
0.166379 0.194843 2 
0.148348 0.148944 2 
0.142645 0.145741 2 
0.106374 0.122076 2 
0.0998882 0.135586 2 
0.0797112 0.100153 2 
0.0739014 0.0910026 2 
0.0643482 0.0675953 2 
0.0589946 0.108616 2 
0.0472327 0.0477982 2 
0.0466629 0.0481693 2 
0.0453047 0.0499902 2 
0.0445102 0.0515671 2 
0.0445095 0.0462817 2 
0.0426681 0.0478005 2 
0.0387204 0.0451072 2 
0.0353458 0.0405207 2 
4.74928 4.83705 3 
4.74549 4.90287 3 
4.74186 4.91307 3 
4.25287 4.91443 3 
0.646133 3.08608 3 
0.211526 0.218009 3 
0.210002 0.226207 3 
0.173003 0.228642 3 
0.171604 0.21854 3 
0.169565 0.191696 3 
0.16048 0.184829 3 
0.155341 0.159146 3 
0.152383 0.169617 3 
0.140053 0.145058 3 
0.129734 0.145615 3 
0.0943694 0.107541 3 
0.0866836 0.0916876 3 
0.0653115 0.0683812 3 
0.0437015 0.0474223 3 
0.0430825 0.047612 3 
0.0382566 0.0458941 3 
3.79713 3.82349 4 
1.1041 2.94611 4 
0.18058 0.217763 4 
0.170359 0.217025 4 
0.164656 0.2243 4 
0.163514 0.17577 4 
0.151796 0.185455 4 
0.1273 0.163513 4 
0.126107 0.130624 4 
0.122372 0.168452 4 
0.0709396 0.0732945 4 
0.0644861 0.064762 4 
0.0637901 0.07378 4 
0.0560433 0.0568335 4 
0.0555622 0.0573038 4 
0.053771 0.0595964 4 
0.0508676 0.0517417 4 
2.59088 2.59917 5 
1.57746 2.60189 5 
0.186893 0.19707 5 
0.171248 0.210135 5 
0.158017 0.174701 5 
0.139418 0.156197 5 
0.12911 0.129729 5 
0.0754549 0.089221 5 
0.0659886 0.0704367 5 
0.0615155 0.0698039 5 
0.0606355 0.0630882 5 
0.05327 0.0534375 5 
0.0532688 0.0532714 5 
0.0529341 0.0531024 5 
0.0445102 0.0503438 5 
2.4323 2.61054 6 
2.39609 2.44084 6 
2.3326 2.3352 6 
2.31695 2.4328 6 
2.31073 2.43934 6 
1.83253 2.40681 6 
0.156371 0.157785 6 
0.147374 0.173414 6 
0.134796 0.141131 6 
0.132724 0.145122 6 
0.113907 0.147621 6 
0.106122 0.110086 6 
0.0896189 0.0948473 6 
0.0809315 0.0936135 6 
0.0705669 0.0789259 6 
0.0683821 0.0696783 6 
0.0580793 0.0609289 6 
2.57085 2.65178 7 
2.50943 2.51739 7 
1.98517 2.26182 7 
1.7396 2.09651 7 
1.72724 2.15074 7 
0.147745 0.157902 7 
0.141256 0.161036 7 
0.137611 0.156479 7 
0.130284 0.137222 7 
0.109353 0.111694 7 
0.106121 0.12511 7 
0.099618 0.128697 7 
0.0781317 0.0876072 7 
1.91567 2.12472 8 
1.84875 2.22647 8 
1.84191 1.98253 8 
1.8152 1.82669 8 
1.63846 1.70998 8 
1.45182 1.94596 8 
1.22481 1.85137 8 
0.147504 0.172175 8 
0.133928 0.137485 8 
0.124109 0.132929 8 
0.123893 0.126668 8 
0.120606 0.126672 8 
0.120535 0.132994 8 
0.117836 0.130208 8 
1.56031 1.57354 9 
1.22409 1.64654 9 
0.368521 0.368654 9 
0.140244 0.158918 9 
0.116927 0.121786 9 
0.102529 0.126461 9 
1.93292 2.28834 10 
1.89275 2.27526 10 
1.50322 1.57722 10 
1.34424 1.42624 10 
1.30304 1.3522 10 
1.16226 1.24573 10 
1.1622 1.24529 10 
0.161633 0.163039 10 
0.134197 0.149724 10 
1.42906 1.68868 11 
1.42777 1.6271 11 
1.34461 1.49505 11 
1.24263 1.53982 11 
1.23918 1.50032 11 
1.23893 1.31113 11 
1.23133 1.29772 11 
0.187418 0.19648 11 
0.173828 0.202299 11 
0.15079 0.173725 11 
1.398 1.46193 12 
1.37119 1.52552 12 
1.35837 1.53208 12 
1.08127 1.10106 12 
1.02166 1.05606 12 
0.960197 1.11332 12 
0.890067 0.910012 12 
0.880084 1.13485 12 
0.878786 0.906327 12 
0.587293 0.590987 12 
1.00862 1.05256 13 
0.494505 0.554322 13 
0.275837 0.297836 13 
0.162513 0.181875 13 
2.29485 2.32278 14 
2.28619 2.31308 14 
2.28368 2.31105 14 
1.25659 1.27028 14 
0.504916 0.541731 14 
0.179027 0.181087 14 
2.0908 2.15515 15 
1.79319 2.16039 15 
1.78924 2.17847 15 
1.44223 1.44388 15 
0.211953 0.214104 15 
1.57238 1.68138 16 
1.41432 1.62441 16 
1.33644 1.61579 16 
1.32931 1.34508 16 
1.31985 1.34587 16 
0.179536 0.189138 16 
0.79424 0.816346 17 
0.704945 0.821073 17 
0.704641 0.804797 17 
0.704501 0.734187 17 
0.182253 0.19778 17 
0.180481 0.19778 17 
0.179489 0.194275 17 
0.491553 0.550487 19 
0.490899 0.544211 19 
0.274185 0.280426 20 
