0 0.0352359 1 
0 0.039657 1 
0 0.039658 1 
0 0.0436233 1 
0 0.0436332 1 
0 0.0454914 1 
0 0.0472754 1 
0 0.0472757 1 
0 0.0481338 1 
0 0.0489948 1 
0 0.0506525 1 
0 0.0506552 1 
0 0.0514632 1 
0 0.0530497 1 
0 0.0538247 1 
0 0.0545878 1 
0 0.0545917 1 
0 0.0560851 1 
0 0.056817 1 
0 0.057541 1 
0 0.0575417 1 
0 0.0589612 1 
0 0.0596582 1 
0 0.059659 1 
0 0.0596605 1 
0 0.0610325 1 
0 0.0617021 1 
0 0.0617062 1 
0 0.0617068 1 
0 0.061708 1 
0 0.0623727 1 
0 0.062373 1 
0 0.0636829 1 
0 0.0636866 1 
0 0.0662317 1 
0 0.0668561 1 
0 0.0674792 1 
0 0.068084 1 
0 0.0692896 1 
0 0.0698811 1 
0 0.0722135 1 
0 0.0727814 1 
0 0.0733503 1 
0 0.0733511 1 
0 0.0744708 1 
0 0.0787945 1 
0 0.0798351 1 
0 0.0798408 1 
0 0.080866 1 
0 0.0828901 1 
0 0.0843738 1 
0 0.0853481 1 
0 0.0863186 1 
0 0.0905288 1 
0 0.0936708 1 
0 0.0954272 1 
0 0.0971474 1 
0 0.0975671 1 
0 0.100072 1 
0 0.101717 1 
0 0.102526 1 
0 0.10373 1 
0 0.105711 1 
0 0.108796 1 
0 0.114004 1 
0 0.11616 1 
0 0.117574 1 
0 0.120011 1 
0 0.121044 1 
0 0.126719 1 
0 0.128991 1 
0 0.136472 1 
0 0.137377 1 
0 0.140359 1 
0 0.140362 1 
0 0.140652 1 
0 0.140657 1 
0 0.143858 1 
0 0.146418 1 
0 0.148391 1 
0 0.14894 1 
0 0.148947 1 
0 0.15811 1 
0 0.158373 1 
0 0.16019 1 
0 0.161226 1 
0 0.174063 1 
0 0.176659 1 
0 0.176893 1 
0 0.177591 1 
0 0.177823 1 
0 0.198916 1 
0 0.200784 1 
0 0.21645 1 
0 0.219489 1 
0 0.227999 1 
0 0.228543 1 
0 0.242777 1 
0 0.260845 1 
0 0.262904 1 
0 0.277008 1 
0 0.330434 1 
0 0.338836 1 
0 0.366518 1 
0 0.367997 1 
0 0.370575 1 
0 0.373346 1 
0 0.389096 1 
0 0.3911 1 
0 0.392139 1 
0 0.393435 1 
0 0.401763 1 
0 0.414818 1 
0 0.419314 1 
0 0.530971 1 
0 0.536622 1 
0 0.559286 1 
0 0.559808 1 
0 0.605825 1 
0 0.619329 1 
0 0.643 1 
0 0.972192 1 
0 1.43678 1 
0 2.28212 1 
0 2.68334 1 
0 2.74482 1 
0 3.13111 1 
0 3.71461 1 
0 4.7179 1 
0 4.72066 1 
0 4.90271 1 
0 inf 1 
0 0.0301737 2 
0 0.0352359 2 
0 0.0352364 2 
0 0.0436325 2 
0 0.0463913 2 
0 0.0498305 2 
0 0.0498325 2 
0 0.0506557 2 
0 0.0514668 2 
0 0.0514669 2 
0 0.0514671 2 
0 0.0538235 2 
0 0.0553416 2 
0 0.0553423 2 
0 0.0560851 2 
0 0.0568179 2 
0 0.0568183 2 
0 0.0568183 2 
0 0.0575403 2 
0 0.0582556 2 
0 0.0617039 2 
0 0.0623726 2 
0 0.062373 2 
0 0.0636863 2 
0 0.0649755 2 
0 0.0686899 2 
0 0.0686899 2 
0 0.0704734 2 
0 0.0710574 2 
0 0.0727848 2 
0 0.0761169 2 
0 0.0787887 2 
0 0.0787887 2 
0 0.0798351 2 
0 0.0808634 2 
0 0.0823851 2 
0 0.082388 2 
0 0.0828854 2 
0 0.0838807 2 
0 0.0843718 2 
0 0.0858271 2 
0 0.0863122 2 
0 0.0886763 2 
0 0.0900684 2 
0 0.0909818 2 
0 0.0918827 2 
0 0.0936718 2 
0 0.0949924 2 
0 0.0971464 2 
0 0.0984121 2 
0 0.0984158 2 
0 0.110309 2 
0 0.110681 2 
0 0.112904 2 
0 0.115085 2 
0 0.12036 2 
0 0.125409 2 
0 0.125738 2 
0 0.125743 2 
0 0.132159 2 
0 0.136475 2 
0 0.136779 2 
0 0.142116 2 
0 0.146989 2 
0 0.14922 2 
0 0.151974 2 
0 0.15386 2 
0 0.155738 2 
0 0.16019 2 
0 0.167521 2 
0 0.170213 2 
0 0.177119 2 
0 0.179679 2 
0 0.179906 2 
0 0.184229 2 
0 0.18534 2 
0 0.189757 2 
0 0.217412 2 
0 0.223229 2 
0 0.227642 2 
0 0.22854 2 
0 0.24191 2 
0 0.243104 2 
0 0.248664 2 
0 0.249993 2 
0 0.251805 2 
0 0.265562 2 
0 0.278928 2 
0 0.282185 2 
0 0.282185 2 
0 0.282332 2 
0 0.288852 2 
0 0.290715 2 
0 0.327789 2 
0 0.332269 2 
0 0.335277 2 
0 0.336384 2 
0 0.337371 2 
0 0.342073 2 
0 0.342193 2 
0 0.344913 2 
0 0.350634 2 
0 0.357366 2 
0 0.357374 2 
0 0.362712 2 
0 0.36552 2 
0 0.390701 2 
0 0.404851 2 
0 0.571805 2 
0 0.571805 2 
0 0.57491 2 
0 0.576391 2 
0 0.603342 2 
0 0.7641 2 
0 1.22549 2 
0 1.93166 2 
0 1.93782 2 
0 1.95801 2 
0 2.68638 2 
0 3.02842 2 
0 3.09052 2 
0 3.26809 2 
0 3.31487 2 
0 3.32269 2 
0 3.88298 2 
0 4.26666 2 
0 4.26887 2 
0 inf 2 
0 0.0287698 3 
0 0.030174 3 
0 0.040692 3 
0 0.042673 3 
0 0.0472744 3 
0 0.047275 3 
0 0.0545879 3 
0 0.0553405 3 
0 0.0560842 3 
0 0.0560842 3 
0 0.0589622 3 
0 0.0603493 3 
0 0.0617055 3 
0 0.0636856 3 
0 0.0656066 3 
0 0.0668569 3 
0 0.0674734 3 
0 0.0692885 3 
0 0.0698844 3 
0 0.0727894 3 
0 0.0803508 3 
0 0.0803519 3 
0 0.0843705 3 
0 0.0848695 3 
0 0.0853473 3 
0 0.0882102 3 
0 0.0905288 3 
0 0.0936708 3 
0 0.0971427 3 
0 0.0971427 3 
0 0.0992555 3 
0 0.102134 3 
0 0.108035 3 
0 0.112168 3 
0 0.112896 3 
0 0.114721 3 
0 0.114722 3 
0 0.117218 3 
0 0.118275 3 
0 0.118275 3 
0 0.120012 3 
0 0.122747 3 
0 0.130901 3 
0 0.132159 3 
0 0.135252 3 
0 0.135256 3 
0 0.136169 3 
0 0.138282 3 
0 0.142124 3 
0 0.142992 3 
0 0.143277 3 
0 0.143856 3 
0 0.144148 3 
0 0.144714 3 
0 0.145004 3 
0 0.146146 3 
0 0.148389 3 
0 0.1506 3 
0 0.170453 3 
0 0.172149 3 
0 0.173825 3 
0 0.174538 3 
0 0.198289 3 
0 0.201597 3 
0 0.201811 3 
0 0.203235 3 
0 0.209059 3 
0 0.210437 3 
0 0.225806 3 
0 0.225806 3 
0 0.228175 3 
0 0.23017 3 
0 0.232316 3 
0 0.240194 3 
0 0.242255 3 
0 0.248829 3 
0 0.256201 3 
0 0.262858 3 
0 0.28353 3 
0 0.290594 3 
0 0.292293 3 
0 0.295627 3 
0 0.297748 3 
0 0.303122 3 
0 0.304472 3 
0 0.307862 3 
0 0.31054 3 
0 0.311203 3 
0 0.314912 3 
0 0.321767 3 
0 0.322053 3 
0 0.326365 3 
0 0.332312 3 
0 0.355646 3 
0 0.37324 3 
0 0.379165 3 
0 0.38016 3 
0 0.392905 3 
0 0.398031 3 
0 0.402668 3 
0 0.402977 3 
0 0.499564 3 
0 0.513299 3 
0 0.553112 3 
0 0.562978 3 
0 0.595284 3 
0 0.752143 3 
0 1.07402 3 
0 1.08182 3 
0 1.1039 3 
0 1.10723 3 
0 1.10783 3 
0 1.70342 3 
0 1.87807 3 
0 2.56625 3 
0 2.93322 3 
0 3.26817 3 
0 3.30007 3 
0 3.35425 3 
0 3.35574 3 
0 3.42022 3 
0 4.16637 3 
0 4.16661 3 
0 inf 3 
0 0.047275 4 
0 0.0472754 4 
0 0.0489943 4 
0 0.0522599 4 
0 0.0530505 4 
0 0.0538257 4 
0 0.0568165 4 
0 0.0575376 4 
0 0.0575418 4 
0 0.0582561 4 
0 0.0589612 4 
0 0.0589619 4 
0 0.0589625 4 
0 0.0610306 4 
0 0.0610306 4 
0 0.0617064 4 
0 0.0623732 4 
0 0.0668557 4 
0 0.0698837 4 
0 0.0727847 4 
0 0.0739137 4 
0 0.0766611 4 
0 0.0766615 4 
0 0.0787954 4 
0 0.0843705 4 
0 0.0971474 4 
0 0.0988329 4 
0 0.104135 4 
0 0.107651 4 
0 0.107652 4 
0 0.109932 4 
0 0.110677 4 
0 0.111426 4 
0 0.111797 4 
0 0.113271 4 
0 0.116157 4 
0 0.116868 4 
0 0.118975 4 
0 0.11932 4 
0 0.120014 4 
0 0.120016 4 
0 0.120356 4 
0 0.121724 4 
0 0.124418 4 
0 0.124747 4 
0 0.125412 4 
0 0.126722 4 
0 0.129304 4 
0 0.129949 4 
0 0.130898 4 
0 0.133403 4 
0 0.168991 4 
0 0.173821 4 
0 0.198294 4 
0 0.199743 4 
0 0.207869 4 
0 0.211434 4 
0 0.214343 4 
0 0.216074 4 
0 0.21815 4 
0 0.226176 4 
0 0.226725 4 
0 0.228363 4 
0 0.229625 4 
0 0.240012 4 
0 0.241403 4 
0 0.247662 4 
0 0.254096 4 
0 0.272637 4 
0 0.277609 4 
0 0.278909 4 
0 0.279837 4 
0 0.281466 4 
0 0.288977 4 
0 0.295894 4 
0 0.302436 4 
0 0.313746 4 
0 0.314884 4 
0 0.324743 4 
0 0.325156 4 
0 0.328395 4 
0 0.330296 4 
0 0.331031 4 
0 0.336174 4 
0 0.359682 4 
0 0.362776 4 
0 0.363688 4 
0 0.372609 4 
0 0.377903 4 
0 0.42039 4 
0 0.433757 4 
0 0.489269 4 
0 0.528528 4 
0 0.537456 4 
0 0.558899 4 
0 0.558973 4 
0 0.625519 4 
0 0.773153 4 
0 0.777203 4 
0 0.783131 4 
0 1.08143 4 
0 1.08708 4 
0 1.08788 4 
0 1.0932 4 
0 1.13567 4 
0 1.54836 4 
0 1.6458 4 
0 1.6597 4 
0 1.6603 4 
0 1.66069 4 
0 1.77809 4 
0 2.62134 4 
0 2.66283 4 
0 2.66879 4 
0 2.67127 4 
0 2.94943 4 
0 3.35526 4 
0 3.78625 4 
0 3.78637 4 
0 inf 4 
0 0.0240718 5 
0 0.0315172 5 
0 0.0396573 5 
0 0.0416925 5 
0 0.042674 5 
0 0.049832 5 
0 0.0530495 5 
0 0.0617055 5 
0 0.06561 5 
0 0.0668615 5 
0 0.069289 5 
0 0.0698812 5 
0 0.0727841 5 
0 0.076659 5 
0 0.0766616 5 
0 0.0777345 5 
0 0.078792 5 
0 0.0833876 5 
0 0.0838784 5 
0 0.100487 5 
0 0.100494 5 
0 0.101313 5 
0 0.102127 5 
0 0.103338 5 
0 0.105321 5 
0 0.105712 5 
0 0.107265 5 
0 0.107266 5 
0 0.109932 5 
0 0.110685 5 
0 0.113636 5 
0 0.117568 5 
0 0.120357 5 
0 0.120357 5 
0 0.120696 5 
0 0.121724 5 
0 0.127375 5 
0 0.128019 5 
0 0.12802 5 
0 0.129309 5 
0 0.131842 5 
0 0.136476 5 
0 0.141539 5 
0 0.143278 5 
0 0.145572 5 
0 0.15197 5 
0 0.151971 5 
0 0.151971 5 
0 0.156009 5 
0 0.166275 5 
0 0.181049 5 
0 0.192787 5 
0 0.205067 5 
0 0.207474 5 
0 0.212008 5 
0 0.212403 5 
0 0.21645 5 
0 0.218185 5 
0 0.219488 5 
0 0.220425 5 
0 0.222484 5 
0 0.226902 5 
0 0.22944 5 
0 0.237246 5 
0 0.246822 5 
0 0.247657 5 
0 0.275626 5 
0 0.277159 5 
0 0.301066 5 
0 0.31094 5 
0 0.312533 5 
0 0.312799 5 
0 0.328415 5 
0 0.335293 5 
0 0.338652 5 
0 0.348003 5 
0 0.380609 5 
0 0.382019 5 
0 0.38659 5 
0 0.390425 5 
0 0.394806 5 
0 0.397986 5 
0 0.480047 5 
0 0.486391 5 
0 0.502965 5 
0 0.50428 5 
0 0.512745 5 
0 0.5133 5 
0 0.517646 5 
0 0.623075 5 
0 0.625396 5 
0 0.633353 5 
0 0.648587 5 
0 0.658408 5 
0 0.800691 5 
0 1.08895 5 
0 1.14551 5 
0 1.34412 5 
0 1.53909 5 
0 1.71296 5 
0 1.71332 5 
0 1.72084 5 
0 1.73175 5 
0 1.78267 5 
0 1.79052 5 
0 1.79161 5 
0 1.7917 5 
0 1.79173 5 
0 1.79173 5 
0 1.79392 5 
0 1.82847 5 
0 2.15522 5 
0 2.17249 5 
0 2.17249 5 
0 2.17738 5 
0 inf 5 
0 0.0498331 6 
0 0.0560827 6 
0 0.0692894 6 
0 0.071637 6 
0 0.0739125 6 
0 0.0739135 6 
0 0.0750248 6 
0 0.0823869 6 
0 0.0838779 6 
0 0.0853483 6 
0 0.0863111 6 
0 0.088207 6 
0 0.0923341 6 
0 0.0923347 6 
0 0.0923349 6 
0 0.0923421 6 
0 0.0954175 6 
0 0.10008 6 
0 0.101723 6 
0 0.103336 6 
0 0.103337 6 
0 0.105714 6 
0 0.10918 6 
0 0.109548 6 
0 0.11544 6 
0 0.116871 6 
0 0.118628 6 
0 0.118976 6 
0 0.120708 6 
0 0.125409 6 
0 0.128346 6 
0 0.128993 6 
0 0.13402 6 
0 0.136775 6 
0 0.140066 6 
0 0.141534 6 
0 0.141541 6 
0 0.145009 6 
0 0.14642 6 
0 0.146704 6 
0 0.159159 6 
0 0.159674 6 
0 0.160703 6 
0 0.163005 6 
0 0.180132 6 
0 0.180363 6 
0 0.186013 6 
0 0.186236 6 
0 0.187805 6 
0 0.189539 6 
0 0.196222 6 
0 0.196433 6 
0 0.208064 6 
0 0.217781 6 
0 0.218007 6 
0 0.218182 6 
0 0.228905 6 
0 0.229282 6 
0 0.233043 6 
0 0.237782 6 
0 0.238325 6 
0 0.240541 6 
0 0.241913 6 
0 0.261005 6 
0 0.267894 6 
0 0.269434 6 
0 0.278031 6 
0 0.296462 6 
0 0.30176 6 
0 0.30312 6 
0 0.306253 6 
0 0.314652 6 
0 0.345124 6 
0 0.35386 6 
0 0.357583 6 
0 0.358304 6 
0 0.359801 6 
0 0.363096 6 
0 0.367741 6 
0 0.449323 6 
0 0.461138 6 
0 0.494236 6 
0 0.512077 6 
0 0.514898 6 
0 0.525481 6 
0 0.689951 6 
0 0.904805 6 
0 1.03179 6 
0 1.08648 6 
0 1.09111 6 
0 1.09145 6 
0 1.09565 6 
0 1.10352 6 
0 1.1858 6 
0 1.22392 6 
0 1.22605 6 
0 1.22801 6 
0 1.25303 6 
0 1.27231 6 
0 1.29235 6 
0 1.38762 6 
0 1.38809 6 
0 1.44475 6 
0 1.46056 6 
0 1.52852 6 
0 1.53108 6 
0 1.53367 6 
0 1.53925 6 
0 1.54488 6 
0 1.54917 6 
0 1.70901 6 
0 inf 6 
0 0.035239 7 
0 0.045486 7 
0 0.0489952 7 
0 0.0545937 7 
0 0.0649758 7 
0 0.0649764 7 
0 0.0739125 7 
0 0.0744711 7 
0 0.0755746 7 
0 0.08036 7 
0 0.0828907 7 
0 0.0853485 7 
0 0.0863128 7 
0 0.0863156 7 
0 0.089607 7 
0 0.0936714 7 
0 0.0975683 7 
0 0.100485 7 
0 0.10049 7 
0 0.100902 7 
0 0.102128 7 
0 0.103735 7 
0 0.10532 7 
0 0.106878 7 
0 0.109934 7 
0 0.111801 7 
0 0.117217 7 
0 0.119321 7 
0 0.121044 7 
0 0.143851 7 
0 0.151968 7 
0 0.153325 7 
0 0.154399 7 
0 0.155995 7 
0 0.158633 7 
0 0.163279 7 
0 0.165773 7 
0 0.181507 7 
0 0.183996 7 
0 0.184898 7 
0 0.184899 7 
0 0.211033 7 
0 0.212012 7 
0 0.22082 7 
0 0.22782 7 
0 0.233048 7 
0 0.236372 7 
0 0.242273 7 
0 0.244481 7 
0 0.248512 7 
0 0.252808 7 
0 0.253932 7 
0 0.256069 7 
0 0.256069 7 
0 0.258472 7 
0 0.26119 7 
0 0.261642 7 
0 0.27385 7 
0 0.28039 7 
0 0.289244 7 
0 0.289711 7 
0 0.29826 7 
0 0.299271 7 
0 0.301435 7 
0 0.345572 7 
0 0.35027 7 
0 0.350387 7 
0 0.352155 7 
0 0.358735 7 
0 0.364232 7 
0 0.382232 7 
0 0.483653 7 
0 0.501631 7 
0 0.502208 7 
0 0.502702 7 
0 0.511194 7 
0 0.515317 7 
0 0.594446 7 
0 0.636409 7 
0 0.649352 7 
0 0.687249 7 
0 0.773684 7 
0 0.785255 7 
0 0.78946 7 
0 0.791554 7 
0 0.794116 7 
0 0.865627 7 
0 0.91454 7 
0 0.957045 7 
0 1.02135 7 
0 1.04221 7 
0 1.05641 7 
0 1.10276 7 
0 1.11316 7 
0 1.15664 7 
0 1.31588 7 
0 1.31802 7 
0 1.31915 7 
0 1.33051 7 
0 1.36386 7 
0 1.43835 7 
0 1.53666 7 
0 1.55084 7 
0 1.55952 7 
0 1.5608 7 
0 1.5712 7 
0 1.59786 7 
0 inf 7 
0 0.0766611 8 
0 0.0766629 8 
0 0.0823907 8 
0 0.0823963 8 
0 0.0867893 8 
0 0.091438 8 
0 0.0918889 8 
0 0.0936737 8 
0 0.0941112 8 
0 0.0949913 8 
0 0.09714 8 
0 0.0996643 8 
0 0.100489 8 
0 0.103736 8 
0 0.108034 8 
0 0.108415 8 
0 0.109176 8 
0 0.109177 8 
0 0.110308 8 
0 0.111428 8 
0 0.115799 8 
0 0.116868 8 
0 0.12474 8 
0 0.127052 8 
0 0.133717 8 
0 0.138275 8 
0 0.139478 8 
0 0.139493 8 
0 0.142701 8 
0 0.160706 8 
0 0.165294 8 
0 0.167515 8 
0 0.169253 8 
0 0.184477 8 
0 0.186902 8 
0 0.193862 8 
0 0.195979 8 
0 0.19619 8 
0 0.196408 8 
0 0.197031 8 
0 0.199337 8 
0 0.203845 8 
0 0.208096 8 
0 0.209681 8 
0 0.217802 8 
0 0.229991 8 
0 0.261122 8 
0 0.261597 8 
0 0.269297 8 
0 0.273122 8 
0 0.276577 8 
0 0.279496 8 
0 0.287676 8 
0 0.288119 8 
0 0.289597 8 
0 0.295258 8 
0 0.3085 8 
0 0.31369 8 
0 0.32383 8 
0 0.331053 8 
0 0.339564 8 
0 0.36278 8 
0 0.365508 8 
0 0.374233 8 
0 0.378631 8 
0 0.379505 8 
0 0.390099 8 
0 0.463197 8 
0 0.498818 8 
0 0.510302 8 
0 0.519787 8 
0 0.633348 8 
0 0.658969 8 
0 0.662222 8 
0 0.668924 8 
0 0.683806 8 
0 0.689592 8 
0 0.708584 8 
0 0.871536 8 
0 0.877733 8 
0 0.880042 8 
0 0.897367 8 
0 0.974912 8 
0 1.00661 8 
0 1.01729 8 
0 1.02147 8 
0 1.02825 8 
0 1.0671 8 
0 1.0671 8 
0 1.08353 8 
0 1.08708 8 
0 1.09562 8 
0 1.09699 8 
0 1.10165 8 
0 1.10711 8 
0 1.14235 8 
0 1.1787 8 
0 1.19228 8 
0 1.53302 8 
0 1.53634 8 
0 1.53666 8 
0 1.53755 8 
0 1.53935 8 
0 inf 8 
0 0.0416951 9 
0 0.0445685 9 
0 0.0498263 9 
0 0.049838 9 
0 0.0560892 9 
0 0.0649738 9 
0 0.0686893 9 
0 0.0813834 9 
0 0.103732 9 
0 0.115798 9 
0 0.124416 9 
0 0.132156 9 
0 0.138278 9 
0 0.14241 9 
0 0.143568 9 
0 0.144712 9 
0 0.150598 9 
0 0.164294 9 
0 0.164545 9 
0 0.165779 9 
0 0.166544 9 
0 0.168011 9 
0 0.171423 9 
0 0.171423 9 
0 0.172145 9 
0 0.172405 9 
0 0.172625 9 
0 0.176436 9 
0 0.186231 9 
0 0.192136 9 
0 0.195135 9 
0 0.197469 9 
0 0.208462 9 
0 0.213414 9 
0 0.216482 9 
0 0.216494 9 
0 0.227454 9 
0 0.233862 9 
0 0.234614 9 
0 0.238322 9 
0 0.239016 9 
0 0.239332 9 
0 0.244972 9 
0 0.251594 9 
0 0.251762 9 
0 0.254779 9 
0 0.258937 9 
0 0.2597 9 
0 0.274012 9 
0 0.277008 9 
0 0.277738 9 
0 0.277738 9 
0 0.291764 9 
0 0.306108 9 
0 0.315924 9 
0 0.321765 9 
0 0.338348 9 
0 0.34063 9 
0 0.341116 9 
0 0.34224 9 
0 0.354125 9 
0 0.358313 9 
0 0.36878 9 
0 0.381789 9 
0 0.407182 9 
0 0.465526 9 
0 0.469585 9 
0 0.52667 9 
0 0.561576 9 
0 0.651714 9 
0 0.781294 9 
0 0.782564 9 
0 0.795201 9 
0 0.795618 9 
0 0.79562 9 
0 0.830435 9 
0 0.840146 9 
0 0.943938 9 
0 0.963103 9 
0 0.975802 9 
0 0.978494 9 
0 1.01729 9 
0 1.01911 9 
0 1.05313 9 
0 1.06567 9 
0 1.06581 9 
0 1.06586 9 
0 1.07402 9 
0 1.11275 9 
0 1.11516 9 
0 1.19651 9 
0 1.19928 9 
0 1.27578 9 
0 1.27928 9 
0 1.53464 9 
0 1.53551 9 
0 1.54753 9 
0 1.61226 9 
0 1.6125 9 
0 inf 9 
0 0.0436373 10 
0 0.0803528 10 
0 0.0833859 10 
0 0.0838832 10 
0 0.0882085 10 
0 0.0882106 10 
0 0.105712 10 
0 0.106875 10 
0 0.111797 10 
0 0.114362 10 
0 0.120017 10 
0 0.128348 10 
0 0.154398 10 
0 0.154401 10 
0 0.155208 10 
0 0.156014 10 
0 0.167021 10 
0 0.172886 10 
0 0.178057 10 
0 0.18357 10 
0 0.186011 10 
0 0.186478 10 
0 0.196187 10 
0 0.201817 10 
0 0.20222 10 
0 0.209595 10 
0 0.210251 10 
0 0.214281 10 
0 0.230021 10 
0 0.230169 10 
0 0.232882 10 
0 0.236197 10 
0 0.238463 10 
0 0.239505 10 
0 0.242601 10 
0 0.256044 10 
0 0.276696 10 
0 0.282478 10 
0 0.283366 10 
0 0.28438 10 
0 0.286265 10 
0 0.287986 10 
0 0.297759 10 
0 0.299974 10 
0 0.302025 10 
0 0.323335 10 
0 0.335045 10 
0 0.338976 10 
0 0.341609 10 
0 0.348827 10 
0 0.360036 10 
0 0.370572 10 
0 0.382877 10 
0 0.384295 10 
0 0.384295 10 
0 0.384403 10 
0 0.387048 10 
0 0.409211 10 
0 0.479536 10 
0 0.483912 10 
0 0.498073 10 
0 0.498738 10 
0 0.522009 10 
0 0.580648 10 
0 0.604741 10 
0 0.620808 10 
0 0.631909 10 
0 0.637841 10 
0 0.751813 10 
0 0.752088 10 
0 0.773933 10 
0 0.774841 10 
0 0.775642 10 
0 0.881167 10 
0 1.00658 10 
0 1.00691 10 
0 1.06688 10 
0 1.07591 10 
0 1.07672 10 
0 1.0845 10 
0 1.08724 10 
0 1.08895 10 
0 1.10545 10 
0 1.10676 10 
0 1.21731 10 
0 1.24658 10 
0 1.32887 10 
0 1.33483 10 
0 1.39068 10 
0 1.39338 10 
0 1.54593 10 
0 1.54646 10 
0 1.54662 10 
0 1.54697 10 
0 1.55167 10 
0 inf 10 
0 0.0582587 11 
0 0.0818849 11 
0 0.0843703 11 
0 0.0923336 11 
0 0.106876 11 
0 0.109934 11 
0 0.129652 11 
0 0.132492 11 
0 0.136172 11 
0 0.144683 11 
0 0.144997 11 
0 0.149499 11 
0 0.158635 11 
0 0.176423 11 
0 0.186708 11 
0 0.188677 11 
0 0.189567 11 
0 0.198515 11 
0 0.207276 11 
0 0.208659 11 
0 0.220089 11 
0 0.221351 11 
0 0.222484 11 
0 0.226171 11 
0 0.231064 11 
0 0.235851 11 
0 0.248953 11 
0 0.26401 11 
0 0.265373 11 
0 0.266962 11 
0 0.268385 11 
0 0.270312 11 
0 0.272498 11 
0 0.27401 11 
0 0.276266 11 
0 0.276375 11 
0 0.276705 11 
0 0.281019 11 
0 0.289719 11 
0 0.294815 11 
0 0.30543 11 
0 0.316483 11 
0 0.323209 11 
0 0.325756 11 
0 0.34573 11 
0 0.359694 11 
0 0.378972 11 
0 0.379733 11 
0 0.396791 11 
0 0.432037 11 
0 0.448863 11 
0 0.468356 11 
0 0.477631 11 
0 0.477894 11 
0 0.486215 11 
0 0.492726 11 
0 0.492726 11 
0 0.596398 11 
0 0.610185 11 
0 0.614511 11 
0 0.617534 11 
0 0.617534 11 
0 0.617729 11 
0 0.624996 11 
0 0.748227 11 
0 0.756259 11 
0 0.756259 11 
0 0.763938 11 
0 0.766272 11 
0 0.767613 11 
0 0.770251 11 
0 0.799611 11 
0 0.801626 11 
0 1.01108 11 
0 1.01108 11 
0 1.07175 11 
0 1.07237 11 
0 1.08792 11 
0 1.08811 11 
0 1.08826 11 
0 1.09437 11 
0 1.1113 11 
0 1.11185 11 
0 1.12682 11 
0 1.14084 11 
0 1.14345 11 
0 1.53008 11 
0 1.53094 11 
0 1.54065 11 
0 1.54138 11 
0 1.54406 11 
0 inf 11 
0 0.0848651 12 
0 0.110685 12 
0 0.124751 12 
0 0.134642 12 
0 0.13858 12 
0 0.143299 12 
0 0.1658 12 
0 0.168041 12 
0 0.172154 12 
0 0.173818 12 
0 0.173818 12 
0 0.174304 12 
0 0.181513 12 
0 0.182422 12 
0 0.186041 12 
0 0.190857 12 
0 0.1964 12 
0 0.217028 12 
0 0.224506 12 
0 0.245817 12 
0 0.250326 12 
0 0.251101 12 
0 0.256518 12 
0 0.259233 12 
0 0.260666 12 
0 0.261319 12 
0 0.262744 12 
0 0.264158 12 
0 0.266942 12 
0 0.267276 12 
0 0.269697 12 
0 0.270356 12 
0 0.27385 12 
0 0.288424 12 
0 0.289684 12 
0 0.290996 12 
0 0.292724 12 
0 0.297352 12 
0 0.297469 12 
0 0.297469 12 
0 0.297469 12 
0 0.306513 12 
0 0.312929 12 
0 0.314907 12 
0 0.329172 12 
0 0.332302 12 
0 0.338841 12 
0 0.343208 12 
0 0.356103 12 
0 0.421079 12 
0 0.430317 12 
0 0.475634 12 
0 0.482974 12 
0 0.49281 12 
0 0.515307 12 
0 0.527764 12 
0 0.624728 12 
0 0.6279 12 
0 0.651008 12 
0 0.665202 12 
0 0.666135 12 
0 0.69799 12 
0 0.804675 12 
0 0.806473 12 
0 0.824635 12 
0 0.830487 12 
0 0.879808 12 
0 0.885388 12 
0 0.926683 12 
0 0.953364 12 
0 0.953667 12 
0 0.974319 12 
0 0.999182 12 
0 1.00661 12 
0 1.06617 12 
0 1.07051 12 
0 1.07883 12 
0 1.08159 12 
0 1.08159 12 
0 1.11715 12 
0 1.11774 12 
0 1.12806 12 
0 1.53451 12 
0 1.53451 12 
0 1.5361 12 
0 1.53653 12 
0 1.54097 12 
0 inf 12 
0 0.104928 13 
0 0.146425 13 
0 0.147283 13 
0 0.182432 13 
0 0.18264 13 
0 0.182644 13 
0 0.188692 13 
0 0.188694 13 
0 0.192574 13 
0 0.193029 13 
0 0.196429 13 
0 0.211233 13 
0 0.215101 13 
0 0.215857 13 
0 0.216587 13 
0 0.218004 13 
0 0.218957 13 
0 0.225477 13 
0 0.229808 13 
0 0.234443 13 
0 0.234449 13 
0 0.240538 13 
0 0.245486 13 
0 0.254572 13 
0 0.261956 13 
0 0.262418 13 
0 0.266343 13 
0 0.278348 13 
0 0.281751 13 
0 0.290854 13 
0 0.294106 13 
0 0.296776 13 
0 0.300104 13 
0 0.300371 13 
0 0.300926 13 
0 0.309494 13 
0 0.311094 13 
0 0.313986 13 
0 0.315957 13 
0 0.315979 13 
0 0.316087 13 
0 0.324231 13 
0 0.357235 13 
0 0.376664 13 
0 0.378971 13 
0 0.408103 13 
0 0.476763 13 
0 0.516835 13 
0 0.545204 13 
0 0.545736 13 
0 0.546796 13 
0 0.603701 13 
0 0.626641 13 
0 0.62717 13 
0 0.627368 13 
0 0.675606 13 
0 0.676586 13 
0 0.685338 13 
0 0.753572 13 
0 0.755766 13 
0 0.8097 13 
0 0.813423 13 
0 0.814033 13 
0 0.820559 13 
0 0.831384 13 
0 0.944376 13 
0 0.961058 13 
0 0.967239 13 
0 0.985502 13 
0 0.99823 13 
0 0.998686 13 
0 0.998893 13 
0 1.00055 13 
0 1.0746 13 
0 1.07841 13 
0 1.09595 13 
0 1.09629 13 
0 1.10422 13 
0 1.52997 13 
0 1.52997 13 
0 1.53473 13 
0 1.53475 13 
0 1.53648 13 
0 inf 13 
0 0.0589624 14 
0 0.127052 14 
0 0.132157 14 
0 0.146427 14 
0 0.156291 14 
0 0.166769 14 
0 0.19682 14 
0 0.199783 14 
0 0.199783 14 
0 0.203641 14 
0 0.205059 14 
0 0.213768 14 
0 0.215876 14 
0 0.218927 14 
0 0.220243 14 
0 0.22341 14 
0 0.226176 14 
0 0.228543 14 
0 0.234425 14 
0 0.240148 14 
0 0.244625 14 
0 0.245313 14 
0 0.246325 14 
0 0.252609 14 
0 0.262297 14 
0 0.263556 14 
0 0.281158 14 
0 0.282336 14 
0 0.292722 14 
0 0.293275 14 
0 0.29371 14 
0 0.298686 14 
0 0.301211 14 
0 0.303808 14 
0 0.311469 14 
0 0.323853 14 
0 0.343202 14 
0 0.367321 14 
0 0.379287 14 
0 0.379723 14 
0 0.424205 14 
0 0.496168 14 
0 0.520026 14 
0 0.525105 14 
0 0.52864 14 
0 0.529804 14 
0 0.548161 14 
0 0.618052 14 
0 0.619803 14 
0 0.619857 14 
0 0.619857 14 
0 0.637773 14 
0 0.63907 14 
0 0.653606 14 
0 0.701203 14 
0 0.749276 14 
0 0.749718 14 
0 0.762418 14 
0 0.771056 14 
0 0.78304 14 
0 0.818539 14 
0 1.00649 14 
0 1.06792 14 
0 1.07121 14 
0 1.08369 14 
0 1.0875 14 
0 1.10202 14 
0 1.31337 14 
0 1.32076 14 
0 1.32201 14 
0 1.40199 14 
0 1.40847 14 
0 1.41141 14 
0 1.53351 14 
0 1.53505 14 
0 1.55593 14 
0 1.55593 14 
0 1.55689 14 
0 1.77639 14 
0 inf 14 
0 0.0560856 15 
0 0.0932259 15 
0 0.12574 15 
0 0.134664 15 
0 0.136193 15 
0 0.138575 15 
0 0.148669 15 
0 0.152241 15 
0 0.170698 15 
0 0.175242 15 
0 0.176887 15 
0 0.183547 15 
0 0.185344 15 
0 0.19495 15 
0 0.206011 15 
0 0.215678 15 
0 0.216398 15 
0 0.219438 15 
0 0.220941 15 
0 0.23795 15 
0 0.240576 15 
0 0.241435 15 
0 0.243994 15 
0 0.24464 15 
0 0.246189 15 
0 0.2513 15 
0 0.269114 15 
0 0.274142 15 
0 0.284393 15 
0 0.286991 15 
0 0.291556 15 
0 0.307069 15 
0 0.310687 15 
0 0.320259 15 
0 0.320646 15 
0 0.320734 15 
0 0.348945 15 
0 0.349318 15 
0 0.354705 15 
0 0.360512 15 
0 0.362899 15 
0 0.38537 15 
0 0.407899 15 
0 0.552375 15 
0 0.605139 15 
0 0.627698 15 
0 0.627771 15 
0 0.639068 15 
0 0.639651 15 
0 0.641273 15 
0 0.645584 15 
0 0.655514 15 
0 0.655577 15 
0 0.715057 15 
0 0.751647 15 
0 0.778427 15 
0 0.78018 15 
0 0.780975 15 
0 0.781876 15 
0 0.834216 15 
0 1.01292 15 
0 1.0666 15 
0 1.06695 15 
0 1.06939 15 
0 1.07171 15 
0 1.1962 15 
0 1.20654 15 
0 1.20774 15 
0 1.22072 15 
0 1.23418 15 
0 1.24116 15 
0 1.54046 15 
0 1.54368 15 
0 1.54916 15 
0 1.55237 15 
0 inf 15 
0 0.0941099 16 
0 0.0967189 16 
0 0.0984092 16 
0 0.101319 16 
0 0.106496 16 
0 0.109937 16 
0 0.131218 16 
0 0.133427 16 
0 0.156553 16 
0 0.166047 16 
0 0.182431 16 
0 0.183097 16 
0 0.194949 16 
0 0.198724 16 
0 0.205479 16 
0 0.20548 16 
0 0.205501 16 
0 0.205884 16 
0 0.220465 16 
0 0.222149 16 
0 0.222149 16 
0 0.233721 16 
0 0.234429 16 
0 0.234996 16 
0 0.234997 16 
0 0.237725 16 
0 0.238594 16 
0 0.239114 16 
0 0.245335 16 
0 0.247483 16 
0 0.25389 16 
0 0.256516 16 
0 0.259575 16 
0 0.299281 16 
0 0.300207 16 
0 0.326769 16 
0 0.351427 16 
0 0.366278 16 
0 0.413413 16 
0 0.422914 16 
0 0.580001 16 
0 0.621137 16 
0 0.622202 16 
0 0.625259 16 
0 0.627302 16 
0 0.65557 16 
0 0.681447 16 
0 0.696169 16 
0 0.719032 16 
0 0.730575 16 
0 0.760213 16 
0 0.772234 16 
0 0.774161 16 
0 0.775603 16 
0 0.777522 16 
0 0.869204 16 
0 0.8774 16 
0 0.91617 16 
0 0.916486 16 
0 1.01268 16 
0 1.06495 16 
0 1.06805 16 
0 1.06945 16 
0 1.08708 16 
0 1.09191 16 
0 1.09316 16 
0 1.10281 16 
0 1.53224 16 
0 1.53246 16 
0 1.53451 16 
0 1.53464 16 
0 inf 16 
0 0.0843761 17 
0 0.0858304 17 
0 0.0936738 17 
0 0.10172 17 
0 0.108037 17 
0 0.109933 17 
0 0.160215 17 
0 0.162777 17 
0 0.169503 17 
0 0.17453 17 
0 0.175241 17 
0 0.196629 17 
0 0.201396 17 
0 0.21005 17 
0 0.210074 17 
0 0.218949 17 
0 0.221688 17 
0 0.221874 17 
0 0.223995 17 
0 0.225661 17 
0 0.226201 17 
0 0.231635 17 
0 0.233768 17 
0 0.235181 17 
0 0.238939 17 
0 0.238939 17 
0 0.268167 17 
0 0.284057 17 
0 0.287966 17 
0 0.302296 17 
0 0.33168 17 
0 0.377544 17 
0 0.377548 17 
0 0.380061 17 
0 0.385794 17 
0 0.412638 17 
0 0.414337 17 
0 0.418808 17 
0 0.582419 17 
0 0.600132 17 
0 0.614242 17 
0 0.639322 17 
0 0.641391 17 
0 0.644288 17 
0 0.669243 17 
0 0.698899 17 
0 0.759099 17 
0 0.759099 17 
0 0.759372 17 
0 0.762062 17 
0 0.765938 17 
0 0.860251 17 
0 0.861454 17 
0 0.864092 17 
0 0.869107 17 
0 0.993282 17 
0 0.993282 17 
0 0.994282 17 
0 0.99914 17 
0 1.0812 17 
0 1.09433 17 
0 1.09807 17 
0 1.10052 17 
0 1.52902 17 
0 1.53335 17 
0 1.53688 17 
0 1.53699 17 
0 inf 17 
0 0.127377 18 
0 0.144144 18 
0 0.145004 18 
0 0.155206 18 
0 0.155487 18 
0 0.170231 18 
0 0.175264 18 
0 0.17992 18 
0 0.182886 18 
0 0.189977 18 
0 0.192385 18 
0 0.195575 18 
0 0.213595 18 
0 0.214176 18 
0 0.215908 18 
0 0.230345 18 
0 0.231015 18 
0 0.232846 18 
0 0.234793 18 
0 0.23894 18 
0 0.240712 18 
0 0.260053 18 
0 0.261481 18 
0 0.267695 18 
0 0.27154 18 
0 0.272909 18 
0 0.275624 18 
0 0.292658 18 
0 0.302026 18 
0 0.304074 18 
0 0.334042 18 
0 0.363972 18 
0 0.366352 18 
0 0.368783 18 
0 0.374132 18 
0 0.377371 18 
0 0.403919 18 
0 0.413037 18 
0 0.639015 18 
0 0.643147 18 
0 0.658159 18 
0 0.667153 18 
0 0.786414 18 
0 0.795203 18 
0 0.796451 18 
0 0.796867 18 
0 0.828991 18 
0 0.968651 18 
0 0.972063 18 
0 0.976311 18 
0 0.98328 18 
0 1.06716 18 
0 1.06871 18 
0 1.07258 18 
0 1.07394 18 
0 1.07672 18 
0 1.07775 18 
0 1.07775 18 
0 1.09216 18 
0 1.54644 18 
0 1.54657 18 
0 1.54697 18 
0 1.55511 18 
0 inf 18 
0 0.0744728 19 
0 0.11436 19 
0 0.12036 19 
0 0.122743 19 
0 0.132779 19 
0 0.143564 19 
0 0.157603 19 
0 0.167779 19 
0 0.169237 19 
0 0.169742 19 
0 0.170213 19 
0 0.17406 19 
0 0.187118 19 
0 0.204249 19 
0 0.20425 19 
0 0.206289 19 
0 0.2197 19 
0 0.22064 19 
0 0.268205 19 
0 0.270352 19 
0 0.270811 19 
0 0.27671 19 
0 0.276824 19 
0 0.277604 19 
0 0.282742 19 
0 0.308129 19 
0 0.311707 19 
0 0.318173 19 
0 0.31973 19 
0 0.326518 19 
0 0.349317 19 
0 0.350853 19 
0 0.398883 19 
0 0.441428 19 
0 0.469145 19 
0 0.475454 19 
0 0.495909 19 
0 0.621206 19 
0 0.657251 19 
0 0.664266 19 
0 0.671208 19 
0 0.772298 19 
0 0.772298 19 
0 0.774011 19 
0 1.08552 19 
0 1.08655 19 
0 1.09493 19 
0 1.10193 19 
0 1.10613 19 
0 1.11923 19 
0 1.13454 19 
0 1.24555 19 
0 1.24555 19 
0 1.54537 19 
0 1.5459 19 
0 1.54751 19 
0 1.54807 19 
0 1.78383 19 
0 2.57709 19 
0 inf 19 
0 0.0530479 20 
0 0.0958572 20 
0 0.0971372 20 
0 0.108798 20 
0 0.109934 20 
0 0.117223 20 
0 0.127376 20 
0 0.132159 20 
0 0.142995 20 
0 0.155495 20 
0 0.158114 20 
0 0.159147 20 
0 0.162522 20 
0 0.194702 20 
0 0.201595 20 
0 0.202427 20 
0 0.217615 20 
0 0.21816 20 
0 0.219681 20 
0 0.232856 20 
0 0.259857 20 
0 0.274269 20 
0 0.275323 20 
0 0.278799 20 
0 0.2867 20 
0 0.289439 20 
0 0.298025 20 
0 0.298026 20 
0 0.298026 20 
0 0.302436 20 
0 0.302436 20 
0 0.337001 20 
0 0.338835 20 
0 0.380941 20 
0 0.404239 20 
0 0.435954 20 
0 0.483825 20 
0 0.48613 20 
0 0.486556 20 
0 0.487235 20 
0 0.616661 20 
0 0.619072 20 
0 0.619407 20 
0 0.772862 20 
0 0.772862 20 
0 0.776068 20 
0 1.09089 20 
0 1.09108 20 
0 1.22383 20 
0 1.22501 20 
0 1.24933 20 
0 1.2526 20 
0 1.55186 20 
0 1.55186 20 
0 3.25434 20 
0 inf 20 
