9.35763 9.38267 1 
6.68159 9.64604 1 
0.568556 1.55622 1 
0.224269 0.237791 1 
0.205188 0.223804 1 
0.203993 0.24313 1 
0.203097 0.254995 1 
0.181816 0.187641 1 
0.1631 0.19629 1 
0.10632 0.115214 1 
0.105093 0.12389 1 
0.0963416 0.137858 1 
0.0716486 0.0896503 1 
0.0667791 0.067359 1 
0.0658006 0.0671658 1 
0.0654054 0.0658014 1 
0.0642058 0.0698158 1 
0.0640032 0.0755235 1 
0.0629824 0.0650078 1 
0.0608898 0.0813102 1 
0.0580554 0.0613133 1 
0.0466687 0.0504084 1 
0.0440999 0.0443924 1 
0.0429033 0.0452587 1 
0.0394419 0.0452599 1 
0.039112 0.0443926 1 
0.0381049 0.0416777 1 
0.036364 0.041678 1 
7.21439 7.36025 2 
5.74703 7.36816 2 
0.462019 2.12445 2 
0.260634 0.264338 2 
0.202074 0.271641 2 
0.183446 0.242221 2 
0.182027 0.237408 2 
0.17275 0.199235 2 
0.165776 0.180669 2 
0.0862645 0.0878977 2 
0.0858085 0.103101 2 
0.0703721 0.0739667 2 
0.0656039 0.0765471 2 
0.0589425 0.0608901 2 
0.0472226 0.0488412 2 
0.0463935 0.0472234 2 
0.0458279 0.0463934 2 
0.0432046 0.0496312 2 
0.449037 2.22131 3 
0.192684 0.235552 3 
0.183655 0.261825 3 
0.183161 0.275619 3 
0.179806 0.182311 3 
0.179231 0.208639 3 
0.173947 0.228282 3 
0.115552 0.138701 3 
0.0694436 0.0723685 3 
0.0650078 0.0703712 3 
0.0644073 0.0690693 3 
0.0543635 0.0578311 3 
0.0526701 0.0598146 3 
3.38702 3.5066 4 
3.38665 3.50511 4 
3.38639 3.50438 4 
3.26341 3.48405 4 
0.983307 2.06954 4 
0.215785 0.253927 4 
0.203864 0.205259 4 
0.195488 0.199362 4 
0.191266 0.214944 4 
0.188258 0.255759 4 
0.185485 0.189631 4 
0.0716486 0.0758675 4 
0.0656041 0.0694435 4 
0.0606765 0.0617374 4 
0.059598 0.0617348 4 
0.0391137 0.0400958 4 
0.0374193 0.0381029 4 
2.87567 3.67414 5 
2.87414 3.6644 5 
2.87252 3.66356 5 
2.87214 3.66425 5 
1.80308 1.81566 5 
1.7869 1.84268 5 
1.34532 1.85372 5 
0.192614 0.231048 5 
0.191195 0.240021 5 
0.189358 0.201947 5 
0.0720097 0.0737891 5 
0.0571559 0.0580547 5 
0.0555461 0.0557774 5 
0.0546039 0.0593783 5 
0.0524248 0.0557774 5 
1.70104 1.73257 6 
1.45523 1.71845 6 
1.37 1.59925 6 
1.35948 1.68714 6 
0.182101 0.206078 6 
0.16888 0.22794 6 
0.120387 0.131601 6 
0.0933356 0.101967 6 
0.0780581 0.080829 6 
0.064408 0.0703718 6 
0.0621541 0.0700014 6 
0.062154 0.0625678 6 
0.0600334 0.0600355 6 
0.0589445 0.0625678 6 
1.79907 1.83222 7 
1.27128 1.55059 7 
1.24825 1.53852 7 
0.993447 1.52189 7 
0.350779 0.365552 7 
0.171768 0.215064 7 
0.123049 0.125346 7 
0.0686938 0.0819475 7 
0.0466673 0.0472196 7 
0.0443894 0.0477653 7 
1.93519 2.00936 8 
1.58476 1.58835 8 
1.55462 1.64068 8 
1.46119 1.48093 8 
1.44323 1.74883 8 
1.0742 1.38055 8 
0.331092 0.334354 8 
0.144465 0.164286 8 
0.14239 0.176312 8 
0.108968 0.116448 8 
0.106198 0.151732 8 
0.0915137 0.0941615 8 
0.0543656 0.0600343 8 
1.72709 1.73589 9 
1.6947 1.75272 9 
1.65302 1.73743 9 
1.20603 1.25414 9 
1.15763 1.16192 9 
0.129517 0.132781 9 
0.124726 0.128513 9 
0.121564 0.134331 9 
0.115217 0.134331 9 
0.0703705 0.0718294 9 
1.38503 1.5118 10 
1.38307 1.5033 10 
0.09939 0.11086 10 
0.0880473 0.0890707 10 
0.0751779 0.0800228 10 
1.25363 1.35725 11 
1.21082 1.32624 11 
1.10586 1.1123 11 
0.977657 0.998351 11 
0.892504 0.905868 11 
0.822664 0.880316 11 
0.820202 0.882082 11 
0.290364 0.315525 11 
0.184082 0.185203 11 
1.49575 1.51653 12 
1.22135 1.43263 12 
1.21549 1.42515 12 
0.929689 0.942198 12 
0.91144 0.914438 12 
0.87235 0.914539 12 
0.83845 0.840379 12 
0.760399 0.777763 12 
0.350598 0.374138 12 
1.56902 1.59749 13 
1.49495 1.58366 13 
1.49056 1.57236 13 
1.39269 1.55514 14 
1.38947 1.49425 14 
1.38904 1.55617 14 
1.34459 1.48521 15 
1.34459 1.40925 15 
1.29629 1.33722 15 
0.351078 0.380354 18 
0.716381 0.758624 20 
0.375795 0.380417 20 
