4.42314 8.10637 1 
1.02779 2.64563 1 
0.207971 0.225123 1 
0.203764 0.211019 1 
0.172387 0.172847 1 
0.165915 0.233764 1 
0.160185 0.28411 1 
0.140157 0.164816 1 
0.11953 0.154984 1 
0.0675124 0.0680147 1 
0.0601951 0.0601953 1 
0.0535939 0.0552651 1 
0.0535871 0.0894344 1 
0.0509737 0.0582728 1 
0.0498395 0.0584758 1 
0.04726 0.0698324 1 
0.0462871 0.0482192 1 
0.0440117 0.0474982 1 
0.043491 0.0477381 1 
0.0421615 0.0424304 1 
0.0421615 0.0427022 1 
0.0421599 0.045537 1 
0.0390715 0.040221 1 
0.0354009 0.036669 1 
0.0340908 0.0369772 1 
0.0334163 0.0396541 1 
5.89736 5.98847 2 
3.77413 5.99002 2 
0.839407 3.54325 2 
0.358572 0.369988 2 
0.254487 0.255657 2 
0.214868 0.22233 2 
0.204046 0.208408 2 
0.196242 0.21247 2 
0.180768 0.258794 2 
0.159684 0.16992 2 
0.15088 0.154977 2 
0.0885415 0.0890615 2 
0.0750271 0.0835067 2 
0.0709681 0.0985314 2 
0.0699958 0.0903224 2 
0.0584665 0.0651055 2 
0.0544381 0.0550589 2 
0.0514149 0.0535853 2 
0.0498395 0.0622476 2 
0.0482113 0.0525155 2 
0.0467732 0.0472579 2 
0.0413371 0.0418839 2 
4.29277 4.58458 3 
4.28923 4.80078 3 
3.57535 4.80147 3 
0.781863 3.65688 3 
0.207749 0.226786 3 
0.201059 0.201178 3 
0.199638 0.209441 3 
0.195311 0.206594 3 
0.183956 0.184513 3 
0.172711 0.193141 3 
0.170185 0.170253 3 
0.160324 0.23493 3 
0.117416 0.131079 3 
0.092197 0.0941501 3 
0.0899457 0.0947596 3 
0.0516361 0.0529469 3 
0.0514172 0.0520822 3 
0.047261 0.0544381 3 
0.0470156 0.0482162 3 
0.0450414 0.0525209 3 
0.0450356 0.0467735 3 
0.041893 0.0525118 3 
2.95188 3.03148 4 
2.95148 3.02433 4 
2.95089 3.0416 4 
1.14594 3.30195 4 
0.486525 0.488259 4 
0.195428 0.199075 4 
0.187875 0.209985 4 
0.181584 0.183774 4 
0.145578 0.15644 4 
0.0985289 0.107595 4 
0.0808731 0.0815743 4 
0.0640481 0.0670069 4 
0.0350835 0.0384892 4 
2.88236 2.88311 5 
2.81958 2.88168 5 
2.17325 2.19815 5 
2.13716 2.89707 5 
0.521439 0.522486 5 
0.151784 0.160829 5 
0.142732 0.142816 5 
0.138189 0.153209 5 
0.115857 0.129063 5 
0.0725557 0.0893079 5 
0.066321 0.0731899 5 
0.0537989 0.054639 5 
0.0522947 0.0550589 5 
0.0518576 0.0576823 5 
0.0507453 0.0509718 5 
0.0500644 0.0535939 5 
0.0482121 0.0527275 5 
0.0452891 0.047264 5 
2.58162 2.59399 6 
2.56676 2.57349 6 
2.55799 2.59648 6 
1.99441 2.71494 6 
1.55174 1.61122 6 
0.486573 0.507953 6 
0.160325 0.167217 6 
0.0757809 0.0757811 6 
0.0486842 0.0509697 6 
2.60285 3.08616 7 
2.32622 2.41186 7 
2.27238 2.30014 7 
2.26491 2.28444 7 
2.2493 2.32341 7 
2.24605 2.32626 7 
2.10236 2.31902 7 
1.75057 1.81056 7 
0.115859 0.127916 7 
0.0941458 0.0965435 7 
0.0544293 0.0548465 7 
0.0537957 0.0560784 7 
0.0502964 0.0558764 7 
2.16473 2.20372 8 
2.01655 2.52386 8 
1.98455 1.99456 8 
1.63391 1.6659 8 
1.57123 2.00529 8 
1.40176 1.65952 8 
0.502498 0.51113 8 
0.0954766 0.102277 8 
2.32361 2.57352 9 
2.32265 2.57194 9 
1.69431 1.72065 9 
1.52809 1.74066 9 
1.35968 1.76854 9 
0.535707 0.537129 9 
0.0851263 0.0912092 9 
2.05876 2.15245 10 
2.05876 2.25127 10 
1.5872 1.76429 10 
1.41828 1.49823 10 
1.31048 1.61939 10 
0.663173 0.665109 10 
0.122178 0.127649 10 
0.11723 0.129073 10 
1.537 1.59373 11 
1.42533 1.43514 11 
1.42477 1.53533 11 
1.37507 1.61559 11 
1.37019 1.63246 11 
1.30636 1.36377 11 
1.22013 1.24133 11 
0.518521 0.546236 11 
0.285027 0.286388 11 
0.086192 0.0941558 11 
1.54102 1.70148 12 
1.5347 1.72079 12 
1.5117 1.64644 12 
1.02832 1.26455 12 
0.806346 1.30077 12 
0.613938 0.639923 12 
0.267928 0.27248 12 
1.70587 1.90821 13 
1.70557 1.90782 13 
1.70482 1.90837 13 
1.21791 1.29943 13 
1.16101 1.20872 13 
2.26488 2.29058 14 
2.26488 2.29066 14 
2.26468 2.29057 14 
2.00727 2.07316 15 
1.53025 2.02788 15 
1.53023 1.85735 15 
1.52916 2.08763 15 
1.37248 1.43066 15 
0.60495 0.648132 15 
0.492058 0.534628 15 
1.66444 1.67489 16 
1.60077 1.66489 16 
1.59428 1.84257 16 
1.59235 1.61909 16 
1.49022 1.69376 16 
1.25323 1.29869 16 
0.264457 0.267967 16 
0.258368 0.266047 16 
1.63825 1.68039 17 
1.51461 1.68896 17 
1.5059 1.69457 17 
1.46191 1.8241 17 
1.10648 1.11892 17 
1.04886 1.14253 17 
0.547998 0.598531 17 
0.54043 0.548461 17 
1.71401 1.76832 18 
1.49078 1.71963 18 
1.4898 1.72162 18 
1.48973 1.76832 18 
0.526374 0.556306 18 
1.61661 1.69803 19 
1.58653 1.79109 19 
1.58581 1.69962 19 
0.534003 0.588959 19 
1.5658 1.72862 20 
1.56551 1.72871 20 
0.661726 0.698438 20 
