3.91512 6.60324 1 
1.23569 3.02507 1 
0.105699 0.146109 1 
0.0750367 0.0976825 1 
0.0750362 0.0777911 1 
0.0679182 0.0688177 1 
0.0656858 0.0720525 1 
0.06475 0.0714379 1 
0.0611238 0.0688195 1 
0.0581813 0.0598179 1 
0.0571205 0.0575768 1 
0.0526412 0.0558746 1 
0.0526412 0.0528125 1 
0.0519708 0.0601079 1 
0.0507804 0.0558776 1 
0.0499095 0.0604034 1 
0.0488419 0.0495539 1 
0.0464477 0.0466309 1 
0.0451008 0.0452968 1 
0.0441207 0.061984 1 
0.0345395 0.0372292 1 
0.0327096 0.0372292 1 
0.0264872 0.0277813 1 
0.0240558 0.0258159 1 
4.9091 4.99523 2 
3.46199 4.99611 2 
0.993798 4.05838 2 
0.156594 0.161337 2 
0.142028 0.154786 2 
0.125715 0.157268 2 
0.103439 0.108733 2 
0.102155 0.108889 2 
0.0475664 0.0533025 2 
0.0453024 0.0479384 2 
0.0453015 0.0486593 2 
0.0433195 0.0482954 2 
0.0431164 0.0514599 2 
0.0399533 0.0401724 2 
0.0381563 0.0386136 2 
3.34421 3.85781 3 
3.32444 3.90493 3 
3.09293 3.21271 3 
2.79075 3.91076 3 
2.26453 2.4151 3 
0.905233 4.28531 3 
0.174801 0.177881 3 
0.173594 0.173995 3 
0.170946 0.186542 3 
0.16403 0.17625 3 
0.133688 0.134016 3 
0.122461 0.13204 3 
0.122242 0.139152 3 
0.0679226 0.0698355 3 
0.0647448 0.0698355 3 
0.0433253 0.0455012 3 
0.0350405 0.0350429 3 
0.0332395 0.0355392 3 
2.36597 2.51073 4 
2.36532 2.66621 4 
2.36511 2.63984 4 
2.36261 2.57083 4 
0.964734 1.0267 4 
0.952228 4.19825 4 
0.172375 0.174898 4 
0.152739 0.154785 4 
0.140785 0.146165 4 
1.20654 3.83556 5 
0.152043 0.174755 5 
0.143494 0.147599 5 
0.133888 0.141966 5 
3.15518 3.34723 6 
3.15477 3.25011 6 
2.06552 2.19221 6 
2.01758 3.40803 6 
1.23622 1.3193 6 
0.182126 0.185843 6 
0.180771 0.184136 6 
0.163869 0.166157 6 
0.147599 0.180474 6 
0.0541227 0.0569674 6 
0.0247789 0.0261525 6 
2.36751 2.67801 7 
2.34132 2.72371 7 
2.33823 2.74729 7 
1.68461 2.74822 7 
0.17848 0.18995 7 
0.15491 0.157433 7 
0.060836 0.0636529 7 
2.20694 2.28905 8 
2.107 3.28868 8 
2.04624 2.13209 8 
2.04374 2.49329 8 
1.78126 2.50734 8 
0.602476 0.612745 8 
0.139906 0.156707 8 
0.0846989 0.0865438 8 
2.4164 2.5326 9 
1.80176 2.207 9 
1.50762 2.1961 9 
1.42632 2.33161 9 
0.951896 1.09752 9 
0.514309 0.543007 9 
0.161234 0.16695 9 
0.160353 0.166109 9 
2.02222 2.34101 10 
2.02216 2.34086 10 
1.99953 2.17517 10 
1.94391 2.12901 10 
1.19947 2.09465 10 
1.19455 1.25668 10 
0.534889 0.53559 10 
0.15743 0.158488 10 
0.0563395 0.0568109 10 
2.13198 2.86716 11 
2.13178 2.86727 11 
1.54943 1.91648 11 
0.552649 0.562403 11 
2.06868 2.15 12 
2.06857 2.14869 12 
2.04297 2.10947 12 
1.80621 1.93294 12 
1.80477 2.05275 12 
1.70613 1.7274 12 
1.38265 1.71561 12 
0.720683 0.734096 12 
0.515168 0.533611 12 
0.485626 0.494658 12 
1.65433 1.69057 13 
1.65299 1.68769 13 
1.36135 1.36228 13 
1.34095 1.36394 13 
1.03385 1.13246 13 
0.950012 1.01702 13 
0.929927 1.0604 13 
1.16336 1.19188 14 
1.14593 1.21263 14 
0.701128 0.980774 14 
0.67797 0.701334 14 
2.01895 2.20929 15 
2.01895 2.20946 15 
2.01891 2.20914 15 
1.04928 1.10241 15 
1.02299 1.15012 15 
0.866973 0.965467 15 
2.08141 2.62064 16 
2.08138 2.62013 16 
2.08128 2.61956 16 
1.19992 1.25194 16 
1.79891 1.83641 17 
1.79598 1.84072 17 
1.78677 1.83895 17 
1.85891 1.90022 18 
1.51949 1.98513 18 
1.50827 1.97267 18 
1.21401 1.25329 19 
1.21128 1.25217 19 
1.20389 1.25008 19 
1.11534 1.22174 19 
1.10979 1.27901 19 
1.08644 1.30054 19 
1.07984 1.28598 19 
1.03794 1.22174 19 
1.18141 1.28863 20 
1.18032 1.41469 20 
