8.28951 8.30051 1 
6.11554 8.69216 1 
0.866729 2.20562 1 
0.276522 0.306736 1 
0.218356 0.221245 1 
0.111524 0.116135 1 
0.108634 0.122791 1 
0.10834 0.110376 1 
0.106565 0.113783 1 
0.0845972 0.0898844 1 
0.0828908 0.08846 1 
0.0821197 0.0873745 1 
0.0817314 0.0859059 1 
0.0805553 0.0873745 1 
0.077742 0.0846 1 
0.0754555 0.08441 1 
0.0754554 0.0832735 1 
0.0748231 0.0825061 1 
0.0748208 0.0907655 1 
0.0713393 0.0739682 1 
0.0681484 0.0853487 1 
0.0672091 0.0695351 1 
0.0660126 0.0664933 1 
0.0650443 0.0669727 1 
0.0635579 0.0635581 1 
0.0633064 0.0674429 1 
0.0617842 0.0620401 1 
0.0615277 0.0620401 1 
0.0604818 0.0693059 1 
0.0602213 0.0635621 1 
0.0591558 0.0645524 1 
0.0580669 0.0676792 1 
0.0577942 0.0602198 1 
0.0561189 0.0660184 1 
0.0546803 0.0650412 1 
0.052306 0.0660184 1 
0.0520015 0.0604837 1 
0.052 0.0672078 1 
0.0498097 0.0615284 1 
6.34483 6.50754 2 
6.34121 6.54575 2 
5.23704 6.54988 2 
0.714231 2.93692 2 
0.25342 0.256352 2 
0.253099 0.284802 2 
0.244667 0.279219 2 
0.19051 0.191345 2 
0.100098 0.100569 2 
0.0879189 0.091117 2 
0.0847855 0.0886372 2 
0.0834613 0.0912887 2 
0.0803564 0.0973592 2 
0.0791598 0.0813412 2 
0.0715636 0.0791612 2 
0.0662539 0.0662541 2 
0.0643049 0.0737506 2 
0.0612661 0.0699932 2 
0.0604825 0.0612683 2 
0.0591526 0.074824 2 
0.0572414 0.0643087 2 
0.0546836 0.0662552 2 
0.0535056 0.0604845 2 
0.647455 3.12272 3 
0.346651 0.364364 3 
0.196748 0.204831 3 
0.188069 0.208297 3 
0.182928 0.217195 3 
0.150387 0.183101 3 
0.109361 0.112515 3 
0.0817314 0.0823131 3 
0.0715636 0.079562 3 
0.054391 0.0558314 3 
0.049167 0.0516903 3 
0.0458186 0.0475224 3 
0.0386646 0.0402782 3 
1.03477 1.06418 4 
0.635855 3.05004 4 
0.205757 0.206911 4 
0.204127 0.208217 4 
0.198197 0.205141 4 
0.198032 0.212678 4 
0.1862 0.209966 4 
0.166451 0.168351 4 
0.127363 0.13664 4 
0.108922 0.109364 4 
0.102453 0.1043 4 
0.0970302 0.0986597 4 
0.0819281 0.0897101 4 
0.0801573 0.0849733 4 
0.0781488 0.0799609 4 
0.0758784 0.0813413 4 
0.0743974 0.0760874 4 
0.0494917 0.0504475 4 
0.0491709 0.0510737 4 
2.96449 3.60677 5 
2.96275 3.60347 5 
2.96274 3.60564 5 
2.96263 3.60141 5 
2.64806 2.70913 5 
1.01355 2.73319 5 
0.211256 0.212681 5 
0.188157 0.228052 5 
0.181182 0.193409 5 
0.132628 0.13263 5 
0.127117 0.13263 5 
0.125861 0.130572 5 
0.0855306 0.0936973 5 
0.084227 0.0873765 5 
0.0765058 0.0785574 5 
0.0713401 0.0743974 5 
0.0617847 0.0777418 5 
0.0540951 0.0615227 5 
2.33898 2.39399 6 
2.32202 2.47932 6 
2.27754 2.33974 6 
2.25841 2.62011 6 
2.2294 2.64955 6 
2.22891 2.65258 6 
2.22602 2.65135 6 
1.59908 2.50973 6 
1.23417 1.28892 6 
0.224749 0.24041 6 
0.166452 0.171441 6 
0.152905 0.160513 6 
0.145984 0.15568 6 
0.0919785 0.0941996 6 
0.0779464 0.0781497 6 
2.12453 2.14502 7 
2.10732 2.13612 7 
1.96662 2.00572 7 
1.92791 1.97569 7 
1.90079 1.96166 7 
1.78365 2.12289 7 
1.78126 2.10587 7 
1.77859 2.16723 7 
0.219153 0.221749 7 
0.191344 0.200032 7 
0.146311 0.148036 7 
0.0999404 0.1012 7 
2.8074 2.83231 8 
1.45737 1.93362 8 
1.4283 1.88753 8 
1.3064 1.9771 8 
0.216744 0.244403 8 
1.82585 2.01614 9 
1.69504 1.87217 9 
1.44932 1.89878 9 
1.35284 1.62748 9 
0.994537 0.995014 9 
0.94535 1.75855 9 
0.274334 0.276462 9 
0.112508 0.120166 9 
0.920844 1.5704 10 
0.172365 0.176107 10 
0.152906 0.159917 10 
2.54424 2.60374 11 
2.4976 2.5799 11 
1.28765 1.31564 11 
0.948526 1.43719 11 
0.576701 0.606193 11 
0.170228 0.173926 11 
1.48142 1.53338 12 
1.36459 1.38285 12 
1.35425 1.46247 12 
1.17862 1.28757 12 
1.10282 1.32261 12 
1.08768 1.14325 12 
0.489541 0.527139 12 
0.433759 0.441165 12 
0.335261 0.336978 12 
1.30062 1.36584 13 
1.20369 1.34185 13 
1.17397 1.34172 13 
1.00783 1.08228 13 
0.977331 1.0081 13 
0.890399 0.919828 13 
0.886893 0.98395 13 
0.845716 0.850082 13 
0.825071 0.827115 13 
0.796833 0.851484 13 
0.764373 0.870439 13 
0.468086 0.525324 13 
1.64666 1.75159 14 
1.63176 1.73662 14 
0.805332 0.924936 14 
0.738041 0.851523 14 
0.710401 0.711578 14 
0.526265 0.570473 14 
0.478437 0.481207 14 
0.905949 0.925064 15 
2.677 2.70215 16 
2.64928 2.6893 16 
2.28818 2.29383 17 
2.05443 2.27502 17 
1.1382 1.15832 17 
