4.82182 7.33762 1 
1.38889 1.42681 1 
1.09357 2.71881 1 
0.282561 0.321645 1 
0.214914 0.223536 1 
0.163317 0.202698 1 
0.129284 0.160586 1 
0.0999488 0.101466 1 
0.0871392 0.0920759 1 
0.0581234 0.065903 1 
0.0561586 0.05616 1 
0.0539606 0.06278 1 
0.0522947 0.0552856 1 
0.0487985 0.0500993 1 
0.0477946 0.0521414 1 
0.0443015 0.0519867 1 
0.0418745 0.0486295 1 
0.0412951 0.0450229 1 
0.041099 0.0422573 1 
0.040112 0.0416885 1 
5.43851 5.45553 2 
3.75128 5.46037 2 
0.888667 3.6207 2 
0.196609 0.221325 2 
0.193397 0.195301 2 
0.192187 0.199215 2 
0.187698 0.224142 2 
0.163905 0.232629 2 
0.0582612 0.0583987 2 
0.0582605 0.0715233 2 
0.0533608 0.0535118 2 
0.0530589 0.0536616 2 
0.049612 0.0554312 2 
0.0481304 0.0486289 2 
3.70301 4.25704 3 
3.70278 4.23374 3 
3.69767 4.22284 3 
3.62699 3.89916 3 
0.803162 3.83629 3 
0.214684 0.2338 3 
0.195468 0.20845 3 
0.19452 0.238875 3 
0.193479 0.213482 3 
0.181776 0.20845 3 
0.172328 0.23938 3 
0.150874 0.169741 3 
0.0474605 0.0515257 3 
0.0474605 0.0507372 3 
0.0414887 0.0451997 3 
0.036098 0.0428247 3 
0.0345029 0.0395025 3 
0.033317 0.0356493 3 
0.890257 3.7603 4 
0.219606 0.226177 4 
0.191344 0.206004 4 
0.167307 0.184636 4 
0.161186 0.166438 4 
0.159933 0.166776 4 
0.150927 0.179287 4 
0.137778 0.16721 4 
0.1262 0.152519 4 
0.0555766 0.0564379 4 
0.0407063 0.0504158 4 
1.4424 1.61761 5 
1.10432 3.42697 5 
0.214271 0.259468 5 
0.201586 0.210027 5 
0.191098 0.193899 5 
0.177298 0.178246 5 
0.11387 0.125431 5 
0.0457311 0.049123 5 
2.4929 3.03114 6 
2.48514 2.80247 6 
2.46669 2.6676 6 
1.84983 2.02001 6 
1.82705 1.91937 6 
1.81699 1.92557 6 
1.7736 1.87768 6 
1.7312 3.0363 6 
0.226253 0.237391 6 
0.216481 0.218182 6 
0.16153 0.182878 6 
0.106117 0.108664 6 
1.87326 2.37779 7 
1.80135 2.66928 7 
1.79887 2.56164 7 
1.7198 1.92664 7 
1.56488 2.69441 7 
0.210259 0.217696 7 
0.0757815 0.0758872 7 
0.0672413 0.0681888 7 
2.66207 2.96536 8 
1.75682 2.27563 8 
1.70444 2.19996 8 
1.37834 2.29361 8 
0.726153 0.800367 8 
2.52763 2.56253 9 
2.11766 2.25257 9 
2.02442 2.04754 9 
1.36136 2.07381 9 
1.16983 2.12465 9 
1.08181 1.31481 9 
0.771602 0.775511 9 
0.115203 0.132965 9 
2.01352 2.24716 10 
2.01341 2.31217 10 
1.97321 1.99548 10 
1.8818 2.00217 10 
1.19785 1.88355 10 
1.05801 1.25051 10 
2.36846 2.36969 11 
1.36582 1.47277 11 
1.25982 1.60816 11 
1.64822 2.07476 12 
1.63068 1.97571 12 
1.48776 1.52038 12 
1.418 1.62533 12 
1.32261 1.38475 12 
0.793598 0.804658 12 
0.34192 0.366204 12 
1.48849 1.52202 13 
1.47435 1.50191 13 
1.39907 1.43716 13 
1.17185 1.24118 13 
1.14129 1.19046 13 
1.1198 1.21144 13 
0.887528 0.907691 13 
0.627173 0.713452 13 
0.580522 0.60495 13 
0.971077 1.0433 14 
0.966244 1.05276 14 
0.95521 1.06612 14 
0.932369 0.991602 14 
0.782417 0.790019 14 
0.743808 0.784943 14 
0.735302 0.744919 14 
0.72915 0.742843 14 
0.624087 0.658096 14 
1.89557 1.94327 15 
1.89506 1.94327 15 
1.89283 1.91727 15 
0.954595 0.958076 15 
0.946411 0.971446 15 
0.934033 0.975055 15 
0.92975 0.980245 15 
0.910794 0.929206 15 
0.667648 0.67498 15 
0.500728 0.519892 16 
1.52699 1.82735 17 
1.51059 1.69136 17 
2.34372 2.37525 18 
2.0091 2.05144 18 
1.8479 2.04152 18 
1.34347 2.04613 18 
1.34094 2.03465 18 
1.29998 1.37703 19 
1.29896 1.36275 19 
1.29601 1.48974 19 
1.04733 1.31992 20 
1.04488 1.31758 20 
