7.69149 9.7168 1 
0.762712 0.771755 1 
0.49744 1.10406 1 
0.457189 0.505221 1 
0.305586 0.367576 1 
0.304776 0.369757 1 
0.164116 0.198928 1 
0.163552 0.173606 1 
0.157604 0.173792 1 
0.155443 0.156633 1 
0.148343 0.157219 1 
0.147082 0.181588 1 
0.142185 0.152843 1 
0.135982 0.152843 1 
0.133012 0.156241 1 
0.131376 0.162995 1 
0.123888 0.134161 1 
0.118809 0.122889 1 
0.116983 0.122891 1 
0.108505 0.131139 1 
0.107364 0.112962 1 
0.106208 0.117506 1 
0.104453 0.104748 1 
0.103862 0.106208 1 
0.103563 0.119327 1 
0.102067 0.119326 1 
0.0983766 0.123139 1 
0.0915628 0.101758 1 
0.0877804 0.097431 1 
0.0819641 0.0877809 1 
0.0819641 0.09222 1 
0.0761179 0.108504 1 
6.93603 7.49054 2 
6.92707 7.54246 2 
6.81765 7.5449 2 
0.453352 1.4139 2 
0.411492 0.415587 2 
0.330771 0.44875 2 
0.297302 0.319976 2 
0.213713 0.227816 2 
0.188432 0.19086 2 
0.184628 0.195651 2 
0.176598 0.191822 2 
0.173261 0.180063 2 
0.171288 0.180405 2 
0.16839 0.172011 2 
0.160886 0.185452 2 
0.158973 0.170932 2 
0.154651 0.169118 2 
0.154243 0.192298 2 
0.153049 0.171652 2 
0.14978 0.164866 2 
0.145184 0.164866 2 
0.122382 0.129479 2 
0.111588 0.120099 2 
0.105918 0.117764 2 
0.0675352 0.0693304 2 
1.39103 1.40979 3 
1.14298 1.18348 3 
0.450937 0.510255 3 
0.408431 1.22819 3 
0.293554 0.303568 3 
0.162612 0.169845 3 
0.15682 0.196116 3 
0.138675 0.145398 3 
0.134837 0.155834 3 
0.112693 0.114044 3 
0.107074 0.108222 3 
0.101155 0.114044 3 
0.099926 0.106209 3 
0.0945356 0.102365 3 
0.0932228 0.0996148 3 
0.0877823 0.0974238 3 
0.0874274 0.098999 3 
3.2562 3.47399 4 
3.21705 3.41186 4 
3.20787 3.42791 4 
3.19446 3.45525 4 
0.943105 1.02977 4 
0.933251 1.10233 4 
0.860579 0.89921 4 
0.52981 0.548335 4 
0.480706 0.51152 4 
0.383898 0.387811 4 
0.367497 0.375374 4 
0.363025 0.37381 4 
0.360982 0.375456 4 
0.346811 1.12184 4 
0.236827 0.292809 4 
0.166178 0.170572 4 
0.1658 0.175375 4 
0.147299 0.165426 4 
0.144336 0.173605 4 
0.133471 0.153248 4 
0.0905445 0.090879 4 
0.0723821 0.0761209 4 
3.68034 3.71305 5 
3.67274 3.71515 5 
3.67254 3.71543 5 
3.67176 3.71476 5 
0.912736 1.01685 5 
0.912736 1.0231 5 
0.814788 1.04652 5 
0.570589 0.6033 5 
0.351281 0.359005 5 
0.285668 0.345268 5 
0.198923 0.233027 5 
0.158192 0.161661 5 
0.0925629 0.0951919 5 
3.27172 3.38136 6 
3.10051 3.33319 6 
3.02153 3.28032 6 
3.01949 3.26016 6 
0.963943 0.970537 6 
0.904057 0.937075 6 
0.830609 0.888458 6 
0.798313 0.90457 6 
0.787117 0.975328 6 
0.335491 0.344646 6 
0.285772 0.298752 6 
0.20442 0.210373 6 
0.196273 0.196907 6 
0.167836 0.197215 6 
0.133 0.137553 6 
0.116977 0.132998 6 
0.110753 0.121626 6 
0.0986902 0.112138 6 
0.0961531 0.0964705 6 
2.46716 2.53351 7 
2.41802 2.49187 7 
0.857371 0.88198 7 
0.762074 0.838221 7 
0.669799 0.939074 7 
0.316388 0.318915 7 
0.267855 0.292393 7 
0.166734 0.173791 7 
0.147922 0.182098 7 
0.138893 0.146877 7 
0.103564 0.103859 7 
1.73398 1.96046 8 
0.686182 0.841016 8 
0.668905 0.842363 8 
0.27445 0.299583 8 
0.180228 0.196434 8 
0.17147 0.206975 8 
0.133922 0.148338 8 
0.812973 0.905113 9 
0.708417 0.731281 9 
0.668305 0.778762 9 
0.239012 0.239389 9 
0.190861 0.198307 9 
1.75832 1.78161 10 
1.73218 1.74461 10 
0.740402 0.76478 10 
0.610006 0.615288 10 
0.598638 0.612533 10 
0.586468 0.707028 10 
0.558581 0.686454 10 
0.297819 0.303055 10 
0.248571 0.270334 10 
1.60404 1.69656 11 
1.60379 1.64729 11 
0.535081 0.595226 11 
0.503258 0.63603 11 
0.230024 0.255681 11 
0.230024 0.236011 11 
0.704324 0.712542 12 
0.610915 0.626112 12 
0.458266 0.461077 12 
0.329459 0.342673 12 
0.209624 0.216816 12 
0.797908 0.80865 13 
0.73557 0.736327 13 
0.56298 0.64426 13 
0.540918 0.598897 13 
0.780145 0.828093 14 
0.742121 0.757941 14 
0.310588 0.343034 14 
1.74033 1.78893 15 
1.71016 1.78702 15 
0.965163 0.969627 15 
0.909774 0.928247 15 
0.235845 0.244963 15 
1.63669 1.8256 16 
1.6351 1.79413 16 
1.09331 1.09368 16 
0.945288 0.953534 16 
0.311578 0.379131 16 
0.934437 0.97959 17 
0.32123 0.340296 17 
0.318145 0.335095 17 
0.917893 0.934467 18 
0.235478 0.267025 18 
0.224764 0.267706 18 
0.224763 0.267706 18 
0.632721 0.643164 19 
0.302282 0.309949 20 
