0 0.0118967 1 
0 0.0137351 1 
0 0.0172842 1 
0 0.0194265 1 
0 0.0194326 1 
0 0.0268934 1 
0 0.0274674 1 
0 0.0277572 1 
0 0.0280382 1 
0 0.0280382 1 
0 0.0309723 1 
0 0.0319637 1 
0 0.0319737 1 
0 0.0331795 1 
0 0.0338799 1 
0 0.0338811 1 
0 0.0341129 1 
0 0.0347933 1 
0 0.035464 1 
0 0.0365539 1 
0 0.036555 1 
0 0.0378274 1 
0 0.0392545 1 
0 0.039658 1 
0 0.0402448 1 
0 0.0408299 1 
0 0.0412113 1 
0 0.0415948 1 
0 0.0430829 1 
0 0.0432636 1 
0 0.0441578 1 
0 0.0445097 1 
0 0.0453854 1 
0 0.0459137 1 
0 0.0464207 1 
0 0.0467555 1 
0 0.0474233 1 
0 0.0479142 1 
0 0.0487297 1 
0 0.0487316 1 
0 0.0492084 1 
0 0.0493659 1 
0 0.0495284 1 
0 0.0501545 1 
0 0.0509333 1 
0 0.0513992 1 
0 0.0514 1 
0 0.0534937 1 
0 0.0549522 1 
0 0.0560778 1 
0 0.0573272 1 
0 0.0574673 1 
0 0.0580105 1 
0 0.058012 1 
0 0.0588179 1 
0 0.0596162 1 
0 0.0602684 1 
0 0.0644335 1 
0 0.0650415 1 
0 0.0672995 1 
0 0.0685691 1 
0 0.0700393 1 
0 0.0703788 1 
0 0.0711605 1 
0 0.0713733 1 
0 0.0719233 1 
0 0.0721443 1 
0 0.072472 1 
0 0.0730199 1 
0 0.0731218 1 
0 0.0747103 1 
0 0.0754424 1 
0 0.0784172 1 
0 0.0797104 1 
0 0.0799015 1 
0 0.0830824 1 
0 0.0850448 1 
0 0.0926556 1 
0 0.0945884 1 
0 0.0971373 1 
0 0.0974598 1 
0 0.11286 1 
0 0.115691 1 
0 0.116224 1 
0 0.116293 1 
0 0.121973 1 
0 0.122933 1 
0 0.128621 1 
0 0.138056 1 
0 0.139978 1 
0 0.145981 1 
0 0.158721 1 
0 0.162445 1 
0 0.175162 1 
0 0.187097 1 
0 0.197998 1 
0 0.218758 1 
0 0.220971 1 
0 0.229384 1 
0 0.237105 1 
0 0.238302 1 
0 0.265871 1 
0 0.331855 1 
0 0.403122 1 
0 0.404348 1 
0 0.427237 1 
0 0.507189 1 
0 0.559086 1 
0 0.577546 1 
0 0.591974 1 
0 0.639189 1 
0 0.654222 1 
0 0.673159 1 
0 0.696664 1 
0 0.706446 1 
0 0.732091 1 
0 0.874779 1 
0 0.90614 1 
0 1.01979 1 
0 1.03099 1 
0 1.11931 1 
0 1.37388 1 
0 1.38384 1 
0 1.94714 1 
0 2.24152 1 
0 2.60007 1 
0 2.71213 1 
0 3.9547 1 
0 4.13888 1 
0 4.20731 1 
0 4.30805 1 
0 inf 1 
0 0.0217117 2 
0 0.0241223 2 
0 0.0250753 2 
0 0.0250768 2 
0 0.0256977 2 
0 0.0257023 2 
0 0.0265988 2 
0 0.0265988 2 
0 0.0274703 2 
0 0.0296793 2 
0 0.0302018 2 
0 0.032934 2 
0 0.0334043 2 
0 0.0361388 2 
0 0.0363464 2 
0 0.0367785 2 
0 0.0374063 2 
0 0.0376174 2 
0 0.0378305 2 
0 0.038855 2 
0 0.0388612 2 
0 0.0392485 2 
0 0.0394528 2 
0 0.0398483 2 
0 0.0404421 2 
0 0.0404421 2 
0 0.0408212 2 
0 0.0423337 2 
0 0.0434335 2 
0 0.0434435 2 
0 0.0453898 2 
0 0.0455587 2 
0 0.046248 2 
0 0.0504742 2 
0 0.0512499 2 
0 0.0517072 2 
0 0.0539309 2 
0 0.0552354 2 
0 0.056079 2 
0 0.0562182 2 
0 0.0567767 2 
0 0.0571904 2 
0 0.0574611 2 
0 0.0574611 2 
0 0.0576001 2 
0 0.0594773 2 
0 0.059478 2 
0 0.0613087 2 
0 0.0616867 2 
0 0.062706 2 
0 0.0651619 2 
0 0.0692552 2 
0 0.0710425 2 
0 0.0720333 2 
0 0.0724701 2 
0 0.0735509 2 
0 0.0737592 2 
0 0.0742888 2 
0 0.0766913 2 
0 0.0779052 2 
0 0.0783192 2 
0 0.0784137 2 
0 0.0785141 2 
0 0.0810808 2 
0 0.0877889 2 
0 0.0890293 2 
0 0.101404 2 
0 0.101407 2 
0 0.108532 2 
0 0.115416 2 
0 0.117707 2 
0 0.123256 2 
0 0.137426 2 
0 0.149063 2 
0 0.151423 2 
0 0.157584 2 
0 0.159912 2 
0 0.16518 2 
0 0.174392 2 
0 0.176855 2 
0 0.178098 2 
0 0.18621 2 
0 0.191699 2 
0 0.207736 2 
0 0.208562 2 
0 0.209123 2 
0 0.244488 2 
0 0.259825 2 
0 0.262862 2 
0 0.268868 2 
0 0.292326 2 
0 0.333478 2 
0 0.350312 2 
0 0.358534 2 
0 0.425486 2 
0 0.466101 2 
0 0.481922 2 
0 0.550104 2 
0 0.553396 2 
0 0.553697 2 
0 0.565314 2 
0 0.58603 2 
0 0.588408 2 
0 0.665786 2 
0 0.680106 2 
0 0.769255 2 
0 0.772676 2 
0 0.780599 2 
0 0.784929 2 
0 0.799852 2 
0 0.813285 2 
0 0.843864 2 
0 0.845387 2 
0 0.963014 2 
0 1.06477 2 
0 1.63361 2 
0 1.82108 2 
0 1.9121 2 
0 2.0271 2 
0 2.93856 2 
0 3.02447 2 
0 3.1139 2 
0 3.40751 2 
0 3.41886 2 
0 3.43621 2 
0 3.53637 2 
0 3.55728 2 
0 inf 2 
0 0.0213531 3 
0 0.0241157 3 
0 0.024767 3 
0 0.0250768 3 
0 0.0253892 3 
0 0.0263008 3 
0 0.0283165 3 
0 0.0288677 3 
0 0.0301978 3 
0 0.0314744 3 
0 0.0322143 3 
0 0.0365593 3 
0 0.0372001 3 
0 0.0382397 3 
0 0.0388522 3 
0 0.0400416 3 
0 0.0408261 3 
0 0.0421547 3 
0 0.0423355 3 
0 0.0430774 3 
0 0.0436182 3 
0 0.0439753 3 
0 0.0445177 3 
0 0.0446891 3 
0 0.0452141 3 
0 0.0452185 3 
0 0.0452185 3 
0 0.0472493 3 
0 0.049526 3 
0 0.0496927 3 
0 0.0501561 3 
0 0.0506253 3 
0 0.0513946 3 
0 0.0513985 3 
0 0.0517026 3 
0 0.0524569 3 
0 0.053202 3 
0 0.0546523 3 
0 0.0559392 3 
0 0.061042 3 
0 0.0631967 3 
0 0.0631967 3 
0 0.0659957 3 
0 0.0660061 3 
0 0.0664748 3 
0 0.0710407 3 
0 0.0720432 3 
0 0.0730145 3 
0 0.0733398 3 
0 0.0742893 3 
0 0.0754468 3 
0 0.0822277 3 
0 0.0910332 3 
0 0.0915454 3 
0 0.0939189 3 
0 0.0943459 3 
0 0.09656 3 
0 0.0980156 3 
0 0.0985764 3 
0 0.111394 3 
0 0.117038 3 
0 0.130988 3 
0 0.132177 3 
0 0.134366 3 
0 0.138518 3 
0 0.141713 3 
0 0.162835 3 
0 0.169642 3 
0 0.182287 3 
0 0.185072 3 
0 0.192768 3 
0 0.197563 3 
0 0.200923 3 
0 0.222245 3 
0 0.253704 3 
0 0.266525 3 
0 0.268047 3 
0 0.303874 3 
0 0.337463 3 
0 0.361155 3 
0 0.38609 3 
0 0.393567 3 
0 0.4079 3 
0 0.46433 3 
0 0.469182 3 
0 0.474263 3 
0 0.486771 3 
0 0.493692 3 
0 0.496993 3 
0 0.530987 3 
0 0.547133 3 
0 0.605521 3 
0 0.616333 3 
0 0.624728 3 
0 0.634399 3 
0 0.650926 3 
0 0.660353 3 
0 0.691859 3 
0 0.700542 3 
0 0.729036 3 
0 0.745849 3 
0 0.756161 3 
0 0.760984 3 
0 0.773984 3 
0 0.788743 3 
0 0.895085 3 
0 0.921861 3 
0 1.04555 3 
0 1.18096 3 
0 1.31672 3 
0 1.3677 3 
0 1.37023 3 
0 1.3725 3 
0 1.6118 3 
0 1.67045 3 
0 2.48338 3 
0 3.06992 3 
0 3.07885 3 
0 3.09082 3 
0 3.09124 3 
0 3.25999 3 
0 3.28791 3 
0 3.29685 3 
0 inf 3 
0 0.0142946 4 
0 0.0194289 4 
0 0.0213587 4 
0 0.0224383 4 
0 0.0301965 4 
0 0.0301966 4 
0 0.0314794 4 
0 0.0317338 4 
0 0.0347933 4 
0 0.0356878 4 
0 0.0369857 4 
0 0.0369954 4 
0 0.037629 4 
0 0.0380393 4 
0 0.0394588 4 
0 0.0421499 4 
0 0.0445115 4 
0 0.0450324 4 
0 0.0459077 4 
0 0.0480735 4 
0 0.0484068 4 
0 0.0487248 4 
0 0.0504656 4 
0 0.0509348 4 
0 0.051403 4 
0 0.0523019 4 
0 0.0539353 4 
0 0.0545181 4 
0 0.0549501 4 
0 0.0555171 4 
0 0.0563532 4 
0 0.0566413 4 
0 0.0589456 4 
0 0.058948 4 
0 0.0593466 4 
0 0.0594773 4 
0 0.0594833 4 
0 0.0601414 4 
0 0.0606568 4 
0 0.0607891 4 
0 0.0615678 4 
0 0.0626985 4 
0 0.0649147 4 
0 0.0651644 4 
0 0.0710447 4 
0 0.0730091 4 
0 0.0755516 4 
0 0.0767956 4 
0 0.0829952 4 
0 0.0943341 4 
0 0.108243 4 
0 0.108891 4 
0 0.109755 4 
0 0.109757 4 
0 0.132363 4 
0 0.132841 4 
0 0.13571 4 
0 0.141095 4 
0 0.142157 4 
0 0.150538 4 
0 0.193617 4 
0 0.201849 4 
0 0.202095 4 
0 0.259318 4 
0 0.291862 4 
0 0.329135 4 
0 0.34917 4 
0 0.355848 4 
0 0.37927 4 
0 0.393155 4 
0 0.408282 4 
0 0.408338 4 
0 0.422761 4 
0 0.429924 4 
0 0.449635 4 
0 0.456292 4 
0 0.512297 4 
0 0.518294 4 
0 0.529913 4 
0 0.565918 4 
0 0.575909 4 
0 0.59045 4 
0 0.599778 4 
0 0.618354 4 
0 0.621317 4 
0 0.643385 4 
0 0.645794 4 
0 0.650949 4 
0 0.675577 4 
0 0.684732 4 
0 0.684839 4 
0 0.695741 4 
0 0.699118 4 
0 0.706509 4 
0 0.711071 4 
0 0.720169 4 
0 0.878814 4 
0 0.897166 4 
0 0.920858 4 
0 1.04751 4 
0 1.10988 4 
0 1.15804 4 
0 1.24846 4 
0 1.41171 4 
0 1.52316 4 
0 1.52688 4 
0 1.52904 4 
0 1.59933 4 
0 1.66698 4 
0 1.69892 4 
0 1.69918 4 
0 1.69922 4 
0 1.78951 4 
0 1.89156 4 
0 1.96996 4 
0 2.39367 4 
0 2.88432 4 
0 2.88888 4 
0 2.89097 4 
0 inf 4 
0 0.0277571 5 
0 0.0291448 5 
0 0.0302044 5 
0 0.0317192 5 
0 0.0347956 5 
0 0.0350259 5 
0 0.0367764 5 
0 0.0413972 5 
0 0.042894 5 
0 0.0443359 5 
0 0.0455579 5 
0 0.0465816 5 
0 0.0472551 5 
0 0.0484011 5 
0 0.0490472 5 
0 0.0490472 5 
0 0.0496793 5 
0 0.0503185 5 
0 0.0509333 5 
0 0.0509419 5 
0 0.0513923 5 
0 0.0520043 5 
0 0.0521556 5 
0 0.0523103 5 
0 0.0536431 5 
0 0.0545123 5 
0 0.0550954 5 
0 0.055099 5 
0 0.0556596 5 
0 0.0564979 5 
0 0.0569105 5 
0 0.0586878 5 
0 0.0601396 5 
0 0.0610504 5 
0 0.061182 5 
0 0.0616796 5 
0 0.0648012 5 
0 0.0662389 5 
0 0.0674082 5 
0 0.0674082 5 
0 0.080494 5 
0 0.0822373 5 
0 0.0859633 5 
0 0.087788 5 
0 0.0889366 5 
0 0.0902577 5 
0 0.0963967 5 
0 0.109976 5 
0 0.133425 5 
0 0.134535 5 
0 0.137083 5 
0 0.137083 5 
0 0.143537 5 
0 0.17213 5 
0 0.196852 5 
0 0.244265 5 
0 0.328537 5 
0 0.346578 5 
0 0.370969 5 
0 0.376236 5 
0 0.376846 5 
0 0.379864 5 
0 0.41031 5 
0 0.43874 5 
0 0.473996 5 
0 0.477788 5 
0 0.49142 5 
0 0.493702 5 
0 0.501007 5 
0 0.519688 5 
0 0.542065 5 
0 0.556138 5 
0 0.570639 5 
0 0.570883 5 
0 0.585718 5 
0 0.596705 5 
0 0.602579 5 
0 0.627089 5 
0 0.63049 5 
0 0.630651 5 
0 0.630681 5 
0 0.63432 5 
0 0.652275 5 
0 0.6618 5 
0 0.664078 5 
0 0.68253 5 
0 0.692275 5 
0 0.693467 5 
0 0.853097 5 
0 0.860062 5 
0 0.88248 5 
0 0.883237 5 
0 0.886746 5 
0 0.931321 5 
0 1.05457 5 
0 1.08497 5 
0 1.0886 5 
0 1.14775 5 
0 1.16657 5 
0 1.23438 5 
0 1.25567 5 
0 1.4239 5 
0 1.42831 5 
0 1.57708 5 
0 1.58305 5 
0 1.61363 5 
0 1.62124 5 
0 1.64177 5 
0 1.6419 5 
0 1.64395 5 
0 1.6465 5 
0 1.96723 5 
0 1.9869 5 
0 1.98747 5 
0 1.99257 5 
0 inf 5 
0 0.032695 6 
0 0.032695 6 
0 0.0347967 6 
0 0.0350202 6 
0 0.0350211 6 
0 0.0363442 6 
0 0.0378305 6 
0 0.0390583 6 
0 0.0406287 6 
0 0.0408231 6 
0 0.0437994 6 
0 0.0472493 6 
0 0.0492124 6 
0 0.0496849 6 
0 0.0498457 6 
0 0.050313 6 
0 0.0506254 6 
0 0.0509395 6 
0 0.0512511 6 
0 0.0524554 6 
0 0.05733 6 
0 0.0589503 6 
0 0.0594833 6 
0 0.0594833 6 
0 0.0610466 6 
0 0.061171 6 
0 0.0611749 6 
0 0.0614352 6 
0 0.0624517 6 
0 0.0650366 6 
0 0.0678777 6 
0 0.0735495 6 
0 0.0774046 6 
0 0.0784081 6 
0 0.0798048 6 
0 0.0802047 6 
0 0.0880573 6 
0 0.0881319 6 
0 0.0885032 6 
0 0.0905074 6 
0 0.0932452 6 
0 0.0968205 6 
0 0.114249 6 
0 0.131468 6 
0 0.131707 6 
0 0.132651 6 
0 0.196011 6 
0 0.204563 6 
0 0.225119 6 
0 0.329684 6 
0 0.364046 6 
0 0.388865 6 
0 0.393326 6 
0 0.407351 6 
0 0.407969 6 
0 0.414386 6 
0 0.42612 6 
0 0.448273 6 
0 0.449185 6 
0 0.449185 6 
0 0.463749 6 
0 0.515571 6 
0 0.526611 6 
0 0.529038 6 
0 0.534362 6 
0 0.535244 6 
0 0.544697 6 
0 0.566175 6 
0 0.586482 6 
0 0.602545 6 
0 0.608815 6 
0 0.613946 6 
0 0.655327 6 
0 0.656129 6 
0 0.666653 6 
0 0.668478 6 
0 0.668479 6 
0 0.678921 6 
0 0.679187 6 
0 0.679743 6 
0 0.81123 6 
0 0.814326 6 
0 0.815185 6 
0 0.81665 6 
0 0.878277 6 
0 0.961431 6 
0 0.977459 6 
0 0.978641 6 
0 0.979773 6 
0 0.999629 6 
0 1.07035 6 
0 1.08743 6 
0 1.10692 6 
0 1.1093 6 
0 1.11187 6 
0 1.13083 6 
0 1.13983 6 
0 1.15399 6 
0 1.17674 6 
0 1.18295 6 
0 1.21603 6 
0 1.26685 6 
0 1.2901 6 
0 1.34199 6 
0 1.36431 6 
0 1.51725 6 
0 1.63197 6 
0 2.03401 6 
0 2.04614 6 
0 2.05841 6 
0 2.07243 6 
0 inf 6 
0 0.0285906 7 
0 0.0285976 7 
0 0.0338869 7 
0 0.0371964 7 
0 0.0392626 7 
0 0.0443386 7 
0 0.0443393 7 
0 0.0480776 7 
0 0.0496857 7 
0 0.0496857 7 
0 0.0504701 7 
0 0.050783 7 
0 0.0521587 7 
0 0.052764 7 
0 0.0573272 7 
0 0.0604054 7 
0 0.0605287 7 
0 0.0650366 7 
0 0.0651571 7 
0 0.0687956 7 
0 0.0695945 7 
0 0.0714936 7 
0 0.0747167 7 
0 0.0747168 7 
0 0.0754524 7 
0 0.0776081 7 
0 0.079708 7 
0 0.0804896 7 
0 0.080786 7 
0 0.0826063 7 
0 0.0845813 7 
0 0.0934141 7 
0 0.105365 7 
0 0.107213 7 
0 0.11011 7 
0 0.114996 7 
0 0.116428 7 
0 0.143856 7 
0 0.149699 7 
0 0.176388 7 
0 0.207244 7 
0 0.252524 7 
0 0.315561 7 
0 0.323092 7 
0 0.324843 7 
0 0.326361 7 
0 0.327374 7 
0 0.330312 7 
0 0.332487 7 
0 0.395857 7 
0 0.398464 7 
0 0.402767 7 
0 0.438488 7 
0 0.442824 7 
0 0.450517 7 
0 0.509304 7 
0 0.512305 7 
0 0.51657 7 
0 0.516713 7 
0 0.520336 7 
0 0.524146 7 
0 0.526899 7 
0 0.531739 7 
0 0.539664 7 
0 0.585086 7 
0 0.585617 7 
0 0.596069 7 
0 0.608499 7 
0 0.609003 7 
0 0.63176 7 
0 0.632046 7 
0 0.640868 7 
0 0.64384 7 
0 0.644268 7 
0 0.650552 7 
0 0.689538 7 
0 0.693223 7 
0 0.694447 7 
0 0.774322 7 
0 0.809872 7 
0 0.811036 7 
0 0.811811 7 
0 0.836455 7 
0 0.848252 7 
0 0.926311 7 
0 0.928389 7 
0 0.936484 7 
0 0.961714 7 
0 1.04515 7 
0 1.04668 7 
0 1.06257 7 
0 1.07133 7 
0 1.10053 7 
0 1.12153 7 
0 1.12289 7 
0 1.14676 7 
0 1.14879 7 
0 1.21492 7 
0 1.21908 7 
0 1.26933 7 
0 1.46504 7 
0 1.62157 7 
0 1.6273 7 
0 1.62915 7 
0 1.65175 7 
0 1.67492 7 
0 1.82028 7 
0 inf 7 
0 0.0202231 8 
0 0.0352478 8 
0 0.043082 8 
0 0.0460721 8 
0 0.0467503 8 
0 0.0477588 8 
0 0.0484117 8 
0 0.0536445 8 
0 0.0546574 8 
0 0.0556596 8 
0 0.0566315 8 
0 0.0567698 8 
0 0.0573321 8 
0 0.0574645 8 
0 0.0577354 8 
0 0.0601408 8 
0 0.0602743 8 
0 0.061051 8 
0 0.0621975 8 
0 0.0643071 8 
0 0.0652785 8 
0 0.0670631 8 
0 0.0862397 8 
0 0.0905975 8 
0 0.104697 8 
0 0.106263 8 
0 0.110818 8 
0 0.123602 8 
0 0.127214 8 
0 0.130384 8 
0 0.135001 8 
0 0.189638 8 
0 0.201589 8 
0 0.227875 8 
0 0.240122 8 
0 0.250224 8 
0 0.269096 8 
0 0.270843 8 
0 0.30863 8 
0 0.327796 8 
0 0.33212 8 
0 0.332948 8 
0 0.339848 8 
0 0.399843 8 
0 0.423957 8 
0 0.436446 8 
0 0.440822 8 
0 0.442136 8 
0 0.448549 8 
0 0.449162 8 
0 0.47463 8 
0 0.476861 8 
0 0.479749 8 
0 0.481735 8 
0 0.482262 8 
0 0.483964 8 
0 0.486725 8 
0 0.501682 8 
0 0.513677 8 
0 0.517565 8 
0 0.533626 8 
0 0.542889 8 
0 0.564505 8 
0 0.587822 8 
0 0.626359 8 
0 0.631762 8 
0 0.632094 8 
0 0.633883 8 
0 0.643598 8 
0 0.648358 8 
0 0.672264 8 
0 0.672942 8 
0 0.673141 8 
0 0.772459 8 
0 0.799913 8 
0 0.814191 8 
0 0.815088 8 
0 0.815089 8 
0 0.872114 8 
0 0.903717 8 
0 0.912098 8 
0 0.936308 8 
0 0.942869 8 
0 0.947702 8 
0 0.977367 8 
0 1.00751 8 
0 1.04903 8 
0 1.07561 8 
0 1.08606 8 
0 1.104 8 
0 1.10809 8 
0 1.17313 8 
0 1.20699 8 
0 1.27517 8 
0 1.37913 8 
0 1.42208 8 
0 1.59489 8 
0 1.59503 8 
0 1.59707 8 
0 1.60591 8 
0 1.62394 8 
0 1.65615 8 
0 1.76639 8 
0 inf 8 
0 0.0277571 9 
0 0.0312234 9 
0 0.035471 9 
0 0.0392565 9 
0 0.0398532 9 
0 0.0430719 9 
0 0.0504679 9 
0 0.0517039 9 
0 0.0536479 9 
0 0.0582842 9 
0 0.0679926 9 
0 0.0771031 9 
0 0.0882202 9 
0 0.0902555 9 
0 0.0906892 9 
0 0.091027 9 
0 0.0923229 9 
0 0.0926629 9 
0 0.107146 9 
0 0.11555 9 
0 0.119698 9 
0 0.129502 9 
0 0.152862 9 
0 0.175246 9 
0 0.207698 9 
0 0.209702 9 
0 0.210546 9 
0 0.210957 9 
0 0.212865 9 
0 0.235513 9 
0 0.240627 9 
0 0.27221 9 
0 0.276055 9 
0 0.279197 9 
0 0.284974 9 
0 0.29 9 
0 0.330138 9 
0 0.3624 9 
0 0.378633 9 
0 0.379774 9 
0 0.393807 9 
0 0.40234 9 
0 0.410466 9 
0 0.44493 9 
0 0.446042 9 
0 0.453796 9 
0 0.458279 9 
0 0.491681 9 
0 0.494662 9 
0 0.497278 9 
0 0.516348 9 
0 0.521121 9 
0 0.52515 9 
0 0.525616 9 
0 0.53257 9 
0 0.555466 9 
0 0.583243 9 
0 0.600081 9 
0 0.604259 9 
0 0.611679 9 
0 0.617857 9 
0 0.623431 9 
0 0.66386 9 
0 0.665516 9 
0 0.695715 9 
0 0.700016 9 
0 0.704128 9 
0 0.730752 9 
0 0.734595 9 
0 0.748672 9 
0 0.749748 9 
0 0.754762 9 
0 0.811656 9 
0 0.815522 9 
0 0.819293 9 
0 0.846267 9 
0 0.855728 9 
0 0.873224 9 
0 0.924621 9 
0 0.930317 9 
0 0.932675 9 
0 0.952825 9 
0 0.953131 9 
0 0.984931 9 
0 1.00131 9 
0 1.02497 9 
0 1.03441 9 
0 1.04039 9 
0 1.0726 9 
0 1.10952 9 
0 1.12057 9 
0 1.29325 9 
0 1.58361 9 
0 1.59918 9 
0 1.59971 9 
0 1.60771 9 
0 1.60836 9 
0 1.60889 9 
0 1.61674 9 
0 inf 9 
0 0.0336519 10 
0 0.0434381 10 
0 0.0460771 10 
0 0.0534967 10 
0 0.0557975 10 
0 0.0571951 10 
0 0.0585445 10 
0 0.0684436 10 
0 0.0739693 10 
0 0.0774037 10 
0 0.0856042 10 
0 0.0866936 10 
0 0.11189 10 
0 0.115206 10 
0 0.115377 10 
0 0.144566 10 
0 0.148003 10 
0 0.166084 10 
0 0.166299 10 
0 0.180069 10 
0 0.181942 10 
0 0.182671 10 
0 0.184072 10 
0 0.200179 10 
0 0.240756 10 
0 0.270063 10 
0 0.27491 10 
0 0.282661 10 
0 0.283586 10 
0 0.330741 10 
0 0.332037 10 
0 0.334363 10 
0 0.341806 10 
0 0.360525 10 
0 0.363652 10 
0 0.367738 10 
0 0.374801 10 
0 0.400122 10 
0 0.40343 10 
0 0.408761 10 
0 0.419875 10 
0 0.423003 10 
0 0.43032 10 
0 0.430959 10 
0 0.440621 10 
0 0.466622 10 
0 0.466893 10 
0 0.46728 10 
0 0.47341 10 
0 0.475614 10 
0 0.481081 10 
0 0.490202 10 
0 0.521425 10 
0 0.522132 10 
0 0.555409 10 
0 0.57757 10 
0 0.577938 10 
0 0.579139 10 
0 0.580725 10 
0 0.58917 10 
0 0.610173 10 
0 0.61182 10 
0 0.639924 10 
0 0.641544 10 
0 0.687059 10 
0 0.724362 10 
0 0.786612 10 
0 0.806115 10 
0 0.806466 10 
0 0.824514 10 
0 0.852875 10 
0 0.896345 10 
0 0.912904 10 
0 0.913179 10 
0 0.931154 10 
0 0.932293 10 
0 1.00699 10 
0 1.01877 10 
0 1.08595 10 
0 1.08683 10 
0 1.09241 10 
0 1.09262 10 
0 1.20229 10 
0 1.20286 10 
0 1.21275 10 
0 1.22565 10 
0 1.36458 10 
0 1.36493 10 
0 1.59743 10 
0 1.59774 10 
0 1.61879 10 
0 1.64332 10 
0 1.65355 10 
0 1.71771 10 
0 1.71773 10 
0 inf 10 
0 0.0359145 11 
0 0.0465773 11 
0 0.0490472 11 
0 0.051248 11 
0 0.0954119 11 
0 0.114859 11 
0 0.118304 11 
0 0.11976 11 
0 0.127424 11 
0 0.130743 11 
0 0.149986 11 
0 0.151396 11 
0 0.197955 11 
0 0.200806 11 
0 0.203316 11 
0 0.204411 11 
0 0.21326 11 
0 0.214429 11 
0 0.235407 11 
0 0.238493 11 
0 0.241345 11 
0 0.26278 11 
0 0.280942 11 
0 0.31631 11 
0 0.32892 11 
0 0.332424 11 
0 0.332963 11 
0 0.333246 11 
0 0.333364 11 
0 0.336421 11 
0 0.350743 11 
0 0.365312 11 
0 0.365563 11 
0 0.372319 11 
0 0.375584 11 
0 0.385342 11 
0 0.38984 11 
0 0.391716 11 
0 0.393065 11 
0 0.393626 11 
0 0.40247 11 
0 0.409365 11 
0 0.409816 11 
0 0.412378 11 
0 0.412773 11 
0 0.436571 11 
0 0.45659 11 
0 0.457536 11 
0 0.467997 11 
0 0.470928 11 
0 0.478481 11 
0 0.521424 11 
0 0.566872 11 
0 0.568493 11 
0 0.568678 11 
0 0.572523 11 
0 0.580598 11 
0 0.581464 11 
0 0.621109 11 
0 0.622184 11 
0 0.652776 11 
0 0.682041 11 
0 0.683826 11 
0 0.806407 11 
0 0.806515 11 
0 0.84698 11 
0 0.921008 11 
0 0.922467 11 
0 0.991527 11 
0 0.992415 11 
0 1.07132 11 
0 1.08909 11 
0 1.09073 11 
0 1.10109 11 
0 1.10582 11 
0 1.106 11 
0 1.11107 11 
0 1.18734 11 
0 1.19674 11 
0 1.20043 11 
0 1.20085 11 
0 1.23319 11 
0 1.37544 11 
0 1.37587 11 
0 1.53148 11 
0 1.53301 11 
0 1.59461 11 
0 1.59619 11 
0 1.62945 11 
0 1.64083 11 
0 1.64152 11 
0 inf 11 
0 0.0798876 12 
0 0.110609 12 
0 0.11878 12 
0 0.120676 12 
0 0.129198 12 
0 0.133777 12 
0 0.14731 12 
0 0.157381 12 
0 0.1718 12 
0 0.171872 12 
0 0.181201 12 
0 0.202865 12 
0 0.214641 12 
0 0.240562 12 
0 0.255892 12 
0 0.283791 12 
0 0.284444 12 
0 0.290554 12 
0 0.292696 12 
0 0.306694 12 
0 0.308961 12 
0 0.317463 12 
0 0.33481 12 
0 0.347846 12 
0 0.351691 12 
0 0.355957 12 
0 0.360171 12 
0 0.369249 12 
0 0.37122 12 
0 0.373024 12 
0 0.373446 12 
0 0.37575 12 
0 0.38286 12 
0 0.38286 12 
0 0.382942 12 
0 0.392405 12 
0 0.400163 12 
0 0.410039 12 
0 0.410134 12 
0 0.420639 12 
0 0.420844 12 
0 0.421779 12 
0 0.431989 12 
0 0.450013 12 
0 0.460397 12 
0 0.50352 12 
0 0.511759 12 
0 0.555945 12 
0 0.556013 12 
0 0.558271 12 
0 0.560887 12 
0 0.611784 12 
0 0.61249 12 
0 0.621076 12 
0 0.623161 12 
0 0.682352 12 
0 0.683733 12 
0 0.691154 12 
0 0.733403 12 
0 0.809717 12 
0 0.810736 12 
0 0.874041 12 
0 0.88027 12 
0 0.880628 12 
0 0.933246 12 
0 0.938514 12 
0 1.06476 12 
0 1.06477 12 
0 1.06522 12 
0 1.07566 12 
0 1.11585 12 
0 1.14098 12 
0 1.15899 12 
0 1.16721 12 
0 1.17093 12 
0 1.17112 12 
0 1.18977 12 
0 1.21995 12 
0 1.30689 12 
0 1.31436 12 
0 1.4081 12 
0 1.42907 12 
0 1.59532 12 
0 1.59554 12 
0 1.62232 12 
0 1.62239 12 
0 1.6224 12 
0 inf 12 
0 0.12113 13 
0 0.126494 13 
0 0.15219 13 
0 0.16797 13 
0 0.178489 13 
0 0.238194 13 
0 0.23912 13 
0 0.243518 13 
0 0.248814 13 
0 0.251209 13 
0 0.298816 13 
0 0.301366 13 
0 0.309068 13 
0 0.328974 13 
0 0.337561 13 
0 0.337825 13 
0 0.338569 13 
0 0.346419 13 
0 0.347235 13 
0 0.34893 13 
0 0.36093 13 
0 0.36252 13 
0 0.366342 13 
0 0.369227 13 
0 0.370926 13 
0 0.374868 13 
0 0.385899 13 
0 0.386876 13 
0 0.398397 13 
0 0.402925 13 
0 0.403549 13 
0 0.463615 13 
0 0.476145 13 
0 0.485953 13 
0 0.513292 13 
0 0.518184 13 
0 0.528209 13 
0 0.528495 13 
0 0.536916 13 
0 0.539385 13 
0 0.541146 13 
0 0.548797 13 
0 0.548797 13 
0 0.550041 13 
0 0.571536 13 
0 0.593032 13 
0 0.593787 13 
0 0.5938 13 
0 0.596098 13 
0 0.601679 13 
0 0.604963 13 
0 0.605418 13 
0 0.62628 13 
0 0.656708 13 
0 0.674213 13 
0 0.734923 13 
0 0.80594 13 
0 0.808852 13 
0 0.855948 13 
0 0.861282 13 
0 0.861574 13 
0 0.861711 13 
0 0.87446 13 
0 0.874595 13 
0 0.922126 13 
0 0.929227 13 
0 1.02939 13 
0 1.04252 13 
0 1.04268 13 
0 1.04581 13 
0 1.05963 13 
0 1.06945 13 
0 1.06945 13 
0 1.07033 13 
0 1.14473 13 
0 1.14534 13 
0 1.14859 13 
0 1.22186 13 
0 1.59583 13 
0 1.59813 13 
0 1.60402 13 
0 1.60402 13 
0 1.60541 13 
0 inf 13 
0 0.0809747 14 
0 0.0847786 14 
0 0.08814 14 
0 0.151184 14 
0 0.160926 14 
0 0.193336 14 
0 0.224222 14 
0 0.246051 14 
0 0.247139 14 
0 0.269037 14 
0 0.274798 14 
0 0.292694 14 
0 0.292866 14 
0 0.293538 14 
0 0.293632 14 
0 0.294781 14 
0 0.29514 14 
0 0.29582 14 
0 0.296602 14 
0 0.300504 14 
0 0.321722 14 
0 0.324649 14 
0 0.332807 14 
0 0.333984 14 
0 0.336487 14 
0 0.352206 14 
0 0.359182 14 
0 0.361374 14 
0 0.366084 14 
0 0.374964 14 
0 0.378305 14 
0 0.379984 14 
0 0.384019 14 
0 0.391221 14 
0 0.413871 14 
0 0.432087 14 
0 0.461884 14 
0 0.466252 14 
0 0.470988 14 
0 0.479963 14 
0 0.492384 14 
0 0.492384 14 
0 0.530471 14 
0 0.533688 14 
0 0.533762 14 
0 0.534615 14 
0 0.578064 14 
0 0.578186 14 
0 0.583694 14 
0 0.591329 14 
0 0.667667 14 
0 0.684205 14 
0 0.684239 14 
0 0.685904 14 
0 0.748508 14 
0 0.755619 14 
0 0.756308 14 
0 0.757696 14 
0 0.8082 14 
0 0.822385 14 
0 0.822385 14 
0 0.822815 14 
0 0.931829 14 
0 0.932713 14 
0 0.932958 14 
0 0.93396 14 
0 0.99967 14 
0 1.00526 14 
0 1.0053 14 
0 1.03604 14 
0 1.27383 14 
0 1.27678 14 
0 1.27694 14 
0 1.59518 14 
0 1.59574 14 
0 1.64327 14 
0 1.64333 14 
0 1.64383 14 
0 1.72567 14 
0 inf 14 
0 0.0774073 15 
0 0.086609 15 
0 0.10187 15 
0 0.113562 15 
0 0.130833 15 
0 0.159456 15 
0 0.232448 15 
0 0.232691 15 
0 0.23663 15 
0 0.244675 15 
0 0.246726 15 
0 0.248804 15 
0 0.256079 15 
0 0.259132 15 
0 0.264776 15 
0 0.271771 15 
0 0.272031 15 
0 0.279443 15 
0 0.280184 15 
0 0.284131 15 
0 0.290538 15 
0 0.291569 15 
0 0.302043 15 
0 0.31972 15 
0 0.325738 15 
0 0.326003 15 
0 0.338846 15 
0 0.339889 15 
0 0.340098 15 
0 0.340121 15 
0 0.348112 15 
0 0.349532 15 
0 0.350745 15 
0 0.350764 15 
0 0.367519 15 
0 0.367567 15 
0 0.393912 15 
0 0.454826 15 
0 0.459786 15 
0 0.460145 15 
0 0.460333 15 
0 0.465489 15 
0 0.467107 15 
0 0.490066 15 
0 0.490179 15 
0 0.49186 15 
0 0.503999 15 
0 0.526722 15 
0 0.600616 15 
0 0.772878 15 
0 0.784742 15 
0 0.811849 15 
0 0.874439 15 
0 0.899546 15 
0 0.899979 15 
0 0.901027 15 
0 0.901577 15 
0 0.906859 15 
0 0.931044 15 
0 1.16047 15 
0 1.16069 15 
0 1.16119 15 
0 1.19413 15 
0 1.22232 15 
0 1.2224 15 
0 1.3173 15 
0 1.318 15 
0 1.31809 15 
0 1.59133 15 
0 1.59925 15 
0 1.60604 15 
0 1.60831 15 
0 1.70209 15 
0 1.7022 15 
0 1.70283 15 
0 inf 15 
0 0.0437985 16 
0 0.13205 16 
0 0.132115 16 
0 0.140845 16 
0 0.240921 16 
0 0.258073 16 
0 0.27368 16 
0 0.275309 16 
0 0.275451 16 
0 0.275651 16 
0 0.27605 16 
0 0.282782 16 
0 0.298482 16 
0 0.298561 16 
0 0.298666 16 
0 0.299508 16 
0 0.310378 16 
0 0.310417 16 
0 0.31363 16 
0 0.314631 16 
0 0.314631 16 
0 0.319752 16 
0 0.322095 16 
0 0.322485 16 
0 0.323896 16 
0 0.334339 16 
0 0.33743 16 
0 0.338268 16 
0 0.340304 16 
0 0.365994 16 
0 0.367558 16 
0 0.36884 16 
0 0.373861 16 
0 0.378876 16 
0 0.387898 16 
0 0.387999 16 
0 0.390566 16 
0 0.401466 16 
0 0.407164 16 
0 0.409322 16 
0 0.410185 16 
0 0.410608 16 
0 0.44294 16 
0 0.442994 16 
0 0.532908 16 
0 0.812449 16 
0 0.815821 16 
0 0.889976 16 
0 0.939443 16 
0 0.997163 16 
0 1.0014 16 
0 1.00153 16 
0 1.01548 16 
0 1.03353 16 
0 1.06036 16 
0 1.06056 16 
0 1.06082 16 
0 1.07346 16 
0 1.0821 16 
0 1.08279 16 
0 1.21068 16 
0 1.21844 16 
0 1.22622 16 
0 1.23232 16 
0 1.44414 16 
0 1.44517 16 
0 1.44536 16 
0 1.59768 16 
0 1.62954 16 
0 1.62965 16 
0 1.62995 16 
0 inf 16 
0 0.166218 17 
0 0.166455 17 
0 0.177382 17 
0 0.177426 17 
0 0.240332 17 
0 0.247774 17 
0 0.253888 17 
0 0.256507 17 
0 0.297335 17 
0 0.300874 17 
0 0.304381 17 
0 0.309525 17 
0 0.312106 17 
0 0.313689 17 
0 0.315712 17 
0 0.327984 17 
0 0.329148 17 
0 0.329792 17 
0 0.33003 17 
0 0.330293 17 
0 0.333302 17 
0 0.333396 17 
0 0.334456 17 
0 0.334949 17 
0 0.351499 17 
0 0.351947 17 
0 0.353841 17 
0 0.354153 17 
0 0.366449 17 
0 0.366535 17 
0 0.366621 17 
0 0.366706 17 
0 0.394583 17 
0 0.403442 17 
0 0.404201 17 
0 0.40459 17 
0 0.407705 17 
0 0.567749 17 
0 0.667283 17 
0 0.667813 17 
0 0.668813 17 
0 0.815945 17 
0 0.87699 17 
0 0.877035 17 
0 0.878271 17 
0 0.885434 17 
0 0.948059 17 
0 1.05111 17 
0 1.05189 17 
0 1.0523 17 
0 1.07534 17 
0 1.07727 17 
0 1.0807 17 
0 1.08074 17 
0 1.11576 17 
0 1.16377 17 
0 1.21565 17 
0 1.22692 17 
0 1.22755 17 
0 1.28509 17 
0 1.40518 17 
0 1.42155 17 
0 1.42268 17 
0 1.59975 17 
0 1.60403 17 
0 1.6045 17 
0 1.60477 17 
0 inf 17 
0 0.0946684 18 
0 0.104159 18 
0 0.105957 18 
0 0.133863 18 
0 0.135323 18 
0 0.138596 18 
0 0.217421 18 
0 0.226179 18 
0 0.233737 18 
0 0.248661 18 
0 0.249418 18 
0 0.253267 18 
0 0.283443 18 
0 0.296645 18 
0 0.299941 18 
0 0.340168 18 
0 0.342381 18 
0 0.343824 18 
0 0.347577 18 
0 0.370247 18 
0 0.372492 18 
0 0.372492 18 
0 0.373061 18 
0 0.392774 18 
0 0.393913 18 
0 0.393973 18 
0 0.394929 18 
0 0.433827 18 
0 0.435942 18 
0 0.436663 18 
0 0.437022 18 
0 0.508557 18 
0 0.512805 18 
0 0.53136 18 
0 0.652053 18 
0 0.652234 18 
0 0.652331 18 
0 0.729732 18 
0 0.747006 18 
0 0.805671 18 
0 0.806401 18 
0 0.816225 18 
0 0.821821 18 
0 0.825259 18 
0 0.825345 18 
0 0.826529 18 
0 0.827746 18 
0 0.947297 18 
0 0.960779 18 
0 0.963926 18 
0 0.963926 18 
0 1.01442 18 
0 1.04245 18 
0 1.05631 18 
0 1.05704 18 
0 1.39845 18 
0 1.4802 18 
0 1.53749 18 
0 1.53753 18 
0 1.60447 18 
0 1.6076 18 
0 1.60771 18 
0 1.60776 18 
0 inf 18 
0 0.113407 19 
0 0.115671 19 
0 0.119262 19 
0 0.119591 19 
0 0.122194 19 
0 0.12451 19 
0 0.204528 19 
0 0.213224 19 
0 0.218865 19 
0 0.238592 19 
0 0.243258 19 
0 0.245094 19 
0 0.278671 19 
0 0.285101 19 
0 0.290348 19 
0 0.29433 19 
0 0.34665 19 
0 0.348076 19 
0 0.355316 19 
0 0.369869 19 
0 0.376566 19 
0 0.378897 19 
0 0.381627 19 
0 0.404687 19 
0 0.406294 19 
0 0.409071 19 
0 0.410913 19 
0 0.438189 19 
0 0.438476 19 
0 0.470976 19 
0 0.473224 19 
0 0.473971 19 
0 0.545429 19 
0 0.588276 19 
0 0.588597 19 
0 0.591284 19 
0 0.591337 19 
0 0.708099 19 
0 0.741301 19 
0 0.741937 19 
0 0.814635 19 
0 0.831448 19 
0 0.831448 19 
0 0.858145 19 
0 0.898039 19 
0 0.900138 19 
0 0.968684 19 
0 1.00292 19 
0 1.00311 19 
0 1.01202 19 
0 1.06772 19 
0 1.07262 19 
0 1.07265 19 
0 1.07321 19 
0 1.19626 19 
0 1.60742 19 
0 1.60758 19 
0 1.6076 19 
0 1.6077 19 
0 inf 19 
0 0.125712 20 
0 0.127451 20 
0 0.13182 20 
0 0.140232 20 
0 0.141068 20 
0 0.141069 20 
0 0.219291 20 
0 0.220042 20 
0 0.230479 20 
0 0.241897 20 
0 0.244836 20 
0 0.245607 20 
0 0.317526 20 
0 0.317997 20 
0 0.319081 20 
0 0.329327 20 
0 0.329804 20 
0 0.331493 20 
0 0.347986 20 
0 0.350457 20 
0 0.35189 20 
0 0.35189 20 
0 0.376456 20 
0 0.377533 20 
0 0.413612 20 
0 0.4192 20 
0 0.419219 20 
0 0.433628 20 
0 0.433683 20 
0 0.435744 20 
0 0.43618 20 
0 0.467233 20 
0 0.468175 20 
0 0.476565 20 
0 0.489768 20 
0 0.491707 20 
0 0.525151 20 
0 0.525555 20 
0 0.584576 20 
0 0.586791 20 
0 0.587352 20 
0 0.817935 20 
0 0.824476 20 
0 0.824486 20 
0 0.883587 20 
0 0.886253 20 
0 1.00641 20 
0 1.00646 20 
0 1.08411 20 
0 1.08527 20 
0 1.09863 20 
0 1.29437 20 
0 1.6185 20 
0 1.61945 20 
0 2.90144 20 
0 inf 20 
