0 0.0214885 1 
0 0.0248127 1 
0 0.0290945 1 
0 0.0290945 1 
0 0.0316302 1 
0 0.0328243 1 
0 0.0339686 1 
0 0.0372192 1 
0 0.0429722 1 
0 0.0455829 1 
0 0.045584 1 
0 0.047242 1 
0 0.0480496 1 
0 0.0480499 1 
0 0.0488431 1 
0 0.0503943 1 
0 0.0511515 1 
0 0.0511521 1 
0 0.0511527 1 
0 0.0533607 1 
0 0.0533614 1 
0 0.0533615 1 
0 0.0533619 1 
0 0.0540773 1 
0 0.0540773 1 
0 0.0540774 1 
0 0.054783 1 
0 0.0547845 1 
0 0.056176 1 
0 0.0588478 1 
0 0.061408 1 
0 0.0620313 1 
0 0.0638651 1 
0 0.0644644 1 
0 0.0644652 1 
0 0.0650593 1 
0 0.0662316 1 
0 0.0662319 1 
0 0.0662359 1 
0 0.0668098 1 
0 0.0685159 1 
0 0.0690749 1 
0 0.0707308 1 
0 0.0712689 1 
0 0.0728706 1 
0 0.0733963 1 
0 0.0733965 1 
0 0.0733967 1 
0 0.073917 1 
0 0.0744375 1 
0 0.0749523 1 
0 0.0749528 1 
0 0.0749532 1 
0 0.0774761 1 
0 0.0774769 1 
0 0.077972 1 
0 0.0784637 1 
0 0.0794367 1 
0 0.079439 1 
0 0.0804014 1 
0 0.0804028 1 
0 0.0808778 1 
0 0.0813543 1 
0 0.0813543 1 
0 0.0832232 1 
0 0.0863997 1 
0 0.0890363 1 
0 0.0894611 1 
0 0.0911671 1 
0 0.0915868 1 
0 0.0964958 1 
0 0.0972938 1 
0 0.102682 1 
0 0.104168 1 
0 0.108862 1 
0 0.110276 1 
0 0.111655 1 
0 0.111656 1 
0 0.112 1 
0 0.115385 1 
0 0.119963 1 
0 0.120602 1 
0 0.120926 1 
0 0.123445 1 
0 0.135343 1 
0 0.141182 1 
0 0.141182 1 
0 0.141724 1 
0 0.143077 1 
0 0.152456 1 
0 0.159603 1 
0 0.165987 1 
0 0.172134 1 
0 0.218613 1 
0 0.221752 1 
0 0.274207 1 
0 0.287091 1 
0 0.293986 1 
0 0.313365 1 
0 0.314105 1 
0 0.369182 1 
0 0.369597 1 
0 0.371675 1 
0 0.375278 1 
0 0.387302 1 
0 0.407294 1 
0 0.424455 1 
0 0.450921 1 
0 0.477921 1 
0 0.511887 1 
0 0.524372 1 
0 0.532223 1 
0 0.558487 1 
0 0.595139 1 
0 0.646734 1 
0 0.651511 1 
0 0.728206 1 
0 0.735848 1 
0 0.780163 1 
0 0.857386 1 
0 0.90377 1 
0 1.13064 1 
0 1.17083 1 
0 1.8133 1 
0 2.29563 1 
0 2.9578 1 
0 3.48602 1 
0 4.20332 1 
0 4.64371 1 
0 4.96201 1 
0 5.00538 1 
0 inf 1 
0 0.0372191 2 
0 0.0411471 2 
0 0.0438632 2 
0 0.045583 2 
0 0.0464203 2 
0 0.048049 2 
0 0.0480491 2 
0 0.0511527 2 
0 0.0511528 2 
0 0.0511528 2 
0 0.0511531 2 
0 0.0533612 2 
0 0.0533613 2 
0 0.0533621 2 
0 0.0533621 2 
0 0.0540778 2 
0 0.0561719 2 
0 0.056172 2 
0 0.0561724 2 
0 0.0568534 2 
0 0.0588479 2 
0 0.059498 2 
0 0.0594983 2 
0 0.0594986 2 
0 0.0614079 2 
0 0.0626459 2 
0 0.0650586 2 
0 0.0662312 2 
0 0.0662318 2 
0 0.0712683 2 
0 0.0712737 2 
0 0.0728704 2 
0 0.0733954 2 
0 0.0733962 2 
0 0.0733963 2 
0 0.0733965 2 
0 0.0733967 2 
0 0.0733971 2 
0 0.0744376 2 
0 0.0749549 2 
0 0.0764769 2 
0 0.0779702 2 
0 0.0794386 2 
0 0.0799217 2 
0 0.08088 2 
0 0.081353 2 
0 0.0818237 2 
0 0.0818288 2 
0 0.0832217 2 
0 0.0832232 2 
0 0.0832244 2 
0 0.084142 2 
0 0.0855029 2 
0 0.0868438 2 
0 0.0872845 2 
0 0.0877258 2 
0 0.0885954 2 
0 0.0890325 2 
0 0.0903193 2 
0 0.0915869 2 
0 0.0928415 2 
0 0.0940757 2 
0 0.0940767 2 
0 0.0952931 2 
0 0.0960972 2 
0 0.0964971 2 
0 0.101929 2 
0 0.113033 2 
0 0.114716 2 
0 0.116057 2 
0 0.121237 2 
0 0.133048 2 
0 0.142001 2 
0 0.147842 2 
0 0.160327 2 
0 0.162234 2 
0 0.166682 2 
0 0.177848 2 
0 0.180213 2 
0 0.188151 2 
0 0.18917 2 
0 0.191194 2 
0 0.242658 2 
0 0.266808 2 
0 0.27181 2 
0 0.301731 2 
0 0.307794 2 
0 0.307794 2 
0 0.326127 2 
0 0.328478 2 
0 0.330347 2 
0 0.339198 2 
0 0.341904 2 
0 0.36015 2 
0 0.373626 2 
0 0.398262 2 
0 0.403069 2 
0 0.407138 2 
0 0.442571 2 
0 0.461195 2 
0 0.464932 2 
0 0.477655 2 
0 0.540648 2 
0 0.562596 2 
0 0.568052 2 
0 0.573762 2 
0 0.590695 2 
0 0.613888 2 
0 0.711709 2 
0 0.712896 2 
0 0.739421 2 
0 0.740044 2 
0 0.748036 2 
0 0.778351 2 
0 0.932907 2 
0 1.55795 2 
0 1.69266 2 
0 2.43273 2 
0 2.59932 2 
0 2.66517 2 
0 3.01623 2 
0 3.15346 2 
0 3.15521 2 
0 3.80445 2 
0 4.23842 2 
0 4.38588 2 
0 4.45824 2 
0 inf 2 
0 0.0290948 3 
0 0.0303895 3 
0 0.035084 3 
0 0.0372194 3 
0 0.0429774 3 
0 0.0472421 3 
0 0.0480488 3 
0 0.0480499 3 
0 0.0480501 3 
0 0.0480502 3 
0 0.048844 3 
0 0.0503947 3 
0 0.0547845 3 
0 0.0547852 3 
0 0.0554827 3 
0 0.0554893 3 
0 0.0575251 3 
0 0.0575252 3 
0 0.057526 3 
0 0.0594981 3 
0 0.0594991 3 
0 0.0607778 3 
0 0.0620317 3 
0 0.0626486 3 
0 0.0644647 3 
0 0.0644648 3 
0 0.0650645 3 
0 0.0662314 3 
0 0.0690747 3 
0 0.0696301 3 
0 0.0701805 3 
0 0.0723402 3 
0 0.0739186 3 
0 0.0774769 3 
0 0.077477 3 
0 0.0774772 3 
0 0.0789511 3 
0 0.0813531 3 
0 0.0813533 3 
0 0.0818251 3 
0 0.0822923 3 
0 0.0822941 3 
0 0.0832247 3 
0 0.0845964 3 
0 0.0845996 3 
0 0.0859529 3 
0 0.0915882 3 
0 0.0920015 3 
0 0.0936657 3 
0 0.0960989 3 
0 0.096498 3 
0 0.108156 3 
0 0.108863 3 
0 0.108864 3 
0 0.109216 3 
0 0.11131 3 
0 0.11337 3 
0 0.123751 3 
0 0.12863 3 
0 0.137592 3 
0 0.13927 3 
0 0.162471 3 
0 0.170561 3 
0 0.187717 3 
0 0.192797 3 
0 0.200894 3 
0 0.204801 3 
0 0.213267 3 
0 0.214705 3 
0 0.21826 3 
0 0.219491 3 
0 0.221063 3 
0 0.245964 3 
0 0.251207 3 
0 0.263904 3 
0 0.263904 3 
0 0.265945 3 
0 0.266667 3 
0 0.266812 3 
0 0.303896 3 
0 0.308625 3 
0 0.31191 3 
0 0.312523 3 
0 0.321847 3 
0 0.323404 3 
0 0.36395 3 
0 0.365101 3 
0 0.433339 3 
0 0.45125 3 
0 0.462559 3 
0 0.467521 3 
0 0.484097 3 
0 0.500901 3 
0 0.521386 3 
0 0.523561 3 
0 0.540235 3 
0 0.553854 3 
0 0.576638 3 
0 0.59683 3 
0 0.604326 3 
0 0.625873 3 
0 0.649954 3 
0 0.712845 3 
0 0.720481 3 
0 0.7224 3 
0 0.7325 3 
0 0.785573 3 
0 0.931007 3 
0 1.39096 3 
0 1.57859 3 
0 2.08769 3 
0 2.24718 3 
0 2.32201 3 
0 2.41963 3 
0 2.4303 3 
0 2.43074 3 
0 2.63929 3 
0 2.64116 3 
0 2.64152 3 
0 3.65295 3 
0 3.91457 3 
0 3.97613 3 
0 3.97629 3 
0 inf 3 
0 0.036169 4 
0 0.043863 4 
0 0.0488436 4 
0 0.0511491 4 
0 0.0511524 4 
0 0.0511524 4 
0 0.0533608 4 
0 0.0533616 4 
0 0.0540746 4 
0 0.0561718 4 
0 0.0581908 4 
0 0.0581908 4 
0 0.0614076 4 
0 0.0644639 4 
0 0.0662318 4 
0 0.0668095 4 
0 0.0668132 4 
0 0.0673837 4 
0 0.0690749 4 
0 0.0690756 4 
0 0.0718066 4 
0 0.0733971 4 
0 0.0749535 4 
0 0.0749539 4 
0 0.0754646 4 
0 0.075465 4 
0 0.0759728 4 
0 0.0774772 4 
0 0.0774792 4 
0 0.0789535 4 
0 0.0794386 4 
0 0.0808786 4 
0 0.0813549 4 
0 0.0818249 4 
0 0.0818249 4 
0 0.0832252 4 
0 0.0845975 4 
0 0.0850531 4 
0 0.0863999 4 
0 0.086401 4 
0 0.086846 4 
0 0.0872856 4 
0 0.0872863 4 
0 0.0877253 4 
0 0.0903183 4 
0 0.093252 4 
0 0.093252 4 
0 0.103055 4 
0 0.108514 4 
0 0.108865 4 
0 0.111999 4 
0 0.115717 4 
0 0.116049 4 
0 0.119319 4 
0 0.123442 4 
0 0.145212 4 
0 0.160087 4 
0 0.181792 4 
0 0.184024 4 
0 0.186098 4 
0 0.188561 4 
0 0.224157 4 
0 0.238483 4 
0 0.244241 4 
0 0.275742 4 
0 0.281131 4 
0 0.284687 4 
0 0.288832 4 
0 0.297107 4 
0 0.321238 4 
0 0.322565 4 
0 0.328344 4 
0 0.340883 4 
0 0.341905 4 
0 0.358178 4 
0 0.372508 4 
0 0.39011 4 
0 0.405967 4 
0 0.426308 4 
0 0.438381 4 
0 0.471879 4 
0 0.476021 4 
0 0.501671 4 
0 0.506253 4 
0 0.508 4 
0 0.508321 4 
0 0.51844 4 
0 0.568123 4 
0 0.570979 4 
0 0.570979 4 
0 0.572325 4 
0 0.616639 4 
0 0.618377 4 
0 0.641835 4 
0 0.643638 4 
0 0.659051 4 
0 0.71333 4 
0 0.803353 4 
0 0.925286 4 
0 1.0381 4 
0 1.39143 4 
0 1.41974 4 
0 1.54471 4 
0 1.63115 4 
0 1.92432 4 
0 1.92576 4 
0 1.92606 4 
0 1.97641 4 
0 1.9989 4 
0 2.17958 4 
0 2.17964 4 
0 2.1799 4 
0 2.28308 4 
0 2.28376 4 
0 2.28416 4 
0 2.47909 4 
0 2.93616 4 
0 2.94182 4 
0 3.0231 4 
0 inf 4 
0 0.0402 5 
0 0.0402008 5 
0 0.0420722 5 
0 0.044731 5 
0 0.0464188 5 
0 0.0472416 5 
0 0.0472417 5 
0 0.0488441 5 
0 0.0503938 5 
0 0.0503955 5 
0 0.051896 5 
0 0.0526343 5 
0 0.0547848 5 
0 0.0554822 5 
0 0.0561718 5 
0 0.0594973 5 
0 0.0595009 5 
0 0.0601419 5 
0 0.0601421 5 
0 0.060144 5 
0 0.0632579 5 
0 0.0632588 5 
0 0.0632588 5 
0 0.06326 5 
0 0.0638654 5 
0 0.064465 5 
0 0.0650571 5 
0 0.0679522 5 
0 0.0685161 5 
0 0.0690736 5 
0 0.0707274 5 
0 0.0728701 5 
0 0.073396 5 
0 0.0749532 5 
0 0.078953 5 
0 0.083223 5 
0 0.0836843 5 
0 0.0872841 5 
0 0.0903202 5 
0 0.0940748 5 
0 0.0972922 5 
0 0.0980833 5 
0 0.101554 5 
0 0.103427 5 
0 0.10636 5 
0 0.134479 5 
0 0.148356 5 
0 0.159601 5 
0 0.166682 5 
0 0.173242 5 
0 0.17893 5 
0 0.180001 5 
0 0.184853 5 
0 0.186716 5 
0 0.208873 5 
0 0.216663 5 
0 0.228256 5 
0 0.248442 5 
0 0.254334 5 
0 0.289144 5 
0 0.30242 5 
0 0.31933 5 
0 0.320769 5 
0 0.344027 5 
0 0.364659 5 
0 0.365398 5 
0 0.366974 5 
0 0.377569 5 
0 0.395137 5 
0 0.403102 5 
0 0.408413 5 
0 0.408789 5 
0 0.423369 5 
0 0.43459 5 
0 0.438721 5 
0 0.491419 5 
0 0.516436 5 
0 0.555017 5 
0 0.564298 5 
0 0.564844 5 
0 0.566426 5 
0 0.574184 5 
0 0.574251 5 
0 0.574988 5 
0 0.585665 5 
0 0.586979 5 
0 0.591938 5 
0 0.594793 5 
0 0.634664 5 
0 0.732012 5 
0 0.814666 5 
0 0.830343 5 
0 0.830668 5 
0 0.839056 5 
0 0.860831 5 
0 0.949389 5 
0 1.4066 5 
0 1.42014 5 
0 1.42104 5 
0 1.6882 5 
0 1.74793 5 
0 1.77476 5 
0 1.77587 5 
0 1.7789 5 
0 1.78009 5 
0 1.84767 5 
0 1.87278 5 
0 1.8731 5 
0 1.87358 5 
0 1.89012 5 
0 1.91011 5 
0 2.26506 5 
0 2.26651 5 
0 2.26753 5 
0 2.26753 5 
0 inf 5 
0 0.0372178 6 
0 0.0420719 6 
0 0.0429764 6 
0 0.0554825 6 
0 0.0588486 6 
0 0.0607782 6 
0 0.0638653 6 
0 0.0644664 6 
0 0.0673828 6 
0 0.0673831 6 
0 0.0690747 6 
0 0.0690753 6 
0 0.0696321 6 
0 0.0701808 6 
0 0.0707264 6 
0 0.0707269 6 
0 0.0707311 6 
0 0.0733942 6 
0 0.0733964 6 
0 0.0733971 6 
0 0.0749505 6 
0 0.0759724 6 
0 0.076979 6 
0 0.0774789 6 
0 0.0774789 6 
0 0.0779721 6 
0 0.0794393 6 
0 0.0808812 6 
0 0.0813541 6 
0 0.0818253 6 
0 0.0841441 6 
0 0.0984741 6 
0 0.100022 6 
0 0.114043 6 
0 0.122505 6 
0 0.128931 6 
0 0.133041 6 
0 0.138705 6 
0 0.152202 6 
0 0.167137 6 
0 0.169425 6 
0 0.175674 6 
0 0.176553 6 
0 0.191396 6 
0 0.193397 6 
0 0.199274 6 
0 0.205254 6 
0 0.212181 6 
0 0.212363 6 
0 0.221237 6 
0 0.223573 6 
0 0.261146 6 
0 0.267397 6 
0 0.269831 6 
0 0.279786 6 
0 0.283066 6 
0 0.283474 6 
0 0.285397 6 
0 0.287547 6 
0 0.288215 6 
0 0.291798 6 
0 0.30136 6 
0 0.338966 6 
0 0.368875 6 
0 0.374263 6 
0 0.375198 6 
0 0.442661 6 
0 0.469246 6 
0 0.471214 6 
0 0.474795 6 
0 0.4752 6 
0 0.480909 6 
0 0.482188 6 
0 0.48529 6 
0 0.489937 6 
0 0.535068 6 
0 0.535355 6 
0 0.538508 6 
0 0.541416 6 
0 0.542212 6 
0 0.546511 6 
0 0.630949 6 
0 0.632958 6 
0 0.632958 6 
0 0.634962 6 
0 0.789978 6 
0 0.798305 6 
0 0.847086 6 
0 0.919232 6 
0 0.95608 6 
0 1.10454 6 
0 1.24585 6 
0 1.34454 6 
0 1.34728 6 
0 1.35002 6 
0 1.36047 6 
0 1.40138 6 
0 1.4499 6 
0 1.54833 6 
0 1.67958 6 
0 1.71749 6 
0 1.7515 6 
0 1.75167 6 
0 1.75185 6 
0 1.75273 6 
0 1.77481 6 
0 1.86981 6 
0 1.87218 6 
0 1.87236 6 
0 1.8731 6 
0 1.88138 6 
0 inf 6 
0 0.040203 7 
0 0.0547812 7 
0 0.0568523 7 
0 0.0575244 7 
0 0.0581898 7 
0 0.0594961 7 
0 0.0594973 7 
0 0.0626473 7 
0 0.0650595 7 
0 0.0668095 7 
0 0.0712704 7 
0 0.0739185 7 
0 0.0744411 7 
0 0.0754697 7 
0 0.0863985 7 
0 0.0872859 7 
0 0.0894657 7 
0 0.0898922 7 
0 0.0920076 7 
0 0.0932531 7 
0 0.0952948 7 
0 0.10268 7 
0 0.10851 7 
0 0.11027 7 
0 0.110971 7 
0 0.120601 7 
0 0.122189 7 
0 0.131714 7 
0 0.145475 7 
0 0.145475 7 
0 0.148356 7 
0 0.154458 7 
0 0.159362 7 
0 0.162468 7 
0 0.169884 7 
0 0.172355 7 
0 0.175672 7 
0 0.177649 7 
0 0.180643 7 
0 0.181065 7 
0 0.20348 7 
0 0.208153 7 
0 0.215599 7 
0 0.231448 7 
0 0.236618 7 
0 0.242198 7 
0 0.243308 7 
0 0.244098 7 
0 0.245982 7 
0 0.249068 7 
0 0.251375 7 
0 0.30854 7 
0 0.313984 7 
0 0.314107 7 
0 0.317154 7 
0 0.321087 7 
0 0.32632 7 
0 0.326321 7 
0 0.366153 7 
0 0.394356 7 
0 0.399879 7 
0 0.400167 7 
0 0.415453 7 
0 0.438644 7 
0 0.477622 7 
0 0.513731 7 
0 0.515824 7 
0 0.516197 7 
0 0.52799 7 
0 0.528257 7 
0 0.53542 7 
0 0.539358 7 
0 0.561171 7 
0 0.57028 7 
0 0.577321 7 
0 0.586444 7 
0 0.586772 7 
0 0.590629 7 
0 0.681948 7 
0 0.795888 7 
0 0.877695 7 
0 0.888849 7 
0 0.976391 7 
0 1.00356 7 
0 1.03393 7 
0 1.05179 7 
0 1.05745 7 
0 1.08709 7 
0 1.09471 7 
0 1.15758 7 
0 1.23505 7 
0 1.33535 7 
0 1.35872 7 
0 1.36975 7 
0 1.3753 7 
0 1.39245 7 
0 1.40132 7 
0 1.40305 7 
0 1.41101 7 
0 1.42346 7 
0 1.42526 7 
0 1.43259 7 
0 1.87039 7 
0 1.87434 7 
0 1.8744 7 
0 1.87467 7 
0 1.87809 7 
0 inf 7 
0 0.0316285 8 
0 0.0472615 8 
0 0.0594988 8 
0 0.0739196 8 
0 0.0794422 8 
0 0.0799226 8 
0 0.0799232 8 
0 0.081354 8 
0 0.083685 8 
0 0.0836863 8 
0 0.0841537 8 
0 0.0872884 8 
0 0.0894735 8 
0 0.0903187 8 
0 0.0915887 8 
0 0.0932545 8 
0 0.0936622 8 
0 0.0940758 8 
0 0.0960997 8 
0 0.103054 8 
0 0.104169 8 
0 0.106361 8 
0 0.114381 8 
0 0.115717 8 
0 0.122186 8 
0 0.122199 8 
0 0.148101 8 
0 0.148637 8 
0 0.152451 8 
0 0.156931 8 
0 0.159601 8 
0 0.160584 8 
0 0.168614 8 
0 0.174771 8 
0 0.178273 8 
0 0.182965 8 
0 0.183807 8 
0 0.184663 8 
0 0.18568 8 
0 0.188358 8 
0 0.196554 8 
0 0.198686 8 
0 0.199652 8 
0 0.203857 8 
0 0.29863 8 
0 0.305004 8 
0 0.311125 8 
0 0.314103 8 
0 0.321488 8 
0 0.367195 8 
0 0.368867 8 
0 0.374561 8 
0 0.377739 8 
0 0.381635 8 
0 0.382341 8 
0 0.38853 8 
0 0.402967 8 
0 0.429962 8 
0 0.433865 8 
0 0.44964 8 
0 0.450188 8 
0 0.461046 8 
0 0.471854 8 
0 0.472181 8 
0 0.563905 8 
0 0.571315 8 
0 0.571428 8 
0 0.57313 8 
0 0.576343 8 
0 0.591426 8 
0 0.591687 8 
0 0.594023 8 
0 0.733395 8 
0 0.75556 8 
0 0.767685 8 
0 0.8132 8 
0 0.868084 8 
0 0.890274 8 
0 0.925951 8 
0 0.926948 8 
0 0.928565 8 
0 0.956361 8 
0 0.968318 8 
0 1.02987 8 
0 1.06168 8 
0 1.1029 8 
0 1.29383 8 
0 1.35682 8 
0 1.35943 8 
0 1.36533 8 
0 1.39196 8 
0 1.39201 8 
0 1.39215 8 
0 1.3999 8 
0 1.43314 8 
0 1.45059 8 
0 1.51673 8 
0 1.52536 8 
0 1.8713 8 
0 1.87204 8 
0 1.87407 8 
0 1.88308 8 
0 1.92718 8 
0 inf 8 
0 0.0511526 9 
0 0.060778 9 
0 0.0632583 9 
0 0.0679528 9 
0 0.0707252 9 
0 0.0718079 9 
0 0.0733955 9 
0 0.0774788 9 
0 0.0832234 9 
0 0.0881621 9 
0 0.0907412 9 
0 0.0952617 9 
0 0.113028 9 
0 0.113367 9 
0 0.128331 9 
0 0.130715 9 
0 0.131883 9 
0 0.13305 9 
0 0.147577 9 
0 0.152449 9 
0 0.154462 9 
0 0.158145 9 
0 0.16104 9 
0 0.173249 9 
0 0.176742 9 
0 0.183575 9 
0 0.185467 9 
0 0.189783 9 
0 0.198406 9 
0 0.199374 9 
0 0.218261 9 
0 0.224861 9 
0 0.227486 9 
0 0.230609 9 
0 0.264348 9 
0 0.266921 9 
0 0.268072 9 
0 0.268394 9 
0 0.273505 9 
0 0.274875 9 
0 0.278245 9 
0 0.278248 9 
0 0.295819 9 
0 0.295819 9 
0 0.303015 9 
0 0.305284 9 
0 0.327183 9 
0 0.33081 9 
0 0.378554 9 
0 0.379334 9 
0 0.424105 9 
0 0.450563 9 
0 0.457094 9 
0 0.461367 9 
0 0.463599 9 
0 0.46833 9 
0 0.481239 9 
0 0.481958 9 
0 0.493322 9 
0 0.517676 9 
0 0.518864 9 
0 0.52278 9 
0 0.528525 9 
0 0.53942 9 
0 0.544255 9 
0 0.593049 9 
0 0.607623 9 
0 0.615489 9 
0 0.758409 9 
0 0.77308 9 
0 0.777101 9 
0 0.817071 9 
0 0.863195 9 
0 0.904681 9 
0 0.936857 9 
0 0.937719 9 
0 0.941509 9 
0 0.942122 9 
0 0.956008 9 
0 0.95621 9 
0 0.958019 9 
0 1.0098 9 
0 1.10277 9 
0 1.17834 9 
0 1.33036 9 
0 1.33339 9 
0 1.33972 9 
0 1.387 9 
0 1.38742 9 
0 1.38852 9 
0 1.38861 9 
0 1.3919 9 
0 1.42526 9 
0 1.42809 9 
0 1.87004 9 
0 1.87103 9 
0 1.87119 9 
0 1.88624 9 
0 1.88863 9 
0 inf 9 
0 0.029094 10 
0 0.0554825 10 
0 0.0588662 10 
0 0.0718054 10 
0 0.0739179 10 
0 0.080893 10 
0 0.0907429 10 
0 0.0956983 10 
0 0.0984719 10 
0 0.0988627 10 
0 0.0988644 10 
0 0.105607 10 
0 0.107093 10 
0 0.127426 10 
0 0.148353 10 
0 0.155201 10 
0 0.180729 10 
0 0.183599 10 
0 0.187536 10 
0 0.189157 10 
0 0.191598 10 
0 0.192392 10 
0 0.201767 10 
0 0.206851 10 
0 0.206851 10 
0 0.209431 10 
0 0.214346 10 
0 0.222757 10 
0 0.22831 10 
0 0.235067 10 
0 0.256331 10 
0 0.256968 10 
0 0.262268 10 
0 0.279903 10 
0 0.283456 10 
0 0.28694 10 
0 0.288545 10 
0 0.302372 10 
0 0.340553 10 
0 0.352539 10 
0 0.35395 10 
0 0.360219 10 
0 0.367494 10 
0 0.369273 10 
0 0.371456 10 
0 0.372507 10 
0 0.373625 10 
0 0.374958 10 
0 0.377231 10 
0 0.39122 10 
0 0.394969 10 
0 0.395913 10 
0 0.423538 10 
0 0.447011 10 
0 0.512574 10 
0 0.523788 10 
0 0.525271 10 
0 0.525564 10 
0 0.530615 10 
0 0.530615 10 
0 0.531156 10 
0 0.540065 10 
0 0.684206 10 
0 0.711338 10 
0 0.726154 10 
0 0.727386 10 
0 0.783073 10 
0 0.785572 10 
0 0.78835 10 
0 0.791419 10 
0 0.794926 10 
0 0.876541 10 
0 0.877111 10 
0 0.923788 10 
0 0.924413 10 
0 0.951495 10 
0 1.06074 10 
0 1.06161 10 
0 1.10276 10 
0 1.10538 10 
0 1.39182 10 
0 1.39182 10 
0 1.41816 10 
0 1.42196 10 
0 1.42245 10 
0 1.42698 10 
0 1.4797 10 
0 1.4822 10 
0 1.51373 10 
0 1.51373 10 
0 1.88011 10 
0 1.88035 10 
0 1.89268 10 
0 1.89285 10 
0 1.89406 10 
0 inf 10 
0 0.0488432 11 
0 0.0868465 11 
0 0.0949006 11 
0 0.101183 11 
0 0.108867 11 
0 0.112001 11 
0 0.113037 11 
0 0.122815 11 
0 0.124062 11 
0 0.124966 11 
0 0.133617 11 
0 0.136474 11 
0 0.142266 11 
0 0.154707 11 
0 0.161261 11 
0 0.163362 11 
0 0.16851 11 
0 0.172363 11 
0 0.179141 11 
0 0.186088 11 
0 0.196557 11 
0 0.196947 11 
0 0.206299 11 
0 0.211311 11 
0 0.220188 11 
0 0.220402 11 
0 0.221326 11 
0 0.223005 11 
0 0.223005 11 
0 0.230657 11 
0 0.249685 11 
0 0.25472 11 
0 0.259482 11 
0 0.259925 11 
0 0.291458 11 
0 0.295394 11 
0 0.309142 11 
0 0.310652 11 
0 0.311004 11 
0 0.339634 11 
0 0.355461 11 
0 0.371051 11 
0 0.384208 11 
0 0.3874 11 
0 0.390853 11 
0 0.401682 11 
0 0.403251 11 
0 0.423832 11 
0 0.435916 11 
0 0.499577 11 
0 0.51624 11 
0 0.559041 11 
0 0.564548 11 
0 0.564752 11 
0 0.629123 11 
0 0.667404 11 
0 0.728911 11 
0 0.730019 11 
0 0.731756 11 
0 0.739919 11 
0 0.757128 11 
0 0.768478 11 
0 0.774324 11 
0 0.896269 11 
0 0.926982 11 
0 0.948126 11 
0 0.948451 11 
0 0.955412 11 
0 0.958669 11 
0 0.960098 11 
0 0.979266 11 
0 0.983657 11 
0 0.99949 11 
0 1.04746 11 
0 1.05628 11 
0 1.08432 11 
0 1.31885 11 
0 1.32133 11 
0 1.40721 11 
0 1.40983 11 
0 1.41808 11 
0 1.41811 11 
0 1.42594 11 
0 1.42978 11 
0 1.46349 11 
0 1.4638 11 
0 1.86996 11 
0 1.87659 11 
0 1.8926 11 
0 1.95068 11 
0 1.95194 11 
0 inf 11 
0 0.107801 12 
0 0.116053 12 
0 0.131003 12 
0 0.131005 12 
0 0.132754 12 
0 0.133621 12 
0 0.135345 12 
0 0.13675 12 
0 0.139264 12 
0 0.146012 12 
0 0.156209 12 
0 0.162726 12 
0 0.166447 12 
0 0.193583 12 
0 0.203387 12 
0 0.211454 12 
0 0.212339 12 
0 0.216113 12 
0 0.225715 12 
0 0.230021 12 
0 0.232101 12 
0 0.232517 12 
0 0.234002 12 
0 0.239929 12 
0 0.242325 12 
0 0.243114 12 
0 0.244064 12 
0 0.245319 12 
0 0.263293 12 
0 0.26344 12 
0 0.265943 12 
0 0.26674 12 
0 0.278818 12 
0 0.28088 12 
0 0.293981 12 
0 0.318938 12 
0 0.321715 12 
0 0.324574 12 
0 0.409689 12 
0 0.421631 12 
0 0.433438 12 
0 0.435288 12 
0 0.443342 12 
0 0.446801 12 
0 0.475857 12 
0 0.480284 12 
0 0.496567 12 
0 0.501425 12 
0 0.538565 12 
0 0.551139 12 
0 0.552603 12 
0 0.555035 12 
0 0.609734 12 
0 0.674742 12 
0 0.736486 12 
0 0.737582 12 
0 0.766682 12 
0 0.775068 12 
0 0.795414 12 
0 0.83942 12 
0 0.853197 12 
0 0.924412 12 
0 0.950072 12 
0 0.954146 12 
0 0.954509 12 
0 0.95801 12 
0 1.03661 12 
0 1.03764 12 
0 1.10067 12 
0 1.1128 12 
0 1.15229 12 
0 1.15439 12 
0 1.32772 12 
0 1.32816 12 
0 1.38758 12 
0 1.3901 12 
0 1.4005 12 
0 1.40401 12 
0 1.40426 12 
0 1.44773 12 
0 1.44815 12 
0 1.45687 12 
0 1.8692 12 
0 1.86986 12 
0 1.87792 12 
0 1.88022 12 
0 1.8803 12 
0 inf 12 
0 0.0818246 13 
0 0.118038 13 
0 0.118376 13 
0 0.120949 13 
0 0.16176 13 
0 0.17101 13 
0 0.175875 13 
0 0.176979 13 
0 0.18464 13 
0 0.187376 13 
0 0.191595 13 
0 0.192974 13 
0 0.228593 13 
0 0.239447 13 
0 0.250307 13 
0 0.251534 13 
0 0.257978 13 
0 0.277416 13 
0 0.277831 13 
0 0.283318 13 
0 0.304501 13 
0 0.310653 13 
0 0.311765 13 
0 0.313735 13 
0 0.316664 13 
0 0.328431 13 
0 0.333822 13 
0 0.334537 13 
0 0.346937 13 
0 0.353202 13 
0 0.359033 13 
0 0.370742 13 
0 0.400383 13 
0 0.443096 13 
0 0.44647 13 
0 0.481776 13 
0 0.488861 13 
0 0.490746 13 
0 0.490824 13 
0 0.522905 13 
0 0.523377 13 
0 0.524961 13 
0 0.527593 13 
0 0.533846 13 
0 0.561377 13 
0 0.563834 13 
0 0.566359 13 
0 0.569002 13 
0 0.588222 13 
0 0.59089 13 
0 0.630652 13 
0 0.652776 13 
0 0.680086 13 
0 0.712681 13 
0 0.729992 13 
0 0.730255 13 
0 0.730782 13 
0 0.890405 13 
0 0.897858 13 
0 0.899192 13 
0 0.928526 13 
0 0.929024 13 
0 0.933005 13 
0 0.937433 13 
0 0.942838 13 
0 0.943326 13 
0 1.00992 13 
0 1.01002 13 
0 1.30942 13 
0 1.30975 13 
0 1.38669 13 
0 1.38739 13 
0 1.39718 13 
0 1.39731 13 
0 1.39762 13 
0 1.43394 13 
0 1.43408 13 
0 1.43566 13 
0 1.86996 13 
0 1.87068 13 
0 1.87989 13 
0 1.8802 13 
0 1.88094 13 
0 inf 13 
0 0.0480689 14 
0 0.136751 14 
0 0.137871 14 
0 0.163414 14 
0 0.165733 14 
0 0.172352 14 
0 0.174134 14 
0 0.175031 14 
0 0.176563 14 
0 0.179359 14 
0 0.181279 14 
0 0.190179 14 
0 0.198503 14 
0 0.212364 14 
0 0.214707 14 
0 0.23175 14 
0 0.234738 14 
0 0.245155 14 
0 0.248405 14 
0 0.260404 14 
0 0.27064 14 
0 0.27347 14 
0 0.277431 14 
0 0.281132 14 
0 0.285883 14 
0 0.305031 14 
0 0.316666 14 
0 0.31753 14 
0 0.320617 14 
0 0.321217 14 
0 0.321243 14 
0 0.321505 14 
0 0.326242 14 
0 0.329748 14 
0 0.335429 14 
0 0.349033 14 
0 0.350354 14 
0 0.358068 14 
0 0.358603 14 
0 0.367192 14 
0 0.423365 14 
0 0.428602 14 
0 0.428602 14 
0 0.432803 14 
0 0.439878 14 
0 0.455267 14 
0 0.459055 14 
0 0.4597 14 
0 0.492156 14 
0 0.567108 14 
0 0.703881 14 
0 0.705355 14 
0 0.82004 14 
0 0.824299 14 
0 0.824299 14 
0 0.922579 14 
0 0.923038 14 
0 1.05412 14 
0 1.06747 14 
0 1.06804 14 
0 1.08931 14 
0 1.09283 14 
0 1.09312 14 
0 1.09491 14 
0 1.32357 14 
0 1.32496 14 
0 1.36954 14 
0 1.38346 14 
0 1.38421 14 
0 1.39005 14 
0 1.39502 14 
0 1.40334 14 
0 1.40507 14 
0 1.40682 14 
0 1.87356 14 
0 1.87356 14 
0 1.8777 14 
0 1.88153 14 
0 1.88176 14 
0 inf 14 
0 0.0846001 15 
0 0.104536 15 
0 0.105967 15 
0 0.119641 15 
0 0.123449 15 
0 0.141185 15 
0 0.153705 15 
0 0.155948 15 
0 0.175009 15 
0 0.175009 15 
0 0.194433 15 
0 0.197334 15 
0 0.198891 15 
0 0.203457 15 
0 0.204964 15 
0 0.205151 15 
0 0.205151 15 
0 0.207598 15 
0 0.211641 15 
0 0.21453 15 
0 0.23474 15 
0 0.236375 15 
0 0.237531 15 
0 0.242053 15 
0 0.245137 15 
0 0.257432 15 
0 0.261437 15 
0 0.26451 15 
0 0.299176 15 
0 0.31993 15 
0 0.320877 15 
0 0.323162 15 
0 0.323743 15 
0 0.333129 15 
0 0.338969 15 
0 0.341323 15 
0 0.345246 15 
0 0.360746 15 
0 0.362024 15 
0 0.437743 15 
0 0.449881 15 
0 0.459117 15 
0 0.466348 15 
0 0.564591 15 
0 0.586258 15 
0 0.702403 15 
0 0.704591 15 
0 0.768534 15 
0 0.769285 15 
0 0.773326 15 
0 0.845161 15 
0 0.88519 15 
0 0.888314 15 
0 0.921578 15 
0 0.922704 15 
0 1.03622 15 
0 1.03633 15 
0 1.03637 15 
0 1.08801 15 
0 1.10625 15 
0 1.10666 15 
0 1.32206 15 
0 1.39021 15 
0 1.39146 15 
0 1.44975 15 
0 1.45145 15 
0 1.45217 15 
0 1.51531 15 
0 1.52028 15 
0 1.52193 15 
0 1.68235 15 
0 1.87894 15 
0 1.89576 15 
0 1.89576 15 
0 1.89863 15 
0 inf 15 
0 0.084141 16 
0 0.0872874 16 
0 0.103797 16 
0 0.120924 16 
0 0.120924 16 
0 0.13188 16 
0 0.139538 16 
0 0.141999 16 
0 0.143346 16 
0 0.164144 16 
0 0.191976 16 
0 0.198892 16 
0 0.202914 16 
0 0.209627 16 
0 0.209788 16 
0 0.210337 16 
0 0.210337 16 
0 0.211821 16 
0 0.232601 16 
0 0.238501 16 
0 0.240109 16 
0 0.240909 16 
0 0.242024 16 
0 0.246069 16 
0 0.249794 16 
0 0.253615 16 
0 0.255881 16 
0 0.321371 16 
0 0.327993 16 
0 0.327994 16 
0 0.338173 16 
0 0.339876 16 
0 0.343592 16 
0 0.347704 16 
0 0.366553 16 
0 0.366973 16 
0 0.397677 16 
0 0.463291 16 
0 0.488837 16 
0 0.65189 16 
0 0.669594 16 
0 0.713814 16 
0 0.717256 16 
0 0.71747 16 
0 0.724674 16 
0 0.738823 16 
0 0.892132 16 
0 0.893339 16 
0 0.897111 16 
0 0.941856 16 
0 0.942183 16 
0 0.943326 16 
0 0.954073 16 
0 0.977444 16 
0 0.977444 16 
0 0.978979 16 
0 1.08752 16 
0 1.1255 16 
0 1.12714 16 
0 1.35045 16 
0 1.39455 16 
0 1.42063 16 
0 1.42526 16 
0 1.42582 16 
0 1.49479 16 
0 1.51245 16 
0 1.51263 16 
0 1.87306 16 
0 1.91845 16 
0 1.91909 16 
0 1.92006 16 
0 inf 16 
0 0.0614208 17 
0 0.0644623 17 
0 0.0980815 17 
0 0.101558 17 
0 0.10709 17 
0 0.175452 17 
0 0.176811 17 
0 0.198286 17 
0 0.202548 17 
0 0.207391 17 
0 0.210156 17 
0 0.228426 17 
0 0.228595 17 
0 0.22977 17 
0 0.242515 17 
0 0.24299 17 
0 0.2524 17 
0 0.25287 17 
0 0.256983 17 
0 0.260995 17 
0 0.261828 17 
0 0.262855 17 
0 0.274504 17 
0 0.318348 17 
0 0.319314 17 
0 0.319434 17 
0 0.322328 17 
0 0.3253 17 
0 0.328829 17 
0 0.331514 17 
0 0.338516 17 
0 0.340454 17 
0 0.371573 17 
0 0.438187 17 
0 0.518248 17 
0 0.701531 17 
0 0.708403 17 
0 0.711439 17 
0 0.713545 17 
0 0.713545 17 
0 0.750746 17 
0 0.754835 17 
0 0.755039 17 
0 0.756121 17 
0 0.804772 17 
0 0.805489 17 
0 0.806634 17 
0 0.897454 17 
0 0.925827 17 
0 0.93299 17 
0 0.933278 17 
0 0.933814 17 
0 0.998813 17 
0 1.01505 17 
0 1.01562 17 
0 1.32089 17 
0 1.39383 17 
0 1.41147 17 
0 1.41477 17 
0 1.41553 17 
0 1.4228 17 
0 1.42417 17 
0 1.42439 17 
0 1.87115 17 
0 1.89545 17 
0 1.8965 17 
0 1.89715 17 
0 inf 17 
0 0.060794 18 
0 0.065074 18 
0 0.110586 18 
0 0.11868 18 
0 0.126188 18 
0 0.157394 18 
0 0.18275 18 
0 0.184218 18 
0 0.195672 18 
0 0.205694 18 
0 0.208341 18 
0 0.214887 18 
0 0.221239 18 
0 0.221737 18 
0 0.223638 18 
0 0.223809 18 
0 0.256782 18 
0 0.256782 18 
0 0.265092 18 
0 0.265817 18 
0 0.266396 18 
0 0.268719 18 
0 0.282394 18 
0 0.30529 18 
0 0.308676 18 
0 0.329398 18 
0 0.330721 18 
0 0.333565 18 
0 0.334958 18 
0 0.395262 18 
0 0.402975 18 
0 0.428515 18 
0 0.449556 18 
0 0.684318 18 
0 0.720419 18 
0 0.73313 18 
0 0.734441 18 
0 0.773331 18 
0 0.774371 18 
0 0.775761 18 
0 0.833113 18 
0 0.852833 18 
0 0.852833 18 
0 0.905734 18 
0 0.922412 18 
0 0.956813 18 
0 0.95842 18 
0 0.959223 18 
0 1.02267 18 
0 1.14023 18 
0 1.15098 18 
0 1.33194 18 
0 1.33613 18 
0 1.34977 18 
0 1.35216 18 
0 1.38924 18 
0 1.39204 18 
0 1.39223 18 
0 1.39535 18 
0 1.87212 18 
0 1.87261 18 
0 1.87261 18 
0 1.87678 18 
0 inf 18 
0 0.0662457 19 
0 0.0662465 19 
0 0.0886097 19 
0 0.165968 19 
0 0.167123 19 
0 0.179554 19 
0 0.186916 19 
0 0.186916 19 
0 0.18937 19 
0 0.204989 19 
0 0.208894 19 
0 0.218086 19 
0 0.246226 19 
0 0.249194 19 
0 0.256649 19 
0 0.261387 19 
0 0.261844 19 
0 0.264455 19 
0 0.265182 19 
0 0.281241 19 
0 0.305249 19 
0 0.350233 19 
0 0.351001 19 
0 0.354057 19 
0 0.42125 19 
0 0.425341 19 
0 0.427057 19 
0 0.478518 19 
0 0.485225 19 
0 0.48578 19 
0 0.519447 19 
0 0.523211 19 
0 0.523505 19 
0 0.566366 19 
0 0.748809 19 
0 0.781744 19 
0 0.782583 19 
0 0.782583 19 
0 0.782583 19 
0 0.783956 19 
0 0.797967 19 
0 0.865071 19 
0 0.869373 19 
0 0.969081 19 
0 0.97415 19 
0 0.986709 19 
0 1.04831 19 
0 1.07269 19 
0 1.38722 19 
0 1.38766 19 
0 1.39091 19 
0 1.41615 19 
0 1.41634 19 
0 1.41765 19 
0 1.88128 19 
0 1.88349 19 
0 1.88359 19 
0 1.97458 19 
0 3.65232 19 
0 inf 19 
0 0.0846109 20 
0 0.0846115 20 
0 0.093264 20 
0 0.113002 20 
0 0.119939 20 
0 0.124967 20 
0 0.165058 20 
0 0.166913 20 
0 0.174786 20 
0 0.175665 20 
0 0.177245 20 
0 0.269219 20 
0 0.270819 20 
0 0.271071 20 
0 0.272519 20 
0 0.273332 20 
0 0.275046 20 
0 0.302498 20 
0 0.310405 20 
0 0.320649 20 
0 0.324941 20 
0 0.327746 20 
0 0.338828 20 
0 0.34602 20 
0 0.382195 20 
0 0.383401 20 
0 0.434568 20 
0 0.434569 20 
0 0.438732 20 
0 0.443356 20 
0 0.444309 20 
0 0.444808 20 
0 0.445154 20 
0 0.445945 20 
0 0.451589 20 
0 0.479883 20 
0 0.481085 20 
0 0.483001 20 
0 0.695087 20 
0 0.726948 20 
0 0.729854 20 
0 0.733273 20 
0 0.763819 20 
0 0.773629 20 
0 0.950523 20 
0 0.951131 20 
0 0.952545 20 
0 1.41974 20 
0 1.41985 20 
0 1.42136 20 
0 1.42401 20 
0 1.42412 20 
0 1.68119 20 
0 1.89366 20 
0 1.89396 20 
0 inf 20 
