7.99403 9.7649 1 
0.542961 1.21593 1 
0.452528 0.452592 1 
0.417869 0.459005 1 
0.334286 0.346085 1 
0.187883 0.189291 1 
0.176043 0.187883 1 
0.170602 0.176216 1 
0.169898 0.170937 1 
0.169897 0.180839 1 
0.162985 0.176546 1 
0.160069 0.168506 1 
0.159699 0.159876 1 
0.150174 0.172665 1 
0.150166 0.154617 1 
0.148782 0.15095 1 
0.14699 0.158391 1 
0.144559 0.178543 1 
0.143949 0.185517 1 
0.138718 0.146585 1 
0.137221 0.153855 1 
0.135272 0.146585 1 
0.131957 0.135272 1 
0.126248 0.158577 1 
0.104219 0.105348 1 
0.102794 0.105067 1 
0.100762 0.124836 1 
0.0921962 0.101352 1 
0.090257 0.0912331 1 
0.0869278 0.102222 1 
0.0779762 0.0859009 1 
0.0779759 0.0816735 1 
0.0752789 0.075281 1 
0.0752789 0.076834 1 
0.0752769 0.076834 1 
0.0736952 0.0772208 1 
0.0736932 0.0790997 1 
0.0728933 0.0756656 1 
0.0704183 0.0831064 1 
0.0699991 0.0915564 1 
0.0687202 0.10674 1 
0.0674245 0.0827514 1 
0.0674199 0.0848644 1 
0.0656457 0.0859016 1 
7.0771 7.46543 2 
7.06989 7.39784 2 
7.05701 7.46651 2 
0.510671 1.64753 2 
0.385613 0.409379 2 
0.380298 0.407862 2 
0.356668 0.425082 2 
0.332063 0.344195 2 
0.331898 0.334377 2 
0.209438 0.217596 2 
0.178703 0.184237 2 
0.177212 0.251906 2 
0.175711 0.178041 2 
0.154811 0.160793 2 
0.152507 0.156518 2 
0.15231 0.169548 2 
0.149573 0.185199 2 
0.106737 0.108655 2 
0.104499 0.106735 2 
0.0925221 0.0977929 2 
0.0886096 0.102219 2 
0.0845127 0.0950318 2 
0.0783539 0.0831073 2 
0.0708361 0.0794765 2 
0.0695805 0.0820398 2 
0.0674191 0.072081 2 
0.0638217 0.0687204 2 
0.0585141 0.0732928 2 
0.0564605 0.0744919 2 
0.574664 1.61408 3 
0.408723 0.41645 3 
0.397007 0.415393 3 
0.396407 0.42481 3 
0.38007 0.406411 3 
0.323238 0.361849 3 
0.253195 0.257243 3 
0.154238 0.157087 3 
0.129026 0.134182 3 
0.128561 0.156885 3 
0.12436 0.133743 3 
0.123171 0.128789 3 
0.0944087 0.0956577 3 
0.0889409 0.0902567 3 
0.0798514 0.0896 3 
0.0798437 0.0855541 3 
0.0704211 0.0841714 3 
0.0687211 0.0772154 3 
0.0669832 0.0704239 3 
0.0624181 0.0642796 3 
1.31264 1.32918 4 
0.493498 1.34342 4 
0.302097 0.342743 4 
0.277979 0.279357 4 
0.188035 0.189597 4 
0.184551 0.214027 4 
0.104787 0.112393 4 
0.0852107 0.0886076 4 
0.0848636 0.0921998 4 
0.0708328 0.0756743 4 
0.0708322 0.0791026 4 
1.21951 1.23696 5 
1.19038 1.23875 5 
1.13255 1.24515 5 
0.286754 0.294471 5 
0.28177 0.282506 5 
0.277236 0.332333 5 
0.275954 0.298753 5 
0.257703 0.269898 5 
0.113443 0.115242 5 
0.0965729 0.102509 5 
0.0875998 0.0983897 5 
0.0740922 0.0791014 5 
3.00699 3.20389 6 
3.00663 3.0674 6 
3.00404 3.17473 6 
3.00277 3.05748 6 
1.29493 1.45999 6 
1.13986 1.16986 6 
1.13454 1.18124 6 
0.496731 0.500997 6 
0.118777 0.12764 6 
0.0989934 0.105901 6 
0.0712518 0.072884 6 
0.989615 1.02917 7 
0.988929 1.03029 7 
0.36143 0.37245 7 
0.313973 0.363396 7 
0.186466 0.212236 7 
0.158204 0.160242 7 
0.113175 0.132409 7 
0.101057 0.107291 7 
0.0944136 0.101635 7 
0.0886085 0.107291 7 
1.61359 1.85281 8 
1.46573 1.54716 8 
1.32487 1.33052 8 
0.887066 0.944815 8 
0.868404 0.884366 8 
0.300236 0.366379 8 
0.131741 0.136577 8 
0.131511 0.135057 8 
0.125543 0.15576 8 
0.121488 0.133966 8 
0.118521 0.120748 8 
0.112389 0.116523 8 
1.43275 1.45919 9 
1.3704 1.50932 9 
1.27862 1.29526 9 
0.771044 0.798791 9 
0.331183 0.362818 9 
0.282383 0.319281 9 
0.160429 0.178708 9 
0.0965762 0.101347 9 
1.33538 1.52294 10 
1.33027 1.46827 10 
0.532809 0.714789 10 
0.120503 0.12221 10 
1.3322 1.53399 11 
1.33007 1.5074 11 
0.506859 0.718405 11 
0.285729 0.297571 11 
0.200924 0.203998 11 
1.06436 1.1112 12 
1.04626 1.08732 12 
0.235238 0.265471 12 
0.811769 0.842805 13 
0.744827 0.779487 13 
0.715936 0.72601 13 
0.711805 0.799011 13 
0.706263 0.845636 13 
0.697522 0.814814 13 
0.685093 0.734938 13 
0.888695 0.965974 14 
0.887932 0.92865 14 
0.770726 0.784242 14 
0.767041 0.829852 14 
0.756231 0.831584 14 
0.72357 0.724137 14 
0.534626 0.545614 14 
0.469799 0.495788 14 
0.258957 0.300895 14 
1.31928 1.35405 15 
1.31868 1.36146 15 
0.915483 0.980047 15 
0.89876 0.913675 15 
0.454154 0.456739 15 
1.35032 1.51634 16 
1.34236 1.53182 16 
0.202968 0.216772 16 
1.22136 1.26442 17 
1.17075 1.24662 18 
1.16777 1.20005 18 
1.15937 1.18221 18 
0.180089 0.180724 18 
