4.86584 7.58082 1 
1.4384 1.468 1 
1.10685 2.76665 1 
0.239536 0.293005 1 
0.201724 0.216183 1 
0.183817 0.194365 1 
0.174436 0.184938 1 
0.130834 0.145513 1 
0.118625 0.136292 1 
0.0989186 0.109408 1 
0.0910739 0.0964582 1 
0.0732383 0.0835865 1 
0.0716379 0.0779462 1 
0.0662346 0.0708245 1 
0.0653527 0.0701156 1 
0.0622395 0.0812737 1 
0.0598016 0.0606282 1 
0.0565264 0.059654 1 
0.0522645 0.0588234 1 
0.0486584 0.0498349 1 
0.0465675 0.0483109 1 
0.0462122 0.0509826 1 
0.0410961 0.05114 1 
0.0375147 0.040074 1 
5.59549 5.66455 2 
3.82447 5.67101 2 
0.876287 3.65523 2 
0.177864 0.186412 2 
0.176368 0.197491 2 
0.164519 0.194749 2 
0.163509 0.197281 2 
0.118346 0.144946 2 
0.0746929 0.0822835 2 
0.0741359 0.0882086 2 
0.0739123 0.0753543 2 
0.072213 0.082084 2 
0.070943 0.0824882 2 
0.0709411 0.0760096 2 
0.0673563 0.0793154 2 
0.0627693 0.069169 2 
0.0589612 0.0658588 2 
0.0499975 0.0606204 2 
3.81778 3.93149 3 
3.79774 4.30246 3 
3.75441 4.26599 3 
3.69193 4.3294 3 
0.805251 3.82569 3 
0.180409 0.204329 3 
0.179997 0.180775 3 
0.177401 0.192869 3 
0.169037 0.178933 3 
0.151149 0.152461 3 
0.150049 0.169089 3 
0.147718 0.161372 3 
0.113267 0.117574 3 
0.0991684 0.108338 3 
0.0868864 0.091161 3 
0.0762305 0.0765525 3 
0.0743562 0.0807606 3 
0.0740231 0.0773052 3 
0.0569631 0.0604863 3 
0.0544358 0.0544367 3 
0.0516309 0.0528955 3 
0.0516277 0.0528955 3 
0.0498365 0.0511464 3 
1.05038 1.05683 4 
0.889807 3.793 4 
0.185207 0.187161 4 
0.174767 0.175146 4 
0.154507 0.155575 4 
0.0964544 0.102284 4 
0.0663584 0.0679619 4 
0.0516252 0.0578243 4 
1.46967 1.53647 5 
1.10145 3.43724 5 
0.175946 0.195257 5 
0.0683303 0.0724458 5 
2.47225 3.03545 6 
2.47044 2.83677 6 
2.41633 2.65185 6 
1.94879 2.11208 6 
1.92217 2.03438 6 
1.92072 2.01445 6 
1.89431 2.00662 6 
1.74726 3.06542 6 
0.191616 0.223077 6 
0.146414 0.150431 6 
0.142815 0.157842 6 
0.127761 0.134829 6 
0.123878 0.128986 6 
0.120082 0.123814 6 
1.78246 2.33961 7 
1.76066 1.88768 7 
1.72931 2.54563 7 
1.72425 2.66445 7 
1.44222 2.70367 7 
0.178802 0.199744 7 
0.120289 0.129246 7 
0.119245 0.145398 7 
0.0866979 0.0873626 7 
0.0582623 0.0592477 7 
2.77849 2.97505 8 
1.66562 2.21998 8 
1.65721 2.23294 8 
1.30372 2.24052 8 
0.204935 0.231918 8 
0.110085 0.11143 8 
2.42267 2.46612 9 
2.06027 2.30375 9 
2.03613 2.08215 9 
1.31631 1.98946 9 
1.11661 2.12924 9 
0.966903 1.21692 9 
0.717463 0.736585 9 
0.663477 0.678797 9 
0.159615 0.162441 9 
0.113269 0.147101 9 
2.13774 2.31859 10 
2.13744 2.31809 10 
1.99133 1.99296 10 
1.91674 1.99802 10 
1.20374 1.82287 10 
1.03959 1.15692 10 
0.204171 0.216944 10 
1.42676 1.49465 11 
1.19831 1.62713 11 
1.52172 1.89395 12 
1.51182 1.91167 12 
1.45367 1.49601 12 
1.36671 1.39756 12 
1.34031 1.59566 12 
0.537704 0.544266 12 
0.336817 0.366105 12 
1.34704 1.45594 13 
1.34052 1.49124 13 
1.31251 1.47126 13 
1.15712 1.19885 13 
1.13157 1.24199 13 
1.11874 1.26856 13 
0.865024 0.974994 13 
0.859574 0.975834 13 
0.642275 0.710568 13 
1.02 1.06886 14 
1.00104 1.06044 14 
0.98647 1.07879 14 
0.977025 1.10353 14 
0.799239 0.800439 14 
0.778081 0.783315 14 
0.637825 0.667999 14 
2.03065 2.07066 15 
2.0302 2.07024 15 
2.02974 2.0517 15 
0.964685 0.96496 15 
0.96344 0.975868 15 
0.687847 0.694917 15 
2.2828 2.28292 17 
2.26555 2.28682 17 
1.5357 1.67567 17 
1.53392 1.65456 17 
1.52536 1.71528 17 
1.55538 1.7916 18 
1.34984 1.8671 18 
1.29565 1.93218 18 
1.22346 1.28964 19 
1.21204 1.28062 19 
0.898795 0.913041 19 
0.636019 0.642365 19 
0.634964 0.644834 19 
0.633816 0.644012 19 
1.02564 1.34876 20 
1.0255 1.23368 20 
0.704788 0.727703 20 
