5.84196 9.25497 1 
0.8267 1.91609 1 
0.409869 0.421992 1 
0.393113 0.541508 1 
0.348293 0.351587 1 
0.344969 0.363934 1 
0.308207 0.315603 1 
0.297582 0.327101 1 
0.295805 0.299989 1 
0.282172 0.298545 1 
0.28167 0.338365 1 
0.272124 0.279094 1 
0.266959 0.266962 1 
0.264793 0.322372 1 
0.159538 0.164576 1 
0.155265 0.171712 1 
0.154648 0.154957 1 
0.153715 0.154958 1 
0.1534 0.157722 1 
0.136151 0.151193 1 
0.126645 0.154022 1 
0.117603 0.127403 1 
0.112171 0.116785 1 
0.111742 0.120429 1 
0.110876 0.145358 1 
0.109572 0.122405 1 
0.108691 0.114291 1 
0.106459 0.128532 1 
0.106003 0.13685 1 
0.103253 0.110445 1 
0.1009 0.105097 1 
0.100899 0.103716 1 
0.0999428 0.105097 1 
0.0970192 0.104182 1 
0.0965233 0.0965235 1 
0.0950179 0.110008 1 
0.0914117 0.0929739 1 
0.0898211 0.110876 1 
0.0819927 0.0876539 1 
6.33222 6.48824 2 
6.33125 6.40197 2 
4.97172 6.49049 2 
0.664829 2.40509 2 
0.362076 0.377788 2 
0.353492 0.498758 2 
0.336225 0.349259 2 
0.302542 0.320276 2 
0.285059 0.307584 2 
0.283872 0.289069 2 
0.257621 0.288899 2 
0.2454 0.265876 2 
0.241258 0.258552 2 
0.230883 0.289073 2 
0.161631 0.166315 2 
0.154023 0.15619 2 
0.151825 0.161332 2 
0.149921 0.150879 2 
0.14863 0.149594 2 
0.143364 0.146347 2 
0.14168 0.166893 2 
0.141341 0.158631 2 
0.137552 0.143363 2 
0.123962 0.165734 2 
0.116783 0.125122 2 
0.115127 0.130386 2 
0.11387 0.126268 2 
0.111741 0.127404 2 
0.110008 0.128903 2 
0.109134 0.120828 2 
0.10825 0.116786 2 
0.105549 0.113443 2 
0.0989784 0.117194 2 
0.098 0.102783 2 
0.0919353 0.0965206 2 
0.080219 0.0887467 2 
0.0746393 0.0796188 2 
4.88167 5.07351 3 
4.87411 5.06915 3 
4.84342 5.08602 3 
0.613744 2.23984 3 
0.611251 0.705088 3 
0.351308 0.395791 3 
0.345932 0.39664 3 
0.333501 0.359553 3 
0.324005 0.431438 3 
0.323561 0.330754 3 
0.319826 0.43199 3 
0.179377 0.182819 3 
0.161033 0.172271 3 
0.160436 0.165736 3 
0.160142 0.178842 3 
0.153084 0.156188 3 
0.151824 0.160737 3 
0.15087 0.173658 3 
0.14066 0.148627 3 
0.121619 0.122798 3 
0.111741 0.13929 3 
0.111739 0.132575 3 
0.10646 0.130018 3 
0.0950139 0.103713 3 
0.0924559 0.114291 3 
0.0903552 0.0965226 3 
0.0887465 0.100902 3 
0.0865545 0.0950178 3 
0.0848737 0.0865542 3 
0.0825799 0.0871076 3 
0.693961 2.20766 4 
0.373314 0.430769 4 
0.308352 0.316954 4 
0.290058 0.304758 4 
0.285046 0.302059 4 
0.276497 0.280125 4 
0.269289 0.304285 4 
0.232332 0.232951 4 
0.171992 0.181502 4 
0.164575 0.169458 4 
0.119625 0.120025 4 
0.102318 0.106006 4 
0.101848 0.103717 4 
0.0955225 0.110009 4 
0.0929744 0.09502 4 
0.0903566 0.103717 4 
1.13713 2.04791 5 
0.198683 0.202513 5 
0.198445 0.209964 5 
0.193547 0.215606 5 
0.190544 0.235413 5 
0.176674 0.180174 5 
0.146352 0.147333 5 
0.142357 0.155884 5 
0.0984916 0.104179 5 
0.0802212 0.0814091 5 
1.78486 1.82609 6 
1.78478 1.79122 6 
1.76916 1.79122 6 
1.72635 1.86359 6 
0.471641 0.478014 6 
0.289728 0.324745 6 
0.285895 0.35008 6 
0.209733 0.226896 6 
0.192299 0.202517 6 
0.122799 0.12319 6 
0.12162 0.122798 6 
0.12003 0.122797 6 
0.11131 0.117196 6 
0.0746373 0.081996 6 
1.6193 1.66809 7 
1.54104 1.54496 7 
1.53392 1.54552 7 
1.43598 1.43725 7 
1.40985 1.72671 7 
0.728931 0.749269 7 
0.559052 0.571038 7 
0.357411 0.368522 7 
0.326368 0.332056 7 
0.296448 0.299989 7 
0.288901 0.37357 7 
0.25594 0.260953 7 
0.243439 0.270179 7 
0.213824 0.229421 7 
0.157419 0.173937 7 
0.109571 0.132215 7 
0.104643 0.122799 7 
1.62302 1.73251 8 
1.34375 1.36555 8 
1.31889 1.38728 8 
0.408333 0.439597 8 
0.385217 0.451344 8 
0.352813 0.363545 8 
0.143366 0.143368 8 
0.12474 0.125124 8 
0.0965223 0.11131 8 
0.986185 1.21326 9 
0.985855 1.23145 9 
0.840722 0.89081 9 
0.50764 0.534099 9 
0.438283 0.447499 9 
0.317574 0.336583 9 
0.31651 0.330029 9 
0.24909 0.292371 9 
0.246378 0.257994 9 
0.1333 0.135796 9 
0.132578 0.14032 9 
0.113449 0.13185 9 
0.916734 1.14013 10 
0.411852 0.439709 10 
1.20056 1.25335 11 
0.499145 0.518122 11 
0.404554 0.430109 11 
0.403007 0.412899 11 
1.00702 1.04493 12 
0.980191 1.04147 12 
0.899606 1.16963 12 
0.881921 0.974149 12 
0.527399 0.624383 12 
0.501928 0.575645 12 
0.403959 0.424136 12 
0.887952 0.910069 13 
0.772936 0.850497 13 
0.642286 0.686101 13 
0.607786 0.6828 14 
0.537146 0.581696 14 
0.416145 0.438728 14 
0.328416 0.366948 14 
0.546192 0.562561 15 
0.899611 0.909854 16 
0.655603 0.675525 16 
1.13786 1.18775 17 
1.13773 1.19545 17 
0.552659 0.565628 17 
0.552225 0.564524 17 
0.542397 0.550138 17 
0.788001 0.92421 18 
0.32666 0.374211 18 
0.321324 0.373697 18 
0.772365 0.782744 19 
0.24521 0.258181 20 
