4.58302 8.28783 1 
1.02983 2.71536 1 
0.254333 0.303052 1 
0.185141 0.236414 1 
0.176519 0.184125 1 
0.1583 0.16141 1 
0.15443 0.157446 1 
0.111568 0.116058 1 
0.10448 0.105756 1 
0.104219 0.108392 1 
0.102265 0.162401 1 
0.0887529 0.0911453 1 
0.0765566 0.0819825 1 
0.0709082 0.0738775 1 
0.0670059 0.0753179 1 
0.0657916 0.066805 1 
0.0593498 0.0635048 1 
0.0575058 0.0661985 1 
0.0563274 0.060914 1 
0.0563245 0.0839262 1 
0.0556041 0.0572716 1 
0.0556041 0.0558447 1 
0.0521077 0.0531318 1 
0.0505391 0.063506 1 
0.0500033 0.0515915 1 
0.0454993 0.0494632 1 
0.0430705 0.0483635 1 
0.040829 0.0411558 1 
0.0404944 0.0421242 1 
0.0384519 0.0411594 1 
0.0381032 0.0449073 1 
0.0319648 0.0323842 1 
6.01215 6.02109 2 
3.95955 6.03722 2 
0.858776 3.49579 2 
0.224823 0.264385 2 
0.193101 0.218267 2 
0.169685 0.221321 2 
0.163475 0.169768 2 
0.141332 0.148746 2 
0.137577 0.151436 2 
0.120824 0.134611 2 
0.111569 0.121158 2 
0.0946189 0.14038 2 
0.0924645 0.0982478 2 
0.0687882 0.0738764 2 
0.063716 0.0685924 2 
0.0637136 0.068983 2 
0.063292 0.0742394 2 
0.0632919 0.0693712 2 
0.0628662 0.0674105 2 
0.061131 0.0653817 2 
0.0584329 0.068396 2 
0.0575051 0.074058 2 
0.05211 0.0584325 2 
0.0505384 0.0548742 2 
0.0436918 0.0455005 2 
0.0394894 0.0398312 2 
0.0388022 0.0418045 2 
4.24034 4.67304 3 
4.22934 4.64844 3 
3.32722 4.68671 3 
0.77038 3.56451 3 
0.263217 0.264744 3 
0.259824 0.306097 3 
0.250711 0.285558 3 
0.224218 0.22476 3 
0.223983 0.23246 3 
0.173372 0.184127 3 
0.163964 0.167216 3 
0.135409 0.140667 3 
0.130454 0.14444 3 
0.117552 0.126794 3 
0.116058 0.12817 3 
0.105502 0.130661 3 
0.102527 0.12127 3 
0.085357 0.0899579 3 
0.0753172 0.0772565 3 
0.0709046 0.0746009 3 
0.0553618 0.0575044 3 
0.0480853 0.0489153 3 
0.0436906 0.0491912 3 
0.043072 0.0494643 3 
3.25217 3.41632 4 
3.13407 3.36375 4 
3.02075 3.42204 4 
1.49996 1.54642 4 
1.47505 3.28594 4 
0.219375 0.231125 4 
0.219375 0.231124 4 
0.15161 0.201216 4 
0.133811 0.166164 4 
0.129318 0.130145 4 
0.0997357 0.100809 4 
0.0951854 0.118916 4 
0.0939058 0.101474 4 
0.086764 0.0906998 4 
0.0796547 0.0895108 4 
0.0661985 0.0756738 4 
0.0577385 0.0626506 4 
0.0548729 0.062437 4 
0.051851 0.062007 4 
0.0439942 0.0480838 4 
2.90408 2.9562 5 
2.57782 2.67836 5 
2.56629 2.6682 5 
2.56591 2.66699 5 
2.45539 2.65628 5 
1.65453 2.9562 5 
0.202086 0.205777 5 
0.186736 0.199477 5 
0.185364 0.190794 5 
0.182294 0.18924 5 
0.161406 0.166248 5 
0.123901 0.138454 5 
0.116057 0.140478 5 
0.0936202 0.0964497 5 
0.08393 0.0902548 5 
0.0794862 0.109748 5 
0.0701422 0.0760298 5 
0.0649675 0.0670082 5 
2.75104 2.90927 6 
2.59681 2.60937 6 
2.49759 2.55857 6 
2.13645 2.65058 6 
0.196623 0.24054 6 
0.152143 0.171184 6 
0.129002 0.137476 6 
0.112888 0.127009 6 
0.104734 0.105117 6 
0.0956065 0.0960286 6 
0.0808294 0.109378 6 
0.0796572 0.0902564 6 
0.0626513 0.0643464 6 
0.0600215 0.0772568 6 
0.0593497 0.0609122 6 
2.9492 2.95322 7 
2.69618 3.13694 7 
2.6788 2.7938 7 
2.27383 2.27987 7 
2.05814 2.32901 7 
2.04432 2.05546 7 
2.02226 2.32997 7 
2.00759 2.33542 7 
0.355626 0.366132 7 
0.346277 0.347977 7 
0.163887 0.169695 7 
0.1206 0.12193 7 
0.119482 0.137967 7 
0.117097 0.118694 7 
0.114307 0.122372 7 
0.106136 0.11229 7 
0.105116 0.114421 7 
0.100409 0.106262 7 
0.0933323 0.0967287 7 
0.0866099 0.105502 7 
0.0582014 0.0597942 7 
2.11571 2.50471 8 
2.0154 2.0272 8 
1.91767 1.95282 8 
1.87786 2.45373 8 
1.7297 2.0272 8 
1.72935 2.04486 8 
1.64745 2.2265 8 
0.135907 0.137185 8 
0.130866 0.131376 8 
0.126051 0.146472 8 
0.120379 0.123248 8 
0.114777 0.131376 8 
0.112053 0.115944 8 
0.111327 0.129316 8 
0.111327 0.115944 8 
0.0853551 0.0879918 8 
2.66088 3.03669 9 
2.65727 3.06921 9 
2.62304 2.74518 9 
2.58588 2.72165 9 
1.66347 1.67406 9 
1.6487 1.74221 9 
0.511334 0.522206 9 
0.489365 0.510395 9 
0.162402 0.162568 9 
0.146379 0.159733 9 
0.10305 0.106389 9 
0.100278 0.105373 9 
0.0758519 0.076731 9 
2.72092 2.73091 10 
2.44779 2.64108 10 
2.41924 2.59432 10 
1.44662 1.5166 10 
1.4168 1.46442 10 
0.35036 0.374681 10 
0.196138 0.209915 10 
0.146931 0.155379 10 
1.70976 1.77364 11 
1.22196 1.32096 11 
1.21528 1.26553 11 
1.0859 1.38835 11 
1.08579 1.42123 11 
0.191362 0.215413 11 
1.66695 1.72109 12 
1.66508 1.71404 12 
1.66135 1.87327 12 
1.0434 1.05968 12 
0.980791 1.00289 12 
0.966209 1.02413 12 
0.962529 1.02033 12 
0.81936 1.0954 12 
0.722646 0.99424 12 
0.617439 0.638188 12 
0.500732 0.508066 12 
2.29359 2.33331 13 
2.23418 2.33374 13 
2.23161 2.33508 13 
1.1069 1.13233 13 
0.942945 0.94433 13 
2.6351 2.63935 14 
2.6338 2.63782 14 
2.63285 2.63978 14 
2.59988 2.69316 14 
2.59977 2.69314 14 
2.56947 2.65586 14 
2.3545 2.38282 15 
2.35301 2.38267 15 
0.184344 0.188314 15 
1.73436 1.91328 16 
1.73417 1.92322 16 
0.529964 0.539188 17 
0.523841 0.534907 17 
0.503105 0.516496 17 
0.447538 0.462341 17 
0.511704 0.576712 18 
0.458931 0.577342 18 
0.460925 0.471561 19 
0.478942 0.50266 20 
