0 0.0392668 1 
0 0.0416488 1 
0 0.0449922 1 
0 0.0460424 1 
0 0.0460426 1 
0 0.0460443 1 
0 0.0460514 1 
0 0.0510091 1 
0 0.0546611 1 
0 0.0572365 1 
0 0.0572394 1 
0 0.0572421 1 
0 0.0589003 1 
0 0.0605135 1 
0 0.0620882 1 
0 0.0643651 1 
0 0.0643722 1 
0 0.0665798 1 
0 0.068009 1 
0 0.0687086 1 
0 0.0687143 1 
0 0.0687144 1 
0 0.0701106 1 
0 0.0707911 1 
0 0.0714591 1 
0 0.0721334 1 
0 0.073462 1 
0 0.0741179 1 
0 0.074758 1 
0 0.0766707 1 
0 0.0779148 1 
0 0.0779183 1 
0 0.0779212 1 
0 0.0785351 1 
0 0.0797489 1 
0 0.079749 1 
0 0.0803525 1 
0 0.0803557 1 
0 0.0844427 1 
0 0.0844461 1 
0 0.0861428 1 
0 0.0926086 1 
0 0.0951715 1 
0 0.0951722 1 
0 0.0951761 1 
0 0.0956807 1 
0 0.0966786 1 
0 0.0971805 1 
0 0.0976691 1 
0 0.0981669 1 
0 0.0991496 1 
0 0.102489 1 
0 0.103418 1 
0 0.105272 1 
0 0.105274 1 
0 0.106638 1 
0 0.108429 1 
0 0.108874 1 
0 0.10932 1 
0 0.110193 1 
0 0.112352 1 
0 0.114482 1 
0 0.115737 1 
0 0.117386 1 
0 0.123784 1 
0 0.12648 1 
0 0.126484 1 
0 0.126861 1 
0 0.126863 1 
0 0.129119 1 
0 0.137439 1 
0 0.141233 1 
0 0.141237 1 
0 0.146593 1 
0 0.152712 1 
0 0.153333 1 
0 0.155216 1 
0 0.156145 1 
0 0.156757 1 
0 0.159197 1 
0 0.160102 1 
0 0.163673 1 
0 0.164267 1 
0 0.169744 1 
0 0.173674 1 
0 0.181803 1 
0 0.192111 1 
0 0.192112 1 
0 0.201425 1 
0 0.204512 1 
0 0.215526 1 
0 0.222781 1 
0 0.231062 1 
0 0.240452 1 
0 0.240864 1 
0 0.243055 1 
0 0.245029 1 
0 0.247568 1 
0 0.261389 1 
0 0.289057 1 
0 0.304158 1 
0 0.315976 1 
0 0.325535 1 
0 0.328529 1 
0 0.331151 1 
0 0.357302 1 
0 0.359343 1 
0 0.37083 1 
0 0.372902 1 
0 0.375477 1 
0 0.382218 1 
0 0.387608 1 
0 0.393039 1 
0 0.400443 1 
0 0.404752 1 
0 0.463906 1 
0 0.496676 1 
0 0.543648 1 
0 0.549026 1 
0 0.580286 1 
0 0.784942 1 
0 1.17693 1 
0 1.75555 1 
0 2.06217 1 
0 2.08532 1 
0 3.15436 1 
0 3.32048 1 
0 4.71984 1 
0 4.7581 1 
0 4.87176 1 
0 5.41046 1 
0 inf 1 
0 0.0490838 2 
0 0.0528643 2 
0 0.0537635 2 
0 0.0589003 2 
0 0.0597081 2 
0 0.0597097 2 
0 0.0636177 2 
0 0.0658492 2 
0 0.066576 2 
0 0.0665805 2 
0 0.0694068 2 
0 0.0721334 2 
0 0.0734614 2 
0 0.0741143 2 
0 0.0747619 2 
0 0.0772923 2 
0 0.0797515 2 
0 0.0809438 2 
0 0.0827163 2 
0 0.0827164 2 
0 0.0850145 2 
0 0.0850149 2 
0 0.0861407 2 
0 0.0866989 2 
0 0.0878059 2 
0 0.0894304 2 
0 0.0894304 2 
0 0.0894347 2 
0 0.0899683 2 
0 0.0899739 2 
0 0.0899756 2 
0 0.0905058 2 
0 0.0915616 2 
0 0.0915659 2 
0 0.0920921 2 
0 0.0936453 2 
0 0.0951847 2 
0 0.0956814 2 
0 0.0971805 2 
0 0.0976746 2 
0 0.0986579 2 
0 0.0986586 2 
0 0.0991435 2 
0 0.099623 2 
0 0.0996236 2 
0 0.0996264 2 
0 0.100117 2 
0 0.102961 2 
0 0.102961 2 
0 0.10389 2 
0 0.104815 2 
0 0.105274 2 
0 0.107983 2 
0 0.113628 2 
0 0.114483 2 
0 0.116982 2 
0 0.123006 2 
0 0.124562 2 
0 0.126094 2 
0 0.128743 2 
0 0.129864 2 
0 0.132796 2 
0 0.134955 2 
0 0.136022 2 
0 0.138129 2 
0 0.141914 2 
0 0.149204 2 
0 0.16071 2 
0 0.164256 2 
0 0.174503 2 
0 0.176148 2 
0 0.179406 2 
0 0.192365 2 
0 0.223643 2 
0 0.228755 2 
0 0.230016 2 
0 0.231266 2 
0 0.231886 2 
0 0.234374 2 
0 0.242858 2 
0 0.243038 2 
0 0.24581 2 
0 0.260279 2 
0 0.262866 2 
0 0.263025 2 
0 0.271693 2 
0 0.278001 2 
0 0.278866 2 
0 0.279495 2 
0 0.282305 2 
0 0.287715 2 
0 0.299533 2 
0 0.305422 2 
0 0.306525 2 
0 0.306525 2 
0 0.308873 2 
0 0.311375 2 
0 0.318258 2 
0 0.333477 2 
0 0.335925 2 
0 0.344009 2 
0 0.374327 2 
0 0.390099 2 
0 0.394999 2 
0 0.399009 2 
0 0.41949 2 
0 0.446861 2 
0 0.491892 2 
0 0.510388 2 
0 0.535515 2 
0 0.539006 2 
0 0.596799 2 
0 0.788188 2 
0 1.00398 2 
0 1.44797 2 
0 1.50961 2 
0 1.56702 2 
0 1.93063 2 
0 2.78203 2 
0 3.24613 2 
0 3.43543 2 
0 3.56148 2 
0 3.57024 2 
0 3.63489 2 
0 4.34185 2 
0 4.50526 2 
0 4.53386 2 
0 inf 2 
0 0.0537699 3 
0 0.0572435 3 
0 0.0572435 3 
0 0.0636177 3 
0 0.0643788 3 
0 0.0721388 3 
0 0.0728109 3 
0 0.0728109 3 
0 0.0747567 3 
0 0.0747567 3 
0 0.0803563 3 
0 0.0803564 3 
0 0.0827155 3 
0 0.0844434 3 
0 0.0866963 3 
0 0.0888889 3 
0 0.0894271 3 
0 0.0931298 3 
0 0.0941589 3 
0 0.0946664 3 
0 0.0951692 3 
0 0.0951693 3 
0 0.0961838 3 
0 0.0981674 3 
0 0.0986547 3 
0 0.0996276 3 
0 0.0996283 3 
0 0.0996315 3 
0 0.102487 3 
0 0.106637 3 
0 0.108426 3 
0 0.108428 3 
0 0.108872 3 
0 0.11193 3 
0 0.114063 3 
0 0.114895 3 
0 0.114902 3 
0 0.115322 3 
0 0.119021 3 
0 0.119828 3 
0 0.12023 3 
0 0.12103 3 
0 0.124172 3 
0 0.124947 3 
0 0.125325 3 
0 0.128372 3 
0 0.130969 3 
0 0.132434 3 
0 0.132804 3 
0 0.137087 3 
0 0.138135 3 
0 0.139173 3 
0 0.156139 3 
0 0.172003 3 
0 0.172561 3 
0 0.182861 3 
0 0.185482 3 
0 0.185482 3 
0 0.185482 3 
0 0.191111 3 
0 0.195595 3 
0 0.199981 3 
0 0.215968 3 
0 0.221688 3 
0 0.22428 3 
0 0.225785 3 
0 0.229383 3 
0 0.238448 3 
0 0.238854 3 
0 0.244033 3 
0 0.25466 3 
0 0.255415 3 
0 0.272924 3 
0 0.273813 3 
0 0.278698 3 
0 0.280068 3 
0 0.281625 3 
0 0.286863 3 
0 0.296138 3 
0 0.300015 3 
0 0.303836 3 
0 0.31458 3 
0 0.318257 3 
0 0.327072 3 
0 0.329553 3 
0 0.336319 3 
0 0.340628 3 
0 0.344846 3 
0 0.354893 3 
0 0.360427 3 
0 0.362393 3 
0 0.374199 3 
0 0.381469 3 
0 0.382604 3 
0 0.400783 3 
0 0.40677 3 
0 0.414165 3 
0 0.420421 3 
0 0.424977 3 
0 0.426525 3 
0 0.432169 3 
0 0.436244 3 
0 0.4572 3 
0 0.612654 3 
0 0.805008 3 
0 0.993755 3 
0 1.30131 3 
0 1.32574 3 
0 1.45316 3 
0 1.48034 3 
0 1.7915 3 
0 1.9533 3 
0 1.96295 3 
0 1.96315 3 
0 2.48395 3 
0 2.57038 3 
0 3.02253 3 
0 3.36828 3 
0 3.381 3 
0 3.38165 3 
0 3.73351 3 
0 3.77148 3 
0 3.78428 3 
0 inf 3 
0 0.0353926 4 
0 0.0480937 4 
0 0.049086 4 
0 0.0546557 4 
0 0.0605135 4 
0 0.0613038 4 
0 0.0613044 4 
0 0.0672985 4 
0 0.074763 4 
0 0.0754021 4 
0 0.0754028 4 
0 0.0779197 4 
0 0.0797473 4 
0 0.0803526 4 
0 0.0803533 4 
0 0.0815409 4 
0 0.0815421 4 
0 0.0827104 4 
0 0.0827166 4 
0 0.0850147 4 
0 0.0894275 4 
0 0.0899719 4 
0 0.0905045 4 
0 0.0910383 4 
0 0.0926102 4 
0 0.0931289 4 
0 0.0936412 4 
0 0.0936457 4 
0 0.0966841 4 
0 0.0971815 4 
0 0.103425 4 
0 0.107084 4 
0 0.110628 4 
0 0.111922 4 
0 0.112354 4 
0 0.117389 4 
0 0.120231 4 
0 0.121819 4 
0 0.122218 4 
0 0.123392 4 
0 0.129865 4 
0 0.130604 4 
0 0.139867 4 
0 0.14226 4 
0 0.145603 4 
0 0.151447 4 
0 0.156759 4 
0 0.164835 4 
0 0.169749 4 
0 0.190602 4 
0 0.206627 4 
0 0.208009 4 
0 0.212368 4 
0 0.217226 4 
0 0.217304 4 
0 0.221037 4 
0 0.222777 4 
0 0.224499 4 
0 0.22791 4 
0 0.231683 4 
0 0.233548 4 
0 0.242046 4 
0 0.24659 4 
0 0.247178 4 
0 0.253917 4 
0 0.255052 4 
0 0.255805 4 
0 0.269022 4 
0 0.280248 4 
0 0.280931 4 
0 0.28145 4 
0 0.282137 4 
0 0.282642 4 
0 0.283493 4 
0 0.289724 4 
0 0.290237 4 
0 0.324798 4 
0 0.327669 4 
0 0.331837 4 
0 0.334066 4 
0 0.335877 4 
0 0.337221 4 
0 0.341426 4 
0 0.343298 4 
0 0.347764 4 
0 0.362835 4 
0 0.362836 4 
0 0.38159 4 
0 0.394502 4 
0 0.41637 4 
0 0.452753 4 
0 0.465352 4 
0 0.475184 4 
0 0.477207 4 
0 0.493098 4 
0 0.618056 4 
0 0.651755 4 
0 1.00259 4 
0 1.17434 4 
0 1.25535 4 
0 1.31362 4 
0 1.52003 4 
0 1.56159 4 
0 1.58684 4 
0 1.58709 4 
0 1.58903 4 
0 1.63579 4 
0 1.97449 4 
0 2.27425 4 
0 2.27434 4 
0 2.2755 4 
0 2.2773 4 
0 2.62039 4 
0 3.20664 4 
0 3.208 4 
0 3.20889 4 
0 3.21233 4 
0 3.36088 4 
0 3.3678 4 
0 inf 4 
0 0.0636219 5 
0 0.0687157 5 
0 0.0701046 5 
0 0.0721347 5 
0 0.0728051 5 
0 0.0728089 5 
0 0.0747563 5 
0 0.0766646 5 
0 0.0797469 5 
0 0.0803523 5 
0 0.0821361 5 
0 0.0850067 5 
0 0.0855749 5 
0 0.0872551 5 
0 0.0905019 5 
0 0.0936378 5 
0 0.0956815 5 
0 0.0961821 5 
0 0.0961833 5 
0 0.0976767 5 
0 0.0986599 5 
0 0.0991442 5 
0 0.105271 5 
0 0.105274 5 
0 0.110625 5 
0 0.112355 5 
0 0.112784 5 
0 0.113215 5 
0 0.117391 5 
0 0.118616 5 
0 0.119824 5 
0 0.125323 5 
0 0.125329 5 
0 0.127993 5 
0 0.127994 5 
0 0.129862 5 
0 0.131337 5 
0 0.135312 5 
0 0.136729 5 
0 0.139518 5 
0 0.143609 5 
0 0.143941 5 
0 0.150484 5 
0 0.155206 5 
0 0.157675 5 
0 0.157983 5 
0 0.166021 5 
0 0.168604 5 
0 0.173671 5 
0 0.190026 5 
0 0.190351 5 
0 0.194857 5 
0 0.199254 5 
0 0.21078 5 
0 0.21395 5 
0 0.214638 5 
0 0.215745 5 
0 0.219288 5 
0 0.219722 5 
0 0.220384 5 
0 0.2277 5 
0 0.237842 5 
0 0.259545 5 
0 0.273818 5 
0 0.275398 5 
0 0.293631 5 
0 0.296946 5 
0 0.298881 5 
0 0.304156 5 
0 0.306999 5 
0 0.307303 5 
0 0.3129 5 
0 0.31383 5 
0 0.320464 5 
0 0.323457 5 
0 0.330093 5 
0 0.33174 5 
0 0.336495 5 
0 0.338639 5 
0 0.348865 5 
0 0.349149 5 
0 0.349555 5 
0 0.457731 5 
0 0.480339 5 
0 0.50508 5 
0 0.505748 5 
0 0.505843 5 
0 0.66275 5 
0 0.822414 5 
0 1.01511 5 
0 1.16428 5 
0 1.23605 5 
0 1.32064 5 
0 1.32476 5 
0 1.36018 5 
0 1.36085 5 
0 1.36279 5 
0 1.3715 5 
0 1.39276 5 
0 1.39401 5 
0 1.3958 5 
0 1.39732 5 
0 1.4676 5 
0 1.46878 5 
0 1.4696 5 
0 1.49066 5 
0 1.57447 5 
0 1.78129 5 
0 2.04721 5 
0 2.1081 5 
0 2.31693 5 
0 2.49753 5 
0 2.51894 5 
0 2.52003 5 
0 2.54065 5 
0 inf 5 
0 0.0636208 6 
0 0.0673044 6 
0 0.0673047 6 
0 0.0673065 6 
0 0.0680176 6 
0 0.0701043 6 
0 0.0701106 6 
0 0.0850181 6 
0 0.0872513 6 
0 0.0915638 6 
0 0.0936426 6 
0 0.0936448 6 
0 0.0946652 6 
0 0.0951729 6 
0 0.0971807 6 
0 0.098157 6 
0 0.101547 6 
0 0.102015 6 
0 0.102488 6 
0 0.107083 6 
0 0.109309 6 
0 0.112786 6 
0 0.113638 6 
0 0.117391 6 
0 0.127238 6 
0 0.127238 6 
0 0.12724 6 
0 0.128744 6 
0 0.130966 6 
0 0.132071 6 
0 0.13531 6 
0 0.142591 6 
0 0.143266 6 
0 0.14527 6 
0 0.145272 6 
0 0.152394 6 
0 0.157985 6 
0 0.163383 6 
0 0.168893 6 
0 0.179677 6 
0 0.183389 6 
0 0.184175 6 
0 0.185999 6 
0 0.18703 6 
0 0.195838 6 
0 0.202368 6 
0 0.21486 6 
0 0.215982 6 
0 0.218853 6 
0 0.219916 6 
0 0.232517 6 
0 0.246392 6 
0 0.249508 6 
0 0.253144 6 
0 0.261753 6 
0 0.269861 6 
0 0.27294 6 
0 0.27464 6 
0 0.280766 6 
0 0.283328 6 
0 0.283666 6 
0 0.307147 6 
0 0.308399 6 
0 0.30949 6 
0 0.311058 6 
0 0.311623 6 
0 0.318392 6 
0 0.32425 6 
0 0.336503 6 
0 0.343862 6 
0 0.345418 6 
0 0.378944 6 
0 0.380341 6 
0 0.409958 6 
0 0.420192 6 
0 0.424636 6 
0 0.432171 6 
0 0.445348 6 
0 0.445348 6 
0 0.76053 6 
0 0.816116 6 
0 1.02845 6 
0 1.10869 6 
0 1.15735 6 
0 1.17917 6 
0 1.17995 6 
0 1.18991 6 
0 1.19657 6 
0 1.19987 6 
0 1.2101 6 
0 1.21656 6 
0 1.22678 6 
0 1.22808 6 
0 1.23199 6 
0 1.23204 6 
0 1.23644 6 
0 1.24986 6 
0 1.25685 6 
0 1.27777 6 
0 1.32708 6 
0 1.38702 6 
0 1.46395 6 
0 1.48489 6 
0 1.51312 6 
0 1.51824 6 
0 1.53762 6 
0 1.53815 6 
0 1.54313 6 
0 1.67617 6 
0 1.69927 6 
0 2.04163 6 
0 inf 6 
0 0.0546553 7 
0 0.0546565 7 
0 0.0613043 7 
0 0.0665783 7 
0 0.0672992 7 
0 0.0680114 7 
0 0.0701036 7 
0 0.0766672 7 
0 0.0889007 7 
0 0.0951765 7 
0 0.0996262 7 
0 0.104817 7 
0 0.107984 7 
0 0.109745 7 
0 0.118614 7 
0 0.119829 7 
0 0.123393 7 
0 0.12495 7 
0 0.126479 7 
0 0.127621 7 
0 0.130971 7 
0 0.132795 7 
0 0.132798 7 
0 0.138136 7 
0 0.139522 7 
0 0.149527 7 
0 0.158892 7 
0 0.160104 7 
0 0.162796 7 
0 0.164851 7 
0 0.168602 7 
0 0.170309 7 
0 0.171994 7 
0 0.171999 7 
0 0.177243 7 
0 0.177709 7 
0 0.1794 7 
0 0.18908 7 
0 0.193631 7 
0 0.194857 7 
0 0.195097 7 
0 0.203797 7 
0 0.204736 7 
0 0.220381 7 
0 0.220813 7 
0 0.230438 7 
0 0.23204 7 
0 0.232919 7 
0 0.233076 7 
0 0.243062 7 
0 0.243643 7 
0 0.24463 7 
0 0.250859 7 
0 0.253334 7 
0 0.262131 7 
0 0.286715 7 
0 0.295976 7 
0 0.309766 7 
0 0.313669 7 
0 0.315204 7 
0 0.323204 7 
0 0.334924 7 
0 0.358808 7 
0 0.38699 7 
0 0.387238 7 
0 0.409845 7 
0 0.425773 7 
0 0.44793 7 
0 0.473766 7 
0 0.478622 7 
0 0.485121 7 
0 0.642746 7 
0 0.696294 7 
0 0.725974 7 
0 0.828452 7 
0 0.83664 7 
0 0.994917 7 
0 1.03397 7 
0 1.12291 7 
0 1.14091 7 
0 1.14269 7 
0 1.14323 7 
0 1.1505 7 
0 1.15163 7 
0 1.17101 7 
0 1.19777 7 
0 1.20099 7 
0 1.21069 7 
0 1.2256 7 
0 1.22862 7 
0 1.23117 7 
0 1.238 7 
0 1.24216 7 
0 1.24228 7 
0 1.25603 7 
0 1.27236 7 
0 1.27633 7 
0 1.27784 7 
0 1.2784 7 
0 1.32061 7 
0 1.35707 7 
0 1.35802 7 
0 1.36175 7 
0 1.37054 7 
0 1.37443 7 
0 1.51204 7 
0 1.58936 7 
0 inf 7 
0 0.0416439 8 
0 0.0470819 8 
0 0.0714691 8 
0 0.0766721 8 
0 0.0838773 8 
0 0.0867007 8 
0 0.0936482 8 
0 0.0981847 8 
0 0.100594 8 
0 0.105722 8 
0 0.10663 8 
0 0.115733 8 
0 0.121824 8 
0 0.122212 8 
0 0.127239 8 
0 0.132072 8 
0 0.133159 8 
0 0.133876 8 
0 0.138497 8 
0 0.13882 8 
0 0.142263 8 
0 0.15048 8 
0 0.152348 8 
0 0.152718 8 
0 0.157685 8 
0 0.157983 8 
0 0.161611 8 
0 0.162508 8 
0 0.17615 8 
0 0.182862 8 
0 0.183917 8 
0 0.186002 8 
0 0.19111 8 
0 0.191362 8 
0 0.194853 8 
0 0.19577 8 
0 0.196996 8 
0 0.203798 8 
0 0.207545 8 
0 0.209166 8 
0 0.214398 8 
0 0.214846 8 
0 0.215754 8 
0 0.234162 8 
0 0.237653 8 
0 0.247381 8 
0 0.251621 8 
0 0.284693 8 
0 0.285863 8 
0 0.288376 8 
0 0.29155 8 
0 0.29482 8 
0 0.295979 8 
0 0.297439 8 
0 0.29744 8 
0 0.306361 8 
0 0.336929 8 
0 0.363352 8 
0 0.372263 8 
0 0.374168 8 
0 0.400325 8 
0 0.431823 8 
0 0.43305 8 
0 0.470926 8 
0 0.471114 8 
0 0.472748 8 
0 0.496693 8 
0 0.561095 8 
0 0.576344 8 
0 0.613076 8 
0 0.652569 8 
0 0.759329 8 
0 0.769354 8 
0 0.805961 8 
0 0.807812 8 
0 0.814372 8 
0 0.911728 8 
0 1.00048 8 
0 1.03852 8 
0 1.05143 8 
0 1.05404 8 
0 1.0555 8 
0 1.10588 8 
0 1.1461 8 
0 1.1461 8 
0 1.15427 8 
0 1.15514 8 
0 1.16076 8 
0 1.18051 8 
0 1.19821 8 
0 1.19821 8 
0 1.21541 8 
0 1.21763 8 
0 1.22458 8 
0 1.2258 8 
0 1.23621 8 
0 1.24297 8 
0 1.24545 8 
0 1.27566 8 
0 1.28304 8 
0 1.29905 8 
0 1.31921 8 
0 1.31979 8 
0 inf 8 
0 0.0613019 9 
0 0.0665815 9 
0 0.0803539 9 
0 0.0821502 9 
0 0.0910314 9 
0 0.0986589 9 
0 0.108813 9 
0 0.111482 9 
0 0.114 9 
0 0.120176 9 
0 0.122609 9 
0 0.134241 9 
0 0.13848 9 
0 0.139524 9 
0 0.145601 9 
0 0.150486 9 
0 0.151762 9 
0 0.156758 9 
0 0.159803 9 
0 0.160703 9 
0 0.168607 9 
0 0.170874 9 
0 0.171444 9 
0 0.194863 9 
0 0.19853 9 
0 0.199728 9 
0 0.201398 9 
0 0.203558 9 
0 0.204029 9 
0 0.212592 9 
0 0.220598 9 
0 0.222122 9 
0 0.223432 9 
0 0.224485 9 
0 0.228118 9 
0 0.229591 9 
0 0.232938 9 
0 0.244036 9 
0 0.244228 9 
0 0.247969 9 
0 0.249335 9 
0 0.255036 9 
0 0.276104 9 
0 0.277143 9 
0 0.279561 9 
0 0.301294 9 
0 0.303202 9 
0 0.306846 9 
0 0.31058 9 
0 0.313832 9 
0 0.344014 9 
0 0.355573 9 
0 0.358274 9 
0 0.375991 9 
0 0.405827 9 
0 0.421323 9 
0 0.442315 9 
0 0.443186 9 
0 0.446304 9 
0 0.482715 9 
0 0.498436 9 
0 0.579691 9 
0 0.626202 9 
0 0.648714 9 
0 0.672773 9 
0 0.722106 9 
0 0.724504 9 
0 0.795931 9 
0 0.804526 9 
0 0.818595 9 
0 0.865128 9 
0 0.873994 9 
0 1.00187 9 
0 1.00264 9 
0 1.01776 9 
0 1.02544 9 
0 1.02656 9 
0 1.03321 9 
0 1.03354 9 
0 1.13324 9 
0 1.1363 9 
0 1.14138 9 
0 1.21242 9 
0 1.21258 9 
0 1.21522 9 
0 1.21668 9 
0 1.21688 9 
0 1.21899 9 
0 1.22662 9 
0 1.22955 9 
0 1.23132 9 
0 1.2347 9 
0 1.23982 9 
0 1.24086 9 
0 1.31134 9 
0 1.31175 9 
0 1.3182 9 
0 1.33977 9 
0 1.34103 9 
0 inf 9 
0 0.0809629 10 
0 0.0821305 10 
0 0.100121 10 
0 0.11321 10 
0 0.117391 10 
0 0.1346 10 
0 0.146589 10 
0 0.147252 10 
0 0.163674 10 
0 0.165134 10 
0 0.165432 10 
0 0.170883 10 
0 0.171121 10 
0 0.171121 10 
0 0.173115 10 
0 0.176416 10 
0 0.178867 10 
0 0.181546 10 
0 0.186514 10 
0 0.188827 10 
0 0.193615 10 
0 0.193866 10 
0 0.195079 10 
0 0.197067 10 
0 0.200701 10 
0 0.210295 10 
0 0.211229 10 
0 0.212165 10 
0 0.21484 10 
0 0.232929 10 
0 0.23458 10 
0 0.238587 10 
0 0.242053 10 
0 0.246411 10 
0 0.24737 10 
0 0.253526 10 
0 0.267411 10 
0 0.281451 10 
0 0.297586 10 
0 0.301511 10 
0 0.306219 10 
0 0.306683 10 
0 0.30778 10 
0 0.320219 10 
0 0.335355 10 
0 0.361491 10 
0 0.367439 10 
0 0.399354 10 
0 0.420968 10 
0 0.424964 10 
0 0.430388 10 
0 0.464089 10 
0 0.524528 10 
0 0.539955 10 
0 0.629112 10 
0 0.635206 10 
0 0.63891 10 
0 0.643119 10 
0 0.659687 10 
0 0.669317 10 
0 0.712368 10 
0 0.715608 10 
0 0.721977 10 
0 0.790142 10 
0 0.819975 10 
0 0.838119 10 
0 0.839038 10 
0 0.975156 10 
0 0.989138 10 
0 0.991659 10 
0 1.01173 10 
0 1.01287 10 
0 1.027 10 
0 1.14201 10 
0 1.14391 10 
0 1.15531 10 
0 1.15843 10 
0 1.16395 10 
0 1.2373 10 
0 1.24115 10 
0 1.24638 10 
0 1.24835 10 
0 1.24862 10 
0 1.26175 10 
0 1.26815 10 
0 1.30234 10 
0 1.31465 10 
0 1.31509 10 
0 1.31768 10 
0 1.31768 10 
0 1.31948 10 
0 1.31966 10 
0 1.32075 10 
0 1.32166 10 
0 1.32436 10 
0 inf 10 
0 0.0971744 11 
0 0.114891 11 
0 0.120573 11 
0 0.131707 11 
0 0.140552 11 
0 0.140846 11 
0 0.145277 11 
0 0.148874 11 
0 0.151445 11 
0 0.151765 11 
0 0.169743 11 
0 0.173957 11 
0 0.182339 11 
0 0.184699 11 
0 0.185986 11 
0 0.194101 11 
0 0.196799 11 
0 0.198529 11 
0 0.20192 11 
0 0.206155 11 
0 0.221474 11 
0 0.228747 11 
0 0.230858 11 
0 0.233338 11 
0 0.255984 11 
0 0.271157 11 
0 0.272051 11 
0 0.278873 11 
0 0.279377 11 
0 0.28435 11 
0 0.284529 11 
0 0.304165 11 
0 0.305903 11 
0 0.307004 11 
0 0.316428 11 
0 0.317189 11 
0 0.317637 11 
0 0.318709 11 
0 0.318999 11 
0 0.319458 11 
0 0.322016 11 
0 0.333629 11 
0 0.343301 11 
0 0.361229 11 
0 0.38561 11 
0 0.38673 11 
0 0.409959 11 
0 0.410312 11 
0 0.434499 11 
0 0.451476 11 
0 0.452119 11 
0 0.496402 11 
0 0.504406 11 
0 0.531922 11 
0 0.555851 11 
0 0.561457 11 
0 0.646635 11 
0 0.654333 11 
0 0.659596 11 
0 0.663094 11 
0 0.685461 11 
0 0.726044 11 
0 0.732722 11 
0 0.864902 11 
0 0.868903 11 
0 0.870619 11 
0 0.97846 11 
0 0.97846 11 
0 0.981265 11 
0 0.984353 11 
0 0.985966 11 
0 1.15473 11 
0 1.15973 11 
0 1.16271 11 
0 1.16499 11 
0 1.1795 11 
0 1.18145 11 
0 1.18173 11 
0 1.21331 11 
0 1.21426 11 
0 1.21537 11 
0 1.21601 11 
0 1.22 11 
0 1.23519 11 
0 1.23788 11 
0 1.24796 11 
0 1.25214 11 
0 1.25583 11 
0 1.32287 11 
0 1.32618 11 
0 1.3435 11 
0 inf 11 
0 0.0976625 12 
0 0.103408 12 
0 0.126469 12 
0 0.132451 12 
0 0.15108 12 
0 0.162777 12 
0 0.187024 12 
0 0.187313 12 
0 0.189082 12 
0 0.214866 12 
0 0.222994 12 
0 0.222995 12 
0 0.226211 12 
0 0.235198 12 
0 0.236841 12 
0 0.241866 12 
0 0.242256 12 
0 0.242256 12 
0 0.250854 12 
0 0.259354 12 
0 0.260831 12 
0 0.270623 12 
0 0.271863 12 
0 0.272045 12 
0 0.272233 12 
0 0.276962 12 
0 0.284173 12 
0 0.284343 12 
0 0.289217 12 
0 0.294335 12 
0 0.296942 12 
0 0.308564 12 
0 0.308719 12 
0 0.313682 12 
0 0.318702 12 
0 0.340059 12 
0 0.34457 12 
0 0.346238 12 
0 0.346239 12 
0 0.353713 12 
0 0.35385 12 
0 0.367181 12 
0 0.374452 12 
0 0.375359 12 
0 0.378548 12 
0 0.385616 12 
0 0.414863 12 
0 0.429918 12 
0 0.457746 12 
0 0.474872 12 
0 0.560317 12 
0 0.611166 12 
0 0.621099 12 
0 0.645378 12 
0 0.670054 12 
0 0.719162 12 
0 0.756722 12 
0 0.758058 12 
0 0.777867 12 
0 0.786385 12 
0 0.806827 12 
0 0.824106 12 
0 0.999751 12 
0 1.00413 12 
0 1.00958 12 
0 1.02055 12 
0 1.03294 12 
0 1.13715 12 
0 1.14361 12 
0 1.14391 12 
0 1.14782 12 
0 1.14916 12 
0 1.19733 12 
0 1.20022 12 
0 1.21061 12 
0 1.2114 12 
0 1.22324 12 
0 1.22702 12 
0 1.23016 12 
0 1.23035 12 
0 1.23211 12 
0 1.24282 12 
0 1.2696 12 
0 1.28037 12 
0 1.32001 12 
0 1.32165 12 
0 1.32213 12 
0 inf 12 
0 0.0991314 13 
0 0.101534 13 
0 0.140241 13 
0 0.141925 13 
0 0.143257 13 
0 0.147569 13 
0 0.161004 13 
0 0.176949 13 
0 0.176972 13 
0 0.176973 13 
0 0.197557 13 
0 0.216192 13 
0 0.235796 13 
0 0.237024 13 
0 0.239449 13 
0 0.239855 13 
0 0.240253 13 
0 0.241458 13 
0 0.255237 13 
0 0.255803 13 
0 0.283493 13 
0 0.285695 13 
0 0.293357 13 
0 0.294346 13 
0 0.306365 13 
0 0.309029 13 
0 0.322913 13 
0 0.323651 13 
0 0.324842 13 
0 0.325434 13 
0 0.326029 13 
0 0.334199 13 
0 0.335781 13 
0 0.363219 13 
0 0.369269 13 
0 0.376507 13 
0 0.399478 13 
0 0.399482 13 
0 0.400083 13 
0 0.406653 13 
0 0.416947 13 
0 0.440439 13 
0 0.450818 13 
0 0.532453 13 
0 0.548944 13 
0 0.586377 13 
0 0.609885 13 
0 0.614999 13 
0 0.616173 13 
0 0.638007 13 
0 0.66143 13 
0 0.667314 13 
0 0.688836 13 
0 0.718631 13 
0 0.719903 13 
0 0.816409 13 
0 0.817117 13 
0 0.817825 13 
0 0.989625 13 
0 0.99835 13 
0 1.01501 13 
0 1.01728 13 
0 1.02126 13 
0 1.13392 13 
0 1.1366 13 
0 1.14694 13 
0 1.14694 13 
0 1.14862 13 
0 1.17486 13 
0 1.1871 13 
0 1.18896 13 
0 1.18917 13 
0 1.18917 13 
0 1.20945 13 
0 1.21124 13 
0 1.21124 13 
0 1.2116 13 
0 1.22056 13 
0 1.25904 13 
0 1.2872 13 
0 1.2884 13 
0 1.29292 13 
0 1.29437 13 
0 inf 13 
0 0.0966652 14 
0 0.0991256 14 
0 0.0991569 14 
0 0.139173 14 
0 0.153015 14 
0 0.192367 14 
0 0.192367 14 
0 0.199015 14 
0 0.203324 14 
0 0.218411 14 
0 0.230635 14 
0 0.231266 14 
0 0.231679 14 
0 0.232098 14 
0 0.236812 14 
0 0.238635 14 
0 0.246211 14 
0 0.24659 14 
0 0.247175 14 
0 0.247973 14 
0 0.249503 14 
0 0.251243 14 
0 0.259537 14 
0 0.26176 14 
0 0.268481 14 
0 0.278005 14 
0 0.288045 14 
0 0.294172 14 
0 0.294663 14 
0 0.341471 14 
0 0.342742 14 
0 0.345679 14 
0 0.35625 14 
0 0.365598 14 
0 0.407963 14 
0 0.426095 14 
0 0.426443 14 
0 0.429258 14 
0 0.432162 14 
0 0.437476 14 
0 0.547096 14 
0 0.568183 14 
0 0.578758 14 
0 0.638234 14 
0 0.64072 14 
0 0.641247 14 
0 0.642372 14 
0 0.654632 14 
0 0.819119 14 
0 0.838652 14 
0 0.84352 14 
0 0.98909 14 
0 0.99128 14 
0 0.992882 14 
0 0.994919 14 
0 0.994919 14 
0 1.13154 14 
0 1.14172 14 
0 1.16986 14 
0 1.18166 14 
0 1.18532 14 
0 1.18715 14 
0 1.18796 14 
0 1.22855 14 
0 1.23137 14 
0 1.23734 14 
0 1.24607 14 
0 1.24688 14 
0 1.2779 14 
0 1.3093 14 
0 1.31344 14 
0 1.31765 14 
0 1.3216 14 
0 1.3216 14 
0 1.3351 14 
0 1.3351 14 
0 1.3439 14 
0 1.3498 14 
0 1.35194 14 
0 inf 14 
0 0.103893 15 
0 0.11278 15 
0 0.12948 15 
0 0.140886 15 
0 0.154891 15 
0 0.156131 15 
0 0.17532 15 
0 0.179666 15 
0 0.206384 15 
0 0.215521 15 
0 0.215756 15 
0 0.227905 15 
0 0.23168 15 
0 0.232094 15 
0 0.238867 15 
0 0.245237 15 
0 0.248147 15 
0 0.248167 15 
0 0.248749 15 
0 0.250276 15 
0 0.254856 15 
0 0.261213 15 
0 0.263956 15 
0 0.266134 15 
0 0.272045 15 
0 0.272045 15 
0 0.297587 15 
0 0.298074 15 
0 0.303203 15 
0 0.308402 15 
0 0.325429 15 
0 0.333908 15 
0 0.374962 15 
0 0.39754 15 
0 0.406172 15 
0 0.409954 15 
0 0.438909 15 
0 0.457293 15 
0 0.464715 15 
0 0.47548 15 
0 0.480819 15 
0 0.567759 15 
0 0.588593 15 
0 0.625422 15 
0 0.641473 15 
0 0.641849 15 
0 0.643647 15 
0 0.645442 15 
0 0.830322 15 
0 0.835414 15 
0 0.835414 15 
0 0.977723 15 
0 0.980036 15 
0 0.980675 15 
0 0.982393 15 
0 0.982393 15 
0 1.13893 15 
0 1.13914 15 
0 1.13952 15 
0 1.14083 15 
0 1.15502 15 
0 1.20727 15 
0 1.20788 15 
0 1.21074 15 
0 1.21823 15 
0 1.24452 15 
0 1.24823 15 
0 1.25101 15 
0 1.28187 15 
0 1.29883 15 
0 1.31307 15 
0 1.31428 15 
0 1.32167 15 
0 1.32185 15 
0 1.32312 15 
0 inf 15 
0 0.116992 16 
0 0.121029 16 
0 0.148554 16 
0 0.156743 16 
0 0.161295 16 
0 0.161888 16 
0 0.162785 16 
0 0.168021 16 
0 0.168305 16 
0 0.168603 16 
0 0.169463 16 
0 0.171986 16 
0 0.175327 16 
0 0.178593 16 
0 0.181803 16 
0 0.184436 16 
0 0.186184 16 
0 0.189264 16 
0 0.191855 16 
0 0.193106 16 
0 0.233768 16 
0 0.243841 16 
0 0.264699 16 
0 0.270638 16 
0 0.273296 16 
0 0.287058 16 
0 0.302098 16 
0 0.305112 16 
0 0.312748 16 
0 0.317034 16 
0 0.319457 16 
0 0.322457 16 
0 0.325276 16 
0 0.33247 16 
0 0.386846 16 
0 0.38933 16 
0 0.437365 16 
0 0.440553 16 
0 0.451883 16 
0 0.45887 16 
0 0.460548 16 
0 0.530827 16 
0 0.582834 16 
0 0.618762 16 
0 0.63914 16 
0 0.642448 16 
0 0.643647 16 
0 0.647305 16 
0 0.712233 16 
0 0.738147 16 
0 0.920975 16 
0 0.985332 16 
0 0.985577 16 
0 0.986359 16 
0 0.986896 16 
0 1.14049 16 
0 1.15727 16 
0 1.16163 16 
0 1.16176 16 
0 1.1812 16 
0 1.18418 16 
0 1.19212 16 
0 1.19257 16 
0 1.21941 16 
0 1.22024 16 
0 1.22028 16 
0 1.22107 16 
0 1.25935 16 
0 1.30903 16 
0 1.30917 16 
0 1.30947 16 
0 inf 16 
0 0.132786 17 
0 0.143269 17 
0 0.143894 17 
0 0.151432 17 
0 0.166004 17 
0 0.177774 17 
0 0.186245 17 
0 0.194125 17 
0 0.198736 17 
0 0.198737 17 
0 0.215739 17 
0 0.218641 17 
0 0.233948 17 
0 0.235796 17 
0 0.238236 17 
0 0.239866 17 
0 0.245801 17 
0 0.247776 17 
0 0.250869 17 
0 0.253331 17 
0 0.254071 17 
0 0.27243 17 
0 0.272769 17 
0 0.274875 17 
0 0.276441 17 
0 0.307595 17 
0 0.335898 17 
0 0.346239 17 
0 0.3646 17 
0 0.40761 17 
0 0.414983 17 
0 0.420173 17 
0 0.420177 17 
0 0.428354 17 
0 0.429379 17 
0 0.437806 17 
0 0.438025 17 
0 0.440112 17 
0 0.449426 17 
0 0.463466 17 
0 0.46956 17 
0 0.660494 17 
0 0.661733 17 
0 0.662824 17 
0 0.662896 17 
0 0.828543 17 
0 0.846491 17 
0 0.984206 17 
0 0.988894 17 
0 0.990112 17 
0 1.00762 17 
0 1.13393 17 
0 1.1363 17 
0 1.1363 17 
0 1.13956 17 
0 1.17154 17 
0 1.17855 17 
0 1.17855 17 
0 1.17892 17 
0 1.21692 17 
0 1.22972 17 
0 1.23273 17 
0 1.23461 17 
0 1.27656 17 
0 1.28586 17 
0 1.2884 17 
0 1.28874 17 
0 inf 17 
0 0.119012 18 
0 0.151398 18 
0 0.154289 18 
0 0.154601 18 
0 0.156097 18 
0 0.156099 18 
0 0.157075 18 
0 0.212132 18 
0 0.213265 18 
0 0.230234 18 
0 0.232509 18 
0 0.23563 18 
0 0.252589 18 
0 0.254473 18 
0 0.258621 18 
0 0.262867 18 
0 0.263593 18 
0 0.271699 18 
0 0.277658 18 
0 0.282139 18 
0 0.309186 18 
0 0.309187 18 
0 0.311682 18 
0 0.312454 18 
0 0.327951 18 
0 0.329271 18 
0 0.338329 18 
0 0.339489 18 
0 0.343297 18 
0 0.405601 18 
0 0.415347 18 
0 0.419145 18 
0 0.430388 18 
0 0.567511 18 
0 0.568528 18 
0 0.570559 18 
0 0.611168 18 
0 0.624418 18 
0 0.633381 18 
0 0.638835 18 
0 0.654557 18 
0 0.775493 18 
0 0.819239 18 
0 1.01814 18 
0 1.01885 18 
0 1.01922 18 
0 1.02446 18 
0 1.14087 18 
0 1.14087 18 
0 1.14425 18 
0 1.15635 18 
0 1.22466 18 
0 1.22513 18 
0 1.22702 18 
0 1.2289 18 
0 1.23902 18 
0 1.23932 18 
0 1.23945 18 
0 1.24042 18 
0 1.31907 18 
0 1.31955 18 
0 1.32112 18 
0 1.33473 18 
0 inf 18 
0 0.0850216 19 
0 0.104812 19 
0 0.114059 19 
0 0.158582 19 
0 0.174521 19 
0 0.178885 19 
0 0.18076 19 
0 0.204026 19 
0 0.224924 19 
0 0.228118 19 
0 0.230002 19 
0 0.232482 19 
0 0.232482 19 
0 0.239854 19 
0 0.242228 19 
0 0.25673 19 
0 0.258422 19 
0 0.262494 19 
0 0.275743 19 
0 0.277314 19 
0 0.277483 19 
0 0.279216 19 
0 0.281279 19 
0 0.285027 19 
0 0.289555 19 
0 0.292037 19 
0 0.30399 19 
0 0.30777 19 
0 0.394143 19 
0 0.420986 19 
0 0.430276 19 
0 0.430276 19 
0 0.432621 19 
0 0.688785 19 
0 0.689903 19 
0 0.708713 19 
0 0.826791 19 
0 0.83115 19 
0 0.981066 19 
0 0.984253 19 
0 0.986991 19 
0 1.05829 19 
0 1.07025 19 
0 1.13948 19 
0 1.15448 19 
0 1.15448 19 
0 1.15448 19 
0 1.22469 19 
0 1.23234 19 
0 1.23234 19 
0 1.24201 19 
0 1.24356 19 
0 1.24758 19 
0 1.32654 19 
0 1.33332 19 
0 1.33357 19 
0 1.50543 19 
0 1.89443 19 
0 2.38568 19 
0 inf 19 
0 0.116565 20 
0 0.126473 20 
0 0.133519 20 
0 0.134234 20 
0 0.136022 20 
0 0.142598 20 
0 0.144278 20 
0 0.149525 20 
0 0.162495 20 
0 0.187031 20 
0 0.191361 20 
0 0.192043 20 
0 0.197241 20 
0 0.198301 20 
0 0.200957 20 
0 0.214108 20 
0 0.215744 20 
0 0.25315 20 
0 0.258433 20 
0 0.262495 20 
0 0.266679 20 
0 0.278869 20 
0 0.282143 20 
0 0.285025 20 
0 0.29187 20 
0 0.295649 20 
0 0.298084 20 
0 0.308406 20 
0 0.311981 20 
0 0.319459 20 
0 0.33145 20 
0 0.397419 20 
0 0.426791 20 
0 0.4398 20 
0 0.4398 20 
0 0.462338 20 
0 0.653451 20 
0 0.659395 20 
0 0.673279 20 
0 0.744565 20 
0 0.845405 20 
0 0.989324 20 
0 0.989324 20 
0 1.00226 20 
0 1.01468 20 
0 1.01468 20 
0 1.15972 20 
0 1.16271 20 
0 1.24282 20 
0 1.24313 20 
0 1.29243 20 
0 1.29243 20 
0 1.32192 20 
0 1.32356 20 
0 1.86712 20 
0 inf 20 
