5.20181 8.89618 1 
0.892892 2.2661 1 
0.205425 0.263154 1 
0.128699 0.190608 1 
0.119543 0.12262 1 
0.110552 0.129058 1 
0.0766074 0.0816692 1 
0.0705292 0.0726116 1 
0.0510769 0.0549383 1 
0.0411751 0.042291 1 
0.0411748 0.0507055 1 
0.0366292 0.0383674 1 
0.0283042 0.0299045 1 
0.0279734 0.0728676 1 
0.0272989 0.0299044 1 
0.0251691 0.0259033 1 
0.0240366 0.026956 1 
0.0232442 0.023641 1 
6.61397 6.64462 2 
6.60991 6.65604 2 
4.3075 6.67503 2 
0.726035 3.02911 2 
0.217283 0.22779 2 
0.205284 0.222486 2 
0.197652 0.215208 2 
0.190312 0.235231 2 
0.189724 0.213995 2 
0.182055 0.249188 2 
0.178964 0.189036 2 
0.171739 0.189185 2 
0.110552 0.12495 2 
0.0683831 0.0890878 2 
0.0644542 0.0683849 2 
0.0599648 0.060119 2 
0.0554435 0.0557821 2 
0.0528616 0.0530435 2 
0.0462868 0.0490243 2 
0.0383628 0.0397878 2 
0.0353305 0.0393236 2 
0.0308239 0.0322999 2 
0.0272984 0.033154 2 
4.34045 5.00949 3 
4.33301 4.91704 3 
4.05225 5.01867 3 
0.672302 3.16876 3 
0.271173 0.285138 3 
0.204922 0.205741 3 
0.194665 0.205742 3 
0.189674 0.194859 3 
0.177237 0.204059 3 
0.101319 0.109281 3 
0.0495909 0.0503364 3 
0.0331541 0.0404909 3 
0.0279735 0.0366251 3 
0.0262555 0.0289541 3 
2.98178 3.00673 4 
1.2199 3.0138 4 
0.242253 0.25001 4 
0.214651 0.221532 4 
0.177233 0.178697 4 
0.176127 0.213429 4 
0.176127 0.208214 4 
0.175489 0.185852 4 
0.174799 0.22228 4 
0.174639 0.21698 4 
0.0450635 0.0537405 4 
2.67492 2.69107 5 
1.57799 2.70378 5 
0.204924 0.20497 5 
0.194332 0.214082 5 
0.169553 0.189134 5 
0.157179 0.169553 5 
0.0814415 0.0952543 5 
2.62037 2.65386 6 
2.49262 2.62471 6 
2.38746 2.42956 6 
2.17476 2.44383 6 
2.15054 2.43669 6 
2.14777 2.44662 6 
2.12405 2.43011 6 
0.210754 0.230956 6 
0.146625 0.182256 6 
0.14368 0.159999 6 
0.100113 0.104037 6 
0.0970913 0.100118 6 
0.0835769 0.0836906 6 
3.1336 3.13784 7 
2.71901 2.78907 7 
1.71083 2.20434 7 
1.66693 2.18422 7 
1.66214 2.18592 7 
0.155571 0.157593 7 
0.128766 0.148394 7 
0.12848 0.129559 7 
0.128191 0.157469 7 
2.04216 2.35448 8 
1.99358 2.15393 8 
1.82247 2.19305 8 
1.7795 1.91576 8 
1.31251 1.918 8 
0.538386 0.582415 8 
0.115097 0.139729 8 
0.10937 0.115658 8 
0.109369 0.126727 8 
2.84178 2.84865 9 
2.84143 2.87001 9 
2.43255 2.49642 9 
2.4031 2.48657 9 
1.3934 1.40951 9 
1.23234 1.68571 9 
0.124953 0.129781 9 
2.17977 2.23523 10 
2.15133 2.22192 10 
1.25921 1.30827 10 
1.23307 1.50009 10 
0.0791208 0.081778 10 
1.30692 1.52292 11 
1.30681 1.52664 11 
1.27309 1.4654 11 
1.238 1.24079 11 
1.14803 1.37012 11 
1.13182 1.39058 11 
1.12923 1.4986 11 
0.982579 1.01307 11 
0.948619 0.968595 11 
1.70575 1.72669 12 
1.6294 1.66423 12 
1.62332 1.67143 12 
1.36194 1.49317 12 
1.01702 1.04608 12 
0.790602 1.1451 12 
0.759373 0.986174 12 
0.49385 0.517897 12 
2.15272 2.15678 13 
2.14792 2.15235 13 
1.13868 1.15302 13 
1.07617 1.09821 13 
0.965685 1.02758 13 
2.42584 2.43484 14 
2.42469 2.43432 14 
2.42137 2.43138 14 
2.07715 2.119 15 
2.06968 2.11266 15 
1.00815 1.02919 15 
1.00789 1.03294 15 
0.488826 0.511053 15 
1.39758 1.4565 16 
1.37753 1.40581 16 
1.30948 1.67701 16 
1.3093 1.68941 16 
1.11318 1.15305 16 
0.841967 0.916868 16 
0.807312 0.808256 16 
0.573683 0.576942 16 
0.556228 0.557906 18 
0.485692 0.679553 19 
0.748613 0.791798 20 
0.551487 0.791374 20 
