0 0.0262726 1 
0 0.0334873 1 
0 0.034752 1 
0 0.0359723 1 
0 0.044542 1 
0 0.0508717 1 
0 0.0517143 1 
0 0.0525416 1 
0 0.0525416 1 
0 0.0541575 1 
0 0.0549519 1 
0 0.0549519 1 
0 0.0557233 1 
0 0.0557233 1 
0 0.0557267 1 
0 0.0564957 1 
0 0.0579968 1 
0 0.0594694 1 
0 0.0616078 1 
0 0.063672 1 
0 0.0636759 1 
0 0.065008 1 
0 0.0656672 1 
0 0.0669759 1 
0 0.0669759 1 
0 0.0682537 1 
0 0.0688784 1 
0 0.0695053 1 
0 0.0701164 1 
0 0.0701196 1 
0 0.0701221 1 
0 0.0707298 1 
0 0.0713422 1 
0 0.0719471 1 
0 0.0725355 1 
0 0.0725393 1 
0 0.0754452 1 
0 0.0754452 1 
0 0.0754504 1 
0 0.0754541 1 
0 0.0765915 1 
0 0.0771445 1 
0 0.0771493 1 
0 0.0777013 1 
0 0.0777013 1 
0 0.0782564 1 
0 0.0788071 1 
0 0.0820251 1 
0 0.0841031 1 
0 0.0856257 1 
0 0.0876137 1 
0 0.0881116 1 
0 0.0900451 1 
0 0.0900493 1 
0 0.0919398 1 
0 0.0928788 1 
0 0.0938026 1 
0 0.0942613 1 
0 0.0947231 1 
0 0.0956171 1 
0 0.0956195 1 
0 0.0974076 1 
0 0.097413 1 
0 0.0982916 1 
0 0.0991676 1 
0 0.100463 1 
0 0.102158 1 
0 0.105482 1 
0 0.105892 1 
0 0.107511 1 
0 0.109099 1 
0 0.10989 1 
0 0.111835 1 
0 0.112604 1 
0 0.115252 1 
0 0.11563 1 
0 0.120737 1 
0 0.12495 1 
0 0.130359 1 
0 0.130679 1 
0 0.134904 1 
0 0.139313 1 
0 0.14478 1 
0 0.151188 1 
0 0.152324 1 
0 0.153735 1 
0 0.164313 1 
0 0.167684 1 
0 0.171004 1 
0 0.182469 1 
0 0.183177 1 
0 0.193262 1 
0 0.219978 1 
0 0.231258 1 
0 0.236234 1 
0 0.236416 1 
0 0.251622 1 
0 0.25231 1 
0 0.266435 1 
0 0.301094 1 
0 0.305217 1 
0 0.330717 1 
0 0.338963 1 
0 0.344772 1 
0 0.361022 1 
0 0.375424 1 
0 0.376929 1 
0 0.441298 1 
0 0.471591 1 
0 0.481221 1 
0 0.500916 1 
0 0.514874 1 
0 0.522187 1 
0 0.526285 1 
0 0.547101 1 
0 0.615022 1 
0 0.741819 1 
0 0.782901 1 
0 0.862844 1 
0 0.882024 1 
0 0.947234 1 
0 0.965076 1 
0 1.4533 1 
0 2.10845 1 
0 2.14989 1 
0 2.87191 1 
0 2.90127 1 
0 4.44516 1 
0 4.81427 1 
0 4.86177 1 
0 5.21512 1 
0 inf 1 
0 0.0394045 2 
0 0.0415332 2 
0 0.0425607 2 
0 0.0517084 2 
0 0.0541524 2 
0 0.0541541 2 
0 0.0549469 2 
0 0.0549469 2 
0 0.0549519 2 
0 0.0549519 2 
0 0.055725 2 
0 0.0572538 2 
0 0.0587472 2 
0 0.0594697 2 
0 0.059471 2 
0 0.0594741 2 
0 0.0601933 2 
0 0.0616078 2 
0 0.062991 2 
0 0.0629931 2 
0 0.0643515 2 
0 0.0656714 2 
0 0.0669759 2 
0 0.0682478 2 
0 0.0688789 2 
0 0.0688803 2 
0 0.071942 2 
0 0.0725329 2 
0 0.07602 2 
0 0.0777023 2 
0 0.0793553 2 
0 0.0804341 2 
0 0.0809643 2 
0 0.0820232 2 
0 0.0830699 2 
0 0.0830726 2 
0 0.0835933 2 
0 0.0851181 2 
0 0.0851213 2 
0 0.0851312 2 
0 0.0856365 2 
0 0.0861293 2 
0 0.0881053 2 
0 0.0905262 2 
0 0.0909955 2 
0 0.0938006 2 
0 0.0960732 2 
0 0.0978525 2 
0 0.100031 2 
0 0.100459 2 
0 0.100459 2 
0 0.100463 2 
0 0.100887 2 
0 0.102588 2 
0 0.103004 2 
0 0.105482 2 
0 0.105889 2 
0 0.106298 2 
0 0.107108 2 
0 0.107907 2 
0 0.107912 2 
0 0.109102 2 
0 0.112218 2 
0 0.113751 2 
0 0.11526 2 
0 0.116378 2 
0 0.118937 2 
0 0.124257 2 
0 0.129694 2 
0 0.130684 2 
0 0.132979 2 
0 0.136811 2 
0 0.13713 2 
0 0.139933 2 
0 0.140854 2 
0 0.14177 2 
0 0.143276 2 
0 0.156517 2 
0 0.189883 2 
0 0.212397 2 
0 0.21542 2 
0 0.216417 2 
0 0.217214 2 
0 0.226546 2 
0 0.246248 2 
0 0.249901 2 
0 0.260051 2 
0 0.291043 2 
0 0.292373 2 
0 0.300807 2 
0 0.328764 2 
0 0.336149 2 
0 0.360422 2 
0 0.36801 2 
0 0.397434 2 
0 0.403746 2 
0 0.403775 2 
0 0.404194 2 
0 0.447632 2 
0 0.450336 2 
0 0.454427 2 
0 0.458953 2 
0 0.554151 2 
0 0.616881 2 
0 0.650485 2 
0 0.65602 2 
0 0.658032 2 
0 0.660941 2 
0 0.669903 2 
0 0.6779 2 
0 0.684835 2 
0 0.709727 2 
0 0.793062 2 
0 0.964239 2 
0 1.21975 2 
0 1.69011 2 
0 1.77517 2 
0 1.90022 2 
0 2.26826 2 
0 3.28161 2 
0 3.58745 2 
0 3.64563 2 
0 3.71737 2 
0 3.72613 2 
0 4.06573 2 
0 4.13279 2 
0 4.20839 2 
0 inf 2 
0 0.0359723 3 
0 0.0482588 3 
0 0.0517137 3 
0 0.0549485 3 
0 0.0549502 3 
0 0.0572544 3 
0 0.0608988 3 
0 0.062999 3 
0 0.06367 3 
0 0.065671 3 
0 0.0669731 3 
0 0.068879 3 
0 0.0695053 3 
0 0.0707269 3 
0 0.0707295 3 
0 0.0737169 3 
0 0.0737207 3 
0 0.0765891 3 
0 0.077703 3 
0 0.0788129 3 
0 0.0793551 3 
0 0.079356 3 
0 0.0798912 3 
0 0.0804284 3 
0 0.0804353 3 
0 0.0825578 3 
0 0.0846184 3 
0 0.0856292 3 
0 0.0866374 3 
0 0.0871288 3 
0 0.0900484 3 
0 0.0905239 3 
0 0.0905293 3 
0 0.0919408 3 
0 0.0928758 3 
0 0.0933407 3 
0 0.0956163 3 
0 0.0965185 3 
0 0.097843 3 
0 0.099598 3 
0 0.102581 3 
0 0.105482 3 
0 0.107912 3 
0 0.1091 3 
0 0.109105 3 
0 0.10989 3 
0 0.112603 3 
0 0.113366 3 
0 0.113367 3 
0 0.117109 3 
0 0.118213 3 
0 0.120742 3 
0 0.124257 3 
0 0.129026 3 
0 0.132326 3 
0 0.140549 3 
0 0.141764 3 
0 0.150044 3 
0 0.150327 3 
0 0.163782 3 
0 0.164834 3 
0 0.165361 3 
0 0.166141 3 
0 0.174738 3 
0 0.18341 3 
0 0.184584 3 
0 0.185281 3 
0 0.186209 3 
0 0.18621 3 
0 0.189197 3 
0 0.198105 3 
0 0.205586 3 
0 0.205798 3 
0 0.238058 3 
0 0.242014 3 
0 0.255704 3 
0 0.259066 3 
0 0.274727 3 
0 0.28384 3 
0 0.330725 3 
0 0.335768 3 
0 0.353656 3 
0 0.358 3 
0 0.391402 3 
0 0.402503 3 
0 0.402805 3 
0 0.404623 3 
0 0.414022 3 
0 0.417213 3 
0 0.434224 3 
0 0.484573 3 
0 0.524323 3 
0 0.549081 3 
0 0.550415 3 
0 0.560617 3 
0 0.5628 3 
0 0.56817 3 
0 0.581155 3 
0 0.601196 3 
0 0.601718 3 
0 0.632188 3 
0 0.63851 3 
0 0.640601 3 
0 0.671364 3 
0 0.781668 3 
0 0.898489 3 
0 1.10553 3 
0 1.1808 3 
0 1.29474 3 
0 1.60444 3 
0 1.60847 3 
0 1.61515 3 
0 1.61534 3 
0 1.6784 3 
0 2.0657 3 
0 2.54878 3 
0 2.93196 3 
0 3.15369 3 
0 3.16754 3 
0 3.16761 3 
0 3.81651 3 
0 3.84083 3 
0 3.85339 3 
0 inf 3 
0 0.0393976 4 
0 0.0394041 4 
0 0.0508688 4 
0 0.051712 4 
0 0.0525363 4 
0 0.0533531 4 
0 0.0549469 4 
0 0.0557317 4 
0 0.0565006 4 
0 0.0594694 4 
0 0.0616033 4 
0 0.062991 4 
0 0.0650106 4 
0 0.0707314 4 
0 0.0707348 4 
0 0.0737203 4 
0 0.0748823 4 
0 0.0754525 4 
0 0.0754563 4 
0 0.0760187 4 
0 0.076019 4 
0 0.0760224 4 
0 0.0771466 4 
0 0.0771529 4 
0 0.07936 4 
0 0.079897 4 
0 0.0835911 4 
0 0.0835922 4 
0 0.0840936 4 
0 0.0840991 4 
0 0.0846144 4 
0 0.0851312 4 
0 0.0856365 4 
0 0.0866256 4 
0 0.0900472 4 
0 0.0900503 4 
0 0.0905282 4 
0 0.0938025 4 
0 0.0947143 4 
0 0.0947143 4 
0 0.0965237 4 
0 0.0969675 4 
0 0.0978506 4 
0 0.0991635 4 
0 0.0991675 4 
0 0.100032 4 
0 0.100886 4 
0 0.109104 4 
0 0.135861 4 
0 0.140851 4 
0 0.144183 4 
0 0.147139 4 
0 0.149179 4 
0 0.162728 4 
0 0.185279 4 
0 0.185282 4 
0 0.191688 4 
0 0.197238 4 
0 0.200488 4 
0 0.205167 4 
0 0.209123 4 
0 0.234037 4 
0 0.243254 4 
0 0.265466 4 
0 0.26613 4 
0 0.28566 4 
0 0.293254 4 
0 0.295015 4 
0 0.310122 4 
0 0.312038 4 
0 0.316857 4 
0 0.318908 4 
0 0.33009 4 
0 0.342761 4 
0 0.352558 4 
0 0.39121 4 
0 0.426819 4 
0 0.429059 4 
0 0.433222 4 
0 0.449871 4 
0 0.484669 4 
0 0.510849 4 
0 0.511341 4 
0 0.52497 4 
0 0.530853 4 
0 0.534092 4 
0 0.544381 4 
0 0.55363 4 
0 0.569449 4 
0 0.57087 4 
0 0.577101 4 
0 0.577498 4 
0 0.592756 4 
0 0.593265 4 
0 0.593416 4 
0 0.600927 4 
0 0.74989 4 
0 0.774184 4 
0 0.800143 4 
0 1.02872 4 
0 1.07413 4 
0 1.07445 4 
0 1.07481 4 
0 1.10892 4 
0 1.59766 4 
0 1.59973 4 
0 1.78377 4 
0 1.80254 4 
0 2.03706 4 
0 2.20996 4 
0 2.21019 4 
0 2.2102 4 
0 2.56182 4 
0 2.66616 4 
0 2.75842 4 
0 2.81047 4 
0 3.50601 4 
0 3.50856 4 
0 3.50885 4 
0 inf 4 
0 0.01858 5 
0 0.0207731 5 
0 0.050017 5 
0 0.0533527 5 
0 0.0541575 5 
0 0.0549418 5 
0 0.0549469 5 
0 0.05572 5 
0 0.056496 5 
0 0.0572549 5 
0 0.0594725 5 
0 0.0601927 5 
0 0.0629887 5 
0 0.0629919 5 
0 0.0636642 5 
0 0.0636712 5 
0 0.0636715 5 
0 0.0663255 5 
0 0.0669662 5 
0 0.0682455 5 
0 0.0688749 5 
0 0.0707345 5 
0 0.0713409 5 
0 0.0719432 5 
0 0.0737194 5 
0 0.0760219 5 
0 0.0777055 5 
0 0.0788087 5 
0 0.080433 5 
0 0.0825522 5 
0 0.0846107 5 
0 0.0866255 5 
0 0.097413 5 
0 0.100884 5 
0 0.102163 5 
0 0.102584 5 
0 0.102585 5 
0 0.113752 5 
0 0.124256 5 
0 0.12529 5 
0 0.127008 5 
0 0.128358 5 
0 0.132003 5 
0 0.133949 5 
0 0.142678 5 
0 0.145378 5 
0 0.164837 5 
0 0.18505 5 
0 0.189886 5 
0 0.193482 5 
0 0.195923 5 
0 0.200493 5 
0 0.207245 5 
0 0.217607 5 
0 0.218399 5 
0 0.220756 5 
0 0.258724 5 
0 0.290589 5 
0 0.298077 5 
0 0.302095 5 
0 0.30997 5 
0 0.314572 5 
0 0.329109 5 
0 0.347753 5 
0 0.348744 5 
0 0.35463 5 
0 0.372204 5 
0 0.401213 5 
0 0.429538 5 
0 0.435166 5 
0 0.439338 5 
0 0.444191 5 
0 0.456449 5 
0 0.463202 5 
0 0.492648 5 
0 0.511777 5 
0 0.51616 5 
0 0.51616 5 
0 0.546973 5 
0 0.553011 5 
0 0.558599 5 
0 0.563442 5 
0 0.569245 5 
0 0.569662 5 
0 0.58183 5 
0 0.603944 5 
0 0.609702 5 
0 0.61358 5 
0 0.688792 5 
0 0.821378 5 
0 0.869226 5 
0 0.869622 5 
0 0.870069 5 
0 0.873186 5 
0 0.893676 5 
0 1.10432 5 
0 1.35912 5 
0 1.43707 5 
0 1.46516 5 
0 1.46751 5 
0 1.47969 5 
0 1.57261 5 
0 1.60124 5 
0 1.6424 5 
0 1.76998 5 
0 1.86245 5 
0 1.8628 5 
0 1.86696 5 
0 1.86816 5 
0 1.92702 5 
0 2.0149 5 
0 2.16331 5 
0 2.16344 5 
0 2.17082 5 
0 2.17137 5 
0 inf 5 
0 0.0491486 6 
0 0.0557267 6 
0 0.0564891 6 
0 0.0580032 6 
0 0.0629857 6 
0 0.0676116 6 
0 0.067616 6 
0 0.0743062 6 
0 0.0771541 6 
0 0.0799 6 
0 0.0825529 6 
0 0.0840947 6 
0 0.0856294 6 
0 0.0861259 6 
0 0.0876245 6 
0 0.0900418 6 
0 0.0924102 6 
0 0.0924102 6 
0 0.10216 6 
0 0.102167 6 
0 0.104254 6 
0 0.104254 6 
0 0.105484 6 
0 0.105892 6 
0 0.105896 6 
0 0.111836 6 
0 0.111838 6 
0 0.114129 6 
0 0.119662 6 
0 0.125299 6 
0 0.135542 6 
0 0.135542 6 
0 0.137131 6 
0 0.139626 6 
0 0.140853 6 
0 0.146552 6 
0 0.153172 6 
0 0.154573 6 
0 0.158432 6 
0 0.16247 6 
0 0.176702 6 
0 0.176703 6 
0 0.189651 6 
0 0.191696 6 
0 0.194375 6 
0 0.196799 6 
0 0.228251 6 
0 0.246219 6 
0 0.274449 6 
0 0.280942 6 
0 0.285027 6 
0 0.301498 6 
0 0.30264 6 
0 0.306042 6 
0 0.319215 6 
0 0.350726 6 
0 0.352594 6 
0 0.356335 6 
0 0.360338 6 
0 0.362248 6 
0 0.39082 6 
0 0.399553 6 
0 0.417192 6 
0 0.423878 6 
0 0.425887 6 
0 0.464368 6 
0 0.465202 6 
0 0.466591 6 
0 0.470182 6 
0 0.49889 6 
0 0.537284 6 
0 0.576921 6 
0 0.578859 6 
0 0.584864 6 
0 0.587292 6 
0 0.589272 6 
0 0.592339 6 
0 0.596908 6 
0 0.596908 6 
0 0.617517 6 
0 0.699663 6 
0 0.704149 6 
0 0.704149 6 
0 0.723661 6 
0 0.738061 6 
0 0.806967 6 
0 0.915716 6 
0 0.969248 6 
0 1.10877 6 
0 1.12102 6 
0 1.13871 6 
0 1.21792 6 
0 1.25573 6 
0 1.27093 6 
0 1.27824 6 
0 1.28184 6 
0 1.33631 6 
0 1.40847 6 
0 1.4558 6 
0 1.45625 6 
0 1.45625 6 
0 1.4629 6 
0 1.57926 6 
0 1.60311 6 
0 1.61042 6 
0 1.61995 6 
0 1.61996 6 
0 1.62187 6 
0 1.62187 6 
0 1.62636 6 
0 1.68088 6 
0 inf 6 
0 0.0334872 7 
0 0.034752 7 
0 0.0500096 7 
0 0.0500148 7 
0 0.0508703 7 
0 0.0629853 7 
0 0.0688718 7 
0 0.0798938 7 
0 0.0809674 7 
0 0.0835917 7 
0 0.0861282 7 
0 0.0866245 7 
0 0.0881092 7 
0 0.089082 7 
0 0.0895687 7 
0 0.0905271 7 
0 0.0978544 7 
0 0.0995962 7 
0 0.10131 7 
0 0.10259 7 
0 0.107517 7 
0 0.107914 7 
0 0.114125 7 
0 0.114131 7 
0 0.121804 7 
0 0.125295 7 
0 0.128355 7 
0 0.129365 7 
0 0.147724 7 
0 0.149468 7 
0 0.150331 7 
0 0.15176 7 
0 0.152324 7 
0 0.154807 7 
0 0.183173 7 
0 0.198325 7 
0 0.198543 7 
0 0.20726 7 
0 0.215424 7 
0 0.236055 7 
0 0.240225 7 
0 0.240373 7 
0 0.240374 7 
0 0.246223 7 
0 0.250024 7 
0 0.256159 7 
0 0.258724 7 
0 0.260831 7 
0 0.290778 7 
0 0.327316 7 
0 0.363427 7 
0 0.365062 7 
0 0.374619 7 
0 0.376485 7 
0 0.376485 7 
0 0.397953 7 
0 0.399684 7 
0 0.402159 7 
0 0.417729 7 
0 0.469453 7 
0 0.469544 7 
0 0.470187 7 
0 0.494421 7 
0 0.51523 7 
0 0.51615 7 
0 0.517643 7 
0 0.543897 7 
0 0.549114 7 
0 0.633379 7 
0 0.639882 7 
0 0.640084 7 
0 0.688038 7 
0 0.68923 7 
0 0.697935 7 
0 0.698862 7 
0 0.702309 7 
0 0.710979 7 
0 0.727826 7 
0 0.733838 7 
0 0.742193 7 
0 0.784794 7 
0 0.806842 7 
0 0.815468 7 
0 0.83561 7 
0 0.891159 7 
0 0.912269 7 
0 0.926985 7 
0 0.962194 7 
0 0.969916 7 
0 1.21166 7 
0 1.22993 7 
0 1.23882 7 
0 1.23993 7 
0 1.24024 7 
0 1.24032 7 
0 1.24445 7 
0 1.24867 7 
0 1.24888 7 
0 1.26586 7 
0 1.28235 7 
0 1.32105 7 
0 1.49236 7 
0 1.59024 7 
0 1.60191 7 
0 1.60457 7 
0 1.6339 7 
0 1.63414 7 
0 inf 7 
0 0.0609024 8 
0 0.0656746 8 
0 0.070732 8 
0 0.0713385 8 
0 0.0713388 8 
0 0.0737195 8 
0 0.0748785 8 
0 0.0798935 8 
0 0.0815023 8 
0 0.0841002 8 
0 0.0841033 8 
0 0.0866276 8 
0 0.0885948 8 
0 0.100891 8 
0 0.103835 8 
0 0.104251 8 
0 0.104663 8 
0 0.113743 8 
0 0.117108 8 
0 0.123913 8 
0 0.127681 8 
0 0.12802 8 
0 0.12936 8 
0 0.152039 8 
0 0.161628 8 
0 0.17075 8 
0 0.172003 8 
0 0.174744 8 
0 0.176708 8 
0 0.193485 8 
0 0.19789 8 
0 0.200673 8 
0 0.210121 8 
0 0.214017 8 
0 0.219617 8 
0 0.230079 8 
0 0.241805 8 
0 0.259724 8 
0 0.269807 8 
0 0.287914 8 
0 0.290586 8 
0 0.29177 8 
0 0.30381 8 
0 0.30901 8 
0 0.316321 8 
0 0.322563 8 
0 0.328918 8 
0 0.34679 8 
0 0.376351 8 
0 0.409181 8 
0 0.411284 8 
0 0.421939 8 
0 0.489023 8 
0 0.520113 8 
0 0.523007 8 
0 0.526295 8 
0 0.534531 8 
0 0.537107 8 
0 0.537187 8 
0 0.550682 8 
0 0.555942 8 
0 0.569403 8 
0 0.573581 8 
0 0.583765 8 
0 0.584459 8 
0 0.584946 8 
0 0.585684 8 
0 0.606901 8 
0 0.609598 8 
0 0.679842 8 
0 0.682691 8 
0 0.682943 8 
0 0.699545 8 
0 0.712978 8 
0 0.717197 8 
0 0.725511 8 
0 0.81415 8 
0 0.834043 8 
0 0.834871 8 
0 0.835026 8 
0 0.86051 8 
0 0.864168 8 
0 0.982951 8 
0 0.989814 8 
0 1.0155 8 
0 1.0155 8 
0 1.11474 8 
0 1.11676 8 
0 1.12318 8 
0 1.12719 8 
0 1.15945 8 
0 1.24362 8 
0 1.24967 8 
0 1.24999 8 
0 1.2986 8 
0 1.3534 8 
0 1.5933 8 
0 1.59762 8 
0 1.59803 8 
0 1.6198 8 
0 1.64654 8 
0 1.66807 8 
0 2.00267 8 
0 inf 8 
0 0.0508739 9 
0 0.0601891 9 
0 0.0609044 9 
0 0.0663255 9 
0 0.0701157 9 
0 0.0765913 9 
0 0.0793551 9 
0 0.0809688 9 
0 0.0825531 9 
0 0.110676 9 
0 0.115632 9 
0 0.117847 9 
0 0.119657 9 
0 0.119662 9 
0 0.119668 9 
0 0.125634 9 
0 0.126668 9 
0 0.127965 9 
0 0.128355 9 
0 0.128359 9 
0 0.129361 9 
0 0.146848 9 
0 0.148886 9 
0 0.149469 9 
0 0.169735 9 
0 0.171965 9 
0 0.1871 9 
0 0.190781 9 
0 0.193481 9 
0 0.200953 9 
0 0.203903 9 
0 0.243961 9 
0 0.266961 9 
0 0.272045 9 
0 0.274763 9 
0 0.276603 9 
0 0.285192 9 
0 0.287451 9 
0 0.303375 9 
0 0.321995 9 
0 0.340745 9 
0 0.351461 9 
0 0.385512 9 
0 0.429537 9 
0 0.45329 9 
0 0.457095 9 
0 0.457834 9 
0 0.457835 9 
0 0.470211 9 
0 0.487399 9 
0 0.489974 9 
0 0.499235 9 
0 0.534934 9 
0 0.53566 9 
0 0.543428 9 
0 0.562569 9 
0 0.584717 9 
0 0.589346 9 
0 0.616807 9 
0 0.639363 9 
0 0.643398 9 
0 0.656273 9 
0 0.699416 9 
0 0.699847 9 
0 0.699847 9 
0 0.713454 9 
0 0.71521 9 
0 0.730484 9 
0 0.757036 9 
0 0.757117 9 
0 0.762733 9 
0 0.784807 9 
0 0.791101 9 
0 0.793767 9 
0 0.813945 9 
0 0.815013 9 
0 0.815806 9 
0 0.819053 9 
0 0.820736 9 
0 0.860147 9 
0 0.91027 9 
0 0.984787 9 
0 1.0117 9 
0 1.03239 9 
0 1.0944 9 
0 1.09981 9 
0 1.10008 9 
0 1.14152 9 
0 1.16873 9 
0 1.24722 9 
0 1.24746 9 
0 1.25484 9 
0 1.31803 9 
0 1.33646 9 
0 1.58996 9 
0 1.59015 9 
0 1.59015 9 
0 1.59829 9 
0 1.60037 9 
0 inf 9 
0 0.0623073 10 
0 0.0650146 10 
0 0.0688746 10 
0 0.0846137 10 
0 0.0942563 10 
0 0.0987241 10 
0 0.111059 10 
0 0.111837 10 
0 0.114505 10 
0 0.117118 10 
0 0.118151 10 
0 0.118151 10 
0 0.122865 10 
0 0.142018 10 
0 0.14238 10 
0 0.144177 10 
0 0.144181 10 
0 0.16273 10 
0 0.169732 10 
0 0.176461 10 
0 0.192369 10 
0 0.193252 10 
0 0.21565 10 
0 0.226927 10 
0 0.231246 10 
0 0.240211 10 
0 0.247822 10 
0 0.288362 10 
0 0.300089 10 
0 0.303526 10 
0 0.306938 10 
0 0.311818 10 
0 0.334735 10 
0 0.336415 10 
0 0.343279 10 
0 0.345409 10 
0 0.345766 10 
0 0.352199 10 
0 0.353294 10 
0 0.359965 10 
0 0.371388 10 
0 0.384839 10 
0 0.403357 10 
0 0.43194 10 
0 0.483929 10 
0 0.485707 10 
0 0.502151 10 
0 0.502746 10 
0 0.510155 10 
0 0.512955 10 
0 0.515017 10 
0 0.51589 10 
0 0.543302 10 
0 0.550167 10 
0 0.573811 10 
0 0.595824 10 
0 0.600608 10 
0 0.606158 10 
0 0.637681 10 
0 0.637681 10 
0 0.68534 10 
0 0.68578 10 
0 0.68578 10 
0 0.685958 10 
0 0.690033 10 
0 0.70738 10 
0 0.745266 10 
0 0.74873 10 
0 0.774184 10 
0 0.774574 10 
0 0.804669 10 
0 0.865944 10 
0 0.86669 10 
0 0.897553 10 
0 0.899473 10 
0 0.933294 10 
0 0.938599 10 
0 0.976651 10 
0 0.982814 10 
0 0.985047 10 
0 0.986622 10 
0 1.00927 10 
0 1.01132 10 
0 1.2245 10 
0 1.22661 10 
0 1.29048 10 
0 1.29529 10 
0 1.31181 10 
0 1.3126 10 
0 1.31522 10 
0 1.59735 10 
0 1.59743 10 
0 1.59943 10 
0 1.66235 10 
0 1.66526 10 
0 inf 10 
0 0.0541537 11 
0 0.0629621 11 
0 0.0895657 11 
0 0.0900484 11 
0 0.114127 11 
0 0.143578 11 
0 0.174741 11 
0 0.185284 11 
0 0.185916 11 
0 0.18959 11 
0 0.192589 11 
0 0.209476 11 
0 0.213219 11 
0 0.214649 11 
0 0.230133 11 
0 0.235352 11 
0 0.23662 11 
0 0.240236 11 
0 0.242543 11 
0 0.242722 11 
0 0.243752 11 
0 0.24695 11 
0 0.266918 11 
0 0.268212 11 
0 0.278339 11 
0 0.306635 11 
0 0.321988 11 
0 0.321988 11 
0 0.326642 11 
0 0.329941 11 
0 0.336175 11 
0 0.347264 11 
0 0.349246 11 
0 0.374512 11 
0 0.374973 11 
0 0.377118 11 
0 0.381463 11 
0 0.382568 11 
0 0.387186 11 
0 0.398609 11 
0 0.402587 11 
0 0.424997 11 
0 0.433141 11 
0 0.433743 11 
0 0.446186 11 
0 0.446476 11 
0 0.482504 11 
0 0.496613 11 
0 0.499988 11 
0 0.526891 11 
0 0.54192 11 
0 0.543621 11 
0 0.544065 11 
0 0.587251 11 
0 0.592515 11 
0 0.59317 11 
0 0.672319 11 
0 0.679023 11 
0 0.69123 11 
0 0.692477 11 
0 0.695956 11 
0 0.763839 11 
0 0.789955 11 
0 0.793387 11 
0 0.839719 11 
0 0.839873 11 
0 0.841222 11 
0 0.853119 11 
0 0.866074 11 
0 0.86851 11 
0 0.927137 11 
0 0.945669 11 
0 0.957833 11 
0 0.971999 11 
0 0.974573 11 
0 0.989977 11 
0 0.992066 11 
0 1.11016 11 
0 1.11036 11 
0 1.24511 11 
0 1.24584 11 
0 1.27648 11 
0 1.5728 11 
0 1.57327 11 
0 1.58899 11 
0 1.59072 11 
0 1.60444 11 
0 1.62941 11 
0 1.63007 11 
0 1.92398 11 
0 1.92423 11 
0 inf 11 
0 0.0676159 12 
0 0.100463 12 
0 0.130358 12 
0 0.156795 12 
0 0.164033 12 
0 0.177208 12 
0 0.183201 12 
0 0.188509 12 
0 0.188993 12 
0 0.200021 12 
0 0.200021 12 
0 0.204532 12 
0 0.20562 12 
0 0.232931 12 
0 0.234742 12 
0 0.255697 12 
0 0.256207 12 
0 0.258374 12 
0 0.264812 12 
0 0.265304 12 
0 0.268375 12 
0 0.269468 12 
0 0.271084 12 
0 0.271542 12 
0 0.278315 12 
0 0.3129 12 
0 0.318637 12 
0 0.319718 12 
0 0.321487 12 
0 0.325595 12 
0 0.329962 12 
0 0.331917 12 
0 0.338095 12 
0 0.346148 12 
0 0.354395 12 
0 0.355733 12 
0 0.379089 12 
0 0.415867 12 
0 0.424081 12 
0 0.489464 12 
0 0.516617 12 
0 0.517195 12 
0 0.539487 12 
0 0.553806 12 
0 0.555361 12 
0 0.578849 12 
0 0.581303 12 
0 0.581717 12 
0 0.592421 12 
0 0.617864 12 
0 0.660463 12 
0 0.677241 12 
0 0.679462 12 
0 0.679652 12 
0 0.681368 12 
0 0.696797 12 
0 0.714546 12 
0 0.729125 12 
0 0.729598 12 
0 0.751546 12 
0 0.776409 12 
0 0.77824 12 
0 0.803915 12 
0 0.804398 12 
0 0.811125 12 
0 0.884564 12 
0 0.941851 12 
0 0.969916 12 
0 0.979869 12 
0 1.11096 12 
0 1.11175 12 
0 1.11233 12 
0 1.11295 12 
0 1.11341 12 
0 1.12771 12 
0 1.24501 12 
0 1.24778 12 
0 1.25345 12 
0 1.255 12 
0 1.30416 12 
0 1.31444 12 
0 1.3147 12 
0 1.59638 12 
0 1.59922 12 
0 1.62283 12 
0 1.62403 12 
0 1.62636 12 
0 inf 12 
0 0.172502 13 
0 0.198782 13 
0 0.201741 13 
0 0.20201 13 
0 0.210501 13 
0 0.218596 13 
0 0.22271 13 
0 0.228661 13 
0 0.251624 13 
0 0.252991 13 
0 0.254512 13 
0 0.25905 13 
0 0.266115 13 
0 0.271729 13 
0 0.276751 13 
0 0.290447 13 
0 0.293401 13 
0 0.30067 13 
0 0.302387 13 
0 0.32066 13 
0 0.330856 13 
0 0.347157 13 
0 0.348273 13 
0 0.359828 13 
0 0.364593 13 
0 0.403127 13 
0 0.403982 13 
0 0.412123 13 
0 0.42347 13 
0 0.42347 13 
0 0.426008 13 
0 0.437016 13 
0 0.437115 13 
0 0.454893 13 
0 0.486431 13 
0 0.488201 13 
0 0.507768 13 
0 0.518277 13 
0 0.538837 13 
0 0.543066 13 
0 0.544125 13 
0 0.544461 13 
0 0.545727 13 
0 0.546024 13 
0 0.54768 13 
0 0.551891 13 
0 0.59558 13 
0 0.599046 13 
0 0.602993 13 
0 0.640451 13 
0 0.644278 13 
0 0.662783 13 
0 0.680603 13 
0 0.680666 13 
0 0.749783 13 
0 0.7503 13 
0 0.757109 13 
0 0.780565 13 
0 0.794032 13 
0 0.794366 13 
0 0.7949 13 
0 0.797749 13 
0 0.799715 13 
0 0.825158 13 
0 0.986887 13 
0 0.996628 13 
0 0.99732 13 
0 1.10665 13 
0 1.10918 13 
0 1.11209 13 
0 1.12214 13 
0 1.13604 13 
0 1.1368 13 
0 1.2399 13 
0 1.24043 13 
0 1.34964 13 
0 1.34964 13 
0 1.35222 13 
0 1.59072 13 
0 1.59118 13 
0 1.60433 13 
0 1.60747 13 
0 1.6135 13 
0 inf 13 
0 0.0799004 14 
0 0.114132 14 
0 0.115255 14 
0 0.142672 14 
0 0.163742 14 
0 0.178891 14 
0 0.179851 14 
0 0.181522 14 
0 0.187826 14 
0 0.189881 14 
0 0.215424 14 
0 0.224243 14 
0 0.226737 14 
0 0.230886 14 
0 0.234591 14 
0 0.240043 14 
0 0.252835 14 
0 0.254177 14 
0 0.254377 14 
0 0.26449 14 
0 0.265792 14 
0 0.287027 14 
0 0.297059 14 
0 0.339222 14 
0 0.339349 14 
0 0.340744 14 
0 0.356578 14 
0 0.37034 14 
0 0.377379 14 
0 0.398827 14 
0 0.404404 14 
0 0.406745 14 
0 0.410971 14 
0 0.41149 14 
0 0.415142 14 
0 0.426217 14 
0 0.429444 14 
0 0.432047 14 
0 0.43294 14 
0 0.435923 14 
0 0.442301 14 
0 0.444926 14 
0 0.45839 14 
0 0.517366 14 
0 0.546152 14 
0 0.562016 14 
0 0.574162 14 
0 0.578949 14 
0 0.580675 14 
0 0.64755 14 
0 0.693907 14 
0 0.707781 14 
0 0.720073 14 
0 0.722227 14 
0 0.72918 14 
0 0.773805 14 
0 0.77386 14 
0 0.775909 14 
0 0.776354 14 
0 0.784432 14 
0 0.813657 14 
0 0.823928 14 
0 0.824713 14 
0 0.911308 14 
0 0.914097 14 
0 0.915087 14 
0 0.982072 14 
0 0.982599 14 
0 0.998318 14 
0 1.08723 14 
0 1.24404 14 
0 1.30085 14 
0 1.30981 14 
0 1.31194 14 
0 1.58958 14 
0 1.59048 14 
0 1.59316 14 
0 1.59381 14 
0 1.59489 14 
0 inf 14 
0 0.0580015 15 
0 0.0900432 15 
0 0.0995799 15 
0 0.121451 15 
0 0.122805 15 
0 0.163263 15 
0 0.174274 15 
0 0.174495 15 
0 0.175752 15 
0 0.177948 15 
0 0.190336 15 
0 0.193483 15 
0 0.194152 15 
0 0.194392 15 
0 0.195259 15 
0 0.196613 15 
0 0.206424 15 
0 0.229572 15 
0 0.230884 15 
0 0.232927 15 
0 0.234777 15 
0 0.244849 15 
0 0.266924 15 
0 0.269497 15 
0 0.273783 15 
0 0.276291 15 
0 0.276607 15 
0 0.276608 15 
0 0.278158 15 
0 0.279549 15 
0 0.291498 15 
0 0.29326 15 
0 0.307479 15 
0 0.341772 15 
0 0.343884 15 
0 0.420621 15 
0 0.44005 15 
0 0.462238 15 
0 0.463001 15 
0 0.492765 15 
0 0.51293 15 
0 0.539239 15 
0 0.54718 15 
0 0.5786 15 
0 0.592166 15 
0 0.598324 15 
0 0.618238 15 
0 0.619631 15 
0 0.619631 15 
0 0.687162 15 
0 0.688469 15 
0 0.692404 15 
0 0.693338 15 
0 0.694098 15 
0 0.792136 15 
0 0.884141 15 
0 0.88536 15 
0 0.885895 15 
0 0.942537 15 
0 0.954495 15 
0 0.954901 15 
0 0.999393 15 
0 1.00645 15 
0 1.01055 15 
0 1.2094 15 
0 1.20968 15 
0 1.2142 15 
0 1.2536 15 
0 1.28281 15 
0 1.29741 15 
0 1.29901 15 
0 1.59579 15 
0 1.66715 15 
0 1.66715 15 
0 1.66766 15 
0 inf 15 
0 0.0737229 16 
0 0.11222 16 
0 0.126613 16 
0 0.13102 16 
0 0.135847 16 
0 0.201361 16 
0 0.213631 16 
0 0.215839 16 
0 0.217828 16 
0 0.223854 16 
0 0.225593 16 
0 0.228443 16 
0 0.230697 16 
0 0.2307 16 
0 0.2307 16 
0 0.23441 16 
0 0.234775 16 
0 0.235326 16 
0 0.236969 16 
0 0.238795 16 
0 0.240044 16 
0 0.24076 16 
0 0.241834 16 
0 0.246077 16 
0 0.247475 16 
0 0.258889 16 
0 0.273625 16 
0 0.273628 16 
0 0.312901 16 
0 0.339493 16 
0 0.339876 16 
0 0.354411 16 
0 0.385178 16 
0 0.386965 16 
0 0.389631 16 
0 0.544428 16 
0 0.557409 16 
0 0.562032 16 
0 0.582906 16 
0 0.588424 16 
0 0.591056 16 
0 0.595343 16 
0 0.660594 16 
0 0.666762 16 
0 0.685465 16 
0 0.687292 16 
0 0.773013 16 
0 0.786289 16 
0 0.793659 16 
0 0.793931 16 
0 0.824558 16 
0 0.835804 16 
0 0.836835 16 
0 0.838277 16 
0 0.980385 16 
0 1.0517 16 
0 1.0517 16 
0 1.13722 16 
0 1.13767 16 
0 1.13767 16 
0 1.2467 16 
0 1.59673 16 
0 1.60314 16 
0 1.60378 16 
0 1.60531 16 
0 1.63906 16 
0 1.64274 16 
0 1.64327 16 
0 1.78433 16 
0 1.79858 16 
0 1.79937 16 
0 inf 16 
0 0.174519 17 
0 0.201367 17 
0 0.201368 17 
0 0.201582 17 
0 0.206574 17 
0 0.206575 17 
0 0.208239 17 
0 0.211731 17 
0 0.229563 17 
0 0.231445 17 
0 0.233299 17 
0 0.233853 17 
0 0.234221 17 
0 0.23458 17 
0 0.257874 17 
0 0.257874 17 
0 0.266926 17 
0 0.270138 17 
0 0.272523 17 
0 0.278469 17 
0 0.281858 17 
0 0.282469 17 
0 0.283383 17 
0 0.289407 17 
0 0.321602 17 
0 0.327862 17 
0 0.328781 17 
0 0.32979 17 
0 0.32979 17 
0 0.329828 17 
0 0.329829 17 
0 0.480355 17 
0 0.502912 17 
0 0.548361 17 
0 0.548362 17 
0 0.549618 17 
0 0.55656 17 
0 0.677432 17 
0 0.696575 17 
0 0.789574 17 
0 0.789574 17 
0 0.791756 17 
0 0.792191 17 
0 0.801645 17 
0 0.80186 17 
0 0.80272 17 
0 0.818516 17 
0 0.838664 17 
0 0.88671 17 
0 0.999792 17 
0 1.00083 17 
0 1.0022 17 
0 1.08668 17 
0 1.09632 17 
0 1.09935 17 
0 1.10498 17 
0 1.24338 17 
0 1.4192 17 
0 1.42111 17 
0 1.42257 17 
0 1.52168 17 
0 1.52244 17 
0 1.52312 17 
0 1.60013 17 
0 1.60691 17 
0 1.61526 17 
0 1.61571 17 
0 inf 17 
0 0.0919196 18 
0 0.0919208 18 
0 0.0995279 18 
0 0.101316 18 
0 0.101671 18 
0 0.113349 18 
0 0.11413 18 
0 0.115259 18 
0 0.123855 18 
0 0.190146 18 
0 0.214439 18 
0 0.217047 18 
0 0.217245 18 
0 0.217435 18 
0 0.22156 18 
0 0.227875 18 
0 0.227875 18 
0 0.228464 18 
0 0.252135 18 
0 0.29443 18 
0 0.309009 18 
0 0.309009 18 
0 0.311096 18 
0 0.328388 18 
0 0.3336 18 
0 0.337712 18 
0 0.342784 18 
0 0.41055 18 
0 0.462797 18 
0 0.465307 18 
0 0.574706 18 
0 0.58342 18 
0 0.58497 18 
0 0.58497 18 
0 0.700401 18 
0 0.712369 18 
0 0.715027 18 
0 0.727939 18 
0 0.779071 18 
0 0.788316 18 
0 0.788316 18 
0 0.791865 18 
0 0.826285 18 
0 0.910904 18 
0 0.931679 18 
0 0.932234 18 
0 1.04022 18 
0 1.04158 18 
0 1.09915 18 
0 1.10407 18 
0 1.1047 18 
0 1.10606 18 
0 1.2302 18 
0 1.23248 18 
0 1.25532 18 
0 1.27442 18 
0 1.27543 18 
0 1.28604 18 
0 1.49841 18 
0 1.58988 18 
0 1.59118 18 
0 1.59151 18 
0 1.59205 18 
0 inf 18 
0 0.0924108 19 
0 0.103004 19 
0 0.103422 19 
0 0.11331 19 
0 0.115196 19 
0 0.11783 19 
0 0.131987 19 
0 0.134254 19 
0 0.153977 19 
0 0.180845 19 
0 0.18648 19 
0 0.194627 19 
0 0.226736 19 
0 0.230697 19 
0 0.236068 19 
0 0.239513 19 
0 0.242546 19 
0 0.256724 19 
0 0.258389 19 
0 0.261553 19 
0 0.268871 19 
0 0.279552 19 
0 0.280015 19 
0 0.283701 19 
0 0.505491 19 
0 0.510329 19 
0 0.518273 19 
0 0.535866 19 
0 0.548986 19 
0 0.550485 19 
0 0.559259 19 
0 0.597228 19 
0 0.60176 19 
0 0.602548 19 
0 0.622965 19 
0 0.641785 19 
0 0.657914 19 
0 0.698372 19 
0 0.707265 19 
0 0.799977 19 
0 0.800586 19 
0 0.802254 19 
0 0.803205 19 
0 0.805205 19 
0 0.807078 19 
0 0.834953 19 
0 0.835366 19 
0 0.916468 19 
0 0.916657 19 
0 1.02066 19 
0 1.02513 19 
0 1.09112 19 
0 1.2334 19 
0 1.24424 19 
0 1.35928 19 
0 1.35953 19 
0 1.59497 19 
0 1.59541 19 
0 1.59565 19 
0 inf 19 
0 0.113734 20 
0 0.129362 20 
0 0.131017 20 
0 0.133625 20 
0 0.142024 20 
0 0.15509 20 
0 0.16055 20 
0 0.161655 20 
0 0.17074 20 
0 0.214049 20 
0 0.220403 20 
0 0.224475 20 
0 0.25333 20 
0 0.256208 20 
0 0.25688 20 
0 0.297924 20 
0 0.299952 20 
0 0.3011 20 
0 0.302101 20 
0 0.315912 20 
0 0.315914 20 
0 0.326782 20 
0 0.335122 20 
0 0.357061 20 
0 0.357423 20 
0 0.357423 20 
0 0.389541 20 
0 0.39153 20 
0 0.39252 20 
0 0.417421 20 
0 0.425908 20 
0 0.428029 20 
0 0.540247 20 
0 0.559076 20 
0 0.560309 20 
0 0.569056 20 
0 0.575088 20 
0 0.680223 20 
0 0.681237 20 
0 0.681237 20 
0 0.703741 20 
0 0.806436 20 
0 0.807878 20 
0 0.930379 20 
0 0.930518 20 
0 0.936253 20 
0 0.941765 20 
0 0.983647 20 
0 0.991508 20 
0 1.31915 20 
0 1.31925 20 
0 1.60253 20 
0 1.60339 20 
0 1.93866 20 
0 3.4599 20 
0 inf 20 
