5.38541 9.0146 1 
0.844783 2.18867 1 
0.242509 0.28675 1 
0.21988 0.221026 1 
0.198355 0.217311 1 
0.112987 0.123889 1 
0.0946879 0.105621 1 
0.0914712 0.110471 1 
0.0881363 0.144726 1 
0.0638785 0.0902338 1 
0.061945 0.0921834 1 
0.0548964 0.0562439 1 
0.0522762 0.0526327 1 
0.0504541 0.0522759 1 
0.049518 0.0524549 1 
0.048953 0.0498987 1 
0.0367104 0.037219 1 
0.0340677 0.0343412 1 
0.0326658 0.0362009 1 
0.0326658 0.0367106 1 
0.032384 0.0343454 1 
0.0323798 0.0351527 1 
6.50439 6.57169 2 
6.50424 6.80224 2 
4.20401 6.80329 2 
0.681459 3.00597 2 
0.28045 0.283075 2 
0.255882 0.264083 2 
0.240649 0.291093 2 
0.234383 0.256317 2 
0.152533 0.175952 2 
0.152472 0.168172 2 
0.102474 0.103293 2 
0.0902346 0.103924 2 
0.0865282 0.133349 2 
0.0674426 0.0698954 2 
0.0436941 0.0453752 2 
0.0414998 0.0430469 2 
0.0401211 0.0445431 2 
0.0340656 0.034066 2 
0.0332318 0.0374678 2 
0.0332318 0.0382099 2 
0.0332318 0.0348778 2 
0.0329439 0.0335067 2 
0.0302813 0.0308989 2 
0.0293452 0.0329457 2 
0.0293401 0.0308991 2 
0.029339 0.0329457 2 
4.46561 4.53614 3 
4.46211 5.2825 3 
4.45009 5.28045 3 
4.37844 5.28339 3 
0.637766 3.04037 3 
0.248421 0.256285 3 
0.219073 0.260734 3 
0.19051 0.262918 3 
0.176484 0.190902 3 
0.156111 0.181968 3 
0.146778 0.223261 3 
0.0570689 0.0700288 3 
0.0519172 0.0538633 3 
0.0479819 0.0513753 3 
0.042829 0.0436934 3 
0.0421699 0.0447547 3 
0.037967 0.0384563 3 
0.0317933 0.0391797 3 
1.36461 2.88586 4 
0.302136 0.320444 4 
0.228156 0.261096 4 
0.203756 0.243474 4 
0.191052 0.27373 4 
0.17733 0.201538 4 
0.161821 0.204944 4 
0.0567398 0.0658936 4 
0.0408197 0.0622422 4 
2.53957 2.56319 5 
1.57263 2.58964 5 
0.327748 0.328523 5 
0.224846 0.22493 5 
0.224388 0.237045 5 
0.207577 0.209015 5 
0.0572338 0.0616455 5 
0.047591 0.0493338 5 
0.0451705 0.0554039 5 
0.044544 0.0540382 5 
0.0410457 0.0522747 5 
2.33155 2.36367 6 
2.27744 2.30037 6 
2.18146 2.36696 6 
2.17096 2.33906 6 
2.15344 2.32499 6 
1.5212 2.38009 6 
0.201495 0.217916 6 
0.189033 0.218347 6 
0.100069 0.101557 6 
0.0596315 0.0700291 6 
0.0573928 0.0591606 6 
0.0570699 0.0648966 6 
0.0562435 0.0641692 6 
0.0550683 0.0619443 6 
2.24467 2.60807 7 
2.21351 2.41521 7 
2.09334 2.10672 7 
1.92817 2.07084 7 
1.5538 2.07111 7 
1.53898 2.09802 7 
0.2649 0.299118 7 
0.0925887 0.0949837 7 
0.0704295 0.0773963 7 
0.0628454 0.0767859 7 
2.2104 2.34007 8 
2.1398 2.14946 8 
1.94104 2.43452 8 
1.85918 1.98237 8 
1.85402 2.25925 8 
1.82326 1.82666 8 
1.55196 1.82974 8 
1.52276 1.55333 8 
1.50275 1.9069 8 
0.214976 0.225887 8 
0.108679 0.114875 8 
0.106063 0.109621 8 
0.0879244 0.0906514 8 
0.0614895 0.0622489 8 
2.24326 2.42312 9 
2.20296 2.29536 9 
2.20099 2.37475 9 
2.20064 2.38191 9 
1.64113 1.70412 9 
1.54829 1.57833 9 
1.51289 1.69686 9 
0.263803 0.279346 9 
0.160136 0.168954 9 
0.12717 0.1344 9 
1.91982 2.18268 10 
1.89492 2.14211 10 
1.82614 1.91511 10 
1.82388 1.87886 10 
1.38273 1.45158 10 
1.33944 1.37518 10 
1.74482 1.86361 11 
1.22201 1.22355 11 
1.68806 1.6923 12 
1.07219 1.12674 12 
0.937262 0.986119 12 
0.930799 0.974078 12 
0.926759 1.03195 12 
0.892273 1.1351 12 
0.539433 0.563882 12 
0.381974 0.384687 12 
1.8904 1.9454 13 
1.88321 1.9461 13 
1.87776 1.94948 13 
0.935957 1.03186 13 
0.504662 0.516223 13 
2.2145 2.24537 14 
2.21023 2.24338 14 
2.20922 2.24243 14 
0.496548 0.534991 14 
1.78495 1.98246 15 
1.78031 1.98694 15 
1.7753 1.98578 15 
1.42659 1.71562 15 
1.42627 1.48892 15 
1.4258 1.56616 15 
0.522221 0.568484 15 
0.257934 0.267057 15 
1.74292 1.87406 16 
1.74253 1.85334 16 
1.7424 1.79659 16 
1.42213 1.46322 16 
1.41992 1.44023 16 
1.1641 1.38878 16 
0.42637 0.437466 16 
1.22967 1.4123 17 
1.22628 1.40931 17 
1.21576 1.41505 17 
1.21465 1.38946 17 
1.47512 1.61921 18 
1.30291 1.41287 18 
1.30251 1.41247 18 
1.49105 1.60711 19 
1.35981 1.47827 19 
1.35981 1.4784 19 
1.47979 1.49719 20 
