0 0.0170549 1 
0 0.0170549 1 
0 0.0170607 1 
0 0.0241193 1 
0 0.0241193 1 
0 0.0241193 1 
0 0.0241193 1 
0 0.0241193 1 
0 0.0241254 1 
0 0.0260493 1 
0 0.029534 1 
0 0.0295367 1 
0 0.0311352 1 
0 0.0326546 1 
0 0.0326561 1 
0 0.0341041 1 
0 0.0341078 1 
0 0.036834 1 
0 0.036842 1 
0 0.039375 1 
0 0.0417711 1 
0 0.0417735 1 
0 0.0429099 1 
0 0.0429099 1 
0 0.0429122 1 
0 0.0429168 1 
0 0.0440282 1 
0 0.0440304 1 
0 0.0440327 1 
0 0.0440349 1 
0 0.0451165 1 
0 0.0451166 1 
0 0.0451166 1 
0 0.0451166 1 
0 0.0461772 1 
0 0.0472139 1 
0 0.0482305 1 
0 0.0482305 1 
0 0.0482305 1 
0 0.050196 1 
0 0.0502 1 
0 0.0511552 1 
0 0.0511571 1 
0 0.0520911 1 
0 0.0530142 1 
0 0.053927 1 
0 0.0539324 1 
0 0.0548154 1 
0 0.0574023 1 
0 0.057404 1 
0 0.0574074 1 
0 0.0598873 1 
0 0.0614828 1 
0 0.06149 1 
0 0.0645557 1 
0 0.0645557 1 
0 0.0653052 1 
0 0.0653089 1 
0 0.0667735 1 
0 0.0716698 1 
0 0.076259 1 
0 0.0768938 1 
0 0.0781391 1 
0 0.0781429 1 
0 0.0799787 1 
0 0.0805891 1 
0 0.0811803 1 
0 0.081184 1 
0 0.0829527 1 
0 0.08861 1 
0 0.088614 1 
0 0.0891547 1 
0 0.091833 1 
0 0.0933979 1 
0 0.0944293 1 
0 0.0964641 1 
0 0.0969675 1 
0 0.104656 1 
0 0.112255 1 
0 0.120577 1 
0 0.120979 1 
0 0.120984 1 
0 0.127228 1 
0 0.12723 1 
0 0.138535 1 
0 0.159654 1 
0 0.169101 1 
0 0.171657 1 
0 0.173062 1 
0 0.173063 1 
0 0.173067 1 
0 0.194177 1 
0 0.230053 1 
0 0.230054 1 
0 0.234019 1 
0 0.242969 1 
0 0.248484 1 
0 0.248679 1 
0 0.261413 1 
0 0.273552 1 
0 0.309931 1 
0 0.316123 1 
0 0.323542 1 
0 0.357969 1 
0 0.367991 1 
0 0.370996 1 
0 0.372809 1 
0 0.399806 1 
0 0.40653 1 
0 0.406649 1 
0 0.413154 1 
0 0.413171 1 
0 0.419094 1 
0 0.43044 1 
0 0.457142 1 
0 0.531452 1 
0 0.577678 1 
0 0.577778 1 
0 0.594126 1 
0 0.616888 1 
0 0.657446 1 
0 1.04106 1 
0 1.48728 1 
0 2.3283 1 
0 2.8121 1 
0 2.85926 1 
0 2.99307 1 
0 3.83603 1 
0 4.89813 1 
0 4.90645 1 
0 5.14441 1 
0 inf 1 
0 0.0170549 2 
0 0.0241234 2 
0 0.0260493 2 
0 0.0260531 2 
0 0.0278494 2 
0 0.0278529 2 
0 0.029534 2 
0 0.029539 2 
0 0.0341078 2 
0 0.0381308 2 
0 0.0393775 2 
0 0.0429076 2 
0 0.0429145 2 
0 0.0451165 2 
0 0.0461729 2 
0 0.0461772 2 
0 0.0472243 2 
0 0.0472243 2 
0 0.0482264 2 
0 0.049224 2 
0 0.049226 2 
0 0.050196 2 
0 0.0530197 2 
0 0.0530216 2 
0 0.0539204 2 
0 0.0539215 2 
0 0.0539288 2 
0 0.0565578 2 
0 0.0565578 2 
0 0.0565596 2 
0 0.0565596 2 
0 0.058243 2 
0 0.0598873 2 
0 0.0606871 2 
0 0.0606887 2 
0 0.0606895 2 
0 0.0606909 2 
0 0.061482 2 
0 0.0630396 2 
0 0.0638014 2 
0 0.064558 2 
0 0.0645618 2 
0 0.066046 2 
0 0.0667722 2 
0 0.0667744 2 
0 0.067499 2 
0 0.0703113 2 
0 0.0709989 2 
0 0.0716692 2 
0 0.0716706 2 
0 0.0723416 2 
0 0.0730165 2 
0 0.0743288 2 
0 0.0749773 2 
0 0.0756267 2 
0 0.0775196 2 
0 0.0775274 2 
0 0.0781458 2 
0 0.079376 2 
0 0.0823661 2 
0 0.09392 2 
0 0.0989425 2 
0 0.102787 2 
0 0.104189 2 
0 0.105114 2 
0 0.110518 2 
0 0.113962 2 
0 0.125306 2 
0 0.140275 2 
0 0.14403 2 
0 0.154414 2 
0 0.16795 2 
0 0.168812 2 
0 0.169099 2 
0 0.173061 2 
0 0.184711 2 
0 0.185504 2 
0 0.187548 2 
0 0.190152 2 
0 0.191921 2 
0 0.192926 2 
0 0.200322 2 
0 0.209078 2 
0 0.210928 2 
0 0.212526 2 
0 0.235256 2 
0 0.247307 2 
0 0.250614 2 
0 0.25369 2 
0 0.258801 2 
0 0.276532 2 
0 0.288056 2 
0 0.304882 2 
0 0.311326 2 
0 0.32069 2 
0 0.335611 2 
0 0.336636 2 
0 0.343053 2 
0 0.351552 2 
0 0.359598 2 
0 0.361029 2 
0 0.365608 2 
0 0.388106 2 
0 0.438833 2 
0 0.471308 2 
0 0.471309 2 
0 0.482477 2 
0 0.510467 2 
0 0.514589 2 
0 0.517074 2 
0 0.522937 2 
0 0.52898 2 
0 0.592026 2 
0 0.858429 2 
0 1.21752 2 
0 1.98679 2 
0 2.00633 2 
0 2.06948 2 
0 2.68448 2 
0 2.7434 2 
0 3.21365 2 
0 3.38497 2 
0 3.43126 2 
0 3.43613 2 
0 4.06783 2 
0 4.44497 2 
0 4.48096 2 
0 inf 2 
0 0.0260455 3 
0 0.0311326 3 
0 0.0368366 3 
0 0.036842 3 
0 0.0381256 3 
0 0.0381282 3 
0 0.039375 3 
0 0.0405932 3 
0 0.0417711 3 
0 0.0461729 3 
0 0.046175 3 
0 0.049226 3 
0 0.0502014 3 
0 0.0511567 3 
0 0.0539215 3 
0 0.0539288 3 
0 0.0539288 3 
0 0.0556953 3 
0 0.056562 3 
0 0.0574023 3 
0 0.057404 3 
0 0.0574057 3 
0 0.0574109 3 
0 0.058243 3 
0 0.0582433 3 
0 0.0582514 3 
0 0.0606919 3 
0 0.0606938 3 
0 0.0606952 3 
0 0.0606952 3 
0 0.0614796 3 
0 0.0614884 3 
0 0.0614892 3 
0 0.0622605 3 
0 0.0638044 3 
0 0.0638075 3 
0 0.0645557 3 
0 0.0645641 3 
0 0.0667735 3 
0 0.0674932 3 
0 0.0674932 3 
0 0.0696203 3 
0 0.0709933 3 
0 0.0775183 3 
0 0.0781442 3 
0 0.0811859 3 
0 0.0817861 3 
0 0.0823734 3 
0 0.0944289 3 
0 0.098453 3 
0 0.10694 3 
0 0.112252 3 
0 0.122174 3 
0 0.122175 3 
0 0.124141 3 
0 0.13024 3 
0 0.131352 3 
0 0.139933 3 
0 0.139936 3 
0 0.147022 3 
0 0.149641 3 
0 0.156595 3 
0 0.156595 3 
0 0.162068 3 
0 0.164448 3 
0 0.17666 3 
0 0.182335 3 
0 0.182335 3 
0 0.193673 3 
0 0.194671 3 
0 0.198134 3 
0 0.201763 3 
0 0.208619 3 
0 0.212502 3 
0 0.219045 3 
0 0.22233 3 
0 0.244722 3 
0 0.247698 3 
0 0.274259 3 
0 0.275139 3 
0 0.275666 3 
0 0.28572 3 
0 0.304891 3 
0 0.323099 3 
0 0.341333 3 
0 0.349884 3 
0 0.355359 3 
0 0.356212 3 
0 0.366141 3 
0 0.369695 3 
0 0.383719 3 
0 0.391152 3 
0 0.401832 3 
0 0.406123 3 
0 0.407553 3 
0 0.408383 3 
0 0.422256 3 
0 0.450629 3 
0 0.451816 3 
0 0.457507 3 
0 0.459852 3 
0 0.462164 3 
0 0.467878 3 
0 0.477939 3 
0 0.478085 3 
0 0.596106 3 
0 0.832986 3 
0 1.08536 3 
0 1.11678 3 
0 1.12228 3 
0 1.13759 3 
0 1.13772 3 
0 1.86826 3 
0 1.88795 3 
0 2.43921 3 
0 2.81175 3 
0 3.32475 3 
0 3.33343 3 
0 3.3853 3 
0 3.38565 3 
0 3.45443 3 
0 4.42057 3 
0 4.42073 3 
0 inf 3 
0 0.0260444 4 
0 0.039385 4 
0 0.0405932 4 
0 0.0417641 4 
0 0.0429122 4 
0 0.0429134 4 
0 0.0440282 4 
0 0.0440282 4 
0 0.0461729 4 
0 0.047216 4 
0 0.0482223 4 
0 0.0482284 4 
0 0.049224 4 
0 0.0520948 4 
0 0.0530199 4 
0 0.0539251 4 
0 0.0582463 4 
0 0.0582497 4 
0 0.0598905 4 
0 0.0598922 4 
0 0.0606879 4 
0 0.0606952 4 
0 0.0614764 4 
0 0.0614876 4 
0 0.06604 4 
0 0.0660433 4 
0 0.0660452 4 
0 0.066046 4 
0 0.066772 4 
0 0.066775 4 
0 0.0723416 4 
0 0.0723468 4 
0 0.0723485 4 
0 0.0768951 4 
0 0.0768956 4 
0 0.078762 4 
0 0.0799857 4 
0 0.0799867 4 
0 0.0858267 4 
0 0.0969682 4 
0 0.100404 4 
0 0.103265 4 
0 0.10372 4 
0 0.106948 4 
0 0.110081 4 
0 0.123752 4 
0 0.125692 4 
0 0.128745 4 
0 0.136067 4 
0 0.139582 4 
0 0.143008 4 
0 0.145688 4 
0 0.149961 4 
0 0.152199 4 
0 0.154422 4 
0 0.15996 4 
0 0.201987 4 
0 0.209083 4 
0 0.21093 4 
0 0.212072 4 
0 0.213669 4 
0 0.217488 4 
0 0.218155 4 
0 0.218156 4 
0 0.225355 4 
0 0.231727 4 
0 0.242968 4 
0 0.252137 4 
0 0.265096 4 
0 0.265097 4 
0 0.268007 4 
0 0.273584 4 
0 0.284659 4 
0 0.304058 4 
0 0.311945 4 
0 0.336561 4 
0 0.336627 4 
0 0.33835 4 
0 0.340588 4 
0 0.379908 4 
0 0.393912 4 
0 0.394869 4 
0 0.397366 4 
0 0.399191 4 
0 0.400615 4 
0 0.402789 4 
0 0.406981 4 
0 0.410445 4 
0 0.412034 4 
0 0.412419 4 
0 0.421374 4 
0 0.424664 4 
0 0.426519 4 
0 0.439359 4 
0 0.440681 4 
0 0.46419 4 
0 0.613024 4 
0 0.707688 4 
0 0.846204 4 
0 0.879067 4 
0 1.06898 4 
0 1.08514 4 
0 1.08514 4 
0 1.08849 4 
0 1.58228 4 
0 1.6184 4 
0 1.77546 4 
0 1.78477 4 
0 1.78485 4 
0 1.78485 4 
0 1.8101 4 
0 2.36136 4 
0 2.74839 4 
0 2.93655 4 
0 2.9367 4 
0 2.93709 4 
0 3.21764 4 
0 3.50772 4 
0 3.56976 4 
0 inf 4 
0 0.0393825 5 
0 0.0451187 5 
0 0.0451253 5 
0 0.0492248 5 
0 0.049226 5 
0 0.0502077 5 
0 0.0520933 5 
0 0.0520986 5 
0 0.0539214 5 
0 0.0539215 5 
0 0.0548164 5 
0 0.0548173 5 
0 0.0556896 5 
0 0.0556917 5 
0 0.0574062 5 
0 0.0582497 5 
0 0.0598791 5 
0 0.0598853 5 
0 0.0598922 5 
0 0.061478 5 
0 0.061482 5 
0 0.0614876 5 
0 0.0630464 5 
0 0.0660499 5 
0 0.0682099 5 
0 0.0682125 5 
0 0.0696118 5 
0 0.0696189 5 
0 0.0730186 5 
0 0.0736813 5 
0 0.0762653 5 
0 0.0869555 5 
0 0.0875062 5 
0 0.0896965 5 
0 0.0918286 5 
0 0.0918329 5 
0 0.0949454 5 
0 0.0964599 5 
0 0.114814 5 
0 0.118143 5 
0 0.135349 5 
0 0.136419 5 
0 0.136775 5 
0 0.139931 5 
0 0.141308 5 
0 0.142332 5 
0 0.144694 5 
0 0.146361 5 
0 0.149318 5 
0 0.152205 5 
0 0.154413 5 
0 0.155351 5 
0 0.164442 5 
0 0.165918 5 
0 0.166791 5 
0 0.181266 5 
0 0.194178 5 
0 0.228311 5 
0 0.246897 5 
0 0.263757 5 
0 0.273017 5 
0 0.275139 5 
0 0.277594 5 
0 0.278116 5 
0 0.278816 5 
0 0.289008 5 
0 0.290513 5 
0 0.291013 5 
0 0.312734 5 
0 0.317807 5 
0 0.318569 5 
0 0.33526 5 
0 0.350452 5 
0 0.369292 5 
0 0.380111 5 
0 0.392819 5 
0 0.395728 5 
0 0.396096 5 
0 0.398332 5 
0 0.401363 5 
0 0.410043 5 
0 0.410397 5 
0 0.428673 5 
0 0.438843 5 
0 0.440496 5 
0 0.440826 5 
0 0.448361 5 
0 0.481816 5 
0 0.552482 5 
0 0.625457 5 
0 0.656683 5 
0 0.658746 5 
0 0.65904 5 
0 0.677317 5 
0 0.859289 5 
0 1.07594 5 
0 1.0927 5 
0 1.57112 5 
0 1.6294 5 
0 1.63821 5 
0 1.72906 5 
0 1.73032 5 
0 1.74488 5 
0 1.80143 5 
0 1.80202 5 
0 1.80242 5 
0 1.80331 5 
0 1.83626 5 
0 1.924 5 
0 1.92956 5 
0 1.93036 5 
0 2.25058 5 
0 2.50491 5 
0 2.50955 5 
0 2.59868 5 
0 inf 5 
0 0.0311301 6 
0 0.0311326 6 
0 0.0326446 6 
0 0.0368388 6 
0 0.0417735 6 
0 0.0440271 6 
0 0.0440282 6 
0 0.0461793 6 
0 0.0461831 6 
0 0.0502006 6 
0 0.0520982 6 
0 0.0530197 6 
0 0.0539288 6 
0 0.0574057 6 
0 0.0582489 6 
0 0.0598813 6 
0 0.0598856 6 
0 0.0606844 6 
0 0.0614748 6 
0 0.063806 6 
0 0.0645572 6 
0 0.0696147 6 
0 0.071683 6 
0 0.0723457 6 
0 0.0793805 6 
0 0.0811879 6 
0 0.0846938 6 
0 0.0858256 6 
0 0.103254 6 
0 0.103259 6 
0 0.106946 6 
0 0.109184 6 
0 0.110948 6 
0 0.11354 6 
0 0.114392 6 
0 0.11732 6 
0 0.120978 6 
0 0.125698 6 
0 0.126849 6 
0 0.13571 6 
0 0.135711 6 
0 0.137138 6 
0 0.138883 6 
0 0.140617 6 
0 0.141648 6 
0 0.141989 6 
0 0.147023 6 
0 0.160867 6 
0 0.192676 6 
0 0.197399 6 
0 0.202721 6 
0 0.206276 6 
0 0.206983 6 
0 0.208615 6 
0 0.213437 6 
0 0.217908 6 
0 0.225104 6 
0 0.271734 6 
0 0.271912 6 
0 0.272268 6 
0 0.283638 6 
0 0.30151 6 
0 0.307875 6 
0 0.309759 6 
0 0.309918 6 
0 0.31163 6 
0 0.314373 6 
0 0.344594 6 
0 0.358719 6 
0 0.363151 6 
0 0.364615 6 
0 0.371899 6 
0 0.377589 6 
0 0.378103 6 
0 0.387559 6 
0 0.39752 6 
0 0.411419 6 
0 0.411772 6 
0 0.430399 6 
0 0.442996 6 
0 0.443979 6 
0 0.444743 6 
0 0.464532 6 
0 0.511485 6 
0 0.597486 6 
0 0.73363 6 
0 0.853966 6 
0 0.903784 6 
0 1.0798 6 
0 1.07998 6 
0 1.08428 6 
0 1.09123 6 
0 1.09123 6 
0 1.1878 6 
0 1.20127 6 
0 1.21682 6 
0 1.2571 6 
0 1.39184 6 
0 1.4004 6 
0 1.41455 6 
0 1.41784 6 
0 1.42829 6 
0 1.46475 6 
0 1.53237 6 
0 1.5413 6 
0 1.55311 6 
0 1.59269 6 
0 1.613 6 
0 1.61469 6 
0 1.70147 6 
0 1.93406 6 
0 inf 6 
0 0.0393862 7 
0 0.0417683 7 
0 0.0440203 7 
0 0.0461765 7 
0 0.046181 7 
0 0.0492308 7 
0 0.0511561 7 
0 0.0590742 7 
0 0.0606906 7 
0 0.0614828 7 
0 0.0614857 7 
0 0.0630426 7 
0 0.0638075 7 
0 0.0645517 7 
0 0.0653044 7 
0 0.0709988 7 
0 0.0799873 7 
0 0.084691 7 
0 0.0846967 7 
0 0.0875081 7 
0 0.0880588 7 
0 0.089694 7 
0 0.091303 7 
0 0.0923577 7 
0 0.0994257 7 
0 0.10137 7 
0 0.10279 7 
0 0.110072 7 
0 0.120173 7 
0 0.122964 7 
0 0.126077 7 
0 0.134272 7 
0 0.135353 7 
0 0.137482 7 
0 0.137832 7 
0 0.142333 7 
0 0.152202 7 
0 0.161776 7 
0 0.162677 7 
0 0.162974 7 
0 0.165337 7 
0 0.174178 7 
0 0.181242 7 
0 0.191384 7 
0 0.206227 7 
0 0.208391 7 
0 0.212732 7 
0 0.214322 7 
0 0.227719 7 
0 0.228141 7 
0 0.242162 7 
0 0.248046 7 
0 0.252691 7 
0 0.269621 7 
0 0.324537 7 
0 0.326937 7 
0 0.330946 7 
0 0.339797 7 
0 0.339797 7 
0 0.341204 7 
0 0.344752 7 
0 0.357509 7 
0 0.359133 7 
0 0.360211 7 
0 0.362801 7 
0 0.373852 7 
0 0.373853 7 
0 0.378834 7 
0 0.402225 7 
0 0.405584 7 
0 0.406181 7 
0 0.417299 7 
0 0.4173 7 
0 0.417764 7 
0 0.450152 7 
0 0.525227 7 
0 0.610806 7 
0 0.621708 7 
0 0.658356 7 
0 0.67338 7 
0 0.731778 7 
0 0.848657 7 
0 0.849171 7 
0 0.853895 7 
0 0.85684 7 
0 0.864717 7 
0 0.904616 7 
0 0.915646 7 
0 0.918658 7 
0 0.989714 7 
0 1.11762 7 
0 1.24309 7 
0 1.24437 7 
0 1.24612 7 
0 1.26013 7 
0 1.38083 7 
0 1.3939 7 
0 1.3994 7 
0 1.41292 7 
0 1.4176 7 
0 1.42033 7 
0 1.43127 7 
0 1.46875 7 
0 1.4923 7 
0 1.50364 7 
0 1.58433 7 
0 1.70521 7 
0 inf 7 
0 0.0260425 8 
0 0.0326567 8 
0 0.0326567 8 
0 0.0429122 8 
0 0.0461722 8 
0 0.0502048 8 
0 0.0502085 8 
0 0.0521001 8 
0 0.0530244 8 
0 0.0574074 8 
0 0.0653048 8 
0 0.0886093 8 
0 0.0954465 8 
0 0.0954465 8 
0 0.106038 8 
0 0.106497 8 
0 0.106945 8 
0 0.119775 8 
0 0.123361 8 
0 0.127234 8 
0 0.128373 8 
0 0.132824 8 
0 0.13391 8 
0 0.134635 8 
0 0.135348 8 
0 0.135704 8 
0 0.136065 8 
0 0.137483 8 
0 0.139583 8 
0 0.141307 8 
0 0.144358 8 
0 0.147353 8 
0 0.153156 8 
0 0.162963 8 
0 0.176668 8 
0 0.177186 8 
0 0.178303 8 
0 0.182335 8 
0 0.182576 8 
0 0.185734 8 
0 0.18989 8 
0 0.21632 8 
0 0.236239 8 
0 0.237673 8 
0 0.253737 8 
0 0.256709 8 
0 0.262191 8 
0 0.262192 8 
0 0.275313 8 
0 0.287193 8 
0 0.289879 8 
0 0.29796 8 
0 0.309869 8 
0 0.342903 8 
0 0.343035 8 
0 0.345289 8 
0 0.34551 8 
0 0.347608 8 
0 0.348083 8 
0 0.361204 8 
0 0.362693 8 
0 0.376394 8 
0 0.383336 8 
0 0.384487 8 
0 0.385856 8 
0 0.406602 8 
0 0.407554 8 
0 0.43853 8 
0 0.540295 8 
0 0.564252 8 
0 0.564252 8 
0 0.605119 8 
0 0.616464 8 
0 0.639481 8 
0 0.641975 8 
0 0.643785 8 
0 0.668699 8 
0 0.71706 8 
0 0.740209 8 
0 0.740789 8 
0 0.746915 8 
0 0.895814 8 
0 0.905585 8 
0 1.06212 8 
0 1.07048 8 
0 1.07048 8 
0 1.0712 8 
0 1.0845 8 
0 1.08811 8 
0 1.09733 8 
0 1.10074 8 
0 1.10546 8 
0 1.10611 8 
0 1.3575 8 
0 1.36643 8 
0 1.3704 8 
0 1.39426 8 
0 1.39426 8 
0 1.39593 8 
0 1.43148 8 
0 1.45249 8 
0 1.46149 8 
0 1.54856 8 
0 inf 8 
0 0.0417622 9 
0 0.0660433 9 
0 0.0674954 9 
0 0.0730162 9 
0 0.0762593 9 
0 0.0781464 9 
0 0.0799783 9 
0 0.0805888 9 
0 0.0846933 9 
0 0.0858291 9 
0 0.0923585 9 
0 0.100399 9 
0 0.101835 9 
0 0.102788 9 
0 0.103264 9 
0 0.104657 9 
0 0.105572 9 
0 0.107395 9 
0 0.114387 9 
0 0.119774 9 
0 0.122963 9 
0 0.127611 9 
0 0.130612 9 
0 0.135669 9 
0 0.136779 9 
0 0.13924 9 
0 0.145696 9 
0 0.145696 9 
0 0.148666 9 
0 0.150892 9 
0 0.150895 9 
0 0.164741 9 
0 0.180731 9 
0 0.181801 9 
0 0.223155 9 
0 0.23 9 
0 0.235232 9 
0 0.236929 9 
0 0.242205 9 
0 0.255414 9 
0 0.258432 9 
0 0.281064 9 
0 0.298448 9 
0 0.305669 9 
0 0.30807 9 
0 0.317182 9 
0 0.318241 9 
0 0.318393 9 
0 0.322527 9 
0 0.328741 9 
0 0.329135 9 
0 0.329135 9 
0 0.330945 9 
0 0.339208 9 
0 0.361696 9 
0 0.362231 9 
0 0.366539 9 
0 0.372312 9 
0 0.373484 9 
0 0.373873 9 
0 0.375234 9 
0 0.406837 9 
0 0.407432 9 
0 0.452134 9 
0 0.518224 9 
0 0.526666 9 
0 0.544616 9 
0 0.597569 9 
0 0.605223 9 
0 0.644092 9 
0 0.644473 9 
0 0.669306 9 
0 0.709615 9 
0 0.864507 9 
0 0.864955 9 
0 0.87315 9 
0 0.886643 9 
0 0.888009 9 
0 0.900936 9 
0 0.907369 9 
0 0.917842 9 
0 0.945927 9 
0 1.06357 9 
0 1.06371 9 
0 1.07518 9 
0 1.07816 9 
0 1.08018 9 
0 1.12591 9 
0 1.12591 9 
0 1.37935 9 
0 1.38524 9 
0 1.3943 9 
0 1.39565 9 
0 1.40453 9 
0 1.41068 9 
0 1.47112 9 
0 1.47349 9 
0 1.49083 9 
0 1.49086 9 
0 inf 9 
0 0.0461782 10 
0 0.0530208 10 
0 0.0622735 10 
0 0.073671 10 
0 0.0811825 10 
0 0.0811863 10 
0 0.0863953 10 
0 0.100893 10 
0 0.104653 10 
0 0.105114 10 
0 0.108295 10 
0 0.121379 10 
0 0.122569 10 
0 0.131312 10 
0 0.138885 10 
0 0.146987 10 
0 0.148013 10 
0 0.149949 10 
0 0.149961 10 
0 0.158789 10 
0 0.162665 10 
0 0.176937 10 
0 0.1783 10 
0 0.193684 10 
0 0.196109 10 
0 0.206517 10 
0 0.213243 10 
0 0.213475 10 
0 0.218813 10 
0 0.223196 10 
0 0.223197 10 
0 0.232355 10 
0 0.239524 10 
0 0.240937 10 
0 0.243339 10 
0 0.245145 10 
0 0.253506 10 
0 0.270997 10 
0 0.272484 10 
0 0.278929 10 
0 0.314589 10 
0 0.315358 10 
0 0.333956 10 
0 0.335259 10 
0 0.336904 10 
0 0.339067 10 
0 0.37374 10 
0 0.37838 10 
0 0.379345 10 
0 0.39142 10 
0 0.391915 10 
0 0.408553 10 
0 0.411502 10 
0 0.448145 10 
0 0.451914 10 
0 0.471442 10 
0 0.473596 10 
0 0.478479 10 
0 0.597649 10 
0 0.597973 10 
0 0.602729 10 
0 0.603867 10 
0 0.608888 10 
0 0.608968 10 
0 0.626941 10 
0 0.649791 10 
0 0.657404 10 
0 0.658214 10 
0 0.679677 10 
0 0.713084 10 
0 0.836411 10 
0 0.838321 10 
0 0.853459 10 
0 0.853516 10 
0 0.85397 10 
0 0.884193 10 
0 0.937963 10 
0 0.971318 10 
0 1.06494 10 
0 1.06562 10 
0 1.08563 10 
0 1.09164 10 
0 1.0927 10 
0 1.32848 10 
0 1.32848 10 
0 1.41258 10 
0 1.41289 10 
0 1.47097 10 
0 1.48054 10 
0 1.48077 10 
0 1.51318 10 
0 1.54532 10 
0 1.54541 10 
0 1.7154 10 
0 1.71543 10 
0 inf 10 
0 0.0502038 11 
0 0.0565582 11 
0 0.0574095 11 
0 0.0638121 11 
0 0.0709986 11 
0 0.0823574 11 
0 0.0875026 11 
0 0.0944288 11 
0 0.10694 11 
0 0.108744 11 
0 0.120537 11 
0 0.123318 11 
0 0.12799 11 
0 0.147018 11 
0 0.158182 11 
0 0.170521 11 
0 0.185493 11 
0 0.196451 11 
0 0.202523 11 
0 0.207915 11 
0 0.21727 11 
0 0.21816 11 
0 0.222335 11 
0 0.223195 11 
0 0.224924 11 
0 0.224942 11 
0 0.225581 11 
0 0.240357 11 
0 0.282609 11 
0 0.288034 11 
0 0.292544 11 
0 0.308815 11 
0 0.311174 11 
0 0.311316 11 
0 0.311641 11 
0 0.319158 11 
0 0.334017 11 
0 0.337603 11 
0 0.342903 11 
0 0.355534 11 
0 0.356758 11 
0 0.357542 11 
0 0.358508 11 
0 0.358625 11 
0 0.376393 11 
0 0.376521 11 
0 0.377036 11 
0 0.384728 11 
0 0.397439 11 
0 0.399265 11 
0 0.400882 11 
0 0.445439 11 
0 0.453949 11 
0 0.468142 11 
0 0.476319 11 
0 0.48027 11 
0 0.532823 11 
0 0.563247 11 
0 0.569167 11 
0 0.578611 11 
0 0.593582 11 
0 0.596839 11 
0 0.623819 11 
0 0.624207 11 
0 0.626533 11 
0 0.662855 11 
0 0.751896 11 
0 0.753249 11 
0 0.827557 11 
0 0.828962 11 
0 0.830189 11 
0 0.831413 11 
0 0.831471 11 
0 0.892688 11 
0 0.945829 11 
0 0.950735 11 
0 1.07074 11 
0 1.07079 11 
0 1.07648 11 
0 1.0772 11 
0 1.08361 11 
0 1.37661 11 
0 1.37704 11 
0 1.39346 11 
0 1.39364 11 
0 1.4472 11 
0 1.44881 11 
0 1.44931 11 
0 1.48 11 
0 1.48065 11 
0 1.48392 11 
0 inf 11 
0 0.0461818 12 
0 0.0530238 12 
0 0.0582392 12 
0 0.0696172 12 
0 0.0918295 12 
0 0.117275 12 
0 0.120586 12 
0 0.132088 12 
0 0.141696 12 
0 0.165627 12 
0 0.171373 12 
0 0.171659 12 
0 0.174154 12 
0 0.186267 12 
0 0.195161 12 
0 0.197615 12 
0 0.199112 12 
0 0.199112 12 
0 0.200537 12 
0 0.206982 12 
0 0.211841 12 
0 0.214521 12 
0 0.21552 12 
0 0.224114 12 
0 0.235256 12 
0 0.235877 12 
0 0.250988 12 
0 0.25654 12 
0 0.272467 12 
0 0.273 12 
0 0.287713 12 
0 0.289222 12 
0 0.290395 12 
0 0.295193 12 
0 0.296342 12 
0 0.309918 12 
0 0.309918 12 
0 0.311026 12 
0 0.330515 12 
0 0.349621 12 
0 0.356629 12 
0 0.360539 12 
0 0.366002 12 
0 0.36615 12 
0 0.366678 12 
0 0.386734 12 
0 0.416427 12 
0 0.420481 12 
0 0.421632 12 
0 0.478786 12 
0 0.499947 12 
0 0.500819 12 
0 0.501433 12 
0 0.522729 12 
0 0.522819 12 
0 0.566768 12 
0 0.615073 12 
0 0.615624 12 
0 0.662049 12 
0 0.673157 12 
0 0.673804 12 
0 0.688653 12 
0 0.689708 12 
0 0.70148 12 
0 0.702032 12 
0 0.720093 12 
0 0.72265 12 
0 0.885696 12 
0 0.886516 12 
0 0.898432 12 
0 0.899133 12 
0 0.949092 12 
0 1.06803 12 
0 1.06916 12 
0 1.07966 12 
0 1.08038 12 
0 1.0841 12 
0 1.36629 12 
0 1.36682 12 
0 1.39791 12 
0 1.39832 12 
0 1.42588 12 
0 1.4286 12 
0 1.43432 12 
0 1.4562 12 
0 1.4563 12 
0 1.46965 12 
0 inf 12 
0 0.0472191 13 
0 0.0913004 13 
0 0.10512 13 
0 0.126808 13 
0 0.153471 13 
0 0.157519 13 
0 0.163305 13 
0 0.165334 13 
0 0.165334 13 
0 0.166794 13 
0 0.179122 13 
0 0.179932 13 
0 0.181538 13 
0 0.20198 13 
0 0.202218 13 
0 0.20296 13 
0 0.204628 13 
0 0.204865 13 
0 0.206031 13 
0 0.207203 13 
0 0.207254 13 
0 0.210669 13 
0 0.211108 13 
0 0.230055 13 
0 0.235255 13 
0 0.242366 13 
0 0.2588 13 
0 0.261591 13 
0 0.266015 13 
0 0.270522 13 
0 0.273196 13 
0 0.289211 13 
0 0.29287 13 
0 0.293214 13 
0 0.29469 13 
0 0.296324 13 
0 0.298768 13 
0 0.317336 13 
0 0.318099 13 
0 0.319315 13 
0 0.325194 13 
0 0.326236 13 
0 0.34177 13 
0 0.342608 13 
0 0.378114 13 
0 0.4095 13 
0 0.41318 13 
0 0.421158 13 
0 0.503426 13 
0 0.506019 13 
0 0.515266 13 
0 0.598086 13 
0 0.600965 13 
0 0.611755 13 
0 0.641183 13 
0 0.641183 13 
0 0.651132 13 
0 0.659191 13 
0 0.659412 13 
0 0.665041 13 
0 0.665848 13 
0 0.670845 13 
0 0.672 13 
0 0.827382 13 
0 0.82826 13 
0 0.893131 13 
0 0.894433 13 
0 0.89465 13 
0 1.07337 13 
0 1.07558 13 
0 1.12963 13 
0 1.131 13 
0 1.13669 13 
0 1.35747 13 
0 1.37224 13 
0 1.37337 13 
0 1.37534 13 
0 1.37534 13 
0 1.38942 13 
0 1.39026 13 
0 1.40499 13 
0 1.40523 13 
0 1.40661 13 
0 inf 13 
0 0.0823745 14 
0 0.098442 14 
0 0.108299 14 
0 0.112209 14 
0 0.151927 14 
0 0.155974 14 
0 0.172217 14 
0 0.178579 14 
0 0.181001 14 
0 0.186266 14 
0 0.186266 14 
0 0.191166 14 
0 0.194434 14 
0 0.196152 14 
0 0.198138 14 
0 0.198836 14 
0 0.209779 14 
0 0.221906 14 
0 0.221934 14 
0 0.225319 14 
0 0.22532 14 
0 0.225964 14 
0 0.232981 14 
0 0.234854 14 
0 0.250039 14 
0 0.253499 14 
0 0.268358 14 
0 0.268371 14 
0 0.272658 14 
0 0.272658 14 
0 0.27514 14 
0 0.275141 14 
0 0.276892 14 
0 0.316734 14 
0 0.346558 14 
0 0.367445 14 
0 0.387979 14 
0 0.391215 14 
0 0.391222 14 
0 0.392699 14 
0 0.420767 14 
0 0.472834 14 
0 0.474062 14 
0 0.500855 14 
0 0.52032 14 
0 0.539038 14 
0 0.580121 14 
0 0.606984 14 
0 0.610408 14 
0 0.610726 14 
0 0.613656 14 
0 0.623683 14 
0 0.653659 14 
0 0.676548 14 
0 0.678908 14 
0 0.679265 14 
0 0.82785 14 
0 0.835715 14 
0 0.845402 14 
0 0.84609 14 
0 0.846319 14 
0 1.06748 14 
0 1.06817 14 
0 1.09677 14 
0 1.09682 14 
0 1.10035 14 
0 1.29002 14 
0 1.31343 14 
0 1.31417 14 
0 1.3642 14 
0 1.39787 14 
0 1.54631 14 
0 1.55309 14 
0 1.55334 14 
0 1.60495 14 
0 1.61257 14 
0 1.61362 14 
0 1.67584 14 
0 1.79841 14 
0 inf 14 
0 0.0574098 15 
0 0.0709892 15 
0 0.112208 15 
0 0.114384 15 
0 0.128366 15 
0 0.13396 15 
0 0.134995 15 
0 0.139939 15 
0 0.152806 15 
0 0.187047 15 
0 0.189108 15 
0 0.195171 15 
0 0.200777 15 
0 0.202729 15 
0 0.206983 15 
0 0.216419 15 
0 0.218598 15 
0 0.222546 15 
0 0.223198 15 
0 0.223427 15 
0 0.225155 15 
0 0.2258 15 
0 0.226001 15 
0 0.226016 15 
0 0.230305 15 
0 0.240194 15 
0 0.266123 15 
0 0.268544 15 
0 0.269445 15 
0 0.271417 15 
0 0.271596 15 
0 0.274196 15 
0 0.274196 15 
0 0.290549 15 
0 0.304093 15 
0 0.346418 15 
0 0.36955 15 
0 0.372294 15 
0 0.438418 15 
0 0.440074 15 
0 0.440514 15 
0 0.440514 15 
0 0.450526 15 
0 0.496837 15 
0 0.572215 15 
0 0.578706 15 
0 0.59773 15 
0 0.618137 15 
0 0.618138 15 
0 0.618373 15 
0 0.624378 15 
0 0.642435 15 
0 0.663293 15 
0 0.663585 15 
0 0.663586 15 
0 0.728615 15 
0 0.835079 15 
0 0.835079 15 
0 0.841265 15 
0 0.841323 15 
0 1.07711 15 
0 1.07819 15 
0 1.08196 15 
0 1.08196 15 
0 1.19748 15 
0 1.20908 15 
0 1.20924 15 
0 1.37577 15 
0 1.41044 15 
0 1.51453 15 
0 1.53272 15 
0 1.53294 15 
0 1.66772 15 
0 1.68426 15 
0 1.6853 15 
0 inf 15 
0 0.0614828 16 
0 0.0645618 16 
0 0.0667765 16 
0 0.0768951 16 
0 0.0817793 16 
0 0.110508 16 
0 0.117728 16 
0 0.12795 16 
0 0.133187 16 
0 0.163897 16 
0 0.178007 16 
0 0.179903 16 
0 0.204609 16 
0 0.210002 16 
0 0.213032 16 
0 0.214745 16 
0 0.216989 16 
0 0.218425 16 
0 0.21899 16 
0 0.221071 16 
0 0.228152 16 
0 0.228364 16 
0 0.237312 16 
0 0.237516 16 
0 0.255004 16 
0 0.280028 16 
0 0.286856 16 
0 0.287362 16 
0 0.295347 16 
0 0.305032 16 
0 0.310075 16 
0 0.321736 16 
0 0.324137 16 
0 0.324286 16 
0 0.34851 16 
0 0.406599 16 
0 0.418916 16 
0 0.450682 16 
0 0.451004 16 
0 0.470514 16 
0 0.540205 16 
0 0.612469 16 
0 0.612707 16 
0 0.613735 16 
0 0.61413 16 
0 0.655652 16 
0 0.667304 16 
0 0.671936 16 
0 0.67424 16 
0 0.722715 16 
0 0.750093 16 
0 0.751062 16 
0 0.761225 16 
0 0.843278 16 
0 0.848777 16 
0 0.848777 16 
0 0.850602 16 
0 0.857561 16 
0 1.07233 16 
0 1.07265 16 
0 1.07445 16 
0 1.07486 16 
0 1.12647 16 
0 1.35407 16 
0 1.39315 16 
0 1.41404 16 
0 1.41418 16 
0 1.41418 16 
0 1.44682 16 
0 1.44708 16 
0 1.44732 16 
0 inf 16 
0 0.0574108 17 
0 0.105574 17 
0 0.110508 17 
0 0.124099 17 
0 0.127566 17 
0 0.152488 17 
0 0.156897 17 
0 0.158434 17 
0 0.167366 17 
0 0.18153 17 
0 0.208881 17 
0 0.210501 17 
0 0.210501 17 
0 0.214293 17 
0 0.235098 17 
0 0.241195 17 
0 0.277626 17 
0 0.281269 17 
0 0.291714 17 
0 0.292543 17 
0 0.292544 17 
0 0.295017 17 
0 0.311025 17 
0 0.312268 17 
0 0.312889 17 
0 0.312889 17 
0 0.316984 17 
0 0.331227 17 
0 0.375493 17 
0 0.376395 17 
0 0.377336 17 
0 0.378321 17 
0 0.39601 17 
0 0.476953 17 
0 0.477867 17 
0 0.507291 17 
0 0.51252 17 
0 0.566826 17 
0 0.589163 17 
0 0.591592 17 
0 0.595511 17 
0 0.598759 17 
0 0.624919 17 
0 0.626545 17 
0 0.627704 17 
0 0.639409 17 
0 0.647618 17 
0 0.683949 17 
0 0.687976 17 
0 0.72234 17 
0 0.728951 17 
0 0.844715 17 
0 0.845002 17 
0 0.845289 17 
0 0.847007 17 
0 1.07675 17 
0 1.09673 17 
0 1.09686 17 
0 1.09828 17 
0 1.37404 17 
0 1.38629 17 
0 1.38947 17 
0 1.39045 17 
0 1.3987 17 
0 1.40213 17 
0 1.40279 17 
0 1.4031 17 
0 inf 17 
0 0.0645584 18 
0 0.074977 18 
0 0.0793723 18 
0 0.133511 18 
0 0.134595 18 
0 0.134595 18 
0 0.143685 18 
0 0.152519 18 
0 0.156572 18 
0 0.157213 18 
0 0.225559 18 
0 0.243932 18 
0 0.24532 18 
0 0.274079 18 
0 0.295193 18 
0 0.301046 18 
0 0.310273 18 
0 0.313755 18 
0 0.315539 18 
0 0.315846 18 
0 0.315999 18 
0 0.316569 18 
0 0.322636 18 
0 0.323986 18 
0 0.324583 18 
0 0.335115 18 
0 0.337997 18 
0 0.338636 18 
0 0.33878 18 
0 0.340207 18 
0 0.375492 18 
0 0.385678 18 
0 0.386807 18 
0 0.428121 18 
0 0.459569 18 
0 0.619942 18 
0 0.625698 18 
0 0.629995 18 
0 0.633245 18 
0 0.633318 18 
0 0.634163 18 
0 0.634469 18 
0 0.649789 18 
0 0.662685 18 
0 0.665385 18 
0 0.665967 18 
0 0.87498 18 
0 0.87498 18 
0 0.875367 18 
0 0.919227 18 
0 0.970006 18 
0 1.07531 18 
0 1.07531 18 
0 1.07599 18 
0 1.07878 18 
0 1.3887 18 
0 1.39844 18 
0 1.40121 18 
0 1.40149 18 
0 1.40844 18 
0 1.4093 18 
0 1.40934 18 
0 1.41873 18 
0 inf 18 
0 0.108746 19 
0 0.110075 19 
0 0.12018 19 
0 0.127988 19 
0 0.13061 19 
0 0.130981 19 
0 0.134997 19 
0 0.161174 19 
0 0.16708 19 
0 0.193869 19 
0 0.197829 19 
0 0.197829 19 
0 0.218352 19 
0 0.22558 19 
0 0.226201 19 
0 0.253881 19 
0 0.257856 19 
0 0.257856 19 
0 0.259528 19 
0 0.260832 19 
0 0.260832 19 
0 0.281216 19 
0 0.295355 19 
0 0.306725 19 
0 0.310493 19 
0 0.310649 19 
0 0.341913 19 
0 0.342054 19 
0 0.344877 19 
0 0.345977 19 
0 0.346398 19 
0 0.381891 19 
0 0.383031 19 
0 0.383916 19 
0 0.466481 19 
0 0.544616 19 
0 0.608184 19 
0 0.641377 19 
0 0.66324 19 
0 0.66419 19 
0 0.664408 19 
0 0.855603 19 
0 0.856113 19 
0 0.856283 19 
0 0.856806 19 
0 0.924447 19 
0 0.926176 19 
0 1.07814 19 
0 1.07868 19 
0 1.07886 19 
0 1.08156 19 
0 1.43185 19 
0 1.43277 19 
0 1.46291 19 
0 1.50303 19 
0 1.5155 19 
0 1.51601 19 
0 1.80027 19 
0 1.91077 19 
0 inf 19 
0 0.078141 20 
0 0.11051 20 
0 0.110948 20 
0 0.121778 20 
0 0.131349 20 
0 0.132088 20 
0 0.132088 20 
0 0.134993 20 
0 0.137834 20 
0 0.138527 20 
0 0.140274 20 
0 0.193178 20 
0 0.196664 20 
0 0.204103 20 
0 0.20434 20 
0 0.205286 20 
0 0.217924 20 
0 0.231706 20 
0 0.231731 20 
0 0.23275 20 
0 0.242956 20 
0 0.249236 20 
0 0.271947 20 
0 0.309461 20 
0 0.309618 20 
0 0.311957 20 
0 0.327212 20 
0 0.328837 20 
0 0.329574 20 
0 0.341203 20 
0 0.341203 20 
0 0.344173 20 
0 0.377295 20 
0 0.379856 20 
0 0.379856 20 
0 0.476958 20 
0 0.477059 20 
0 0.537271 20 
0 0.543996 20 
0 0.602889 20 
0 0.60305 20 
0 0.603131 20 
0 0.691905 20 
0 0.853061 20 
0 0.855784 20 
0 0.882272 20 
0 0.883589 20 
0 1.08737 20 
0 1.08737 20 
0 1.47025 20 
0 1.47064 20 
0 1.51292 20 
0 1.51331 20 
0 2.73992 20 
0 3.21883 20 
0 inf 20 
