0 0.00814988 1 
0 0.00940999 1 
0 0.0115248 1 
0 0.0115249 1 
0 0.0124486 1 
0 0.0124486 1 
0 0.012449 1 
0 0.012449 1 
0 0.014115 1 
0 0.014116 1 
0 0.0148788 1 
0 0.0156047 1 
0 0.0156053 1 
0 0.0162995 1 
0 0.0169652 1 
0 0.0182232 1 
0 0.0182232 1 
0 0.0182232 1 
0 0.0188203 1 
0 0.0188204 1 
0 0.0193992 1 
0 0.0199616 1 
0 0.0199616 1 
0 0.0199663 1 
0 0.0205088 1 
0 0.0205098 1 
0 0.0205098 1 
0 0.0210436 1 
0 0.0220685 1 
0 0.0220685 1 
0 0.0220686 1 
0 0.0225643 1 
0 0.0239885 1 
0 0.0239889 1 
0 0.0239909 1 
0 0.0244478 1 
0 0.0261962 1 
0 0.0266157 1 
0 0.0274346 1 
0 0.0274353 1 
0 0.0274363 1 
0 0.0274381 1 
0 0.0274381 1 
0 0.0274398 1 
0 0.0274398 1 
0 0.0278326 1 
0 0.027836 1 
0 0.0282267 1 
0 0.0286178 1 
0 0.0286204 1 
0 0.0286219 1 
0 0.0290101 1 
0 0.0293832 1 
0 0.0293848 1 
0 0.0297539 1 
0 0.0304919 1 
0 0.0308527 1 
0 0.031214 1 
0 0.0322559 1 
0 0.032256 1 
0 0.0329371 1 
0 0.03458 1 
0 0.0390857 1 
0 0.0393696 1 
0 0.040206 1 
0 0.0472951 1 
0 0.0493482 1 
0 0.0521827 1 
0 0.0595156 1 
0 0.0598857 1 
0 0.060984 1 
0 0.0794299 1 
0 0.0821706 1 
0 0.0871438 1 
0 0.094335 1 
0 0.0948044 1 
0 0.101788 1 
0 0.104998 1 
0 0.106877 1 
0 0.111144 1 
0 0.11697 1 
0 0.119494 1 
0 0.122513 1 
0 0.123954 1 
0 0.126602 1 
0 0.129113 1 
0 0.134154 1 
0 0.135469 1 
0 0.146312 1 
0 0.150415 1 
0 0.160041 1 
0 0.162241 1 
0 0.165754 1 
0 0.166685 1 
0 0.180458 1 
0 0.18673 1 
0 0.190886 1 
0 0.201169 1 
0 0.20633 1 
0 0.232508 1 
0 0.244618 1 
0 0.31457 1 
0 0.391596 1 
0 0.402484 1 
0 0.489806 1 
0 0.499184 1 
0 0.538773 1 
0 0.548054 1 
0 0.589336 1 
0 0.618251 1 
0 0.630626 1 
0 0.663175 1 
0 0.69073 1 
0 0.702435 1 
0 0.737731 1 
0 0.818039 1 
0 0.857683 1 
0 0.921001 1 
0 1.03258 1 
0 1.0358 1 
0 1.09357 1 
0 1.21421 1 
0 1.75891 1 
0 1.79887 1 
0 2.57794 1 
0 2.60133 1 
0 3.28357 1 
0 3.57657 1 
0 4.07797 1 
0 4.0898 1 
0 4.19 1 
0 inf 1 
0 0.00941 2 
0 0.0115253 2 
0 0.0115253 2 
0 0.0124483 2 
0 0.0141153 2 
0 0.0148785 2 
0 0.0156056 2 
0 0.0156056 2 
0 0.0162986 2 
0 0.0162992 2 
0 0.0176053 2 
0 0.0176053 2 
0 0.0182226 2 
0 0.0182263 2 
0 0.0193996 2 
0 0.0193997 2 
0 0.0193999 2 
0 0.0199619 2 
0 0.0205086 2 
0 0.0205086 2 
0 0.0215615 2 
0 0.0215647 2 
0 0.0220684 2 
0 0.0220693 2 
0 0.0230501 2 
0 0.0239942 2 
0 0.0239968 2 
0 0.0244478 2 
0 0.0244527 2 
0 0.0257704 2 
0 0.0257711 2 
0 0.0257722 2 
0 0.0270284 2 
0 0.0274295 2 
0 0.0282367 2 
0 0.0293867 2 
0 0.0293867 2 
0 0.0293883 2 
0 0.0319064 2 
0 0.0319109 2 
0 0.0322558 2 
0 0.0329357 2 
0 0.0345729 2 
0 0.0352074 2 
0 0.0361407 2 
0 0.0370473 2 
0 0.0373433 2 
0 0.0385087 2 
0 0.0387975 2 
0 0.0393708 2 
0 0.0404809 2 
0 0.041558 2 
0 0.0426078 2 
0 0.044884 2 
0 0.0488966 2 
0 0.0558717 2 
0 0.058389 2 
0 0.0629496 2 
0 0.0641694 2 
0 0.0696293 2 
0 0.0748419 2 
0 0.0892725 2 
0 0.0957291 2 
0 0.0967671 2 
0 0.0986963 2 
0 0.10394 2 
0 0.108018 2 
0 0.110046 2 
0 0.112036 2 
0 0.112727 2 
0 0.113607 2 
0 0.115928 2 
0 0.125458 2 
0 0.12756 2 
0 0.133913 2 
0 0.152538 2 
0 0.152893 2 
0 0.159629 2 
0 0.159631 2 
0 0.161629 2 
0 0.162309 2 
0 0.190777 2 
0 0.200444 2 
0 0.204607 2 
0 0.207187 2 
0 0.207341 2 
0 0.20994 2 
0 0.221642 2 
0 0.257493 2 
0 0.280572 2 
0 0.333863 2 
0 0.334244 2 
0 0.386779 2 
0 0.478348 2 
0 0.479878 2 
0 0.518994 2 
0 0.522691 2 
0 0.56221 2 
0 0.562216 2 
0 0.567021 2 
0 0.568344 2 
0 0.651218 2 
0 0.673304 2 
0 0.684132 2 
0 0.719613 2 
0 0.773915 2 
0 0.776658 2 
0 0.783288 2 
0 0.783312 2 
0 0.79201 2 
0 0.822599 2 
0 0.830606 2 
0 0.843666 2 
0 0.989191 2 
0 1.00494 2 
0 1.45795 2 
0 1.50605 2 
0 2.13005 2 
0 2.71044 2 
0 2.73709 2 
0 2.96021 2 
0 3.02647 2 
0 3.06464 2 
0 3.09908 2 
0 3.19537 2 
0 3.69748 2 
0 3.71082 2 
0 inf 2 
0 0.0133077 3 
0 0.0133077 3 
0 0.014115 3 
0 0.014115 3 
0 0.0148785 3 
0 0.0148785 3 
0 0.0156053 3 
0 0.0169649 3 
0 0.0182224 3 
0 0.0188207 3 
0 0.0199619 3 
0 0.0205091 3 
0 0.023524 3 
0 0.0235256 3 
0 0.0239911 3 
0 0.0239917 3 
0 0.0244454 3 
0 0.0244481 3 
0 0.0244481 3 
0 0.0249003 3 
0 0.0253372 3 
0 0.02577 3 
0 0.0270282 3 
0 0.0278355 3 
0 0.0286227 3 
0 0.0293822 3 
0 0.0293899 3 
0 0.0308527 3 
0 0.030853 3 
0 0.0322561 3 
0 0.0322585 3 
0 0.0322595 3 
0 0.0332736 3 
0 0.0342591 3 
0 0.0345754 3 
0 0.0345754 3 
0 0.0345755 3 
0 0.0348979 3 
0 0.0367477 3 
0 0.0382247 3 
0 0.0382255 3 
0 0.0436324 3 
0 0.0477518 3 
0 0.047983 3 
0 0.0504591 3 
0 0.0538537 3 
0 0.0562653 3 
0 0.0591446 3 
0 0.0608055 3 
0 0.0629508 3 
0 0.0633035 3 
0 0.067208 3 
0 0.0681946 3 
0 0.069946 3 
0 0.0757257 3 
0 0.079296 3 
0 0.0859881 3 
0 0.0900127 3 
0 0.0901375 3 
0 0.0975683 3 
0 0.102549 3 
0 0.108625 3 
0 0.111937 3 
0 0.112725 3 
0 0.117908 3 
0 0.122875 3 
0 0.123145 3 
0 0.123145 3 
0 0.145628 3 
0 0.152025 3 
0 0.154336 3 
0 0.154337 3 
0 0.181988 3 
0 0.201273 3 
0 0.204979 3 
0 0.208466 3 
0 0.278116 3 
0 0.311126 3 
0 0.322358 3 
0 0.354309 3 
0 0.363513 3 
0 0.417711 3 
0 0.458237 3 
0 0.462448 3 
0 0.468325 3 
0 0.475205 3 
0 0.480082 3 
0 0.490644 3 
0 0.50305 3 
0 0.596376 3 
0 0.609894 3 
0 0.630584 3 
0 0.641439 3 
0 0.648105 3 
0 0.651573 3 
0 0.66627 3 
0 0.670446 3 
0 0.67557 3 
0 0.712667 3 
0 0.738717 3 
0 0.741939 3 
0 0.755193 3 
0 0.755842 3 
0 0.760786 3 
0 0.762369 3 
0 0.769134 3 
0 0.987857 3 
0 1.05227 3 
0 1.39105 3 
0 1.94535 3 
0 2.16373 3 
0 2.24878 3 
0 2.45061 3 
0 2.4522 3 
0 2.45249 3 
0 2.48101 3 
0 2.56532 3 
0 2.57001 3 
0 2.57036 3 
0 2.82267 3 
0 3.26667 3 
0 3.39482 3 
0 3.42599 3 
0 inf 3 
0 0.0081493 4 
0 0.0162986 4 
0 0.0162986 4 
0 0.0169633 4 
0 0.0176053 4 
0 0.0176053 4 
0 0.0182226 4 
0 0.0188202 4 
0 0.0193999 4 
0 0.0199621 4 
0 0.0220686 4 
0 0.022071 4 
0 0.0225644 4 
0 0.0225677 4 
0 0.0239915 4 
0 0.0239915 4 
0 0.0248968 4 
0 0.0257705 4 
0 0.0262017 4 
0 0.0282347 4 
0 0.0290041 4 
0 0.0308573 4 
0 0.0315628 4 
0 0.0329352 4 
0 0.0332736 4 
0 0.0339267 4 
0 0.034575 4 
0 0.0385107 4 
0 0.0393654 4 
0 0.0393659 4 
0 0.0407482 4 
0 0.0415541 4 
0 0.0418201 4 
0 0.0433802 4 
0 0.0484418 4 
0 0.0491226 4 
0 0.0508971 4 
0 0.052818 4 
0 0.0538546 4 
0 0.0546655 4 
0 0.0643407 4 
0 0.0648582 4 
0 0.0683469 4 
0 0.0683499 4 
0 0.068507 4 
0 0.0773102 4 
0 0.0778915 4 
0 0.0785979 4 
0 0.0845583 4 
0 0.0852095 4 
0 0.0865015 4 
0 0.0871361 4 
0 0.0925597 4 
0 0.102116 4 
0 0.102549 4 
0 0.103409 4 
0 0.103409 4 
0 0.10341 4 
0 0.109842 4 
0 0.111939 4 
0 0.123951 4 
0 0.141546 4 
0 0.144331 4 
0 0.14834 4 
0 0.149828 4 
0 0.177551 4 
0 0.178428 4 
0 0.19856 4 
0 0.318905 4 
0 0.361709 4 
0 0.39516 4 
0 0.401418 4 
0 0.428664 4 
0 0.431338 4 
0 0.443093 4 
0 0.482661 4 
0 0.484194 4 
0 0.497915 4 
0 0.552951 4 
0 0.554096 4 
0 0.573655 4 
0 0.606098 4 
0 0.606696 4 
0 0.607512 4 
0 0.610685 4 
0 0.616103 4 
0 0.626158 4 
0 0.630844 4 
0 0.635389 4 
0 0.641799 4 
0 0.643866 4 
0 0.657809 4 
0 0.675471 4 
0 0.702729 4 
0 0.702963 4 
0 0.718658 4 
0 0.719523 4 
0 0.722836 4 
0 0.729014 4 
0 0.771669 4 
0 0.774864 4 
0 0.900451 4 
0 0.901434 4 
0 0.903396 4 
0 1.02544 4 
0 1.4099 4 
0 1.68343 4 
0 1.68863 4 
0 1.69366 4 
0 1.69784 4 
0 1.90661 4 
0 2.30243 4 
0 2.47299 4 
0 2.49982 4 
0 2.50008 4 
0 2.50032 4 
0 2.8681 4 
0 2.91022 4 
0 2.95339 4 
0 inf 4 
0 0.00941 5 
0 0.0156047 5 
0 0.0156047 5 
0 0.0156053 5 
0 0.021043 5 
0 0.0225723 5 
0 0.0239909 5 
0 0.0253385 5 
0 0.0262059 5 
0 0.0274384 5 
0 0.0278352 5 
0 0.0278382 5 
0 0.0278394 5 
0 0.028235 5 
0 0.0290011 5 
0 0.0304911 5 
0 0.0304918 5 
0 0.0308527 5 
0 0.0315584 5 
0 0.0322537 5 
0 0.032938 5 
0 0.0336032 5 
0 0.0339324 5 
0 0.0342529 5 
0 0.0345725 5 
0 0.0358335 5 
0 0.0367472 5 
0 0.0379329 5 
0 0.0407479 5 
0 0.043378 5 
0 0.0448878 5 
0 0.0451297 5 
0 0.0463406 5 
0 0.0472854 5 
0 0.0486665 5 
0 0.0495776 5 
0 0.0498003 5 
0 0.0504622 5 
0 0.0521836 5 
0 0.0540576 5 
0 0.0542621 5 
0 0.0556717 5 
0 0.0558697 5 
0 0.0558721 5 
0 0.0574319 5 
0 0.0600673 5 
0 0.0685057 5 
0 0.070575 5 
0 0.0856015 5 
0 0.0865014 5 
0 0.0897654 5 
0 0.093397 5 
0 0.094341 5 
0 0.101132 5 
0 0.101682 5 
0 0.106778 5 
0 0.148719 5 
0 0.155837 5 
0 0.199061 5 
0 0.212778 5 
0 0.316117 5 
0 0.337151 5 
0 0.413143 5 
0 0.419163 5 
0 0.436609 5 
0 0.482132 5 
0 0.484314 5 
0 0.48741 5 
0 0.498372 5 
0 0.500964 5 
0 0.53901 5 
0 0.540241 5 
0 0.55417 5 
0 0.558872 5 
0 0.566152 5 
0 0.56709 5 
0 0.567951 5 
0 0.574153 5 
0 0.574481 5 
0 0.592195 5 
0 0.601348 5 
0 0.643856 5 
0 0.668557 5 
0 0.695693 5 
0 0.695748 5 
0 0.697212 5 
0 0.698488 5 
0 0.699622 5 
0 0.699881 5 
0 0.702275 5 
0 0.7651 5 
0 1.03887 5 
0 1.10355 5 
0 1.11393 5 
0 1.11512 5 
0 1.1213 5 
0 1.19066 5 
0 1.29407 5 
0 1.43049 5 
0 1.56389 5 
0 1.62203 5 
0 1.70301 5 
0 1.7174 5 
0 1.8394 5 
0 1.84297 5 
0 1.84767 5 
0 1.84911 5 
0 1.8846 5 
0 1.90914 5 
0 1.92454 5 
0 1.93727 5 
0 1.96152 5 
0 2.00558 5 
0 2.0059 5 
0 2.01267 5 
0 inf 5 
0 0.0133085 6 
0 0.01882 6 
0 0.01882 6 
0 0.0205091 6 
0 0.0215612 6 
0 0.0239883 6 
0 0.0274367 6 
0 0.0274381 6 
0 0.0290052 6 
0 0.0293803 6 
0 0.0308545 6 
0 0.0322602 6 
0 0.0345765 6 
0 0.0355229 6 
0 0.0358381 6 
0 0.0370463 6 
0 0.0382246 6 
0 0.0399244 6 
0 0.0410187 6 
0 0.0418204 6 
0 0.0423489 6 
0 0.043122 6 
0 0.0431277 6 
0 0.0438863 6 
0 0.0456233 6 
0 0.0468187 6 
0 0.0475214 6 
0 0.0477512 6 
0 0.0477553 6 
0 0.0482135 6 
0 0.0486734 6 
0 0.0497937 6 
0 0.0497967 6 
0 0.0504585 6 
0 0.0544681 6 
0 0.064866 6 
0 0.0652009 6 
0 0.0688296 6 
0 0.0707347 6 
0 0.0795721 6 
0 0.0852138 6 
0 0.0866294 6 
0 0.0898898 6 
0 0.10341 6 
0 0.104046 6 
0 0.107187 6 
0 0.108726 6 
0 0.108726 6 
0 0.108728 6 
0 0.110147 6 
0 0.139019 6 
0 0.199283 6 
0 0.231203 6 
0 0.316816 6 
0 0.325506 6 
0 0.371471 6 
0 0.376504 6 
0 0.379985 6 
0 0.383465 6 
0 0.396667 6 
0 0.398062 6 
0 0.399089 6 
0 0.41856 6 
0 0.422586 6 
0 0.431527 6 
0 0.436074 6 
0 0.476194 6 
0 0.48043 6 
0 0.481743 6 
0 0.512748 6 
0 0.519609 6 
0 0.520801 6 
0 0.532676 6 
0 0.571316 6 
0 0.572535 6 
0 0.587145 6 
0 0.593142 6 
0 0.598803 6 
0 0.617691 6 
0 0.674564 6 
0 0.675996 6 
0 0.682432 6 
0 0.69224 6 
0 0.69347 6 
0 0.695505 6 
0 0.697412 6 
0 0.720752 6 
0 0.767368 6 
0 0.835213 6 
0 0.8838 6 
0 0.985913 6 
0 1.07003 6 
0 1.09481 6 
0 1.09805 6 
0 1.19401 6 
0 1.33361 6 
0 1.44345 6 
0 1.47038 6 
0 1.53535 6 
0 1.53535 6 
0 1.53697 6 
0 1.57591 6 
0 1.69473 6 
0 1.69608 6 
0 1.70758 6 
0 1.75983 6 
0 1.7861 6 
0 2.02566 6 
0 2.08858 6 
0 2.17077 6 
0 2.44877 6 
0 inf 6 
0 0.0105211 7 
0 0.0182211 7 
0 0.0257674 7 
0 0.0274351 7 
0 0.0274351 7 
0 0.0274382 7 
0 0.0304934 7 
0 0.0315588 7 
0 0.0332666 7 
0 0.0358355 7 
0 0.0373459 7 
0 0.0373459 7 
0 0.0376388 7 
0 0.0382259 7 
0 0.0388081 7 
0 0.0393666 7 
0 0.0404743 7 
0 0.0418193 7 
0 0.0443916 7 
0 0.0443954 7 
0 0.0446376 7 
0 0.0446398 7 
0 0.0465779 7 
0 0.046578 7 
0 0.0468197 7 
0 0.0502368 7 
0 0.052181 7 
0 0.0536465 7 
0 0.0591401 7 
0 0.0643424 7 
0 0.0742458 7 
0 0.0788726 7 
0 0.079848 7 
0 0.085601 7 
0 0.0866296 7 
0 0.0871392 7 
0 0.0872674 7 
0 0.088276 7 
0 0.0891504 7 
0 0.101245 7 
0 0.107189 7 
0 0.107293 7 
0 0.113703 7 
0 0.154535 7 
0 0.200777 7 
0 0.213606 7 
0 0.215427 7 
0 0.282943 7 
0 0.297464 7 
0 0.301346 7 
0 0.305155 7 
0 0.307467 7 
0 0.315871 7 
0 0.367848 7 
0 0.387724 7 
0 0.390908 7 
0 0.390917 7 
0 0.397199 7 
0 0.397918 7 
0 0.414901 7 
0 0.425801 7 
0 0.427798 7 
0 0.469375 7 
0 0.472102 7 
0 0.473132 7 
0 0.48073 7 
0 0.497936 7 
0 0.525606 7 
0 0.540405 7 
0 0.554131 7 
0 0.572031 7 
0 0.583924 7 
0 0.584878 7 
0 0.585458 7 
0 0.598599 7 
0 0.678397 7 
0 0.680615 7 
0 0.685154 7 
0 0.690945 7 
0 0.692312 7 
0 0.697076 7 
0 0.698741 7 
0 0.746456 7 
0 0.795501 7 
0 0.795856 7 
0 1.01919 7 
0 1.08263 7 
0 1.18689 7 
0 1.18726 7 
0 1.20282 7 
0 1.20518 7 
0 1.44344 7 
0 1.47828 7 
0 1.52644 7 
0 1.60367 7 
0 1.67573 7 
0 1.68166 7 
0 1.6897 7 
0 1.73027 7 
0 1.73063 7 
0 1.73277 7 
0 1.74803 7 
0 1.82694 7 
0 1.90523 7 
0 1.97545 7 
0 1.98259 7 
0 2.1615 7 
0 inf 7 
0 0.0205093 8 
0 0.025335 8 
0 0.025772 8 
0 0.0290026 8 
0 0.0290068 8 
0 0.0315643 8 
0 0.0373467 8 
0 0.0382248 8 
0 0.0385125 8 
0 0.0407503 8 
0 0.0423428 8 
0 0.0426075 8 
0 0.0433797 8 
0 0.0448873 8 
0 0.048669 8 
0 0.0506767 8 
0 0.0523957 8 
0 0.054058 8 
0 0.0542603 8 
0 0.0606213 8 
0 0.0618945 8 
0 0.0691528 8 
0 0.0697932 8 
0 0.0708888 8 
0 0.0802625 8 
0 0.0804006 8 
0 0.0817642 8 
0 0.0844322 8 
0 0.0975681 8 
0 0.0980241 8 
0 0.102657 8 
0 0.106982 8 
0 0.112824 8 
0 0.1206 8 
0 0.125914 8 
0 0.136018 8 
0 0.146009 8 
0 0.19945 8 
0 0.210582 8 
0 0.214333 8 
0 0.24699 8 
0 0.249487 8 
0 0.271282 8 
0 0.303628 8 
0 0.304231 8 
0 0.316291 8 
0 0.326044 8 
0 0.329824 8 
0 0.358111 8 
0 0.364979 8 
0 0.393504 8 
0 0.395748 8 
0 0.422059 8 
0 0.426133 8 
0 0.437211 8 
0 0.443273 8 
0 0.450065 8 
0 0.451192 8 
0 0.452934 8 
0 0.459963 8 
0 0.468283 8 
0 0.480592 8 
0 0.556 8 
0 0.58395 8 
0 0.586309 8 
0 0.593341 8 
0 0.598137 8 
0 0.598542 8 
0 0.615753 8 
0 0.618067 8 
0 0.652482 8 
0 0.653414 8 
0 0.673896 8 
0 0.686171 8 
0 0.691962 8 
0 0.69466 8 
0 0.816492 8 
0 0.817423 8 
0 0.818658 8 
0 0.833713 8 
0 0.889022 8 
0 0.966305 8 
0 1.01765 8 
0 1.02624 8 
0 1.0619 8 
0 1.0712 8 
0 1.09749 8 
0 1.1728 8 
0 1.30128 8 
0 1.36407 8 
0 1.36756 8 
0 1.3699 8 
0 1.38036 8 
0 1.38132 8 
0 1.40559 8 
0 1.45061 8 
0 1.45098 8 
0 1.56423 8 
0 1.68024 8 
0 1.68285 8 
0 1.70241 8 
0 1.7295 8 
0 1.75449 8 
0 inf 8 
0 0.0319089 9 
0 0.0348943 9 
0 0.0373473 9 
0 0.0388039 9 
0 0.0393649 9 
0 0.0393678 9 
0 0.0396497 9 
0 0.0415547 9 
0 0.0456193 9 
0 0.0465789 9 
0 0.0497985 9 
0 0.0540588 9 
0 0.0542618 9 
0 0.0609804 9 
0 0.0648619 9 
0 0.0655409 9 
0 0.0670381 9 
0 0.0685072 9 
0 0.0686689 9 
0 0.0832407 9 
0 0.0852119 9 
0 0.0871385 9 
0 0.0891498 9 
0 0.100818 9 
0 0.102872 9 
0 0.105418 9 
0 0.106049 9 
0 0.110126 9 
0 0.130898 9 
0 0.154278 9 
0 0.177746 9 
0 0.200668 9 
0 0.20961 9 
0 0.215905 9 
0 0.251712 9 
0 0.260198 9 
0 0.264909 9 
0 0.29324 9 
0 0.306916 9 
0 0.316572 9 
0 0.323124 9 
0 0.324038 9 
0 0.369034 9 
0 0.377487 9 
0 0.388948 9 
0 0.391133 9 
0 0.417726 9 
0 0.419629 9 
0 0.420944 9 
0 0.432764 9 
0 0.47031 9 
0 0.471523 9 
0 0.473897 9 
0 0.48028 9 
0 0.481259 9 
0 0.584386 9 
0 0.593717 9 
0 0.594741 9 
0 0.595446 9 
0 0.597989 9 
0 0.640773 9 
0 0.642102 9 
0 0.665075 9 
0 0.66702 9 
0 0.675258 9 
0 0.69288 9 
0 0.698021 9 
0 0.733873 9 
0 0.739537 9 
0 0.746339 9 
0 0.746443 9 
0 0.769312 9 
0 0.80006 9 
0 0.82741 9 
0 0.858862 9 
0 0.970018 9 
0 0.977789 9 
0 0.979689 9 
0 1.03624 9 
0 1.083 9 
0 1.08312 9 
0 1.10287 9 
0 1.15924 9 
0 1.16349 9 
0 1.17882 9 
0 1.19415 9 
0 1.24127 9 
0 1.38013 9 
0 1.38057 9 
0 1.42317 9 
0 1.50117 9 
0 1.50135 9 
0 1.68965 9 
0 1.69177 9 
0 1.73962 9 
0 1.73992 9 
0 1.75598 9 
0 1.98208 9 
0 1.98215 9 
0 inf 9 
0 0.0248975 10 
0 0.0274393 10 
0 0.0336021 10 
0 0.036143 10 
0 0.0364461 10 
0 0.037934 10 
0 0.0441421 10 
0 0.0497982 10 
0 0.0511094 10 
0 0.0521836 10 
0 0.0550713 10 
0 0.0587637 10 
0 0.0611347 10 
0 0.063301 10 
0 0.064683 10 
0 0.0733436 10 
0 0.0872824 10 
0 0.109239 10 
0 0.120152 10 
0 0.12395 10 
0 0.126421 10 
0 0.136696 10 
0 0.146991 10 
0 0.167922 10 
0 0.213651 10 
0 0.21475 10 
0 0.223774 10 
0 0.228513 10 
0 0.24959 10 
0 0.251931 10 
0 0.255366 10 
0 0.311086 10 
0 0.317967 10 
0 0.332161 10 
0 0.337014 10 
0 0.382578 10 
0 0.386064 10 
0 0.391008 10 
0 0.399848 10 
0 0.40063 10 
0 0.400666 10 
0 0.40232 10 
0 0.410239 10 
0 0.42073 10 
0 0.470031 10 
0 0.470062 10 
0 0.472131 10 
0 0.472662 10 
0 0.476404 10 
0 0.476683 10 
0 0.477519 10 
0 0.479777 10 
0 0.480937 10 
0 0.519871 10 
0 0.562485 10 
0 0.563762 10 
0 0.598599 10 
0 0.60709 10 
0 0.60709 10 
0 0.619507 10 
0 0.62138 10 
0 0.653762 10 
0 0.655064 10 
0 0.680288 10 
0 0.686136 10 
0 0.699221 10 
0 0.706592 10 
0 0.752158 10 
0 0.788059 10 
0 0.789532 10 
0 0.969402 10 
0 0.974285 10 
0 0.977518 10 
0 1.00428 10 
0 1.00587 10 
0 1.00587 10 
0 1.0439 10 
0 1.05983 10 
0 1.05987 10 
0 1.22481 10 
0 1.23018 10 
0 1.31178 10 
0 1.31181 10 
0 1.38081 10 
0 1.38215 10 
0 1.41655 10 
0 1.418 10 
0 1.41805 10 
0 1.42277 10 
0 1.42277 10 
0 1.67705 10 
0 1.67958 10 
0 1.79732 10 
0 1.92916 10 
0 1.92921 10 
0 inf 10 
0 0.0336043 11 
0 0.0463389 11 
0 0.0501977 11 
0 0.0526035 11 
0 0.0556667 11 
0 0.0574319 11 
0 0.0622449 11 
0 0.0657027 11 
0 0.0790129 11 
0 0.0804178 11 
0 0.0835045 11 
0 0.0943395 11 
0 0.111854 11 
0 0.112137 11 
0 0.147119 11 
0 0.148118 11 
0 0.148493 11 
0 0.189765 11 
0 0.194692 11 
0 0.19666 11 
0 0.198226 11 
0 0.201273 11 
0 0.20498 11 
0 0.214655 11 
0 0.232176 11 
0 0.242572 11 
0 0.251183 11 
0 0.262151 11 
0 0.317549 11 
0 0.319073 11 
0 0.356773 11 
0 0.362464 11 
0 0.365657 11 
0 0.367901 11 
0 0.381672 11 
0 0.383474 11 
0 0.385317 11 
0 0.401498 11 
0 0.403286 11 
0 0.429932 11 
0 0.431602 11 
0 0.481282 11 
0 0.481877 11 
0 0.494894 11 
0 0.496858 11 
0 0.496947 11 
0 0.543228 11 
0 0.544243 11 
0 0.547709 11 
0 0.550129 11 
0 0.598108 11 
0 0.598275 11 
0 0.602809 11 
0 0.608565 11 
0 0.627743 11 
0 0.627744 11 
0 0.627902 11 
0 0.632652 11 
0 0.638867 11 
0 0.65829 11 
0 0.673501 11 
0 0.675339 11 
0 0.724867 11 
0 0.725803 11 
0 0.838572 11 
0 0.869013 11 
0 0.869013 11 
0 0.893899 11 
0 0.927026 11 
0 0.931179 11 
0 0.947283 11 
0 0.947657 11 
0 0.965078 11 
0 0.984914 11 
0 0.984914 11 
0 0.985064 11 
0 0.988519 11 
0 0.991722 11 
0 0.995478 11 
0 1.21635 11 
0 1.21723 11 
0 1.37908 11 
0 1.38139 11 
0 1.383 11 
0 1.38307 11 
0 1.38343 11 
0 1.67695 11 
0 1.67932 11 
0 1.80386 11 
0 1.80918 11 
0 1.80919 11 
0 inf 11 
0 0.0589561 12 
0 0.0906425 12 
0 0.0937473 12 
0 0.0953657 12 
0 0.100814 12 
0 0.106254 12 
0 0.118561 12 
0 0.138782 12 
0 0.144542 12 
0 0.200838 12 
0 0.207074 12 
0 0.213086 12 
0 0.214123 12 
0 0.226722 12 
0 0.234923 12 
0 0.236717 12 
0 0.237672 12 
0 0.253943 12 
0 0.263273 12 
0 0.271691 12 
0 0.288915 12 
0 0.317265 12 
0 0.318489 12 
0 0.322773 12 
0 0.324389 12 
0 0.334916 12 
0 0.336677 12 
0 0.339035 12 
0 0.353243 12 
0 0.35394 12 
0 0.354434 12 
0 0.356238 12 
0 0.356954 12 
0 0.364812 12 
0 0.374764 12 
0 0.385537 12 
0 0.390793 12 
0 0.393731 12 
0 0.393956 12 
0 0.395298 12 
0 0.402296 12 
0 0.41165 12 
0 0.418999 12 
0 0.421008 12 
0 0.421323 12 
0 0.427582 12 
0 0.463388 12 
0 0.475705 12 
0 0.480706 12 
0 0.490557 12 
0 0.492554 12 
0 0.501639 12 
0 0.523199 12 
0 0.527453 12 
0 0.545245 12 
0 0.545428 12 
0 0.564398 12 
0 0.621443 12 
0 0.626373 12 
0 0.629757 12 
0 0.65263 12 
0 0.760389 12 
0 0.763155 12 
0 0.765264 12 
0 0.766652 12 
0 0.773596 12 
0 0.773725 12 
0 0.774411 12 
0 0.832098 12 
0 0.975171 12 
0 0.982229 12 
0 0.99055 12 
0 0.99122 12 
0 1.09101 12 
0 1.09247 12 
0 1.09466 12 
0 1.11495 12 
0 1.37936 12 
0 1.38193 12 
0 1.42813 12 
0 1.42815 12 
0 1.42856 12 
0 1.68024 12 
0 1.68304 12 
0 1.70581 12 
0 1.70589 12 
0 1.71059 12 
0 inf 12 
0 0.0869008 13 
0 0.0958466 13 
0 0.113583 13 
0 0.123027 13 
0 0.15605 13 
0 0.163535 13 
0 0.199791 13 
0 0.208207 13 
0 0.223934 13 
0 0.233695 13 
0 0.2382 13 
0 0.294254 13 
0 0.306899 13 
0 0.310095 13 
0 0.312943 13 
0 0.314073 13 
0 0.315426 13 
0 0.316432 13 
0 0.321244 13 
0 0.321382 13 
0 0.322379 13 
0 0.324587 13 
0 0.325592 13 
0 0.332185 13 
0 0.351155 13 
0 0.352241 13 
0 0.352499 13 
0 0.353245 13 
0 0.356306 13 
0 0.356556 13 
0 0.357795 13 
0 0.357795 13 
0 0.361156 13 
0 0.364532 13 
0 0.364745 13 
0 0.377403 13 
0 0.38154 13 
0 0.383821 13 
0 0.391955 13 
0 0.422853 13 
0 0.463686 13 
0 0.473062 13 
0 0.492557 13 
0 0.507605 13 
0 0.509697 13 
0 0.531963 13 
0 0.533294 13 
0 0.53373 13 
0 0.53537 13 
0 0.587492 13 
0 0.595857 13 
0 0.595857 13 
0 0.59736 13 
0 0.609612 13 
0 0.742492 13 
0 0.742686 13 
0 0.74273 13 
0 0.974705 13 
0 0.983468 13 
0 0.989302 13 
0 1.03557 13 
0 1.03792 13 
0 1.03872 13 
0 1.03898 13 
0 1.09363 13 
0 1.09549 13 
0 1.09613 13 
0 1.09903 13 
0 1.09906 13 
0 1.09951 13 
0 1.10826 13 
0 1.10846 13 
0 1.10906 13 
0 1.38123 13 
0 1.38623 13 
0 1.50716 13 
0 1.50719 13 
0 1.50953 13 
0 1.68106 13 
0 1.74821 13 
0 1.74847 13 
0 1.74847 13 
0 1.88729 13 
0 inf 13 
0 0.0602542 14 
0 0.0629172 14 
0 0.0715138 14 
0 0.0954043 14 
0 0.100362 14 
0 0.105613 14 
0 0.123603 14 
0 0.160734 14 
0 0.171698 14 
0 0.192345 14 
0 0.196261 14 
0 0.234688 14 
0 0.259899 14 
0 0.267451 14 
0 0.277184 14 
0 0.283699 14 
0 0.28931 14 
0 0.299452 14 
0 0.314742 14 
0 0.316075 14 
0 0.31632 14 
0 0.33302 14 
0 0.336492 14 
0 0.336656 14 
0 0.33846 14 
0 0.349813 14 
0 0.352837 14 
0 0.353339 14 
0 0.353868 14 
0 0.355183 14 
0 0.355339 14 
0 0.360605 14 
0 0.361763 14 
0 0.362008 14 
0 0.362375 14 
0 0.364203 14 
0 0.386665 14 
0 0.391228 14 
0 0.394094 14 
0 0.400121 14 
0 0.468955 14 
0 0.505183 14 
0 0.537836 14 
0 0.540219 14 
0 0.540383 14 
0 0.546817 14 
0 0.559648 14 
0 0.561248 14 
0 0.591662 14 
0 0.59284 14 
0 0.605201 14 
0 0.679443 14 
0 0.683212 14 
0 0.683601 14 
0 0.714205 14 
0 0.715831 14 
0 0.715939 14 
0 0.726757 14 
0 0.860992 14 
0 0.996581 14 
0 1.01526 14 
0 1.01544 14 
0 1.01597 14 
0 1.03558 14 
0 1.06141 14 
0 1.06212 14 
0 1.07129 14 
0 1.07129 14 
0 1.38917 14 
0 1.42433 14 
0 1.42435 14 
0 1.42449 14 
0 1.68375 14 
0 1.69802 14 
0 1.69817 14 
0 1.69867 14 
0 1.95052 14 
0 1.95079 14 
0 1.95081 14 
0 inf 14 
0 0.0613491 15 
0 0.0668748 15 
0 0.0874092 15 
0 0.0894123 15 
0 0.100599 15 
0 0.100599 15 
0 0.112319 15 
0 0.230307 15 
0 0.235957 15 
0 0.236707 15 
0 0.238339 15 
0 0.239312 15 
0 0.274133 15 
0 0.282118 15 
0 0.301 15 
0 0.308776 15 
0 0.312413 15 
0 0.315234 15 
0 0.317474 15 
0 0.317474 15 
0 0.324104 15 
0 0.338113 15 
0 0.340239 15 
0 0.355338 15 
0 0.36044 15 
0 0.360441 15 
0 0.361427 15 
0 0.369538 15 
0 0.369987 15 
0 0.381512 15 
0 0.381947 15 
0 0.383624 15 
0 0.383739 15 
0 0.398924 15 
0 0.428041 15 
0 0.436299 15 
0 0.48888 15 
0 0.508423 15 
0 0.50875 15 
0 0.508924 15 
0 0.546452 15 
0 0.547423 15 
0 0.547423 15 
0 0.547747 15 
0 0.588061 15 
0 0.603902 15 
0 0.639368 15 
0 0.6473 15 
0 0.648854 15 
0 0.689676 15 
0 0.718434 15 
0 0.765271 15 
0 0.778919 15 
0 0.779033 15 
0 0.924594 15 
0 1.009 15 
0 1.01084 15 
0 1.01089 15 
0 1.01106 15 
0 1.02178 15 
0 1.02379 15 
0 1.02465 15 
0 1.02474 15 
0 1.08101 15 
0 1.08137 15 
0 1.08147 15 
0 1.24591 15 
0 1.39464 15 
0 1.39763 15 
0 1.39813 15 
0 1.39813 15 
0 1.68805 15 
0 1.86538 15 
0 1.8659 15 
0 1.86609 15 
0 inf 15 
0 0.0887924 16 
0 0.0973545 16 
0 0.10166 16 
0 0.1218 16 
0 0.12189 16 
0 0.125709 16 
0 0.130621 16 
0 0.130621 16 
0 0.218773 16 
0 0.227695 16 
0 0.237034 16 
0 0.237966 16 
0 0.240603 16 
0 0.241154 16 
0 0.258265 16 
0 0.261387 16 
0 0.267761 16 
0 0.299181 16 
0 0.318478 16 
0 0.324132 16 
0 0.32495 16 
0 0.326377 16 
0 0.328615 16 
0 0.330876 16 
0 0.331811 16 
0 0.381275 16 
0 0.381304 16 
0 0.381449 16 
0 0.381449 16 
0 0.419955 16 
0 0.429236 16 
0 0.431192 16 
0 0.431398 16 
0 0.48718 16 
0 0.516467 16 
0 0.538792 16 
0 0.552239 16 
0 0.577995 16 
0 0.578129 16 
0 0.578301 16 
0 0.578416 16 
0 0.631165 16 
0 0.646229 16 
0 0.64794 16 
0 0.648281 16 
0 0.676567 16 
0 0.707592 16 
0 0.902161 16 
0 0.902652 16 
0 0.902652 16 
0 1.01707 16 
0 1.01741 16 
0 1.01744 16 
0 1.01749 16 
0 1.0192 16 
0 1.03168 16 
0 1.03356 16 
0 1.13972 16 
0 1.15846 16 
0 1.16796 16 
0 1.20795 16 
0 1.26884 16 
0 1.33966 16 
0 1.40417 16 
0 1.40455 16 
0 1.40502 16 
0 1.40505 16 
0 1.6997 16 
0 1.72526 16 
0 1.7253 16 
0 1.72546 16 
0 inf 16 
0 0.0919757 17 
0 0.0920958 17 
0 0.0920959 17 
0 0.0949364 17 
0 0.105819 17 
0 0.107891 17 
0 0.108403 17 
0 0.217553 17 
0 0.231401 17 
0 0.247675 17 
0 0.247675 17 
0 0.247987 17 
0 0.250165 17 
0 0.288783 17 
0 0.295752 17 
0 0.296947 17 
0 0.332666 17 
0 0.347535 17 
0 0.347535 17 
0 0.347694 17 
0 0.349219 17 
0 0.365312 17 
0 0.434591 17 
0 0.435964 17 
0 0.436193 17 
0 0.436193 17 
0 0.493207 17 
0 0.579007 17 
0 0.579465 17 
0 0.579522 17 
0 0.579847 17 
0 0.585843 17 
0 0.587051 17 
0 0.591858 17 
0 0.592082 17 
0 0.599394 17 
0 0.600261 17 
0 0.600556 17 
0 0.601753 17 
0 0.656665 17 
0 0.680376 17 
0 0.681287 17 
0 0.687111 17 
0 0.687498 17 
0 0.700511 17 
0 0.747709 17 
0 0.748833 17 
0 0.748952 17 
0 0.877871 17 
0 0.984167 17 
0 1.0356 17 
0 1.03563 17 
0 1.03569 17 
0 1.0395 17 
0 1.10548 17 
0 1.11586 17 
0 1.13839 17 
0 1.13866 17 
0 1.13885 17 
0 1.40915 17 
0 1.40926 17 
0 1.40933 17 
0 1.40982 17 
0 1.71756 17 
0 1.71978 17 
0 1.72039 17 
0 1.72055 17 
0 inf 17 
0 0.117919 18 
0 0.118574 18 
0 0.119319 18 
0 0.125026 18 
0 0.128829 18 
0 0.12883 18 
0 0.128915 18 
0 0.140659 18 
0 0.278952 18 
0 0.280537 18 
0 0.280537 18 
0 0.281128 18 
0 0.322288 18 
0 0.332665 18 
0 0.332931 18 
0 0.364948 18 
0 0.365191 18 
0 0.365191 18 
0 0.376855 18 
0 0.465736 18 
0 0.469877 18 
0 0.469877 18 
0 0.481948 18 
0 0.483233 18 
0 0.483439 18 
0 0.555322 18 
0 0.558379 18 
0 0.558399 18 
0 0.558458 18 
0 0.563311 18 
0 0.5852 18 
0 0.585483 18 
0 0.58571 18 
0 0.588567 18 
0 0.589234 18 
0 0.596545 18 
0 0.600299 18 
0 0.600465 18 
0 0.600465 18 
0 0.600594 18 
0 0.618873 18 
0 0.633383 18 
0 0.641442 18 
0 0.683683 18 
0 0.68412 18 
0 0.684896 18 
0 0.685652 18 
0 0.703689 18 
0 0.811743 18 
0 0.815552 18 
0 0.816094 18 
0 0.998083 18 
0 1.03428 18 
0 1.03431 18 
0 1.03448 18 
0 1.03473 18 
0 1.42254 18 
0 1.42277 18 
0 1.42294 18 
0 1.42294 18 
0 1.74612 18 
0 1.75386 18 
0 1.75401 18 
0 inf 18 
0 0.134656 19 
0 0.135312 19 
0 0.136046 19 
0 0.151054 19 
0 0.152587 19 
0 0.152804 19 
0 0.153887 19 
0 0.180222 19 
0 0.180222 19 
0 0.180468 19 
0 0.18477 19 
0 0.207072 19 
0 0.208245 19 
0 0.208404 19 
0 0.318072 19 
0 0.318801 19 
0 0.319218 19 
0 0.366039 19 
0 0.366522 19 
0 0.366975 19 
0 0.400593 19 
0 0.412035 19 
0 0.483119 19 
0 0.483302 19 
0 0.483668 19 
0 0.502171 19 
0 0.502502 19 
0 0.515954 19 
0 0.516061 19 
0 0.51812 19 
0 0.524444 19 
0 0.583619 19 
0 0.584954 19 
0 0.584973 19 
0 0.585238 19 
0 0.599357 19 
0 0.599357 19 
0 0.59945 19 
0 0.632554 19 
0 0.657299 19 
0 0.6573 19 
0 0.660976 19 
0 0.685281 19 
0 0.685556 19 
0 0.702519 19 
0 0.957148 19 
0 0.962982 19 
0 0.963085 19 
0 1.02343 19 
0 1.02343 19 
0 1.02391 19 
0 1.0405 19 
0 1.28948 19 
0 1.4221 19 
0 1.4222 19 
0 1.4225 19 
0 1.7739 19 
0 1.77419 19 
0 1.77837 19 
0 inf 19 
0 0.0979053 20 
0 0.0979053 20 
0 0.100582 20 
0 0.101244 20 
0 0.102114 20 
0 0.106881 20 
0 0.11791 20 
0 0.118752 20 
0 0.124486 20 
0 0.19625 20 
0 0.196644 20 
0 0.201931 20 
0 0.202369 20 
0 0.227111 20 
0 0.31953 20 
0 0.319669 20 
0 0.321843 20 
0 0.326316 20 
0 0.327028 20 
0 0.377002 20 
0 0.377002 20 
0 0.469761 20 
0 0.470043 20 
0 0.481811 20 
0 0.482339 20 
0 0.482362 20 
0 0.517288 20 
0 0.517481 20 
0 0.524935 20 
0 0.587089 20 
0 0.587541 20 
0 0.599209 20 
0 0.599302 20 
0 0.599579 20 
0 0.694359 20 
0 0.699255 20 
0 0.699397 20 
0 0.720554 20 
0 0.72763 20 
0 0.728846 20 
0 0.746492 20 
0 0.756561 20 
0 1.00114 20 
0 1.00127 20 
0 1.01112 20 
0 1.03565 20 
0 1.03582 20 
0 1.03832 20 
0 1.41349 20 
0 1.41529 20 
0 1.41529 20 
0 1.79353 20 
0 1.79491 20 
0 1.79501 20 
0 1.87707 20 
0 inf 20 
