0 0.0135085 1 
0 0.0168428 1 
0 0.0180125 1 
0 0.0191038 1 
0 0.0196279 1 
0 0.0201375 1 
0 0.0206347 1 
0 0.0215952 1 
0 0.0215952 1 
0 0.0225144 1 
0 0.0229554 1 
0 0.0229589 1 
0 0.0229602 1 
0 0.0242574 1 
0 0.0250657 1 
0 0.0250712 1 
0 0.0270233 1 
0 0.0273899 1 
0 0.0288375 1 
0 0.0295273 1 
0 0.0298683 1 
0 0.0298685 1 
0 0.0308708 1 
0 0.0315199 1 
0 0.0315201 1 
0 0.032157 1 
0 0.0333942 1 
0 0.0333945 1 
0 0.0333951 1 
0 0.0336974 1 
0 0.0342926 1 
0 0.0345869 1 
0 0.0345899 1 
0 0.0351681 1 
0 0.0351686 1 
0 0.0354584 1 
0 0.0360236 1 
0 0.0379402 1 
0 0.0379423 1 
0 0.0392552 1 
0 0.0395079 1 
0 0.0400233 1 
0 0.0415148 1 
0 0.0417578 1 
0 0.0417579 1 
0 0.0420002 1 
0 0.0422405 1 
0 0.0434248 1 
0 0.0441183 1 
0 0.0445689 1 
0 0.0452473 1 
0 0.04636 1 
0 0.0474404 1 
0 0.047441 1 
0 0.0474418 1 
0 0.0476537 1 
0 0.0497355 1 
0 0.0497367 1 
0 0.0505447 1 
0 0.0527053 1 
0 0.0528995 1 
0 0.0534687 1 
0 0.0547801 1 
0 0.0549645 1 
0 0.055515 1 
0 0.0560604 1 
0 0.057138 1 
0 0.0590547 1 
0 0.0605797 1 
0 0.0610797 1 
0 0.0620678 1 
0 0.0650987 1 
0 0.0691755 1 
0 0.0728854 1 
0 0.0754814 1 
0 0.076814 1 
0 0.077079 1 
0 0.0864995 1 
0 0.0875454 1 
0 0.088581 1 
0 0.0892661 1 
0 0.0893803 1 
0 0.0907315 1 
0 0.0907316 1 
0 0.0930415 1 
0 0.0941269 1 
0 0.103568 1 
0 0.122412 1 
0 0.12879 1 
0 0.128867 1 
0 0.130118 1 
0 0.130352 1 
0 0.174107 1 
0 0.176363 1 
0 0.177795 1 
0 0.179498 1 
0 0.193625 1 
0 0.217354 1 
0 0.220232 1 
0 0.245976 1 
0 0.29661 1 
0 0.382587 1 
0 0.387979 1 
0 0.47294 1 
0 0.482299 1 
0 0.505919 1 
0 0.542046 1 
0 0.556309 1 
0 0.587049 1 
0 0.593093 1 
0 0.603278 1 
0 0.641096 1 
0 0.643357 1 
0 0.658661 1 
0 0.673302 1 
0 0.814945 1 
0 0.815907 1 
0 0.935137 1 
0 0.951365 1 
0 1.13511 1 
0 1.16456 1 
0 1.36805 1 
0 1.60236 1 
0 1.80637 1 
0 2.71366 1 
0 2.71896 1 
0 3.28173 1 
0 3.52324 1 
0 4.19166 1 
0 4.25834 1 
0 4.29041 1 
0 inf 1 
0 0.0127293 2 
0 0.0127329 2 
0 0.0180102 2 
0 0.019104 2 
0 0.0196271 2 
0 0.0215955 2 
0 0.0229599 2 
0 0.02296 2 
0 0.0229604 2 
0 0.0234 2 
0 0.0250703 2 
0 0.0254647 2 
0 0.0254647 2 
0 0.0254649 2 
0 0.027757 2 
0 0.0284731 2 
0 0.0330844 2 
0 0.0330926 2 
0 0.0357402 2 
0 0.0357402 2 
0 0.0368576 2 
0 0.0379426 2 
0 0.0379497 2 
0 0.039513 2 
0 0.0400224 2 
0 0.0405264 2 
0 0.0407757 2 
0 0.041515 2 
0 0.0417572 2 
0 0.0427177 2 
0 0.0429543 2 
0 0.0429548 2 
0 0.0431901 2 
0 0.0434237 2 
0 0.0436566 2 
0 0.0436569 2 
0 0.043659 2 
0 0.0452539 2 
0 0.0454765 2 
0 0.0463601 2 
0 0.048699 2 
0 0.0495314 2 
0 0.0497361 2 
0 0.0507451 2 
0 0.0513406 2 
0 0.0519298 2 
0 0.0534677 2 
0 0.0549643 2 
0 0.0553379 2 
0 0.0562365 2 
0 0.0567801 2 
0 0.0583637 2 
0 0.0587158 2 
0 0.0588829 2 
0 0.0604085 2 
0 0.0604123 2 
0 0.0607461 2 
0 0.0614106 2 
0 0.0620679 2 
0 0.0632014 2 
0 0.0636804 2 
0 0.0652533 2 
0 0.0660247 2 
0 0.0681404 2 
0 0.0690277 2 
0 0.069467 2 
0 0.0832761 2 
0 0.0833976 2 
0 0.104053 2 
0 0.118369 2 
0 0.119052 2 
0 0.119901 2 
0 0.119985 2 
0 0.125598 2 
0 0.132209 2 
0 0.134261 2 
0 0.135838 2 
0 0.141394 2 
0 0.142038 2 
0 0.143808 2 
0 0.146258 2 
0 0.150087 2 
0 0.165696 2 
0 0.185107 2 
0 0.185107 2 
0 0.196174 2 
0 0.196736 2 
0 0.218107 2 
0 0.254047 2 
0 0.318561 2 
0 0.343547 2 
0 0.394366 2 
0 0.437546 2 
0 0.505701 2 
0 0.515646 2 
0 0.516558 2 
0 0.519332 2 
0 0.52116 2 
0 0.546445 2 
0 0.550491 2 
0 0.555517 2 
0 0.589846 2 
0 0.6127 2 
0 0.646701 2 
0 0.710622 2 
0 0.715514 2 
0 0.716274 2 
0 0.716459 2 
0 0.717657 2 
0 0.718624 2 
0 0.749451 2 
0 0.758967 2 
0 0.762594 2 
0 1.04935 2 
0 1.14389 2 
0 1.47369 2 
0 1.47524 2 
0 2.28925 2 
0 2.89239 2 
0 2.89274 2 
0 3.03786 2 
0 3.1254 2 
0 3.20604 2 
0 3.24407 2 
0 3.2458 2 
0 3.72962 2 
0 3.79984 2 
0 inf 2 
0 0.0168484 3 
0 0.0196242 3 
0 0.0196268 3 
0 0.0211158 3 
0 0.0229599 3 
0 0.0242555 3 
0 0.0246613 3 
0 0.0250716 3 
0 0.0258654 3 
0 0.0262522 3 
0 0.0266393 3 
0 0.0277571 3 
0 0.028832 3 
0 0.0295208 3 
0 0.0305394 3 
0 0.0305395 3 
0 0.0308702 3 
0 0.0342932 3 
0 0.0368604 3 
0 0.0379425 3 
0 0.0392557 3 
0 0.040023 3 
0 0.0400235 3 
0 0.040772 3 
0 0.0415188 3 
0 0.042483 3 
0 0.0429562 3 
0 0.0436575 3 
0 0.0438892 3 
0 0.0448028 3 
0 0.0456994 3 
0 0.0463595 3 
0 0.0480757 3 
0 0.0480766 3 
0 0.049939 3 
0 0.051341 3 
0 0.0525124 3 
0 0.053847 3 
0 0.0545943 3 
0 0.0551491 3 
0 0.0553328 3 
0 0.0558788 3 
0 0.0562346 3 
0 0.0567796 3 
0 0.0569569 3 
0 0.0576649 3 
0 0.058015 3 
0 0.0583634 3 
0 0.0604126 3 
0 0.0605802 3 
0 0.0605803 3 
0 0.0605832 3 
0 0.0646287 3 
0 0.0663333 3 
0 0.0693211 3 
0 0.0753486 3 
0 0.075351 3 
0 0.0840008 3 
0 0.0842407 3 
0 0.0843572 3 
0 0.0863807 3 
0 0.108912 3 
0 0.109935 3 
0 0.112126 3 
0 0.112301 3 
0 0.117856 3 
0 0.119904 3 
0 0.120494 3 
0 0.135461 3 
0 0.135909 3 
0 0.137172 3 
0 0.149749 3 
0 0.15123 3 
0 0.155069 3 
0 0.155396 3 
0 0.2063 3 
0 0.299199 3 
0 0.303238 3 
0 0.308502 3 
0 0.352185 3 
0 0.39397 3 
0 0.41767 3 
0 0.441255 3 
0 0.44315 3 
0 0.447824 3 
0 0.450474 3 
0 0.453092 3 
0 0.491508 3 
0 0.5276 3 
0 0.529847 3 
0 0.542002 3 
0 0.544979 3 
0 0.578927 3 
0 0.586354 3 
0 0.58658 3 
0 0.593315 3 
0 0.599104 3 
0 0.618242 3 
0 0.650384 3 
0 0.681062 3 
0 0.689932 3 
0 0.691204 3 
0 0.697662 3 
0 0.706638 3 
0 0.712842 3 
0 1.03847 3 
0 1.04265 3 
0 1.07145 3 
0 1.39972 3 
0 1.97748 3 
0 2.09956 3 
0 2.23013 3 
0 2.23285 3 
0 2.23285 3 
0 2.48959 3 
0 2.69075 3 
0 2.76146 3 
0 2.91779 3 
0 2.92307 3 
0 2.92323 3 
0 3.38469 3 
0 3.43017 3 
0 3.4657 3 
0 inf 3 
0 0.015598 4 
0 0.0174362 4 
0 0.0180075 4 
0 0.0180082 4 
0 0.0196264 4 
0 0.0254666 4 
0 0.0266346 4 
0 0.0342938 4 
0 0.034588 4 
0 0.0360238 4 
0 0.0365812 4 
0 0.0368584 4 
0 0.0368584 4 
0 0.0395124 4 
0 0.0400209 4 
0 0.0400224 4 
0 0.0400225 4 
0 0.0417574 4 
0 0.0436575 4 
0 0.0436581 4 
0 0.0443484 4 
0 0.0470035 4 
0 0.0472264 4 
0 0.049121 4 
0 0.0515378 4 
0 0.0519226 4 
0 0.0521242 4 
0 0.0521244 4 
0 0.0521246 4 
0 0.0523186 4 
0 0.0527047 4 
0 0.0528991 4 
0 0.0534699 4 
0 0.0545951 4 
0 0.0558794 4 
0 0.0560609 4 
0 0.0567787 4 
0 0.0576654 4 
0 0.0593966 4 
0 0.0612456 4 
0 0.0614103 4 
0 0.0615783 4 
0 0.0633621 4 
0 0.0639981 4 
0 0.0652529 4 
0 0.0654056 4 
0 0.0685814 4 
0 0.0690274 4 
0 0.0737179 4 
0 0.0750775 4 
0 0.08412 4 
0 0.0876619 4 
0 0.0939152 4 
0 0.0939156 4 
0 0.0948827 4 
0 0.0968929 4 
0 0.0970986 4 
0 0.127841 4 
0 0.129496 4 
0 0.130665 4 
0 0.130665 4 
0 0.136211 4 
0 0.138056 4 
0 0.138569 4 
0 0.139153 4 
0 0.142607 4 
0 0.1862 4 
0 0.193678 4 
0 0.317123 4 
0 0.328277 4 
0 0.330973 4 
0 0.345622 4 
0 0.396653 4 
0 0.410759 4 
0 0.426195 4 
0 0.4408 4 
0 0.445911 4 
0 0.469441 4 
0 0.469956 4 
0 0.470709 4 
0 0.511221 4 
0 0.512571 4 
0 0.515181 4 
0 0.522267 4 
0 0.567821 4 
0 0.57556 4 
0 0.581795 4 
0 0.582521 4 
0 0.587104 4 
0 0.589217 4 
0 0.596537 4 
0 0.615018 4 
0 0.62288 4 
0 0.642057 4 
0 0.648307 4 
0 0.653307 4 
0 0.658535 4 
0 0.66292 4 
0 0.665884 4 
0 1.05697 4 
0 1.08259 4 
0 1.14532 4 
0 1.24732 4 
0 1.24758 4 
0 1.24771 4 
0 1.41842 4 
0 1.73251 4 
0 1.73464 4 
0 1.74291 4 
0 1.79068 4 
0 2.05528 4 
0 2.15794 4 
0 2.25967 4 
0 2.2598 4 
0 2.2627 4 
0 2.65906 4 
0 2.94192 4 
0 2.99687 4 
0 2.99797 4 
0 inf 4 
0 0.0206323 5 
0 0.0206347 5 
0 0.0211173 5 
0 0.0233977 5 
0 0.0246633 5 
0 0.0254726 5 
0 0.0254732 5 
0 0.0277608 5 
0 0.0308725 5 
0 0.0333924 5 
0 0.0333928 5 
0 0.035168 5 
0 0.035456 5 
0 0.0427197 5 
0 0.04412 5 
0 0.0452528 5 
0 0.0456983 5 
0 0.0461412 5 
0 0.0467923 5 
0 0.047226 5 
0 0.047437 5 
0 0.0474413 5 
0 0.0487058 5 
0 0.0497348 5 
0 0.049735 5 
0 0.0497359 5 
0 0.0497368 5 
0 0.0503432 5 
0 0.0523134 5 
0 0.0530828 5 
0 0.0534677 5 
0 0.0553323 5 
0 0.055698 5 
0 0.0562406 5 
0 0.0566008 5 
0 0.0614106 5 
0 0.0614111 5 
0 0.0630407 5 
0 0.0676946 5 
0 0.0688803 5 
0 0.070482 5 
0 0.0716223 5 
0 0.0730269 5 
0 0.0737151 5 
0 0.0772081 5 
0 0.0792824 5 
0 0.0808021 5 
0 0.0811777 5 
0 0.0876619 5 
0 0.0888107 5 
0 0.110943 5 
0 0.113114 5 
0 0.113114 5 
0 0.116901 5 
0 0.131284 5 
0 0.142394 5 
0 0.148528 5 
0 0.151165 5 
0 0.186097 5 
0 0.276114 5 
0 0.305828 5 
0 0.306191 5 
0 0.337613 5 
0 0.357863 5 
0 0.381316 5 
0 0.383012 5 
0 0.390084 5 
0 0.436197 5 
0 0.447214 5 
0 0.453405 5 
0 0.476724 5 
0 0.485979 5 
0 0.489002 5 
0 0.492025 5 
0 0.495123 5 
0 0.507579 5 
0 0.510427 5 
0 0.552748 5 
0 0.571926 5 
0 0.577007 5 
0 0.582045 5 
0 0.593799 5 
0 0.59916 5 
0 0.601809 5 
0 0.620258 5 
0 0.632639 5 
0 0.633407 5 
0 0.648446 5 
0 0.654717 5 
0 0.655413 5 
0 0.753675 5 
0 0.773866 5 
0 0.777773 5 
0 0.784626 5 
0 1.09137 5 
0 1.10774 5 
0 1.15332 5 
0 1.32276 5 
0 1.37034 5 
0 1.37672 5 
0 1.42709 5 
0 1.47698 5 
0 1.60361 5 
0 1.666 5 
0 1.72287 5 
0 1.92388 5 
0 2.00401 5 
0 2.0707 5 
0 2.07165 5 
0 2.07494 5 
0 2.10121 5 
0 2.30147 5 
0 2.33789 5 
0 2.33808 5 
0 2.34068 5 
0 inf 5 
0 0.0127341 6 
0 0.021116 6 
0 0.0220566 6 
0 0.0281169 6 
0 0.0360201 6 
0 0.0371323 6 
0 0.0371333 6 
0 0.0373991 6 
0 0.0392496 6 
0 0.0400207 6 
0 0.0412692 6 
0 0.0415151 6 
0 0.0417577 6 
0 0.0417577 6 
0 0.0422345 6 
0 0.0436567 6 
0 0.0456992 6 
0 0.0461458 6 
0 0.047015 6 
0 0.0491211 6 
0 0.0528972 6 
0 0.0530879 6 
0 0.0545936 6 
0 0.0553327 6 
0 0.0553347 6 
0 0.0562412 6 
0 0.0585412 6 
0 0.0587098 6 
0 0.05871 6 
0 0.058711 6 
0 0.0593982 6 
0 0.0609139 6 
0 0.0612451 6 
0 0.0617399 6 
0 0.0635194 6 
0 0.0652523 6 
0 0.0667891 6 
0 0.0676933 6 
0 0.0714806 6 
0 0.0757521 6 
0 0.0884678 6 
0 0.0890376 6 
0 0.115153 6 
0 0.116035 6 
0 0.116384 6 
0 0.116645 6 
0 0.121327 6 
0 0.12396 6 
0 0.1247 6 
0 0.129803 6 
0 0.132891 6 
0 0.137098 6 
0 0.160526 6 
0 0.170812 6 
0 0.189069 6 
0 0.190934 6 
0 0.288533 6 
0 0.303581 6 
0 0.307877 6 
0 0.312313 6 
0 0.321927 6 
0 0.339815 6 
0 0.356988 6 
0 0.360617 6 
0 0.370041 6 
0 0.37364 6 
0 0.410489 6 
0 0.412559 6 
0 0.425621 6 
0 0.459893 6 
0 0.469697 6 
0 0.47379 6 
0 0.474475 6 
0 0.491185 6 
0 0.518886 6 
0 0.55562 6 
0 0.556974 6 
0 0.559426 6 
0 0.585497 6 
0 0.614904 6 
0 0.621938 6 
0 0.623549 6 
0 0.623859 6 
0 0.633917 6 
0 0.6383 6 
0 0.65865 6 
0 0.710507 6 
0 0.789823 6 
0 0.804301 6 
0 0.869814 6 
0 0.902984 6 
0 0.929539 6 
0 0.958217 6 
0 1.14611 6 
0 1.18347 6 
0 1.2042 6 
0 1.29321 6 
0 1.45456 6 
0 1.79476 6 
0 1.79559 6 
0 1.79821 6 
0 1.82485 6 
0 2.06106 6 
0 2.13162 6 
0 2.13324 6 
0 2.13678 6 
0 2.13874 6 
0 2.15849 6 
0 2.17414 6 
0 2.19379 6 
0 2.25804 6 
0 inf 6 
0 0.0229579 7 
0 0.0242497 7 
0 0.0321551 7 
0 0.0357411 7 
0 0.0363031 7 
0 0.0395123 7 
0 0.0397668 7 
0 0.0397678 7 
0 0.0427156 7 
0 0.0427239 7 
0 0.0429523 7 
0 0.045701 7 
0 0.0472254 7 
0 0.0474365 7 
0 0.0480761 7 
0 0.0489135 7 
0 0.0489136 7 
0 0.050344 7 
0 0.0507451 7 
0 0.053089 7 
0 0.0530908 7 
0 0.0534689 7 
0 0.0545941 7 
0 0.0545944 7 
0 0.0553323 7 
0 0.0560602 7 
0 0.0587102 7 
0 0.0609133 7 
0 0.0654061 7 
0 0.0678454 7 
0 0.0682923 7 
0 0.0690105 7 
0 0.0704775 7 
0 0.0843622 7 
0 0.0862637 7 
0 0.0877774 7 
0 0.0906191 7 
0 0.0924877 7 
0 0.098961 7 
0 0.112301 7 
0 0.113112 7 
0 0.113113 7 
0 0.147487 7 
0 0.148732 7 
0 0.149477 7 
0 0.196639 7 
0 0.205118 7 
0 0.20986 7 
0 0.21137 7 
0 0.237337 7 
0 0.292808 7 
0 0.300786 7 
0 0.303785 7 
0 0.305568 7 
0 0.308213 7 
0 0.315102 7 
0 0.31575 7 
0 0.337617 7 
0 0.369899 7 
0 0.37607 7 
0 0.376952 7 
0 0.392065 7 
0 0.392143 7 
0 0.39676 7 
0 0.431183 7 
0 0.431465 7 
0 0.46477 7 
0 0.470236 7 
0 0.492608 7 
0 0.49954 7 
0 0.499999 7 
0 0.548283 7 
0 0.552161 7 
0 0.557525 7 
0 0.558125 7 
0 0.580238 7 
0 0.602575 7 
0 0.609318 7 
0 0.619482 7 
0 0.649602 7 
0 0.660051 7 
0 0.661524 7 
0 0.662303 7 
0 0.786893 7 
0 0.806468 7 
0 1.05778 7 
0 1.07425 7 
0 1.30971 7 
0 1.32529 7 
0 1.39109 7 
0 1.43637 7 
0 1.54407 7 
0 1.54567 7 
0 1.55545 7 
0 1.55821 7 
0 1.59299 7 
0 1.66765 7 
0 1.68805 7 
0 1.70269 7 
0 1.80491 7 
0 1.80612 7 
0 1.85714 7 
0 1.99134 7 
0 1.9934 7 
0 2.00545 7 
0 2.05783 7 
0 2.11043 7 
0 inf 7 
0 0.0266394 8 
0 0.0284775 8 
0 0.0305395 8 
0 0.0382091 8 
0 0.0387351 8 
0 0.0392546 8 
0 0.0431931 8 
0 0.0447934 8 
0 0.0450311 8 
0 0.0456987 8 
0 0.0472254 8 
0 0.0495315 8 
0 0.0544084 8 
0 0.0553324 8 
0 0.0620707 8 
0 0.063362 8 
0 0.0654036 8 
0 0.0682906 8 
0 0.0685834 8 
0 0.0696143 8 
0 0.0699034 8 
0 0.071765 8 
0 0.073994 8 
0 0.0766654 8 
0 0.078253 8 
0 0.079663 8 
0 0.0819234 8 
0 0.0824002 8 
0 0.0848373 8 
0 0.0945629 8 
0 0.0978243 8 
0 0.100586 8 
0 0.101389 8 
0 0.104052 8 
0 0.112034 8 
0 0.117597 8 
0 0.130415 8 
0 0.14598 8 
0 0.155641 8 
0 0.156974 8 
0 0.190352 8 
0 0.205114 8 
0 0.205114 8 
0 0.207544 8 
0 0.209102 8 
0 0.210014 8 
0 0.226042 8 
0 0.23571 8 
0 0.291414 8 
0 0.306193 8 
0 0.309239 8 
0 0.31547 8 
0 0.32973 8 
0 0.341239 8 
0 0.352807 8 
0 0.371609 8 
0 0.41275 8 
0 0.416229 8 
0 0.42003 8 
0 0.429024 8 
0 0.432285 8 
0 0.445807 8 
0 0.446679 8 
0 0.469848 8 
0 0.491968 8 
0 0.532865 8 
0 0.549953 8 
0 0.581186 8 
0 0.5895 8 
0 0.592895 8 
0 0.59508 8 
0 0.602975 8 
0 0.615087 8 
0 0.63125 8 
0 0.631507 8 
0 0.680019 8 
0 0.734789 8 
0 0.779218 8 
0 0.802528 8 
0 0.85429 8 
0 1.09323 8 
0 1.10653 8 
0 1.14398 8 
0 1.19045 8 
0 1.23216 8 
0 1.24657 8 
0 1.25269 8 
0 1.2765 8 
0 1.27764 8 
0 1.28085 8 
0 1.28476 8 
0 1.2849 8 
0 1.31257 8 
0 1.32713 8 
0 1.3393 8 
0 1.39719 8 
0 1.40771 8 
0 1.50764 8 
0 1.99223 8 
0 1.99237 8 
0 2.01533 8 
0 2.01642 8 
0 2.02064 8 
0 inf 8 
0 0.01685 9 
0 0.0246634 9 
0 0.0345853 9 
0 0.0379437 9 
0 0.0538465 9 
0 0.0544085 9 
0 0.0564178 9 
0 0.0590599 9 
0 0.0604145 9 
0 0.0605826 9 
0 0.0640009 9 
0 0.0652554 9 
0 0.0654016 9 
0 0.0666297 9 
0 0.0687345 9 
0 0.0716248 9 
0 0.0819233 9 
0 0.0836316 9 
0 0.0889243 9 
0 0.0897194 9 
0 0.0905066 9 
0 0.096576 9 
0 0.105605 9 
0 0.107603 9 
0 0.108951 9 
0 0.116025 9 
0 0.116286 9 
0 0.122658 9 
0 0.132663 9 
0 0.139947 9 
0 0.144444 9 
0 0.148627 9 
0 0.15349 9 
0 0.185574 9 
0 0.207281 9 
0 0.218287 9 
0 0.255158 9 
0 0.264795 9 
0 0.285463 9 
0 0.287308 9 
0 0.287382 9 
0 0.309322 9 
0 0.327588 9 
0 0.336042 9 
0 0.349505 9 
0 0.354116 9 
0 0.368745 9 
0 0.36998 9 
0 0.369999 9 
0 0.418045 9 
0 0.431763 9 
0 0.434591 9 
0 0.460556 9 
0 0.461282 9 
0 0.470301 9 
0 0.481046 9 
0 0.513266 9 
0 0.551279 9 
0 0.563502 9 
0 0.566087 9 
0 0.571968 9 
0 0.572022 9 
0 0.573718 9 
0 0.574142 9 
0 0.599231 9 
0 0.60886 9 
0 0.62784 9 
0 0.633034 9 
0 0.633606 9 
0 0.678122 9 
0 0.878796 9 
0 0.950333 9 
0 0.961825 9 
0 0.967052 9 
0 0.970607 9 
0 1.0328 9 
0 1.03289 9 
0 1.08689 9 
0 1.08937 9 
0 1.11832 9 
0 1.12776 9 
0 1.12865 9 
0 1.12928 9 
0 1.13054 9 
0 1.14593 9 
0 1.15888 9 
0 1.18382 9 
0 1.19199 9 
0 1.21914 9 
0 1.41828 9 
0 1.49315 9 
0 1.4937 9 
0 1.59869 9 
0 1.59873 9 
0 1.99593 9 
0 1.99739 9 
0 2.05963 9 
0 2.13117 9 
0 2.13147 9 
0 inf 9 
0 0.0295255 10 
0 0.0351692 10 
0 0.0441082 10 
0 0.0450288 10 
0 0.0452541 10 
0 0.045698 10 
0 0.0482844 10 
0 0.0482878 10 
0 0.0493285 10 
0 0.055309 10 
0 0.0581887 10 
0 0.0812997 10 
0 0.0860261 10 
0 0.0866153 10 
0 0.0880079 10 
0 0.0928315 10 
0 0.0929244 10 
0 0.0986541 10 
0 0.106467 10 
0 0.106745 10 
0 0.111758 10 
0 0.125228 10 
0 0.154286 10 
0 0.161221 10 
0 0.169285 10 
0 0.198078 10 
0 0.208115 10 
0 0.221845 10 
0 0.228279 10 
0 0.242918 10 
0 0.307679 10 
0 0.314803 10 
0 0.318568 10 
0 0.31988 10 
0 0.320924 10 
0 0.322693 10 
0 0.324267 10 
0 0.326299 10 
0 0.345171 10 
0 0.349201 10 
0 0.349693 10 
0 0.371946 10 
0 0.389581 10 
0 0.393207 10 
0 0.433849 10 
0 0.435383 10 
0 0.442291 10 
0 0.442906 10 
0 0.444004 10 
0 0.450394 10 
0 0.473566 10 
0 0.478198 10 
0 0.494964 10 
0 0.497047 10 
0 0.510568 10 
0 0.518927 10 
0 0.523305 10 
0 0.523363 10 
0 0.549826 10 
0 0.55253 10 
0 0.558586 10 
0 0.558883 10 
0 0.561471 10 
0 0.611824 10 
0 0.611909 10 
0 0.616364 10 
0 0.779923 10 
0 0.780234 10 
0 0.971378 10 
0 1.00715 10 
0 1.0076 10 
0 1.02446 10 
0 1.03229 10 
0 1.03702 10 
0 1.05924 10 
0 1.05939 10 
0 1.06016 10 
0 1.10298 10 
0 1.10325 10 
0 1.11248 10 
0 1.12582 10 
0 1.15176 10 
0 1.15669 10 
0 1.19466 10 
0 1.1955 10 
0 1.39187 10 
0 1.39283 10 
0 1.41503 10 
0 1.41812 10 
0 1.41883 10 
0 1.99499 10 
0 1.99923 10 
0 2.06882 10 
0 2.07286 10 
0 2.07293 10 
0 inf 10 
0 0.0266399 11 
0 0.0298719 11 
0 0.0547773 11 
0 0.0590529 11 
0 0.0595688 11 
0 0.0788943 11 
0 0.0861398 11 
0 0.0891193 11 
0 0.0920461 11 
0 0.0973064 11 
0 0.0987415 11 
0 0.101291 11 
0 0.108448 11 
0 0.112026 11 
0 0.144055 11 
0 0.145276 11 
0 0.163225 11 
0 0.170755 11 
0 0.181915 11 
0 0.192207 11 
0 0.213881 11 
0 0.234335 11 
0 0.234403 11 
0 0.236403 11 
0 0.268741 11 
0 0.27581 11 
0 0.27737 11 
0 0.278767 11 
0 0.289116 11 
0 0.292562 11 
0 0.292978 11 
0 0.299548 11 
0 0.303666 11 
0 0.325457 11 
0 0.332182 11 
0 0.356839 11 
0 0.364346 11 
0 0.365319 11 
0 0.378895 11 
0 0.426877 11 
0 0.427712 11 
0 0.428016 11 
0 0.434598 11 
0 0.478955 11 
0 0.479269 11 
0 0.487584 11 
0 0.505429 11 
0 0.507043 11 
0 0.516552 11 
0 0.523181 11 
0 0.530902 11 
0 0.538329 11 
0 0.54109 11 
0 0.551411 11 
0 0.551411 11 
0 0.551761 11 
0 0.587805 11 
0 0.592567 11 
0 0.593934 11 
0 0.598419 11 
0 0.60047 11 
0 0.676543 11 
0 0.737657 11 
0 0.768587 11 
0 0.800543 11 
0 0.83603 11 
0 0.836575 11 
0 0.918454 11 
0 0.937972 11 
0 0.938404 11 
0 0.960387 11 
0 0.960767 11 
0 1.03819 11 
0 1.03822 11 
0 1.03946 11 
0 1.04603 11 
0 1.04637 11 
0 1.06501 11 
0 1.07762 11 
0 1.10518 11 
0 1.15864 11 
0 1.16279 11 
0 1.19647 11 
0 1.38925 11 
0 1.38943 11 
0 1.3896 11 
0 1.99113 11 
0 1.99211 11 
0 2.04744 11 
0 2.04875 11 
0 2.04875 11 
0 inf 11 
0 0.0417598 12 
0 0.0721691 12 
0 0.0721691 12 
0 0.0944536 12 
0 0.101187 12 
0 0.105028 12 
0 0.106884 12 
0 0.107217 12 
0 0.107816 12 
0 0.109281 12 
0 0.111344 12 
0 0.113764 12 
0 0.118565 12 
0 0.130893 12 
0 0.140019 12 
0 0.153694 12 
0 0.16028 12 
0 0.187726 12 
0 0.218987 12 
0 0.234769 12 
0 0.235844 12 
0 0.239301 12 
0 0.262219 12 
0 0.298318 12 
0 0.302736 12 
0 0.303333 12 
0 0.307535 12 
0 0.315444 12 
0 0.320627 12 
0 0.328173 12 
0 0.337174 12 
0 0.341212 12 
0 0.342191 12 
0 0.343826 12 
0 0.355994 12 
0 0.359733 12 
0 0.377438 12 
0 0.387868 12 
0 0.401666 12 
0 0.417069 12 
0 0.417142 12 
0 0.427371 12 
0 0.457913 12 
0 0.457913 12 
0 0.474867 12 
0 0.486758 12 
0 0.497067 12 
0 0.508041 12 
0 0.510668 12 
0 0.519922 12 
0 0.525549 12 
0 0.539797 12 
0 0.539853 12 
0 0.555203 12 
0 0.562348 12 
0 0.56236 12 
0 0.578558 12 
0 0.687555 12 
0 0.729527 12 
0 0.748241 12 
0 0.748891 12 
0 0.748905 12 
0 0.770303 12 
0 0.773664 12 
0 0.780328 12 
0 0.786588 12 
0 0.79095 12 
0 0.793469 12 
0 0.833584 12 
0 1.03198 12 
0 1.03712 12 
0 1.0899 12 
0 1.1105 12 
0 1.11137 12 
0 1.12604 12 
0 1.12663 12 
0 1.15499 12 
0 1.15556 12 
0 1.15564 12 
0 1.18621 12 
0 1.19381 12 
0 1.19432 12 
0 1.99271 12 
0 1.99562 12 
0 1.99562 12 
0 1.9959 12 
0 1.99704 12 
0 inf 12 
0 0.0513191 13 
0 0.0612381 13 
0 0.110749 13 
0 0.111369 13 
0 0.11629 13 
0 0.131621 13 
0 0.145632 13 
0 0.181244 13 
0 0.199253 13 
0 0.223076 13 
0 0.226357 13 
0 0.234106 13 
0 0.237302 13 
0 0.259652 13 
0 0.274017 13 
0 0.288484 13 
0 0.290166 13 
0 0.308152 13 
0 0.317223 13 
0 0.317574 13 
0 0.317611 13 
0 0.319199 13 
0 0.32176 13 
0 0.322806 13 
0 0.324054 13 
0 0.325582 13 
0 0.328063 13 
0 0.328187 13 
0 0.343019 13 
0 0.343019 13 
0 0.348772 13 
0 0.350974 13 
0 0.351002 13 
0 0.352905 13 
0 0.360211 13 
0 0.362849 13 
0 0.363896 13 
0 0.365018 13 
0 0.365601 13 
0 0.366349 13 
0 0.39587 13 
0 0.414711 13 
0 0.415121 13 
0 0.484067 13 
0 0.500219 13 
0 0.503796 13 
0 0.539401 13 
0 0.560472 13 
0 0.579091 13 
0 0.579782 13 
0 0.614599 13 
0 0.615012 13 
0 0.617972 13 
0 0.651049 13 
0 0.761694 13 
0 0.784357 13 
0 0.830367 13 
0 0.863965 13 
0 0.876974 13 
0 0.883057 13 
0 0.928279 13 
0 0.928935 13 
0 0.929327 13 
0 0.973876 13 
0 1.03192 13 
0 1.038 13 
0 1.03822 13 
0 1.07766 13 
0 1.12876 13 
0 1.1387 13 
0 1.13902 13 
0 1.13902 13 
0 1.17926 13 
0 1.17951 13 
0 1.17967 13 
0 1.49117 13 
0 1.49125 13 
0 1.49201 13 
0 1.99127 13 
0 2.00292 13 
0 2.10145 13 
0 2.10151 13 
0 2.10166 13 
0 inf 13 
0 0.0513378 14 
0 0.0664655 14 
0 0.0682889 14 
0 0.0839949 14 
0 0.130928 14 
0 0.134332 14 
0 0.134622 14 
0 0.167152 14 
0 0.177622 14 
0 0.180741 14 
0 0.224796 14 
0 0.285517 14 
0 0.286403 14 
0 0.287639 14 
0 0.287745 14 
0 0.293588 14 
0 0.29869 14 
0 0.302107 14 
0 0.321384 14 
0 0.325831 14 
0 0.329248 14 
0 0.334065 14 
0 0.334121 14 
0 0.336574 14 
0 0.340853 14 
0 0.341656 14 
0 0.343077 14 
0 0.348831 14 
0 0.349414 14 
0 0.349441 14 
0 0.349441 14 
0 0.350024 14 
0 0.350136 14 
0 0.351671 14 
0 0.351757 14 
0 0.360663 14 
0 0.429773 14 
0 0.431585 14 
0 0.447513 14 
0 0.485679 14 
0 0.498066 14 
0 0.562225 14 
0 0.564992 14 
0 0.56533 14 
0 0.565492 14 
0 0.567121 14 
0 0.57712 14 
0 0.577542 14 
0 0.579224 14 
0 0.654554 14 
0 0.682807 14 
0 0.760045 14 
0 0.784745 14 
0 0.794834 14 
0 0.795332 14 
0 0.835911 14 
0 0.861167 14 
0 1.03225 14 
0 1.05186 14 
0 1.06717 14 
0 1.06793 14 
0 1.06839 14 
0 1.07687 14 
0 1.14025 14 
0 1.15119 14 
0 1.15516 14 
0 1.15584 14 
0 1.15615 14 
0 1.41945 14 
0 1.41954 14 
0 1.42165 14 
0 1.59071 14 
0 1.59132 14 
0 1.59142 14 
0 1.99124 14 
0 2.00342 14 
0 2.0911 14 
0 2.09114 14 
0 2.09136 14 
0 inf 14 
0 0.0250699 15 
0 0.0507436 15 
0 0.0745366 15 
0 0.0977687 15 
0 0.0997722 15 
0 0.105259 15 
0 0.105259 15 
0 0.107263 15 
0 0.115587 15 
0 0.125436 15 
0 0.18308 15 
0 0.204718 15 
0 0.226816 15 
0 0.227486 15 
0 0.231143 15 
0 0.231768 15 
0 0.235242 15 
0 0.273754 15 
0 0.283288 15 
0 0.292878 15 
0 0.293017 15 
0 0.295051 15 
0 0.295085 15 
0 0.31983 15 
0 0.322949 15 
0 0.322949 15 
0 0.322949 15 
0 0.359023 15 
0 0.359249 15 
0 0.3606 15 
0 0.3606 15 
0 0.360718 15 
0 0.36142 15 
0 0.364354 15 
0 0.364354 15 
0 0.370898 15 
0 0.380823 15 
0 0.388729 15 
0 0.401381 15 
0 0.464297 15 
0 0.486802 15 
0 0.495985 15 
0 0.571541 15 
0 0.580522 15 
0 0.58527 15 
0 0.58553 15 
0 0.585617 15 
0 0.680723 15 
0 0.752579 15 
0 0.754741 15 
0 0.757473 15 
0 0.757487 15 
0 0.978824 15 
0 1.03508 15 
0 1.05854 15 
0 1.05935 15 
0 1.05938 15 
0 1.06226 15 
0 1.06404 15 
0 1.06408 15 
0 1.06458 15 
0 1.06472 15 
0 1.18531 15 
0 1.19248 15 
0 1.19295 15 
0 1.2018 15 
0 1.36467 15 
0 1.40409 15 
0 1.40412 15 
0 1.40441 15 
0 2.00274 15 
0 2.04678 15 
0 2.04725 15 
0 2.04725 15 
0 2.4138 15 
0 inf 15 
0 0.0371322 16 
0 0.0441098 16 
0 0.0456894 16 
0 0.0474317 16 
0 0.0667901 16 
0 0.0812651 16 
0 0.100181 16 
0 0.103567 16 
0 0.110521 16 
0 0.113712 16 
0 0.11572 16 
0 0.11603 16 
0 0.128063 16 
0 0.188576 16 
0 0.191193 16 
0 0.192671 16 
0 0.208884 16 
0 0.234205 16 
0 0.235027 16 
0 0.238452 16 
0 0.243501 16 
0 0.243532 16 
0 0.259488 16 
0 0.263794 16 
0 0.278155 16 
0 0.30608 16 
0 0.308061 16 
0 0.308456 16 
0 0.310682 16 
0 0.385318 16 
0 0.386448 16 
0 0.386841 16 
0 0.386972 16 
0 0.434829 16 
0 0.469088 16 
0 0.525277 16 
0 0.536603 16 
0 0.556167 16 
0 0.584988 16 
0 0.584988 16 
0 0.585144 16 
0 0.586529 16 
0 0.592731 16 
0 0.611567 16 
0 0.612179 16 
0 0.612709 16 
0 0.754389 16 
0 0.786314 16 
0 0.875652 16 
0 0.892544 16 
0 0.930858 16 
0 0.985654 16 
0 1.0745 16 
0 1.07493 16 
0 1.07507 16 
0 1.07564 16 
0 1.11723 16 
0 1.12132 16 
0 1.16675 16 
0 1.23315 16 
0 1.23613 16 
0 1.26919 16 
0 1.27398 16 
0 1.32989 16 
0 1.33224 16 
0 1.33315 16 
0 1.46834 16 
0 2.01544 16 
0 2.01942 16 
0 2.0197 16 
0 2.02006 16 
0 inf 16 
0 0.0507398 17 
0 0.0676894 17 
0 0.084716 17 
0 0.112031 17 
0 0.11506 17 
0 0.11528 17 
0 0.121447 17 
0 0.124682 17 
0 0.140273 17 
0 0.215428 17 
0 0.21632 17 
0 0.221964 17 
0 0.222694 17 
0 0.223466 17 
0 0.226486 17 
0 0.228624 17 
0 0.248935 17 
0 0.250761 17 
0 0.252079 17 
0 0.252373 17 
0 0.253695 17 
0 0.2577 17 
0 0.33466 17 
0 0.337165 17 
0 0.337195 17 
0 0.348521 17 
0 0.434787 17 
0 0.469984 17 
0 0.483278 17 
0 0.503109 17 
0 0.515392 17 
0 0.51763 17 
0 0.517689 17 
0 0.552987 17 
0 0.554141 17 
0 0.60226 17 
0 0.60347 17 
0 0.60347 17 
0 0.604478 17 
0 0.620855 17 
0 0.663852 17 
0 0.664508 17 
0 0.671591 17 
0 0.682482 17 
0 0.687853 17 
0 0.688678 17 
0 0.716136 17 
0 0.726978 17 
0 0.766983 17 
0 0.773239 17 
0 0.783992 17 
0 0.886068 17 
0 0.888296 17 
0 1.07809 17 
0 1.07854 17 
0 1.07857 17 
0 1.07974 17 
0 1.18723 17 
0 1.18732 17 
0 1.38908 17 
0 1.39578 17 
0 1.39839 17 
0 1.39839 17 
0 2.04559 17 
0 2.0466 17 
0 2.04813 17 
0 2.04816 17 
0 inf 17 
0 0.0723197 18 
0 0.0732942 18 
0 0.0737082 18 
0 0.149235 18 
0 0.154837 18 
0 0.1564 18 
0 0.267645 18 
0 0.282371 18 
0 0.282551 18 
0 0.284715 18 
0 0.284716 18 
0 0.284822 18 
0 0.287636 18 
0 0.304965 18 
0 0.30659 18 
0 0.308279 18 
0 0.308673 18 
0 0.308962 18 
0 0.309591 18 
0 0.328131 18 
0 0.347461 18 
0 0.34859 18 
0 0.411566 18 
0 0.417047 18 
0 0.458192 18 
0 0.463669 18 
0 0.463996 18 
0 0.471678 18 
0 0.473159 18 
0 0.473223 18 
0 0.509358 18 
0 0.509517 18 
0 0.509577 18 
0 0.538215 18 
0 0.548956 18 
0 0.557133 18 
0 0.561257 18 
0 0.573516 18 
0 0.573781 18 
0 0.573832 18 
0 0.579145 18 
0 0.582295 18 
0 0.583052 18 
0 0.699797 18 
0 0.832325 18 
0 0.848571 18 
0 0.87208 18 
0 0.87208 18 
0 0.872452 18 
0 1.08696 18 
0 1.0879 18 
0 1.0879 18 
0 1.08812 18 
0 1.1585 18 
0 1.16007 18 
0 1.41772 18 
0 1.41777 18 
0 1.41783 18 
0 1.41828 18 
0 2.05809 18 
0 2.05835 18 
0 2.05836 18 
0 2.05983 18 
0 inf 18 
0 0.116462 19 
0 0.116548 19 
0 0.116809 19 
0 0.176879 19 
0 0.17688 19 
0 0.180566 19 
0 0.186642 19 
0 0.186966 19 
0 0.187779 19 
0 0.20613 19 
0 0.206474 19 
0 0.207649 19 
0 0.306855 19 
0 0.307086 19 
0 0.30735 19 
0 0.313205 19 
0 0.314336 19 
0 0.315238 19 
0 0.319742 19 
0 0.334373 19 
0 0.335734 19 
0 0.342757 19 
0 0.386643 19 
0 0.386669 19 
0 0.388528 19 
0 0.406083 19 
0 0.420665 19 
0 0.426919 19 
0 0.430346 19 
0 0.436291 19 
0 0.47615 19 
0 0.47768 19 
0 0.478846 19 
0 0.510133 19 
0 0.510193 19 
0 0.510292 19 
0 0.544084 19 
0 0.544662 19 
0 0.545777 19 
0 0.549511 19 
0 0.549529 19 
0 0.54975 19 
0 0.613479 19 
0 0.957288 19 
0 0.9584 19 
0 1.0702 19 
0 1.07024 19 
0 1.07044 19 
0 1.15155 19 
0 1.15155 19 
0 1.42477 19 
0 1.42512 19 
0 1.42611 19 
0 2.06149 19 
0 2.06198 19 
0 2.06357 19 
0 2.12106 19 
0 2.31606 19 
0 2.66456 19 
0 inf 19 
0 0.100893 20 
0 0.101394 20 
0 0.134565 20 
0 0.141391 20 
0 0.141466 20 
0 0.142248 20 
0 0.142608 20 
0 0.143736 20 
0 0.145354 20 
0 0.179387 20 
0 0.179387 20 
0 0.17967 20 
0 0.19394 20 
0 0.194567 20 
0 0.205908 20 
0 0.313263 20 
0 0.314523 20 
0 0.315841 20 
0 0.316323 20 
0 0.317091 20 
0 0.329361 20 
0 0.331324 20 
0 0.331416 20 
0 0.36343 20 
0 0.386046 20 
0 0.425066 20 
0 0.432444 20 
0 0.468659 20 
0 0.468681 20 
0 0.468681 20 
0 0.4794 20 
0 0.484532 20 
0 0.505609 20 
0 0.505689 20 
0 0.506331 20 
0 0.513342 20 
0 0.513441 20 
0 0.514112 20 
0 0.528459 20 
0 0.550837 20 
0 0.552161 20 
0 0.552381 20 
0 0.75976 20 
0 1.01791 20 
0 1.01823 20 
0 1.05568 20 
0 1.05568 20 
0 1.05899 20 
0 1.15032 20 
0 1.15211 20 
0 1.41565 20 
0 1.41598 20 
0 2.06804 20 
0 2.06806 20 
0 2.43258 20 
0 inf 20 
