0 0.02554 1 
0 0.0361132 1 
0 0.0361191 1 
0 0.0390121 1 
0 0.0403797 1 
0 0.0403874 1 
0 0.0442319 1 
0 0.0477854 1 
0 0.0500038 1 
0 0.0531573 1 
0 0.0541766 1 
0 0.0541824 1 
0 0.0551677 1 
0 0.0561431 1 
0 0.0561468 1 
0 0.0571147 1 
0 0.0607959 1 
0 0.0616827 1 
0 0.0616878 1 
0 0.0616878 1 
0 0.0625584 1 
0 0.0625633 1 
0 0.0625633 1 
0 0.0642705 1 
0 0.0667549 1 
0 0.0683636 1 
0 0.0699412 1 
0 0.0699412 1 
0 0.0699457 1 
0 0.0699501 1 
0 0.0707058 1 
0 0.0729828 1 
0 0.0744585 1 
0 0.0751868 1 
0 0.07662 1 
0 0.0773213 1 
0 0.0773253 1 
0 0.0773254 1 
0 0.0773267 1 
0 0.0780216 1 
0 0.0780229 1 
0 0.0787196 1 
0 0.0794076 1 
0 0.0807607 1 
0 0.0807633 1 
0 0.0814353 1 
0 0.0820929 1 
0 0.082098 1 
0 0.085339 1 
0 0.0853488 1 
0 0.0872266 1 
0 0.0896839 1 
0 0.0896909 1 
0 0.0896943 1 
0 0.0902953 1 
0 0.0902964 1 
0 0.0920813 1 
0 0.0944148 1 
0 0.0944178 1 
0 0.0949889 1 
0 0.0961258 1 
0 0.0961284 1 
0 0.0966894 1 
0 0.0978037 1 
0 0.0978037 1 
0 0.0989119 1 
0 0.0989146 1 
0 0.098915 1 
0 0.0994602 1 
0 0.101619 1 
0 0.101624 1 
0 0.103739 1 
0 0.10478 1 
0 0.105302 1 
0 0.107855 1 
0 0.109354 1 
0 0.111329 1 
0 0.111329 1 
0 0.111808 1 
0 0.118419 1 
0 0.119336 1 
0 0.148918 1 
0 0.151812 1 
0 0.151812 1 
0 0.168767 1 
0 0.17353 1 
0 0.191118 1 
0 0.213167 1 
0 0.21746 1 
0 0.21945 1 
0 0.22338 1 
0 0.236841 1 
0 0.241167 1 
0 0.243628 1 
0 0.268066 1 
0 0.27566 1 
0 0.290816 1 
0 0.291193 1 
0 0.292498 1 
0 0.305051 1 
0 0.306289 1 
0 0.316449 1 
0 0.327262 1 
0 0.328393 1 
0 0.362687 1 
0 0.366425 1 
0 0.384789 1 
0 0.38887 1 
0 0.391526 1 
0 0.408893 1 
0 0.411411 1 
0 0.419911 1 
0 0.448702 1 
0 0.455554 1 
0 0.486942 1 
0 0.489598 1 
0 0.506587 1 
0 0.513251 1 
0 0.614513 1 
0 0.676887 1 
0 0.691184 1 
0 0.939291 1 
0 1.36441 1 
0 2.14502 1 
0 2.70759 1 
0 2.75204 1 
0 3.50225 1 
0 3.75425 1 
0 5.06201 1 
0 5.11457 1 
0 5.32532 1 
0 inf 1 
0 0.0275839 2 
0 0.0312733 2 
0 0.0312767 2 
0 0.0329667 2 
0 0.0329731 2 
0 0.0466287 2 
0 0.0477788 2 
0 0.0477788 2 
0 0.0489061 2 
0 0.0541747 2 
0 0.0561505 2 
0 0.0561506 2 
0 0.0571037 2 
0 0.0571056 2 
0 0.057111 2 
0 0.0607911 2 
0 0.0616828 2 
0 0.062555 2 
0 0.0625567 2 
0 0.0625583 2 
0 0.0625633 2 
0 0.0691607 2 
0 0.0699398 2 
0 0.0707073 2 
0 0.0707176 2 
0 0.0729786 2 
0 0.0744501 2 
0 0.0744641 2 
0 0.0773267 2 
0 0.0807607 2 
0 0.0807615 2 
0 0.0814289 2 
0 0.0827465 2 
0 0.0827579 2 
0 0.0840596 2 
0 0.0847029 2 
0 0.0847079 2 
0 0.0847079 2 
0 0.085341 2 
0 0.0859752 2 
0 0.0866056 2 
0 0.0884673 2 
0 0.0890753 2 
0 0.0902967 2 
0 0.0908945 2 
0 0.091483 2 
0 0.0920779 2 
0 0.0938411 2 
0 0.0938411 2 
0 0.0961251 2 
0 0.0972535 2 
0 0.0989167 2 
0 0.100007 2 
0 0.100548 2 
0 0.101626 2 
0 0.10426 2 
0 0.104262 2 
0 0.104267 2 
0 0.104783 2 
0 0.107348 2 
0 0.10785 2 
0 0.107856 2 
0 0.108357 2 
0 0.122041 2 
0 0.122477 2 
0 0.122925 2 
0 0.123367 2 
0 0.123804 2 
0 0.127694 2 
0 0.129806 2 
0 0.129811 2 
0 0.132703 2 
0 0.136736 2 
0 0.147828 2 
0 0.160521 2 
0 0.199472 2 
0 0.203781 2 
0 0.208784 2 
0 0.215703 2 
0 0.220435 2 
0 0.227489 2 
0 0.248057 2 
0 0.24915 2 
0 0.251106 2 
0 0.253477 2 
0 0.272487 2 
0 0.278987 2 
0 0.280361 2 
0 0.29361 2 
0 0.309295 2 
0 0.31106 2 
0 0.32808 2 
0 0.335431 2 
0 0.343122 2 
0 0.359694 2 
0 0.368483 2 
0 0.371422 2 
0 0.375644 2 
0 0.392777 2 
0 0.404886 2 
0 0.428112 2 
0 0.434673 2 
0 0.44112 2 
0 0.453283 2 
0 0.480858 2 
0 0.483341 2 
0 0.490608 2 
0 0.511388 2 
0 0.517038 2 
0 0.547462 2 
0 0.565398 2 
0 0.565405 2 
0 0.583565 2 
0 0.759828 2 
0 1.14024 2 
0 1.82351 2 
0 1.96582 2 
0 2.01183 2 
0 2.70953 2 
0 3.17507 2 
0 3.32592 2 
0 3.3335 2 
0 3.36853 2 
0 3.36956 2 
0 4.34093 2 
0 4.6467 2 
0 4.64825 2 
0 inf 2 
0 0.05214 3 
0 0.0561543 3 
0 0.0625584 3 
0 0.0634251 3 
0 0.0634251 3 
0 0.0675664 3 
0 0.0691607 3 
0 0.0699427 3 
0 0.0714826 3 
0 0.0729828 3 
0 0.0744568 3 
0 0.0759 3 
0 0.0766173 3 
0 0.0780269 3 
0 0.078717 3 
0 0.0794036 3 
0 0.0800818 3 
0 0.0807605 3 
0 0.0820967 3 
0 0.0834113 3 
0 0.085974 3 
0 0.0890847 3 
0 0.0896909 3 
0 0.0896909 3 
0 0.0908957 3 
0 0.0914875 3 
0 0.092669 3 
0 0.0932574 3 
0 0.0944079 3 
0 0.0944223 3 
0 0.0955631 3 
0 0.0989099 3 
0 0.100546 3 
0 0.101079 3 
0 0.102153 3 
0 0.105811 3 
0 0.107345 3 
0 0.107347 3 
0 0.107347 3 
0 0.109846 3 
0 0.11034 3 
0 0.11034 3 
0 0.112785 3 
0 0.115643 3 
0 0.116574 3 
0 0.117497 3 
0 0.119334 3 
0 0.123802 3 
0 0.123808 3 
0 0.124684 3 
0 0.126409 3 
0 0.127271 3 
0 0.128965 3 
0 0.143718 3 
0 0.143719 3 
0 0.157433 3 
0 0.159495 3 
0 0.162194 3 
0 0.164526 3 
0 0.164856 3 
0 0.164857 3 
0 0.17037 3 
0 0.170374 3 
0 0.171325 3 
0 0.176631 3 
0 0.19394 3 
0 0.194225 3 
0 0.198106 3 
0 0.204051 3 
0 0.210344 3 
0 0.215956 3 
0 0.220439 3 
0 0.222157 3 
0 0.222425 3 
0 0.222647 3 
0 0.224147 3 
0 0.231502 3 
0 0.231981 3 
0 0.236406 3 
0 0.247172 3 
0 0.266024 3 
0 0.273082 3 
0 0.291552 3 
0 0.315218 3 
0 0.330194 3 
0 0.330704 3 
0 0.350651 3 
0 0.362685 3 
0 0.380814 3 
0 0.38138 3 
0 0.383663 3 
0 0.387609 3 
0 0.436785 3 
0 0.437664 3 
0 0.437778 3 
0 0.438902 3 
0 0.444208 3 
0 0.447723 3 
0 0.462198 3 
0 0.471628 3 
0 0.482958 3 
0 0.493982 3 
0 0.495852 3 
0 0.512138 3 
0 0.515944 3 
0 0.753865 3 
0 0.900757 3 
0 1.0019 3 
0 1.24574 3 
0 1.33878 3 
0 1.34235 3 
0 1.34235 3 
0 1.74875 3 
0 1.82089 3 
0 1.93796 3 
0 3.04701 3 
0 3.18199 3 
0 3.21956 3 
0 3.26662 3 
0 3.26682 3 
0 3.98232 3 
0 4.58837 3 
0 4.58884 3 
0 inf 3 
0 0.0329667 4 
0 0.0442319 4 
0 0.0488997 4 
0 0.0499976 4 
0 0.0500038 4 
0 0.0521356 4 
0 0.0531671 4 
0 0.0607928 4 
0 0.0607997 4 
0 0.0642754 4 
0 0.0651129 4 
0 0.0659398 4 
0 0.0659414 4 
0 0.0659414 4 
0 0.0699436 4 
0 0.0744613 4 
0 0.0759055 4 
0 0.0773224 4 
0 0.0794062 4 
0 0.0814286 4 
0 0.0820929 4 
0 0.0827528 4 
0 0.0834075 4 
0 0.0834075 4 
0 0.0853403 4 
0 0.0859765 4 
0 0.0949922 4 
0 0.0989158 4 
0 0.0994655 4 
0 0.10108 4 
0 0.101084 4 
0 0.103215 4 
0 0.104264 4 
0 0.106327 4 
0 0.109854 4 
0 0.110343 4 
0 0.111808 4 
0 0.114693 4 
0 0.117498 4 
0 0.122036 4 
0 0.124679 4 
0 0.127273 4 
0 0.128548 4 
0 0.131057 4 
0 0.143338 4 
0 0.143718 4 
0 0.146711 4 
0 0.150011 4 
0 0.151453 4 
0 0.171325 4 
0 0.171325 4 
0 0.171648 4 
0 0.190264 4 
0 0.19197 4 
0 0.193945 4 
0 0.196457 4 
0 0.199451 4 
0 0.202977 4 
0 0.229172 4 
0 0.231264 4 
0 0.231977 4 
0 0.236398 4 
0 0.239805 4 
0 0.242512 4 
0 0.246741 4 
0 0.250238 4 
0 0.250239 4 
0 0.25089 4 
0 0.252401 4 
0 0.259208 4 
0 0.2617 4 
0 0.262957 4 
0 0.267471 4 
0 0.272286 4 
0 0.27938 4 
0 0.293815 4 
0 0.297651 4 
0 0.3031 4 
0 0.3031 4 
0 0.307887 4 
0 0.323047 4 
0 0.350026 4 
0 0.352359 4 
0 0.367616 4 
0 0.374645 4 
0 0.380404 4 
0 0.407024 4 
0 0.416929 4 
0 0.458643 4 
0 0.460536 4 
0 0.46823 4 
0 0.469883 4 
0 0.477867 4 
0 0.479336 4 
0 0.499221 4 
0 0.507107 4 
0 0.507857 4 
0 0.598046 4 
0 0.748294 4 
0 1.00087 4 
0 1.04842 4 
0 1.05036 4 
0 1.2823 4 
0 1.28293 4 
0 1.28306 4 
0 1.66914 4 
0 1.73214 4 
0 1.74987 4 
0 1.81788 4 
0 1.81893 4 
0 1.81929 4 
0 2.30173 4 
0 2.3263 4 
0 2.32877 4 
0 2.32903 4 
0 2.87754 4 
0 3.40694 4 
0 3.63476 4 
0 3.74343 4 
0 inf 4 
0 0.0510841 5 
0 0.0580484 5 
0 0.0580592 5 
0 0.0707099 5 
0 0.0707176 5 
0 0.0737272 5 
0 0.0794034 5 
0 0.0807595 5 
0 0.0827528 5 
0 0.0827541 5 
0 0.0827541 5 
0 0.0840645 5 
0 0.0866056 5 
0 0.086613 5 
0 0.0878503 5 
0 0.0920777 5 
0 0.0938322 5 
0 0.0944068 5 
0 0.0944154 5 
0 0.0944179 5 
0 0.0955598 5 
0 0.0972481 5 
0 0.0972492 5 
0 0.0972509 5 
0 0.100551 5 
0 0.101092 5 
0 0.10322 5 
0 0.103744 5 
0 0.104788 5 
0 0.105816 5 
0 0.105817 5 
0 0.107849 5 
0 0.107852 5 
0 0.111329 5 
0 0.111811 5 
0 0.111813 5 
0 0.113261 5 
0 0.117499 5 
0 0.124238 5 
0 0.124686 5 
0 0.125984 5 
0 0.130641 5 
0 0.137141 5 
0 0.139493 5 
0 0.141428 5 
0 0.142193 5 
0 0.142575 5 
0 0.15847 5 
0 0.15881 5 
0 0.15949 5 
0 0.160877 5 
0 0.167479 5 
0 0.170369 5 
0 0.179383 5 
0 0.192817 5 
0 0.196171 5 
0 0.210344 5 
0 0.260459 5 
0 0.264607 5 
0 0.270093 5 
0 0.271499 5 
0 0.271499 5 
0 0.275664 5 
0 0.276252 5 
0 0.282479 5 
0 0.294728 5 
0 0.297658 5 
0 0.313317 5 
0 0.315568 5 
0 0.317105 5 
0 0.324241 5 
0 0.328232 5 
0 0.333335 5 
0 0.333498 5 
0 0.346292 5 
0 0.410084 5 
0 0.425317 5 
0 0.439505 5 
0 0.442586 5 
0 0.442953 5 
0 0.446985 5 
0 0.463196 5 
0 0.487338 5 
0 0.489119 5 
0 0.492772 5 
0 0.498912 5 
0 0.510808 5 
0 0.572045 5 
0 0.577804 5 
0 0.76963 5 
0 0.868361 5 
0 0.931479 5 
0 0.933286 5 
0 0.935613 5 
0 0.935671 5 
0 1.0142 5 
0 1.05255 5 
0 1.51073 5 
0 1.63088 5 
0 1.65418 5 
0 1.65681 5 
0 1.67083 5 
0 1.67826 5 
0 1.68608 5 
0 1.73427 5 
0 1.7344 5 
0 1.73515 5 
0 1.82117 5 
0 1.82332 5 
0 1.83236 5 
0 1.83379 5 
0 1.95549 5 
0 2.13031 5 
0 2.13192 5 
0 2.14597 5 
0 inf 5 
0 0.0531628 6 
0 0.0541786 6 
0 0.0683706 6 
0 0.0729843 6 
0 0.0744593 6 
0 0.0744599 6 
0 0.0759 6 
0 0.0759123 6 
0 0.077328 6 
0 0.0800818 6 
0 0.0800909 6 
0 0.0878534 6 
0 0.0884779 6 
0 0.092673 6 
0 0.0944168 6 
0 0.0966915 6 
0 0.0989099 6 
0 0.100002 6 
0 0.100552 6 
0 0.103214 6 
0 0.103214 6 
0 0.103737 6 
0 0.107348 6 
0 0.112296 6 
0 0.116569 6 
0 0.118422 6 
0 0.118878 6 
0 0.120696 6 
0 0.122039 6 
0 0.123809 6 
0 0.128542 6 
0 0.129391 6 
0 0.131471 6 
0 0.1327 6 
0 0.13311 6 
0 0.13311 6 
0 0.138717 6 
0 0.139493 6 
0 0.151095 6 
0 0.15429 6 
0 0.174157 6 
0 0.182988 6 
0 0.191968 6 
0 0.204052 6 
0 0.204601 6 
0 0.206431 6 
0 0.206962 6 
0 0.210343 6 
0 0.219468 6 
0 0.224353 6 
0 0.229149 6 
0 0.230818 6 
0 0.231516 6 
0 0.231521 6 
0 0.240728 6 
0 0.241856 6 
0 0.24275 6 
0 0.252832 6 
0 0.260874 6 
0 0.263356 6 
0 0.271891 6 
0 0.27625 6 
0 0.278797 6 
0 0.283629 6 
0 0.299118 6 
0 0.337213 6 
0 0.360875 6 
0 0.372582 6 
0 0.375055 6 
0 0.383229 6 
0 0.388298 6 
0 0.429602 6 
0 0.430149 6 
0 0.433296 6 
0 0.433297 6 
0 0.450344 6 
0 0.479913 6 
0 0.480818 6 
0 0.489779 6 
0 0.510598 6 
0 0.70222 6 
0 0.755563 6 
0 0.761297 6 
0 0.761581 6 
0 0.77348 6 
0 0.776841 6 
0 0.779497 6 
0 0.826762 6 
0 0.862227 6 
0 0.863549 6 
0 0.883692 6 
0 0.977361 6 
0 1.0283 6 
0 1.11417 6 
0 1.11548 6 
0 1.11592 6 
0 1.13289 6 
0 1.17378 6 
0 1.19098 6 
0 1.23467 6 
0 1.56482 6 
0 1.63502 6 
0 1.66203 6 
0 1.66474 6 
0 1.66496 6 
0 1.66751 6 
0 1.66819 6 
0 1.67645 6 
0 1.76194 6 
0 1.76733 6 
0 1.79519 6 
0 inf 6 
0 0.0454496 7 
0 0.0571037 7 
0 0.0616878 7 
0 0.0676266 7 
0 0.079401 7 
0 0.0827604 7 
0 0.084703 7 
0 0.0859837 7 
0 0.0944121 7 
0 0.0972535 7 
0 0.097808 7 
0 0.099456 7 
0 0.102161 7 
0 0.109852 7 
0 0.111324 7 
0 0.111811 7 
0 0.112773 7 
0 0.112809 7 
0 0.114722 7 
0 0.116101 7 
0 0.127698 7 
0 0.127698 7 
0 0.130641 7 
0 0.130642 7 
0 0.132702 7 
0 0.133527 7 
0 0.136734 7 
0 0.138326 7 
0 0.140277 7 
0 0.15037 7 
0 0.152882 7 
0 0.157436 7 
0 0.162866 7 
0 0.162868 7 
0 0.163532 7 
0 0.166501 7 
0 0.171957 7 
0 0.173527 7 
0 0.175085 7 
0 0.185052 7 
0 0.198082 7 
0 0.203779 7 
0 0.207225 7 
0 0.209309 7 
0 0.211376 7 
0 0.219453 7 
0 0.223376 7 
0 0.230109 7 
0 0.231991 7 
0 0.242064 7 
0 0.245637 7 
0 0.260228 7 
0 0.262517 7 
0 0.26356 7 
0 0.265011 7 
0 0.271675 7 
0 0.276259 7 
0 0.27743 7 
0 0.339463 7 
0 0.380402 7 
0 0.384381 7 
0 0.384381 7 
0 0.396609 7 
0 0.414145 7 
0 0.428624 7 
0 0.429764 7 
0 0.434293 7 
0 0.457884 7 
0 0.500204 7 
0 0.500639 7 
0 0.502117 7 
0 0.502266 7 
0 0.510227 7 
0 0.538728 7 
0 0.54318 7 
0 0.564287 7 
0 0.599208 7 
0 0.609658 7 
0 0.611793 7 
0 0.67393 7 
0 0.766702 7 
0 0.772319 7 
0 0.772352 7 
0 0.773477 7 
0 0.779078 7 
0 0.893448 7 
0 0.894243 7 
0 0.894729 7 
0 0.899093 7 
0 0.905062 7 
0 1.01218 7 
0 1.02066 7 
0 1.14486 7 
0 1.24128 7 
0 1.24783 7 
0 1.25135 7 
0 1.25239 7 
0 1.43732 7 
0 1.49198 7 
0 1.51106 7 
0 1.57394 7 
0 1.6595 7 
0 1.66894 7 
0 1.69701 7 
0 1.71181 7 
0 1.71593 7 
0 1.71631 7 
0 inf 7 
0 0.0714835 8 
0 0.0814297 8 
0 0.0859765 8 
0 0.0859801 8 
0 0.088469 8 
0 0.0972524 8 
0 0.101624 8 
0 0.109885 8 
0 0.11084 8 
0 0.112784 8 
0 0.11326 8 
0 0.1161 8 
0 0.121175 8 
0 0.123806 8 
0 0.126412 8 
0 0.12897 8 
0 0.129431 8 
0 0.131467 8 
0 0.135145 8 
0 0.135972 8 
0 0.138716 8 
0 0.139106 8 
0 0.140273 8 
0 0.142193 8 
0 0.142197 8 
0 0.143686 8 
0 0.147079 8 
0 0.149284 8 
0 0.150368 8 
0 0.171324 8 
0 0.179706 8 
0 0.181492 8 
0 0.182387 8 
0 0.188544 8 
0 0.192838 8 
0 0.197553 8 
0 0.197553 8 
0 0.198645 8 
0 0.199738 8 
0 0.200551 8 
0 0.224113 8 
0 0.233606 8 
0 0.23569 8 
0 0.241822 8 
0 0.248729 8 
0 0.249145 8 
0 0.250447 8 
0 0.252381 8 
0 0.259214 8 
0 0.26396 8 
0 0.265839 8 
0 0.266032 8 
0 0.269276 8 
0 0.272486 8 
0 0.326684 8 
0 0.333649 8 
0 0.371284 8 
0 0.372598 8 
0 0.383051 8 
0 0.38422 8 
0 0.395116 8 
0 0.398627 8 
0 0.407558 8 
0 0.413674 8 
0 0.429256 8 
0 0.452031 8 
0 0.457886 8 
0 0.461669 8 
0 0.462177 8 
0 0.463 8 
0 0.543978 8 
0 0.54497 8 
0 0.615594 8 
0 0.624369 8 
0 0.71904 8 
0 0.746297 8 
0 0.746879 8 
0 0.746952 8 
0 0.754689 8 
0 0.760719 8 
0 0.778232 8 
0 0.778726 8 
0 0.866422 8 
0 0.868536 8 
0 0.997608 8 
0 0.99799 8 
0 1.00304 8 
0 1.00866 8 
0 1.01516 8 
0 1.05137 8 
0 1.13491 8 
0 1.13505 8 
0 1.13886 8 
0 1.44366 8 
0 1.46275 8 
0 1.47269 8 
0 1.47435 8 
0 1.51546 8 
0 1.66022 8 
0 1.66307 8 
0 1.6632 8 
0 1.67275 8 
0 1.67379 8 
0 inf 8 
0 0.0744554 9 
0 0.0766129 9 
0 0.0884697 9 
0 0.0978101 9 
0 0.0994634 9 
0 0.103215 9 
0 0.108358 9 
0 0.108855 9 
0 0.109846 9 
0 0.111357 9 
0 0.114721 9 
0 0.115129 9 
0 0.116605 9 
0 0.11888 9 
0 0.121589 9 
0 0.122449 9 
0 0.128125 9 
0 0.131059 9 
0 0.133114 9 
0 0.133523 9 
0 0.134339 9 
0 0.135144 9 
0 0.136346 9 
0 0.140632 9 
0 0.155003 9 
0 0.15881 9 
0 0.162867 9 
0 0.172585 9 
0 0.177242 9 
0 0.180594 9 
0 0.182391 9 
0 0.182651 9 
0 0.192251 9 
0 0.199176 9 
0 0.201101 9 
0 0.204054 9 
0 0.227711 9 
0 0.233849 9 
0 0.235931 9 
0 0.238886 9 
0 0.263994 9 
0 0.26584 9 
0 0.269082 9 
0 0.270686 9 
0 0.278408 9 
0 0.279188 9 
0 0.302368 9 
0 0.330377 9 
0 0.334617 9 
0 0.369371 9 
0 0.375888 9 
0 0.381628 9 
0 0.389564 9 
0 0.389983 9 
0 0.414436 9 
0 0.415745 9 
0 0.421587 9 
0 0.455276 9 
0 0.463153 9 
0 0.481993 9 
0 0.485924 9 
0 0.511768 9 
0 0.518626 9 
0 0.529004 9 
0 0.544689 9 
0 0.544789 9 
0 0.580789 9 
0 0.609217 9 
0 0.613555 9 
0 0.668356 9 
0 0.73875 9 
0 0.741102 9 
0 0.766136 9 
0 0.766703 9 
0 0.767482 9 
0 0.770734 9 
0 0.772917 9 
0 0.776248 9 
0 0.784606 9 
0 0.795954 9 
0 0.806266 9 
0 0.806873 9 
0 0.811528 9 
0 0.828432 9 
0 0.99324 9 
0 0.994989 9 
0 1.01703 9 
0 1.06057 9 
0 1.06123 9 
0 1.40998 9 
0 1.41033 9 
0 1.45102 9 
0 1.65865 9 
0 1.66078 9 
0 1.66405 9 
0 1.70509 9 
0 1.70882 9 
0 1.72041 9 
0 1.7242 9 
0 inf 9 
0 0.0871919 10 
0 0.0920439 10 
0 0.0994558 10 
0 0.107384 10 
0 0.107796 10 
0 0.109846 10 
0 0.111324 10 
0 0.116577 10 
0 0.117448 10 
0 0.120696 10 
0 0.124678 10 
0 0.126018 10 
0 0.127698 10 
0 0.127739 10 
0 0.127739 10 
0 0.12939 10 
0 0.131062 10 
0 0.133119 10 
0 0.142581 10 
0 0.151486 10 
0 0.160854 10 
0 0.192535 10 
0 0.192823 10 
0 0.199764 10 
0 0.201661 10 
0 0.210344 10 
0 0.217204 10 
0 0.219698 10 
0 0.221668 10 
0 0.225314 10 
0 0.225314 10 
0 0.237075 10 
0 0.249143 10 
0 0.251111 10 
0 0.267653 10 
0 0.268667 10 
0 0.272892 10 
0 0.274076 10 
0 0.279193 10 
0 0.28497 10 
0 0.311411 10 
0 0.322887 10 
0 0.326071 10 
0 0.336247 10 
0 0.35122 10 
0 0.375203 10 
0 0.393914 10 
0 0.394964 10 
0 0.402865 10 
0 0.409686 10 
0 0.411143 10 
0 0.43484 10 
0 0.471569 10 
0 0.480066 10 
0 0.480655 10 
0 0.505519 10 
0 0.535232 10 
0 0.547382 10 
0 0.553408 10 
0 0.556736 10 
0 0.5637 10 
0 0.564768 10 
0 0.566779 10 
0 0.573933 10 
0 0.574785 10 
0 0.619535 10 
0 0.641602 10 
0 0.745665 10 
0 0.74873 10 
0 0.749382 10 
0 0.767084 10 
0 0.767084 10 
0 0.769065 10 
0 0.810674 10 
0 0.810674 10 
0 0.866733 10 
0 0.870362 10 
0 0.871548 10 
0 0.972825 10 
0 0.975057 10 
0 0.99231 10 
0 0.99231 10 
0 1.00921 10 
0 1.00969 10 
0 1.01034 10 
0 1.5742 10 
0 1.57575 10 
0 1.66506 10 
0 1.66523 10 
0 1.67574 10 
0 1.67574 10 
0 1.67895 10 
0 1.67904 10 
0 1.67914 10 
0 1.68147 10 
0 inf 10 
0 0.0651161 11 
0 0.0847015 11 
0 0.0920858 11 
0 0.0994592 11 
0 0.106327 11 
0 0.111814 11 
0 0.126459 11 
0 0.129764 11 
0 0.130673 11 
0 0.131028 11 
0 0.133108 11 
0 0.133901 11 
0 0.143747 11 
0 0.157784 11 
0 0.168763 11 
0 0.170691 11 
0 0.178756 11 
0 0.188222 11 
0 0.188538 11 
0 0.204054 11 
0 0.211383 11 
0 0.214187 11 
0 0.214187 11 
0 0.218457 11 
0 0.218464 11 
0 0.221432 11 
0 0.228688 11 
0 0.229873 11 
0 0.236383 11 
0 0.268868 11 
0 0.277821 11 
0 0.288378 11 
0 0.291749 11 
0 0.291749 11 
0 0.300016 11 
0 0.303262 11 
0 0.32889 11 
0 0.330044 11 
0 0.334132 11 
0 0.336081 11 
0 0.378085 11 
0 0.405819 11 
0 0.409126 11 
0 0.409128 11 
0 0.409287 11 
0 0.413265 11 
0 0.422877 11 
0 0.434933 11 
0 0.471226 11 
0 0.471475 11 
0 0.48093 11 
0 0.498825 11 
0 0.541374 11 
0 0.542393 11 
0 0.549857 11 
0 0.557496 11 
0 0.557984 11 
0 0.579395 11 
0 0.586574 11 
0 0.589809 11 
0 0.59595 11 
0 0.596243 11 
0 0.627511 11 
0 0.69177 11 
0 0.692006 11 
0 0.712291 11 
0 0.748332 11 
0 0.749493 11 
0 0.750547 11 
0 0.75488 11 
0 0.760256 11 
0 0.760261 11 
0 0.760542 11 
0 0.76194 11 
0 0.766421 11 
0 0.766492 11 
0 0.997721 11 
0 0.997776 11 
0 1.00348 11 
0 1.00348 11 
0 1.01039 11 
0 1.40782 11 
0 1.41832 11 
0 1.59462 11 
0 1.6063 11 
0 1.60843 11 
0 1.65878 11 
0 1.65983 11 
0 1.66856 11 
0 1.67064 11 
0 1.67142 11 
0 inf 11 
0 0.143318 12 
0 0.154254 12 
0 0.155743 12 
0 0.156425 12 
0 0.163534 12 
0 0.172904 12 
0 0.174465 12 
0 0.178778 12 
0 0.188272 12 
0 0.188537 12 
0 0.194783 12 
0 0.195599 12 
0 0.1973 12 
0 0.200826 12 
0 0.202976 12 
0 0.203502 12 
0 0.213166 12 
0 0.217461 12 
0 0.221416 12 
0 0.22363 12 
0 0.228203 12 
0 0.228668 12 
0 0.233375 12 
0 0.233836 12 
0 0.234763 12 
0 0.23684 12 
0 0.238438 12 
0 0.258777 12 
0 0.264189 12 
0 0.264189 12 
0 0.271691 12 
0 0.275859 12 
0 0.291697 12 
0 0.319161 12 
0 0.334787 12 
0 0.34518 12 
0 0.349356 12 
0 0.35307 12 
0 0.363587 12 
0 0.365228 12 
0 0.386482 12 
0 0.387461 12 
0 0.387751 12 
0 0.393864 12 
0 0.404345 12 
0 0.407167 12 
0 0.407829 12 
0 0.412207 12 
0 0.429639 12 
0 0.443583 12 
0 0.474033 12 
0 0.503306 12 
0 0.506214 12 
0 0.53562 12 
0 0.540166 12 
0 0.550746 12 
0 0.551141 12 
0 0.552323 12 
0 0.578081 12 
0 0.676991 12 
0 0.677392 12 
0 0.685924 12 
0 0.742573 12 
0 0.759289 12 
0 0.760362 12 
0 0.760794 12 
0 0.764852 12 
0 0.860757 12 
0 0.862296 12 
0 0.862964 12 
0 0.863304 12 
0 0.965691 12 
0 0.996899 12 
0 1.00131 12 
0 1.00591 12 
0 1.00715 12 
0 1.00979 12 
0 1.43338 12 
0 1.43584 12 
0 1.46175 12 
0 1.46798 12 
0 1.49426 12 
0 1.66559 12 
0 1.66559 12 
0 1.67327 12 
0 1.676 12 
0 1.67668 12 
0 inf 12 
0 0.0840147 13 
0 0.0966557 13 
0 0.115637 13 
0 0.129001 13 
0 0.129004 13 
0 0.129858 13 
0 0.137975 13 
0 0.142956 13 
0 0.14708 13 
0 0.163496 13 
0 0.186219 13 
0 0.193378 13 
0 0.193378 13 
0 0.206705 13 
0 0.214185 13 
0 0.215954 13 
0 0.219206 13 
0 0.223158 13 
0 0.227956 13 
0 0.230098 13 
0 0.237981 13 
0 0.245409 13 
0 0.250017 13 
0 0.256449 13 
0 0.264175 13 
0 0.276068 13 
0 0.276648 13 
0 0.285695 13 
0 0.293034 13 
0 0.301823 13 
0 0.31244 13 
0 0.318816 13 
0 0.327513 13 
0 0.330375 13 
0 0.331964 13 
0 0.335116 13 
0 0.341026 13 
0 0.341821 13 
0 0.370398 13 
0 0.375638 13 
0 0.420304 13 
0 0.440264 13 
0 0.445813 13 
0 0.454508 13 
0 0.456893 13 
0 0.466051 13 
0 0.497198 13 
0 0.526118 13 
0 0.526118 13 
0 0.544404 13 
0 0.550659 13 
0 0.550659 13 
0 0.560996 13 
0 0.564858 13 
0 0.575914 13 
0 0.585274 13 
0 0.585274 13 
0 0.665168 13 
0 0.741767 13 
0 0.742652 13 
0 0.745276 13 
0 0.74623 13 
0 0.748848 13 
0 0.753793 13 
0 0.77027 13 
0 0.807344 13 
0 0.808488 13 
0 0.811106 13 
0 1.01629 13 
0 1.01666 13 
0 1.06858 13 
0 1.07102 13 
0 1.08579 13 
0 1.40882 13 
0 1.41017 13 
0 1.49719 13 
0 1.50674 13 
0 1.50706 13 
0 1.66078 13 
0 1.66101 13 
0 1.66572 13 
0 1.66575 13 
0 1.66601 13 
0 inf 13 
0 0.0902294 14 
0 0.0944577 14 
0 0.111289 14 
0 0.112771 14 
0 0.170723 14 
0 0.172905 14 
0 0.188262 14 
0 0.192258 14 
0 0.200823 14 
0 0.202984 14 
0 0.202984 14 
0 0.206706 14 
0 0.206706 14 
0 0.206706 14 
0 0.21215 14 
0 0.215696 14 
0 0.217457 14 
0 0.231055 14 
0 0.239119 14 
0 0.239147 14 
0 0.239346 14 
0 0.240479 14 
0 0.240483 14 
0 0.242728 14 
0 0.257743 14 
0 0.263373 14 
0 0.265817 14 
0 0.27308 14 
0 0.280369 14 
0 0.28725 14 
0 0.322212 14 
0 0.332015 14 
0 0.370992 14 
0 0.376324 14 
0 0.392769 14 
0 0.393737 14 
0 0.420435 14 
0 0.442106 14 
0 0.478826 14 
0 0.480186 14 
0 0.508444 14 
0 0.511555 14 
0 0.513576 14 
0 0.518318 14 
0 0.518318 14 
0 0.547062 14 
0 0.562736 14 
0 0.570125 14 
0 0.595861 14 
0 0.610726 14 
0 0.612149 14 
0 0.750976 14 
0 0.752206 14 
0 0.764676 14 
0 0.764747 14 
0 0.764747 14 
0 0.767884 14 
0 0.773267 14 
0 0.871397 14 
0 0.883662 14 
0 0.88973 14 
0 0.990994 14 
0 0.992145 14 
0 1.00261 14 
0 1.00396 14 
0 1.00526 14 
0 1.01773 14 
0 1.04325 14 
0 1.0456 14 
0 1.42173 14 
0 1.65849 14 
0 1.66265 14 
0 1.66529 14 
0 1.68547 14 
0 1.68753 14 
0 1.68831 14 
0 1.70222 14 
0 1.70289 14 
0 1.70292 14 
0 inf 14 
0 0.107348 15 
0 0.131056 15 
0 0.135943 15 
0 0.148184 15 
0 0.152522 15 
0 0.167448 15 
0 0.171647 15 
0 0.189714 15 
0 0.193946 15 
0 0.195635 15 
0 0.195876 15 
0 0.202428 15 
0 0.208007 15 
0 0.209033 15 
0 0.212388 15 
0 0.214713 15 
0 0.227019 15 
0 0.234556 15 
0 0.239587 15 
0 0.239826 15 
0 0.241395 15 
0 0.257093 15 
0 0.266023 15 
0 0.272688 15 
0 0.275068 15 
0 0.27743 15 
0 0.278993 15 
0 0.306276 15 
0 0.311582 15 
0 0.312275 15 
0 0.318483 15 
0 0.353735 15 
0 0.359674 15 
0 0.399346 15 
0 0.420007 15 
0 0.426001 15 
0 0.427911 15 
0 0.474038 15 
0 0.475754 15 
0 0.503824 15 
0 0.508657 15 
0 0.526395 15 
0 0.535132 15 
0 0.538765 15 
0 0.554192 15 
0 0.560435 15 
0 0.560608 15 
0 0.560996 15 
0 0.564088 15 
0 0.567451 15 
0 0.636434 15 
0 0.752277 15 
0 0.752349 15 
0 0.754123 15 
0 0.754874 15 
0 0.758036 15 
0 0.801367 15 
0 0.801978 15 
0 0.807046 15 
0 0.875488 15 
0 0.922719 15 
0 0.929161 15 
0 0.929161 15 
0 0.995209 15 
0 0.99848 15 
0 0.998915 15 
0 0.999623 15 
0 1.43383 15 
0 1.66467 15 
0 1.66699 15 
0 1.66702 15 
0 1.66816 15 
0 1.67122 15 
0 1.67629 15 
0 1.67677 15 
0 inf 15 
0 0.101682 16 
0 0.113679 16 
0 0.127698 16 
0 0.127728 16 
0 0.137502 16 
0 0.142196 16 
0 0.149648 16 
0 0.163554 16 
0 0.172879 16 
0 0.17382 16 
0 0.173868 16 
0 0.179707 16 
0 0.195874 16 
0 0.199454 16 
0 0.200831 16 
0 0.20325 16 
0 0.241182 16 
0 0.242301 16 
0 0.248058 16 
0 0.251113 16 
0 0.251982 16 
0 0.252201 16 
0 0.253277 16 
0 0.256467 16 
0 0.257089 16 
0 0.261718 16 
0 0.276657 16 
0 0.282612 16 
0 0.301234 16 
0 0.308417 16 
0 0.314529 16 
0 0.343594 16 
0 0.381099 16 
0 0.403133 16 
0 0.41532 16 
0 0.434134 16 
0 0.439113 16 
0 0.476082 16 
0 0.509293 16 
0 0.581172 16 
0 0.598133 16 
0 0.605809 16 
0 0.606257 16 
0 0.610546 16 
0 0.618946 16 
0 0.624455 16 
0 0.635768 16 
0 0.644935 16 
0 0.645693 16 
0 0.747494 16 
0 0.748148 16 
0 0.750035 16 
0 0.752568 16 
0 0.765851 16 
0 0.765851 16 
0 0.766631 16 
0 0.768614 16 
0 0.798693 16 
0 0.974807 16 
0 0.996463 16 
0 0.996845 16 
0 0.996954 16 
0 1.00125 16 
0 1.44595 16 
0 1.4637 16 
0 1.49867 16 
0 1.50301 16 
0 1.65895 16 
0 1.65905 16 
0 1.65983 16 
0 1.663 16 
0 inf 16 
0 0.0921266 17 
0 0.0921266 17 
0 0.110802 17 
0 0.117451 17 
0 0.118391 17 
0 0.12073 17 
0 0.12936 17 
0 0.13109 17 
0 0.149605 17 
0 0.151411 17 
0 0.16423 17 
0 0.191147 17 
0 0.193409 17 
0 0.205907 17 
0 0.232231 17 
0 0.232231 17 
0 0.250257 17 
0 0.271497 17 
0 0.272295 17 
0 0.27485 17 
0 0.287052 17 
0 0.313956 17 
0 0.315507 17 
0 0.31551 17 
0 0.326179 17 
0 0.356808 17 
0 0.368194 17 
0 0.369227 17 
0 0.404345 17 
0 0.411672 17 
0 0.412067 17 
0 0.446587 17 
0 0.464072 17 
0 0.511535 17 
0 0.521952 17 
0 0.529394 17 
0 0.533299 17 
0 0.562853 17 
0 0.584255 17 
0 0.586484 17 
0 0.590916 17 
0 0.599952 17 
0 0.600226 17 
0 0.620083 17 
0 0.681321 17 
0 0.687212 17 
0 0.743743 17 
0 0.747752 17 
0 0.748115 17 
0 0.750074 17 
0 0.78384 17 
0 0.784948 17 
0 0.787369 17 
0 0.787369 17 
0 0.836135 17 
0 1.02114 17 
0 1.02226 17 
0 1.0283 17 
0 1.03115 17 
0 1.41663 17 
0 1.42131 17 
0 1.4218 17 
0 1.42253 17 
0 1.66323 17 
0 1.66372 17 
0 1.66372 17 
0 1.66425 17 
0 inf 17 
0 0.0801313 18 
0 0.101586 18 
0 0.103251 18 
0 0.120274 18 
0 0.120663 18 
0 0.151471 18 
0 0.184199 18 
0 0.186239 18 
0 0.191152 18 
0 0.193101 18 
0 0.203545 18 
0 0.239114 18 
0 0.242498 18 
0 0.260859 18 
0 0.290264 18 
0 0.290992 18 
0 0.296927 18 
0 0.308243 18 
0 0.309474 18 
0 0.31591 18 
0 0.32069 18 
0 0.32356 18 
0 0.328727 18 
0 0.387597 18 
0 0.392614 18 
0 0.392614 18 
0 0.415653 18 
0 0.420824 18 
0 0.43005 18 
0 0.430428 18 
0 0.441703 18 
0 0.446597 18 
0 0.44854 18 
0 0.452682 18 
0 0.500924 18 
0 0.501467 18 
0 0.506751 18 
0 0.536095 18 
0 0.584818 18 
0 0.585468 18 
0 0.586766 18 
0 0.594222 18 
0 0.750365 18 
0 0.767553 18 
0 0.767553 18 
0 0.767553 18 
0 0.788337 18 
0 0.788337 18 
0 0.789371 18 
0 0.793833 18 
0 0.984684 18 
0 1.0173 18 
0 1.01757 18 
0 1.01944 18 
0 1.03426 18 
0 1.44445 18 
0 1.44952 18 
0 1.45012 18 
0 1.45405 18 
0 1.66202 18 
0 1.66585 18 
0 1.66692 18 
0 1.66989 18 
0 inf 18 
0 0.113288 19 
0 0.117528 19 
0 0.131497 19 
0 0.137535 19 
0 0.137535 19 
0 0.161527 19 
0 0.174159 19 
0 0.17602 19 
0 0.177252 19 
0 0.181517 19 
0 0.185638 19 
0 0.190265 19 
0 0.192842 19 
0 0.193105 19 
0 0.197283 19 
0 0.197299 19 
0 0.212917 19 
0 0.231504 19 
0 0.238444 19 
0 0.274078 19 
0 0.295273 19 
0 0.296924 19 
0 0.309302 19 
0 0.310705 19 
0 0.396619 19 
0 0.397304 19 
0 0.416529 19 
0 0.417572 19 
0 0.423902 19 
0 0.444391 19 
0 0.44841 19 
0 0.474671 19 
0 0.511022 19 
0 0.514836 19 
0 0.523527 19 
0 0.615681 19 
0 0.615682 19 
0 0.619114 19 
0 0.651599 19 
0 0.764895 19 
0 0.76507 19 
0 0.770732 19 
0 0.771686 19 
0 0.771687 19 
0 0.787475 19 
0 0.822811 19 
0 0.83168 19 
0 1.00678 19 
0 1.01017 19 
0 1.01103 19 
0 1.01141 19 
0 1.56074 19 
0 1.64286 19 
0 1.64336 19 
0 1.66552 19 
0 1.67093 19 
0 1.67122 19 
0 1.67593 19 
0 1.68617 19 
0 inf 19 
0 0.0599001 20 
0 0.108853 20 
0 0.11469 20 
0 0.118419 20 
0 0.123806 20 
0 0.123806 20 
0 0.125552 20 
0 0.176634 20 
0 0.18149 20 
0 0.183874 20 
0 0.184464 20 
0 0.18505 20 
0 0.185933 20 
0 0.192815 20 
0 0.193939 20 
0 0.206965 20 
0 0.221675 20 
0 0.222164 20 
0 0.231732 20 
0 0.244762 20 
0 0.248072 20 
0 0.25456 20 
0 0.265215 20 
0 0.299297 20 
0 0.299847 20 
0 0.336085 20 
0 0.340579 20 
0 0.348154 20 
0 0.391644 20 
0 0.392753 20 
0 0.397841 20 
0 0.407963 20 
0 0.450826 20 
0 0.450826 20 
0 0.45215 20 
0 0.524668 20 
0 0.560727 20 
0 0.564109 20 
0 0.567169 20 
0 0.569083 20 
0 0.572511 20 
0 0.749228 20 
0 0.766937 20 
0 0.769701 20 
0 0.770478 20 
0 0.865288 20 
0 0.86554 20 
0 1.01044 20 
0 1.01082 20 
0 1.67655 20 
0 1.67655 20 
0 1.67998 20 
0 1.68144 20 
0 2.66228 20 
0 3.88726 20 
0 inf 20 
