0 0.0139504 1 
0 0.0197295 1 
0 0.0197355 1 
0 0.0241637 1 
0 0.0241642 1 
0 0.0241642 1 
0 0.024563 1 
0 0.0245632 1 
0 0.0245643 1 
0 0.0261002 1 
0 0.0264733 1 
0 0.0271964 1 
0 0.0279025 1 
0 0.0289297 1 
0 0.0289297 1 
0 0.0289307 1 
0 0.0302364 1 
0 0.0302458 1 
0 0.0308829 1 
0 0.0311963 1 
0 0.0321183 1 
0 0.0324196 1 
0 0.032718 1 
0 0.033599 1 
0 0.033599 1 
0 0.0338877 1 
0 0.0344569 1 
0 0.0344572 1 
0 0.0350171 1 
0 0.0350179 1 
0 0.0361123 1 
0 0.0363802 1 
0 0.0366467 1 
0 0.0369117 1 
0 0.0392123 1 
0 0.0392135 1 
0 0.0394599 1 
0 0.03946 1 
0 0.0397065 1 
0 0.0413854 1 
0 0.0413861 1 
0 0.0413865 1 
0 0.0423105 1 
0 0.042318 1 
0 0.0425456 1 
0 0.0438968 1 
0 0.0438972 1 
0 0.0438975 1 
0 0.0438975 1 
0 0.0441175 1 
0 0.0445586 1 
0 0.0464841 1 
0 0.0473112 1 
0 0.0477206 1 
0 0.0487296 1 
0 0.0499136 1 
0 0.0499138 1 
0 0.0503016 1 
0 0.05126 1 
0 0.0523894 1 
0 0.0542211 1 
0 0.0547488 1 
0 0.0554552 1 
0 0.0573515 1 
0 0.058861 1 
0 0.0590255 1 
0 0.0593514 1 
0 0.0596808 1 
0 0.0598437 1 
0 0.06161 1 
0 0.063011 1 
0 0.0630148 1 
0 0.0649858 1 
0 0.067053 1 
0 0.0691959 1 
0 0.0718223 1 
0 0.072497 1 
0 0.0734267 1 
0 0.0738239 1 
0 0.0787969 1 
0 0.0877908 1 
0 0.0908485 1 
0 0.0972563 1 
0 0.101473 1 
0 0.102612 1 
0 0.103002 1 
0 0.110736 1 
0 0.12202 1 
0 0.133746 1 
0 0.136338 1 
0 0.143301 1 
0 0.149353 1 
0 0.15753 1 
0 0.172571 1 
0 0.176415 1 
0 0.177685 1 
0 0.191847 1 
0 0.197249 1 
0 0.215862 1 
0 0.219792 1 
0 0.225045 1 
0 0.230172 1 
0 0.320641 1 
0 0.336307 1 
0 0.379951 1 
0 0.399261 1 
0 0.410251 1 
0 0.469714 1 
0 0.481685 1 
0 0.49566 1 
0 0.55386 1 
0 0.55969 1 
0 0.579306 1 
0 0.585977 1 
0 0.591324 1 
0 0.647736 1 
0 0.749734 1 
0 0.766684 1 
0 0.817491 1 
0 0.831569 1 
0 1.33368 1 
0 1.41545 1 
0 1.6538 1 
0 2.43906 1 
0 2.52918 1 
0 2.93873 1 
0 3.23619 1 
0 4.80962 1 
0 4.9143 1 
0 5.05486 1 
0 5.09725 1 
0 inf 1 
0 0.0216135 2 
0 0.022495 2 
0 0.0224953 2 
0 0.0282486 2 
0 0.0299228 2 
0 0.0302455 2 
0 0.0305653 2 
0 0.0308827 2 
0 0.0308831 2 
0 0.031199 2 
0 0.0321187 2 
0 0.0324198 2 
0 0.0327178 2 
0 0.0333088 2 
0 0.0338879 2 
0 0.0338882 2 
0 0.0347381 2 
0 0.035017 2 
0 0.035017 2 
0 0.0355685 2 
0 0.0355691 2 
0 0.0361114 2 
0 0.0369112 2 
0 0.0374347 2 
0 0.0374354 2 
0 0.0382076 2 
0 0.0399499 2 
0 0.0418544 2 
0 0.0423142 2 
0 0.0423161 2 
0 0.0425445 2 
0 0.042546 2 
0 0.042546 2 
0 0.0425464 2 
0 0.0427714 2 
0 0.0427746 2 
0 0.0432267 2 
0 0.0438965 2 
0 0.0452066 2 
0 0.0458484 2 
0 0.0464805 2 
0 0.0471041 2 
0 0.0471049 2 
0 0.0481263 2 
0 0.0489284 2 
0 0.0499156 2 
0 0.0521974 2 
0 0.0525724 2 
0 0.0525725 2 
0 0.0529416 2 
0 0.0533076 2 
0 0.0581935 2 
0 0.0620795 2 
0 0.0658819 2 
0 0.0673449 2 
0 0.0697557 2 
0 0.0708639 2 
0 0.0718197 2 
0 0.076795 2 
0 0.0795407 2 
0 0.0805143 2 
0 0.0834743 2 
0 0.0874595 2 
0 0.0881251 2 
0 0.0893289 2 
0 0.0898762 2 
0 0.0919115 2 
0 0.100505 2 
0 0.106804 2 
0 0.110911 2 
0 0.111611 2 
0 0.11689 2 
0 0.117636 2 
0 0.134612 2 
0 0.135623 2 
0 0.139092 2 
0 0.140693 2 
0 0.146655 2 
0 0.147977 2 
0 0.163772 2 
0 0.17217 2 
0 0.172452 2 
0 0.174596 2 
0 0.187331 2 
0 0.190474 2 
0 0.193009 2 
0 0.194764 2 
0 0.202941 2 
0 0.219085 2 
0 0.269415 2 
0 0.272102 2 
0 0.286486 2 
0 0.304821 2 
0 0.307304 2 
0 0.339764 2 
0 0.405617 2 
0 0.411426 2 
0 0.454274 2 
0 0.459705 2 
0 0.476526 2 
0 0.487893 2 
0 0.496273 2 
0 0.518364 2 
0 0.565991 2 
0 0.578086 2 
0 0.609785 2 
0 0.612679 2 
0 0.614582 2 
0 0.627576 2 
0 0.643372 2 
0 0.659402 2 
0 0.667752 2 
0 0.763599 2 
0 1.00715 2 
0 1.46929 2 
0 1.98141 2 
0 2.06118 2 
0 2.1022 2 
0 2.48331 2 
0 3.57246 2 
0 3.64824 2 
0 3.78318 2 
0 3.94624 2 
0 4.05306 2 
0 4.12095 2 
0 4.19928 2 
0 4.19951 2 
0 inf 2 
0 0.023758 3 
0 0.0245634 3 
0 0.0261008 3 
0 0.0275518 3 
0 0.0279026 3 
0 0.0282491 3 
0 0.0285908 3 
0 0.0295954 3 
0 0.0299222 3 
0 0.0315062 3 
0 0.0315064 3 
0 0.0315066 3 
0 0.0327182 3 
0 0.0335996 3 
0 0.0338875 3 
0 0.0352945 3 
0 0.0358412 3 
0 0.0358416 3 
0 0.0371742 3 
0 0.0379517 3 
0 0.0384613 3 
0 0.0389637 3 
0 0.0399468 3 
0 0.0401931 3 
0 0.0409131 3 
0 0.0409136 3 
0 0.0418538 3 
0 0.0418538 3 
0 0.0418539 3 
0 0.0420857 3 
0 0.0438971 3 
0 0.0445549 3 
0 0.04731 3 
0 0.047311 3 
0 0.0487292 3 
0 0.0504955 3 
0 0.0523906 3 
0 0.0529423 3 
0 0.0534899 3 
0 0.0563246 3 
0 0.0566687 3 
0 0.0566697 3 
0 0.0566741 3 
0 0.0582001 3 
0 0.0611306 3 
0 0.0622351 3 
0 0.0716831 3 
0 0.0716836 3 
0 0.0739564 3 
0 0.079412 3 
0 0.0796572 3 
0 0.0825365 3 
0 0.0839401 3 
0 0.088128 3 
0 0.0903094 3 
0 0.0949279 3 
0 0.0961273 3 
0 0.0969605 3 
0 0.103843 3 
0 0.107071 3 
0 0.111089 3 
0 0.116805 3 
0 0.117555 3 
0 0.122104 3 
0 0.125328 3 
0 0.12953 3 
0 0.130427 3 
0 0.134902 3 
0 0.147314 3 
0 0.149151 3 
0 0.149608 3 
0 0.161677 3 
0 0.161804 3 
0 0.161858 3 
0 0.161858 3 
0 0.162338 3 
0 0.203422 3 
0 0.260736 3 
0 0.278047 3 
0 0.28786 3 
0 0.332819 3 
0 0.341928 3 
0 0.355213 3 
0 0.35617 3 
0 0.356826 3 
0 0.386028 3 
0 0.400017 3 
0 0.412598 3 
0 0.4133 3 
0 0.452091 3 
0 0.45289 3 
0 0.491917 3 
0 0.501372 3 
0 0.507824 3 
0 0.509718 3 
0 0.52266 3 
0 0.535576 3 
0 0.557442 3 
0 0.565848 3 
0 0.584908 3 
0 0.602623 3 
0 0.603771 3 
0 0.614107 3 
0 0.626547 3 
0 0.760941 3 
0 0.964994 3 
0 1.0511 3 
0 1.38806 3 
0 1.44877 3 
0 1.68137 3 
0 1.93813 3 
0 1.99878 3 
0 2.00325 3 
0 2.00465 3 
0 2.00472 3 
0 2.94835 3 
0 3.31237 3 
0 3.32496 3 
0 3.32543 3 
0 3.75728 3 
0 4.11928 3 
0 4.42445 3 
0 4.43371 3 
0 inf 3 
0 0.0165074 4 
0 0.0241646 4 
0 0.0241646 4 
0 0.0253432 4 
0 0.0268349 4 
0 0.0292642 4 
0 0.0305664 4 
0 0.0308806 4 
0 0.0315062 4 
0 0.0315064 4 
0 0.0318135 4 
0 0.0318136 4 
0 0.0327186 4 
0 0.0338873 4 
0 0.0341713 4 
0 0.0341713 4 
0 0.0341732 4 
0 0.0344537 4 
0 0.037952 4 
0 0.0384608 4 
0 0.0389632 4 
0 0.0397058 4 
0 0.0411509 4 
0 0.0418543 4 
0 0.0418546 4 
0 0.042086 4 
0 0.0438972 4 
0 0.0447714 4 
0 0.0456363 4 
0 0.0464808 4 
0 0.0495225 4 
0 0.0495232 4 
0 0.0497187 4 
0 0.0503014 4 
0 0.0504964 4 
0 0.0508784 4 
0 0.0518312 4 
0 0.0520147 4 
0 0.0533122 4 
0 0.0554558 4 
0 0.0556306 4 
0 0.0601688 4 
0 0.0661746 4 
0 0.0744823 4 
0 0.0753884 4 
0 0.0799004 4 
0 0.0866779 4 
0 0.0902002 4 
0 0.0921192 4 
0 0.102425 4 
0 0.102899 4 
0 0.103182 4 
0 0.10634 4 
0 0.109321 4 
0 0.109941 4 
0 0.111086 4 
0 0.115298 4 
0 0.115887 4 
0 0.118953 4 
0 0.130578 4 
0 0.131098 4 
0 0.13191 4 
0 0.132139 4 
0 0.135121 4 
0 0.161479 4 
0 0.164716 4 
0 0.165952 4 
0 0.166304 4 
0 0.204329 4 
0 0.276613 4 
0 0.319164 4 
0 0.323116 4 
0 0.34665 4 
0 0.364757 4 
0 0.376701 4 
0 0.379107 4 
0 0.396927 4 
0 0.426233 4 
0 0.445062 4 
0 0.445083 4 
0 0.449865 4 
0 0.45292 4 
0 0.475629 4 
0 0.481763 4 
0 0.487968 4 
0 0.504401 4 
0 0.50771 4 
0 0.510464 4 
0 0.519966 4 
0 0.522486 4 
0 0.536676 4 
0 0.556963 4 
0 0.5601 4 
0 0.587465 4 
0 0.591477 4 
0 0.600296 4 
0 0.816356 4 
0 0.885271 4 
0 1.02877 4 
0 1.08325 4 
0 1.45798 4 
0 1.50724 4 
0 1.53376 4 
0 1.53394 4 
0 1.53469 4 
0 1.5413 4 
0 1.56807 4 
0 1.87675 4 
0 1.87808 4 
0 1.87888 4 
0 1.89485 4 
0 1.9356 4 
0 2.41122 4 
0 2.6864 4 
0 2.6881 4 
0 2.69144 4 
0 2.7906 4 
0 2.82847 4 
0 2.83222 4 
0 inf 4 
0 0.0264713 5 
0 0.0268356 5 
0 0.0271962 5 
0 0.0311963 5 
0 0.0321186 5 
0 0.0335989 5 
0 0.033599 5 
0 0.0338873 5 
0 0.0350174 5 
0 0.0358416 5 
0 0.0363803 5 
0 0.0392119 5 
0 0.0397074 5 
0 0.0399487 5 
0 0.0404346 5 
0 0.0425449 5 
0 0.0429998 5 
0 0.0432268 5 
0 0.0438964 5 
0 0.0443381 5 
0 0.0454217 5 
0 0.0471031 5 
0 0.0479237 5 
0 0.0495227 5 
0 0.0495261 5 
0 0.0501099 5 
0 0.0510702 5 
0 0.054214 5 
0 0.0545738 5 
0 0.0556327 5 
0 0.0559782 5 
0 0.0604916 5 
0 0.0614492 5 
0 0.0645366 5 
0 0.068203 5 
0 0.0709987 5 
0 0.0710041 5 
0 0.0740865 5 
0 0.0740867 5 
0 0.076922 5 
0 0.077551 5 
0 0.083708 5 
0 0.0879037 5 
0 0.090198 5 
0 0.0921217 5 
0 0.0922273 5 
0 0.0940019 5 
0 0.096461 5 
0 0.107523 5 
0 0.108962 5 
0 0.110471 5 
0 0.114875 5 
0 0.115299 5 
0 0.115299 5 
0 0.122659 5 
0 0.125179 5 
0 0.129981 5 
0 0.132792 5 
0 0.13712 5 
0 0.157946 5 
0 0.198826 5 
0 0.274345 5 
0 0.275009 5 
0 0.3287 5 
0 0.32941 5 
0 0.391803 5 
0 0.406761 5 
0 0.411804 5 
0 0.424942 5 
0 0.425014 5 
0 0.428275 5 
0 0.438497 5 
0 0.447978 5 
0 0.449518 5 
0 0.451355 5 
0 0.463254 5 
0 0.464824 5 
0 0.474804 5 
0 0.485387 5 
0 0.492375 5 
0 0.492632 5 
0 0.509187 5 
0 0.511724 5 
0 0.511933 5 
0 0.519827 5 
0 0.566555 5 
0 0.567928 5 
0 0.57039 5 
0 0.786178 5 
0 0.791974 5 
0 1.04696 5 
0 1.08247 5 
0 1.39897 5 
0 1.41826 5 
0 1.44552 5 
0 1.44583 5 
0 1.44719 5 
0 1.449 5 
0 1.47341 5 
0 1.55486 5 
0 1.67403 5 
0 1.79302 5 
0 1.91786 5 
0 1.918 5 
0 1.91918 5 
0 1.92461 5 
0 1.93934 5 
0 1.9421 5 
0 1.99017 5 
0 1.9917 5 
0 2.00102 5 
0 2.43678 5 
0 2.73404 5 
0 2.73655 5 
0 2.76767 5 
0 inf 5 
0 0.022495 6 
0 0.0224952 6 
0 0.0257254 6 
0 0.0275512 6 
0 0.027902 6 
0 0.0305652 6 
0 0.0366481 6 
0 0.0420873 6 
0 0.0423162 6 
0 0.042543 6 
0 0.0425488 6 
0 0.042997 6 
0 0.0434554 6 
0 0.0436745 6 
0 0.0441175 6 
0 0.0441178 6 
0 0.044338 6 
0 0.0452074 6 
0 0.0454223 6 
0 0.048329 6 
0 0.0516384 6 
0 0.051828 6 
0 0.0529427 6 
0 0.0542122 6 
0 0.0542177 6 
0 0.0547474 6 
0 0.0549244 6 
0 0.0549244 6 
0 0.0563304 6 
0 0.0576926 6 
0 0.0590261 6 
0 0.0604929 6 
0 0.062237 6 
0 0.0690555 6 
0 0.0694773 6 
0 0.0747432 6 
0 0.084977 6 
0 0.0891135 6 
0 0.0892231 6 
0 0.0901707 6 
0 0.0916977 6 
0 0.0928571 6 
0 0.0928592 6 
0 0.095547 6 
0 0.101952 6 
0 0.109319 6 
0 0.127788 6 
0 0.129829 6 
0 0.131395 6 
0 0.132501 6 
0 0.135476 6 
0 0.137402 6 
0 0.197844 6 
0 0.199558 6 
0 0.222593 6 
0 0.255846 6 
0 0.289498 6 
0 0.293769 6 
0 0.299541 6 
0 0.322724 6 
0 0.355443 6 
0 0.373146 6 
0 0.376433 6 
0 0.380548 6 
0 0.383097 6 
0 0.386275 6 
0 0.387726 6 
0 0.415146 6 
0 0.42296 6 
0 0.423764 6 
0 0.440667 6 
0 0.451002 6 
0 0.470811 6 
0 0.487475 6 
0 0.488605 6 
0 0.49256 6 
0 0.49256 6 
0 0.514469 6 
0 0.51711 6 
0 0.533483 6 
0 0.536311 6 
0 0.546299 6 
0 0.547438 6 
0 0.577805 6 
0 0.589304 6 
0 0.924038 6 
0 1.02633 6 
0 1.13258 6 
0 1.18996 6 
0 1.33314 6 
0 1.3895 6 
0 1.39117 6 
0 1.39459 6 
0 1.39771 6 
0 1.40467 6 
0 1.41322 6 
0 1.42082 6 
0 1.4411 6 
0 1.44131 6 
0 1.44249 6 
0 1.47333 6 
0 1.51823 6 
0 1.88257 6 
0 1.88257 6 
0 1.94978 6 
0 1.96099 6 
0 2.11365 6 
0 2.52292 6 
0 2.52356 6 
0 2.52381 6 
0 2.54118 6 
0 inf 6 
0 0.0206937 7 
0 0.0224952 7 
0 0.0237589 7 
0 0.0299236 7 
0 0.0308822 7 
0 0.033307 7 
0 0.0336029 7 
0 0.0358405 7 
0 0.0358419 7 
0 0.0369113 7 
0 0.0371712 7 
0 0.0389635 7 
0 0.0397054 7 
0 0.0397054 7 
0 0.0427699 7 
0 0.043 7 
0 0.0536711 7 
0 0.0542134 7 
0 0.0558076 7 
0 0.0570131 7 
0 0.0578615 7 
0 0.0595196 7 
0 0.0596872 7 
0 0.0631693 7 
0 0.0689123 7 
0 0.0698987 7 
0 0.0749986 7 
0 0.0787968 7 
0 0.0806288 7 
0 0.0812325 7 
0 0.0824192 7 
0 0.0867908 7 
0 0.0888946 7 
0 0.0978582 7 
0 0.0989451 7 
0 0.100506 7 
0 0.110736 7 
0 0.111434 7 
0 0.111696 7 
0 0.114196 7 
0 0.117306 7 
0 0.129663 7 
0 0.130278 7 
0 0.13228 7 
0 0.132502 7 
0 0.152044 7 
0 0.170168 7 
0 0.195369 7 
0 0.207299 7 
0 0.216656 7 
0 0.21779 7 
0 0.245955 7 
0 0.25444 7 
0 0.259552 7 
0 0.294664 7 
0 0.29585 7 
0 0.302441 7 
0 0.302441 7 
0 0.326263 7 
0 0.376786 7 
0 0.388957 7 
0 0.406165 7 
0 0.406812 7 
0 0.414434 7 
0 0.437764 7 
0 0.470501 7 
0 0.483641 7 
0 0.486449 7 
0 0.504789 7 
0 0.509223 7 
0 0.510295 7 
0 0.510826 7 
0 0.557936 7 
0 0.560721 7 
0 0.564595 7 
0 0.589025 7 
0 0.758607 7 
0 0.760465 7 
0 0.785917 7 
0 0.786016 7 
0 0.789022 7 
0 1.03078 7 
0 1.05896 7 
0 1.0793 7 
0 1.24578 7 
0 1.25587 7 
0 1.38582 7 
0 1.38734 7 
0 1.38849 7 
0 1.39215 7 
0 1.42029 7 
0 1.43265 7 
0 1.45067 7 
0 1.45975 7 
0 1.46841 7 
0 1.49515 7 
0 1.63481 7 
0 1.66033 7 
0 1.68703 7 
0 1.71725 7 
0 1.94158 7 
0 1.94206 7 
0 1.94216 7 
0 1.95302 7 
0 1.9572 7 
0 1.99647 7 
0 2.07298 7 
0 inf 7 
0 0.0245631 8 
0 0.032118 8 
0 0.0347383 8 
0 0.0358405 8 
0 0.0358424 8 
0 0.0389636 8 
0 0.0423128 8 
0 0.0438949 8 
0 0.0441172 8 
0 0.0495216 8 
0 0.0499125 8 
0 0.0549238 8 
0 0.0590291 8 
0 0.0642373 8 
0 0.073562 8 
0 0.075771 8 
0 0.078299 8 
0 0.0815878 8 
0 0.0832409 8 
0 0.0832409 8 
0 0.0856617 8 
0 0.094931 8 
0 0.0954375 8 
0 0.0971588 8 
0 0.0971604 8 
0 0.101852 8 
0 0.102045 8 
0 0.10271 8 
0 0.104122 8 
0 0.105423 8 
0 0.105699 8 
0 0.114537 8 
0 0.117141 8 
0 0.124633 8 
0 0.125173 8 
0 0.127412 8 
0 0.155459 8 
0 0.182271 8 
0 0.183707 8 
0 0.189243 8 
0 0.19669 8 
0 0.20024 8 
0 0.215987 8 
0 0.22582 8 
0 0.226844 8 
0 0.229921 8 
0 0.259437 8 
0 0.290936 8 
0 0.298205 8 
0 0.302161 8 
0 0.302514 8 
0 0.304309 8 
0 0.322845 8 
0 0.326069 8 
0 0.327176 8 
0 0.33022 8 
0 0.358509 8 
0 0.380846 8 
0 0.399465 8 
0 0.409221 8 
0 0.412844 8 
0 0.426062 8 
0 0.43369 8 
0 0.435558 8 
0 0.436963 8 
0 0.438541 8 
0 0.44058 8 
0 0.468324 8 
0 0.482144 8 
0 0.531043 8 
0 0.533383 8 
0 0.558472 8 
0 0.55882 8 
0 0.605582 8 
0 0.609996 8 
0 0.836843 8 
0 0.914209 8 
0 0.922117 8 
0 0.931662 8 
0 0.975052 8 
0 0.97708 8 
0 1.00284 8 
0 1.19517 8 
0 1.23912 8 
0 1.3876 8 
0 1.39064 8 
0 1.39128 8 
0 1.39474 8 
0 1.4 8 
0 1.40356 8 
0 1.43008 8 
0 1.46845 8 
0 1.4694 8 
0 1.48455 8 
0 1.50311 8 
0 1.53113 8 
0 1.57749 8 
0 1.77904 8 
0 1.9155 8 
0 1.91556 8 
0 1.92901 8 
0 1.93845 8 
0 1.93857 8 
0 inf 8 
0 0.0192302 9 
0 0.0379499 9 
0 0.0427713 9 
0 0.0460603 9 
0 0.0479233 9 
0 0.0491272 9 
0 0.0521982 9 
0 0.0573539 9 
0 0.0628624 9 
0 0.0666167 9 
0 0.071954 9 
0 0.0750019 9 
0 0.0875384 9 
0 0.0885677 9 
0 0.088895 9 
0 0.0897667 9 
0 0.091169 9 
0 0.0925447 9 
0 0.096561 9 
0 0.0971574 9 
0 0.0973596 9 
0 0.0994359 9 
0 0.101471 9 
0 0.10195 9 
0 0.109408 9 
0 0.114367 9 
0 0.115467 9 
0 0.117805 9 
0 0.128017 9 
0 0.139439 9 
0 0.143023 9 
0 0.164541 9 
0 0.174586 9 
0 0.177506 9 
0 0.18811 9 
0 0.188514 9 
0 0.199607 9 
0 0.233231 9 
0 0.238348 9 
0 0.239124 9 
0 0.240113 9 
0 0.240749 9 
0 0.244796 9 
0 0.245279 9 
0 0.252893 9 
0 0.259154 9 
0 0.262289 9 
0 0.321054 9 
0 0.323417 9 
0 0.325359 9 
0 0.329561 9 
0 0.37639 9 
0 0.425532 9 
0 0.43843 9 
0 0.439988 9 
0 0.44043 9 
0 0.441111 9 
0 0.441816 9 
0 0.45657 9 
0 0.457675 9 
0 0.460483 9 
0 0.472153 9 
0 0.501739 9 
0 0.515185 9 
0 0.515185 9 
0 0.533068 9 
0 0.535618 9 
0 0.793659 9 
0 0.809045 9 
0 0.80929 9 
0 0.813371 9 
0 0.842627 9 
0 0.864293 9 
0 0.867102 9 
0 0.94126 9 
0 0.960454 9 
0 0.960737 9 
0 1.23068 9 
0 1.28953 9 
0 1.38876 9 
0 1.389 9 
0 1.40431 9 
0 1.4078 9 
0 1.41061 9 
0 1.44116 9 
0 1.44138 9 
0 1.45363 9 
0 1.45365 9 
0 1.47035 9 
0 1.49354 9 
0 1.5046 9 
0 1.50469 9 
0 1.66761 9 
0 1.67787 9 
0 1.91711 9 
0 1.9176 9 
0 1.9416 9 
0 1.98803 9 
0 1.98815 9 
0 inf 9 
0 0.0289311 10 
0 0.0315055 10 
0 0.0443343 10 
0 0.0518289 10 
0 0.0614487 10 
0 0.0658815 10 
0 0.0676291 10 
0 0.0710029 10 
0 0.0720866 10 
0 0.078177 10 
0 0.0811066 10 
0 0.08679 10 
0 0.0897673 10 
0 0.0942089 10 
0 0.0957466 10 
0 0.0977637 10 
0 0.107798 10 
0 0.110118 10 
0 0.110822 10 
0 0.12015 10 
0 0.125178 10 
0 0.128625 10 
0 0.136882 10 
0 0.147302 10 
0 0.160712 10 
0 0.163595 10 
0 0.165237 10 
0 0.195862 10 
0 0.209316 10 
0 0.212845 10 
0 0.216043 10 
0 0.228254 10 
0 0.230666 10 
0 0.231202 10 
0 0.233647 10 
0 0.238731 10 
0 0.259737 10 
0 0.274763 10 
0 0.277443 10 
0 0.299314 10 
0 0.308891 10 
0 0.327008 10 
0 0.347112 10 
0 0.360067 10 
0 0.36351 10 
0 0.381312 10 
0 0.411098 10 
0 0.413861 10 
0 0.416295 10 
0 0.419746 10 
0 0.419746 10 
0 0.420672 10 
0 0.42207 10 
0 0.422991 10 
0 0.43803 10 
0 0.440269 10 
0 0.445953 10 
0 0.446651 10 
0 0.486452 10 
0 0.486991 10 
0 0.521032 10 
0 0.522878 10 
0 0.625992 10 
0 0.697389 10 
0 0.732562 10 
0 0.763113 10 
0 0.763623 10 
0 0.766425 10 
0 0.766707 10 
0 0.768388 10 
0 0.785984 10 
0 0.807888 10 
0 0.80932 10 
0 1.29628 10 
0 1.33416 10 
0 1.38715 10 
0 1.38715 10 
0 1.41981 10 
0 1.4424 10 
0 1.44304 10 
0 1.45475 10 
0 1.45536 10 
0 1.45705 10 
0 1.45711 10 
0 1.45848 10 
0 1.48966 10 
0 1.60512 10 
0 1.62248 10 
0 1.66446 10 
0 1.66466 10 
0 1.91758 10 
0 1.91771 10 
0 1.93409 10 
0 1.93423 10 
0 1.93455 10 
0 inf 10 
0 0.0260994 11 
0 0.0289284 11 
0 0.0503038 11 
0 0.0529371 11 
0 0.0636331 11 
0 0.0696147 11 
0 0.085855 11 
0 0.0872378 11 
0 0.0949021 11 
0 0.0969569 11 
0 0.105422 11 
0 0.107255 11 
0 0.11291 11 
0 0.115044 11 
0 0.125544 11 
0 0.144298 11 
0 0.158517 11 
0 0.167064 11 
0 0.173263 11 
0 0.176194 11 
0 0.178812 11 
0 0.185631 11 
0 0.187179 11 
0 0.203279 11 
0 0.214766 11 
0 0.227579 11 
0 0.231277 11 
0 0.232011 11 
0 0.233119 11 
0 0.234698 11 
0 0.261828 11 
0 0.270624 11 
0 0.273653 11 
0 0.306034 11 
0 0.32021 11 
0 0.32021 11 
0 0.325067 11 
0 0.330025 11 
0 0.342099 11 
0 0.36243 11 
0 0.364705 11 
0 0.381745 11 
0 0.386349 11 
0 0.38846 11 
0 0.390741 11 
0 0.396118 11 
0 0.396904 11 
0 0.402809 11 
0 0.445717 11 
0 0.485231 11 
0 0.488151 11 
0 0.488948 11 
0 0.495413 11 
0 0.49559 11 
0 0.496876 11 
0 0.496908 11 
0 0.499366 11 
0 0.501275 11 
0 0.520019 11 
0 0.596676 11 
0 0.597754 11 
0 0.603651 11 
0 0.653489 11 
0 0.659035 11 
0 0.695546 11 
0 0.774325 11 
0 0.774589 11 
0 0.780035 11 
0 0.953995 11 
0 0.957378 11 
0 0.989372 11 
0 0.990316 11 
0 1.02235 11 
0 1.04801 11 
0 1.05295 11 
0 1.1703 11 
0 1.38635 11 
0 1.38666 11 
0 1.40925 11 
0 1.41124 11 
0 1.41124 11 
0 1.4397 11 
0 1.43989 11 
0 1.44538 11 
0 1.44595 11 
0 1.44628 11 
0 1.91578 11 
0 1.91649 11 
0 1.92193 11 
0 1.92195 11 
0 1.92217 11 
0 inf 11 
0 0.0652837 12 
0 0.0764162 12 
0 0.0919871 12 
0 0.0931435 12 
0 0.107618 12 
0 0.138178 12 
0 0.149676 12 
0 0.152892 12 
0 0.159862 12 
0 0.166307 12 
0 0.182489 12 
0 0.187692 12 
0 0.187755 12 
0 0.203887 12 
0 0.209038 12 
0 0.213529 12 
0 0.213529 12 
0 0.217196 12 
0 0.221865 12 
0 0.225595 12 
0 0.2263 12 
0 0.234769 12 
0 0.254232 12 
0 0.254233 12 
0 0.25749 12 
0 0.266447 12 
0 0.289061 12 
0 0.296323 12 
0 0.296505 12 
0 0.30231 12 
0 0.310583 12 
0 0.311584 12 
0 0.314127 12 
0 0.317825 12 
0 0.320629 12 
0 0.321446 12 
0 0.322683 12 
0 0.323889 12 
0 0.325656 12 
0 0.327521 12 
0 0.340937 12 
0 0.34488 12 
0 0.357182 12 
0 0.359269 12 
0 0.370554 12 
0 0.37244 12 
0 0.383292 12 
0 0.395862 12 
0 0.412393 12 
0 0.41784 12 
0 0.424891 12 
0 0.425647 12 
0 0.429623 12 
0 0.43655 12 
0 0.465102 12 
0 0.467414 12 
0 0.531797 12 
0 0.547728 12 
0 0.547888 12 
0 0.563578 12 
0 0.641628 12 
0 0.73882 12 
0 0.747448 12 
0 0.750093 12 
0 0.757001 12 
0 0.820776 12 
0 0.890028 12 
0 0.890553 12 
0 0.891307 12 
0 1.25117 12 
0 1.26324 12 
0 1.3877 12 
0 1.38815 12 
0 1.39368 12 
0 1.39377 12 
0 1.39578 12 
0 1.43862 12 
0 1.44011 12 
0 1.48811 12 
0 1.48832 12 
0 1.48882 12 
0 1.49548 12 
0 1.9153 12 
0 1.91604 12 
0 1.92541 12 
0 1.92549 12 
0 1.9256 12 
0 inf 12 
0 0.0682037 13 
0 0.120479 13 
0 0.122006 13 
0 0.122084 13 
0 0.145182 13 
0 0.15403 13 
0 0.157963 13 
0 0.164412 13 
0 0.164483 13 
0 0.166715 13 
0 0.167885 13 
0 0.213949 13 
0 0.214539 13 
0 0.227051 13 
0 0.228199 13 
0 0.244307 13 
0 0.244307 13 
0 0.251195 13 
0 0.251833 13 
0 0.257151 13 
0 0.257491 13 
0 0.258258 13 
0 0.259311 13 
0 0.269335 13 
0 0.282698 13 
0 0.283523 13 
0 0.289265 13 
0 0.291239 13 
0 0.293123 13 
0 0.302109 13 
0 0.305306 13 
0 0.307609 13 
0 0.309265 13 
0 0.318418 13 
0 0.321988 13 
0 0.322925 13 
0 0.323195 13 
0 0.340096 13 
0 0.348994 13 
0 0.36171 13 
0 0.370327 13 
0 0.377536 13 
0 0.415445 13 
0 0.415458 13 
0 0.415693 13 
0 0.416979 13 
0 0.417095 13 
0 0.424864 13 
0 0.435251 13 
0 0.454688 13 
0 0.592061 13 
0 0.592078 13 
0 0.592225 13 
0 0.6231 13 
0 0.658938 13 
0 0.7638 13 
0 0.801069 13 
0 0.828641 13 
0 0.828641 13 
0 0.828876 13 
0 0.834075 13 
0 0.843871 13 
0 1.24512 13 
0 1.25493 13 
0 1.36089 13 
0 1.38573 13 
0 1.38649 13 
0 1.40001 13 
0 1.40015 13 
0 1.40019 13 
0 1.44108 13 
0 1.44636 13 
0 1.50828 13 
0 1.50845 13 
0 1.51085 13 
0 1.63046 13 
0 1.64108 13 
0 1.64145 13 
0 1.91648 13 
0 1.91776 13 
0 1.97232 13 
0 1.97236 13 
0 1.97373 13 
0 inf 13 
0 0.0620786 14 
0 0.0709951 14 
0 0.0953431 14 
0 0.10077 14 
0 0.115885 14 
0 0.141914 14 
0 0.141914 14 
0 0.144294 14 
0 0.1534 14 
0 0.160903 14 
0 0.176244 14 
0 0.182861 14 
0 0.220887 14 
0 0.228838 14 
0 0.230376 14 
0 0.230466 14 
0 0.253947 14 
0 0.255623 14 
0 0.258184 14 
0 0.260883 14 
0 0.262453 14 
0 0.265322 14 
0 0.279783 14 
0 0.286119 14 
0 0.302547 14 
0 0.306473 14 
0 0.308254 14 
0 0.311802 14 
0 0.311926 14 
0 0.312082 14 
0 0.3318 14 
0 0.341591 14 
0 0.342156 14 
0 0.343944 14 
0 0.34417 14 
0 0.344848 14 
0 0.352363 14 
0 0.366277 14 
0 0.366595 14 
0 0.368057 14 
0 0.368633 14 
0 0.375823 14 
0 0.384653 14 
0 0.387982 14 
0 0.450711 14 
0 0.49801 14 
0 0.551302 14 
0 0.750044 14 
0 0.783899 14 
0 0.787393 14 
0 0.787454 14 
0 0.790907 14 
0 0.921283 14 
0 0.921441 14 
0 0.921537 14 
0 0.940811 14 
0 0.983957 14 
0 1.02183 14 
0 1.02289 14 
0 1.10423 14 
0 1.10443 14 
0 1.38683 14 
0 1.43861 14 
0 1.4476 14 
0 1.46055 14 
0 1.46055 14 
0 1.46056 14 
0 1.46328 14 
0 1.46349 14 
0 1.46355 14 
0 1.50482 14 
0 1.57157 14 
0 1.58389 14 
0 1.58406 14 
0 1.91509 14 
0 1.91903 14 
0 1.94557 14 
0 1.94565 14 
0 1.94568 14 
0 inf 14 
0 0.047316 15 
0 0.0637792 15 
0 0.0691975 15 
0 0.119522 15 
0 0.13589 15 
0 0.155228 15 
0 0.155731 15 
0 0.155855 15 
0 0.157903 15 
0 0.158641 15 
0 0.172406 15 
0 0.21711 15 
0 0.218183 15 
0 0.219073 15 
0 0.221239 15 
0 0.229874 15 
0 0.232657 15 
0 0.240263 15 
0 0.249836 15 
0 0.260463 15 
0 0.262517 15 
0 0.264843 15 
0 0.267383 15 
0 0.274628 15 
0 0.277195 15 
0 0.278596 15 
0 0.288856 15 
0 0.301236 15 
0 0.302428 15 
0 0.305502 15 
0 0.307791 15 
0 0.331266 15 
0 0.339796 15 
0 0.339882 15 
0 0.345758 15 
0 0.345786 15 
0 0.384374 15 
0 0.396341 15 
0 0.396414 15 
0 0.419246 15 
0 0.421215 15 
0 0.421769 15 
0 0.422392 15 
0 0.442298 15 
0 0.471298 15 
0 0.475664 15 
0 0.564413 15 
0 0.564499 15 
0 0.564965 15 
0 0.675147 15 
0 0.775609 15 
0 0.775696 15 
0 0.775834 15 
0 0.777013 15 
0 1.0285 15 
0 1.03231 15 
0 1.08846 15 
0 1.08895 15 
0 1.0916 15 
0 1.22095 15 
0 1.38826 15 
0 1.42402 15 
0 1.42455 15 
0 1.42488 15 
0 1.45664 15 
0 1.45878 15 
0 1.45878 15 
0 1.45878 15 
0 1.62831 15 
0 1.63556 15 
0 1.65356 15 
0 1.92176 15 
0 1.92465 15 
0 1.92475 15 
0 1.92479 15 
0 inf 15 
0 0.0369109 16 
0 0.052019 16 
0 0.0724953 16 
0 0.094825 16 
0 0.0952346 16 
0 0.0963521 16 
0 0.122501 16 
0 0.164935 16 
0 0.166484 16 
0 0.17563 16 
0 0.177352 16 
0 0.178937 16 
0 0.182384 16 
0 0.199148 16 
0 0.200124 16 
0 0.200513 16 
0 0.220591 16 
0 0.223687 16 
0 0.223687 16 
0 0.225204 16 
0 0.240136 16 
0 0.283212 16 
0 0.295946 16 
0 0.295946 16 
0 0.296078 16 
0 0.296833 16 
0 0.312895 16 
0 0.31567 16 
0 0.345503 16 
0 0.362293 16 
0 0.364863 16 
0 0.365076 16 
0 0.374131 16 
0 0.380615 16 
0 0.415406 16 
0 0.416459 16 
0 0.416622 16 
0 0.416739 16 
0 0.436252 16 
0 0.44741 16 
0 0.466241 16 
0 0.466325 16 
0 0.466582 16 
0 0.469465 16 
0 0.479343 16 
0 0.774389 16 
0 0.781165 16 
0 0.805532 16 
0 0.805628 16 
0 0.805713 16 
0 0.806823 16 
0 0.835625 16 
0 0.931871 16 
0 0.94605 16 
0 0.946462 16 
0 1.03105 16 
0 1.2045 16 
0 1.36987 16 
0 1.39435 16 
0 1.39569 16 
0 1.39764 16 
0 1.39767 16 
0 1.45411 16 
0 1.45468 16 
0 1.45516 16 
0 1.45522 16 
0 1.5593 16 
0 1.92865 16 
0 1.92883 16 
0 1.92895 16 
0 1.92895 16 
0 inf 16 
0 0.0473131 17 
0 0.0487318 17 
0 0.0493273 17 
0 0.0534904 17 
0 0.118442 17 
0 0.146051 17 
0 0.146914 17 
0 0.148692 17 
0 0.164775 17 
0 0.164952 17 
0 0.167121 17 
0 0.170522 17 
0 0.210795 17 
0 0.219252 17 
0 0.225077 17 
0 0.227015 17 
0 0.260149 17 
0 0.264113 17 
0 0.266278 17 
0 0.266461 17 
0 0.26828 17 
0 0.341329 17 
0 0.353651 17 
0 0.377225 17 
0 0.382493 17 
0 0.382773 17 
0 0.382849 17 
0 0.384204 17 
0 0.384887 17 
0 0.388126 17 
0 0.392399 17 
0 0.41695 17 
0 0.452781 17 
0 0.458059 17 
0 0.458059 17 
0 0.47172 17 
0 0.475971 17 
0 0.479881 17 
0 0.48061 17 
0 0.528493 17 
0 0.528696 17 
0 0.528861 17 
0 0.59368 17 
0 0.64563 17 
0 0.684751 17 
0 0.804217 17 
0 0.804375 17 
0 0.804568 17 
0 0.807201 17 
0 1.05721 17 
0 1.08163 17 
0 1.0864 17 
0 1.0873 17 
0 1.18775 17 
0 1.39563 17 
0 1.39908 17 
0 1.39908 17 
0 1.39931 17 
0 1.47082 17 
0 1.47095 17 
0 1.47129 17 
0 1.47297 17 
0 1.57233 17 
0 1.92664 17 
0 1.92683 17 
0 1.92683 17 
0 1.92687 17 
0 inf 17 
0 0.0700255 18 
0 0.0700268 18 
0 0.0720813 18 
0 0.100017 18 
0 0.132994 18 
0 0.138794 18 
0 0.138795 18 
0 0.194369 18 
0 0.199978 18 
0 0.200367 18 
0 0.201142 18 
0 0.202221 18 
0 0.216227 18 
0 0.218243 18 
0 0.222615 18 
0 0.24209 18 
0 0.324769 18 
0 0.333287 18 
0 0.333287 18 
0 0.344768 18 
0 0.357097 18 
0 0.357751 18 
0 0.357833 18 
0 0.357848 18 
0 0.368539 18 
0 0.369251 18 
0 0.37614 18 
0 0.376451 18 
0 0.377071 18 
0 0.388827 18 
0 0.4406 18 
0 0.441307 18 
0 0.442078 18 
0 0.470294 18 
0 0.472174 18 
0 0.472462 18 
0 0.478387 18 
0 0.499504 18 
0 0.499562 18 
0 0.499835 18 
0 0.570217 18 
0 0.787462 18 
0 0.788548 18 
0 0.788548 18 
0 0.788647 18 
0 1.11876 18 
0 1.13047 18 
0 1.13095 18 
0 1.25391 18 
0 1.27856 18 
0 1.40606 18 
0 1.40753 18 
0 1.40759 18 
0 1.40764 18 
0 1.46984 18 
0 1.46998 18 
0 1.47006 18 
0 1.47006 18 
0 1.56707 18 
0 1.93908 18 
0 1.94077 18 
0 1.94099 18 
0 1.94117 18 
0 inf 18 
0 0.128699 19 
0 0.130128 19 
0 0.131319 19 
0 0.156174 19 
0 0.15661 19 
0 0.157168 19 
0 0.157947 19 
0 0.159174 19 
0 0.169193 19 
0 0.188164 19 
0 0.198581 19 
0 0.199168 19 
0 0.199705 19 
0 0.200775 19 
0 0.206928 19 
0 0.207521 19 
0 0.207709 19 
0 0.21147 19 
0 0.221423 19 
0 0.32043 19 
0 0.325212 19 
0 0.325302 19 
0 0.3259 19 
0 0.328582 19 
0 0.328671 19 
0 0.329144 19 
0 0.378976 19 
0 0.379104 19 
0 0.379309 19 
0 0.390518 19 
0 0.437742 19 
0 0.43792 19 
0 0.438186 19 
0 0.469403 19 
0 0.469403 19 
0 0.470728 19 
0 0.560369 19 
0 0.577861 19 
0 0.579526 19 
0 0.77631 19 
0 0.776723 19 
0 0.777162 19 
0 1.1046 19 
0 1.10513 19 
0 1.11933 19 
0 1.34998 19 
0 1.40167 19 
0 1.40766 19 
0 1.40769 19 
0 1.46188 19 
0 1.46284 19 
0 1.46284 19 
0 1.46287 19 
0 1.50164 19 
0 1.58125 19 
0 1.9408 19 
0 1.94122 19 
0 1.94126 19 
0 1.94174 19 
0 inf 19 
0 0.0731694 20 
0 0.0743555 20 
0 0.0792952 20 
0 0.0999221 20 
0 0.0999229 20 
0 0.116809 20 
0 0.119526 20 
0 0.123611 20 
0 0.135839 20 
0 0.2015 20 
0 0.204404 20 
0 0.204404 20 
0 0.205328 20 
0 0.220151 20 
0 0.221735 20 
0 0.240497 20 
0 0.245443 20 
0 0.249831 20 
0 0.251694 20 
0 0.251694 20 
0 0.289664 20 
0 0.290201 20 
0 0.290737 20 
0 0.293841 20 
0 0.307023 20 
0 0.309642 20 
0 0.325008 20 
0 0.325247 20 
0 0.325636 20 
0 0.381967 20 
0 0.382043 20 
0 0.382043 20 
0 0.42239 20 
0 0.43803 20 
0 0.438741 20 
0 0.439096 20 
0 0.470211 20 
0 0.470377 20 
0 0.471038 20 
0 0.622859 20 
0 0.623359 20 
0 0.765748 20 
0 0.767272 20 
0 1.17357 20 
0 1.17436 20 
0 1.18632 20 
0 1.42022 20 
0 1.42043 20 
0 1.45756 20 
0 1.45778 20 
0 1.55246 20 
0 1.59849 20 
0 1.93359 20 
0 1.93364 20 
0 3.64227 20 
0 inf 20 
