0 0.0303775 1 
0 0.0354765 1 
0 0.0399243 1 
0 0.0429642 1 
0 0.0429642 1 
0 0.0439286 1 
0 0.0448746 1 
0 0.0467064 1 
0 0.047596 1 
0 0.0484692 1 
0 0.0484692 1 
0 0.0509986 1 
0 0.0526156 1 
0 0.0549583 1 
0 0.0557148 1 
0 0.0571997 1 
0 0.0579324 1 
0 0.058652 1 
0 0.0593636 1 
0 0.0600648 1 
0 0.0614471 1 
0 0.0621228 1 
0 0.0621261 1 
0 0.0627952 1 
0 0.0654099 1 
0 0.0660476 1 
0 0.0666817 1 
0 0.0673056 1 
0 0.0673069 1 
0 0.0679282 1 
0 0.0685416 1 
0 0.0721213 1 
0 0.0727011 1 
0 0.0766333 1 
0 0.0787891 1 
0 0.078795 1 
0 0.081408 1 
0 0.0829385 1 
0 0.0854321 1 
0 0.0878471 1 
0 0.0892736 1 
0 0.0911318 1 
0 0.0916 1 
0 0.0925055 1 
0 0.0929638 1 
0 0.0929639 1 
0 0.0938621 1 
0 0.0942944 1 
0 0.0942973 1 
0 0.0956227 1 
0 0.0977889 1 
0 0.0990695 1 
0 0.0990722 1 
0 0.101172 1 
0 0.101578 1 
0 0.102412 1 
0 0.102821 1 
0 0.104024 1 
0 0.104431 1 
0 0.104431 1 
0 0.104434 1 
0 0.104436 1 
0 0.111432 1 
0 0.112549 1 
0 0.113666 1 
0 0.114034 1 
0 0.1144 1 
0 0.115498 1 
0 0.11694 1 
0 0.121866 1 
0 0.122203 1 
0 0.122894 1 
0 0.130819 1 
0 0.131458 1 
0 0.149377 1 
0 0.158114 1 
0 0.160485 1 
0 0.161525 1 
0 0.162823 1 
0 0.170614 1 
0 0.179952 1 
0 0.180421 1 
0 0.181809 1 
0 0.182031 1 
0 0.190153 1 
0 0.192567 1 
0 0.2013 1 
0 0.203783 1 
0 0.20705 1 
0 0.208663 1 
0 0.213043 1 
0 0.214807 1 
0 0.215777 1 
0 0.221161 1 
0 0.221161 1 
0 0.222863 1 
0 0.22696 1 
0 0.243891 1 
0 0.252836 1 
0 0.259229 1 
0 0.261486 1 
0 0.26546 1 
0 0.285268 1 
0 0.320707 1 
0 0.332904 1 
0 0.341946 1 
0 0.364791 1 
0 0.372963 1 
0 0.374529 1 
0 0.375658 1 
0 0.380639 1 
0 0.388806 1 
0 0.393215 1 
0 0.400002 1 
0 0.409937 1 
0 0.441797 1 
0 0.522211 1 
0 0.536164 1 
0 0.546098 1 
0 0.549479 1 
0 0.764168 1 
0 1.14086 1 
0 1.62281 1 
0 2.3217 1 
0 2.34479 1 
0 2.9095 1 
0 3.01363 1 
0 4.24317 1 
0 4.64367 1 
0 4.74552 1 
0 5.04316 1 
0 inf 1 
0 0.0342736 2 
0 0.0354688 2 
0 0.0388579 2 
0 0.0419762 2 
0 0.0439286 2 
0 0.0457998 2 
0 0.0467033 2 
0 0.0467036 2 
0 0.0467049 2 
0 0.0501679 2 
0 0.0501681 2 
0 0.050997 2 
0 0.0534081 2 
0 0.0557179 2 
0 0.0564619 2 
0 0.0593592 2 
0 0.0593602 2 
0 0.064771 2 
0 0.0654155 2 
0 0.0679267 2 
0 0.0679324 2 
0 0.0679324 2 
0 0.0685464 2 
0 0.070953 2 
0 0.0721183 2 
0 0.0726993 2 
0 0.0744162 2 
0 0.0771773 2 
0 0.0771835 2 
0 0.0777248 2 
0 0.0777252 2 
0 0.0803695 2 
0 0.0819265 2 
0 0.0829382 2 
0 0.0829407 2 
0 0.0829418 2 
0 0.0868994 2 
0 0.0892683 2 
0 0.091595 2 
0 0.0920519 2 
0 0.0934091 2 
0 0.0934091 2 
0 0.0934091 2 
0 0.094744 2 
0 0.0965037 2 
0 0.0977912 2 
0 0.0982301 2 
0 0.101176 2 
0 0.10602 2 
0 0.106421 2 
0 0.108372 2 
0 0.112922 2 
0 0.114031 2 
0 0.114762 2 
0 0.114762 2 
0 0.116219 2 
0 0.11977 2 
0 0.131147 2 
0 0.141009 2 
0 0.141596 2 
0 0.146258 2 
0 0.150788 2 
0 0.151885 2 
0 0.161527 2 
0 0.175224 2 
0 0.177367 2 
0 0.186141 2 
0 0.186357 2 
0 0.188607 2 
0 0.188826 2 
0 0.193868 2 
0 0.198782 2 
0 0.206037 2 
0 0.208861 2 
0 0.214021 2 
0 0.226409 2 
0 0.240773 2 
0 0.248824 2 
0 0.248824 2 
0 0.25499 2 
0 0.255478 2 
0 0.257437 2 
0 0.259388 2 
0 0.260521 2 
0 0.262286 2 
0 0.274475 2 
0 0.277819 2 
0 0.291797 2 
0 0.29224 2 
0 0.295805 2 
0 0.309956 2 
0 0.312203 2 
0 0.312228 2 
0 0.313703 2 
0 0.315037 2 
0 0.329226 2 
0 0.331641 2 
0 0.331768 2 
0 0.350725 2 
0 0.356359 2 
0 0.35639 2 
0 0.378346 2 
0 0.398628 2 
0 0.398766 2 
0 0.4002 2 
0 0.410403 2 
0 0.442365 2 
0 0.442914 2 
0 0.450427 2 
0 0.453128 2 
0 0.460723 2 
0 0.602774 2 
0 0.764382 2 
0 0.984896 2 
0 1.31073 2 
0 1.9471 2 
0 1.95994 2 
0 2.17367 2 
0 2.18698 2 
0 3.2243 2 
0 3.48287 2 
0 3.66383 2 
0 3.81093 2 
0 3.8412 2 
0 3.87311 2 
0 3.88514 2 
0 3.97959 2 
0 inf 2 
0 0.0429631 3 
0 0.0457986 3 
0 0.0501687 3 
0 0.050171 3 
0 0.0564615 3 
0 0.0572004 3 
0 0.0600614 3 
0 0.0607589 3 
0 0.0654071 3 
0 0.065412 3 
0 0.0654124 3 
0 0.0654135 3 
0 0.0679269 3 
0 0.0697549 3 
0 0.0721225 3 
0 0.0738482 3 
0 0.0782631 3 
0 0.0787879 3 
0 0.0793217 3 
0 0.079847 3 
0 0.0814098 3 
0 0.0819217 3 
0 0.0829378 3 
0 0.0868994 3 
0 0.0873735 3 
0 0.0878596 3 
0 0.0888043 3 
0 0.0916 3 
0 0.096499 3 
0 0.0986469 3 
0 0.100751 3 
0 0.101988 3 
0 0.102815 3 
0 0.10444 3 
0 0.104831 3 
0 0.106028 3 
0 0.109533 3 
0 0.114404 3 
0 0.115496 3 
0 0.115864 3 
0 0.117651 3 
0 0.118364 3 
0 0.120121 3 
0 0.124913 3 
0 0.124919 3 
0 0.126583 3 
0 0.130825 3 
0 0.133676 3 
0 0.139216 3 
0 0.140114 3 
0 0.140117 3 
0 0.145113 3 
0 0.160222 3 
0 0.175467 3 
0 0.177133 3 
0 0.179686 3 
0 0.179722 3 
0 0.180188 3 
0 0.18181 3 
0 0.182961 3 
0 0.182961 3 
0 0.184565 3 
0 0.189708 3 
0 0.19104 3 
0 0.192565 3 
0 0.193215 3 
0 0.193651 3 
0 0.199631 3 
0 0.215196 3 
0 0.221534 3 
0 0.225839 3 
0 0.228964 3 
0 0.231351 3 
0 0.234239 3 
0 0.23867 3 
0 0.254982 3 
0 0.25939 3 
0 0.260517 3 
0 0.26084 3 
0 0.274014 3 
0 0.281271 3 
0 0.283194 3 
0 0.291693 3 
0 0.296372 3 
0 0.308587 3 
0 0.318095 3 
0 0.33616 3 
0 0.34058 3 
0 0.341437 3 
0 0.352143 3 
0 0.354263 3 
0 0.355592 3 
0 0.360081 3 
0 0.364251 3 
0 0.366431 3 
0 0.379638 3 
0 0.38809 3 
0 0.397439 3 
0 0.410263 3 
0 0.428762 3 
0 0.458692 3 
0 0.479702 3 
0 0.518288 3 
0 0.609278 3 
0 0.763009 3 
0 0.9681 3 
0 1.18802 3 
0 1.24116 3 
0 1.53873 3 
0 1.69443 3 
0 1.71216 3 
0 1.71627 3 
0 1.8005 3 
0 1.91633 3 
0 1.98596 3 
0 2.67623 3 
0 3.15116 3 
0 3.39964 3 
0 3.4152 3 
0 3.4156 3 
0 3.57783 3 
0 3.61234 3 
0 3.62524 3 
0 inf 3 
0 0.020481 4 
0 0.0377577 4 
0 0.0377647 4 
0 0.0388574 4 
0 0.0419762 4 
0 0.042963 4 
0 0.0429636 4 
0 0.0467058 4 
0 0.0501674 4 
0 0.0509968 4 
0 0.0541875 4 
0 0.0549538 4 
0 0.0564661 4 
0 0.0572001 4 
0 0.0634582 4 
0 0.064771 4 
0 0.0715342 4 
0 0.0766295 4 
0 0.0771835 4 
0 0.0771836 4 
0 0.0787973 4 
0 0.0849377 4 
0 0.0864153 4 
0 0.0892806 4 
0 0.0938543 4 
0 0.101583 4 
0 0.10403 4 
0 0.106029 4 
0 0.106029 4 
0 0.10643 4 
0 0.109146 4 
0 0.114397 4 
0 0.115493 4 
0 0.118005 4 
0 0.119778 4 
0 0.12185 4 
0 0.124576 4 
0 0.125249 4 
0 0.127902 4 
0 0.128552 4 
0 0.128884 4 
0 0.141008 4 
0 0.141307 4 
0 0.142779 4 
0 0.14337 4 
0 0.144244 4 
0 0.1491 4 
0 0.151336 4 
0 0.154088 4 
0 0.155171 4 
0 0.175948 4 
0 0.178083 4 
0 0.180883 4 
0 0.188157 4 
0 0.189273 4 
0 0.191691 4 
0 0.192998 4 
0 0.212254 4 
0 0.21539 4 
0 0.2221 4 
0 0.230658 4 
0 0.238147 4 
0 0.239551 4 
0 0.239551 4 
0 0.248473 4 
0 0.253828 4 
0 0.256948 4 
0 0.261004 4 
0 0.265305 4 
0 0.271399 4 
0 0.286736 4 
0 0.286891 4 
0 0.287013 4 
0 0.293978 4 
0 0.297067 4 
0 0.300842 4 
0 0.320349 4 
0 0.325356 4 
0 0.332681 4 
0 0.348394 4 
0 0.352228 4 
0 0.354224 4 
0 0.355951 4 
0 0.356617 4 
0 0.358965 4 
0 0.363414 4 
0 0.376598 4 
0 0.382418 4 
0 0.387686 4 
0 0.403959 4 
0 0.411208 4 
0 0.413807 4 
0 0.413954 4 
0 0.419844 4 
0 0.570823 4 
0 0.623636 4 
0 0.782175 4 
0 0.959088 4 
0 1.03832 4 
0 1.18232 4 
0 1.33992 4 
0 1.36816 4 
0 1.40187 4 
0 1.40214 4 
0 1.40262 4 
0 1.72107 4 
0 1.72195 4 
0 1.90001 4 
0 1.9878 4 
0 1.991 4 
0 1.99117 4 
0 2.27617 4 
0 2.6437 4 
0 3.02311 4 
0 3.24561 4 
0 3.24787 4 
0 3.33912 4 
0 3.34008 4 
0 3.34319 4 
0 inf 4 
0 0.0259084 5 
0 0.0259084 5 
0 0.0259084 5 
0 0.0303803 5 
0 0.0354748 5 
0 0.0366393 5 
0 0.0399243 5 
0 0.0457938 5 
0 0.0457972 5 
0 0.0509985 5 
0 0.0593611 5 
0 0.0607515 5 
0 0.0654085 5 
0 0.0654151 5 
0 0.0679305 5 
0 0.0691565 5 
0 0.0697526 5 
0 0.0727028 5 
0 0.0744064 5 
0 0.0760815 5 
0 0.0766284 5 
0 0.0766358 5 
0 0.0777244 5 
0 0.0849426 5 
0 0.0854339 5 
0 0.0859284 5 
0 0.0868857 5 
0 0.0892756 5 
0 0.0906698 5 
0 0.109528 5 
0 0.110676 5 
0 0.120469 5 
0 0.1305 5 
0 0.137086 5 
0 0.138001 5 
0 0.143368 5 
0 0.143955 5 
0 0.145978 5 
0 0.147406 5 
0 0.149389 5 
0 0.149662 5 
0 0.150501 5 
0 0.154083 5 
0 0.156245 5 
0 0.159177 5 
0 0.159697 5 
0 0.162302 5 
0 0.165628 5 
0 0.173303 5 
0 0.174268 5 
0 0.175705 5 
0 0.180183 5 
0 0.18065 5 
0 0.183871 5 
0 0.183874 5 
0 0.190814 5 
0 0.199204 5 
0 0.205417 5 
0 0.206852 5 
0 0.208259 5 
0 0.20846 5 
0 0.239373 5 
0 0.255458 5 
0 0.263253 5 
0 0.263558 5 
0 0.278897 5 
0 0.296948 5 
0 0.297372 5 
0 0.298077 5 
0 0.300309 5 
0 0.300461 5 
0 0.303101 5 
0 0.306951 5 
0 0.325852 5 
0 0.327961 5 
0 0.334033 5 
0 0.34062 5 
0 0.363831 5 
0 0.368429 5 
0 0.37507 5 
0 0.380069 5 
0 0.395641 5 
0 0.398167 5 
0 0.434827 5 
0 0.440957 5 
0 0.456383 5 
0 0.625643 5 
0 0.705804 5 
0 0.798416 5 
0 0.997763 5 
0 1.00162 5 
0 1.03196 5 
0 1.14524 5 
0 1.15254 5 
0 1.15374 5 
0 1.15559 5 
0 1.16192 5 
0 1.16484 5 
0 1.198 5 
0 1.2008 5 
0 1.20926 5 
0 1.42455 5 
0 1.71211 5 
0 1.85924 5 
0 1.85924 5 
0 1.85933 5 
0 1.86024 5 
0 1.89138 5 
0 2.10316 5 
0 2.26875 5 
0 2.2954 5 
0 2.2971 5 
0 2.30181 5 
0 2.5083 5 
0 2.56815 5 
0 inf 5 
0 0.050999 6 
0 0.0534105 6 
0 0.0571968 6 
0 0.0579292 6 
0 0.0673084 6 
0 0.0691485 6 
0 0.0715407 6 
0 0.0732713 6 
0 0.0766381 6 
0 0.0787903 6 
0 0.0787944 6 
0 0.0911318 6 
0 0.0925055 6 
0 0.0934003 6 
0 0.0951838 6 
0 0.0951843 6 
0 0.099075 6 
0 0.100738 6 
0 0.101582 6 
0 0.104433 6 
0 0.106421 6 
0 0.106423 6 
0 0.107984 6 
0 0.112182 6 
0 0.113298 6 
0 0.115494 6 
0 0.115501 6 
0 0.116215 6 
0 0.11942 6 
0 0.124239 6 
0 0.126588 6 
0 0.128885 6 
0 0.129208 6 
0 0.129212 6 
0 0.131141 6 
0 0.131143 6 
0 0.13399 6 
0 0.13399 6 
0 0.135842 6 
0 0.141303 6 
0 0.143057 6 
0 0.143076 6 
0 0.144225 6 
0 0.150778 6 
0 0.152165 6 
0 0.154083 6 
0 0.1549 6 
0 0.161274 6 
0 0.167897 6 
0 0.179021 6 
0 0.205631 6 
0 0.210467 6 
0 0.220999 6 
0 0.228617 6 
0 0.232079 6 
0 0.233162 6 
0 0.237969 6 
0 0.256279 6 
0 0.265925 6 
0 0.281997 6 
0 0.289048 6 
0 0.300161 6 
0 0.306385 6 
0 0.312612 6 
0 0.317073 6 
0 0.322786 6 
0 0.344953 6 
0 0.350813 6 
0 0.355797 6 
0 0.357045 6 
0 0.369968 6 
0 0.370855 6 
0 0.380377 6 
0 0.384972 6 
0 0.411868 6 
0 0.421533 6 
0 0.431368 6 
0 0.480324 6 
0 0.672945 6 
0 0.696438 6 
0 0.774739 6 
0 0.808596 6 
0 0.832974 6 
0 0.834735 6 
0 0.847331 6 
0 0.87478 6 
0 0.943298 6 
0 0.986569 6 
0 1.01143 6 
0 1.0135 6 
0 1.01491 6 
0 1.01643 6 
0 1.04038 6 
0 1.18777 6 
0 1.22111 6 
0 1.22984 6 
0 1.27752 6 
0 1.30791 6 
0 1.32784 6 
0 1.38812 6 
0 1.38885 6 
0 1.39944 6 
0 1.67862 6 
0 1.68019 6 
0 1.69895 6 
0 1.72866 6 
0 1.72888 6 
0 1.73 6 
0 1.73203 6 
0 1.76023 6 
0 2.04636 6 
0 inf 6 
0 0.0388555 7 
0 0.0429626 7 
0 0.0467059 7 
0 0.0509954 7 
0 0.0679256 7 
0 0.0679315 7 
0 0.0697522 7 
0 0.0721253 7 
0 0.0727015 7 
0 0.0892797 7 
0 0.0920535 7 
0 0.094745 7 
0 0.0960671 7 
0 0.100756 7 
0 0.101173 7 
0 0.114772 7 
0 0.116574 7 
0 0.117658 7 
0 0.119072 7 
0 0.12185 7 
0 0.122202 7 
0 0.12323 7 
0 0.132722 7 
0 0.135857 7 
0 0.143071 7 
0 0.144828 7 
0 0.151619 7 
0 0.152165 7 
0 0.159702 7 
0 0.163078 7 
0 0.169135 7 
0 0.16963 7 
0 0.177342 7 
0 0.179009 7 
0 0.18088 7 
0 0.182241 7 
0 0.185236 7 
0 0.187938 7 
0 0.189711 7 
0 0.192998 7 
0 0.199386 7 
0 0.199597 7 
0 0.201083 7 
0 0.215589 7 
0 0.215782 7 
0 0.215783 7 
0 0.221515 7 
0 0.223046 7 
0 0.223797 7 
0 0.227309 7 
0 0.23244 7 
0 0.232615 7 
0 0.253496 7 
0 0.264226 7 
0 0.301022 7 
0 0.301022 7 
0 0.306008 7 
0 0.313056 7 
0 0.316613 7 
0 0.321386 7 
0 0.330766 7 
0 0.342177 7 
0 0.349738 7 
0 0.362687 7 
0 0.384241 7 
0 0.390737 7 
0 0.399229 7 
0 0.404762 7 
0 0.411746 7 
0 0.416607 7 
0 0.630391 7 
0 0.657371 7 
0 0.755252 7 
0 0.763559 7 
0 0.799101 7 
0 0.812096 7 
0 0.815828 7 
0 0.819778 7 
0 0.825161 7 
0 0.85654 7 
0 0.865202 7 
0 0.880781 7 
0 0.927456 7 
0 0.970389 7 
0 1.0018 7 
0 1.00881 7 
0 1.01358 7 
0 1.01429 7 
0 1.01461 7 
0 1.02335 7 
0 1.03599 7 
0 1.09247 7 
0 1.11125 7 
0 1.12056 7 
0 1.20042 7 
0 1.21354 7 
0 1.2218 7 
0 1.22438 7 
0 1.23052 7 
0 1.27921 7 
0 1.46335 7 
0 1.61631 7 
0 1.70523 7 
0 1.70659 7 
0 1.70917 7 
0 1.711 7 
0 1.7413 7 
0 inf 7 
0 0.0534098 8 
0 0.0534098 8 
0 0.0541892 8 
0 0.0564655 8 
0 0.0673097 8 
0 0.0679213 8 
0 0.0715342 8 
0 0.0777218 8 
0 0.083445 8 
0 0.0929521 8 
0 0.0977992 8 
0 0.102407 8 
0 0.107596 8 
0 0.108371 8 
0 0.111806 8 
0 0.112547 8 
0 0.117658 8 
0 0.127249 8 
0 0.136153 8 
0 0.137698 8 
0 0.141599 8 
0 0.149388 8 
0 0.150227 8 
0 0.15272 8 
0 0.163067 8 
0 0.165123 8 
0 0.172089 8 
0 0.17233 8 
0 0.180418 8 
0 0.190131 8 
0 0.192106 8 
0 0.199417 8 
0 0.213033 8 
0 0.21598 8 
0 0.216939 8 
0 0.217528 8 
0 0.219859 8 
0 0.222108 8 
0 0.225829 8 
0 0.226221 8 
0 0.227699 8 
0 0.232442 8 
0 0.236406 8 
0 0.237998 8 
0 0.239197 8 
0 0.245444 8 
0 0.252326 8 
0 0.253652 8 
0 0.258418 8 
0 0.260182 8 
0 0.263082 8 
0 0.282174 8 
0 0.282174 8 
0 0.314105 8 
0 0.3182 8 
0 0.337276 8 
0 0.369072 8 
0 0.385961 8 
0 0.40047 8 
0 0.407271 8 
0 0.412184 8 
0 0.477531 8 
0 0.525279 8 
0 0.558494 8 
0 0.566764 8 
0 0.619541 8 
0 0.653801 8 
0 0.678673 8 
0 0.692639 8 
0 0.734015 8 
0 0.734187 8 
0 0.735591 8 
0 0.736753 8 
0 0.78314 8 
0 0.792299 8 
0 0.806104 8 
0 0.814387 8 
0 0.854307 8 
0 0.858207 8 
0 0.866002 8 
0 0.870948 8 
0 0.881842 8 
0 0.882018 8 
0 0.891256 8 
0 0.961562 8 
0 0.971006 8 
0 0.975026 8 
0 0.976037 8 
0 0.981454 8 
0 0.981497 8 
0 0.991659 8 
0 1.00726 8 
0 1.01739 8 
0 1.01965 8 
0 1.02695 8 
0 1.0284 8 
0 1.05031 8 
0 1.05287 8 
0 1.70294 8 
0 1.70302 8 
0 1.70818 8 
0 1.71331 8 
0 1.71553 8 
0 inf 8 
0 0.0354737 9 
0 0.0399244 9 
0 0.0647676 9 
0 0.0697589 9 
0 0.0703558 9 
0 0.0749739 9 
0 0.0755353 9 
0 0.0829438 9 
0 0.106424 9 
0 0.109141 9 
0 0.115489 9 
0 0.117292 9 
0 0.119423 9 
0 0.122205 9 
0 0.127896 9 
0 0.132722 9 
0 0.134924 9 
0 0.151344 9 
0 0.167364 9 
0 0.173541 9 
0 0.176156 9 
0 0.18364 9 
0 0.185009 9 
0 0.189044 9 
0 0.190151 9 
0 0.194516 9 
0 0.196237 9 
0 0.196425 9 
0 0.199412 9 
0 0.200437 9 
0 0.209467 9 
0 0.213623 9 
0 0.225287 9 
0 0.23024 9 
0 0.230609 9 
0 0.236553 9 
0 0.242712 9 
0 0.243353 9 
0 0.245769 9 
0 0.264511 9 
0 0.277516 9 
0 0.289961 9 
0 0.292979 9 
0 0.298347 9 
0 0.29992 9 
0 0.30034 9 
0 0.320732 9 
0 0.329109 9 
0 0.330874 9 
0 0.337775 9 
0 0.344053 9 
0 0.351727 9 
0 0.372838 9 
0 0.372838 9 
0 0.378274 9 
0 0.39119 9 
0 0.49629 9 
0 0.565968 9 
0 0.570452 9 
0 0.579155 9 
0 0.609545 9 
0 0.672171 9 
0 0.680137 9 
0 0.693258 9 
0 0.696878 9 
0 0.725738 9 
0 0.736068 9 
0 0.766847 9 
0 0.766847 9 
0 0.768031 9 
0 0.772896 9 
0 0.810409 9 
0 0.81065 9 
0 0.81129 9 
0 0.829727 9 
0 0.834763 9 
0 0.834839 9 
0 0.845276 9 
0 0.895398 9 
0 0.896569 9 
0 0.988609 9 
0 0.989875 9 
0 0.99178 9 
0 0.993421 9 
0 0.993421 9 
0 0.994236 9 
0 0.995496 9 
0 0.996931 9 
0 1.00664 9 
0 1.00697 9 
0 1.03833 9 
0 1.03845 9 
0 1.21283 9 
0 1.21286 9 
0 1.69507 9 
0 1.70137 9 
0 1.70373 9 
0 1.73328 9 
0 1.7334 9 
0 inf 9 
0 0.0593546 10 
0 0.0685352 10 
0 0.0732756 10 
0 0.0777246 10 
0 0.0803696 10 
0 0.0809035 10 
0 0.0873808 10 
0 0.0925115 10 
0 0.102402 10 
0 0.109136 10 
0 0.112174 10 
0 0.120814 10 
0 0.13114 10 
0 0.133689 10 
0 0.134302 10 
0 0.135854 10 
0 0.154062 10 
0 0.161002 10 
0 0.163076 10 
0 0.16586 10 
0 0.167384 10 
0 0.184776 10 
0 0.186593 10 
0 0.201921 10 
0 0.219283 10 
0 0.223426 10 
0 0.225827 10 
0 0.230475 10 
0 0.231202 10 
0 0.236546 10 
0 0.248826 10 
0 0.250016 10 
0 0.269233 10 
0 0.271045 10 
0 0.271695 10 
0 0.273892 10 
0 0.274044 10 
0 0.295093 10 
0 0.321494 10 
0 0.325514 10 
0 0.330619 10 
0 0.33303 10 
0 0.342347 10 
0 0.342949 10 
0 0.348415 10 
0 0.369332 10 
0 0.380487 10 
0 0.381843 10 
0 0.38802 10 
0 0.445992 10 
0 0.450485 10 
0 0.49316 10 
0 0.556684 10 
0 0.595208 10 
0 0.608582 10 
0 0.609134 10 
0 0.612431 10 
0 0.6326 10 
0 0.643122 10 
0 0.666992 10 
0 0.692414 10 
0 0.763775 10 
0 0.781194 10 
0 0.784899 10 
0 0.786607 10 
0 0.795838 10 
0 0.825822 10 
0 0.835518 10 
0 0.865947 10 
0 0.902072 10 
0 0.902444 10 
0 0.940366 10 
0 0.945832 10 
0 0.947073 10 
0 0.959788 10 
0 0.960836 10 
0 0.973763 10 
0 0.973978 10 
0 0.975269 10 
0 1.03051 10 
0 1.03061 10 
0 1.03872 10 
0 1.04211 10 
0 1.04725 10 
0 1.04773 10 
0 1.07199 10 
0 1.16966 10 
0 1.17538 10 
0 1.33351 10 
0 1.34329 10 
0 1.6993 10 
0 1.69932 10 
0 1.7117 10 
0 1.71309 10 
0 1.71627 10 
0 inf 10 
0 0.0906709 11 
0 0.0925037 11 
0 0.100338 11 
0 0.106021 11 
0 0.113282 11 
0 0.129842 11 
0 0.135854 11 
0 0.137668 11 
0 0.140384 11 
0 0.144534 11 
0 0.154087 11 
0 0.176399 11 
0 0.179927 11 
0 0.179956 11 
0 0.181115 11 
0 0.187264 11 
0 0.194084 11 
0 0.19474 11 
0 0.219628 11 
0 0.22696 11 
0 0.232971 11 
0 0.249681 11 
0 0.255492 11 
0 0.257631 11 
0 0.262927 11 
0 0.2642 11 
0 0.264672 11 
0 0.274011 11 
0 0.281248 11 
0 0.28249 11 
0 0.293961 11 
0 0.307354 11 
0 0.309689 11 
0 0.316629 11 
0 0.32618 11 
0 0.332296 11 
0 0.33343 11 
0 0.337159 11 
0 0.345634 11 
0 0.34624 11 
0 0.352959 11 
0 0.358109 11 
0 0.364534 11 
0 0.366376 11 
0 0.367018 11 
0 0.379197 11 
0 0.482812 11 
0 0.484634 11 
0 0.494197 11 
0 0.519194 11 
0 0.519195 11 
0 0.55894 11 
0 0.592878 11 
0 0.613465 11 
0 0.625199 11 
0 0.628266 11 
0 0.629119 11 
0 0.629119 11 
0 0.630518 11 
0 0.639969 11 
0 0.682794 11 
0 0.686715 11 
0 0.711657 11 
0 0.714072 11 
0 0.762949 11 
0 0.769633 11 
0 0.783408 11 
0 0.860959 11 
0 0.863294 11 
0 0.863294 11 
0 0.947869 11 
0 0.948267 11 
0 0.950963 11 
0 0.952019 11 
0 0.95202 11 
0 0.982864 11 
0 0.991659 11 
0 1.01776 11 
0 1.0212 11 
0 1.02662 11 
0 1.02773 11 
0 1.02903 11 
0 1.05468 11 
0 1.05468 11 
0 1.05494 11 
0 1.05748 11 
0 1.71213 11 
0 1.7128 11 
0 1.72322 11 
0 1.72358 11 
0 1.73827 11 
0 inf 11 
0 0.0863899 12 
0 0.08785 12 
0 0.0888071 12 
0 0.119777 12 
0 0.137388 12 
0 0.137392 12 
0 0.147969 12 
0 0.196213 12 
0 0.201506 12 
0 0.216348 12 
0 0.216936 12 
0 0.218872 12 
0 0.229366 12 
0 0.230993 12 
0 0.232058 12 
0 0.23334 12 
0 0.235857 12 
0 0.237118 12 
0 0.251491 12 
0 0.251842 12 
0 0.257115 12 
0 0.257282 12 
0 0.265179 12 
0 0.272175 12 
0 0.273892 12 
0 0.278568 12 
0 0.278573 12 
0 0.284825 12 
0 0.289069 12 
0 0.29253 12 
0 0.300153 12 
0 0.302678 12 
0 0.304337 12 
0 0.305696 12 
0 0.309259 12 
0 0.350813 12 
0 0.350813 12 
0 0.359668 12 
0 0.359668 12 
0 0.362803 12 
0 0.374521 12 
0 0.396928 12 
0 0.434171 12 
0 0.441358 12 
0 0.442782 12 
0 0.453732 12 
0 0.511117 12 
0 0.53108 12 
0 0.54359 12 
0 0.5929 12 
0 0.610674 12 
0 0.61483 12 
0 0.614953 12 
0 0.643549 12 
0 0.669793 12 
0 0.686628 12 
0 0.687105 12 
0 0.691487 12 
0 0.694797 12 
0 0.701915 12 
0 0.721565 12 
0 0.722816 12 
0 0.750794 12 
0 0.792141 12 
0 0.805114 12 
0 0.805895 12 
0 0.841286 12 
0 0.843675 12 
0 0.880604 12 
0 0.885102 12 
0 0.889262 12 
0 0.913692 12 
0 0.978237 12 
0 0.978237 12 
0 0.982906 12 
0 0.983973 12 
0 0.99595 12 
0 1.00463 12 
0 1.00644 12 
0 1.00711 12 
0 1.00773 12 
0 1.02645 12 
0 1.69537 12 
0 1.6966 12 
0 1.69673 12 
0 1.69697 12 
0 1.6971 12 
0 inf 12 
0 0.0501423 13 
0 0.082944 13 
0 0.0960505 13 
0 0.113671 13 
0 0.131432 13 
0 0.136777 13 
0 0.180813 13 
0 0.189248 13 
0 0.192778 13 
0 0.194948 13 
0 0.198982 13 
0 0.200051 13 
0 0.20213 13 
0 0.203971 13 
0 0.204187 13 
0 0.211858 13 
0 0.211858 13 
0 0.211858 13 
0 0.213233 13 
0 0.213631 13 
0 0.220208 13 
0 0.221917 13 
0 0.22662 13 
0 0.244212 13 
0 0.253832 13 
0 0.296087 13 
0 0.30381 13 
0 0.317027 13 
0 0.317688 13 
0 0.339041 13 
0 0.360366 13 
0 0.368085 13 
0 0.381626 13 
0 0.399565 13 
0 0.402336 13 
0 0.430019 13 
0 0.433904 13 
0 0.436315 13 
0 0.438698 13 
0 0.444774 13 
0 0.535645 13 
0 0.547651 13 
0 0.554099 13 
0 0.582108 13 
0 0.58919 13 
0 0.60082 13 
0 0.607692 13 
0 0.62612 13 
0 0.626723 13 
0 0.637342 13 
0 0.667198 13 
0 0.683104 13 
0 0.716395 13 
0 0.745806 13 
0 0.747211 13 
0 0.760364 13 
0 0.764107 13 
0 0.765423 13 
0 0.773167 13 
0 0.777063 13 
0 0.777172 13 
0 0.777334 13 
0 0.783188 13 
0 0.783616 13 
0 0.784419 13 
0 0.785921 13 
0 0.828327 13 
0 0.867121 13 
0 0.9453 13 
0 0.94601 13 
0 0.980727 13 
0 0.98077 13 
0 0.980897 13 
0 0.981111 13 
0 0.981282 13 
0 1.00049 13 
0 1.00717 13 
0 1.00784 13 
0 1.69524 13 
0 1.69636 13 
0 1.70919 13 
0 1.70937 13 
0 1.70937 13 
0 inf 13 
0 0.0776993 14 
0 0.1597 14 
0 0.165632 14 
0 0.187909 14 
0 0.206035 14 
0 0.211464 14 
0 0.219257 14 
0 0.220588 14 
0 0.224527 14 
0 0.224528 14 
0 0.225296 14 
0 0.229569 14 
0 0.232782 14 
0 0.233703 14 
0 0.235845 14 
0 0.242852 14 
0 0.246999 14 
0 0.247138 14 
0 0.254972 14 
0 0.256955 14 
0 0.260392 14 
0 0.260655 14 
0 0.260828 14 
0 0.26151 14 
0 0.26499 14 
0 0.26578 14 
0 0.267197 14 
0 0.272175 14 
0 0.286001 14 
0 0.304067 14 
0 0.328962 14 
0 0.36956 14 
0 0.380413 14 
0 0.386782 14 
0 0.386782 14 
0 0.411519 14 
0 0.415015 14 
0 0.416132 14 
0 0.432731 14 
0 0.44317 14 
0 0.443454 14 
0 0.566116 14 
0 0.584841 14 
0 0.607905 14 
0 0.619799 14 
0 0.628393 14 
0 0.637933 14 
0 0.651981 14 
0 0.652947 14 
0 0.728506 14 
0 0.736404 14 
0 0.786075 14 
0 0.786288 14 
0 0.795048 14 
0 0.800039 14 
0 0.928641 14 
0 0.944856 14 
0 0.949285 14 
0 0.952065 14 
0 0.952284 14 
0 0.952945 14 
0 0.955361 14 
0 0.955492 14 
0 1.0084 14 
0 1.01425 14 
0 1.02952 14 
0 1.03489 14 
0 1.15486 14 
0 1.1707 14 
0 1.17081 14 
0 1.17396 14 
0 1.24971 14 
0 1.26535 14 
0 1.26836 14 
0 1.69574 14 
0 1.70206 14 
0 1.7331 14 
0 1.73346 14 
0 1.73375 14 
0 inf 14 
0 0.0399252 15 
0 0.0982236 15 
0 0.134273 15 
0 0.135207 15 
0 0.143946 15 
0 0.178551 15 
0 0.189248 15 
0 0.194946 15 
0 0.196868 15 
0 0.199604 15 
0 0.20213 15 
0 0.204381 15 
0 0.209848 15 
0 0.221719 15 
0 0.223021 15 
0 0.237797 15 
0 0.243952 15 
0 0.252176 15 
0 0.252505 15 
0 0.25254 15 
0 0.25254 15 
0 0.260855 15 
0 0.288351 15 
0 0.293542 15 
0 0.305986 15 
0 0.306397 15 
0 0.311151 15 
0 0.318234 15 
0 0.329253 15 
0 0.329739 15 
0 0.333683 15 
0 0.336653 15 
0 0.336665 15 
0 0.366008 15 
0 0.369784 15 
0 0.371143 15 
0 0.374856 15 
0 0.409921 15 
0 0.410738 15 
0 0.410844 15 
0 0.47576 15 
0 0.585491 15 
0 0.596475 15 
0 0.599352 15 
0 0.600192 15 
0 0.600401 15 
0 0.614288 15 
0 0.641155 15 
0 0.661122 15 
0 0.725045 15 
0 0.78634 15 
0 0.787573 15 
0 0.790331 15 
0 0.796727 15 
0 0.939604 15 
0 0.940452 15 
0 0.942635 15 
0 0.961623 15 
0 0.961797 15 
0 0.961971 15 
0 0.965584 15 
0 0.984228 15 
0 1.03605 15 
0 1.03702 15 
0 1.03763 15 
0 1.15477 15 
0 1.16464 15 
0 1.16643 15 
0 1.16772 15 
0 1.16809 15 
0 1.16876 15 
0 1.69729 15 
0 1.69799 15 
0 1.69939 15 
0 1.69939 15 
0 inf 15 
0 0.116582 16 
0 0.140708 16 
0 0.145391 16 
0 0.155144 16 
0 0.155953 16 
0 0.155953 16 
0 0.175228 16 
0 0.179228 16 
0 0.179261 16 
0 0.179495 16 
0 0.190128 16 
0 0.192557 16 
0 0.193643 16 
0 0.199395 16 
0 0.234252 16 
0 0.235859 16 
0 0.237983 16 
0 0.240611 16 
0 0.25287 16 
0 0.258049 16 
0 0.26228 16 
0 0.267648 16 
0 0.268764 16 
0 0.273231 16 
0 0.28363 16 
0 0.288215 16 
0 0.33428 16 
0 0.339664 16 
0 0.341512 16 
0 0.342125 16 
0 0.352478 16 
0 0.354816 16 
0 0.402924 16 
0 0.424897 16 
0 0.43107 16 
0 0.450486 16 
0 0.61701 16 
0 0.61701 16 
0 0.633382 16 
0 0.633977 16 
0 0.636618 16 
0 0.645214 16 
0 0.657118 16 
0 0.658061 16 
0 0.667114 16 
0 0.73144 16 
0 0.778815 16 
0 0.779514 16 
0 0.784639 16 
0 0.79651 16 
0 0.798611 16 
0 0.810493 16 
0 0.811186 16 
0 0.811599 16 
0 0.815313 16 
0 0.823438 16 
0 0.82562 16 
0 0.829674 16 
0 0.836473 16 
0 0.948975 16 
0 0.949859 16 
0 0.951403 16 
0 0.953517 16 
0 0.992378 16 
0 0.993982 16 
0 0.994024 16 
0 0.997816 16 
0 1.69868 16 
0 1.71012 16 
0 1.71049 16 
0 1.71061 16 
0 inf 16 
0 0.0600636 17 
0 0.0859268 17 
0 0.0911444 17 
0 0.133979 17 
0 0.144541 17 
0 0.153818 17 
0 0.170383 17 
0 0.17474 17 
0 0.175459 17 
0 0.184092 17 
0 0.204993 17 
0 0.212454 17 
0 0.22023 17 
0 0.234411 17 
0 0.23459 17 
0 0.246297 17 
0 0.248332 17 
0 0.249862 17 
0 0.253681 17 
0 0.254469 17 
0 0.255995 17 
0 0.256488 17 
0 0.289921 17 
0 0.290644 17 
0 0.319674 17 
0 0.328544 17 
0 0.332603 17 
0 0.338175 17 
0 0.341139 17 
0 0.341565 17 
0 0.382244 17 
0 0.490083 17 
0 0.492133 17 
0 0.500248 17 
0 0.537912 17 
0 0.5504 17 
0 0.570094 17 
0 0.631469 17 
0 0.632067 17 
0 0.632067 17 
0 0.637618 17 
0 0.725565 17 
0 0.741576 17 
0 0.742085 17 
0 0.770231 17 
0 0.772407 17 
0 0.786956 17 
0 0.787786 17 
0 0.787892 17 
0 0.796628 17 
0 0.823382 17 
0 0.827597 17 
0 0.84956 17 
0 0.849708 17 
0 0.85414 17 
0 0.959701 17 
0 0.960226 17 
0 0.960357 17 
0 0.961098 17 
0 0.981668 17 
0 0.982565 17 
0 0.989965 17 
0 0.990431 17 
0 1.70504 17 
0 1.70563 17 
0 1.71152 17 
0 1.71211 17 
0 inf 17 
0 0.0777059 18 
0 0.0938378 18 
0 0.105219 18 
0 0.159412 18 
0 0.182964 18 
0 0.186816 18 
0 0.193874 18 
0 0.195578 18 
0 0.198761 18 
0 0.205018 18 
0 0.212636 18 
0 0.21539 18 
0 0.217726 18 
0 0.239443 18 
0 0.245669 18 
0 0.249331 18 
0 0.251675 18 
0 0.265448 18 
0 0.270224 18 
0 0.299193 18 
0 0.299333 18 
0 0.325899 18 
0 0.331886 18 
0 0.333902 18 
0 0.337899 18 
0 0.342711 18 
0 0.35177 18 
0 0.358228 18 
0 0.358382 18 
0 0.362587 18 
0 0.3675 18 
0 0.368046 18 
0 0.370031 18 
0 0.525942 18 
0 0.601232 18 
0 0.602347 18 
0 0.607892 18 
0 0.610989 18 
0 0.788318 18 
0 0.790158 18 
0 0.796101 18 
0 0.801491 18 
0 0.810616 18 
0 0.811703 18 
0 0.811961 18 
0 0.819349 18 
0 0.823248 18 
0 0.825821 18 
0 0.835215 18 
0 0.843163 18 
0 0.979566 18 
0 0.986527 18 
0 0.990134 18 
0 0.990939 18 
0 0.990981 18 
0 0.993598 18 
0 0.993598 18 
0 0.993724 18 
0 1.16894 18 
0 1.69722 18 
0 1.69732 18 
0 1.69791 18 
0 1.72439 18 
0 inf 18 
0 0.0994797 19 
0 0.0999133 19 
0 0.100737 19 
0 0.133982 19 
0 0.148537 19 
0 0.149382 19 
0 0.174508 19 
0 0.180882 19 
0 0.185013 19 
0 0.185015 19 
0 0.185435 19 
0 0.190156 19 
0 0.196449 19 
0 0.19815 19 
0 0.204814 19 
0 0.214407 19 
0 0.246791 19 
0 0.251704 19 
0 0.267223 19 
0 0.274655 19 
0 0.278265 19 
0 0.279919 19 
0 0.28304 19 
0 0.2835 19 
0 0.284667 19 
0 0.287008 19 
0 0.296222 19 
0 0.357406 19 
0 0.357523 19 
0 0.366138 19 
0 0.36614 19 
0 0.367055 19 
0 0.382831 19 
0 0.663658 19 
0 0.674255 19 
0 0.674503 19 
0 0.77992 19 
0 0.7848 19 
0 0.81129 19 
0 0.85396 19 
0 0.854157 19 
0 0.883397 19 
0 0.914412 19 
0 0.953382 19 
0 0.961792 19 
0 0.971513 19 
0 0.98757 19 
0 0.990483 19 
0 1.00535 19 
0 1.01222 19 
0 1.01226 19 
0 1.02626 19 
0 1.02761 19 
0 1.07496 19 
0 1.07636 19 
0 1.1775 19 
0 1.70501 19 
0 1.70659 19 
0 1.70796 19 
0 inf 19 
0 0.0854265 20 
0 0.0854358 20 
0 0.0887982 20 
0 0.0897465 20 
0 0.0994899 20 
0 0.110667 20 
0 0.116574 20 
0 0.124246 20 
0 0.151061 20 
0 0.155167 20 
0 0.175945 20 
0 0.194274 20 
0 0.195158 20 
0 0.214056 20 
0 0.214056 20 
0 0.218077 20 
0 0.219802 20 
0 0.220807 20 
0 0.228804 20 
0 0.25034 20 
0 0.277517 20 
0 0.293243 20 
0 0.297636 20 
0 0.29862 20 
0 0.315563 20 
0 0.321734 20 
0 0.327055 20 
0 0.331639 20 
0 0.339515 20 
0 0.343645 20 
0 0.346562 20 
0 0.352128 20 
0 0.359316 20 
0 0.361063 20 
0 0.361412 20 
0 0.393638 20 
0 0.602139 20 
0 0.602974 20 
0 0.76537 20 
0 0.793727 20 
0 0.941792 20 
0 0.952729 20 
0 0.97428 20 
0 0.977032 20 
0 1.00138 20 
0 1.02479 20 
0 1.02545 20 
0 1.03257 20 
0 1.03354 20 
0 1.07667 20 
0 1.07714 20 
0 1.71769 20 
0 1.71776 20 
0 2.12959 20 
0 3.14145 20 
0 inf 20 
