0 0.0148525 1 
0 0.0155134 1 
0 0.0155134 1 
0 0.0179075 1 
0 0.01791 1 
0 0.019521 1 
0 0.0200307 1 
0 0.0210045 1 
0 0.0214749 1 
0 0.0219433 1 
0 0.0219433 1 
0 0.0224 1 
0 0.0228318 1 
0 0.0228436 1 
0 0.0236908 1 
0 0.0261175 1 
0 0.0268783 1 
0 0.0276133 1 
0 0.0276141 1 
0 0.030373 1 
0 0.0313514 1 
0 0.0316657 1 
0 0.0316685 1 
0 0.0329171 1 
0 0.0341016 1 
0 0.0352679 1 
0 0.0361102 1 
0 0.0366618 1 
0 0.0369236 1 
0 0.0372137 1 
0 0.0377378 1 
0 0.037742 1 
0 0.0380058 1 
0 0.0382619 1 
0 0.0398112 1 
0 0.0405532 1 
0 0.040556 1 
0 0.0408147 1 
0 0.0431942 1 
0 0.0436543 1 
0 0.0441127 1 
0 0.044338 1 
0 0.044564 1 
0 0.0458946 1 
0 0.0469771 1 
0 0.0480305 1 
0 0.0480329 1 
0 0.0488582 1 
0 0.0492672 1 
0 0.04947 1 
0 0.0518469 1 
0 0.0518477 1 
0 0.0528074 1 
0 0.0531816 1 
0 0.0533753 1 
0 0.0546715 1 
0 0.0548536 1 
0 0.0559344 1 
0 0.0562976 1 
0 0.0571821 1 
0 0.0582246 1 
0 0.0582248 1 
0 0.0583966 1 
0 0.059587 1 
0 0.0597557 1 
0 0.0609189 1 
0 0.0623791 1 
0 0.0623791 1 
0 0.0634971 1 
0 0.065519 1 
0 0.0655193 1 
0 0.0659757 1 
0 0.0667366 1 
0 0.0670291 1 
0 0.0680743 1 
0 0.0686601 1 
0 0.0699671 1 
0 0.0705257 1 
0 0.0705346 1 
0 0.072078 1 
0 0.072368 1 
0 0.0859203 1 
0 0.0868492 1 
0 0.0899105 1 
0 0.102724 1 
0 0.105417 1 
0 0.107583 1 
0 0.143043 1 
0 0.145127 1 
0 0.154765 1 
0 0.156694 1 
0 0.160552 1 
0 0.162228 1 
0 0.165411 1 
0 0.166018 1 
0 0.170429 1 
0 0.178315 1 
0 0.179656 1 
0 0.189382 1 
0 0.220601 1 
0 0.290848 1 
0 0.307931 1 
0 0.36237 1 
0 0.460104 1 
0 0.462184 1 
0 0.517733 1 
0 0.557587 1 
0 0.638356 1 
0 0.668373 1 
0 0.683439 1 
0 0.707275 1 
0 0.741654 1 
0 0.745613 1 
0 0.803281 1 
0 0.804923 1 
0 0.914338 1 
0 0.999726 1 
0 1.06557 1 
0 1.11895 1 
0 1.22003 1 
0 1.23738 1 
0 1.43039 1 
0 1.46583 1 
0 1.79279 1 
0 2.40053 1 
0 2.51311 1 
0 2.52157 1 
0 3.11868 1 
0 3.69966 1 
0 3.75203 1 
0 3.77721 1 
0 inf 1 
0 0.0126713 2 
0 0.0126713 2 
0 0.0134333 2 
0 0.0134333 2 
0 0.0167573 2 
0 0.0200307 2 
0 0.022392 2 
0 0.0228358 2 
0 0.0241181 2 
0 0.0257287 2 
0 0.0264922 2 
0 0.02687 2 
0 0.0290275 2 
0 0.0293636 2 
0 0.0300408 2 
0 0.0300408 2 
0 0.0303806 2 
0 0.031988 2 
0 0.0319883 2 
0 0.0341121 2 
0 0.034116 2 
0 0.0358275 2 
0 0.0361102 2 
0 0.0374656 2 
0 0.0377432 2 
0 0.0393061 2 
0 0.0403144 2 
0 0.0405549 2 
0 0.0412947 2 
0 0.0412968 2 
0 0.0415383 2 
0 0.0420112 2 
0 0.0441097 2 
0 0.0443427 2 
0 0.0469739 2 
0 0.0476087 2 
0 0.047824 2 
0 0.0482384 2 
0 0.0486509 2 
0 0.0486524 2 
0 0.0502754 2 
0 0.050479 2 
0 0.05087 2 
0 0.0531859 2 
0 0.054858 2 
0 0.0555816 2 
0 0.0561196 2 
0 0.0561198 2 
0 0.0563016 2 
0 0.0568295 2 
0 0.0590801 2 
0 0.0592512 2 
0 0.0595873 2 
0 0.0602577 2 
0 0.0607535 2 
0 0.0615739 2 
0 0.0615775 2 
0 0.0623798 2 
0 0.0638152 2 
0 0.065826 2 
0 0.0677709 2 
0 0.0677768 2 
0 0.070102 2 
0 0.0702495 2 
0 0.0706732 2 
0 0.0715205 2 
0 0.0720803 2 
0 0.0835544 2 
0 0.0854457 2 
0 0.0904688 2 
0 0.0922266 2 
0 0.104087 2 
0 0.106746 2 
0 0.107772 2 
0 0.110257 2 
0 0.110891 2 
0 0.128566 2 
0 0.143529 2 
0 0.144302 2 
0 0.148541 2 
0 0.154249 2 
0 0.160363 2 
0 0.160552 2 
0 0.173293 2 
0 0.185322 2 
0 0.201544 2 
0 0.205679 2 
0 0.214464 2 
0 0.249414 2 
0 0.270816 2 
0 0.306328 2 
0 0.313585 2 
0 0.391816 2 
0 0.400917 2 
0 0.427135 2 
0 0.523181 2 
0 0.525425 2 
0 0.595955 2 
0 0.614037 2 
0 0.63417 2 
0 0.635807 2 
0 0.670798 2 
0 0.675798 2 
0 0.757006 2 
0 0.80792 2 
0 0.92853 2 
0 0.932407 2 
0 0.934574 2 
0 0.937478 2 
0 0.944485 2 
0 0.954388 2 
0 0.97806 2 
0 0.993206 2 
0 0.999486 2 
0 1.33726 2 
0 1.52822 2 
0 1.71536 2 
0 1.85625 2 
0 2.32258 2 
0 2.4947 2 
0 2.65552 2 
0 2.81967 2 
0 2.9127 2 
0 2.96783 2 
0 2.9705 2 
0 2.98489 2 
0 3.31445 2 
0 inf 2 
0 0.00448 3 
0 0.00633568 3 
0 0.0134333 3 
0 0.018463 3 
0 0.022392 3 
0 0.0241238 3 
0 0.0257322 3 
0 0.0276166 3 
0 0.0286766 3 
0 0.0300478 3 
0 0.030373 3 
0 0.0303745 3 
0 0.0303845 3 
0 0.0313471 3 
0 0.0316706 3 
0 0.0329172 3 
0 0.0338127 3 
0 0.0341108 3 
0 0.0349771 3 
0 0.0349835 3 
0 0.0363809 3 
0 0.0382713 3 
0 0.0393027 3 
0 0.0393027 3 
0 0.0395606 3 
0 0.04031 3 
0 0.0403111 3 
0 0.0412977 3 
0 0.0473986 3 
0 0.0473986 3 
0 0.0486525 3 
0 0.0492582 3 
0 0.0510671 3 
0 0.0518468 3 
0 0.0524234 3 
0 0.0548506 3 
0 0.0563 3 
0 0.0570101 3 
0 0.0612506 3 
0 0.0615804 3 
0 0.0617333 3 
0 0.0647497 3 
0 0.0647501 3 
0 0.0653735 3 
0 0.0668871 3 
0 0.0673358 3 
0 0.0682198 3 
0 0.0713798 3 
0 0.0715246 3 
0 0.0718014 3 
0 0.0720831 3 
0 0.0722189 3 
0 0.073731 3 
0 0.0752123 3 
0 0.0782186 3 
0 0.0886801 3 
0 0.0909062 3 
0 0.0982276 3 
0 0.0989445 3 
0 0.110347 3 
0 0.113131 3 
0 0.1141 3 
0 0.114978 3 
0 0.115501 3 
0 0.125646 3 
0 0.126837 3 
0 0.129574 3 
0 0.130497 3 
0 0.131415 3 
0 0.132028 3 
0 0.149753 3 
0 0.176952 3 
0 0.176956 3 
0 0.183253 3 
0 0.207819 3 
0 0.260237 3 
0 0.260618 3 
0 0.285243 3 
0 0.333482 3 
0 0.342734 3 
0 0.364774 3 
0 0.410977 3 
0 0.444022 3 
0 0.445569 3 
0 0.500374 3 
0 0.511285 3 
0 0.55152 3 
0 0.560133 3 
0 0.560205 3 
0 0.56207 3 
0 0.572402 3 
0 0.6902 3 
0 0.729115 3 
0 0.753978 3 
0 0.759668 3 
0 0.78408 3 
0 0.798837 3 
0 0.807487 3 
0 0.84568 3 
0 0.854031 3 
0 0.870354 3 
0 0.89974 3 
0 0.905465 3 
0 0.908307 3 
0 0.921042 3 
0 0.952312 3 
0 1.19419 3 
0 1.22972 3 
0 1.45125 3 
0 1.53866 3 
0 1.65703 3 
0 1.80094 3 
0 1.80254 3 
0 1.80308 3 
0 1.82542 3 
0 2.30046 3 
0 2.38944 3 
0 2.52108 3 
0 2.88906 3 
0 2.89375 3 
0 2.89421 3 
0 2.90439 3 
0 2.90632 3 
0 inf 3 
0 0.014167 4 
0 0.0228403 4 
0 0.0228407 4 
0 0.0228436 4 
0 0.0286735 4 
0 0.0286766 4 
0 0.0316699 4 
0 0.0316784 4 
0 0.032913 4 
0 0.0332153 4 
0 0.033814 4 
0 0.0349771 4 
0 0.0387864 4 
0 0.0392993 4 
0 0.0403079 4 
0 0.0434166 4 
0 0.0434208 4 
0 0.0458946 4 
0 0.0467582 4 
0 0.046762 4 
0 0.0469752 4 
0 0.0480249 4 
0 0.0484458 4 
0 0.0510652 4 
0 0.0512613 4 
0 0.0520364 4 
0 0.0520413 4 
0 0.0524294 4 
0 0.0531886 4 
0 0.0575284 4 
0 0.0575365 4 
0 0.0577111 4 
0 0.0592484 4 
0 0.0623848 4 
0 0.0636561 4 
0 0.0641299 4 
0 0.0655201 4 
0 0.0661234 4 
0 0.066433 4 
0 0.0665838 4 
0 0.0680732 4 
0 0.0689551 4 
0 0.0703874 4 
0 0.0703967 4 
0 0.0727752 4 
0 0.0764011 4 
0 0.0813603 4 
0 0.0831929 4 
0 0.0843876 4 
0 0.0850965 4 
0 0.0861508 4 
0 0.0879942 4 
0 0.0911294 4 
0 0.0924395 4 
0 0.0941643 4 
0 0.0941643 4 
0 0.0961703 4 
0 0.10184 4 
0 0.108421 4 
0 0.110344 4 
0 0.119004 4 
0 0.13688 4 
0 0.1565 4 
0 0.186076 4 
0 0.247597 4 
0 0.252374 4 
0 0.303971 4 
0 0.333481 4 
0 0.367806 4 
0 0.370367 4 
0 0.450699 4 
0 0.457056 4 
0 0.467755 4 
0 0.491269 4 
0 0.49874 4 
0 0.511083 4 
0 0.545572 4 
0 0.556067 4 
0 0.570611 4 
0 0.595081 4 
0 0.676753 4 
0 0.700198 4 
0 0.710303 4 
0 0.723413 4 
0 0.733323 4 
0 0.742057 4 
0 0.74442 4 
0 0.753438 4 
0 0.759006 4 
0 0.763867 4 
0 0.806041 4 
0 0.807704 4 
0 0.83018 4 
0 0.835191 4 
0 0.85029 4 
0 0.872634 4 
0 0.882883 4 
0 0.884892 4 
0 0.940608 4 
0 0.949579 4 
0 0.98938 4 
0 1.04649 4 
0 1.06611 4 
0 1.07104 4 
0 1.08444 4 
0 1.18876 4 
0 1.45042 4 
0 1.70905 4 
0 1.80878 4 
0 1.83259 4 
0 1.89632 4 
0 1.89672 4 
0 1.89856 4 
0 1.90293 4 
0 1.93891 4 
0 1.94386 4 
0 1.94716 4 
0 2.32649 4 
0 2.35862 4 
0 inf 4 
0 0.0205286 5 
0 0.0228358 5 
0 0.0228407 5 
0 0.0241255 5 
0 0.0272376 5 
0 0.0283214 5 
0 0.0283215 5 
0 0.0286758 5 
0 0.0300423 5 
0 0.0313557 5 
0 0.0319845 5 
0 0.0323002 5 
0 0.0326067 5 
0 0.0329118 5 
0 0.0332122 5 
0 0.0341042 5 
0 0.0366603 5 
0 0.0379997 5 
0 0.04031 5 
0 0.0403104 5 
0 0.044337 5 
0 0.0484451 5 
0 0.050479 5 
0 0.0510669 5 
0 0.0533731 5 
0 0.0535584 5 
0 0.0559392 5 
0 0.0566518 5 
0 0.0570112 5 
0 0.0580481 5 
0 0.058399 5 
0 0.0583995 5 
0 0.0587391 5 
0 0.0592414 5 
0 0.0597564 5 
0 0.0609206 5 
0 0.0664306 5 
0 0.0668851 5 
0 0.0671806 5 
0 0.0673383 5 
0 0.0685112 5 
0 0.0690943 5 
0 0.0720745 5 
0 0.0727701 5 
0 0.0735975 5 
0 0.0767958 5 
0 0.080866 5 
0 0.085686 5 
0 0.0884514 5 
0 0.0902545 5 
0 0.091578 5 
0 0.110438 5 
0 0.110901 5 
0 0.119928 5 
0 0.144713 5 
0 0.159865 5 
0 0.246216 5 
0 0.306726 5 
0 0.368195 5 
0 0.382817 5 
0 0.383573 5 
0 0.388151 5 
0 0.446315 5 
0 0.452749 5 
0 0.508574 5 
0 0.511877 5 
0 0.526394 5 
0 0.526652 5 
0 0.528173 5 
0 0.547536 5 
0 0.560653 5 
0 0.61356 5 
0 0.651135 5 
0 0.656795 5 
0 0.660146 5 
0 0.679937 5 
0 0.681222 5 
0 0.68824 5 
0 0.71146 5 
0 0.721494 5 
0 0.72266 5 
0 0.7266 5 
0 0.767442 5 
0 0.801507 5 
0 0.804343 5 
0 0.80539 5 
0 0.806584 5 
0 0.815712 5 
0 0.81814 5 
0 0.82239 5 
0 0.824522 5 
0 0.835914 5 
0 0.839073 5 
0 0.842366 5 
0 0.848061 5 
0 0.959744 5 
0 0.974783 5 
0 0.980692 5 
0 1.00408 5 
0 1.01542 5 
0 1.19357 5 
0 1.22166 5 
0 1.41522 5 
0 1.48207 5 
0 1.49372 5 
0 1.53173 5 
0 1.61939 5 
0 1.90093 5 
0 1.96035 5 
0 1.96103 5 
0 1.9613 5 
0 1.96147 5 
0 1.96202 5 
0 1.9655 5 
0 1.96581 5 
0 inf 5 
0 0.0179128 6 
0 0.0286851 6 
0 0.0286851 6 
0 0.0300453 6 
0 0.0316727 6 
0 0.0338201 6 
0 0.0358382 6 
0 0.0361078 6 
0 0.0366652 6 
0 0.0382708 6 
0 0.0390502 6 
0 0.0405608 6 
0 0.0424942 6 
0 0.0443387 6 
0 0.0452299 6 
0 0.0520342 6 
0 0.0520378 6 
0 0.0543055 6 
0 0.0552202 6 
0 0.0557619 6 
0 0.0561191 6 
0 0.0570032 6 
0 0.0582285 6 
0 0.0592535 6 
0 0.0638154 6 
0 0.0644363 6 
0 0.0652136 6 
0 0.065524 6 
0 0.0677722 6 
0 0.0685159 6 
0 0.0708178 6 
0 0.0723624 6 
0 0.0771901 6 
0 0.0784748 6 
0 0.0792376 6 
0 0.0812295 6 
0 0.0818557 6 
0 0.0818557 6 
0 0.0866148 6 
0 0.0892427 6 
0 0.0893511 6 
0 0.0910221 6 
0 0.0931968 6 
0 0.0961594 6 
0 0.114088 6 
0 0.116623 6 
0 0.146847 6 
0 0.18287 6 
0 0.243019 6 
0 0.266985 6 
0 0.320042 6 
0 0.364306 6 
0 0.376762 6 
0 0.383843 6 
0 0.425472 6 
0 0.431373 6 
0 0.434616 6 
0 0.482461 6 
0 0.487659 6 
0 0.490378 6 
0 0.490378 6 
0 0.546784 6 
0 0.591966 6 
0 0.593886 6 
0 0.6042 6 
0 0.61151 6 
0 0.617871 6 
0 0.619655 6 
0 0.623785 6 
0 0.653269 6 
0 0.653637 6 
0 0.654189 6 
0 0.660203 6 
0 0.706154 6 
0 0.714147 6 
0 0.714785 6 
0 0.785467 6 
0 0.788412 6 
0 0.798875 6 
0 0.805039 6 
0 0.806485 6 
0 0.833778 6 
0 0.834404 6 
0 0.836001 6 
0 0.840845 6 
0 0.851453 6 
0 0.851653 6 
0 0.851654 6 
0 0.860962 6 
0 0.86222 6 
0 0.872258 6 
0 0.874233 6 
0 0.907557 6 
0 1.00465 6 
0 1.12052 6 
0 1.12141 6 
0 1.13941 6 
0 1.16682 6 
0 1.18055 6 
0 1.19142 6 
0 1.32902 6 
0 1.41412 6 
0 1.44124 6 
0 1.4438 6 
0 1.5093 6 
0 1.60642 6 
0 1.62363 6 
0 1.62422 6 
0 1.62558 6 
0 1.63014 6 
0 1.63769 6 
0 inf 6 
0 0.0403055 7 
0 0.0403073 7 
0 0.0405551 7 
0 0.0415421 7 
0 0.0420174 7 
0 0.045232 7 
0 0.0467593 7 
0 0.0539308 7 
0 0.0542994 7 
0 0.0546705 7 
0 0.0550333 7 
0 0.0555806 7 
0 0.0562992 7 
0 0.057172 7 
0 0.0582259 7 
0 0.059756 7 
0 0.060416 7 
0 0.0609235 7 
0 0.0618981 7 
0 0.0623826 7 
0 0.0630165 7 
0 0.0652188 7 
0 0.0653665 7 
0 0.0670385 7 
0 0.0680735 7 
0 0.0683665 7 
0 0.0719406 7 
0 0.074001 7 
0 0.0742752 7 
0 0.0746725 7 
0 0.0752082 7 
0 0.0757465 7 
0 0.0758765 7 
0 0.0766595 7 
0 0.0788595 7 
0 0.0827058 7 
0 0.0836736 7 
0 0.0902389 7 
0 0.13636 7 
0 0.145336 7 
0 0.182607 7 
0 0.249334 7 
0 0.27532 7 
0 0.289048 7 
0 0.312169 7 
0 0.344641 7 
0 0.347511 7 
0 0.349171 7 
0 0.351403 7 
0 0.351888 7 
0 0.359009 7 
0 0.360069 7 
0 0.397633 7 
0 0.436925 7 
0 0.462542 7 
0 0.472492 7 
0 0.492522 7 
0 0.511475 7 
0 0.512005 7 
0 0.519705 7 
0 0.531146 7 
0 0.543491 7 
0 0.574605 7 
0 0.577126 7 
0 0.581557 7 
0 0.584859 7 
0 0.658196 7 
0 0.671949 7 
0 0.687005 7 
0 0.695133 7 
0 0.710585 7 
0 0.718215 7 
0 0.786321 7 
0 0.786998 7 
0 0.787354 7 
0 0.794596 7 
0 0.795959 7 
0 0.796564 7 
0 0.812754 7 
0 0.819937 7 
0 0.823957 7 
0 0.83383 7 
0 0.837146 7 
0 0.839583 7 
0 0.844553 7 
0 0.845075 7 
0 0.975299 7 
0 0.979364 7 
0 0.979365 7 
0 1.08205 7 
0 1.10317 7 
0 1.11005 7 
0 1.17666 7 
0 1.17821 7 
0 1.18697 7 
0 1.22665 7 
0 1.32851 7 
0 1.34168 7 
0 1.36092 7 
0 1.41459 7 
0 1.41477 7 
0 1.41831 7 
0 1.43902 7 
0 1.46225 7 
0 1.4745 7 
0 1.48589 7 
0 1.66966 7 
0 inf 7 
0 0.02761 8 
0 0.0293728 8 
0 0.0300482 8 
0 0.0390395 8 
0 0.0427187 8 
0 0.0445659 8 
0 0.0450121 8 
0 0.0486552 8 
0 0.0500754 8 
0 0.0500776 8 
0 0.0609104 8 
0 0.0639762 8 
0 0.0639773 8 
0 0.0649033 8 
0 0.0664262 8 
0 0.0695245 8 
0 0.0696809 8 
0 0.0696822 8 
0 0.0702496 8 
0 0.0702498 8 
0 0.0719413 8 
0 0.0722239 8 
0 0.0727776 8 
0 0.0729036 8 
0 0.0807394 8 
0 0.0825837 8 
0 0.0870747 8 
0 0.0901354 8 
0 0.0983329 8 
0 0.125911 8 
0 0.130268 8 
0 0.16229 8 
0 0.183086 8 
0 0.186014 8 
0 0.24585 8 
0 0.24846 8 
0 0.249749 8 
0 0.269527 8 
0 0.294568 8 
0 0.297162 8 
0 0.308979 8 
0 0.324507 8 
0 0.360598 8 
0 0.365651 8 
0 0.380866 8 
0 0.395648 8 
0 0.404987 8 
0 0.407653 8 
0 0.425546 8 
0 0.474968 8 
0 0.517873 8 
0 0.522848 8 
0 0.529839 8 
0 0.530123 8 
0 0.545407 8 
0 0.553297 8 
0 0.558534 8 
0 0.559046 8 
0 0.560747 8 
0 0.566088 8 
0 0.582849 8 
0 0.702389 8 
0 0.703973 8 
0 0.704614 8 
0 0.708338 8 
0 0.714097 8 
0 0.784496 8 
0 0.78568 8 
0 0.786624 8 
0 0.78758 8 
0 0.788344 8 
0 0.790063 8 
0 0.791784 8 
0 0.794051 8 
0 0.797237 8 
0 0.823368 8 
0 0.826101 8 
0 0.826102 8 
0 0.828848 8 
0 0.835033 8 
0 0.844208 8 
0 0.847478 8 
0 0.863521 8 
0 0.953438 8 
0 0.954689 8 
0 0.96239 8 
0 1.00532 8 
0 1.02064 8 
0 1.08519 8 
0 1.09395 8 
0 1.10969 8 
0 1.11471 8 
0 1.15141 8 
0 1.336 8 
0 1.33626 8 
0 1.34761 8 
0 1.35223 8 
0 1.49431 8 
0 1.53602 8 
0 1.57321 8 
0 1.69918 8 
0 1.9702 8 
0 2.05582 8 
0 inf 8 
0 0.0276039 9 
0 0.0349817 9 
0 0.0385266 9 
0 0.0395544 9 
0 0.0412898 9 
0 0.0454565 9 
0 0.0531823 9 
0 0.0571816 9 
0 0.0607543 9 
0 0.0622166 9 
0 0.0623823 9 
0 0.0635023 9 
0 0.0655145 9 
0 0.0661274 9 
0 0.0698197 9 
0 0.0708198 9 
0 0.0719431 9 
0 0.0723647 9 
0 0.0829497 9 
0 0.088337 9 
0 0.0897997 9 
0 0.0923338 9 
0 0.122324 9 
0 0.136243 9 
0 0.145955 9 
0 0.162909 9 
0 0.186937 9 
0 0.194538 9 
0 0.195001 9 
0 0.222904 9 
0 0.251655 9 
0 0.256909 9 
0 0.262318 9 
0 0.282166 9 
0 0.291767 9 
0 0.32573 9 
0 0.34169 9 
0 0.343008 9 
0 0.352351 9 
0 0.355187 9 
0 0.366501 9 
0 0.447492 9 
0 0.44852 9 
0 0.45142 9 
0 0.453658 9 
0 0.463219 9 
0 0.500716 9 
0 0.516371 9 
0 0.523304 9 
0 0.534017 9 
0 0.546582 9 
0 0.572746 9 
0 0.580262 9 
0 0.580884 9 
0 0.598243 9 
0 0.598584 9 
0 0.642354 9 
0 0.643353 9 
0 0.649003 9 
0 0.699997 9 
0 0.705265 9 
0 0.709144 9 
0 0.7719 9 
0 0.772367 9 
0 0.780837 9 
0 0.78172 9 
0 0.782088 9 
0 0.782499 9 
0 0.78336 9 
0 0.79005 9 
0 0.790688 9 
0 0.830977 9 
0 0.831411 9 
0 0.839669 9 
0 0.850163 9 
0 0.868002 9 
0 0.913185 9 
0 0.927928 9 
0 0.938739 9 
0 0.941059 9 
0 0.9519 9 
0 0.954829 9 
0 0.96732 9 
0 0.974127 9 
0 1.05806 9 
0 1.07761 9 
0 1.07794 9 
0 1.10635 9 
0 1.11261 9 
0 1.1584 9 
0 1.24976 9 
0 1.27371 9 
0 1.29532 9 
0 1.33067 9 
0 1.33097 9 
0 1.37249 9 
0 1.37913 9 
0 1.43929 9 
0 1.4755 9 
0 inf 9 
0 0.0272421 10 
0 0.0382622 10 
0 0.0422537 10 
0 0.0441105 10 
0 0.0441128 10 
0 0.0450017 10 
0 0.0625425 10 
0 0.0642798 10 
0 0.065367 10 
0 0.0659748 10 
0 0.0753486 10 
0 0.0770582 10 
0 0.087417 10 
0 0.101545 10 
0 0.109808 10 
0 0.119928 10 
0 0.130908 10 
0 0.142196 10 
0 0.147798 10 
0 0.160366 10 
0 0.164383 10 
0 0.180193 10 
0 0.184844 10 
0 0.185495 10 
0 0.203263 10 
0 0.210015 10 
0 0.212214 10 
0 0.247152 10 
0 0.297807 10 
0 0.304832 10 
0 0.306015 10 
0 0.320398 10 
0 0.352572 10 
0 0.36653 10 
0 0.366749 10 
0 0.409888 10 
0 0.410262 10 
0 0.417852 10 
0 0.419467 10 
0 0.426374 10 
0 0.484688 10 
0 0.491486 10 
0 0.492231 10 
0 0.494426 10 
0 0.499494 10 
0 0.502057 10 
0 0.50755 10 
0 0.508813 10 
0 0.515552 10 
0 0.515942 10 
0 0.519561 10 
0 0.544172 10 
0 0.544229 10 
0 0.599856 10 
0 0.636418 10 
0 0.636623 10 
0 0.698206 10 
0 0.699584 10 
0 0.710613 10 
0 0.744586 10 
0 0.746309 10 
0 0.765675 10 
0 0.769682 10 
0 0.774904 10 
0 0.781883 10 
0 0.782088 10 
0 0.782591 10 
0 0.790245 10 
0 0.812098 10 
0 0.839979 10 
0 0.840695 10 
0 0.906652 10 
0 0.934389 10 
0 0.934389 10 
0 0.939086 10 
0 0.939087 10 
0 0.946283 10 
0 0.959819 10 
0 0.967071 10 
0 0.995836 10 
0 1.08593 10 
0 1.08612 10 
0 1.1319 10 
0 1.13286 10 
0 1.22804 10 
0 1.2403 10 
0 1.3276 10 
0 1.3598 10 
0 1.36028 10 
0 1.49973 10 
0 1.49975 10 
0 1.64024 10 
0 1.64094 10 
0 1.77718 10 
0 1.77736 10 
0 inf 10 
0 0.0461047 11 
0 0.0709547 11 
0 0.071665 11 
0 0.0741361 11 
0 0.0866226 11 
0 0.111343 11 
0 0.1217 11 
0 0.127942 11 
0 0.141915 11 
0 0.142544 11 
0 0.146212 11 
0 0.14767 11 
0 0.161236 11 
0 0.163174 11 
0 0.165554 11 
0 0.168718 11 
0 0.170534 11 
0 0.184774 11 
0 0.190551 11 
0 0.203387 11 
0 0.210302 11 
0 0.21334 11 
0 0.236565 11 
0 0.237749 11 
0 0.247168 11 
0 0.253878 11 
0 0.303247 11 
0 0.318349 11 
0 0.331771 11 
0 0.334143 11 
0 0.334929 11 
0 0.336453 11 
0 0.356225 11 
0 0.360903 11 
0 0.372297 11 
0 0.377218 11 
0 0.395702 11 
0 0.423206 11 
0 0.42427 11 
0 0.435662 11 
0 0.465556 11 
0 0.466503 11 
0 0.470272 11 
0 0.489649 11 
0 0.495643 11 
0 0.49717 11 
0 0.497663 11 
0 0.510016 11 
0 0.546013 11 
0 0.616694 11 
0 0.618886 11 
0 0.620748 11 
0 0.620926 11 
0 0.623247 11 
0 0.633251 11 
0 0.723515 11 
0 0.72357 11 
0 0.740989 11 
0 0.74126 11 
0 0.746347 11 
0 0.746509 11 
0 0.779493 11 
0 0.781331 11 
0 0.82431 11 
0 0.82886 11 
0 0.835402 11 
0 0.946734 11 
0 0.948216 11 
0 0.995687 11 
0 0.99762 11 
0 1.03615 11 
0 1.03935 11 
0 1.04588 11 
0 1.04661 11 
0 1.04772 11 
0 1.08851 11 
0 1.09366 11 
0 1.226 11 
0 1.22951 11 
0 1.24677 11 
0 1.32939 11 
0 1.33082 11 
0 1.37265 11 
0 1.37265 11 
0 1.38023 11 
0 1.41516 11 
0 1.41652 11 
0 1.50178 11 
0 1.50234 11 
0 2.03811 11 
0 2.03821 11 
0 inf 11 
0 0.0412782 12 
0 0.115961 12 
0 0.119851 12 
0 0.122089 12 
0 0.136248 12 
0 0.163772 12 
0 0.164235 12 
0 0.17145 12 
0 0.173696 12 
0 0.174844 12 
0 0.177016 12 
0 0.179455 12 
0 0.186283 12 
0 0.188111 12 
0 0.205435 12 
0 0.20645 12 
0 0.218746 12 
0 0.224791 12 
0 0.229493 12 
0 0.296423 12 
0 0.299653 12 
0 0.334982 12 
0 0.349747 12 
0 0.36719 12 
0 0.383021 12 
0 0.38645 12 
0 0.387244 12 
0 0.394169 12 
0 0.41115 12 
0 0.414261 12 
0 0.420616 12 
0 0.439418 12 
0 0.447498 12 
0 0.447498 12 
0 0.467067 12 
0 0.469807 12 
0 0.49004 12 
0 0.491083 12 
0 0.493427 12 
0 0.495744 12 
0 0.505421 12 
0 0.514773 12 
0 0.516641 12 
0 0.519603 12 
0 0.546802 12 
0 0.557625 12 
0 0.577284 12 
0 0.585873 12 
0 0.587513 12 
0 0.727235 12 
0 0.736046 12 
0 0.74187 12 
0 0.744741 12 
0 0.745541 12 
0 0.746402 12 
0 0.749573 12 
0 0.784303 12 
0 0.795161 12 
0 0.82886 12 
0 0.845194 12 
0 0.864541 12 
0 0.8729 12 
0 0.872981 12 
0 0.93868 12 
0 0.939737 12 
0 0.982168 12 
0 0.982372 12 
0 0.983811 12 
0 1.04359 12 
0 1.06327 12 
0 1.08544 12 
0 1.09011 12 
0 1.09134 12 
0 1.15269 12 
0 1.16002 12 
0 1.16012 12 
0 1.19391 12 
0 1.24318 12 
0 1.34452 12 
0 1.44871 12 
0 1.44962 12 
0 1.49047 12 
0 1.49203 12 
0 1.49213 12 
0 1.54493 12 
0 1.61118 12 
0 1.61138 12 
0 inf 12 
0 0.0914486 13 
0 0.121016 13 
0 0.126652 13 
0 0.133666 13 
0 0.138261 13 
0 0.142622 13 
0 0.161255 13 
0 0.180437 13 
0 0.183304 13 
0 0.200853 13 
0 0.259343 13 
0 0.292437 13 
0 0.294144 13 
0 0.296794 13 
0 0.320408 13 
0 0.340299 13 
0 0.344355 13 
0 0.348409 13 
0 0.359783 13 
0 0.360117 13 
0 0.377411 13 
0 0.377484 13 
0 0.382774 13 
0 0.383613 13 
0 0.387011 13 
0 0.419655 13 
0 0.429225 13 
0 0.450335 13 
0 0.45932 13 
0 0.463494 13 
0 0.464214 13 
0 0.47257 13 
0 0.492902 13 
0 0.494671 13 
0 0.498202 13 
0 0.546487 13 
0 0.585241 13 
0 0.586658 13 
0 0.587751 13 
0 0.589182 13 
0 0.600713 13 
0 0.677595 13 
0 0.678931 13 
0 0.679152 13 
0 0.679329 13 
0 0.707621 13 
0 0.713427 13 
0 0.718188 13 
0 0.727615 13 
0 0.729598 13 
0 0.73104 13 
0 0.732882 13 
0 0.734195 13 
0 0.734591 13 
0 0.734891 13 
0 0.75345 13 
0 0.779931 13 
0 0.780342 13 
0 0.803546 13 
0 0.820016 13 
0 0.823665 13 
0 0.8643 13 
0 0.864752 13 
0 0.865726 13 
0 0.938541 13 
0 0.943603 13 
0 0.948917 13 
0 0.949012 13 
0 0.949847 13 
0 1.05729 13 
0 1.05736 13 
0 1.05796 13 
0 1.08318 13 
0 1.10431 13 
0 1.31034 13 
0 1.31176 13 
0 1.31179 13 
0 1.36707 13 
0 1.37347 13 
0 1.37357 13 
0 1.44801 13 
0 1.44832 13 
0 1.44915 13 
0 inf 13 
0 0.0979227 14 
0 0.114807 14 
0 0.118915 14 
0 0.127154 14 
0 0.132662 14 
0 0.132863 14 
0 0.187787 14 
0 0.208831 14 
0 0.235813 14 
0 0.247027 14 
0 0.296828 14 
0 0.301205 14 
0 0.303 14 
0 0.310455 14 
0 0.318906 14 
0 0.325812 14 
0 0.326621 14 
0 0.32855 14 
0 0.331438 14 
0 0.336119 14 
0 0.336476 14 
0 0.336722 14 
0 0.338642 14 
0 0.341121 14 
0 0.346026 14 
0 0.35098 14 
0 0.350989 14 
0 0.35119 14 
0 0.373786 14 
0 0.3913 14 
0 0.402033 14 
0 0.404513 14 
0 0.421083 14 
0 0.427312 14 
0 0.430413 14 
0 0.43438 14 
0 0.43438 14 
0 0.44516 14 
0 0.448371 14 
0 0.457964 14 
0 0.465265 14 
0 0.471454 14 
0 0.492148 14 
0 0.504645 14 
0 0.559853 14 
0 0.567061 14 
0 0.567062 14 
0 0.570008 14 
0 0.570008 14 
0 0.572904 14 
0 0.591312 14 
0 0.609611 14 
0 0.610417 14 
0 0.784175 14 
0 0.791529 14 
0 0.79339 14 
0 0.793958 14 
0 0.827406 14 
0 0.829584 14 
0 0.82973 14 
0 0.829778 14 
0 0.853252 14 
0 0.85869 14 
0 0.859251 14 
0 0.868356 14 
0 0.868588 14 
0 0.869153 14 
0 0.937076 14 
0 0.938948 14 
0 1.08788 14 
0 1.1277 14 
0 1.12837 14 
0 1.13013 14 
0 1.1784 14 
0 1.17891 14 
0 1.17901 14 
0 1.39942 14 
0 1.39967 14 
0 1.4001 14 
0 inf 14 
0 0.0866164 15 
0 0.0904641 15 
0 0.101547 15 
0 0.112773 15 
0 0.129553 15 
0 0.179492 15 
0 0.211676 15 
0 0.240861 15 
0 0.245189 15 
0 0.25494 15 
0 0.270183 15 
0 0.270776 15 
0 0.275658 15 
0 0.280045 15 
0 0.304193 15 
0 0.309412 15 
0 0.310041 15 
0 0.310299 15 
0 0.312522 15 
0 0.322903 15 
0 0.327997 15 
0 0.330105 15 
0 0.344317 15 
0 0.344404 15 
0 0.344899 15 
0 0.346734 15 
0 0.346735 15 
0 0.349948 15 
0 0.35099 15 
0 0.351789 15 
0 0.354277 15 
0 0.356057 15 
0 0.362586 15 
0 0.386377 15 
0 0.394033 15 
0 0.447923 15 
0 0.456896 15 
0 0.474563 15 
0 0.477597 15 
0 0.478016 15 
0 0.508211 15 
0 0.527966 15 
0 0.542753 15 
0 0.554706 15 
0 0.621759 15 
0 0.622146 15 
0 0.622339 15 
0 0.71899 15 
0 0.750081 15 
0 0.769865 15 
0 0.77144 15 
0 0.783318 15 
0 0.832049 15 
0 0.854835 15 
0 0.908142 15 
0 0.910105 15 
0 0.911338 15 
0 0.911866 15 
0 0.942976 15 
0 1.08757 15 
0 1.08764 15 
0 1.08794 15 
0 1.0978 15 
0 1.36619 15 
0 1.36631 15 
0 1.3669 15 
0 1.44214 15 
0 1.44216 15 
0 1.44285 15 
0 1.6082 15 
0 1.60826 15 
0 1.6084 15 
0 1.69372 15 
0 1.69518 15 
0 1.69518 15 
0 inf 15 
0 0.122029 16 
0 0.178762 16 
0 0.192904 16 
0 0.241195 16 
0 0.242135 16 
0 0.243882 16 
0 0.244006 16 
0 0.247919 16 
0 0.27602 16 
0 0.291999 16 
0 0.298009 16 
0 0.310429 16 
0 0.318466 16 
0 0.319221 16 
0 0.323217 16 
0 0.334053 16 
0 0.335849 16 
0 0.336475 16 
0 0.336475 16 
0 0.34087 16 
0 0.341408 16 
0 0.346965 16 
0 0.346965 16 
0 0.353722 16 
0 0.359238 16 
0 0.363373 16 
0 0.363815 16 
0 0.375165 16 
0 0.376326 16 
0 0.376979 16 
0 0.377218 16 
0 0.415467 16 
0 0.415974 16 
0 0.416335 16 
0 0.446646 16 
0 0.449065 16 
0 0.450603 16 
0 0.450604 16 
0 0.495669 16 
0 0.503987 16 
0 0.536251 16 
0 0.548215 16 
0 0.552809 16 
0 0.553969 16 
0 0.555145 16 
0 0.706889 16 
0 0.788168 16 
0 0.839012 16 
0 0.89844 16 
0 0.934807 16 
0 0.946765 16 
0 0.977159 16 
0 0.977201 16 
0 0.977272 16 
0 1.00218 16 
0 1.05752 16 
0 1.05767 16 
0 1.05771 16 
0 1.10105 16 
0 1.33131 16 
0 1.33687 16 
0 1.33708 16 
0 1.49026 16 
0 1.49158 16 
0 1.49168 16 
0 1.50422 16 
0 1.50462 16 
0 1.50462 16 
0 1.83725 16 
0 1.84288 16 
0 1.84471 16 
0 inf 16 
0 0.0910127 17 
0 0.140041 17 
0 0.145934 17 
0 0.151335 17 
0 0.155519 17 
0 0.222719 17 
0 0.229298 17 
0 0.240069 17 
0 0.24007 17 
0 0.256059 17 
0 0.299486 17 
0 0.302452 17 
0 0.303743 17 
0 0.308753 17 
0 0.316442 17 
0 0.317297 17 
0 0.317929 17 
0 0.31796 17 
0 0.342515 17 
0 0.342807 17 
0 0.342866 17 
0 0.342895 17 
0 0.34449 17 
0 0.344927 17 
0 0.346782 17 
0 0.347707 17 
0 0.377272 17 
0 0.378122 17 
0 0.37897 17 
0 0.454525 17 
0 0.455495 17 
0 0.455759 17 
0 0.455957 17 
0 0.534323 17 
0 0.538679 17 
0 0.538809 17 
0 0.538976 17 
0 0.562153 17 
0 0.649813 17 
0 0.66138 17 
0 0.665914 17 
0 0.783998 17 
0 0.843556 17 
0 0.861892 17 
0 0.862078 17 
0 0.862299 17 
0 0.962983 17 
0 0.964388 17 
0 0.964856 17 
0 0.965303 17 
0 0.978046 17 
0 1.0348 17 
0 1.03481 17 
0 1.03728 17 
0 1.1057 17 
0 1.12478 17 
0 1.25028 17 
0 1.3945 17 
0 1.39522 17 
0 1.39565 17 
0 1.42635 17 
0 1.4561 17 
0 1.45646 17 
0 1.45646 17 
0 1.50612 17 
0 1.507 17 
0 1.50718 17 
0 inf 17 
0 0.0461055 18 
0 0.0529853 18 
0 0.0539239 18 
0 0.135949 18 
0 0.136832 18 
0 0.138291 18 
0 0.218991 18 
0 0.228099 18 
0 0.228319 18 
0 0.291956 18 
0 0.294113 18 
0 0.295236 18 
0 0.295745 18 
0 0.304605 18 
0 0.309441 18 
0 0.312825 18 
0 0.349001 18 
0 0.349086 18 
0 0.34923 18 
0 0.349431 18 
0 0.354453 18 
0 0.355195 18 
0 0.35576 18 
0 0.35576 18 
0 0.357671 18 
0 0.361182 18 
0 0.361182 18 
0 0.389385 18 
0 0.445859 18 
0 0.446106 18 
0 0.446308 18 
0 0.446375 18 
0 0.571121 18 
0 0.574482 18 
0 0.574552 18 
0 0.574552 18 
0 0.799301 18 
0 0.801594 18 
0 0.801757 18 
0 0.816616 18 
0 0.855638 18 
0 0.856751 18 
0 0.876796 18 
0 0.881315 18 
0 0.882952 18 
0 0.962193 18 
0 0.962589 18 
0 0.963161 18 
0 0.964192 18 
0 0.980388 18 
0 0.989016 18 
0 1.01572 18 
0 1.02923 18 
0 1.0311 18 
0 1.20275 18 
0 1.22375 18 
0 1.22427 18 
0 1.43385 18 
0 1.4345 18 
0 1.43472 18 
0 1.45908 18 
0 1.52481 18 
0 1.60627 18 
0 inf 18 
0 0.0316511 19 
0 0.0569997 19 
0 0.0696692 19 
0 0.11639 19 
0 0.118696 19 
0 0.119286 19 
0 0.189479 19 
0 0.193874 19 
0 0.204155 19 
0 0.244514 19 
0 0.249869 19 
0 0.251789 19 
0 0.306961 19 
0 0.30992 19 
0 0.310567 19 
0 0.344809 19 
0 0.347591 19 
0 0.349862 19 
0 0.358706 19 
0 0.362571 19 
0 0.363455 19 
0 0.364117 19 
0 0.449959 19 
0 0.453001 19 
0 0.457122 19 
0 0.458108 19 
0 0.465407 19 
0 0.479344 19 
0 0.507183 19 
0 0.571275 19 
0 0.572485 19 
0 0.573955 19 
0 0.591854 19 
0 0.594762 19 
0 0.594762 19 
0 0.595014 19 
0 0.63819 19 
0 0.642701 19 
0 0.643699 19 
0 0.704078 19 
0 0.740234 19 
0 0.753396 19 
0 0.781951 19 
0 0.79612 19 
0 0.80469 19 
0 0.805886 19 
0 0.83351 19 
0 0.83428 19 
0 0.896434 19 
0 0.91494 19 
0 0.91586 19 
0 0.982246 19 
0 0.98245 19 
0 0.98245 19 
0 1.18109 19 
0 1.2056 19 
0 1.20649 19 
0 1.35162 19 
0 1.35182 19 
0 inf 19 
0 0.105411 20 
0 0.106828 20 
0 0.10767 20 
0 0.113865 20 
0 0.117335 20 
0 0.125271 20 
0 0.221554 20 
0 0.231849 20 
0 0.233847 20 
0 0.240136 20 
0 0.243455 20 
0 0.288359 20 
0 0.293702 20 
0 0.294113 20 
0 0.294385 20 
0 0.296727 20 
0 0.296759 20 
0 0.314505 20 
0 0.318784 20 
0 0.333648 20 
0 0.339488 20 
0 0.366201 20 
0 0.367103 20 
0 0.367404 20 
0 0.415203 20 
0 0.428236 20 
0 0.431014 20 
0 0.462704 20 
0 0.462704 20 
0 0.545334 20 
0 0.545555 20 
0 0.545978 20 
0 0.599321 20 
0 0.599656 20 
0 0.646004 20 
0 0.685399 20 
0 0.714827 20 
0 0.726664 20 
0 0.727616 20 
0 0.810367 20 
0 0.811901 20 
0 0.812345 20 
0 0.92877 20 
0 0.945689 20 
0 0.946707 20 
0 0.960891 20 
0 0.960922 20 
0 0.994747 20 
0 0.994878 20 
0 1.2228 20 
0 1.22813 20 
0 1.2283 20 
0 1.28776 20 
0 1.32902 20 
0 1.95093 20 
0 inf 20 
