5.4376 9.17756 1 
0.846106 2.1851 1 
0.207223 0.220926 1 
0.194439 0.199604 1 
0.19039 0.203473 1 
0.134793 0.187475 1 
0.107479 0.125426 1 
0.102675 0.116398 1 
0.0982943 0.100415 1 
0.0921344 0.201751 1 
0.0673037 0.068114 1 
0.0626452 0.0645086 1 
0.0624954 0.0629342 1 
0.0559886 0.0574442 1 
0.0558251 0.0564882 1 
0.0541617 0.0829181 1 
0.0538234 0.0554983 1 
0.0531424 0.0667558 1 
0.049008 0.0495663 1 
0.0434562 0.0497508 1 
0.0432447 0.0467099 1 
0.0375739 0.0399373 1 
0.0358222 0.0358234 1 
0.0234553 0.0249702 1 
6.624 6.75876 2 
6.62399 6.95915 2 
4.23122 6.9618 2 
0.673408 2.95583 2 
0.249863 0.256095 2 
0.241953 0.243652 2 
0.230671 0.261234 2 
0.202336 0.274569 2 
0.186499 0.28309 2 
0.177065 0.236979 2 
0.168194 0.217156 2 
0.0854233 0.0983904 2 
0.0440896 0.044909 2 
4.62145 5.26093 3 
4.62053 5.19624 3 
4.61927 4.70801 3 
4.41552 5.26707 3 
0.636393 2.98429 3 
0.240663 0.252669 3 
0.227302 0.236171 3 
0.220755 0.225647 3 
0.219755 0.236514 3 
0.219717 0.222531 3 
0.217661 0.22262 3 
0.217623 0.225074 3 
0.207083 0.236317 3 
0.150238 0.23895 3 
0.0966038 0.110087 3 
1.35198 2.68936 4 
0.227825 0.245529 4 
0.218757 0.271996 4 
0.199927 0.202207 4 
0.199698 0.2007 4 
0.188888 0.211466 4 
0.188011 0.213317 4 
0.186449 0.197666 4 
0.184317 0.21289 4 
0.181762 0.213105 4 
0.131766 0.133015 4 
1.55045 2.46325 5 
0.192585 0.213711 5 
0.148949 0.192259 5 
0.147024 0.202387 5 
0.146022 0.156685 5 
0.13581 0.149069 5 
2.14039 2.24469 6 
2.12455 2.25689 6 
2.10487 2.25268 6 
1.48982 2.2705 6 
0.273705 0.285669 6 
0.218504 0.226172 6 
0.136349 0.162942 6 
0.13163 0.143939 6 
2.54246 2.55111 7 
2.35174 2.47091 7 
2.31502 2.37388 7 
1.99409 2.09337 7 
1.92456 1.94145 7 
1.91688 1.93881 7 
1.82128 1.84165 7 
1.60894 1.93847 7 
1.59604 1.99702 7 
0.188305 0.193536 7 
0.124982 0.127163 7 
2.14158 2.20556 8 
2.12414 2.35983 8 
1.93994 2.33723 8 
1.86011 2.02986 8 
1.51012 1.7181 8 
1.48445 1.83579 8 
0.15397 0.17753 8 
0.136684 0.144822 8 
0.111246 0.114174 8 
0.0408464 0.0432433 8 
2.2429 2.33158 9 
2.23817 2.30288 9 
2.23743 2.29162 9 
2.22096 2.29197 9 
1.42532 1.5348 9 
1.40705 1.4278 9 
0.24455 0.24653 9 
0.11897 0.131001 9 
0.102947 0.118117 9 
0.0741661 0.0769536 9 
1.87621 2.14657 10 
1.85023 2.13863 10 
1.46203 1.48714 10 
1.17485 1.26259 10 
0.24074 0.250663 10 
0.237015 0.241006 10 
0.10756 0.115055 10 
1.9689 1.98592 11 
1.70555 1.85666 11 
1.47725 1.52236 11 
1.47647 1.5712 11 
0.606476 0.616189 11 
0.459605 0.463059 11 
0.190245 0.232488 11 
0.919707 0.963484 12 
0.877197 1.0133 12 
0.871927 0.953698 12 
0.853854 1.05425 12 
0.849236 0.952072 12 
0.709076 0.741509 12 
1.89226 1.97339 13 
1.8909 1.97496 13 
1.89051 1.97941 13 
2.26417 2.27296 14 
2.2599 2.26936 14 
2.25979 2.26904 14 
0.275046 0.290585 14 
1.93124 1.95167 15 
1.75258 2.01145 15 
1.75099 2.01228 15 
1.50607 1.53287 15 
1.50607 1.53318 15 
1.50412 1.53102 15 
0.342334 0.346348 15 
1.69854 1.84271 16 
1.6982 1.77134 16 
1.67623 1.86025 16 
1.13411 1.21848 16 
1.65205 1.66591 17 
1.2438 1.33262 17 
1.24241 1.32953 17 
1.23292 1.32495 17 
0.171175 0.172837 17 
0.170369 0.172837 17 
0.169019 0.172359 17 
1.47162 1.54719 18 
1.36801 1.47539 18 
1.36635 1.47428 18 
1.36613 1.47388 18 
0.488472 0.491339 20 
