0 0.0472801 1 
0 0.0478835 1 
0 0.0484785 1 
0 0.0513489 1 
0 0.0513495 1 
0 0.0519012 1 
0 0.0519021 1 
0 0.0519046 1 
0 0.0524534 1 
0 0.052997 1 
0 0.0529973 1 
0 0.0545923 1 
0 0.0556353 1 
0 0.056148 1 
0 0.0581521 1 
0 0.0581528 1 
0 0.0600912 1 
0 0.060568 1 
0 0.0615101 1 
0 0.0619713 1 
0 0.0619713 1 
0 0.0619713 1 
0 0.0628811 1 
0 0.0628894 1 
0 0.0633447 1 
0 0.0637944 1 
0 0.0651282 1 
0 0.0651289 1 
0 0.0672925 1 
0 0.067293 1 
0 0.0685532 1 
0 0.0685572 1 
0 0.0685588 1 
0 0.070211 1 
0 0.0702118 1 
0 0.0710193 1 
0 0.0753206 1 
0 0.0760865 1 
0 0.0764633 1 
0 0.0779457 1 
0 0.0783141 1 
0 0.0808414 1 
0 0.0825889 1 
0 0.0836244 1 
0 0.0836288 1 
0 0.0843049 1 
0 0.0846432 1 
0 0.0849855 1 
0 0.0856561 1 
0 0.0863231 1 
0 0.0863236 1 
0 0.0869875 1 
0 0.0873151 1 
0 0.0876379 1 
0 0.0889384 1 
0 0.0889393 1 
0 0.0889393 1 
0 0.0895774 1 
0 0.0895813 1 
0 0.0899006 1 
0 0.0911632 1 
0 0.0927214 1 
0 0.0927254 1 
0 0.0927264 1 
0 0.094253 1 
0 0.0948657 1 
0 0.0951685 1 
0 0.100437 1 
0 0.101011 1 
0 0.101289 1 
0 0.101289 1 
0 0.101293 1 
0 0.102698 1 
0 0.104357 1 
0 0.110494 1 
0 0.111265 1 
0 0.111272 1 
0 0.112805 1 
0 0.115315 1 
0 0.115317 1 
0 0.116554 1 
0 0.117043 1 
0 0.118261 1 
0 0.119943 1 
0 0.120425 1 
0 0.121615 1 
0 0.123477 1 
0 0.123939 1 
0 0.124408 1 
0 0.125325 1 
0 0.128485 1 
0 0.13113 1 
0 0.132005 1 
0 0.142844 1 
0 0.173302 1 
0 0.182334 1 
0 0.185761 1 
0 0.190034 1 
0 0.19362 1 
0 0.213737 1 
0 0.216538 1 
0 0.240016 1 
0 0.246729 1 
0 0.251151 1 
0 0.27224 1 
0 0.274828 1 
0 0.280943 1 
0 0.282142 1 
0 0.285881 1 
0 0.294879 1 
0 0.300943 1 
0 0.324477 1 
0 0.325637 1 
0 0.327291 1 
0 0.407557 1 
0 0.424313 1 
0 0.441561 1 
0 0.469397 1 
0 0.47588 1 
0 0.732251 1 
0 1.42773 1 
0 1.85415 1 
0 2.80293 1 
0 2.92049 1 
0 3.8902 1 
0 4.33728 1 
0 4.48153 1 
0 5.91755 1 
0 7.19974 1 
0 7.34088 1 
0 7.88508 1 
0 inf 1 
0 0.021414 2 
0 0.0239426 2 
0 0.037854 2 
0 0.0386047 2 
0 0.0414668 2 
0 0.0421521 2 
0 0.0466708 2 
0 0.0478832 2 
0 0.0478832 2 
0 0.0513452 2 
0 0.0535355 2 
0 0.0556364 2 
0 0.0600931 2 
0 0.0615101 2 
0 0.0637932 2 
0 0.0655656 2 
0 0.0664349 2 
0 0.0672892 2 
0 0.0677148 2 
0 0.0677171 2 
0 0.0681363 2 
0 0.0681373 2 
0 0.0689745 2 
0 0.0698014 2 
0 0.0702088 2 
0 0.0702104 2 
0 0.070213 2 
0 0.0702148 2 
0 0.0706135 2 
0 0.0710223 2 
0 0.0722232 2 
0 0.0737914 2 
0 0.0753324 2 
0 0.0764612 2 
0 0.0768381 2 
0 0.0783159 2 
0 0.0797635 2 
0 0.0808394 2 
0 0.0829383 2 
0 0.0832855 2 
0 0.0853198 2 
0 0.0853223 2 
0 0.0869884 2 
0 0.0879679 2 
0 0.090217 2 
0 0.0927288 2 
0 0.0927291 2 
0 0.0933356 2 
0 0.0954676 2 
0 0.0957667 2 
0 0.0972538 2 
0 0.101292 2 
0 0.102133 2 
0 0.102134 2 
0 0.102697 2 
0 0.103533 2 
0 0.105181 2 
0 0.10626 2 
0 0.106269 2 
0 0.111526 2 
0 0.111533 2 
0 0.11204 2 
0 0.112295 2 
0 0.113815 2 
0 0.114065 2 
0 0.118262 2 
0 0.119942 2 
0 0.120183 2 
0 0.121371 2 
0 0.121605 2 
0 0.12184 2 
0 0.123709 2 
0 0.125319 2 
0 0.132435 2 
0 0.1333 2 
0 0.142244 2 
0 0.163435 2 
0 0.171144 2 
0 0.171814 2 
0 0.176739 2 
0 0.179002 2 
0 0.18452 2 
0 0.184824 2 
0 0.196552 2 
0 0.20145 2 
0 0.208994 2 
0 0.222411 2 
0 0.22523 2 
0 0.231382 2 
0 0.231384 2 
0 0.233842 2 
0 0.240609 2 
0 0.261901 2 
0 0.268084 2 
0 0.27095 2 
0 0.280436 2 
0 0.283382 2 
0 0.294589 2 
0 0.29507 2 
0 0.300657 2 
0 0.306418 2 
0 0.308148 2 
0 0.329319 2 
0 0.357063 2 
0 0.357195 2 
0 0.358107 2 
0 0.360046 2 
0 0.366436 2 
0 0.367607 2 
0 0.387496 2 
0 0.401981 2 
0 0.677103 2 
0 1.32642 2 
0 1.72845 2 
0 1.91849 2 
0 2.21073 2 
0 2.29758 2 
0 2.69246 2 
0 3.90352 2 
0 4.19526 2 
0 4.49348 2 
0 4.6936 2 
0 4.73957 2 
0 5.62311 2 
0 6.09385 2 
0 6.85509 2 
0 7.05971 2 
0 inf 2 
0 0.0283278 3 
0 0.0312148 3 
0 0.0312148 3 
0 0.0386051 3 
0 0.0414684 3 
0 0.0454265 3 
0 0.0484779 3 
0 0.0484781 3 
0 0.050219 3 
0 0.0535308 3 
0 0.0540683 3 
0 0.0540683 3 
0 0.0566562 3 
0 0.0633421 3 
0 0.0637938 3 
0 0.0646879 3 
0 0.0655708 3 
0 0.0664365 3 
0 0.067293 3 
0 0.0677148 3 
0 0.068551 3 
0 0.0693894 3 
0 0.0726185 3 
0 0.073793 3 
0 0.0737931 3 
0 0.0779485 3 
0 0.0801247 3 
0 0.0815425 3 
0 0.0822386 3 
0 0.082242 3 
0 0.0822441 3 
0 0.0825918 3 
0 0.082937 3 
0 0.087642 3 
0 0.0914819 3 
0 0.092106 3 
0 0.093645 3 
0 0.093647 3 
0 0.0942586 3 
0 0.101008 3 
0 0.101013 3 
0 0.101579 3 
0 0.105182 3 
0 0.1068 3 
0 0.107869 3 
0 0.112293 3 
0 0.113819 3 
0 0.114318 3 
0 0.115317 3 
0 0.117775 3 
0 0.118019 3 
0 0.126458 3 
0 0.126915 3 
0 0.129812 3 
0 0.132442 3 
0 0.134584 3 
0 0.140832 3 
0 0.146223 3 
0 0.147001 3 
0 0.148742 3 
0 0.149131 3 
0 0.153117 3 
0 0.155154 3 
0 0.155713 3 
0 0.156448 3 
0 0.15791 3 
0 0.169126 3 
0 0.175122 3 
0 0.176908 3 
0 0.181861 3 
0 0.182488 3 
0 0.190027 3 
0 0.194059 3 
0 0.195233 3 
0 0.196984 3 
0 0.204413 3 
0 0.212394 3 
0 0.214407 3 
0 0.221638 3 
0 0.228011 3 
0 0.23138 3 
0 0.232985 3 
0 0.25393 3 
0 0.255628 3 
0 0.258964 3 
0 0.26523 3 
0 0.267987 3 
0 0.269799 3 
0 0.270339 3 
0 0.275895 3 
0 0.284677 3 
0 0.287787 3 
0 0.293618 3 
0 0.301368 3 
0 0.306997 3 
0 0.31574 3 
0 0.332778 3 
0 0.343979 3 
0 0.347906 3 
0 0.363663 3 
0 0.376795 3 
0 0.390949 3 
0 0.406336 3 
0 0.679849 3 
0 1.06904 3 
0 1.18074 3 
0 1.39462 3 
0 1.71117 3 
0 2.12258 3 
0 2.25584 3 
0 2.40232 3 
0 2.46893 3 
0 2.49056 3 
0 2.49281 3 
0 2.66032 3 
0 2.75965 3 
0 3.03302 3 
0 3.62467 3 
0 3.63252 3 
0 3.64107 3 
0 4.0576 3 
0 4.05768 3 
0 4.06753 3 
0 inf 3 
0 0.0200306 4 
0 0.0363092 4 
0 0.0434924 4 
0 0.0460533 4 
0 0.0466714 4 
0 0.0561472 4 
0 0.0566584 4 
0 0.0581543 4 
0 0.0581563 4 
0 0.0596177 4 
0 0.0619672 4 
0 0.0619713 4 
0 0.0685566 4 
0 0.0689743 4 
0 0.0722218 4 
0 0.0745637 4 
0 0.074568 4 
0 0.0772087 4 
0 0.0772125 4 
0 0.0794005 4 
0 0.0808344 4 
0 0.0808348 4 
0 0.0839639 4 
0 0.0843114 4 
0 0.0859892 4 
0 0.08926 4 
0 0.0914774 4 
0 0.0914807 4 
0 0.0930353 4 
0 0.0987084 4 
0 0.102422 4 
0 0.10298 4 
0 0.105183 4 
0 0.105449 4 
0 0.107609 4 
0 0.109978 4 
0 0.111782 4 
0 0.113812 4 
0 0.114068 4 
0 0.114565 4 
0 0.116546 4 
0 0.116556 4 
0 0.119703 4 
0 0.121848 4 
0 0.126004 4 
0 0.133297 4 
0 0.136696 4 
0 0.146415 4 
0 0.146415 4 
0 0.149126 4 
0 0.154785 4 
0 0.164483 4 
0 0.165525 4 
0 0.167934 4 
0 0.168613 4 
0 0.176583 4 
0 0.177385 4 
0 0.183742 4 
0 0.194794 4 
0 0.198728 4 
0 0.200312 4 
0 0.20159 4 
0 0.202165 4 
0 0.207201 4 
0 0.207895 4 
0 0.210768 4 
0 0.21789 4 
0 0.221357 4 
0 0.22164 4 
0 0.222156 4 
0 0.227719 4 
0 0.24684 4 
0 0.256978 4 
0 0.258183 4 
0 0.262586 4 
0 0.271077 4 
0 0.278393 4 
0 0.280738 4 
0 0.28248 4 
0 0.283681 4 
0 0.2888 4 
0 0.290634 4 
0 0.303398 4 
0 0.304126 4 
0 0.306135 4 
0 0.309391 4 
0 0.321025 4 
0 0.322691 4 
0 0.326961 4 
0 0.333632 4 
0 0.336688 4 
0 0.343706 4 
0 0.345001 4 
0 0.349084 4 
0 0.350068 4 
0 0.682962 4 
0 0.877148 4 
0 1.14497 4 
0 1.14534 4 
0 1.40144 4 
0 1.70728 4 
0 2.1168 4 
0 2.23686 4 
0 2.37503 4 
0 2.55213 4 
0 2.59745 4 
0 2.62582 4 
0 2.87473 4 
0 3.06114 4 
0 3.06369 4 
0 3.06553 4 
0 3.06596 4 
0 3.06707 4 
0 3.06719 4 
0 3.06791 4 
0 3.23347 4 
0 3.25667 4 
0 3.25738 4 
0 3.25823 4 
0 inf 4 
0 0.02394 5 
0 0.0251099 5 
0 0.0407689 5 
0 0.042828 5 
0 0.0454215 5 
0 0.0484737 5 
0 0.0490686 5 
0 0.0507868 5 
0 0.0513424 5 
0 0.0535352 5 
0 0.0600961 5 
0 0.0615027 5 
0 0.0619669 5 
0 0.0637966 5 
0 0.0672948 5 
0 0.0698016 5 
0 0.0698016 5 
0 0.0702067 5 
0 0.0702106 5 
0 0.0722132 5 
0 0.0737911 5 
0 0.0741785 5 
0 0.07571 5 
0 0.0768417 5 
0 0.0772093 5 
0 0.0790451 5 
0 0.0811924 5 
0 0.0825912 5 
0 0.08532 5 
0 0.0863221 5 
0 0.0873144 5 
0 0.0924181 5 
0 0.0963629 5 
0 0.0998668 5 
0 0.10186 5 
0 0.10214 5 
0 0.102977 5 
0 0.103533 5 
0 0.109973 5 
0 0.111014 5 
0 0.112804 5 
0 0.12532 5 
0 0.130257 5 
0 0.131565 5 
0 0.134795 5 
0 0.138362 5 
0 0.142446 5 
0 0.160783 5 
0 0.165527 5 
0 0.169122 5 
0 0.17008 5 
0 0.174297 5 
0 0.175118 5 
0 0.190217 5 
0 0.193651 5 
0 0.199596 5 
0 0.20386 5 
0 0.206085 5 
0 0.206374 5 
0 0.207372 5 
0 0.207372 5 
0 0.210763 5 
0 0.213598 5 
0 0.216167 5 
0 0.237572 5 
0 0.244619 5 
0 0.252086 5 
0 0.257188 5 
0 0.268309 5 
0 0.276073 5 
0 0.280091 5 
0 0.287793 5 
0 0.306034 5 
0 0.309108 5 
0 0.313147 5 
0 0.315713 5 
0 0.320049 5 
0 0.325533 5 
0 0.326433 5 
0 0.328338 5 
0 0.32871 5 
0 0.332951 5 
0 0.333471 5 
0 0.336619 5 
0 0.337379 5 
0 0.357207 5 
0 0.362285 5 
0 0.671278 5 
0 0.698901 5 
0 0.855749 5 
0 1.06866 5 
0 1.3663 5 
0 1.62804 5 
0 1.73425 5 
0 1.73734 5 
0 1.73795 5 
0 1.74088 5 
0 2.11428 5 
0 2.22808 5 
0 2.33319 5 
0 2.37464 5 
0 2.41473 5 
0 2.41484 5 
0 2.50714 5 
0 2.52861 5 
0 2.56845 5 
0 2.56896 5 
0 2.80382 5 
0 2.80422 5 
0 2.80468 5 
0 2.80726 5 
0 3.03129 5 
0 3.05378 5 
0 3.05468 5 
0 3.05634 5 
0 inf 5 
0 0.0239413 6 
0 0.0400623 6 
0 0.0441436 6 
0 0.051349 6 
0 0.052995 6 
0 0.0551184 6 
0 0.0561493 6 
0 0.0646884 6 
0 0.0698011 6 
0 0.0702104 6 
0 0.0706175 6 
0 0.0764647 6 
0 0.0801215 6 
0 0.0804845 6 
0 0.0818948 6 
0 0.083621 6 
0 0.0879671 6 
0 0.0917936 6 
0 0.0936537 6 
0 0.0951673 6 
0 0.0978361 6 
0 0.0984151 6 
0 0.102138 6 
0 0.104905 6 
0 0.105724 6 
0 0.105996 6 
0 0.110237 6 
0 0.111784 6 
0 0.113058 6 
0 0.118269 6 
0 0.11874 6 
0 0.11899 6 
0 0.120425 6 
0 0.124402 6 
0 0.124633 6 
0 0.126008 6 
0 0.126008 6 
0 0.141027 6 
0 0.143247 6 
0 0.146412 6 
0 0.150467 6 
0 0.152736 6 
0 0.155524 6 
0 0.155713 6 
0 0.162205 6 
0 0.169968 6 
0 0.17297 6 
0 0.173967 6 
0 0.180279 6 
0 0.192125 6 
0 0.208201 6 
0 0.210851 6 
0 0.232647 6 
0 0.233232 6 
0 0.233723 6 
0 0.23905 6 
0 0.240011 6 
0 0.243525 6 
0 0.247797 6 
0 0.248455 6 
0 0.248721 6 
0 0.255738 6 
0 0.259923 6 
0 0.263898 6 
0 0.263898 6 
0 0.267744 6 
0 0.284083 6 
0 0.290566 6 
0 0.296139 6 
0 0.29778 6 
0 0.303499 6 
0 0.307257 6 
0 0.312614 6 
0 0.345971 6 
0 0.360385 6 
0 0.3611 6 
0 0.362051 6 
0 0.367787 6 
0 0.372585 6 
0 0.597987 6 
0 0.698916 6 
0 0.863244 6 
0 0.907408 6 
0 0.909805 6 
0 0.910812 6 
0 0.911567 6 
0 1.29143 6 
0 1.36422 6 
0 1.55191 6 
0 1.92187 6 
0 1.92866 6 
0 1.93964 6 
0 1.94086 6 
0 2.11093 6 
0 2.12604 6 
0 2.13464 6 
0 2.17407 6 
0 2.17687 6 
0 2.22916 6 
0 2.32424 6 
0 2.32443 6 
0 2.3246 6 
0 2.33055 6 
0 2.34707 6 
0 2.37338 6 
0 2.40763 6 
0 2.42624 6 
0 2.43002 6 
0 2.43023 6 
0 2.43735 6 
0 2.54967 6 
0 inf 6 
0 0.0239388 7 
0 0.0355084 7 
0 0.0460491 7 
0 0.0460491 7 
0 0.0519034 7 
0 0.0551177 7 
0 0.0581538 7 
0 0.0596141 7 
0 0.0619718 7 
0 0.0624289 7 
0 0.0628854 7 
0 0.0637969 7 
0 0.0660047 7 
0 0.0783134 7 
0 0.0790382 7 
0 0.0790434 7 
0 0.08498 7 
0 0.0939546 7 
0 0.094865 7 
0 0.0990009 7 
0 0.102422 7 
0 0.102978 7 
0 0.10653 7 
0 0.106797 7 
0 0.106803 7 
0 0.111272 7 
0 0.111785 7 
0 0.114572 7 
0 0.118507 7 
0 0.118747 7 
0 0.124867 7 
0 0.126463 7 
0 0.129146 7 
0 0.13308 7 
0 0.146215 7 
0 0.151424 7 
0 0.154237 7 
0 0.157298 7 
0 0.159699 7 
0 0.162385 7 
0 0.163024 7 
0 0.172587 7 
0 0.174504 7 
0 0.178035 7 
0 0.178363 7 
0 0.190729 7 
0 0.191983 7 
0 0.200742 7 
0 0.204969 7 
0 0.207479 7 
0 0.207885 7 
0 0.23079 7 
0 0.231411 7 
0 0.232275 7 
0 0.235913 7 
0 0.25075 7 
0 0.271182 7 
0 0.273812 7 
0 0.294871 7 
0 0.295073 7 
0 0.29768 7 
0 0.303402 7 
0 0.309396 7 
0 0.320048 7 
0 0.320048 7 
0 0.326431 7 
0 0.335079 7 
0 0.338837 7 
0 0.354287 7 
0 0.354287 7 
0 0.386381 7 
0 0.541038 7 
0 0.570685 7 
0 0.589217 7 
0 0.689326 7 
0 0.713198 7 
0 0.747276 7 
0 0.833763 7 
0 0.835411 7 
0 0.835411 7 
0 0.850102 7 
0 0.862062 7 
0 1.35625 7 
0 1.35765 7 
0 1.56118 7 
0 1.57215 7 
0 1.57957 7 
0 1.63147 7 
0 1.63371 7 
0 1.63993 7 
0 1.65227 7 
0 1.70676 7 
0 1.79791 7 
0 2.1258 7 
0 2.13806 7 
0 2.1419 7 
0 2.14276 7 
0 2.14368 7 
0 2.22809 7 
0 2.24179 7 
0 2.24236 7 
0 2.2424 7 
0 2.24297 7 
0 2.28037 7 
0 2.28173 7 
0 2.2875 7 
0 2.2881 7 
0 inf 7 
0 0.0633428 8 
0 0.0706168 8 
0 0.0760875 8 
0 0.0775777 8 
0 0.0815418 8 
0 0.084984 8 
0 0.0853199 8 
0 0.086324 8 
0 0.0892531 8 
0 0.0914675 8 
0 0.0924171 8 
0 0.0969573 8 
0 0.0972542 8 
0 0.0990029 8 
0 0.0990061 8 
0 0.11101 8 
0 0.122548 8 
0 0.123248 8 
0 0.123476 8 
0 0.123942 8 
0 0.125318 8 
0 0.125778 8 
0 0.130472 8 
0 0.131784 8 
0 0.134155 8 
0 0.135222 8 
0 0.137313 8 
0 0.137323 8 
0 0.138145 8 
0 0.143221 8 
0 0.146411 8 
0 0.14778 8 
0 0.149128 8 
0 0.150467 8 
0 0.156629 8 
0 0.162378 8 
0 0.166566 8 
0 0.180001 8 
0 0.186016 8 
0 0.187583 8 
0 0.201628 8 
0 0.209265 8 
0 0.210391 8 
0 0.214673 8 
0 0.247067 8 
0 0.248675 8 
0 0.252806 8 
0 0.25313 8 
0 0.256839 8 
0 0.27951 8 
0 0.283779 8 
0 0.283985 8 
0 0.285489 8 
0 0.301225 8 
0 0.301225 8 
0 0.303787 8 
0 0.315921 8 
0 0.318874 8 
0 0.32665 8 
0 0.341786 8 
0 0.34346 8 
0 0.35162 8 
0 0.357764 8 
0 0.382971 8 
0 0.400529 8 
0 0.437466 8 
0 0.523847 8 
0 0.684246 8 
0 0.705176 8 
0 0.83781 8 
0 0.83781 8 
0 0.839689 8 
0 0.860318 8 
0 0.865665 8 
0 1.05489 8 
0 1.08981 8 
0 1.13466 8 
0 1.16194 8 
0 1.29385 8 
0 1.30438 8 
0 1.39363 8 
0 1.41544 8 
0 1.42744 8 
0 1.45228 8 
0 1.45606 8 
0 1.46833 8 
0 1.51692 8 
0 1.53108 8 
0 1.53474 8 
0 1.55285 8 
0 1.58494 8 
0 1.59219 8 
0 1.63416 8 
0 2.10809 8 
0 2.10829 8 
0 2.11152 8 
0 2.11352 8 
0 2.11452 8 
0 2.23533 8 
0 2.23815 8 
0 2.23892 8 
0 2.23996 8 
0 2.24771 8 
0 inf 8 
0 0.0434907 9 
0 0.0496494 9 
0 0.0591314 9 
0 0.0637865 9 
0 0.0702148 9 
0 0.0797653 9 
0 0.0879675 9 
0 0.0917969 9 
0 0.0954652 9 
0 0.0957644 9 
0 0.0963666 9 
0 0.106803 9 
0 0.112807 9 
0 0.119461 9 
0 0.126008 9 
0 0.129371 9 
0 0.129738 9 
0 0.132578 9 
0 0.132651 9 
0 0.133731 9 
0 0.135222 9 
0 0.136906 9 
0 0.14739 9 
0 0.149448 9 
0 0.160067 9 
0 0.164483 9 
0 0.165697 9 
0 0.166606 9 
0 0.168948 9 
0 0.180121 9 
0 0.187443 9 
0 0.187443 9 
0 0.190025 9 
0 0.190775 9 
0 0.192428 9 
0 0.194796 9 
0 0.208616 9 
0 0.214041 9 
0 0.217726 9 
0 0.226364 9 
0 0.227249 9 
0 0.235304 9 
0 0.253935 9 
0 0.264871 9 
0 0.270654 9 
0 0.276918 9 
0 0.279902 9 
0 0.303213 9 
0 0.314534 9 
0 0.315358 9 
0 0.321829 9 
0 0.353169 9 
0 0.35632 9 
0 0.409868 9 
0 0.415778 9 
0 0.41626 9 
0 0.419544 9 
0 0.452595 9 
0 0.453417 9 
0 0.476531 9 
0 0.500248 9 
0 0.530831 9 
0 0.746401 9 
0 0.755601 9 
0 0.755942 9 
0 0.771701 9 
0 0.815262 9 
0 0.819434 9 
0 0.8362 9 
0 0.8362 9 
0 0.836337 9 
0 0.841348 9 
0 0.842981 9 
0 0.87983 9 
0 0.98931 9 
0 1.23627 9 
0 1.25331 9 
0 1.35841 9 
0 1.3657 9 
0 1.36803 9 
0 1.38086 9 
0 1.38335 9 
0 1.39578 9 
0 1.41406 9 
0 1.46355 9 
0 1.46806 9 
0 1.50386 9 
0 1.5277 9 
0 1.52877 9 
0 2.10637 9 
0 2.10735 9 
0 2.11076 9 
0 2.115 9 
0 2.115 9 
0 2.22773 9 
0 2.23024 9 
0 2.2325 9 
0 2.24034 9 
0 2.24276 9 
0 inf 9 
0 0.0556346 10 
0 0.0581527 10 
0 0.0772049 10 
0 0.0808382 10 
0 0.0853189 10 
0 0.0866079 10 
0 0.0914797 10 
0 0.0939529 10 
0 0.0981298 10 
0 0.09899 10 
0 0.100429 10 
0 0.100444 10 
0 0.101573 10 
0 0.105998 10 
0 0.129141 10 
0 0.131569 10 
0 0.132647 10 
0 0.135221 10 
0 0.142814 10 
0 0.150277 10 
0 0.150667 10 
0 0.152599 10 
0 0.161497 10 
0 0.163481 10 
0 0.16418 10 
0 0.165179 10 
0 0.171478 10 
0 0.172307 10 
0 0.175441 10 
0 0.187116 10 
0 0.201456 10 
0 0.221744 10 
0 0.225863 10 
0 0.229515 10 
0 0.230885 10 
0 0.231991 10 
0 0.237254 10 
0 0.266382 10 
0 0.271602 10 
0 0.297873 10 
0 0.329573 10 
0 0.333723 10 
0 0.334411 10 
0 0.340522 10 
0 0.342522 10 
0 0.345289 10 
0 0.345787 10 
0 0.345787 10 
0 0.375512 10 
0 0.41947 10 
0 0.42355 10 
0 0.439314 10 
0 0.481329 10 
0 0.485597 10 
0 0.553953 10 
0 0.563046 10 
0 0.660952 10 
0 0.664455 10 
0 0.670637 10 
0 0.678116 10 
0 0.678116 10 
0 0.714244 10 
0 0.841356 10 
0 0.846789 10 
0 0.854373 10 
0 0.854909 10 
0 0.855445 10 
0 0.886542 10 
0 0.887109 10 
0 0.890984 10 
0 0.891153 10 
0 0.893682 10 
0 1.02317 10 
0 1.34433 10 
0 1.34924 10 
0 1.35308 10 
0 1.35517 10 
0 1.35518 10 
0 1.47202 10 
0 1.47523 10 
0 1.48186 10 
0 1.52058 10 
0 1.57004 10 
0 1.71607 10 
0 1.71687 10 
0 2.11323 10 
0 2.11344 10 
0 2.11998 10 
0 2.12624 10 
0 2.12732 10 
0 2.22688 10 
0 2.22746 10 
0 2.23182 10 
0 2.23433 10 
0 2.23433 10 
0 inf 10 
0 0.0672921 11 
0 0.0794058 11 
0 0.08224 11 
0 0.085318 11 
0 0.0921044 11 
0 0.0939526 11 
0 0.0948639 11 
0 0.0963619 11 
0 0.108652 11 
0 0.115809 11 
0 0.116552 11 
0 0.12298 11 
0 0.137739 11 
0 0.139591 11 
0 0.139602 11 
0 0.141843 11 
0 0.154599 11 
0 0.175284 11 
0 0.184002 11 
0 0.208445 11 
0 0.208445 11 
0 0.215604 11 
0 0.217193 11 
0 0.218279 11 
0 0.223162 11 
0 0.225333 11 
0 0.24591 11 
0 0.257961 11 
0 0.261492 11 
0 0.264685 11 
0 0.265198 11 
0 0.268636 11 
0 0.270257 11 
0 0.272869 11 
0 0.273391 11 
0 0.293612 11 
0 0.297004 11 
0 0.298448 11 
0 0.300458 11 
0 0.309026 11 
0 0.327572 11 
0 0.329728 11 
0 0.333636 11 
0 0.338671 11 
0 0.351788 11 
0 0.353984 11 
0 0.354709 11 
0 0.368401 11 
0 0.371114 11 
0 0.393234 11 
0 0.395632 11 
0 0.561616 11 
0 0.5912 11 
0 0.595306 11 
0 0.663764 11 
0 0.66635 11 
0 0.690183 11 
0 0.690681 11 
0 0.690681 11 
0 0.708445 11 
0 0.709415 11 
0 0.806663 11 
0 0.822249 11 
0 0.849731 11 
0 0.850136 11 
0 0.858588 11 
0 0.859022 11 
0 0.865769 11 
0 1.00712 11 
0 1.31788 11 
0 1.35351 11 
0 1.35444 11 
0 1.35788 11 
0 1.40115 11 
0 1.42993 11 
0 1.43435 11 
0 1.44508 11 
0 1.44874 11 
0 1.55933 11 
0 1.59805 11 
0 1.59897 11 
0 2.10605 11 
0 2.10637 11 
0 2.10788 11 
0 2.10811 11 
0 2.10822 11 
0 2.22902 11 
0 2.22983 11 
0 2.23336 11 
0 2.2503 11 
0 2.25128 11 
0 inf 11 
0 0.0783101 12 
0 0.0849853 12 
0 0.106265 12 
0 0.112549 12 
0 0.114318 12 
0 0.120665 12 
0 0.123709 12 
0 0.127801 12 
0 0.131121 12 
0 0.141028 12 
0 0.147388 12 
0 0.16622 12 
0 0.169297 12 
0 0.169298 12 
0 0.181544 12 
0 0.192576 12 
0 0.199198 12 
0 0.205953 12 
0 0.215071 12 
0 0.218246 12 
0 0.225732 12 
0 0.227484 12 
0 0.246493 12 
0 0.251447 12 
0 0.276932 12 
0 0.288695 12 
0 0.29018 12 
0 0.290275 12 
0 0.293419 12 
0 0.301038 12 
0 0.305661 12 
0 0.311237 12 
0 0.318793 12 
0 0.321497 12 
0 0.325377 12 
0 0.32809 12 
0 0.328527 12 
0 0.329814 12 
0 0.330723 12 
0 0.350398 12 
0 0.353004 12 
0 0.354845 12 
0 0.35794 12 
0 0.358328 12 
0 0.439574 12 
0 0.465626 12 
0 0.465627 12 
0 0.469954 12 
0 0.471963 12 
0 0.472225 12 
0 0.491672 12 
0 0.510241 12 
0 0.663722 12 
0 0.671834 12 
0 0.679455 12 
0 0.681855 12 
0 0.691205 12 
0 0.838767 12 
0 0.843673 12 
0 0.859051 12 
0 0.859418 12 
0 0.859918 12 
0 0.893484 12 
0 0.894125 12 
0 0.903824 12 
0 0.92163 12 
0 1.0691 12 
0 1.34882 12 
0 1.35147 12 
0 1.37137 12 
0 1.38432 12 
0 1.38997 12 
0 1.4609 12 
0 1.46466 12 
0 1.48115 12 
0 1.48723 12 
0 1.51422 12 
0 2.10631 12 
0 2.10696 12 
0 2.10739 12 
0 2.10746 12 
0 2.10783 12 
0 2.22834 12 
0 2.22897 12 
0 2.23517 12 
0 2.23565 12 
0 2.23805 12 
0 inf 12 
0 0.0963608 13 
0 0.102697 13 
0 0.118986 13 
0 0.128256 13 
0 0.133512 13 
0 0.134581 13 
0 0.136276 13 
0 0.154406 13 
0 0.175773 13 
0 0.176262 13 
0 0.180283 13 
0 0.2023 13 
0 0.202866 13 
0 0.205855 13 
0 0.207896 13 
0 0.208447 13 
0 0.209538 13 
0 0.211037 13 
0 0.21427 13 
0 0.229884 13 
0 0.245538 13 
0 0.252919 13 
0 0.271606 13 
0 0.275588 13 
0 0.292706 13 
0 0.294659 13 
0 0.299699 13 
0 0.299699 13 
0 0.30113 13 
0 0.306109 13 
0 0.313051 13 
0 0.313141 13 
0 0.317262 13 
0 0.33148 13 
0 0.3412 13 
0 0.350885 13 
0 0.372985 13 
0 0.392306 13 
0 0.392676 13 
0 0.39739 13 
0 0.403121 13 
0 0.404039 13 
0 0.418194 13 
0 0.424986 13 
0 0.430348 13 
0 0.439509 13 
0 0.4535 13 
0 0.661213 13 
0 0.662944 13 
0 0.692336 13 
0 0.692998 13 
0 0.69498 13 
0 0.699054 13 
0 0.837843 13 
0 0.838493 13 
0 0.839038 13 
0 0.843127 13 
0 0.846688 13 
0 0.97002 13 
0 1.15673 13 
0 1.15704 13 
0 1.15772 13 
0 1.34471 13 
0 1.34471 13 
0 1.36837 13 
0 1.36973 13 
0 1.37174 13 
0 1.43571 13 
0 1.4364 13 
0 1.4446 13 
0 1.44468 13 
0 1.44653 13 
0 1.45443 13 
0 2.10807 13 
0 2.10829 13 
0 2.11003 13 
0 2.11041 13 
0 2.11073 13 
0 2.22599 13 
0 2.22606 13 
0 2.2279 13 
0 2.22851 13 
0 2.22851 13 
0 inf 13 
0 0.107605 14 
0 0.121825 14 
0 0.12804 14 
0 0.144049 14 
0 0.146614 14 
0 0.154975 14 
0 0.157295 14 
0 0.160069 14 
0 0.167756 14 
0 0.173632 14 
0 0.178402 14 
0 0.179959 14 
0 0.188515 14 
0 0.191082 14 
0 0.194648 14 
0 0.198299 14 
0 0.206783 14 
0 0.20954 14 
0 0.214403 14 
0 0.218249 14 
0 0.222412 14 
0 0.228513 14 
0 0.229014 14 
0 0.24626 14 
0 0.249494 14 
0 0.27402 14 
0 0.283883 14 
0 0.283989 14 
0 0.288888 14 
0 0.293123 14 
0 0.295073 14 
0 0.301703 14 
0 0.302742 14 
0 0.335417 14 
0 0.344871 14 
0 0.367935 14 
0 0.3934 14 
0 0.408344 14 
0 0.434196 14 
0 0.434196 14 
0 0.533313 14 
0 0.565242 14 
0 0.589661 14 
0 0.59199 14 
0 0.669781 14 
0 0.68564 14 
0 0.695953 14 
0 0.720891 14 
0 0.72232 14 
0 0.729702 14 
0 0.83366 14 
0 0.834347 14 
0 0.845954 14 
0 0.846361 14 
0 0.848964 14 
0 0.91594 14 
0 1.25093 14 
0 1.34861 14 
0 1.36986 14 
0 1.37203 14 
0 1.37714 14 
0 1.43225 14 
0 1.4373 14 
0 1.44865 14 
0 1.5233 14 
0 1.62144 14 
0 1.62306 14 
0 1.62652 14 
0 2.10568 14 
0 2.10869 14 
0 2.11926 14 
0 2.11931 14 
0 2.11931 14 
0 2.22792 14 
0 2.22809 14 
0 2.22882 14 
0 2.22902 14 
0 2.2356 14 
0 2.37409 14 
0 inf 14 
0 0.0790431 15 
0 0.108888 15 
0 0.113049 15 
0 0.128259 15 
0 0.129373 15 
0 0.137952 15 
0 0.142045 15 
0 0.160113 15 
0 0.180437 15 
0 0.183429 15 
0 0.186836 15 
0 0.187905 15 
0 0.190478 15 
0 0.193466 15 
0 0.19509 15 
0 0.195822 15 
0 0.200737 15 
0 0.200738 15 
0 0.201876 15 
0 0.206785 15 
0 0.208302 15 
0 0.21212 15 
0 0.213333 15 
0 0.220722 15 
0 0.233962 15 
0 0.234329 15 
0 0.273179 15 
0 0.301888 15 
0 0.307346 15 
0 0.309111 15 
0 0.309852 15 
0 0.331289 15 
0 0.334156 15 
0 0.361356 15 
0 0.41148 15 
0 0.414534 15 
0 0.416465 15 
0 0.463561 15 
0 0.464863 15 
0 0.660432 15 
0 0.660649 15 
0 0.670081 15 
0 0.67115 15 
0 0.673877 15 
0 0.711031 15 
0 0.733214 15 
0 0.748675 15 
0 0.810397 15 
0 0.822194 15 
0 0.823065 15 
0 0.850036 15 
0 0.895772 15 
0 0.897435 15 
0 0.898711 15 
0 1.34375 15 
0 1.36447 15 
0 1.36506 15 
0 1.36539 15 
0 1.45394 15 
0 1.48186 15 
0 1.51894 15 
0 1.52767 15 
0 1.68275 15 
0 1.69442 15 
0 1.69451 15 
0 1.70683 15 
0 2.10495 15 
0 2.11967 15 
0 2.11967 15 
0 2.12156 15 
0 2.22913 15 
0 2.22947 15 
0 2.22947 15 
0 2.22967 15 
0 2.25918 15 
0 inf 15 
0 0.0576578 16 
0 0.0595942 16 
0 0.0768388 16 
0 0.0775231 16 
0 0.102421 16 
0 0.107865 16 
0 0.11075 16 
0 0.11899 16 
0 0.120424 16 
0 0.126687 16 
0 0.135222 16 
0 0.136906 16 
0 0.141434 16 
0 0.163431 16 
0 0.19786 16 
0 0.200021 16 
0 0.204976 16 
0 0.215872 16 
0 0.226223 16 
0 0.230882 16 
0 0.232736 16 
0 0.236261 16 
0 0.239174 16 
0 0.240489 16 
0 0.240827 16 
0 0.242842 16 
0 0.278172 16 
0 0.28277 16 
0 0.299025 16 
0 0.301697 16 
0 0.353251 16 
0 0.386569 16 
0 0.387381 16 
0 0.387381 16 
0 0.417623 16 
0 0.60538 16 
0 0.631336 16 
0 0.632832 16 
0 0.676626 16 
0 0.676891 16 
0 0.678076 16 
0 0.685564 16 
0 0.686167 16 
0 0.686309 16 
0 0.687477 16 
0 0.722622 16 
0 0.785921 16 
0 0.791411 16 
0 0.839518 16 
0 0.841428 16 
0 0.841973 16 
0 0.841973 16 
0 1.39092 16 
0 1.39667 16 
0 1.40532 16 
0 1.43931 16 
0 1.43955 16 
0 1.45487 16 
0 1.51336 16 
0 1.51948 16 
0 1.54772 16 
0 1.55356 16 
0 1.55952 16 
0 2.11344 16 
0 2.11368 16 
0 2.11597 16 
0 2.11672 16 
0 2.23591 16 
0 2.23887 16 
0 2.24502 16 
0 2.24594 16 
0 inf 16 
0 0.0863244 17 
0 0.0866558 17 
0 0.0963647 17 
0 0.0969577 17 
0 0.119943 17 
0 0.125928 17 
0 0.130467 17 
0 0.135784 17 
0 0.140818 17 
0 0.141427 17 
0 0.154415 17 
0 0.173304 17 
0 0.177392 17 
0 0.182958 17 
0 0.198126 17 
0 0.208968 17 
0 0.208968 17 
0 0.215449 17 
0 0.225991 17 
0 0.239775 17 
0 0.245094 17 
0 0.249154 17 
0 0.319685 17 
0 0.323251 17 
0 0.324578 17 
0 0.324579 17 
0 0.34816 17 
0 0.35236 17 
0 0.378724 17 
0 0.379933 17 
0 0.381439 17 
0 0.398515 17 
0 0.4107 17 
0 0.418168 17 
0 0.642194 17 
0 0.666651 17 
0 0.666866 17 
0 0.667854 17 
0 0.672345 17 
0 0.775435 17 
0 0.791918 17 
0 0.809377 17 
0 0.836656 17 
0 0.849765 17 
0 0.852493 17 
0 0.858389 17 
0 0.85889 17 
0 0.912798 17 
0 1.16413 17 
0 1.23927 17 
0 1.2992 17 
0 1.34663 17 
0 1.4489 17 
0 1.4526 17 
0 1.45325 17 
0 1.47288 17 
0 1.48555 17 
0 1.49374 17 
0 1.50123 17 
0 2.10531 17 
0 2.10597 17 
0 2.10805 17 
0 2.10826 17 
0 2.23373 17 
0 2.24042 17 
0 2.24734 17 
0 2.24766 17 
0 inf 17 
0 0.072221 18 
0 0.073402 18 
0 0.0808206 18 
0 0.093941 18 
0 0.103245 18 
0 0.116552 18 
0 0.120817 18 
0 0.127061 18 
0 0.142579 18 
0 0.158134 18 
0 0.158677 18 
0 0.159579 18 
0 0.193024 18 
0 0.197718 18 
0 0.202304 18 
0 0.216395 18 
0 0.23614 18 
0 0.239885 18 
0 0.245203 18 
0 0.247401 18 
0 0.254031 18 
0 0.315624 18 
0 0.326251 18 
0 0.32704 18 
0 0.403738 18 
0 0.459969 18 
0 0.462207 18 
0 0.463693 18 
0 0.490295 18 
0 0.492918 18 
0 0.497375 18 
0 0.616138 18 
0 0.688269 18 
0 0.689184 18 
0 0.693289 18 
0 0.695271 18 
0 0.752121 18 
0 0.775238 18 
0 0.791015 18 
0 0.836166 18 
0 0.837159 18 
0 0.83738 18 
0 0.837536 18 
0 0.83798 18 
0 0.950082 18 
0 1.24916 18 
0 1.36197 18 
0 1.36389 18 
0 1.37937 18 
0 1.37968 18 
0 1.46722 18 
0 1.47399 18 
0 1.49945 18 
0 1.50006 18 
0 1.50054 18 
0 2.11066 18 
0 2.11121 18 
0 2.11131 18 
0 2.11174 18 
0 2.22965 18 
0 2.23242 18 
0 2.23479 18 
0 2.23529 18 
0 inf 18 
0 0.0733921 19 
0 0.092405 19 
0 0.0945509 19 
0 0.132361 19 
0 0.133913 19 
0 0.135012 19 
0 0.145041 19 
0 0.150212 19 
0 0.154466 19 
0 0.155022 19 
0 0.162028 19 
0 0.182529 19 
0 0.213998 19 
0 0.217189 19 
0 0.221372 19 
0 0.24659 19 
0 0.248904 19 
0 0.2519 19 
0 0.2573 19 
0 0.257506 19 
0 0.274542 19 
0 0.277035 19 
0 0.303786 19 
0 0.303786 19 
0 0.305661 19 
0 0.306503 19 
0 0.309766 19 
0 0.314442 19 
0 0.38768 19 
0 0.395438 19 
0 0.403686 19 
0 0.412113 19 
0 0.544889 19 
0 0.545467 19 
0 0.54615 19 
0 0.684218 19 
0 0.68656 19 
0 0.689184 19 
0 0.735746 19 
0 0.865671 19 
0 0.865903 19 
0 0.867491 19 
0 1.34975 19 
0 1.35875 19 
0 1.35885 19 
0 1.52211 19 
0 1.52314 19 
0 1.54327 19 
0 1.54592 19 
0 1.54665 19 
0 2.10696 19 
0 2.10811 19 
0 2.10811 19 
0 2.14599 19 
0 2.22722 19 
0 2.23246 19 
0 2.23287 19 
0 2.62941 19 
0 3.21936 19 
0 inf 19 
0 0.117522 20 
0 0.127512 20 
0 0.128027 20 
0 0.131932 20 
0 0.132146 20 
0 0.13329 20 
0 0.133509 20 
0 0.146411 20 
0 0.146606 20 
0 0.16708 20 
0 0.16708 20 
0 0.167935 20 
0 0.168489 20 
0 0.177599 20 
0 0.180797 20 
0 0.189125 20 
0 0.19902 20 
0 0.199739 20 
0 0.227499 20 
0 0.231248 20 
0 0.232361 20 
0 0.257411 20 
0 0.26161 20 
0 0.276311 20 
0 0.277139 20 
0 0.302462 20 
0 0.305668 20 
0 0.306515 20 
0 0.314175 20 
0 0.319061 20 
0 0.321923 20 
0 0.335847 20 
0 0.338142 20 
0 0.339243 20 
0 0.349011 20 
0 0.564063 20 
0 0.564267 20 
0 0.667167 20 
0 0.667381 20 
0 0.671449 20 
0 0.676278 20 
0 0.860756 20 
0 0.864709 20 
0 1.34767 20 
0 1.34818 20 
0 1.52151 20 
0 1.52427 20 
0 1.56505 20 
0 1.56563 20 
0 1.71407 20 
0 2.12086 20 
0 2.12279 20 
0 2.2324 20 
0 2.23259 20 
0 2.2731 20 
0 inf 20 
