5.5549 8.21098 1 
1.14851 1.19431 1 
0.693617 1.59801 1 
0.547463 0.560996 1 
0.494682 0.578736 1 
0.177558 0.190267 1 
0.141431 0.14708 1 
0.126844 0.132706 1 
0.125546 0.125547 1 
0.125545 0.125548 1 
0.122931 0.13434 1 
0.12292 0.129386 1 
0.121142 0.150731 1 
0.118877 0.122486 1 
0.107855 0.113261 1 
0.10374 0.105299 1 
0.10108 0.105299 1 
0.0994665 0.110346 1 
0.0994644 0.129381 1 
0.099455 0.10885 1 
0.0966926 0.100545 1 
0.0961251 0.114693 1 
0.0938411 0.111319 1 
0.0914933 0.0938333 1 
0.0903022 0.0955631 1 
0.0827553 0.103744 1 
0.0820992 0.114698 1 
0.0814289 0.086602 1 
0.0807543 0.103741 1 
0.077328 0.0884755 1 
0.0729814 0.0794102 1 
6.20778 6.3524 2 
5.71167 6.13367 2 
4.70488 6.3644 2 
1.57878 1.58208 2 
0.680913 0.721986 2 
0.586634 1.59614 2 
0.522258 0.575153 2 
0.511529 0.53653 2 
0.388303 0.404353 2 
0.151093 0.151448 2 
0.1395 0.144474 2 
0.134738 0.140663 2 
0.129387 0.139492 2 
0.128971 0.140657 2 
0.127698 0.134342 2 
0.124242 0.124244 2 
0.12248 0.144473 2 
0.10836 0.124242 2 
0.0966925 0.107348 2 
0.0955576 0.100008 2 
0.0944234 0.100548 2 
0.0938267 0.0938333 2 
0.0908945 0.102151 2 
0.0878539 0.108858 2 
0.0846993 0.0989182 2 
4.63706 4.85317 3 
4.63232 5.20541 3 
4.58931 5.2299 3 
1.3255 1.40838 3 
1.31364 1.37081 3 
0.84222 0.907513 3 
0.696778 1.43536 3 
0.481876 0.504684 3 
0.282672 0.284204 3 
0.242961 0.270281 3 
0.183874 0.206962 3 
0.145224 0.148547 3 
0.143717 0.148547 3 
0.13311 0.145221 3 
0.129385 0.129385 3 
0.12114 0.137928 3 
0.12114 0.128968 3 
0.116564 0.125982 3 
0.10374 0.111807 3 
0.102691 0.104787 3 
0.100539 0.100545 3 
0.0978037 0.109354 3 
0.0866008 0.0961295 3 
0.0859813 0.0866188 3 
3.74574 3.75513 4 
3.64262 3.65225 4 
1.2299 1.25265 4 
1.16439 1.19845 4 
1.11227 1.18183 4 
0.754888 1.3013 4 
0.193947 0.228907 4 
0.148546 0.165843 4 
0.142196 0.165843 4 
0.119784 0.134735 4 
0.108349 0.109344 4 
0.100002 0.109842 4 
1.10653 1.19782 5 
1.01212 1.08936 5 
0.949837 1.23043 5 
0.934166 0.940152 5 
0.929148 0.931544 5 
0.898978 1.01876 5 
0.171331 0.182392 5 
0.130636 0.150006 5 
0.121594 0.124681 5 
0.117497 0.137138 5 
0.954629 1.16578 6 
0.917236 0.937573 6 
0.876582 0.932767 6 
0.81407 0.873661 6 
0.398257 0.431152 6 
0.196454 0.229147 6 
0.185043 0.186509 6 
0.099456 0.103213 6 
0.0914887 0.0966882 6 
1.11932 1.12233 7 
1.10002 1.10629 7 
1.08731 1.08884 7 
0.859534 0.90409 7 
0.727168 0.746193 7 
0.320519 0.332179 7 
0.293244 0.32456 7 
0.290454 0.320516 7 
0.180894 0.18564 7 
0.173842 0.176019 7 
0.164851 0.183573 7 
0.13793 0.17259 7 
1.15058 1.21894 8 
1.11631 1.15669 8 
0.931758 0.96658 8 
0.755552 0.81446 8 
0.745974 0.81446 8 
0.330866 0.351577 8 
0.320007 0.342175 8 
0.194225 0.232441 8 
0.192821 0.192821 8 
1.1797 1.21958 9 
1.10791 1.12137 9 
0.977799 1.00716 9 
0.774491 0.834309 9 
0.668829 0.730073 9 
0.209279 0.212173 9 
0.685756 0.871586 10 
0.529076 0.557487 10 
0.434789 0.48524 10 
0.410086 0.410484 10 
0.395517 0.433664 10 
0.152879 0.157089 10 
1.02888 1.03286 11 
0.897946 1.00532 11 
0.596859 0.722361 11 
0.378669 0.414311 11 
1.06432 1.06437 12 
0.695618 0.722059 12 
0.563892 0.592195 12 
0.438039 0.448825 12 
0.308962 0.343101 12 
0.226519 0.230568 12 
0.814736 0.833203 13 
0.541274 0.561203 13 
0.879356 0.896614 14 
0.836389 0.906378 14 
0.642309 0.716868 14 
0.604015 0.621402 14 
1.04742 1.09069 15 
0.557222 0.652875 15 
0.651716 0.681397 16 
1.43195 1.44364 17 
0.921779 0.938864 17 
0.88471 0.924865 17 
0.851137 0.953492 17 
0.668935 0.741092 17 
0.663371 0.670464 17 
0.753934 0.850379 18 
0.72039 0.755686 19 
0.631707 0.893169 20 
0.315384 0.33218 20 
