3.90776 6.5472 1 
1.2382 3.0964 1 
0.177025 0.18746 1 
0.172731 0.179955 1 
0.153136 0.174145 1 
0.119542 0.130231 1 
0.117555 0.120125 1 
0.0713775 0.0730664 1 
0.0670866 0.0756511 1 
0.0632106 0.0672254 1 
0.0627973 0.066701 1 
0.0619542 0.0741392 1 
0.0598066 0.0612451 1 
0.0575832 0.0611016 1 
0.057119 0.0618198 1 
0.0552607 0.0560388 1 
0.0549426 0.0577297 1 
0.0455645 0.0461379 1 
0.0419811 0.0557339 1 
0.0415611 0.0432073 1 
0.0407108 0.0411327 1 
0.0398535 0.0417744 1 
0.0398472 0.0474417 1 
0.0398422 0.0481723 1 
0.038058 0.0394095 1 
0.0364186 0.0396276 1 
4.71685 4.8727 2 
4.70407 5.01564 2 
3.4898 5.02217 2 
1.04437 4.08594 2 
0.156017 0.178446 2 
0.130633 0.142506 2 
0.0957095 0.104591 2 
0.0908428 0.10181 2 
0.0792552 0.085507 2 
0.0673459 0.0734276 2 
0.053818 0.0587811 2 
0.0526762 0.0606806 2 
0.0463316 0.056511 2 
0.0455693 0.0461405 2 
0.0440114 0.0506458 2 
3.50857 3.83633 3 
3.4636 3.79978 3 
2.90509 3.85729 3 
0.931527 4.29458 3 
0.152738 0.15376 3 
0.143664 0.160808 3 
0.119322 0.12683 3 
0.116508 0.137976 3 
0.0894956 0.0917051 3 
0.0859102 0.0926531 3 
0.052333 0.0571149 3 
0.856378 4.17799 4 
0.148446 0.152329 4 
0.0929314 0.101035 4 
0.0847887 0.0862166 4 
0.0787033 0.0805734 4 
0.0563461 0.057119 4 
0.0341874 0.0349473 4 
1.92083 2.02999 5 
1.91211 2.00529 5 
1.91043 2.01896 5 
1.91029 2.00588 5 
1.83043 1.99393 5 
1.39616 3.88237 5 
0.119904 0.139475 5 
0.108364 0.108523 5 
0.0917051 0.0987676 5 
0.0795851 0.0816455 5 
0.0467006 0.0536554 5 
0.0465175 0.0543018 5 
0.0451785 0.0465134 5 
3.25171 3.34429 6 
3.24839 3.30895 6 
2.92186 2.93676 6 
1.86679 2.03119 6 
1.84957 3.42149 6 
1.41558 1.43232 6 
1.37827 1.37978 6 
0.141349 0.147452 6 
0.101977 0.114698 6 
0.098051 0.106903 6 
0.0974258 0.0984938 6 
0.0922772 0.0984089 6 
2.63491 2.82405 7 
2.60387 2.63091 7 
2.58603 2.85376 7 
2.57922 2.74601 7 
2.34267 2.85451 7 
1.88253 2.01855 7 
1.83565 1.84552 7 
0.156678 0.160582 7 
0.132818 0.143247 7 
0.118073 0.133664 7 
2.28712 2.54582 8 
2.09219 2.60409 8 
1.91981 3.29741 8 
1.85783 2.00049 8 
0.118741 0.138983 8 
0.113325 0.117111 8 
0.0920862 0.0969773 8 
2.43891 2.44919 9 
2.02771 2.0391 9 
2.02296 2.11643 9 
1.91349 2.23112 9 
1.6859 2.34369 9 
0.21889 0.220365 9 
0.198448 0.202321 9 
0.075875 0.0968876 9 
2.04773 2.0814 10 
1.9513 2.04019 10 
1.89845 2.20317 10 
1.85855 2.10914 10 
1.83327 2.04835 10 
1.83138 2.04789 10 
1.57484 1.62815 10 
1.39219 2.03784 10 
0.744191 0.744339 10 
0.0905577 0.0967057 10 
0.0781464 0.0800254 10 
1.96966 2.73055 11 
1.96966 2.89112 11 
1.83565 1.91339 11 
1.64095 1.73236 11 
1.54301 1.76002 11 
0.68377 0.706994 11 
0.0929361 0.102742 11 
2.02506 2.0546 12 
1.8767 2.01925 12 
1.87667 2.01901 12 
1.85513 1.982 12 
1.80546 2.19678 12 
1.71024 1.7241 12 
1.7094 1.71213 12 
1.69455 2.10646 12 
1.65108 1.70679 12 
0.530448 0.627965 12 
1.87002 1.87954 13 
1.86718 1.88008 13 
1.86271 1.87895 13 
1.55593 1.5882 13 
1.48278 1.58265 13 
1.47277 1.56844 13 
1.26269 1.3137 13 
1.24 1.30993 13 
1.23143 1.28085 13 
1.19808 1.221 13 
1.18887 1.19718 13 
1.07865 1.31876 13 
1.0126 1.12705 13 
0.49973 0.552587 13 
0.274963 0.337191 13 
1.09612 1.10683 14 
1.09089 1.14665 14 
1.08183 1.12334 14 
1.01087 1.14952 14 
0.772427 0.783028 14 
0.49538 0.503741 14 
1.83611 1.94794 15 
1.8356 1.94878 15 
1.82925 1.99455 15 
1.8291 1.9945 15 
1.82758 1.93779 15 
1.82623 1.99397 15 
1.03674 1.0391 15 
1.02401 1.04492 15 
1.00285 1.05796 15 
0.983287 0.993231 15 
0.981476 0.996038 15 
0.975877 0.979156 15 
1.8895 2.48505 16 
1.88946 2.48505 16 
1.88943 2.48484 16 
1.9352 1.93605 17 
1.93487 1.9367 17 
1.93288 1.93612 17 
1.66261 1.94779 17 
1.66261 1.94883 17 
1.66227 1.94381 17 
1.21854 1.23686 17 
1.21843 1.23674 17 
1.21461 1.22782 17 
0.568497 0.568714 17 
1.86064 1.91021 18 
1.85876 2.09624 18 
1.68383 1.71568 18 
1.51933 1.63133 18 
1.48477 1.71568 18 
1.29275 1.32272 18 
1.28037 1.31385 18 
1.27237 1.30833 18 
1.87304 2.17836 19 
0.737336 0.816622 20 
