6.76174 9.16832 1 
0.544651 1.41247 1 
0.32465 0.372697 1 
0.274747 0.325573 1 
0.242089 0.298382 1 
0.194591 0.196595 1 
0.183276 0.22003 1 
0.178872 0.202158 1 
0.170358 0.229826 1 
0.121524 0.130639 1 
0.120512 0.145897 1 
0.118818 0.126429 1 
0.104653 0.106954 1 
0.072062 0.0780092 1 
0.0715013 0.072067 1 
0.0684035 0.0949028 1 
0.0606419 0.0769529 1 
0.0389213 0.0422524 1 
0.0385764 0.0438219 1 
6.85384 7.10324 2 
6.84068 7.11235 2 
6.29639 6.49826 2 
5.42337 7.13597 2 
2.08426 2.10431 2 
0.463148 1.92691 2 
0.385757 0.390387 2 
0.324072 0.331699 2 
0.320115 0.320627 2 
0.297984 0.301769 2 
0.29442 0.324778 2 
0.283843 0.307057 2 
0.279963 0.303962 2 
0.275094 0.285801 2 
0.260811 0.288627 2 
0.260344 0.332144 2 
0.249847 0.291376 2 
0.245804 0.26179 2 
0.223748 0.228708 2 
0.20514 0.23129 2 
0.198577 0.203156 2 
0.121633 0.14728 2 
0.115353 0.122847 2 
0.112504 0.113822 2 
0.110807 0.111535 2 
0.107717 0.112386 2 
0.0746382 0.0805645 2 
0.0705414 0.0790371 2 
0.0628418 0.0744673 2 
0.0514774 0.0606505 2 
0.0509545 0.0630598 2 
5.52024 5.56011 3 
5.51632 5.5468 3 
0.859771 0.894051 3 
0.54871 0.563394 3 
0.451144 1.66394 3 
0.340151 0.340233 3 
0.327428 0.341825 3 
0.299016 0.313764 3 
0.295983 0.313589 3 
0.288158 0.301993 3 
0.24136 0.24946 3 
0.137992 0.138182 3 
1.42109 1.45161 4 
1.41982 1.50536 4 
0.834297 1.516 4 
0.404374 0.424474 4 
0.253445 0.335022 4 
0.250653 0.304091 4 
0.248923 0.30859 4 
0.244101 0.275388 4 
0.187798 0.203485 4 
0.0911233 0.0933285 4 
4.30879 4.37563 5 
4.28361 4.36525 5 
4.28227 4.36334 5 
4.27264 4.35679 5 
1.36554 1.38199 5 
1.30923 1.34815 5 
1.2673 1.32541 5 
1.26489 1.31747 5 
0.432682 0.459594 5 
0.278266 0.290951 5 
0.071117 0.0792178 5 
1.26541 1.46416 6 
1.1268 1.20574 6 
1.11446 1.19294 6 
0.417343 0.421533 6 
0.287729 0.297752 6 
0.187443 0.191503 6 
2.59356 3.00899 7 
2.59344 2.69359 7 
2.59334 2.68775 7 
2.59321 2.67158 7 
2.54656 2.55148 7 
2.07786 2.07887 7 
1.49813 1.55595 7 
1.03304 1.06412 7 
1.02598 1.1314 7 
0.0795558 0.0802312 7 
0.876211 1.02176 8 
0.177051 0.184385 8 
0.162888 0.176134 8 
0.104918 0.110811 8 
0.0639091 0.0647443 8 
1.53412 1.63565 9 
1.53397 1.6785 9 
1.26178 1.45743 9 
1.22123 1.44471 9 
1.21002 1.43325 9 
0.870289 0.899435 9 
0.793825 0.926038 9 
0.758189 0.779695 9 
0.739509 0.771202 9 
1.16448 1.22463 10 
1.05908 1.08763 10 
0.836244 0.879579 10 
0.759015 0.781264 10 
0.755355 0.821453 10 
0.412035 0.468897 10 
0.148997 0.149821 10 
1.25259 1.25702 11 
0.998224 1.03644 11 
0.834239 0.906066 11 
0.675179 0.721707 11 
0.535937 0.614043 11 
0.471479 0.47474 11 
0.406014 0.466785 11 
0.945962 0.948166 12 
0.92749 1.00365 12 
0.92263 1.02288 12 
0.748403 0.753641 12 
0.723366 0.815635 12 
0.60836 0.636283 12 
0.424261 0.473144 12 
0.379191 0.379567 12 
1.2463 1.33732 13 
1.23383 1.31307 13 
1.23279 1.26896 13 
1.15505 1.19555 13 
0.413955 0.47196 13 
0.403976 0.516909 13 
1.3056 1.36929 14 
1.3056 1.35938 14 
1.30535 1.36066 14 
0.981026 1.01755 14 
1.01221 1.05974 15 
1.01169 1.17555 15 
1.00508 1.08508 15 
1.21278 1.3234 16 
1.18152 1.28215 16 
1.13214 1.25166 16 
1.12722 1.25968 16 
0.997785 1.1263 16 
0.886779 0.961992 16 
0.263439 0.26895 16 
0.937196 0.937409 17 
0.917936 0.986516 17 
0.914349 1.03557 17 
0.88641 0.952307 17 
0.882535 0.995902 17 
1.05658 1.11157 18 
1.05299 1.11095 18 
0.958957 1.05327 18 
0.661648 0.808337 18 
0.318519 0.326523 19 
