5.46744 9.02642 1 
0.878624 2.00227 1 
0.68921 0.8453 1 
0.349652 0.50608 1 
0.292646 0.308682 1 
0.262934 0.262935 1 
0.258546 0.262778 1 
0.253445 0.274049 1 
0.24358 0.256015 1 
0.205349 0.215638 1 
0.199903 0.207919 1 
0.149364 0.156576 1 
0.14799 0.163721 1 
0.139755 0.146604 1 
0.136501 0.143506 1 
0.134693 0.149091 1 
0.134084 0.162468 1 
0.13006 0.164219 1 
0.128164 0.140047 1 
0.127525 0.131002 1 
0.127524 0.140919 1 
0.126234 0.146603 1 
0.125913 0.133474 1 
0.125262 0.128164 1 
0.12229 0.149911 1 
0.120947 0.122957 1 
0.119588 0.120947 1 
0.11752 0.124608 1 
0.114705 0.128483 1 
0.113631 0.119588 1 
0.112547 0.126237 1 
0.112183 0.118903 1 
0.109604 0.110347 1 
0.10848 0.1288 1 
0.108103 0.120947 1 
0.107724 0.111085 1 
0.106196 0.116121 1 
0.10581 0.118903 1 
0.105035 0.113631 1 
0.105035 0.106196 1 
0.104646 0.105035 1 
0.104254 0.131002 1 
0.103468 0.132244 1 
0.100258 0.105035 1 
6.41327 6.43714 2 
4.18562 6.43714 2 
0.72149 2.37666 2 
0.348364 0.525722 2 
0.341253 0.342205 2 
0.326949 0.353608 2 
0.321143 0.398681 2 
0.275985 0.282279 2 
0.269692 0.300368 2 
0.240876 0.251822 2 
0.229051 0.236078 2 
0.167911 0.171045 2 
0.166934 0.170806 2 
0.15553 0.182374 2 
0.146324 0.17152 2 
0.145484 0.176685 2 
0.139169 0.157098 2 
0.138581 0.170327 2 
0.138285 0.148542 2 
0.138285 0.140629 2 
0.137396 0.179208 2 
0.136201 0.141209 2 
0.130063 0.130063 2 
0.128483 0.142649 2 
0.119588 0.131934 2 
0.117172 0.129433 2 
0.113631 0.116823 2 
0.107344 0.119929 2 
0.104254 0.121956 2 
0.09944 0.124608 2 
0.0990282 0.142362 2 
0.0965208 0.129117 2 
0.0908509 0.0943804 2 
4.31646 4.87887 3 
4.29934 4.81005 3 
3.95838 4.87918 3 
0.927171 0.95266 3 
0.708752 2.16857 3 
0.451731 0.470341 3 
0.412883 0.427564 3 
0.347419 0.392067 3 
0.338731 0.571029 3 
0.177378 0.178525 3 
0.151807 0.167909 3 
0.136201 0.14379 3 
0.13378 0.15288 3 
0.130063 0.140629 3 
0.125588 0.133474 3 
0.124608 0.158909 3 
0.123289 0.127845 3 
0.118213 0.14092 3 
0.112182 0.133167 3 
0.643692 1.96607 4 
0.449281 0.465276 4 
0.401141 0.428138 4 
0.338491 0.418682 4 
0.321781 0.36318 4 
0.307224 0.355902 4 
0.251662 0.262313 4 
0.184602 0.199085 4 
0.145204 0.150727 4 
0.133167 0.141497 4 
0.133167 0.145765 4 
0.127204 0.135901 4 
0.124934 0.129747 4 
0.117867 0.1288 4 
0.117172 0.135901 4 
0.106196 0.12362 4 
2.4453 2.53855 5 
1.65174 1.6877 5 
0.982188 1.73203 5 
0.955173 1.03807 5 
0.332523 0.351752 5 
0.276131 0.278047 5 
0.177378 0.191554 5 
0.169364 0.171045 5 
0.163472 0.169123 5 
0.139169 0.141787 5 
0.137693 0.148817 5 
0.128799 0.132244 5 
0.124935 0.132244 5 
0.113269 0.118557 5 
0.112547 0.121284 5 
0.100665 0.101474 5 
2.16696 2.43275 6 
1.76705 1.84111 6 
1.68075 1.83272 6 
1.47631 1.49766 6 
1.47116 1.47187 6 
1.46991 1.47329 6 
1.4616 1.47575 6 
1.4508 1.50197 6 
1.14423 1.54306 6 
0.82982 0.953167 6 
0.459976 0.463255 6 
0.171762 0.197645 6 
0.16422 0.180121 6 
0.127204 0.129433 6 
0.123289 0.143221 6 
1.92748 1.97414 7 
1.64393 1.67762 7 
1.37567 1.378 7 
1.26387 1.36457 7 
1.22456 1.36792 7 
1.22423 1.30613 7 
1.22369 1.31247 7 
0.956549 1.04737 7 
0.36832 0.38407 7 
0.280826 0.281553 7 
0.233997 0.246745 7 
0.226539 0.228516 7 
0.214306 0.217336 7 
0.208119 0.241388 7 
0.133168 0.148817 7 
0.122957 0.129748 7 
0.110715 0.124608 7 
2.3607 2.6396 8 
2.12897 2.2236 8 
1.12843 1.22583 8 
1.04358 1.2184 8 
1.03394 1.04353 8 
0.982145 1.21141 8 
0.961415 1.26973 8 
0.822114 0.985042 8 
0.295155 0.308159 8 
1.21405 1.29031 9 
1.01204 1.05231 9 
0.987851 1.03034 9 
0.972088 1.04446 9 
0.890088 1.06112 9 
0.882713 1.07959 9 
0.863427 1.03073 9 
0.697428 0.739901 9 
0.523246 0.602078 9 
0.520427 0.602078 9 
0.33655 0.360472 9 
1.01593 1.1052 10 
0.757249 0.826674 10 
0.729629 0.852141 10 
0.667356 0.882359 10 
0.504134 0.517119 10 
0.418484 0.447458 10 
0.226179 0.241723 10 
0.158651 0.16791 10 
1.9992 2.25129 11 
1.98929 2.36831 11 
1.02903 1.14286 11 
0.702643 0.711381 11 
0.684361 0.687398 11 
0.68118 0.689862 11 
0.550893 0.705282 11 
0.43392 0.459977 11 
1.81074 1.91461 12 
1.80884 1.81997 12 
1.25986 1.34202 12 
1.05314 1.20481 12 
1.00529 1.04503 12 
0.617232 0.697415 12 
0.526389 0.562707 12 
0.459797 0.476898 12 
1.01431 1.11077 13 
0.623034 0.647094 13 
0.588148 0.62728 13 
0.536793 0.72133 13 
0.520536 0.555918 13 
0.466151 0.483188 13 
0.36194 0.443515 13 
0.457204 0.583196 14 
0.438511 0.507443 14 
0.432213 0.462457 14 
0.41208 0.594233 14 
2.03376 2.1237 16 
2.03165 2.12347 16 
1.99081 2.06692 16 
0.572448 0.63434 16 
0.204152 0.219395 16 
1.1427 1.1808 18 
0.392799 0.399198 20 
