5.38291 9.04063 1 
0.844802 2.21544 1 
0.227589 0.284505 1 
0.2207 0.269623 1 
0.109259 0.113402 1 
0.108133 0.110543 1 
0.0960523 0.118437 1 
0.094776 0.118605 1 
0.0712984 0.0856923 1 
0.0665186 0.120564 1 
0.0636269 0.066803 1 
0.0621281 0.06595 1 
0.0610588 0.0637725 1 
0.0555697 0.0577302 1 
0.0550583 0.0582169 1 
0.0504175 0.0570731 1 
0.0488999 0.0588593 1 
0.0475329 0.0492836 1 
0.042515 0.0427366 1 
0.0402404 0.0422937 1 
0.0370738 0.0395323 1 
0.020353 0.0225478 1 
6.68761 6.73969 2 
4.23857 6.74194 2 
0.702944 2.97181 2 
0.30814 0.317737 2 
0.298267 0.298551 2 
0.190874 0.232136 2 
0.182297 0.209093 2 
0.153349 0.171931 2 
0.142335 0.145863 2 
0.0951675 0.102957 2 
0.0937707 0.10396 2 
0.0775012 0.125162 2 
0.0646528 0.0660926 2 
0.0585388 0.0604384 2 
0.0509743 0.0557381 2 
0.0504172 0.05437 2 
0.0395321 0.0425149 2 
0.0378282 0.0400054 2 
0.0360441 0.0390523 2 
0.0324721 0.0380764 2 
0.0294299 0.0321801 2 
4.71899 4.78813 3 
4.65946 5.27622 3 
4.65174 5.27038 3 
4.50209 5.27754 3 
0.663286 3.08584 3 
0.284404 0.335185 3 
0.199507 0.218083 3 
0.158305 0.158839 3 
0.138446 0.140739 3 
0.137765 0.16201 3 
0.130248 0.146573 3 
0.126954 0.131543 3 
0.110543 0.124785 3 
0.076399 0.0765227 3 
0.0724789 0.0724791 3 
0.071168 0.0793017 3 
0.0701017 0.0765227 3 
0.0688826 0.0732557 3 
0.0668011 0.0690199 3 
0.0616715 0.0645068 3 
0.0471358 0.0518896 3 
0.0429561 0.0440384 3 
0.0413937 0.0463305 3 
0.034441 0.0347141 3 
1.22413 2.79966 4 
0.236517 0.240929 4 
0.168335 0.185216 4 
0.131471 0.136323 4 
0.0914326 0.0915358 4 
0.0538477 0.0624299 4 
0.0520702 0.06243 4 
0.0500432 0.0559066 4 
0.0392932 0.0436085 4 
2.4604 2.466 5 
1.50648 2.4942 5 
0.277606 0.296784 5 
0.225428 0.241089 5 
2.26327 2.32341 6 
2.21289 2.21619 6 
2.18444 2.357 6 
2.18312 2.18383 6 
2.1761 2.33351 6 
1.46661 2.29802 6 
0.262007 0.263196 6 
0.240383 0.281712 6 
0.112484 0.112736 6 
0.0843632 0.0844751 6 
0.0783454 0.0812936 6 
0.069291 0.0698323 6 
0.0679189 0.0751571 6 
0.057238 0.0591787 6 
0.0509741 0.0615187 6 
2.40214 2.46885 7 
2.32712 2.36487 7 
1.95475 2.14071 7 
1.93925 1.95947 7 
1.75346 1.9951 7 
1.72392 2.02036 7 
0.0622785 0.063477 7 
0.0619765 0.0691561 7 
2.14897 2.29531 8 
1.85751 2.19111 8 
1.79169 1.94327 8 
1.73623 1.76126 8 
1.69916 1.70747 8 
1.49462 1.71129 8 
1.42162 1.84907 8 
0.144372 0.160666 8 
0.112903 0.136323 8 
0.096542 0.0974151 8 
0.0947692 0.098472 8 
0.0916385 0.0953644 8 
0.0831271 0.0879696 8 
0.0409357 0.0485134 8 
2.19153 2.27016 9 
2.18898 2.3262 9 
2.18897 2.24256 9 
1.50135 1.58195 9 
1.4195 1.47009 9 
1.38044 1.48219 9 
0.322942 0.35012 9 
0.219887 0.231076 9 
0.105844 0.10717 9 
0.098663 0.119702 9 
0.0888214 0.0925585 9 
1.90115 2.07961 10 
1.85181 2.07035 10 
1.56318 1.60241 10 
1.22588 1.25378 10 
0.928519 0.956381 10 
0.61125 0.647219 10 
0.152612 0.172259 10 
1.61819 1.75111 11 
1.45421 1.53513 11 
1.45373 1.55197 11 
1.11955 1.13573 11 
1.09485 1.10289 11 
1.07678 1.08326 11 
1.00666 1.04697 11 
0.512797 0.541342 11 
0.961905 0.992813 12 
0.912504 0.965158 12 
0.783587 0.912049 12 
0.7635 1.04831 12 
0.757744 0.914152 12 
0.624075 0.685761 12 
0.567835 0.572811 12 
0.18481 0.187599 12 
1.77402 1.85397 13 
1.7733 1.85744 13 
1.77292 1.85726 13 
0.974841 1.00683 13 
0.885175 0.912955 13 
0.502048 0.50605 13 
0.287275 0.301688 13 
1.78616 2.08495 15 
1.78384 1.99839 15 
1.53438 1.56674 15 
1.53413 1.56823 15 
1.52853 1.56571 15 
0.185395 0.201379 15 
1.61415 1.8844 16 
1.56624 1.78678 16 
1.19793 1.3177 16 
1.19778 1.3141 16 
1.19636 1.24965 16 
1.15166 1.19777 16 
0.35969 0.373994 16 
0.348597 0.367223 16 
0.213194 0.213716 16 
0.172997 0.186239 16 
1.56797 1.56894 17 
1.19117 1.32047 17 
1.18925 1.32047 17 
1.17956 1.31072 17 
0.392897 0.399076 17 
1.3988 1.4192 18 
1.37034 1.44878 18 
1.37012 1.44883 18 
1.36897 1.44888 18 
0.298427 0.316816 19 
