4.7943 7.33643 1 
1.13648 2.77404 1 
0.256349 0.256415 1 
0.254395 0.278098 1 
0.102413 0.103499 1 
0.0639771 0.0671242 1 
0.0634292 0.0655621 1 
0.0628911 0.0639823 1 
0.0624801 0.0676282 1 
0.0615086 0.0634227 1 
0.0596664 0.0715856 1 
0.0584941 0.0605166 1 
0.0583495 0.0639784 1 
0.0570062 0.0579037 1 
0.0568597 0.0612287 1 
0.0551716 0.057008 1 
0.0519601 0.0557868 1 
0.0509554 0.0522843 1 
0.0506166 0.0529434 1 
0.0494194 0.0501099 1 
0.0487116 0.0506166 1 
0.0465459 0.049586 1 
0.0458039 0.0509542 1 
0.0454299 0.0481827 1 
0.0452364 0.0548527 1 
0.0444699 0.055479 1 
0.0442775 0.0562513 1 
0.0440793 0.0506171 1 
0.0418782 0.0583511 1 
0.0406299 0.0502772 1 
0.03662 0.0393393 1 
0.0356668 0.0395583 1 
0.0344437 0.0356701 1 
0.0334305 0.0366212 1 
0.0326496 0.038455 1 
5.4654 5.46945 2 
5.16225 5.16502 2 
3.70618 5.48775 2 
0.907248 3.6877 2 
0.0989125 0.10132 2 
0.0671224 0.0671242 2 
0.066474 0.0671242 2 
0.0587891 0.0638358 2 
0.0571587 0.0579057 2 
0.0564002 0.0573096 2 
0.0556366 0.0603793 2 
0.0524529 0.0527773 2 
0.0521215 0.0527773 2 
0.0519573 0.0584951 2 
0.0507851 0.0527756 2 
0.0501014 0.0590801 2 
0.0480022 0.0492419 2 
0.0480008 0.0514578 2 
0.0478255 0.0531002 2 
0.0472742 0.0550101 2 
0.0465484 0.0532668 2 
0.0461762 0.0497603 2 
0.0450408 0.0584951 2 
0.0438858 0.0532668 2 
0.0432917 0.0529421 2 
0.0426912 0.0442711 2 
0.0418777 0.0422878 2 
3.77817 4.08668 3 
3.77814 4.09994 3 
3.77213 4.08306 3 
0.817851 3.87094 3 
0.302613 0.305636 3 
0.138464 0.158336 3 
0.121391 0.123499 3 
0.0662188 0.0677548 3 
0.0613595 0.0623366 3 
0.056095 0.058053 3 
0.0487191 0.0539085 3 
0.0480021 0.048359 3 
0.0461751 0.0485407 3 
0.0459884 0.0502765 3 
0.0450477 0.0461758 3 
0.044847 0.0488875 3 
0.0422904 0.0534289 3 
0.0384582 0.0399895 3 
3.1514 3.19456 4 
3.15069 3.1943 4 
3.14925 3.1937 4 
3.07801 3.1011 4 
0.828969 3.82229 4 
0.141655 0.142556 4 
0.125773 0.135826 4 
0.0918836 0.0950997 4 
0.0568515 0.0593698 4 
0.0551656 0.056708 4 
0.0546984 0.0570092 4 
0.0539067 0.0593698 4 
0.0521209 0.0622021 4 
0.0402037 0.0418836 4 
1.93911 1.96229 5 
1.56764 1.74534 5 
1.18201 3.48843 5 
0.130073 0.130472 5 
0.119967 0.122381 5 
0.113788 0.11975 5 
0.112953 0.117723 5 
0.0697523 0.0760042 5 
0.0665997 0.0718201 5 
0.0567095 0.0592276 5 
2.58896 3.07652 6 
2.58719 2.83729 6 
2.56847 2.67011 6 
1.53017 3.07814 6 
0.122447 0.126999 6 
0.121462 0.1325 6 
0.11288 0.125703 6 
2.10173 2.11616 7 
2.0686 2.37017 7 
2.00043 2.57297 7 
1.99147 2.63514 7 
1.94348 2.64166 7 
1.83666 1.97914 7 
0.118016 0.135264 7 
0.0894118 0.0896082 7 
2.54652 3.02162 8 
1.83814 2.21228 8 
1.76893 2.29049 8 
1.75993 1.80612 8 
1.58608 1.60478 8 
1.5529 2.33809 8 
1.28101 1.29221 8 
0.0940086 0.105147 8 
0.0599502 0.061646 8 
2.04344 2.24485 9 
1.81439 2.18059 9 
1.64315 2.12341 9 
1.64252 1.65691 9 
1.21284 2.20993 9 
1.16295 1.16477 9 
0.357491 0.371125 9 
0.0801939 0.0850821 9 
0.054853 0.0577589 9 
1.86808 2.13481 10 
1.86734 2.19096 10 
1.33921 1.59521 10 
1.20395 1.98128 10 
2.18379 2.5886 11 
2.18324 2.46764 11 
1.32119 1.66971 11 
1.22198 1.8261 11 
1.66129 1.76711 12 
1.65559 1.81868 12 
1.57611 1.81868 12 
1.57439 1.93722 12 
1.43921 1.72866 12 
1.42935 1.76667 12 
1.42256 1.4404 12 
1.36155 1.7127 12 
0.587648 0.629781 12 
0.370303 0.400043 12 
0.350397 0.35165 12 
1.51393 1.62115 13 
1.50702 1.60196 13 
1.25949 1.29693 13 
1.11059 1.2189 13 
1.01583 1.03346 13 
0.894974 0.910852 13 
0.87402 0.933312 13 
0.530031 0.544777 13 
0.993783 1.09622 14 
0.965355 1.0969 14 
0.882634 1.02089 14 
0.772717 0.978454 14 
1.7352 1.83723 15 
1.73512 1.83723 15 
1.73464 1.81863 15 
0.934511 1.03031 15 
0.895928 1.02067 15 
0.89316 0.984348 15 
0.880337 1.04254 15 
0.303431 0.322444 15 
0.33977 0.422645 16 
1.46246 1.65391 17 
1.46194 1.66973 17 
1.45671 1.67509 17 
1.96618 2.00634 18 
1.94124 2.02999 18 
1.92319 2.03535 18 
1.82073 1.99325 18 
1.67274 2.06278 18 
1.67209 2.17149 18 
1.3648 1.57216 20 
1.36023 1.56506 20 
