8.36904 9.79651 1 
0.418866 1.10911 1 
0.4123 0.460443 1 
0.179688 0.186153 1 
0.162409 0.162544 1 
0.155836 0.15944 1 
0.153624 0.156266 1 
0.15289 0.159869 1 
0.151096 0.155103 1 
0.148356 0.153629 1 
0.146813 0.173248 1 
0.146509 0.152888 1 
0.144008 0.153628 1 
0.140323 0.153927 1 
0.13902 0.152289 1 
0.138863 0.150795 1 
0.138039 0.13886 1 
0.132493 0.148203 1 
0.132146 0.144159 1 
0.131975 0.153628 1 
0.131457 0.153629 1 
0.129719 0.13093 1 
0.129191 0.13886 1 
0.128835 0.15363 1 
0.121759 0.138861 1 
0.121197 0.15772 1 
0.101603 0.109985 1 
0.0927093 0.117965 1 
0.0899727 0.0936844 1 
0.0834173 0.0871469 1 
0.0814857 0.0907257 1 
0.0809255 0.0836879 1 
0.0621724 0.0909793 1 
0.0610659 0.0629005 1 
0.0564214 0.0572212 1 
7.38634 7.65291 2 
7.36438 7.63975 2 
7.28314 7.6305 2 
0.357559 1.59818 2 
0.246029 0.286267 2 
0.24584 0.322428 2 
0.195218 0.196841 2 
0.184312 0.234092 2 
0.179059 0.198335 2 
0.14988 0.150945 2 
0.147743 0.155691 2 
0.147593 0.149883 2 
0.144474 0.148513 2 
0.143217 0.157719 2 
0.142094 0.144947 2 
0.141774 0.141935 2 
0.141297 0.144949 2 
0.140971 0.149883 2 
0.139347 0.154804 2 
0.137875 0.141303 2 
0.137375 0.155834 2 
0.13605 0.149735 2 
0.133342 0.150335 2 
0.133006 0.150945 2 
0.132321 0.134019 2 
0.130597 0.144483 2 
0.12919 0.136215 2 
0.129014 0.150642 2 
0.128308 0.151849 2 
0.12706 0.136215 2 
0.126702 0.129717 2 
0.123433 0.138366 2 
0.11081 0.132663 2 
0.110193 0.12813 2 
0.0956109 0.125436 2 
0.0744902 0.0792183 2 
0.0704031 0.0707252 2 
0.0650317 0.0750917 2 
0.0636178 0.0657336 2 
0.463546 0.464826 3 
0.427196 0.429325 3 
0.400444 0.435682 3 
0.345776 1.65442 3 
0.236113 0.241924 3 
0.225582 0.231844 3 
0.220176 0.248601 3 
0.21261 0.230764 3 
0.194395 0.203429 3 
0.149885 0.158444 3 
0.148665 0.162127 3 
0.142896 0.155691 3 
0.139834 0.161989 3 
0.125077 0.142259 3 
0.117774 0.123801 3 
0.112441 0.113249 3 
0.111621 0.150339 3 
0.110192 0.11183 3 
0.0795063 0.0803583 3 
0.0795052 0.0881845 3 
0.0786421 0.0984184 3 
0.0738713 0.0958477 3 
3.56232 3.62318 4 
3.29935 3.53298 4 
0.65888 0.722892 4 
0.648404 0.684403 4 
0.626906 1.45842 4 
0.238326 0.243603 4 
0.16532 0.177651 4 
0.148048 0.161276 4 
0.132493 0.136878 4 
0.130935 0.139349 4 
0.0777734 0.0836881 4 
0.074182 0.0792179 4 
0.067773 0.0720057 4 
3.11438 4.10074 5 
3.11188 4.10172 5 
3.11186 4.09853 5 
3.11138 4.0835 5 
1.2573 1.27444 5 
1.24439 1.25266 5 
1.02794 1.32483 5 
0.570864 0.586546 5 
0.226287 0.235742 5 
0.208178 0.218521 5 
0.204987 0.234571 5 
0.203322 0.207413 5 
0.202422 0.240317 5 
0.19522 0.218624 5 
0.18664 0.200729 5 
0.164911 0.16642 5 
0.161566 0.174162 5 
0.152885 0.175855 5 
0.151547 0.190855 5 
0.14805 0.16324 5 
0.125255 0.145575 5 
0.122323 0.123059 5 
0.105557 0.107478 5 
0.0944117 0.0958489 5 
0.0876662 0.0919714 5 
0.0847651 0.0988869 5 
3.14766 3.5912 6 
3.14729 3.33193 6 
3.14723 3.33423 6 
3.14711 3.4013 6 
1.51377 1.52355 6 
1.10773 1.14561 6 
0.219353 0.23719 6 
0.215479 0.2366 6 
0.196951 0.222641 6 
0.19417 0.206093 6 
0.188818 0.217787 6 
0.184806 0.193225 6 
0.175068 0.192284 6 
0.170862 0.205104 6 
0.168727 0.174945 6 
0.162826 0.1698 6 
0.106624 0.111829 6 
0.104689 0.115234 6 
0.0771834 0.0902228 6 
0.076594 0.0789316 6 
0.0741761 0.0803589 6 
1.01198 1.03936 7 
0.225486 0.261007 7 
0.196025 0.201972 7 
0.189538 0.218624 7 
0.161562 0.190621 7 
0.096553 0.0965539 7 
0.912112 0.926148 8 
0.210566 0.242772 8 
0.15642 0.159296 8 
0.152885 0.176365 8 
0.0866246 0.0956096 8 
0.0814853 0.0836892 8 
1.29138 1.35773 9 
0.970027 1.02337 9 
0.888143 0.889086 9 
0.28112 0.292795 9 
0.21293 0.21726 9 
0.14416 0.145577 9 
0.947414 0.969354 10 
0.759153 0.790134 10 
0.654097 0.713402 10 
0.416964 0.433538 10 
0.236886 0.23888 10 
0.230669 0.239945 10 
0.192041 0.209912 10 
0.85272 0.901786 11 
0.230773 0.258119 11 
0.220999 0.22709 11 
0.215895 0.22709 11 
0.211437 0.229581 11 
1.03686 1.04622 12 
0.859958 1.04763 12 
0.845022 1.02441 12 
0.505812 0.519213 12 
0.815705 0.878386 13 
0.776283 0.862028 13 
0.681236 0.80873 13 
0.668708 0.801954 13 
0.665022 0.874339 13 
0.646507 0.841389 13 
0.248599 0.285298 13 
0.236807 0.255106 13 
0.954508 0.974801 14 
0.81584 0.904047 14 
0.814975 0.919979 14 
0.814557 0.915891 14 
0.641073 0.677929 14 
0.638619 0.833209 14 
0.241923 0.277823 14 
0.779523 0.834409 15 
0.239658 0.259274 16 
1.1415 1.18191 17 
1.1209 1.21007 17 
0.299849 0.330171 18 
0.299848 0.319228 18 
0.288799 0.331065 18 
0.677898 0.712216 19 
0.201518 0.208055 19 
