0 0.0239824 1 
0 0.0266482 1 
0 0.0269709 1 
0 0.0281986 1 
0 0.0323806 1 
0 0.032641 1 
0 0.032641 1 
0 0.0334088 1 
0 0.0334092 1 
0 0.0351355 1 
0 0.0360852 1 
0 0.03632 1 
0 0.0370112 1 
0 0.0370156 1 
0 0.0372389 1 
0 0.0379145 1 
0 0.0383643 1 
0 0.0390183 1 
0 0.0392289 1 
0 0.03923 1 
0 0.0392342 1 
0 0.0392352 1 
0 0.0396613 1 
0 0.0398695 1 
0 0.0398699 1 
0 0.0405003 1 
0 0.041121 1 
0 0.0417423 1 
0 0.0419375 1 
0 0.0433272 1 
0 0.0437209 1 
0 0.0442919 1 
0 0.0444833 1 
0 0.0452364 1 
0 0.0465283 1 
0 0.0468936 1 
0 0.0477849 1 
0 0.048312 1 
0 0.0486598 1 
0 0.0493484 1 
0 0.0495159 1 
0 0.0505363 1 
0 0.0505371 1 
0 0.0508701 1 
0 0.0515372 1 
0 0.0520199 1 
0 0.0521824 1 
0 0.052502 1 
0 0.0528232 1 
0 0.0537766 1 
0 0.0569888 1 
0 0.0572763 1 
0 0.0572774 1 
0 0.0577184 1 
0 0.0600164 1 
0 0.0605805 1 
0 0.0623674 1 
0 0.0625033 1 
0 0.0625034 1 
0 0.0629056 1 
0 0.0652814 1 
0 0.0656691 1 
0 0.0665645 1 
0 0.0680752 1 
0 0.0688063 1 
0 0.0700309 1 
0 0.0701524 1 
0 0.0706271 1 
0 0.0709907 1 
0 0.0712306 1 
0 0.0719414 1 
0 0.0728723 1 
0 0.0731043 1 
0 0.0741368 1 
0 0.0760526 1 
0 0.0786754 1 
0 0.0824519 1 
0 0.0824519 1 
0 0.0848793 1 
0 0.0863602 1 
0 0.0877124 1 
0 0.0925903 1 
0 0.098014 1 
0 0.10048 1 
0 0.100982 1 
0 0.102231 1 
0 0.1033 1 
0 0.10517 1 
0 0.111492 1 
0 0.120107 1 
0 0.131015 1 
0 0.141865 1 
0 0.14234 1 
0 0.151433 1 
0 0.184783 1 
0 0.185285 1 
0 0.191521 1 
0 0.213327 1 
0 0.218532 1 
0 0.231871 1 
0 0.292152 1 
0 0.343795 1 
0 0.362125 1 
0 0.38345 1 
0 0.399456 1 
0 0.440027 1 
0 0.539741 1 
0 0.569544 1 
0 0.586299 1 
0 0.61912 1 
0 0.620562 1 
0 0.660409 1 
0 0.675869 1 
0 0.700412 1 
0 0.722701 1 
0 0.812612 1 
0 0.829017 1 
0 0.970368 1 
0 0.976485 1 
0 1.00224 1 
0 1.07888 1 
0 1.61994 1 
0 1.70764 1 
0 1.77581 1 
0 2.64038 1 
0 2.6452 1 
0 2.74149 1 
0 4.02763 1 
0 4.52737 1 
0 4.55831 1 
0 4.64298 1 
0 inf 1 
0 0.0228966 2 
0 0.0236293 2 
0 0.026334 2 
0 0.0278904 2 
0 0.0299368 2 
0 0.0341619 2 
0 0.0341643 2 
0 0.0358462 2 
0 0.0398708 2 
0 0.0398711 2 
0 0.0398768 2 
0 0.0400788 2 
0 0.0400827 2 
0 0.0400829 2 
0 0.0407044 2 
0 0.0421394 2 
0 0.0431318 2 
0 0.0431326 2 
0 0.0446702 2 
0 0.0454263 2 
0 0.0463431 2 
0 0.0467062 2 
0 0.0476069 2 
0 0.0484859 2 
0 0.0488317 2 
0 0.0491777 2 
0 0.0493458 2 
0 0.0496886 2 
0 0.0505333 2 
0 0.0510271 2 
0 0.0515301 2 
0 0.0518547 2 
0 0.0521822 2 
0 0.0523413 2 
0 0.0531432 2 
0 0.0534609 2 
0 0.0542449 2 
0 0.0547048 2 
0 0.0548591 2 
0 0.0560865 2 
0 0.0560889 2 
0 0.0560902 2 
0 0.056387 2 
0 0.0565359 2 
0 0.0565363 2 
0 0.0565372 2 
0 0.0569832 2 
0 0.0578581 2 
0 0.0578669 2 
0 0.0580121 2 
0 0.0607135 2 
0 0.0618236 2 
0 0.0619588 2 
0 0.0620928 2 
0 0.0622323 2 
0 0.0641058 2 
0 0.0690603 2 
0 0.0705092 2 
0 0.0718153 2 
0 0.0720541 2 
0 0.0733282 2 
0 0.0733341 2 
0 0.0800604 2 
0 0.0860709 2 
0 0.0873325 2 
0 0.0882005 2 
0 0.0896274 2 
0 0.0896284 2 
0 0.0920559 2 
0 0.095299 2 
0 0.0964471 2 
0 0.0988704 2 
0 0.0988704 2 
0 0.0995515 2 
0 0.110502 2 
0 0.125274 2 
0 0.12808 2 
0 0.128279 2 
0 0.132171 2 
0 0.13483 2 
0 0.141801 2 
0 0.151991 2 
0 0.167903 2 
0 0.172475 2 
0 0.178311 2 
0 0.179912 2 
0 0.199617 2 
0 0.200744 2 
0 0.259111 2 
0 0.261193 2 
0 0.313833 2 
0 0.349971 2 
0 0.379209 2 
0 0.386545 2 
0 0.41958 2 
0 0.502763 2 
0 0.504922 2 
0 0.518384 2 
0 0.558955 2 
0 0.586262 2 
0 0.603313 2 
0 0.60973 2 
0 0.640649 2 
0 0.664566 2 
0 0.741105 2 
0 0.781357 2 
0 0.798682 2 
0 0.800034 2 
0 0.810688 2 
0 0.812607 2 
0 0.841161 2 
0 0.868174 2 
0 0.874815 2 
0 0.909171 2 
0 1.39254 2 
0 1.52757 2 
0 1.52873 2 
0 2.16205 2 
0 2.56661 2 
0 3.00382 2 
0 3.07892 2 
0 3.36159 2 
0 3.41993 2 
0 3.43602 2 
0 3.74638 2 
0 3.89203 2 
0 3.96079 2 
0 inf 2 
0 0.0263387 3 
0 0.0281928 3 
0 0.0293675 3 
0 0.0313175 3 
0 0.0315893 3 
0 0.0346531 3 
0 0.0358497 3 
0 0.0367833 3 
0 0.039012 3 
0 0.040494 3 
0 0.0404961 3 
0 0.0409181 3 
0 0.0409184 3 
0 0.0415336 3 
0 0.042334 3 
0 0.0423349 3 
0 0.0435188 3 
0 0.0437134 3 
0 0.0446773 3 
0 0.0452327 3 
0 0.0457981 3 
0 0.0461603 3 
0 0.0461622 3 
0 0.0467105 3 
0 0.0476026 3 
0 0.0484833 3 
0 0.0490054 3 
0 0.049859 3 
0 0.0503738 3 
0 0.050533 3 
0 0.0518549 3 
0 0.0521795 3 
0 0.0523487 3 
0 0.0525098 3 
0 0.0531434 3 
0 0.0533023 3 
0 0.0534615 3 
0 0.0537756 3 
0 0.0542396 3 
0 0.0542456 3 
0 0.0542465 3 
0 0.0545509 3 
0 0.0547114 3 
0 0.0548658 3 
0 0.0565355 3 
0 0.0601569 3 
0 0.0611305 3 
0 0.0629069 3 
0 0.067196 3 
0 0.0679422 3 
0 0.0679474 3 
0 0.0697944 3 
0 0.0718178 3 
0 0.0719374 3 
0 0.0742499 3 
0 0.0751597 3 
0 0.0771557 3 
0 0.0893443 3 
0 0.0896284 3 
0 0.0916825 3 
0 0.0932346 3 
0 0.0938683 3 
0 0.100652 3 
0 0.10165 3 
0 0.104522 3 
0 0.124256 3 
0 0.131721 3 
0 0.135705 3 
0 0.144924 3 
0 0.148278 3 
0 0.154585 3 
0 0.180379 3 
0 0.199395 3 
0 0.203394 3 
0 0.205211 3 
0 0.23731 3 
0 0.237915 3 
0 0.282827 3 
0 0.333307 3 
0 0.356718 3 
0 0.387638 3 
0 0.390005 3 
0 0.405677 3 
0 0.406916 3 
0 0.435991 3 
0 0.449888 3 
0 0.453683 3 
0 0.462655 3 
0 0.483461 3 
0 0.539151 3 
0 0.577339 3 
0 0.598764 3 
0 0.636882 3 
0 0.659922 3 
0 0.662679 3 
0 0.663434 3 
0 0.679114 3 
0 0.711957 3 
0 0.728507 3 
0 0.731565 3 
0 0.745183 3 
0 0.78377 3 
0 0.78565 3 
0 0.798977 3 
0 0.801131 3 
0 0.896008 3 
0 0.897216 3 
0 1.28768 3 
0 1.2879 3 
0 1.49951 3 
0 1.5666 3 
0 1.56779 3 
0 1.5679 3 
0 1.67016 3 
0 1.99224 3 
0 2.53759 3 
0 2.92449 3 
0 3.10062 3 
0 3.16358 3 
0 3.16921 3 
0 3.26467 3 
0 3.30628 3 
0 3.30692 3 
0 inf 3 
0 0.0148327 4 
0 0.0278904 4 
0 0.0278932 4 
0 0.0313195 4 
0 0.033411 4 
0 0.035616 4 
0 0.0356163 4 
0 0.0363196 4 
0 0.0372404 4 
0 0.0379152 4 
0 0.039013 4 
0 0.0398624 4 
0 0.0413269 4 
0 0.0431344 4 
0 0.0433192 4 
0 0.0433262 4 
0 0.0446684 4 
0 0.0456057 4 
0 0.0467121 4 
0 0.0481302 4 
0 0.0490042 4 
0 0.0490065 4 
0 0.0491765 4 
0 0.0491777 4 
0 0.051529 4 
0 0.0528274 4 
0 0.0537743 4 
0 0.0539388 4 
0 0.054245 4 
0 0.0548668 4 
0 0.0548672 4 
0 0.0553301 4 
0 0.0565373 4 
0 0.0566868 4 
0 0.0572776 4 
0 0.0572784 4 
0 0.0578748 4 
0 0.058013 4 
0 0.058588 4 
0 0.0590232 4 
0 0.0622346 4 
0 0.0623684 4 
0 0.062783 4 
0 0.0634432 4 
0 0.0705214 4 
0 0.0767097 4 
0 0.0816258 4 
0 0.0821447 4 
0 0.0825555 4 
0 0.086164 4 
0 0.0876269 4 
0 0.0883914 4 
0 0.092231 4 
0 0.0929607 4 
0 0.0945882 4 
0 0.0945909 4 
0 0.0954726 4 
0 0.107712 4 
0 0.109032 4 
0 0.110879 4 
0 0.112618 4 
0 0.128868 4 
0 0.199744 4 
0 0.219576 4 
0 0.272844 4 
0 0.296089 4 
0 0.330406 4 
0 0.347445 4 
0 0.366021 4 
0 0.369085 4 
0 0.379253 4 
0 0.400009 4 
0 0.403396 4 
0 0.404712 4 
0 0.418632 4 
0 0.425216 4 
0 0.437134 4 
0 0.466297 4 
0 0.479523 4 
0 0.514148 4 
0 0.560882 4 
0 0.574413 4 
0 0.578634 4 
0 0.599492 4 
0 0.628381 4 
0 0.63114 4 
0 0.63637 4 
0 0.663042 4 
0 0.665309 4 
0 0.667651 4 
0 0.673547 4 
0 0.692474 4 
0 0.69631 4 
0 0.71905 4 
0 0.725932 4 
0 0.732381 4 
0 0.745577 4 
0 0.755849 4 
0 0.905144 4 
0 1.26204 4 
0 1.441 4 
0 1.4975 4 
0 1.55378 4 
0 1.58706 4 
0 1.6701 4 
0 1.70268 4 
0 1.70313 4 
0 1.70361 4 
0 1.71751 4 
0 1.97063 4 
0 1.98258 4 
0 1.99925 4 
0 2.00305 4 
0 2.00464 4 
0 2.01901 4 
0 2.04307 4 
0 2.04382 4 
0 2.04557 4 
0 2.06135 4 
0 inf 4 
0 0.0228943 5 
0 0.0281928 5 
0 0.0287869 5 
0 0.0310469 5 
0 0.0313171 5 
0 0.0334119 5 
0 0.034408 5 
0 0.0351346 5 
0 0.0370109 5 
0 0.0372364 5 
0 0.037914 5 
0 0.0381383 5 
0 0.0390141 5 
0 0.0415327 5 
0 0.0415348 5 
0 0.0425395 5 
0 0.0435207 5 
0 0.0435207 5 
0 0.0435207 5 
0 0.0446755 5 
0 0.0456054 5 
0 0.0461569 5 
0 0.0461593 5 
0 0.0468855 5 
0 0.0476061 5 
0 0.0515306 5 
0 0.0518555 5 
0 0.0553301 5 
0 0.0565357 5 
0 0.0568349 5 
0 0.0583037 5 
0 0.058307 5 
0 0.0608586 5 
0 0.0634481 5 
0 0.0659269 5 
0 0.0684393 5 
0 0.0686942 5 
0 0.0700317 5 
0 0.0707512 5 
0 0.0734534 5 
0 0.0749338 5 
0 0.077699 5 
0 0.0797415 5 
0 0.0812137 5 
0 0.0836735 5 
0 0.0935043 5 
0 0.0943148 5 
0 0.0971432 5 
0 0.103633 5 
0 0.103634 5 
0 0.108649 5 
0 0.109501 5 
0 0.110112 5 
0 0.112174 5 
0 0.195249 5 
0 0.272967 5 
0 0.285091 5 
0 0.287218 5 
0 0.357188 5 
0 0.365279 5 
0 0.382696 5 
0 0.384098 5 
0 0.411524 5 
0 0.417714 5 
0 0.420921 5 
0 0.471562 5 
0 0.475558 5 
0 0.48499 5 
0 0.487468 5 
0 0.490523 5 
0 0.501042 5 
0 0.505076 5 
0 0.515397 5 
0 0.535038 5 
0 0.556723 5 
0 0.559391 5 
0 0.560055 5 
0 0.569342 5 
0 0.580088 5 
0 0.589631 5 
0 0.590706 5 
0 0.600113 5 
0 0.606367 5 
0 0.609229 5 
0 0.612507 5 
0 0.634309 5 
0 0.636173 5 
0 0.676595 5 
0 0.678056 5 
0 0.678691 5 
0 0.701553 5 
0 0.725071 5 
0 0.728736 5 
0 0.732912 5 
0 0.961365 5 
0 1.02972 5 
0 1.1381 5 
0 1.16814 5 
0 1.18899 5 
0 1.19425 5 
0 1.22666 5 
0 1.37155 5 
0 1.43439 5 
0 1.46137 5 
0 1.46741 5 
0 1.57348 5 
0 1.96898 5 
0 1.96923 5 
0 1.96956 5 
0 1.97143 5 
0 1.97415 5 
0 2.57685 5 
0 2.57749 5 
0 2.57798 5 
0 2.58551 5 
0 inf 5 
0 0.02665 6 
0 0.0296539 6 
0 0.0363214 6 
0 0.0365516 6 
0 0.038352 6 
0 0.0390107 6 
0 0.0446722 6 
0 0.0448594 6 
0 0.0470673 6 
0 0.048999 6 
0 0.0501963 6 
0 0.0505338 6 
0 0.0505347 6 
0 0.0529828 6 
0 0.0540997 6 
0 0.0553295 6 
0 0.0583102 6 
0 0.0584436 6 
0 0.0594553 6 
0 0.0597356 6 
0 0.0633103 6 
0 0.0641044 6 
0 0.0641052 6 
0 0.0645036 6 
0 0.0660603 6 
0 0.0665669 6 
0 0.0670738 6 
0 0.0685667 6 
0 0.0690556 6 
0 0.0713479 6 
0 0.0735644 6 
0 0.073802 6 
0 0.0748134 6 
0 0.0752685 6 
0 0.0778096 6 
0 0.0787801 6 
0 0.0796413 6 
0 0.0817314 6 
0 0.0832729 6 
0 0.0839669 6 
0 0.0875178 6 
0 0.0876241 6 
0 0.0876258 6 
0 0.0880013 6 
0 0.0883918 6 
0 0.0914053 6 
0 0.092785 6 
0 0.0931381 6 
0 0.1415 6 
0 0.141979 6 
0 0.199829 6 
0 0.280425 6 
0 0.289762 6 
0 0.294698 6 
0 0.329171 6 
0 0.34451 6 
0 0.357478 6 
0 0.393416 6 
0 0.408285 6 
0 0.415612 6 
0 0.420084 6 
0 0.437789 6 
0 0.442844 6 
0 0.450886 6 
0 0.450886 6 
0 0.457421 6 
0 0.466587 6 
0 0.497477 6 
0 0.518265 6 
0 0.554019 6 
0 0.55565 6 
0 0.556152 6 
0 0.567259 6 
0 0.594382 6 
0 0.595861 6 
0 0.598211 6 
0 0.601791 6 
0 0.60493 6 
0 0.668483 6 
0 0.673016 6 
0 0.684538 6 
0 0.685427 6 
0 0.687976 6 
0 0.698957 6 
0 0.700986 6 
0 0.702143 6 
0 0.774244 6 
0 0.822541 6 
0 0.935282 6 
0 0.942916 6 
0 1.28813 6 
0 1.29261 6 
0 1.29401 6 
0 1.3163 6 
0 1.33381 6 
0 1.35437 6 
0 1.52144 6 
0 1.54425 6 
0 1.56668 6 
0 1.56693 6 
0 1.56719 6 
0 1.57948 6 
0 1.60574 6 
0 1.60692 6 
0 1.64276 6 
0 1.74483 6 
0 1.99138 6 
0 2.02755 6 
0 2.02782 6 
0 2.02905 6 
0 2.03763 6 
0 inf 6 
0 0.0353759 7 
0 0.039013 7 
0 0.0463417 7 
0 0.048307 7 
0 0.0483145 7 
0 0.0493433 7 
0 0.0511982 7 
0 0.0521805 7 
0 0.0540892 7 
0 0.0542531 7 
0 0.0548656 7 
0 0.0550135 7 
0 0.056233 7 
0 0.0566877 7 
0 0.0566883 7 
0 0.056834 7 
0 0.0588802 7 
0 0.0601608 7 
0 0.0625103 7 
0 0.0629073 7 
0 0.0635701 7 
0 0.0647663 7 
0 0.0651555 7 
0 0.0655384 7 
0 0.0661827 7 
0 0.0666954 7 
0 0.0670738 7 
0 0.0719408 7 
0 0.0750405 7 
0 0.081522 7 
0 0.0815225 7 
0 0.0835762 7 
0 0.0840786 7 
0 0.0855666 7 
0 0.087145 7 
0 0.0946779 7 
0 0.0980012 7 
0 0.104043 7 
0 0.104685 7 
0 0.115797 7 
0 0.115801 7 
0 0.209497 7 
0 0.221229 7 
0 0.221454 7 
0 0.232182 7 
0 0.246299 7 
0 0.280787 7 
0 0.296432 7 
0 0.301663 7 
0 0.303563 7 
0 0.313731 7 
0 0.360543 7 
0 0.378522 7 
0 0.380927 7 
0 0.382058 7 
0 0.393049 7 
0 0.400126 7 
0 0.415034 7 
0 0.416763 7 
0 0.421925 7 
0 0.467944 7 
0 0.479105 7 
0 0.565751 7 
0 0.583391 7 
0 0.586348 7 
0 0.587952 7 
0 0.588082 7 
0 0.598014 7 
0 0.5992 7 
0 0.599764 7 
0 0.620238 7 
0 0.644296 7 
0 0.65316 7 
0 0.653212 7 
0 0.68363 7 
0 0.688952 7 
0 0.691659 7 
0 0.696318 7 
0 0.698015 7 
0 0.72137 7 
0 0.732634 7 
0 0.749618 7 
0 0.769412 7 
0 0.938471 7 
0 1.11897 7 
0 1.12754 7 
0 1.13148 7 
0 1.14041 7 
0 1.19964 7 
0 1.24947 7 
0 1.26887 7 
0 1.28492 7 
0 1.28947 7 
0 1.30145 7 
0 1.33025 7 
0 1.33149 7 
0 1.33333 7 
0 1.3352 7 
0 1.33523 7 
0 1.36973 7 
0 1.4277 7 
0 1.44868 7 
0 1.94872 7 
0 1.95068 7 
0 1.95276 7 
0 1.98381 7 
0 1.9956 7 
0 inf 7 
0 0.0370101 8 
0 0.0390165 8 
0 0.0400798 8 
0 0.0405042 8 
0 0.0439081 8 
0 0.0452355 8 
0 0.0452361 8 
0 0.048308 8 
0 0.053772 8 
0 0.0542491 8 
0 0.057867 8 
0 0.0584469 8 
0 0.0639754 8 
0 0.0639754 8 
0 0.0674507 8 
0 0.0685679 8 
0 0.0689225 8 
0 0.0770444 8 
0 0.0778087 8 
0 0.0788998 8 
0 0.0797413 8 
0 0.0801536 8 
0 0.0821438 8 
0 0.0826707 8 
0 0.0884899 8 
0 0.0900976 8 
0 0.0909397 8 
0 0.0913997 8 
0 0.0943122 8 
0 0.0959927 8 
0 0.0992906 8 
0 0.1009 8 
0 0.111105 8 
0 0.132476 8 
0 0.199193 8 
0 0.203513 8 
0 0.244462 8 
0 0.24759 8 
0 0.291049 8 
0 0.298427 8 
0 0.299022 8 
0 0.300955 8 
0 0.324973 8 
0 0.325908 8 
0 0.339217 8 
0 0.341135 8 
0 0.356026 8 
0 0.414536 8 
0 0.41799 8 
0 0.42443 8 
0 0.432499 8 
0 0.457104 8 
0 0.457758 8 
0 0.466279 8 
0 0.470242 8 
0 0.471858 8 
0 0.475233 8 
0 0.483077 8 
0 0.537357 8 
0 0.558496 8 
0 0.562346 8 
0 0.563504 8 
0 0.564255 8 
0 0.564522 8 
0 0.564594 8 
0 0.564894 8 
0 0.568284 8 
0 0.597589 8 
0 0.649849 8 
0 0.652654 8 
0 0.652958 8 
0 0.657603 8 
0 0.658425 8 
0 0.658578 8 
0 0.683846 8 
0 0.685612 8 
0 0.688566 8 
0 0.748274 8 
0 0.761827 8 
0 0.842075 8 
0 0.949236 8 
0 1.03885 8 
0 1.03905 8 
0 1.04612 8 
0 1.0701 8 
0 1.12723 8 
0 1.13369 8 
0 1.1419 8 
0 1.30494 8 
0 1.31285 8 
0 1.31475 8 
0 1.31543 8 
0 1.33082 8 
0 1.42808 8 
0 1.4986 8 
0 1.56096 8 
0 1.57826 8 
0 1.94972 8 
0 1.9503 8 
0 1.95306 8 
0 1.98779 8 
0 2.04124 8 
0 2.20982 8 
0 inf 8 
0 0.0225233 9 
0 0.0275946 9 
0 0.0278916 9 
0 0.0334132 9 
0 0.0344094 9 
0 0.0365522 9 
0 0.0413331 9 
0 0.0419381 9 
0 0.0490046 9 
0 0.0663039 9 
0 0.0689403 9 
0 0.0703939 9 
0 0.0708722 9 
0 0.0725263 9 
0 0.0736741 9 
0 0.0758226 9 
0 0.0762659 9 
0 0.0778135 9 
0 0.0794239 9 
0 0.0813193 9 
0 0.0816074 9 
0 0.0978347 9 
0 0.104844 9 
0 0.125405 9 
0 0.131853 9 
0 0.150467 9 
0 0.162569 9 
0 0.173264 9 
0 0.173595 9 
0 0.210663 9 
0 0.215004 9 
0 0.255414 9 
0 0.276035 9 
0 0.2764 9 
0 0.279929 9 
0 0.283334 9 
0 0.305596 9 
0 0.305623 9 
0 0.353905 9 
0 0.355502 9 
0 0.376234 9 
0 0.380903 9 
0 0.384501 9 
0 0.389223 9 
0 0.405704 9 
0 0.414773 9 
0 0.414773 9 
0 0.417804 9 
0 0.421094 9 
0 0.424728 9 
0 0.429618 9 
0 0.446017 9 
0 0.44655 9 
0 0.461612 9 
0 0.473048 9 
0 0.483397 9 
0 0.497466 9 
0 0.517865 9 
0 0.519235 9 
0 0.564719 9 
0 0.574738 9 
0 0.576795 9 
0 0.580011 9 
0 0.597221 9 
0 0.655433 9 
0 0.658689 9 
0 0.662789 9 
0 0.664216 9 
0 0.677484 9 
0 0.693282 9 
0 0.73026 9 
0 0.742655 9 
0 0.797258 9 
0 0.806283 9 
0 0.870901 9 
0 0.882935 9 
0 0.895036 9 
0 0.895942 9 
0 0.912633 9 
0 0.915612 9 
0 0.952151 9 
0 1.01352 9 
0 1.03201 9 
0 1.03212 9 
0 1.14673 9 
0 1.1529 9 
0 1.19835 9 
0 1.2895 9 
0 1.30651 9 
0 1.33116 9 
0 1.33954 9 
0 1.37847 9 
0 1.39685 9 
0 1.40988 9 
0 1.94621 9 
0 1.94743 9 
0 1.96247 9 
0 1.96811 9 
0 1.96831 9 
0 inf 9 
0 0.0437143 10 
0 0.049345 10 
0 0.0533064 10 
0 0.0534644 10 
0 0.0557876 10 
0 0.0615463 10 
0 0.0630501 10 
0 0.0767129 10 
0 0.0788904 10 
0 0.081312 10 
0 0.0829627 10 
0 0.0859756 10 
0 0.0875239 10 
0 0.0907458 10 
0 0.0965249 10 
0 0.0991079 10 
0 0.10065 10 
0 0.102064 10 
0 0.111335 10 
0 0.113412 10 
0 0.149419 10 
0 0.151034 10 
0 0.156046 10 
0 0.191161 10 
0 0.19783 10 
0 0.223812 10 
0 0.244937 10 
0 0.253087 10 
0 0.255897 10 
0 0.256557 10 
0 0.286244 10 
0 0.339048 10 
0 0.343729 10 
0 0.344829 10 
0 0.364918 10 
0 0.367412 10 
0 0.369986 10 
0 0.377788 10 
0 0.383453 10 
0 0.400869 10 
0 0.407497 10 
0 0.424317 10 
0 0.426953 10 
0 0.435394 10 
0 0.440451 10 
0 0.440664 10 
0 0.456359 10 
0 0.467998 10 
0 0.475165 10 
0 0.496739 10 
0 0.505609 10 
0 0.520147 10 
0 0.523403 10 
0 0.523727 10 
0 0.524952 10 
0 0.527859 10 
0 0.537985 10 
0 0.550193 10 
0 0.550362 10 
0 0.569594 10 
0 0.574305 10 
0 0.575717 10 
0 0.626489 10 
0 0.628593 10 
0 0.628808 10 
0 0.636809 10 
0 0.637146 10 
0 0.638458 10 
0 0.664875 10 
0 0.72684 10 
0 0.738473 10 
0 0.807005 10 
0 0.846235 10 
0 0.893477 10 
0 0.894016 10 
0 0.929205 10 
0 0.953913 10 
0 1.06104 10 
0 1.06115 10 
0 1.12454 10 
0 1.12698 10 
0 1.24525 10 
0 1.28969 10 
0 1.29095 10 
0 1.31157 10 
0 1.31172 10 
0 1.61811 10 
0 1.61979 10 
0 1.78809 10 
0 1.78877 10 
0 1.95336 10 
0 1.95432 10 
0 1.98313 10 
0 2.05971 10 
0 2.05977 10 
0 inf 10 
0 0.0192459 11 
0 0.0192459 11 
0 0.0584443 11 
0 0.0646342 11 
0 0.0650297 11 
0 0.0655462 11 
0 0.0700337 11 
0 0.0745961 11 
0 0.0900038 11 
0 0.0924186 11 
0 0.092486 11 
0 0.0934956 11 
0 0.109342 11 
0 0.113813 11 
0 0.11876 11 
0 0.121005 11 
0 0.121893 11 
0 0.136752 11 
0 0.162641 11 
0 0.185874 11 
0 0.247512 11 
0 0.247945 11 
0 0.256494 11 
0 0.288426 11 
0 0.289256 11 
0 0.294815 11 
0 0.294815 11 
0 0.311868 11 
0 0.324298 11 
0 0.334443 11 
0 0.33677 11 
0 0.346694 11 
0 0.352947 11 
0 0.357741 11 
0 0.35998 11 
0 0.362784 11 
0 0.382785 11 
0 0.384691 11 
0 0.402992 11 
0 0.40821 11 
0 0.432277 11 
0 0.435327 11 
0 0.436955 11 
0 0.455865 11 
0 0.465656 11 
0 0.465734 11 
0 0.470323 11 
0 0.489836 11 
0 0.489836 11 
0 0.492368 11 
0 0.495604 11 
0 0.542744 11 
0 0.5469 11 
0 0.547041 11 
0 0.547271 11 
0 0.547287 11 
0 0.547288 11 
0 0.547518 11 
0 0.567363 11 
0 0.600199 11 
0 0.602856 11 
0 0.636627 11 
0 0.636627 11 
0 0.778589 11 
0 0.792539 11 
0 0.836458 11 
0 0.836913 11 
0 0.914265 11 
0 0.918019 11 
0 0.92053 11 
0 0.945837 11 
0 0.952768 11 
0 0.952875 11 
0 0.970599 11 
0 1.12209 11 
0 1.12487 11 
0 1.22608 11 
0 1.29007 11 
0 1.29031 11 
0 1.37924 11 
0 1.38044 11 
0 1.39075 11 
0 1.53751 11 
0 1.53758 11 
0 1.90586 11 
0 1.90602 11 
0 1.94619 11 
0 1.94634 11 
0 1.9908 11 
0 2.00967 11 
0 2.01008 11 
0 inf 11 
0 0.0591664 12 
0 0.0733389 12 
0 0.0754747 12 
0 0.0810894 12 
0 0.0843644 12 
0 0.0859686 12 
0 0.0963614 12 
0 0.10521 12 
0 0.109867 12 
0 0.148108 12 
0 0.152941 12 
0 0.16149 12 
0 0.176876 12 
0 0.224456 12 
0 0.233027 12 
0 0.235504 12 
0 0.236563 12 
0 0.236883 12 
0 0.283452 12 
0 0.285154 12 
0 0.287045 12 
0 0.311402 12 
0 0.314429 12 
0 0.336293 12 
0 0.337146 12 
0 0.34525 12 
0 0.348882 12 
0 0.348976 12 
0 0.349342 12 
0 0.34963 12 
0 0.350254 12 
0 0.350375 12 
0 0.353067 12 
0 0.356427 12 
0 0.360073 12 
0 0.365967 12 
0 0.386259 12 
0 0.391756 12 
0 0.392534 12 
0 0.395432 12 
0 0.402658 12 
0 0.406337 12 
0 0.413537 12 
0 0.422493 12 
0 0.439392 12 
0 0.442061 12 
0 0.499041 12 
0 0.501205 12 
0 0.503024 12 
0 0.505454 12 
0 0.506857 12 
0 0.550001 12 
0 0.561952 12 
0 0.600341 12 
0 0.601523 12 
0 0.610689 12 
0 0.614003 12 
0 0.810957 12 
0 0.811426 12 
0 0.893741 12 
0 0.894498 12 
0 0.922481 12 
0 0.922619 12 
0 0.922665 12 
0 0.991839 12 
0 0.995107 12 
0 1.12818 12 
0 1.1298 12 
0 1.17001 12 
0 1.17036 12 
0 1.24813 12 
0 1.28649 12 
0 1.29008 12 
0 1.30275 12 
0 1.38277 12 
0 1.38304 12 
0 1.39589 12 
0 1.43846 12 
0 1.43858 12 
0 1.48939 12 
0 1.5164 12 
0 1.51648 12 
0 1.95042 12 
0 1.9517 12 
0 1.98642 12 
0 1.98657 12 
0 1.98744 12 
0 inf 12 
0 0.0972281 13 
0 0.0972281 13 
0 0.101818 13 
0 0.10304 13 
0 0.152656 13 
0 0.169008 13 
0 0.201843 13 
0 0.21098 13 
0 0.22092 13 
0 0.24037 13 
0 0.243947 13 
0 0.250817 13 
0 0.269475 13 
0 0.304896 13 
0 0.315555 13 
0 0.317798 13 
0 0.331815 13 
0 0.331885 13 
0 0.332732 13 
0 0.333971 13 
0 0.342981 13 
0 0.344565 13 
0 0.345217 13 
0 0.348422 13 
0 0.348678 13 
0 0.348906 13 
0 0.352271 13 
0 0.356115 13 
0 0.35833 13 
0 0.358401 13 
0 0.358707 13 
0 0.358803 13 
0 0.391215 13 
0 0.396654 13 
0 0.442504 13 
0 0.509291 13 
0 0.51015 13 
0 0.513042 13 
0 0.513043 13 
0 0.535972 13 
0 0.555763 13 
0 0.57115 13 
0 0.581567 13 
0 0.58196 13 
0 0.582046 13 
0 0.583657 13 
0 0.588419 13 
0 0.588893 13 
0 0.589108 13 
0 0.628526 13 
0 0.628688 13 
0 0.629051 13 
0 0.63288 13 
0 0.635281 13 
0 0.71762 13 
0 0.733909 13 
0 0.792552 13 
0 0.792936 13 
0 0.837625 13 
0 0.840498 13 
0 0.842399 13 
0 0.851027 13 
0 0.897047 13 
0 0.900358 13 
0 0.924876 13 
0 0.925461 13 
0 0.925781 13 
0 1.05481 13 
0 1.05846 13 
0 1.05917 13 
0 1.11726 13 
0 1.12777 13 
0 1.33158 13 
0 1.33553 13 
0 1.3357 13 
0 1.43499 13 
0 1.43514 13 
0 1.43522 13 
0 1.94656 13 
0 1.94995 13 
0 1.97589 13 
0 1.97622 13 
0 1.97628 13 
0 inf 13 
0 0.0722874 14 
0 0.0786773 14 
0 0.0847793 14 
0 0.0872283 14 
0 0.105482 14 
0 0.126465 14 
0 0.126998 14 
0 0.129181 14 
0 0.139377 14 
0 0.18257 14 
0 0.189555 14 
0 0.197101 14 
0 0.212096 14 
0 0.219575 14 
0 0.219965 14 
0 0.278586 14 
0 0.285778 14 
0 0.286104 14 
0 0.28693 14 
0 0.296381 14 
0 0.29663 14 
0 0.311269 14 
0 0.311811 14 
0 0.312891 14 
0 0.314108 14 
0 0.33656 14 
0 0.34027 14 
0 0.345986 14 
0 0.348874 14 
0 0.353401 14 
0 0.354166 14 
0 0.354238 14 
0 0.359956 14 
0 0.361828 14 
0 0.384354 14 
0 0.392683 14 
0 0.445695 14 
0 0.449121 14 
0 0.478524 14 
0 0.483531 14 
0 0.508371 14 
0 0.508371 14 
0 0.512892 14 
0 0.573217 14 
0 0.575693 14 
0 0.596263 14 
0 0.599319 14 
0 0.599657 14 
0 0.627315 14 
0 0.627769 14 
0 0.63864 14 
0 0.659038 14 
0 0.662156 14 
0 0.662731 14 
0 0.664663 14 
0 0.665883 14 
0 0.666956 14 
0 0.668317 14 
0 0.747 14 
0 0.748075 14 
0 0.748244 14 
0 0.896764 14 
0 0.900678 14 
0 1.07675 14 
0 1.07702 14 
0 1.07735 14 
0 1.11912 14 
0 1.12753 14 
0 1.13025 14 
0 1.13041 14 
0 1.13041 14 
0 1.32395 14 
0 1.32395 14 
0 1.32456 14 
0 1.94666 14 
0 1.9502 14 
0 1.95473 14 
0 1.95504 14 
0 1.95549 14 
0 inf 14 
0 0.0708688 15 
0 0.0709775 15 
0 0.0737987 15 
0 0.0930363 15 
0 0.106765 15 
0 0.12018 15 
0 0.185384 15 
0 0.192212 15 
0 0.192315 15 
0 0.225131 15 
0 0.230147 15 
0 0.235769 15 
0 0.23577 15 
0 0.241439 15 
0 0.275591 15 
0 0.296004 15 
0 0.297093 15 
0 0.297434 15 
0 0.303374 15 
0 0.304958 15 
0 0.30637 15 
0 0.315956 15 
0 0.325809 15 
0 0.326466 15 
0 0.32812 15 
0 0.333214 15 
0 0.334505 15 
0 0.335237 15 
0 0.336495 15 
0 0.336849 15 
0 0.338164 15 
0 0.341449 15 
0 0.343399 15 
0 0.343892 15 
0 0.357925 15 
0 0.360566 15 
0 0.389309 15 
0 0.453914 15 
0 0.453914 15 
0 0.454193 15 
0 0.471852 15 
0 0.472798 15 
0 0.479967 15 
0 0.480759 15 
0 0.481128 15 
0 0.537011 15 
0 0.560344 15 
0 0.61679 15 
0 0.618392 15 
0 0.618433 15 
0 0.69991 15 
0 0.723105 15 
0 0.747659 15 
0 0.750594 15 
0 0.758252 15 
0 0.855647 15 
0 0.89565 15 
0 0.900312 15 
0 1.01286 15 
0 1.01302 15 
0 1.01316 15 
0 1.13406 15 
0 1.30884 15 
0 1.30975 15 
0 1.31091 15 
0 1.59417 15 
0 1.5943 15 
0 1.59486 15 
0 1.71817 15 
0 1.71841 15 
0 1.71857 15 
0 1.94986 15 
0 2.0518 15 
0 2.05254 15 
0 2.05263 15 
0 inf 15 
0 0.0809014 16 
0 0.0879934 16 
0 0.0909215 16 
0 0.105487 16 
0 0.106444 16 
0 0.123237 16 
0 0.131375 16 
0 0.154085 16 
0 0.172337 16 
0 0.244557 16 
0 0.256486 16 
0 0.25698 16 
0 0.25924 16 
0 0.26245 16 
0 0.30021 16 
0 0.301581 16 
0 0.304683 16 
0 0.306259 16 
0 0.307665 16 
0 0.309522 16 
0 0.310259 16 
0 0.317612 16 
0 0.327083 16 
0 0.33179 16 
0 0.333746 16 
0 0.341176 16 
0 0.342339 16 
0 0.343153 16 
0 0.343805 16 
0 0.347876 16 
0 0.362251 16 
0 0.367442 16 
0 0.367626 16 
0 0.367626 16 
0 0.394259 16 
0 0.406174 16 
0 0.40632 16 
0 0.408499 16 
0 0.419405 16 
0 0.428475 16 
0 0.451352 16 
0 0.451951 16 
0 0.501225 16 
0 0.532933 16 
0 0.5698 16 
0 0.569993 16 
0 0.570512 16 
0 0.577957 16 
0 0.578367 16 
0 0.578586 16 
0 0.775968 16 
0 0.879468 16 
0 0.902469 16 
0 0.922349 16 
0 0.922368 16 
0 0.92245 16 
0 1.13668 16 
0 1.1607 16 
0 1.30642 16 
0 1.32369 16 
0 1.32371 16 
0 1.5194 16 
0 1.52034 16 
0 1.5204 16 
0 1.6659 16 
0 1.66814 16 
0 1.66917 16 
0 1.95305 16 
0 2.01804 16 
0 2.01809 16 
0 2.01815 16 
0 inf 16 
0 0.0785439 17 
0 0.0988615 17 
0 0.10507 17 
0 0.123575 17 
0 0.125934 17 
0 0.219235 17 
0 0.237222 17 
0 0.24324 17 
0 0.243553 17 
0 0.294282 17 
0 0.294283 17 
0 0.294627 17 
0 0.301265 17 
0 0.314267 17 
0 0.321186 17 
0 0.321186 17 
0 0.321712 17 
0 0.331068 17 
0 0.331068 17 
0 0.33168 17 
0 0.335406 17 
0 0.33735 17 
0 0.338252 17 
0 0.338427 17 
0 0.340059 17 
0 0.340928 17 
0 0.342661 17 
0 0.344138 17 
0 0.355441 17 
0 0.355726 17 
0 0.356961 17 
0 0.357268 17 
0 0.389663 17 
0 0.392 17 
0 0.392517 17 
0 0.393205 17 
0 0.408743 17 
0 0.539086 17 
0 0.559149 17 
0 0.575091 17 
0 0.575444 17 
0 0.579817 17 
0 0.584576 17 
0 0.91813 17 
0 0.918435 17 
0 0.919309 17 
0 0.920164 17 
0 0.934301 17 
0 0.995869 17 
0 1.06758 17 
0 1.0956 17 
0 1.13017 17 
0 1.15322 17 
0 1.18356 17 
0 1.18568 17 
0 1.18654 17 
0 1.26796 17 
0 1.42074 17 
0 1.42125 17 
0 1.42142 17 
0 1.484 17 
0 1.48571 17 
0 1.48571 17 
0 1.95605 17 
0 1.97475 17 
0 1.97477 17 
0 1.97493 17 
0 inf 17 
0 0.0984228 18 
0 0.0997896 18 
0 0.100128 18 
0 0.119863 18 
0 0.126456 18 
0 0.137686 18 
0 0.14255 18 
0 0.163004 18 
0 0.169367 18 
0 0.169601 18 
0 0.172336 18 
0 0.173107 18 
0 0.175244 18 
0 0.198161 18 
0 0.201838 18 
0 0.20619 18 
0 0.275096 18 
0 0.317106 18 
0 0.317345 18 
0 0.317745 18 
0 0.336773 18 
0 0.343904 18 
0 0.344419 18 
0 0.359063 18 
0 0.361878 18 
0 0.365852 18 
0 0.370886 18 
0 0.371091 18 
0 0.371388 18 
0 0.371593 18 
0 0.441223 18 
0 0.444126 18 
0 0.444278 18 
0 0.445267 18 
0 0.618005 18 
0 0.704233 18 
0 0.712647 18 
0 0.724272 18 
0 0.764299 18 
0 0.777122 18 
0 0.814515 18 
0 0.818398 18 
0 0.914845 18 
0 0.914956 18 
0 0.915095 18 
0 0.915141 18 
0 0.950039 18 
0 1.04256 18 
0 1.04963 18 
0 1.06647 18 
0 1.10403 18 
0 1.10476 18 
0 1.19278 18 
0 1.21088 18 
0 1.21915 18 
0 1.23598 18 
0 1.23899 18 
0 1.24754 18 
0 1.37022 18 
0 1.96124 18 
0 1.96593 18 
0 1.96597 18 
0 1.96599 18 
0 inf 18 
0 0.0893268 19 
0 0.0901733 19 
0 0.0901746 19 
0 0.143925 19 
0 0.157216 19 
0 0.161725 19 
0 0.172304 19 
0 0.173851 19 
0 0.175594 19 
0 0.182209 19 
0 0.193975 19 
0 0.195192 19 
0 0.198669 19 
0 0.256579 19 
0 0.259333 19 
0 0.262348 19 
0 0.316706 19 
0 0.317346 19 
0 0.318197 19 
0 0.360449 19 
0 0.361222 19 
0 0.362624 19 
0 0.371649 19 
0 0.371717 19 
0 0.373352 19 
0 0.446803 19 
0 0.447994 19 
0 0.449069 19 
0 0.473052 19 
0 0.478013 19 
0 0.478366 19 
0 0.5375 19 
0 0.566961 19 
0 0.56702 19 
0 0.567497 19 
0 0.625882 19 
0 0.629923 19 
0 0.632334 19 
0 0.674169 19 
0 0.678668 19 
0 0.711134 19 
0 0.711788 19 
0 0.712239 19 
0 0.780603 19 
0 0.780744 19 
0 0.93822 19 
0 0.938247 19 
0 0.938445 19 
0 1.2028 19 
0 1.22364 19 
0 1.22563 19 
0 1.30489 19 
0 1.30495 19 
0 1.50341 19 
0 1.86292 19 
0 1.97266 19 
0 1.97344 19 
0 1.97367 19 
0 1.97381 19 
0 inf 19 
0 0.089135 20 
0 0.0905466 20 
0 0.0968646 20 
0 0.15124 20 
0 0.153075 20 
0 0.154777 20 
0 0.157894 20 
0 0.159385 20 
0 0.159598 20 
0 0.211495 20 
0 0.222598 20 
0 0.257439 20 
0 0.25862 20 
0 0.262126 20 
0 0.268877 20 
0 0.280091 20 
0 0.294514 20 
0 0.294515 20 
0 0.296003 20 
0 0.34892 20 
0 0.349767 20 
0 0.353542 20 
0 0.362771 20 
0 0.364809 20 
0 0.365273 20 
0 0.365759 20 
0 0.438133 20 
0 0.454968 20 
0 0.456228 20 
0 0.468974 20 
0 0.469496 20 
0 0.469622 20 
0 0.470084 20 
0 0.471592 20 
0 0.472595 20 
0 0.499659 20 
0 0.529991 20 
0 0.539245 20 
0 0.546099 20 
0 0.566304 20 
0 0.566902 20 
0 0.567006 20 
0 0.567738 20 
0 0.568928 20 
0 0.925403 20 
0 0.9268 20 
0 0.953176 20 
0 0.953522 20 
0 0.955648 20 
0 1.24206 20 
0 1.24279 20 
0 1.2906 20 
0 1.29239 20 
0 1.98313 20 
0 1.9846 20 
0 inf 20 
