0 0.0111587 1 
0 0.0120514 1 
0 0.0144042 1 
0 0.0208769 1 
0 0.0232339 1 
0 0.0241039 1 
0 0.0257684 1 
0 0.0269496 1 
0 0.026952 1 
0 0.0277029 1 
0 0.0284472 1 
0 0.0284472 1 
0 0.029871 1 
0 0.0305566 1 
0 0.0312293 1 
0 0.0312311 1 
0 0.03156 1 
0 0.0334736 1 
0 0.0334739 1 
0 0.0337827 1 
0 0.0337855 1 
0 0.0340887 1 
0 0.0340887 1 
0 0.0358661 1 
0 0.0370063 1 
0 0.0372864 1 
0 0.0375643 1 
0 0.0381118 1 
0 0.0383835 1 
0 0.0383837 1 
0 0.0383841 1 
0 0.0389302 1 
0 0.0391851 1 
0 0.0394494 1 
0 0.0402264 1 
0 0.0402298 1 
0 0.0402304 1 
0 0.0402308 1 
0 0.0402308 1 
0 0.0407437 1 
0 0.0412496 1 
0 0.0415008 1 
0 0.0415018 1 
0 0.0417473 1 
0 0.0422403 1 
0 0.0424886 1 
0 0.0432199 1 
0 0.0434535 1 
0 0.0436963 1 
0 0.045094 1 
0 0.0482083 1 
0 0.0503137 1 
0 0.0537059 1 
0 0.056354 1 
0 0.0579799 1 
0 0.0590428 1 
0 0.0595678 1 
0 0.0621249 1 
0 0.0626248 1 
0 0.0629544 1 
0 0.068487 1 
0 0.0696847 1 
0 0.0705689 1 
0 0.0735958 1 
0 0.0747119 1 
0 0.0751273 1 
0 0.0765001 1 
0 0.0778421 1 
0 0.0791646 1 
0 0.0800766 1 
0 0.0814914 1 
0 0.0890352 1 
0 0.0898469 1 
0 0.0900758 1 
0 0.0906496 1 
0 0.105163 1 
0 0.116496 1 
0 0.117559 1 
0 0.118527 1 
0 0.121891 1 
0 0.125993 1 
0 0.128681 1 
0 0.130282 1 
0 0.136276 1 
0 0.139216 1 
0 0.142236 1 
0 0.148447 1 
0 0.153397 1 
0 0.15773 1 
0 0.160278 1 
0 0.165937 1 
0 0.166998 1 
0 0.180501 1 
0 0.184361 1 
0 0.186768 1 
0 0.190068 1 
0 0.193585 1 
0 0.195397 1 
0 0.20033 1 
0 0.222233 1 
0 0.224969 1 
0 0.224969 1 
0 0.310325 1 
0 0.34159 1 
0 0.363936 1 
0 0.399592 1 
0 0.420918 1 
0 0.500157 1 
0 0.532037 1 
0 0.583578 1 
0 0.603547 1 
0 0.617921 1 
0 0.638104 1 
0 0.650115 1 
0 0.655232 1 
0 0.74459 1 
0 0.831687 1 
0 0.871185 1 
0 0.894735 1 
0 0.947875 1 
0 1.19512 1 
0 1.2157 1 
0 1.60559 1 
0 2.21775 1 
0 2.47962 1 
0 2.7339 1 
0 2.986 1 
0 4.06091 1 
0 4.20374 1 
0 4.28839 1 
0 4.38213 1 
0 inf 1 
0 0.0111578 2 
0 0.0111615 2 
0 0.0111615 2 
0 0.0144137 2 
0 0.0170454 2 
0 0.018782 2 
0 0.0193264 2 
0 0.0218463 2 
0 0.0232319 2 
0 0.0265668 2 
0 0.0269493 2 
0 0.027709 2 
0 0.0284472 2 
0 0.0284476 2 
0 0.0284479 2 
0 0.0291681 2 
0 0.0295229 2 
0 0.029872 2 
0 0.0305571 2 
0 0.0352854 2 
0 0.0358683 2 
0 0.0358683 2 
0 0.0370073 2 
0 0.0383828 2 
0 0.0404882 2 
0 0.0412493 2 
0 0.0415008 2 
0 0.0422424 2 
0 0.0434587 2 
0 0.0453262 2 
0 0.0457812 2 
0 0.0462311 2 
0 0.0471197 2 
0 0.0479921 2 
0 0.0482075 2 
0 0.0515372 2 
0 0.0521418 2 
0 0.0525338 2 
0 0.0529271 2 
0 0.0535121 2 
0 0.0537056 2 
0 0.0544744 2 
0 0.0550449 2 
0 0.0556023 2 
0 0.0561616 2 
0 0.0565289 2 
0 0.0574423 2 
0 0.0586898 2 
0 0.0588702 2 
0 0.0593932 2 
0 0.0627896 2 
0 0.0642619 2 
0 0.0911067 2 
0 0.0919 2 
0 0.0935807 2 
0 0.0949016 2 
0 0.101453 2 
0 0.101963 2 
0 0.102467 2 
0 0.110271 2 
0 0.122825 2 
0 0.124497 2 
0 0.125662 2 
0 0.126733 2 
0 0.127056 2 
0 0.12908 2 
0 0.132498 2 
0 0.133818 2 
0 0.133819 2 
0 0.143834 2 
0 0.14448 2 
0 0.153668 2 
0 0.154809 2 
0 0.155012 2 
0 0.156278 2 
0 0.157993 2 
0 0.163672 2 
0 0.166816 2 
0 0.171235 2 
0 0.176486 2 
0 0.180722 2 
0 0.191046 2 
0 0.199913 2 
0 0.20012 2 
0 0.202648 2 
0 0.208652 2 
0 0.209646 2 
0 0.211418 2 
0 0.241859 2 
0 0.242708 2 
0 0.252227 2 
0 0.334127 2 
0 0.335121 2 
0 0.338565 2 
0 0.384426 2 
0 0.402993 2 
0 0.479264 2 
0 0.491342 2 
0 0.495545 2 
0 0.50377 2 
0 0.529043 2 
0 0.536336 2 
0 0.544 2 
0 0.649667 2 
0 0.670047 2 
0 0.681345 2 
0 0.699847 2 
0 0.70282 2 
0 0.716122 2 
0 0.716165 2 
0 0.728372 2 
0 0.75368 2 
0 0.786923 2 
0 0.840786 2 
0 1.37371 2 
0 1.79436 2 
0 1.98487 2 
0 2.06834 2 
0 2.41105 2 
0 2.89378 2 
0 3.11648 2 
0 3.29198 2 
0 3.38798 2 
0 3.38974 2 
0 3.40294 2 
0 3.59984 2 
0 3.79608 2 
0 inf 2 
0 0.0193259 3 
0 0.0208749 3 
0 0.0218502 3 
0 0.0232303 3 
0 0.0241041 3 
0 0.0241043 3 
0 0.0253626 3 
0 0.0253626 3 
0 0.0269486 3 
0 0.0273315 3 
0 0.0288104 3 
0 0.029871 3 
0 0.0325299 3 
0 0.0331635 3 
0 0.0372873 3 
0 0.0381121 3 
0 0.0381134 3 
0 0.0383817 3 
0 0.0383837 3 
0 0.039449 3 
0 0.0439325 3 
0 0.0450939 3 
0 0.0488497 3 
0 0.0505151 3 
0 0.0519389 3 
0 0.0525381 3 
0 0.0529241 3 
0 0.0550465 3 
0 0.0568963 3 
0 0.056898 3 
0 0.0574397 3 
0 0.0590415 3 
0 0.0607743 3 
0 0.0611149 3 
0 0.0617911 3 
0 0.0621249 3 
0 0.0631189 3 
0 0.0653795 3 
0 0.0666393 3 
0 0.0671029 3 
0 0.0671064 3 
0 0.0702744 3 
0 0.0742939 3 
0 0.0770393 3 
0 0.0871508 3 
0 0.0945715 3 
0 0.102468 3 
0 0.102471 3 
0 0.102471 3 
0 0.103177 3 
0 0.104075 3 
0 0.104077 3 
0 0.104764 3 
0 0.105165 3 
0 0.107414 3 
0 0.115062 3 
0 0.115597 3 
0 0.118355 3 
0 0.119315 3 
0 0.124499 3 
0 0.125661 3 
0 0.126646 3 
0 0.126891 3 
0 0.127137 3 
0 0.130919 3 
0 0.14018 3 
0 0.149634 3 
0 0.151358 3 
0 0.181637 3 
0 0.191213 3 
0 0.192295 3 
0 0.195718 3 
0 0.199911 3 
0 0.207355 3 
0 0.231916 3 
0 0.232988 3 
0 0.235813 3 
0 0.256226 3 
0 0.308382 3 
0 0.327291 3 
0 0.366302 3 
0 0.37391 3 
0 0.385397 3 
0 0.402384 3 
0 0.402411 3 
0 0.430663 3 
0 0.443009 3 
0 0.449335 3 
0 0.45182 3 
0 0.466 3 
0 0.478442 3 
0 0.50503 3 
0 0.561684 3 
0 0.573639 3 
0 0.573783 3 
0 0.617686 3 
0 0.630846 3 
0 0.631408 3 
0 0.643576 3 
0 0.655976 3 
0 0.657711 3 
0 0.661495 3 
0 0.679298 3 
0 0.696725 3 
0 0.728529 3 
0 0.845597 3 
0 1.28084 3 
0 1.34488 3 
0 1.42654 3 
0 1.49125 3 
0 1.82634 3 
0 1.84977 3 
0 1.85322 3 
0 1.85408 3 
0 1.91857 3 
0 2.91426 3 
0 3.02965 3 
0 3.02982 3 
0 3.03022 3 
0 3.22771 3 
0 3.45529 3 
0 3.74049 3 
0 3.75285 3 
0 inf 3 
0 0.0157799 4 
0 0.0164308 4 
0 0.0176427 4 
0 0.0193347 4 
0 0.0249469 4 
0 0.0249502 4 
0 0.026562 4 
0 0.0308954 4 
0 0.0337774 4 
0 0.0367251 4 
0 0.0378388 4 
0 0.0389203 4 
0 0.0397038 4 
0 0.0404876 4 
0 0.0404881 4 
0 0.0424889 4 
0 0.0441664 4 
0 0.0455521 4 
0 0.0462335 4 
0 0.0471206 4 
0 0.0498986 4 
0 0.0529276 4 
0 0.0535119 4 
0 0.0544729 4 
0 0.0544731 4 
0 0.0557899 4 
0 0.0572682 4 
0 0.0574395 4 
0 0.0576183 4 
0 0.0579882 4 
0 0.0590433 4 
0 0.0616241 4 
0 0.0617903 4 
0 0.0631217 4 
0 0.0640982 4 
0 0.0680245 4 
0 0.070872 4 
0 0.0738823 4 
0 0.0770352 4 
0 0.0858297 4 
0 0.0890318 4 
0 0.090302 4 
0 0.0936949 4 
0 0.105854 4 
0 0.115778 4 
0 0.116134 4 
0 0.116493 4 
0 0.116936 4 
0 0.117026 4 
0 0.117646 4 
0 0.118259 4 
0 0.121803 4 
0 0.130439 4 
0 0.135972 4 
0 0.139513 4 
0 0.142457 4 
0 0.142748 4 
0 0.143618 4 
0 0.143906 4 
0 0.144194 4 
0 0.145909 4 
0 0.147889 4 
0 0.166501 4 
0 0.177365 4 
0 0.198192 4 
0 0.201466 4 
0 0.201827 4 
0 0.22288 4 
0 0.233824 4 
0 0.332231 4 
0 0.353839 4 
0 0.373 4 
0 0.379443 4 
0 0.38052 4 
0 0.381104 4 
0 0.411344 4 
0 0.413956 4 
0 0.480368 4 
0 0.480541 4 
0 0.490891 4 
0 0.512188 4 
0 0.527334 4 
0 0.527877 4 
0 0.528447 4 
0 0.536048 4 
0 0.545892 4 
0 0.589166 4 
0 0.602324 4 
0 0.612736 4 
0 0.624099 4 
0 0.624647 4 
0 0.629758 4 
0 0.641131 4 
0 0.643642 4 
0 0.644416 4 
0 0.647508 4 
0 0.77828 4 
0 0.900785 4 
0 1.1711 4 
0 1.18959 4 
0 1.20372 4 
0 1.21169 4 
0 1.24113 4 
0 1.24234 4 
0 1.24334 4 
0 1.36607 4 
0 1.49125 4 
0 1.61307 4 
0 1.61774 4 
0 1.62235 4 
0 1.84016 4 
0 1.905 4 
0 2.37774 4 
0 2.67795 4 
0 2.68071 4 
0 2.68747 4 
0 2.81803 4 
0 2.93678 4 
0 3.03609 4 
0 inf 4 
0 0.0298707 5 
0 0.0328484 5 
0 0.0334743 5 
0 0.0352844 5 
0 0.0352844 5 
0 0.0372865 5 
0 0.0386497 5 
0 0.0386529 5 
0 0.0386552 5 
0 0.0391868 5 
0 0.0399749 5 
0 0.0402309 5 
0 0.0404852 5 
0 0.0419975 5 
0 0.0453251 5 
0 0.0453267 5 
0 0.0455521 5 
0 0.0455521 5 
0 0.0460082 5 
0 0.047119 5 
0 0.0475657 5 
0 0.0477768 5 
0 0.0479966 5 
0 0.049903 5 
0 0.0509303 5 
0 0.0513407 5 
0 0.0515418 5 
0 0.0527398 5 
0 0.0531303 5 
0 0.053898 5 
0 0.0559813 5 
0 0.0567208 5 
0 0.0574416 5 
0 0.0599196 5 
0 0.0600862 5 
0 0.0612849 5 
0 0.0621239 5 
0 0.063609 5 
0 0.0639366 5 
0 0.0640981 5 
0 0.066483 5 
0 0.0830007 5 
0 0.0870236 5 
0 0.0908741 5 
0 0.120947 5 
0 0.124835 5 
0 0.128599 5 
0 0.131864 5 
0 0.134127 5 
0 0.147041 5 
0 0.150458 5 
0 0.151696 5 
0 0.152718 5 
0 0.163228 5 
0 0.185261 5 
0 0.189251 5 
0 0.205844 5 
0 0.212201 5 
0 0.212786 5 
0 0.22565 5 
0 0.269725 5 
0 0.278914 5 
0 0.334069 5 
0 0.374169 5 
0 0.375497 5 
0 0.444212 5 
0 0.447504 5 
0 0.458529 5 
0 0.477679 5 
0 0.483916 5 
0 0.484111 5 
0 0.487434 5 
0 0.488467 5 
0 0.49662 5 
0 0.496704 5 
0 0.502613 5 
0 0.529709 5 
0 0.553963 5 
0 0.565186 5 
0 0.565719 5 
0 0.566214 5 
0 0.577564 5 
0 0.579125 5 
0 0.579573 5 
0 0.583973 5 
0 0.61534 5 
0 0.619122 5 
0 0.620126 5 
0 0.738751 5 
0 0.83718 5 
0 0.88449 5 
0 1.22845 5 
0 1.24198 5 
0 1.27761 5 
0 1.27827 5 
0 1.28066 5 
0 1.37491 5 
0 1.47896 5 
0 1.52855 5 
0 1.53397 5 
0 1.58464 5 
0 1.58652 5 
0 1.60276 5 
0 1.60981 5 
0 1.89668 5 
0 1.91724 5 
0 1.91891 5 
0 1.91891 5 
0 1.91943 5 
0 1.92629 5 
0 2.02366 5 
0 2.06674 5 
0 2.07035 5 
0 2.11632 5 
0 2.12658 5 
0 inf 5 
0 0.021367 6 
0 0.0298745 6 
0 0.0312291 6 
0 0.0312309 6 
0 0.0325327 6 
0 0.0337827 6 
0 0.0349935 6 
0 0.0358675 6 
0 0.0372849 6 
0 0.0391853 6 
0 0.0407402 6 
0 0.0446368 6 
0 0.0448641 6 
0 0.0471178 6 
0 0.0482112 6 
0 0.0486362 6 
0 0.053706 6 
0 0.0569039 6 
0 0.0585199 6 
0 0.0588661 6 
0 0.059567 6 
0 0.0595675 6 
0 0.0621267 6 
0 0.0640987 6 
0 0.0661717 6 
0 0.0666373 6 
0 0.068024 6 
0 0.0702734 6 
0 0.0720238 6 
0 0.073311 6 
0 0.0759519 6 
0 0.0781066 6 
0 0.0807153 6 
0 0.0817426 6 
0 0.0836226 6 
0 0.0881002 6 
0 0.0901903 6 
0 0.0926866 6 
0 0.0967409 6 
0 0.0991757 6 
0 0.0996975 6 
0 0.101552 6 
0 0.101752 6 
0 0.107501 6 
0 0.124833 6 
0 0.126075 6 
0 0.142018 6 
0 0.168358 6 
0 0.172319 6 
0 0.177549 6 
0 0.186542 6 
0 0.19143 6 
0 0.193317 6 
0 0.229028 6 
0 0.230432 6 
0 0.232623 6 
0 0.238268 6 
0 0.306492 6 
0 0.334595 6 
0 0.34382 6 
0 0.351371 6 
0 0.355335 6 
0 0.359571 6 
0 0.365154 6 
0 0.37057 6 
0 0.376132 6 
0 0.399665 6 
0 0.444988 6 
0 0.447591 6 
0 0.461851 6 
0 0.475767 6 
0 0.492158 6 
0 0.510503 6 
0 0.528748 6 
0 0.52933 6 
0 0.535118 6 
0 0.559218 6 
0 0.563893 6 
0 0.591063 6 
0 0.606228 6 
0 0.606382 6 
0 0.612361 6 
0 0.61895 6 
0 0.618951 6 
0 0.641128 6 
0 0.743698 6 
0 1.0248 6 
0 1.16261 6 
0 1.16325 6 
0 1.16325 6 
0 1.18958 6 
0 1.19104 6 
0 1.34803 6 
0 1.37528 6 
0 1.37593 6 
0 1.37768 6 
0 1.42499 6 
0 1.45088 6 
0 1.4579 6 
0 1.46943 6 
0 1.48017 6 
0 1.4837 6 
0 1.51932 6 
0 1.61636 6 
0 1.7307 6 
0 1.92547 6 
0 1.94673 6 
0 2.37372 6 
0 2.38391 6 
0 2.38989 6 
0 2.41494 6 
0 inf 6 
0 0.0308945 7 
0 0.0312371 7 
0 0.0383847 7 
0 0.0389188 7 
0 0.0419956 7 
0 0.0460057 7 
0 0.0484225 7 
0 0.0488446 7 
0 0.0505205 7 
0 0.0505221 7 
0 0.0554153 7 
0 0.0559775 7 
0 0.0585135 7 
0 0.0588681 7 
0 0.0592188 7 
0 0.059565 7 
0 0.0612769 7 
0 0.0612874 7 
0 0.0619607 7 
0 0.0636093 7 
0 0.0689254 7 
0 0.0742917 7 
0 0.0816098 7 
0 0.0828745 7 
0 0.084115 7 
0 0.0847335 7 
0 0.0888014 7 
0 0.0891489 7 
0 0.0896146 7 
0 0.0899596 7 
0 0.0909947 7 
0 0.092802 7 
0 0.100942 7 
0 0.117295 7 
0 0.119656 7 
0 0.121805 7 
0 0.1245 7 
0 0.124668 7 
0 0.127951 7 
0 0.130681 7 
0 0.13405 7 
0 0.135665 7 
0 0.139592 7 
0 0.147962 7 
0 0.148658 7 
0 0.185997 7 
0 0.18865 7 
0 0.21385 7 
0 0.215888 7 
0 0.22459 7 
0 0.226709 7 
0 0.264662 7 
0 0.280211 7 
0 0.311017 7 
0 0.311317 7 
0 0.316785 7 
0 0.319914 7 
0 0.336174 7 
0 0.376077 7 
0 0.44194 7 
0 0.447514 7 
0 0.467893 7 
0 0.471603 7 
0 0.476007 7 
0 0.490278 7 
0 0.528984 7 
0 0.544106 7 
0 0.55076 7 
0 0.553766 7 
0 0.580927 7 
0 0.585995 7 
0 0.596332 7 
0 0.639613 7 
0 0.641475 7 
0 0.643654 7 
0 0.664499 7 
0 0.72893 7 
0 0.857475 7 
0 0.894597 7 
0 0.897757 7 
0 0.914519 7 
0 0.914791 7 
0 0.936966 7 
0 0.965456 7 
0 1.09379 7 
0 1.13194 7 
0 1.15817 7 
0 1.15985 7 
0 1.1627 7 
0 1.16857 7 
0 1.19212 7 
0 1.19795 7 
0 1.24148 7 
0 1.28269 7 
0 1.37043 7 
0 1.44945 7 
0 1.47028 7 
0 1.57446 7 
0 1.61873 7 
0 1.66643 7 
0 1.81423 7 
0 1.82289 7 
0 1.84308 7 
0 1.91306 7 
0 1.94829 7 
0 1.99491 7 
0 2.28299 7 
0 inf 7 
0 0.0298729 8 
0 0.029876 8 
0 0.0343919 8 
0 0.0381099 8 
0 0.0531203 8 
0 0.0539005 8 
0 0.0695413 8 
0 0.071591 8 
0 0.0747107 8 
0 0.0755412 8 
0 0.0755419 8 
0 0.0775733 8 
0 0.0796839 8 
0 0.0798156 8 
0 0.0812338 8 
0 0.0823735 8 
0 0.0823745 8 
0 0.0899636 8 
0 0.0908845 8 
0 0.0923458 8 
0 0.0927985 8 
0 0.0941271 8 
0 0.0967407 8 
0 0.0980174 8 
0 0.0984357 8 
0 0.0992792 8 
0 0.101347 8 
0 0.102971 8 
0 0.115692 8 
0 0.118698 8 
0 0.119134 8 
0 0.120004 8 
0 0.120781 8 
0 0.126644 8 
0 0.136583 8 
0 0.164988 8 
0 0.185605 8 
0 0.186156 8 
0 0.190997 8 
0 0.202698 8 
0 0.205889 8 
0 0.215349 8 
0 0.239999 8 
0 0.256925 8 
0 0.264796 8 
0 0.266709 8 
0 0.283935 8 
0 0.29182 8 
0 0.324649 8 
0 0.340647 8 
0 0.35023 8 
0 0.353737 8 
0 0.36719 8 
0 0.376352 8 
0 0.388525 8 
0 0.411924 8 
0 0.445566 8 
0 0.452039 8 
0 0.459807 8 
0 0.462394 8 
0 0.473647 8 
0 0.47509 8 
0 0.475862 8 
0 0.484123 8 
0 0.523919 8 
0 0.537895 8 
0 0.549074 8 
0 0.554489 8 
0 0.580555 8 
0 0.59847 8 
0 0.603029 8 
0 0.610895 8 
0 0.612929 8 
0 0.661027 8 
0 0.67573 8 
0 0.749007 8 
0 0.817748 8 
0 0.963638 8 
0 0.979527 8 
0 0.986933 8 
0 1.03104 8 
0 1.04505 8 
0 1.11433 8 
0 1.12807 8 
0 1.16056 8 
0 1.16204 8 
0 1.17157 8 
0 1.17228 8 
0 1.17234 8 
0 1.19162 8 
0 1.22484 8 
0 1.25145 8 
0 1.26357 8 
0 1.32083 8 
0 1.37758 8 
0 1.58229 8 
0 1.727 8 
0 1.79289 8 
0 1.82663 8 
0 1.83067 8 
0 1.87953 8 
0 1.8901 8 
0 1.8901 8 
0 inf 8 
0 0.0288128 9 
0 0.0404845 9 
0 0.0583339 9 
0 0.0586864 9 
0 0.0586948 9 
0 0.0592172 9 
0 0.0602649 9 
0 0.0637671 9 
0 0.0686285 9 
0 0.0693791 9 
0 0.0699788 9 
0 0.07217 9 
0 0.0744359 9 
0 0.0749906 9 
0 0.0760908 9 
0 0.0798155 9 
0 0.0803344 9 
0 0.0827525 9 
0 0.0832508 9 
0 0.105955 9 
0 0.108758 9 
0 0.11251 9 
0 0.112689 9 
0 0.11515 9 
0 0.115781 9 
0 0.116581 9 
0 0.120864 9 
0 0.135667 9 
0 0.15535 9 
0 0.159814 9 
0 0.164623 9 
0 0.167187 9 
0 0.174473 9 
0 0.183735 9 
0 0.198925 9 
0 0.216117 9 
0 0.231012 9 
0 0.233262 9 
0 0.24075 9 
0 0.257136 9 
0 0.264298 9 
0 0.321564 9 
0 0.334533 9 
0 0.350953 9 
0 0.353385 9 
0 0.357049 9 
0 0.362631 9 
0 0.379181 9 
0 0.379863 9 
0 0.382265 9 
0 0.388725 9 
0 0.40248 9 
0 0.402982 9 
0 0.474132 9 
0 0.48364 9 
0 0.487636 9 
0 0.522901 9 
0 0.524643 9 
0 0.525579 9 
0 0.527157 9 
0 0.527648 9 
0 0.534319 9 
0 0.542047 9 
0 0.572171 9 
0 0.574343 9 
0 0.585085 9 
0 0.586519 9 
0 0.662675 9 
0 0.752429 9 
0 0.833897 9 
0 0.837373 9 
0 0.87636 9 
0 0.901763 9 
0 0.903602 9 
0 0.992739 9 
0 1.08208 9 
0 1.10964 9 
0 1.10968 9 
0 1.12248 9 
0 1.13893 9 
0 1.16078 9 
0 1.16079 9 
0 1.18408 9 
0 1.18916 9 
0 1.28784 9 
0 1.29395 9 
0 1.2964 9 
0 1.29652 9 
0 1.38518 9 
0 1.40372 9 
0 1.43408 9 
0 1.43518 9 
0 1.67505 9 
0 1.6869 9 
0 1.84118 9 
0 1.8453 9 
0 1.9288 9 
0 1.97559 9 
0 1.97646 9 
0 inf 9 
0 0.0334735 10 
0 0.0462285 10 
0 0.0492767 10 
0 0.0557883 10 
0 0.0594001 10 
0 0.066951 10 
0 0.0735953 10 
0 0.0747059 10 
0 0.0754046 10 
0 0.0768982 10 
0 0.0775686 10 
0 0.0853467 10 
0 0.0859497 10 
0 0.094136 10 
0 0.0946785 10 
0 0.101354 10 
0 0.101658 10 
0 0.114061 10 
0 0.114877 10 
0 0.119748 10 
0 0.129802 10 
0 0.150187 10 
0 0.151766 10 
0 0.16624 10 
0 0.168854 10 
0 0.174283 10 
0 0.186379 10 
0 0.18887 10 
0 0.222285 10 
0 0.234488 10 
0 0.242637 10 
0 0.263001 10 
0 0.270354 10 
0 0.271177 10 
0 0.27573 10 
0 0.277626 10 
0 0.313923 10 
0 0.318975 10 
0 0.324136 10 
0 0.326592 10 
0 0.326845 10 
0 0.329031 10 
0 0.333416 10 
0 0.371451 10 
0 0.381918 10 
0 0.3851 10 
0 0.428609 10 
0 0.435167 10 
0 0.449108 10 
0 0.452201 10 
0 0.4894 10 
0 0.489485 10 
0 0.492925 10 
0 0.511002 10 
0 0.513594 10 
0 0.545385 10 
0 0.548287 10 
0 0.560873 10 
0 0.56167 10 
0 0.562997 10 
0 0.606504 10 
0 0.606778 10 
0 0.647227 10 
0 0.688806 10 
0 0.712207 10 
0 0.846208 10 
0 0.846391 10 
0 0.852976 10 
0 0.854919 10 
0 0.86607 10 
0 0.910782 10 
0 0.910839 10 
0 1.01653 10 
0 1.06788 10 
0 1.08347 10 
0 1.15726 10 
0 1.15985 10 
0 1.21561 10 
0 1.2359 10 
0 1.23612 10 
0 1.30572 10 
0 1.31332 10 
0 1.35822 10 
0 1.35822 10 
0 1.36162 10 
0 1.36263 10 
0 1.36343 10 
0 1.49808 10 
0 1.80928 10 
0 1.81341 10 
0 1.89962 10 
0 1.90496 10 
0 1.91035 10 
0 1.9104 10 
0 1.91048 10 
0 inf 10 
0 0.0496899 11 
0 0.0783759 11 
0 0.0792923 11 
0 0.0802014 11 
0 0.0861915 11 
0 0.0880961 11 
0 0.0890314 11 
0 0.0932433 11 
0 0.094019 11 
0 0.123245 11 
0 0.123914 11 
0 0.142821 11 
0 0.148366 11 
0 0.157997 11 
0 0.163344 11 
0 0.187053 11 
0 0.189206 11 
0 0.203214 11 
0 0.213612 11 
0 0.222689 11 
0 0.247749 11 
0 0.262447 11 
0 0.267188 11 
0 0.270371 11 
0 0.277755 11 
0 0.286221 11 
0 0.287772 11 
0 0.316807 11 
0 0.3178 11 
0 0.327006 11 
0 0.333043 11 
0 0.345937 11 
0 0.371185 11 
0 0.372454 11 
0 0.379519 11 
0 0.38429 11 
0 0.388119 11 
0 0.390915 11 
0 0.392931 11 
0 0.421437 11 
0 0.425178 11 
0 0.442743 11 
0 0.458046 11 
0 0.460217 11 
0 0.474282 11 
0 0.475811 11 
0 0.500193 11 
0 0.512913 11 
0 0.515797 11 
0 0.550671 11 
0 0.550972 11 
0 0.553276 11 
0 0.562464 11 
0 0.562981 11 
0 0.564581 11 
0 0.566781 11 
0 0.567153 11 
0 0.587738 11 
0 0.588885 11 
0 0.594007 11 
0 0.596743 11 
0 0.649898 11 
0 0.682782 11 
0 0.833498 11 
0 0.838154 11 
0 0.8502 11 
0 0.852212 11 
0 0.853853 11 
0 0.926091 11 
0 0.937449 11 
0 1.10564 11 
0 1.10589 11 
0 1.10668 11 
0 1.10717 11 
0 1.12475 11 
0 1.12524 11 
0 1.13483 11 
0 1.14853 11 
0 1.15963 11 
0 1.16068 11 
0 1.18597 11 
0 1.18611 11 
0 1.18638 11 
0 1.33642 11 
0 1.33642 11 
0 1.33646 11 
0 1.82477 11 
0 1.83543 11 
0 1.89732 11 
0 1.89736 11 
0 1.89774 11 
0 inf 11 
0 0.0624631 12 
0 0.0775644 12 
0 0.0906501 12 
0 0.0924608 12 
0 0.10053 12 
0 0.100835 12 
0 0.119651 12 
0 0.121208 12 
0 0.137791 12 
0 0.13981 12 
0 0.147596 12 
0 0.15038 12 
0 0.159241 12 
0 0.179118 12 
0 0.181394 12 
0 0.210849 12 
0 0.212399 12 
0 0.213538 12 
0 0.216673 12 
0 0.224949 12 
0 0.228845 12 
0 0.232463 12 
0 0.232579 12 
0 0.235159 12 
0 0.237306 12 
0 0.237349 12 
0 0.259705 12 
0 0.276556 12 
0 0.287331 12 
0 0.289783 12 
0 0.311303 12 
0 0.331492 12 
0 0.331605 12 
0 0.345955 12 
0 0.350247 12 
0 0.350947 12 
0 0.351737 12 
0 0.352842 12 
0 0.359084 12 
0 0.362273 12 
0 0.367426 12 
0 0.376903 12 
0 0.376995 12 
0 0.38698 12 
0 0.424369 12 
0 0.437467 12 
0 0.439006 12 
0 0.440657 12 
0 0.492696 12 
0 0.496367 12 
0 0.49787 12 
0 0.50233 12 
0 0.507895 12 
0 0.521703 12 
0 0.52234 12 
0 0.53542 12 
0 0.54275 12 
0 0.561548 12 
0 0.588046 12 
0 0.590019 12 
0 0.590581 12 
0 0.675651 12 
0 0.762611 12 
0 0.786723 12 
0 0.83063 12 
0 0.841686 12 
0 0.990264 12 
0 0.990516 12 
0 0.99127 12 
0 1.0781 12 
0 1.11108 12 
0 1.1228 12 
0 1.12354 12 
0 1.13288 12 
0 1.15856 12 
0 1.1599 12 
0 1.1604 12 
0 1.16111 12 
0 1.16111 12 
0 1.25461 12 
0 1.25767 12 
0 1.34195 12 
0 1.81704 12 
0 1.81868 12 
0 1.81868 12 
0 1.82565 12 
0 1.82652 12 
0 inf 12 
0 0.0391907 13 
0 0.0614494 13 
0 0.0629582 13 
0 0.10053 13 
0 0.104075 13 
0 0.135743 13 
0 0.140105 13 
0 0.169466 13 
0 0.170918 13 
0 0.171261 13 
0 0.204286 13 
0 0.249434 13 
0 0.259674 13 
0 0.260559 13 
0 0.271672 13 
0 0.274975 13 
0 0.277272 13 
0 0.281324 13 
0 0.287218 13 
0 0.288906 13 
0 0.292039 13 
0 0.292709 13 
0 0.292886 13 
0 0.295987 13 
0 0.2985 13 
0 0.309882 13 
0 0.315933 13 
0 0.316244 13 
0 0.319959 13 
0 0.327872 13 
0 0.328251 13 
0 0.328251 13 
0 0.342304 13 
0 0.371612 13 
0 0.373817 13 
0 0.376996 13 
0 0.378724 13 
0 0.381508 13 
0 0.384731 13 
0 0.396568 13 
0 0.408392 13 
0 0.42625 13 
0 0.426469 13 
0 0.428532 13 
0 0.432628 13 
0 0.451078 13 
0 0.451446 13 
0 0.496344 13 
0 0.502681 13 
0 0.510815 13 
0 0.668589 13 
0 0.668992 13 
0 0.67 13 
0 0.731385 13 
0 0.836342 13 
0 0.839279 13 
0 0.854166 13 
0 0.92012 13 
0 0.924513 13 
0 0.926307 13 
0 0.927415 13 
0 0.932258 13 
0 1.10354 13 
0 1.15753 13 
0 1.15906 13 
0 1.25271 13 
0 1.25361 13 
0 1.25381 13 
0 1.25447 13 
0 1.28489 13 
0 1.28506 13 
0 1.33723 13 
0 1.42313 13 
0 1.42354 13 
0 1.42411 13 
0 1.60517 13 
0 1.60633 13 
0 1.60633 13 
0 1.80909 13 
0 1.82338 13 
0 1.96396 13 
0 1.96406 13 
0 1.96436 13 
0 inf 13 
0 0.0619562 14 
0 0.0692359 14 
0 0.0852122 14 
0 0.0922407 14 
0 0.100217 14 
0 0.119743 14 
0 0.137034 14 
0 0.142735 14 
0 0.143387 14 
0 0.171591 14 
0 0.179576 14 
0 0.218171 14 
0 0.252553 14 
0 0.260181 14 
0 0.260261 14 
0 0.26038 14 
0 0.263709 14 
0 0.269218 14 
0 0.274259 14 
0 0.275467 14 
0 0.276069 14 
0 0.27682 14 
0 0.280911 14 
0 0.306886 14 
0 0.307979 14 
0 0.311236 14 
0 0.33572 14 
0 0.338179 14 
0 0.338572 14 
0 0.341359 14 
0 0.342087 14 
0 0.343773 14 
0 0.344013 14 
0 0.348716 14 
0 0.357974 14 
0 0.369742 14 
0 0.373649 14 
0 0.375561 14 
0 0.377895 14 
0 0.380283 14 
0 0.380364 14 
0 0.401974 14 
0 0.404708 14 
0 0.408179 14 
0 0.408357 14 
0 0.411193 14 
0 0.487784 14 
0 0.538161 14 
0 0.601132 14 
0 0.829818 14 
0 0.852512 14 
0 0.854202 14 
0 0.854457 14 
0 0.854457 14 
0 0.901231 14 
0 0.958448 14 
0 1.01306 14 
0 1.01313 14 
0 1.0138 14 
0 1.03726 14 
0 1.13081 14 
0 1.15488 14 
0 1.15646 14 
0 1.16089 14 
0 1.16405 14 
0 1.1649 14 
0 1.25385 14 
0 1.254 14 
0 1.25407 14 
0 1.36332 14 
0 1.36339 14 
0 1.36339 14 
0 1.50147 14 
0 1.54018 14 
0 1.54075 14 
0 1.83259 14 
0 1.93188 14 
0 1.93207 14 
0 1.93223 14 
0 inf 14 
0 0.0723086 15 
0 0.072735 15 
0 0.0734472 15 
0 0.0734472 15 
0 0.0968482 15 
0 0.102059 15 
0 0.151357 15 
0 0.170186 15 
0 0.172727 15 
0 0.176131 15 
0 0.18054 15 
0 0.20301 15 
0 0.203961 15 
0 0.214866 15 
0 0.243193 15 
0 0.257902 15 
0 0.262093 15 
0 0.265571 15 
0 0.270179 15 
0 0.271137 15 
0 0.276556 15 
0 0.276556 15 
0 0.279837 15 
0 0.281397 15 
0 0.28851 15 
0 0.288618 15 
0 0.324628 15 
0 0.33444 15 
0 0.365906 15 
0 0.382051 15 
0 0.382242 15 
0 0.382459 15 
0 0.382459 15 
0 0.411515 15 
0 0.439006 15 
0 0.439502 15 
0 0.43995 15 
0 0.445365 15 
0 0.463178 15 
0 0.48396 15 
0 0.488209 15 
0 0.533359 15 
0 0.583789 15 
0 0.585971 15 
0 0.586059 15 
0 0.644383 15 
0 0.644769 15 
0 0.644817 15 
0 0.672845 15 
0 0.746872 15 
0 0.869528 15 
0 0.872208 15 
0 0.872743 15 
0 0.873207 15 
0 1.0756 15 
0 1.12795 15 
0 1.16584 15 
0 1.1808 15 
0 1.18651 15 
0 1.18693 15 
0 1.18693 15 
0 1.22215 15 
0 1.22808 15 
0 1.26024 15 
0 1.28023 15 
0 1.35112 15 
0 1.35116 15 
0 1.35176 15 
0 1.39441 15 
0 1.41463 15 
0 1.4148 15 
0 1.85066 15 
0 1.89857 15 
0 1.89857 15 
0 1.8987 15 
0 inf 15 
0 0.0792938 16 
0 0.090075 16 
0 0.100116 16 
0 0.10378 16 
0 0.150047 16 
0 0.15421 16 
0 0.15825 16 
0 0.159295 16 
0 0.165811 16 
0 0.16798 16 
0 0.171406 16 
0 0.199863 16 
0 0.203 16 
0 0.206246 16 
0 0.2119 16 
0 0.252739 16 
0 0.254521 16 
0 0.259584 16 
0 0.262446 16 
0 0.269737 16 
0 0.290033 16 
0 0.291638 16 
0 0.291638 16 
0 0.303356 16 
0 0.333477 16 
0 0.344101 16 
0 0.379837 16 
0 0.382697 16 
0 0.383695 16 
0 0.393397 16 
0 0.413759 16 
0 0.416159 16 
0 0.432752 16 
0 0.440168 16 
0 0.476161 16 
0 0.47627 16 
0 0.476618 16 
0 0.480713 16 
0 0.489504 16 
0 0.527134 16 
0 0.534913 16 
0 0.578943 16 
0 0.579086 16 
0 0.579301 16 
0 0.604772 16 
0 0.749484 16 
0 0.771315 16 
0 0.886854 16 
0 0.886855 16 
0 0.88696 16 
0 0.887416 16 
0 0.94155 16 
0 0.98292 16 
0 0.984852 16 
0 1.0286 16 
0 1.0286 16 
0 1.10388 16 
0 1.16935 16 
0 1.17159 16 
0 1.17197 16 
0 1.17227 16 
0 1.17382 16 
0 1.25092 16 
0 1.29043 16 
0 1.32042 16 
0 1.3207 16 
0 1.465 16 
0 1.88618 16 
0 1.88664 16 
0 1.89671 16 
0 1.89671 16 
0 inf 16 
0 0.0692417 17 
0 0.0714532 17 
0 0.0721757 17 
0 0.117296 17 
0 0.15433 17 
0 0.156135 17 
0 0.160847 17 
0 0.176961 17 
0 0.178188 17 
0 0.178478 17 
0 0.179232 17 
0 0.215875 17 
0 0.244539 17 
0 0.272417 17 
0 0.272417 17 
0 0.272988 17 
0 0.281629 17 
0 0.28484 17 
0 0.305099 17 
0 0.382934 17 
0 0.384857 17 
0 0.39031 17 
0 0.391516 17 
0 0.39194 17 
0 0.393419 17 
0 0.394644 17 
0 0.400217 17 
0 0.402897 17 
0 0.404729 17 
0 0.404806 17 
0 0.40881 17 
0 0.412675 17 
0 0.414306 17 
0 0.466195 17 
0 0.468503 17 
0 0.468858 17 
0 0.483608 17 
0 0.49561 17 
0 0.495945 17 
0 0.530003 17 
0 0.532795 17 
0 0.533107 17 
0 0.533515 17 
0 0.728258 17 
0 0.785475 17 
0 0.786423 17 
0 0.850197 17 
0 0.906887 17 
0 0.906887 17 
0 0.906887 17 
0 0.907527 17 
0 1.15013 17 
0 1.15757 17 
0 1.16152 17 
0 1.16233 17 
0 1.17902 17 
0 1.18974 17 
0 1.18977 17 
0 1.18977 17 
0 1.33595 17 
0 1.36442 17 
0 1.36746 17 
0 1.36807 17 
0 1.90864 17 
0 1.90873 17 
0 1.9093 17 
0 1.91025 17 
0 inf 17 
0 0.0627916 18 
0 0.0678735 18 
0 0.0678738 18 
0 0.0903095 18 
0 0.176613 18 
0 0.177551 18 
0 0.177551 18 
0 0.178018 18 
0 0.183051 18 
0 0.183051 18 
0 0.187366 18 
0 0.191311 18 
0 0.227021 18 
0 0.246985 18 
0 0.249619 18 
0 0.252963 18 
0 0.281054 18 
0 0.351444 18 
0 0.351474 18 
0 0.354755 18 
0 0.362202 18 
0 0.377866 18 
0 0.377866 18 
0 0.3791 18 
0 0.393486 18 
0 0.393724 18 
0 0.39404 18 
0 0.395957 18 
0 0.411873 18 
0 0.422023 18 
0 0.470286 18 
0 0.484004 18 
0 0.484454 18 
0 0.485184 18 
0 0.487092 18 
0 0.487092 18 
0 0.489027 18 
0 0.489599 18 
0 0.491029 18 
0 0.525184 18 
0 0.525323 18 
0 0.525875 18 
0 0.525876 18 
0 0.833896 18 
0 0.871076 18 
0 0.871136 18 
0 0.871993 18 
0 0.876466 18 
0 1.13681 18 
0 1.18728 18 
0 1.18903 18 
0 1.18973 18 
0 1.33689 18 
0 1.38319 18 
0 1.38382 18 
0 1.38437 18 
0 1.38545 18 
0 1.38554 18 
0 1.39259 18 
0 1.91867 18 
0 1.92655 18 
0 1.92658 18 
0 1.92727 18 
0 inf 18 
0 0.100215 19 
0 0.10104 19 
0 0.115057 19 
0 0.115327 19 
0 0.117116 19 
0 0.119223 19 
0 0.124918 19 
0 0.124918 19 
0 0.130278 19 
0 0.13171 19 
0 0.174304 19 
0 0.174601 19 
0 0.178131 19 
0 0.238264 19 
0 0.239999 19 
0 0.264238 19 
0 0.319358 19 
0 0.331817 19 
0 0.338534 19 
0 0.338657 19 
0 0.339392 19 
0 0.339484 19 
0 0.355961 19 
0 0.37212 19 
0 0.374371 19 
0 0.377259 19 
0 0.38264 19 
0 0.384588 19 
0 0.386068 19 
0 0.474084 19 
0 0.474106 19 
0 0.474106 19 
0 0.489686 19 
0 0.491906 19 
0 0.49338 19 
0 0.528434 19 
0 0.528434 19 
0 0.529532 19 
0 0.585533 19 
0 0.585905 19 
0 0.591772 19 
0 0.865214 19 
0 0.866077 19 
0 0.866317 19 
0 0.934062 19 
0 1.1619 19 
0 1.16748 19 
0 1.20113 19 
0 1.20164 19 
0 1.20234 19 
0 1.3624 19 
0 1.3749 19 
0 1.37493 19 
0 1.43711 19 
0 1.45901 19 
0 1.45946 19 
0 1.92542 19 
0 1.92728 19 
0 1.92739 19 
0 inf 19 
0 0.0811033 20 
0 0.0907624 20 
0 0.0907637 20 
0 0.100006 20 
0 0.107215 20 
0 0.110739 20 
0 0.117291 20 
0 0.122826 20 
0 0.124587 20 
0 0.126727 20 
0 0.130446 20 
0 0.1866 20 
0 0.20459 20 
0 0.205602 20 
0 0.237391 20 
0 0.242579 20 
0 0.245131 20 
0 0.252524 20 
0 0.308323 20 
0 0.316788 20 
0 0.363431 20 
0 0.367068 20 
0 0.367407 20 
0 0.376574 20 
0 0.377811 20 
0 0.385424 20 
0 0.431141 20 
0 0.478658 20 
0 0.47987 20 
0 0.48705 20 
0 0.487135 20 
0 0.493114 20 
0 0.516395 20 
0 0.528239 20 
0 0.528337 20 
0 0.529318 20 
0 0.683969 20 
0 0.684576 20 
0 0.684894 20 
0 0.863972 20 
0 0.864308 20 
0 0.911347 20 
0 1.18766 20 
0 1.21337 20 
0 1.21351 20 
0 1.21378 20 
0 1.36022 20 
0 1.36098 20 
0 1.47663 20 
0 1.47663 20 
0 1.60185 20 
0 1.60842 20 
0 1.90896 20 
0 1.90961 20 
0 1.90965 20 
0 inf 20 
