3.76436 6.50528 1 
3.05397 3.0632 1 
1.27404 3.09632 1 
0.175971 0.205299 1 
0.119014 0.119307 1 
0.098848 0.116897 1 
0.0979719 0.103532 1 
0.0869693 0.0886422 1 
0.0859769 0.0878654 1 
0.0737911 0.0755191 1 
0.070689 0.0717776 1 
0.0703208 0.0760915 1 
0.0674412 0.0712914 1 
0.0662862 0.0856785 1 
0.0645788 0.0741454 1 
0.0639073 0.0767675 1 
0.0639047 0.0641723 1 
0.063224 0.0790917 1 
0.0631002 0.0664275 1 
0.0618503 0.0652391 1 
0.0617096 0.0754121 1 
0.059722 0.0630877 1 
0.0595832 0.072261 1 
0.0591417 0.0719078 1 
0.05737 0.0668047 1 
0.0572118 0.0637704 1 
0.0561527 0.0764291 1 
0.0560028 0.0567646 1 
0.0539648 0.0544411 1 
0.053811 0.0597276 1 
0.0460374 0.0520105 1 
4.57621 4.83562 2 
4.5726 4.81602 2 
3.14021 4.83826 2 
1.03891 4.08351 2 
0.225421 0.244565 2 
0.172713 0.191397 2 
0.158942 0.162901 2 
0.155657 0.168418 2 
0.102274 0.143738 2 
0.096284 0.096908 2 
0.0786482 0.0798513 2 
0.0780977 0.0864791 2 
0.0741387 0.0885455 2 
0.0656407 0.0684721 2 
0.0651072 0.0677015 2 
0.061574 0.0644389 2 
0.0608739 0.0641785 2 
0.0597206 0.0644389 2 
0.0584078 0.0687153 2 
0.0575214 0.0673196 2 
0.0573787 0.068835 2 
0.0573708 0.0575192 2 
0.0550786 0.0584085 2 
0.0482264 0.0555404 2 
0.0441283 0.0471455 2 
3.2341 3.53991 3 
3.19282 3.53781 3 
2.85063 3.5443 3 
0.96692 4.30709 3 
0.164321 0.176555 3 
0.1432 0.148229 3 
0.140158 0.144987 3 
0.136791 0.176463 3 
0.136108 0.188221 3 
0.135536 0.145761 3 
0.131139 0.136987 3 
0.128486 0.131473 3 
0.110377 0.113689 3 
0.107861 0.116088 3 
0.0952984 0.0965564 3 
0.0820836 0.0886446 3 
0.0820818 0.0907564 3 
0.073324 0.0866809 3 
0.0664237 0.0690956 3 
0.0629544 0.0708142 3 
0.062268 0.0687159 3 
0.0589953 0.0603001 3 
0.052508 0.0564587 3 
0.046225 0.0478723 3 
1.0551 4.18723 4 
0.233237 0.255315 4 
0.143504 0.160019 4 
0.121663 0.132252 4 
0.115862 0.130609 4 
0.101937 0.103862 4 
0.0896106 0.0918906 4 
0.0772181 0.0837469 4 
0.0726165 0.0798565 4 
0.0711799 0.0730921 4 
0.0634972 0.0641691 4 
0.0494647 0.0505034 4 
1.5716 3.84819 5 
0.219262 0.219731 5 
0.139913 0.152968 5 
0.135341 0.148693 5 
0.131987 0.144936 5 
0.0968245 0.0988424 5 
0.077328 0.079197 5 
0.0763213 0.0777786 5 
0.0711775 0.0786593 5 
0.0683371 0.0754083 5 
0.0449006 0.0508432 5 
3.18728 3.28424 6 
3.18615 3.37206 6 
3.11948 3.15614 6 
2.16303 3.46126 6 
1.87813 2.03598 6 
0.142231 0.154597 6 
0.131862 0.13768 6 
0.12741 0.148865 6 
0.113686 0.127885 6 
0.113076 0.126933 6 
0.0607257 0.0660211 6 
2.29602 2.60848 7 
2.2672 2.98855 7 
2.25778 2.69754 7 
2.09023 2.22146 7 
1.8701 3.06046 7 
0.124394 0.136287 7 
0.117258 0.133675 7 
0.111546 0.118435 7 
0.0720223 0.0749527 7 
0.0680856 0.0763272 7 
2.28487 3.21295 8 
2.01666 2.66176 8 
1.88118 2.37097 8 
1.6146 2.67282 8 
0.445156 0.49574 8 
0.219654 0.230117 8 
0.107373 0.111536 8 
0.105257 0.116673 8 
0.076321 0.0798503 8 
0.0759818 0.0808156 8 
2.28216 2.43658 9 
1.58018 2.35136 9 
1.5782 2.19014 9 
1.54913 2.36689 9 
0.0899957 0.0914233 9 
0.0865791 0.0893165 9 
0.067069 0.0688444 9 
2.23319 2.3497 10 
2.23315 2.37634 10 
2.09029 2.21257 10 
2.03808 2.12019 10 
1.57742 2.16031 10 
0.302153 0.306036 10 
0.14984 0.159969 10 
0.131206 0.135405 10 
2.19971 2.598 11 
2.19891 3.10384 11 
2.03774 2.19937 11 
1.58126 2.01979 11 
0.801597 0.863317 11 
2.28813 2.29552 12 
1.91252 2.12136 12 
1.89251 2.11361 12 
1.59683 1.69483 12 
1.54941 1.57678 12 
1.31889 1.63393 12 
0.938873 0.945275 12 
0.72208 0.754928 12 
1.60876 1.84012 13 
1.60876 1.84789 13 
1.60427 1.74862 13 
1.34997 1.38094 13 
1.29953 1.38958 13 
0.734476 0.787512 13 
1.12627 1.20624 14 
1.11903 1.21203 14 
1.1161 1.21 14 
0.957443 1.01946 14 
0.846061 0.846083 14 
2.23135 2.33155 15 
2.23135 2.33199 15 
2.23015 2.31308 15 
1.03593 1.13053 15 
1.01332 1.12776 15 
0.911825 1.10693 15 
0.907734 1.01132 15 
2.01382 2.49963 16 
2.01354 2.49959 16 
2.01215 2.49959 16 
0.749137 0.759682 16 
2.0034 2.01315 17 
1.99789 2.00842 17 
1.99789 2.00821 17 
1.8448 1.89928 17 
1.79594 1.86211 17 
1.79248 1.85856 17 
1.67413 1.84107 18 
1.6738 1.82339 18 
