3.67961 6.01021 1 
1.14328 2.90658 1 
0.14783 0.223966 1 
0.112091 0.121445 1 
0.105437 0.107104 1 
0.0783394 0.126057 1 
0.0579484 0.0605225 1 
0.0539178 0.0584966 1 
0.0463975 0.0475942 1 
0.043359 0.0457096 1 
0.0406832 0.0446427 1 
0.0404819 0.0410735 1 
0.0390662 0.0390703 1 
0.0378147 0.0433566 1 
0.0371698 0.0386527 1 
0.036737 0.0400824 1 
0.0360752 0.0433568 1 
0.0247065 0.025664 1 
4.23872 4.42079 2 
4.23731 4.64863 2 
4.22542 4.24148 2 
3.31669 4.64871 2 
0.93215 3.86814 2 
0.1342 0.22653 2 
0.106648 0.113227 2 
0.0877255 0.144579 2 
0.079865 0.0849298 2 
0.0767866 0.0854135 2 
0.0323146 0.0349439 2 
0.0313044 0.0340118 2 
3.09325 3.59998 3 
3.06955 3.59269 3 
2.85083 3.6078 3 
1.06377 1.07106 3 
0.869496 4.04935 3 
0.132942 0.210928 3 
0.11534 0.132638 3 
0.0758415 0.0765774 3 
0.0663471 0.0691996 3 
0.0528727 0.0573876 3 
0.0440914 0.0469163 3 
0.042796 0.046914 3 
0.0400826 0.0400828 3 
1.09012 1.09133 4 
1.07772 1.11658 4 
0.879944 3.82476 4 
0.158621 0.163659 4 
0.14149 0.162228 4 
0.14149 0.161434 4 
0.053926 0.0556838 4 
0.0527162 0.0534718 4 
0.0514887 0.0545193 4 
0.0494182 0.0495782 4 
3.37075 3.37644 5 
1.79739 1.81433 5 
1.70728 2.0121 5 
1.70682 2.00239 5 
1.70594 2.00394 5 
1.63646 1.88088 5 
1.52154 3.4053 5 
0.177373 0.189708 5 
0.168878 0.170585 5 
0.133483 0.13444 5 
0.130009 0.133785 5 
0.0610508 0.0622258 5 
0.0566863 0.0566875 5 
0.0564015 0.0564023 5 
2.98078 2.98685 6 
1.83106 3.06063 6 
1.67306 1.72706 6 
1.6027 1.73831 6 
1.46811 1.51782 6 
1.42676 1.46613 6 
1.42406 1.50346 6 
0.0990828 0.108296 6 
0.0936632 0.105289 6 
2.60126 2.60779 7 
2.06163 2.76393 7 
1.50691 1.54684 7 
1.13997 1.14354 7 
1.0709 1.14688 7 
0.116867 0.176499 7 
0.114637 0.118294 7 
0.0841762 0.0862561 7 
0.0723736 0.0746642 7 
0.0514895 0.0633752 7 
0.0490888 0.0497441 7 
2.56339 2.62167 8 
2.28285 2.32717 8 
2.2065 2.37175 8 
1.92233 3.08315 8 
1.66805 1.6854 8 
1.19824 1.31803 8 
1.1521 1.18139 8 
1.11404 1.22157 8 
0.118972 0.119116 8 
0.0897201 0.0912198 8 
0.0743442 0.0744521 8 
2.54226 2.57416 9 
2.07834 2.1665 9 
1.96367 1.97102 9 
1.80284 2.06856 9 
1.72959 2.18829 9 
0.559201 0.559934 9 
0.0580819 0.060256 9 
1.90655 2.04645 10 
1.88761 2.03477 10 
1.88146 2.04857 10 
1.82849 1.90838 10 
1.70112 1.75931 10 
1.47432 1.96991 10 
2.16683 2.24846 11 
2.16683 2.24816 11 
1.76546 2.41932 11 
1.76545 2.80417 11 
1.66946 1.77439 11 
1.61938 1.83259 11 
1.46447 1.52106 11 
0.628455 0.645279 11 
1.87222 2.16128 12 
1.75526 1.76819 12 
1.75334 2.22855 12 
1.68327 1.73653 12 
1.6832 1.73672 12 
1.66658 1.67483 12 
1.64666 2.1796 12 
1.56875 1.60251 12 
1.43485 1.45585 12 
0.799402 0.8214 12 
0.576741 0.593796 12 
0.336602 0.366208 12 
1.6824 1.71999 13 
1.68211 1.72003 13 
1.68167 1.72059 13 
1.36617 1.46652 13 
1.36312 1.46494 13 
1.27698 1.41575 13 
0.88912 1.1441 13 
0.652746 0.709748 13 
1.79141 1.80315 14 
0.867994 1.01924 14 
1.64097 1.6541 15 
1.64077 1.6538 15 
1.64001 1.65403 15 
0.875597 1.08901 15 
1.72866 2.20565 16 
1.72854 2.20559 16 
1.72837 2.20559 16 
1.73066 1.83415 17 
1.7304 1.83426 17 
1.72989 1.82995 17 
1.57426 1.91372 17 
1.57404 1.9121 17 
1.5739 1.91372 17 
1.78635 1.91558 18 
1.78563 1.91599 18 
1.77675 1.85297 18 
1.46132 1.61121 18 
1.3847 1.47538 18 
1.38394 1.47545 18 
1.38266 1.47425 18 
1.67712 1.69647 19 
0.835064 0.895231 19 
0.907796 0.972094 20 
0.670593 0.67141 20 
0.669568 0.740427 20 
