6.69071 9.62518 1 
0.533852 1.4762 1 
0.201296 0.222927 1 
0.194897 0.264638 1 
0.186111 0.212972 1 
0.182783 0.220509 1 
0.181707 0.193151 1 
0.144067 0.154318 1 
0.138803 0.149594 1 
0.125971 0.150115 1 
0.118591 0.131553 1 
0.118152 0.139372 1 
0.115694 0.119038 1 
0.0991418 0.103529 1 
0.0953812 0.104537 1 
0.0924579 0.145966 1 
0.084634 0.0867692 1 
0.059186 0.0626201 1 
0.0545904 0.103022 1 
0.0439829 0.0439833 1 
0.0415377 0.0418511 1 
0.0399332 0.0430825 1 
0.0375739 0.0389401 1 
0.0289228 0.0289231 1 
0.0284677 0.0331358 1 
0.0280051 0.0289231 1 
0.0270548 0.0298136 1 
0.0260709 0.0298136 1 
0.0255652 0.0302488 1 
7.23963 7.3991 2 
7.23868 7.48771 2 
5.5246 7.50825 2 
0.481342 1.96862 2 
0.292154 0.307415 2 
0.259 0.335237 2 
0.256109 0.262313 2 
0.24828 0.258596 2 
0.243602 0.249956 2 
0.220568 0.24172 2 
0.218125 0.248494 2 
0.217464 0.220571 2 
0.209817 0.248908 2 
0.207625 0.251522 2 
0.17997 0.18814 2 
0.12514 0.149154 2 
0.125138 0.15133 2 
0.0991419 0.112488 2 
0.0801933 0.085096 2 
0.0753191 0.0785479 2 
0.0701046 0.0855556 2 
0.0594068 0.06386 2 
0.0516381 0.136046 2 
0.0493078 0.0548306 2 
5.35256 5.47011 3 
5.35244 5.46159 3 
5.18097 5.26651 3 
0.443947 1.84954 3 
0.307328 0.324499 3 
0.256206 0.269293 3 
0.223746 0.237957 3 
0.217283 0.239544 3 
0.212665 0.257226 3 
0.175785 0.226131 3 
0.167172 0.171723 3 
0.135179 0.146771 3 
0.12121 0.12762 3 
0.112019 0.151675 3 
0.104908 0.115918 3 
0.0976823 0.125032 3 
0.0953809 0.104534 3 
0.0869202 0.0875195 3 
0.0801938 0.0841696 3 
0.0801933 0.0894396 3 
0.0516378 0.0516379 3 
0.0315183 0.0319305 3 
3.35585 3.36881 4 
1.62394 1.63454 4 
0.973791 1.6661 4 
0.267737 0.306436 4 
0.246802 0.259604 4 
0.217643 0.220331 4 
0.20888 0.223806 4 
0.197099 0.205856 4 
0.194759 0.220389 4 
0.169808 0.177854 4 
0.148804 0.16896 4 
0.119799 0.12503 4 
0.118263 0.127107 4 
0.107614 0.111901 4 
0.0735622 0.0875189 4 
0.0430828 0.0465819 4 
3.41769 3.78187 5 
3.41342 3.77289 5 
3.41248 3.77398 5 
3.36348 3.78403 5 
2.61666 2.6377 5 
1.47698 1.48079 5 
1.4697 1.48375 5 
1.28849 1.50246 5 
0.319385 0.321262 5 
0.198156 0.214799 5 
0.185128 0.211245 5 
0.158085 0.164172 5 
0.149503 0.168264 5 
0.11558 0.12659 5 
0.103531 0.116369 5 
2.76808 3.04712 6 
2.75934 2.90989 6 
2.75934 2.92544 6 
2.75934 2.91301 6 
1.42756 1.43747 6 
1.37074 1.44662 6 
0.282509 0.305839 6 
0.169654 0.202591 6 
0.157259 0.161363 6 
0.156004 0.184704 6 
0.113755 0.114445 6 
0.113066 0.123029 6 
1.25017 1.31187 7 
0.280418 0.280656 7 
0.160389 0.191922 7 
0.157672 0.186043 7 
0.13729 0.142709 7 
0.133529 0.168493 7 
0.112369 0.113179 7 
0.0448662 0.0451568 7 
1.48743 1.49798 8 
1.25296 1.25672 8 
0.204966 0.213281 8 
0.171414 0.18758 8 
0.167247 0.190143 8 
0.165676 0.167331 8 
0.155675 0.157258 8 
1.49951 1.69386 9 
1.45707 1.66262 9 
0.17065 0.214253 9 
0.146058 0.173236 9 
0.0582972 0.0613554 9 
1.3646 1.61502 10 
1.36417 1.58893 10 
0.769442 0.860546 10 
0.235644 0.299668 10 
0.189111 0.220389 10 
0.659751 0.73017 11 
0.379778 0.420445 11 
0.280045 0.329435 11 
0.770844 0.807116 12 
0.766499 0.809714 12 
0.739959 0.81336 12 
0.643443 0.657444 12 
0.32317 0.345145 12 
0.268276 0.284131 12 
0.261014 0.363834 12 
1.36371 1.38489 13 
1.36002 1.37748 13 
1.35745 1.36827 13 
0.33923 0.343235 13 
0.28205 0.335531 13 
0.279389 0.358869 13 
0.256977 0.271134 13 
1.41394 1.54657 14 
1.41336 1.56769 14 
1.40205 1.5294 14 
0.371352 0.377784 14 
0.265975 0.281723 14 
1.34829 1.60744 15 
1.34786 1.49289 15 
1.34786 1.57551 15 
1.36961 1.47434 16 
0.902996 0.906088 16 
0.411108 0.411812 20 
