0 0.0238786 1 
0 0.0272255 1 
0 0.0272257 1 
0 0.032035 1 
0 0.039955 1 
0 0.0399561 1 
0 0.0459307 1 
0 0.0459311 1 
0 0.0459315 1 
0 0.0489353 1 
0 0.0495155 1 
0 0.0512125 1 
0 0.0512137 1 
0 0.0517668 1 
0 0.0517669 1 
0 0.0517669 1 
0 0.0528557 1 
0 0.052857 1 
0 0.0533933 1 
0 0.0539214 1 
0 0.0570081 1 
0 0.0575067 1 
0 0.0575091 1 
0 0.0580005 1 
0 0.0589706 1 
0 0.0594566 1 
0 0.0599341 1 
0 0.064517 1 
0 0.0645173 1 
0 0.0653936 1 
0 0.0658274 1 
0 0.0658279 1 
0 0.0658281 1 
0 0.0662557 1 
0 0.0662579 1 
0 0.0666884 1 
0 0.0666886 1 
0 0.0671145 1 
0 0.0671145 1 
0 0.0671152 1 
0 0.067962 1 
0 0.0683771 1 
0 0.0687926 1 
0 0.0687936 1 
0 0.0696166 1 
0 0.0696169 1 
0 0.0700246 1 
0 0.0704309 1 
0 0.071236 1 
0 0.0716406 1 
0 0.0724271 1 
0 0.073204 1 
0 0.0732101 1 
0 0.0743727 1 
0 0.0758866 1 
0 0.0758872 1 
0 0.0762613 1 
0 0.0770055 1 
0 0.0773742 1 
0 0.0773743 1 
0 0.0777484 1 
0 0.0777484 1 
0 0.0781081 1 
0 0.0791955 1 
0 0.0806229 1 
0 0.0809736 1 
0 0.0820275 1 
0 0.0830607 1 
0 0.0834009 1 
0 0.0880606 1 
0 0.0883832 1 
0 0.0949146 1 
0 0.099605 1 
0 0.10103 1 
0 0.101871 1 
0 0.102705 1 
0 0.108634 1 
0 0.109689 1 
0 0.115757 1 
0 0.119634 1 
0 0.120104 1 
0 0.123614 1 
0 0.123844 1 
0 0.124536 1 
0 0.133382 1 
0 0.134443 1 
0 0.139027 1 
0 0.139437 1 
0 0.139641 1 
0 0.140862 1 
0 0.15121 1 
0 0.17773 1 
0 0.196034 1 
0 0.201486 1 
0 0.240808 1 
0 0.243747 1 
0 0.245376 1 
0 0.247688 1 
0 0.250438 1 
0 0.254504 1 
0 0.262443 1 
0 0.265138 1 
0 0.265138 1 
0 0.265474 1 
0 0.266002 1 
0 0.266109 1 
0 0.268666 1 
0 0.273194 1 
0 0.281111 1 
0 0.282436 1 
0 0.294583 1 
0 0.311971 1 
0 0.320894 1 
0 0.321247 1 
0 0.366821 1 
0 0.379058 1 
0 0.4053 1 
0 0.420829 1 
0 0.604518 1 
0 0.637378 1 
0 1.34115 1 
0 2.17005 1 
0 2.73263 1 
0 2.7406 1 
0 3.00723 1 
0 3.50828 1 
0 4.87502 1 
0 6.70271 1 
0 7.64566 1 
0 7.88564 1 
0 7.90779 1 
0 inf 1 
0 0.0329135 2 
0 0.0392361 2 
0 0.0427149 2 
0 0.0427151 2 
0 0.047155 2 
0 0.0489361 2 
0 0.0489362 2 
0 0.051767 2 
0 0.0523152 2 
0 0.0528573 2 
0 0.0533936 2 
0 0.0549722 2 
0 0.0560034 2 
0 0.0565094 2 
0 0.0570088 2 
0 0.0570125 2 
0 0.0575051 2 
0 0.0579996 2 
0 0.059936 2 
0 0.0627232 2 
0 0.0631766 2 
0 0.0649564 2 
0 0.0658325 2 
0 0.0662591 2 
0 0.0671147 2 
0 0.067538 2 
0 0.0679667 2 
0 0.0687931 2 
0 0.0696172 2 
0 0.0696227 2 
0 0.0708348 2 
0 0.0716353 2 
0 0.0724282 2 
0 0.0728199 2 
0 0.0743692 2 
0 0.0758856 2 
0 0.077374 2 
0 0.0777471 2 
0 0.0784724 2 
0 0.0791955 2 
0 0.0791956 2 
0 0.079196 2 
0 0.0802689 2 
0 0.0809755 2 
0 0.0809756 2 
0 0.0816766 2 
0 0.0830612 2 
0 0.0837445 2 
0 0.0837447 2 
0 0.084419 2 
0 0.0847656 2 
0 0.0860943 2 
0 0.0887014 2 
0 0.089341 2 
0 0.0893447 2 
0 0.0893478 2 
0 0.0921729 2 
0 0.0924802 2 
0 0.0924807 2 
0 0.0930951 2 
0 0.093701 2 
0 0.0937055 2 
0 0.0972876 2 
0 0.0990323 2 
0 0.0993171 2 
0 0.103256 2 
0 0.112757 2 
0 0.113762 2 
0 0.115507 2 
0 0.115507 2 
0 0.117467 2 
0 0.120576 2 
0 0.126352 2 
0 0.139439 2 
0 0.139852 2 
0 0.141067 2 
0 0.175145 2 
0 0.199496 2 
0 0.200495 2 
0 0.207341 2 
0 0.209393 2 
0 0.211434 2 
0 0.212773 2 
0 0.213843 2 
0 0.214768 2 
0 0.215968 2 
0 0.233721 2 
0 0.237229 2 
0 0.238188 2 
0 0.240918 2 
0 0.251344 2 
0 0.252706 2 
0 0.265145 2 
0 0.266537 2 
0 0.285147 2 
0 0.28911 2 
0 0.297476 2 
0 0.303172 2 
0 0.306164 2 
0 0.309592 2 
0 0.310603 2 
0 0.313616 2 
0 0.321518 2 
0 0.329314 2 
0 0.335057 2 
0 0.34445 2 
0 0.353452 2 
0 0.369767 2 
0 0.379501 2 
0 0.39388 2 
0 0.530415 2 
0 0.676858 2 
0 1.23978 2 
0 1.78706 2 
0 1.79938 2 
0 1.82195 2 
0 2.07014 2 
0 2.95193 2 
0 2.99025 2 
0 4.7286 2 
0 5.31637 2 
0 5.58271 2 
0 5.59206 2 
0 5.60672 2 
0 6.39659 2 
0 6.60867 2 
0 6.67329 2 
0 inf 2 
0 0.0477548 3 
0 0.0483501 3 
0 0.0500883 3 
0 0.0500892 3 
0 0.0506538 3 
0 0.0512129 3 
0 0.0512133 3 
0 0.0533936 3 
0 0.0549729 3 
0 0.0554883 3 
0 0.0554885 3 
0 0.0554906 3 
0 0.0559972 3 
0 0.0559993 3 
0 0.0559997 3 
0 0.0570084 3 
0 0.0627248 3 
0 0.063175 3 
0 0.0631762 3 
0 0.0649587 3 
0 0.0658277 3 
0 0.0666915 3 
0 0.068793 3 
0 0.0696196 3 
0 0.0700256 3 
0 0.070433 3 
0 0.0708346 3 
0 0.071634 3 
0 0.0716351 3 
0 0.0720317 3 
0 0.0724269 3 
0 0.0728193 3 
0 0.0743723 3 
0 0.0751319 3 
0 0.0755092 3 
0 0.0755098 3 
0 0.0755099 3 
0 0.0777428 3 
0 0.077743 3 
0 0.0781086 3 
0 0.0781089 3 
0 0.0788347 3 
0 0.0788378 3 
0 0.0806222 3 
0 0.0820271 3 
0 0.085093 3 
0 0.0857646 3 
0 0.0874089 3 
0 0.0896626 3 
0 0.0912388 3 
0 0.0927822 3 
0 0.0927881 3 
0 0.0964011 3 
0 0.0996063 3 
0 0.10017 3 
0 0.105714 3 
0 0.12129 3 
0 0.122923 3 
0 0.132735 3 
0 0.134651 3 
0 0.134657 3 
0 0.137381 3 
0 0.142873 3 
0 0.143666 3 
0 0.146418 3 
0 0.149892 3 
0 0.151215 3 
0 0.155861 3 
0 0.158219 3 
0 0.162303 3 
0 0.163705 3 
0 0.169859 3 
0 0.174498 3 
0 0.199349 3 
0 0.209123 3 
0 0.211973 3 
0 0.21251 3 
0 0.230281 3 
0 0.230896 3 
0 0.234324 3 
0 0.234684 3 
0 0.252022 3 
0 0.262654 3 
0 0.263525 3 
0 0.263849 3 
0 0.270042 3 
0 0.279074 3 
0 0.283936 3 
0 0.288319 3 
0 0.29185 3 
0 0.305694 3 
0 0.309313 3 
0 0.313432 3 
0 0.324863 3 
0 0.331635 3 
0 0.332594 3 
0 0.338869 3 
0 0.340542 3 
0 0.345123 3 
0 0.369382 3 
0 0.369459 3 
0 0.375434 3 
0 0.537039 3 
0 0.618859 3 
0 0.671533 3 
0 1.20472 3 
0 1.25264 3 
0 1.62024 3 
0 1.64096 3 
0 1.73695 3 
0 1.74526 3 
0 2.03259 3 
0 2.03327 3 
0 2.03327 3 
0 2.83496 3 
0 3.17963 3 
0 3.50828 3 
0 3.61415 3 
0 3.61465 3 
0 3.70799 3 
0 3.71245 3 
0 3.71579 3 
0 3.71791 3 
0 inf 3 
0 0.0406634 4 
0 0.0440297 4 
0 0.0471567 4 
0 0.0539251 4 
0 0.057507 4 
0 0.0580005 4 
0 0.0594569 4 
0 0.0599341 4 
0 0.0604078 4 
0 0.0631761 4 
0 0.0631765 4 
0 0.0649546 4 
0 0.0662597 4 
0 0.0666892 4 
0 0.0671144 4 
0 0.0687929 4 
0 0.069617 4 
0 0.0712361 4 
0 0.0747541 4 
0 0.0770045 4 
0 0.0777425 4 
0 0.0784759 4 
0 0.0799127 4 
0 0.081327 4 
0 0.0813277 4 
0 0.0816805 4 
0 0.0827168 4 
0 0.0840833 4 
0 0.0840901 4 
0 0.0844213 4 
0 0.0847627 4 
0 0.0874088 4 
0 0.0874131 4 
0 0.0883826 4 
0 0.0883862 4 
0 0.0893444 4 
0 0.0909279 4 
0 0.0909293 4 
0 0.0940118 4 
0 0.0972898 4 
0 0.0975833 4 
0 0.0990303 4 
0 0.100744 4 
0 0.10243 4 
0 0.111234 4 
0 0.113518 4 
0 0.115265 4 
0 0.116983 4 
0 0.117956 4 
0 0.117956 4 
0 0.118192 4 
0 0.122457 4 
0 0.122928 4 
0 0.123154 4 
0 0.171863 4 
0 0.173181 4 
0 0.184812 4 
0 0.187715 4 
0 0.193986 4 
0 0.195019 4 
0 0.196036 4 
0 0.19792 4 
0 0.198774 4 
0 0.202331 4 
0 0.203871 4 
0 0.204573 4 
0 0.214767 4 
0 0.218453 4 
0 0.223996 4 
0 0.230143 4 
0 0.233825 4 
0 0.2365 4 
0 0.23854 4 
0 0.238785 4 
0 0.241625 4 
0 0.248152 4 
0 0.255279 4 
0 0.256075 4 
0 0.266328 4 
0 0.271522 4 
0 0.274129 4 
0 0.278053 4 
0 0.282228 4 
0 0.285148 4 
0 0.28714 4 
0 0.302138 4 
0 0.309871 4 
0 0.31252 4 
0 0.32679 4 
0 0.332761 4 
0 0.334208 4 
0 0.358489 4 
0 0.369841 4 
0 0.377093 4 
0 0.483907 4 
0 0.561027 4 
0 0.638643 4 
0 0.641701 4 
0 1.211 4 
0 1.54406 4 
0 1.63011 4 
0 1.71025 4 
0 2.05298 4 
0 2.06548 4 
0 2.09443 4 
0 2.24402 4 
0 2.32148 4 
0 2.32488 4 
0 2.32663 4 
0 2.32752 4 
0 2.72143 4 
0 3.03558 4 
0 3.03938 4 
0 3.07943 4 
0 3.07963 4 
0 3.08096 4 
0 3.14087 4 
0 3.14534 4 
0 3.14557 4 
0 inf 4 
0 0.0477567 5 
0 0.0528606 5 
0 0.060875 5 
0 0.0679584 5 
0 0.0679588 5 
0 0.0700248 5 
0 0.0704301 5 
0 0.0712363 5 
0 0.0716347 5 
0 0.0732139 5 
0 0.0762615 5 
0 0.0762616 5 
0 0.0777422 5 
0 0.0777442 5 
0 0.0784745 5 
0 0.0791926 5 
0 0.0791964 5 
0 0.0799127 5 
0 0.0802694 5 
0 0.0820254 5 
0 0.0823717 5 
0 0.0830613 5 
0 0.084423 5 
0 0.0860949 5 
0 0.0870819 5 
0 0.0874112 5 
0 0.08806 5 
0 0.0883856 5 
0 0.0918617 5 
0 0.0921716 5 
0 0.0946144 5 
0 0.0972864 5 
0 0.0993181 5 
0 0.100458 5 
0 0.104633 5 
0 0.104902 5 
0 0.105715 5 
0 0.11072 5 
0 0.112254 5 
0 0.116245 5 
0 0.125446 5 
0 0.125675 5 
0 0.129689 5 
0 0.129693 5 
0 0.13122 5 
0 0.140463 5 
0 0.144655 5 
0 0.145053 5 
0 0.151398 5 
0 0.152345 5 
0 0.161775 5 
0 0.17547 5 
0 0.184484 5 
0 0.199351 5 
0 0.204298 5 
0 0.204991 5 
0 0.209662 5 
0 0.215434 5 
0 0.221694 5 
0 0.224507 5 
0 0.224638 5 
0 0.227789 5 
0 0.237694 5 
0 0.240456 5 
0 0.245367 5 
0 0.245368 5 
0 0.245368 5 
0 0.245598 5 
0 0.246074 5 
0 0.248392 5 
0 0.249172 5 
0 0.254503 5 
0 0.254839 5 
0 0.259826 5 
0 0.270032 5 
0 0.2795 5 
0 0.283927 5 
0 0.285348 5 
0 0.292264 5 
0 0.29691 5 
0 0.300247 5 
0 0.301081 5 
0 0.349395 5 
0 0.352967 5 
0 0.353048 5 
0 0.364802 5 
0 0.499396 5 
0 0.512749 5 
0 0.552738 5 
0 0.642763 5 
0 0.925394 5 
0 0.93459 5 
0 0.938942 5 
0 0.965291 5 
0 0.999387 5 
0 1.01028 5 
0 1.08316 5 
0 1.12977 5 
0 1.21949 5 
0 1.36683 5 
0 1.61608 5 
0 1.71887 5 
0 2.34243 5 
0 2.34243 5 
0 2.34348 5 
0 2.34958 5 
0 2.64587 5 
0 3.44116 5 
0 3.44248 5 
0 3.44257 5 
0 3.44496 5 
0 4.01328 5 
0 4.01445 5 
0 4.0182 5 
0 4.01984 5 
0 inf 5 
0 0.0528568 6 
0 0.0544503 6 
0 0.0554887 6 
0 0.061345 6 
0 0.0631764 6 
0 0.0658282 6 
0 0.0679619 6 
0 0.0724276 6 
0 0.0724289 6 
0 0.0728172 6 
0 0.0732097 6 
0 0.0735981 6 
0 0.074368 6 
0 0.074369 6 
0 0.0743714 6 
0 0.075134 6 
0 0.0762595 6 
0 0.076261 6 
0 0.0820249 6 
0 0.0830612 6 
0 0.0837447 6 
0 0.0840831 6 
0 0.0844219 6 
0 0.0847644 6 
0 0.0857646 6 
0 0.0902953 6 
0 0.0902967 6 
0 0.0912372 6 
0 0.0961083 6 
0 0.0964093 6 
0 0.104084 6 
0 0.106257 6 
0 0.108377 6 
0 0.110458 6 
0 0.113516 6 
0 0.115508 6 
0 0.116492 6 
0 0.122221 6 
0 0.128367 6 
0 0.133165 6 
0 0.135716 6 
0 0.137585 6 
0 0.154567 6 
0 0.163885 6 
0 0.16509 6 
0 0.180601 6 
0 0.181065 6 
0 0.18123 6 
0 0.205827 6 
0 0.208976 6 
0 0.210203 6 
0 0.214509 6 
0 0.216888 6 
0 0.218453 6 
0 0.230641 6 
0 0.234684 6 
0 0.236143 6 
0 0.239014 6 
0 0.241283 6 
0 0.241506 6 
0 0.241516 6 
0 0.242334 6 
0 0.245955 6 
0 0.246424 6 
0 0.246646 6 
0 0.252251 6 
0 0.252923 6 
0 0.254384 6 
0 0.264286 6 
0 0.274953 6 
0 0.278354 6 
0 0.287919 6 
0 0.294299 6 
0 0.333706 6 
0 0.335836 6 
0 0.347763 6 
0 0.348008 6 
0 0.36111 6 
0 0.372304 6 
0 0.390105 6 
0 0.404248 6 
0 0.405651 6 
0 0.407195 6 
0 0.430077 6 
0 0.490462 6 
0 0.559703 6 
0 0.798795 6 
0 0.822504 6 
0 0.839617 6 
0 0.965907 6 
0 1.20442 6 
0 1.34491 6 
0 1.57428 6 
0 1.57891 6 
0 1.58856 6 
0 1.59071 6 
0 1.62087 6 
0 1.72476 6 
0 2.00329 6 
0 2.00342 6 
0 2.0159 6 
0 2.01595 6 
0 2.74863 6 
0 3.25688 6 
0 3.26178 6 
0 3.26918 6 
0 3.27065 6 
0 3.4391 6 
0 3.44757 6 
0 3.45196 6 
0 3.45828 6 
0 inf 6 
0 0.0346012 7 
0 0.0369922 7 
0 0.0385019 7 
0 0.0489359 7 
0 0.0528628 7 
0 0.0549727 7 
0 0.0554887 7 
0 0.0579958 7 
0 0.0666886 7 
0 0.0692095 7 
0 0.0696208 7 
0 0.0708376 7 
0 0.0716373 7 
0 0.0788351 7 
0 0.0847598 7 
0 0.0850955 7 
0 0.0899826 7 
0 0.0909283 7 
0 0.0927883 7 
0 0.0930947 7 
0 0.096405 7 
0 0.100174 7 
0 0.108375 7 
0 0.109162 7 
0 0.109163 7 
0 0.110722 7 
0 0.111743 7 
0 0.112762 7 
0 0.114769 7 
0 0.114771 7 
0 0.114771 7 
0 0.120582 7 
0 0.124749 7 
0 0.129238 7 
0 0.129254 7 
0 0.129692 7 
0 0.131872 7 
0 0.135485 7 
0 0.136548 7 
0 0.142658 7 
0 0.161952 7 
0 0.162655 7 
0 0.164571 7 
0 0.197917 7 
0 0.209402 7 
0 0.210074 7 
0 0.216354 7 
0 0.218852 7 
0 0.22678 7 
0 0.229274 7 
0 0.230774 7 
0 0.232495 7 
0 0.236258 7 
0 0.24987 7 
0 0.252031 7 
0 0.252137 7 
0 0.253379 7 
0 0.255049 7 
0 0.255626 7 
0 0.25805 7 
0 0.259372 7 
0 0.269523 7 
0 0.269523 7 
0 0.271105 7 
0 0.283443 7 
0 0.311156 7 
0 0.311611 7 
0 0.31298 7 
0 0.314162 7 
0 0.358815 7 
0 0.361663 7 
0 0.363629 7 
0 0.365194 7 
0 0.371384 7 
0 0.378447 7 
0 0.382499 7 
0 0.566592 7 
0 0.578822 7 
0 0.754414 7 
0 0.760287 7 
0 0.87939 7 
0 1.22934 7 
0 1.24815 7 
0 1.31016 7 
0 1.31329 7 
0 1.31426 7 
0 1.32334 7 
0 1.35199 7 
0 1.60816 7 
0 1.68738 7 
0 1.68921 7 
0 1.69017 7 
0 1.69204 7 
0 1.73348 7 
0 1.892 7 
0 1.89635 7 
0 1.89874 7 
0 1.90126 7 
0 1.90912 7 
0 1.90978 7 
0 2.04467 7 
0 2.08259 7 
0 2.68197 7 
0 2.78539 7 
0 2.78719 7 
0 2.78884 7 
0 2.82094 7 
0 inf 7 
0 0.0459337 8 
0 0.0459349 8 
0 0.0483481 8 
0 0.051212 8 
0 0.063626 8 
0 0.064955 8 
0 0.0671138 8 
0 0.0692062 8 
0 0.0743617 8 
0 0.075882 8 
0 0.0773744 8 
0 0.0823743 8 
0 0.0834052 8 
0 0.084088 8 
0 0.0854291 8 
0 0.0930967 8 
0 0.103807 8 
0 0.10732 8 
0 0.110469 8 
0 0.110716 8 
0 0.11072 8 
0 0.123845 8 
0 0.125455 8 
0 0.127706 8 
0 0.130137 8 
0 0.131225 8 
0 0.14347 8 
0 0.148354 8 
0 0.150829 8 
0 0.15438 8 
0 0.159823 8 
0 0.16732 8 
0 0.174493 8 
0 0.179475 8 
0 0.187864 8 
0 0.188177 8 
0 0.188475 8 
0 0.189987 8 
0 0.193399 8 
0 0.205685 8 
0 0.208018 8 
0 0.208977 8 
0 0.210064 8 
0 0.216498 8 
0 0.223484 8 
0 0.232122 8 
0 0.236631 8 
0 0.236631 8 
0 0.240563 8 
0 0.244436 8 
0 0.253258 8 
0 0.253273 8 
0 0.254613 8 
0 0.254725 8 
0 0.256951 8 
0 0.257064 8 
0 0.25916 8 
0 0.284848 8 
0 0.32566 8 
0 0.32566 8 
0 0.327754 8 
0 0.358181 8 
0 0.384584 8 
0 0.391704 8 
0 0.403539 8 
0 0.407965 8 
0 0.416475 8 
0 0.429418 8 
0 0.564355 8 
0 0.57468 8 
0 0.626873 8 
0 0.737211 8 
0 0.843044 8 
0 0.875822 8 
0 0.885921 8 
0 0.934096 8 
0 0.962205 8 
0 1.10834 8 
0 1.20676 8 
0 1.32962 8 
0 1.33225 8 
0 1.3327 8 
0 1.34395 8 
0 1.38097 8 
0 1.45161 8 
0 1.45538 8 
0 1.45648 8 
0 1.45655 8 
0 1.61338 8 
0 1.63305 8 
0 1.6387 8 
0 1.63897 8 
0 1.6412 8 
0 1.71044 8 
0 1.71085 8 
0 1.71219 8 
0 1.71523 8 
0 1.71921 8 
0 2.60714 8 
0 2.62127 8 
0 2.73672 8 
0 2.7599 8 
0 2.78823 8 
0 inf 8 
0 0.0559998 9 
0 0.0608777 9 
0 0.0608777 9 
0 0.0683771 9 
0 0.0704299 9 
0 0.0728167 9 
0 0.0732126 9 
0 0.0788356 9 
0 0.0890252 9 
0 0.0912382 9 
0 0.0915509 9 
0 0.093403 9 
0 0.0975797 9 
0 0.112509 9 
0 0.114517 9 
0 0.115262 9 
0 0.120106 9 
0 0.121287 9 
0 0.122227 9 
0 0.131879 9 
0 0.135292 9 
0 0.139647 9 
0 0.142671 9 
0 0.146811 9 
0 0.147179 9 
0 0.147388 9 
0 0.150455 9 
0 0.160347 9 
0 0.160347 9 
0 0.175311 9 
0 0.177414 9 
0 0.182166 9 
0 0.182483 9 
0 0.188178 9 
0 0.189816 9 
0 0.198492 9 
0 0.205397 9 
0 0.206927 9 
0 0.210612 9 
0 0.212906 9 
0 0.219626 9 
0 0.253717 9 
0 0.257291 9 
0 0.264393 9 
0 0.266966 9 
0 0.270256 9 
0 0.274447 9 
0 0.275379 9 
0 0.277853 9 
0 0.296519 9 
0 0.302233 9 
0 0.302697 9 
0 0.310055 9 
0 0.352478 9 
0 0.353124 9 
0 0.368303 9 
0 0.381309 9 
0 0.4095 9 
0 0.413863 9 
0 0.417772 9 
0 0.435806 9 
0 0.45022 9 
0 0.552777 9 
0 0.553746 9 
0 0.585398 9 
0 0.645065 9 
0 0.671238 9 
0 0.716632 9 
0 0.754878 9 
0 0.790268 9 
0 0.906119 9 
0 0.988182 9 
0 1.00102 9 
0 1.03059 9 
0 1.22628 9 
0 1.23259 9 
0 1.23427 9 
0 1.23427 9 
0 1.23665 9 
0 1.32108 9 
0 1.32192 9 
0 1.32883 9 
0 1.33142 9 
0 1.33704 9 
0 1.60276 9 
0 1.60388 9 
0 1.60487 9 
0 1.61239 9 
0 1.6243 9 
0 1.71062 9 
0 1.71388 9 
0 1.72019 9 
0 1.7276 9 
0 1.72826 9 
0 2.52809 9 
0 2.57659 9 
0 2.63856 9 
0 2.76812 9 
0 2.76828 9 
0 inf 9 
0 0.069618 10 
0 0.0700268 10 
0 0.0837424 10 
0 0.0860938 10 
0 0.094914 10 
0 0.0955163 10 
0 0.0958148 10 
0 0.0990301 10 
0 0.114025 10 
0 0.11649 10 
0 0.11649 10 
0 0.120343 10 
0 0.121053 10 
0 0.127704 10 
0 0.137176 10 
0 0.147586 10 
0 0.148927 10 
0 0.150072 10 
0 0.154195 10 
0 0.159107 10 
0 0.160181 10 
0 0.16176 10 
0 0.164905 10 
0 0.169352 10 
0 0.170695 10 
0 0.182164 10 
0 0.183257 10 
0 0.184021 10 
0 0.187567 10 
0 0.191163 10 
0 0.192808 10 
0 0.204987 10 
0 0.210082 10 
0 0.211021 10 
0 0.221694 10 
0 0.221832 10 
0 0.225015 10 
0 0.225015 10 
0 0.228666 10 
0 0.241859 10 
0 0.260483 10 
0 0.265354 10 
0 0.295068 10 
0 0.312612 10 
0 0.317954 10 
0 0.320893 10 
0 0.324074 10 
0 0.331124 10 
0 0.336762 10 
0 0.33803 10 
0 0.361025 10 
0 0.369073 10 
0 0.370928 10 
0 0.371542 10 
0 0.407197 10 
0 0.433051 10 
0 0.482499 10 
0 0.488314 10 
0 0.518654 10 
0 0.537305 10 
0 0.541113 10 
0 0.553768 10 
0 0.564982 10 
0 0.566644 10 
0 0.665388 10 
0 0.669445 10 
0 0.694609 10 
0 0.738068 10 
0 0.874779 10 
0 0.907537 10 
0 1.20418 10 
0 1.20891 10 
0 1.2138 10 
0 1.22874 10 
0 1.22874 10 
0 1.31368 10 
0 1.31559 10 
0 1.32988 10 
0 1.39767 10 
0 1.39767 10 
0 1.60272 10 
0 1.60322 10 
0 1.60606 10 
0 1.6072 10 
0 1.60743 10 
0 1.71988 10 
0 1.72003 10 
0 1.72087 10 
0 1.72281 10 
0 1.72717 10 
0 2.4955 10 
0 2.72152 10 
0 2.75048 10 
0 2.7609 10 
0 2.76253 10 
0 inf 10 
0 0.0631747 11 
0 0.0649556 11 
0 0.0653929 11 
0 0.0758865 11 
0 0.0788316 11 
0 0.0840812 11 
0 0.118191 11 
0 0.14603 11 
0 0.148743 11 
0 0.150437 11 
0 0.153271 11 
0 0.156383 11 
0 0.160358 11 
0 0.161067 11 
0 0.164038 11 
0 0.170695 11 
0 0.173349 11 
0 0.182168 11 
0 0.186193 11 
0 0.187411 11 
0 0.190126 11 
0 0.191327 11 
0 0.196614 11 
0 0.199209 11 
0 0.210607 11 
0 0.210889 11 
0 0.211029 11 
0 0.21143 11 
0 0.213168 11 
0 0.215307 11 
0 0.216497 11 
0 0.250206 11 
0 0.254163 11 
0 0.265249 11 
0 0.275373 11 
0 0.288421 11 
0 0.29177 11 
0 0.295264 11 
0 0.298719 11 
0 0.298719 11 
0 0.299957 11 
0 0.304019 11 
0 0.308855 11 
0 0.380185 11 
0 0.393958 11 
0 0.402831 11 
0 0.404527 11 
0 0.424404 11 
0 0.42995 11 
0 0.449141 11 
0 0.457193 11 
0 0.470101 11 
0 0.52151 11 
0 0.523693 11 
0 0.530024 11 
0 0.55025 11 
0 0.550665 11 
0 0.555257 11 
0 0.562146 11 
0 0.578142 11 
0 0.645996 11 
0 0.654322 11 
0 0.660912 11 
0 0.735327 11 
0 0.764966 11 
0 0.783639 11 
0 1.21077 11 
0 1.21437 11 
0 1.21849 11 
0 1.21905 11 
0 1.22111 11 
0 1.32011 11 
0 1.3206 11 
0 1.34886 11 
0 1.37927 11 
0 1.38276 11 
0 1.60723 11 
0 1.60862 11 
0 1.60963 11 
0 1.628 11 
0 1.628 11 
0 1.71212 11 
0 1.71305 11 
0 1.71882 11 
0 1.71922 11 
0 1.72082 11 
0 2.47871 11 
0 2.48064 11 
0 2.48266 11 
0 2.61696 11 
0 2.65001 11 
0 inf 11 
0 0.0662593 12 
0 0.0724287 12 
0 0.120349 12 
0 0.130134 12 
0 0.131225 12 
0 0.146227 12 
0 0.148148 12 
0 0.153082 12 
0 0.154921 12 
0 0.157308 12 
0 0.158032 12 
0 0.161593 12 
0 0.165266 12 
0 0.184031 12 
0 0.184344 12 
0 0.187718 12 
0 0.191766 12 
0 0.192066 12 
0 0.19993 12 
0 0.201068 12 
0 0.209935 12 
0 0.214635 12 
0 0.215825 12 
0 0.219758 12 
0 0.229527 12 
0 0.232612 12 
0 0.240447 12 
0 0.243044 12 
0 0.254164 12 
0 0.291573 12 
0 0.293909 12 
0 0.298817 12 
0 0.339127 12 
0 0.348817 12 
0 0.349229 12 
0 0.354901 12 
0 0.356506 12 
0 0.358658 12 
0 0.360077 12 
0 0.390694 12 
0 0.392001 12 
0 0.392001 12 
0 0.406149 12 
0 0.406219 12 
0 0.417087 12 
0 0.41757 12 
0 0.419608 12 
0 0.42467 12 
0 0.496534 12 
0 0.516235 12 
0 0.535003 12 
0 0.541376 12 
0 0.542796 12 
0 0.546247 12 
0 0.55082 12 
0 0.551907 12 
0 0.554314 12 
0 0.555547 12 
0 0.584361 12 
0 0.62473 12 
0 0.696246 12 
0 0.710073 12 
0 1.20148 12 
0 1.2047 12 
0 1.2048 12 
0 1.20992 12 
0 1.21048 12 
0 1.31472 12 
0 1.31836 12 
0 1.33693 12 
0 1.33998 12 
0 1.34202 12 
0 1.61338 12 
0 1.62066 12 
0 1.62291 12 
0 1.62375 12 
0 1.63109 12 
0 1.71004 12 
0 1.71025 12 
0 1.71365 12 
0 1.7139 12 
0 1.71565 12 
0 2.49507 12 
0 2.499 12 
0 2.59893 12 
0 2.60534 12 
0 2.62646 12 
0 inf 12 
0 0.104359 13 
0 0.105451 13 
0 0.112768 13 
0 0.116979 13 
0 0.120345 13 
0 0.127476 13 
0 0.132309 13 
0 0.132309 13 
0 0.136129 13 
0 0.136322 13 
0 0.138621 13 
0 0.140646 13 
0 0.143651 13 
0 0.152335 13 
0 0.155102 13 
0 0.159645 13 
0 0.162303 13 
0 0.164572 13 
0 0.165608 13 
0 0.167143 13 
0 0.181858 13 
0 0.18649 13 
0 0.200636 13 
0 0.201058 13 
0 0.202339 13 
0 0.202896 13 
0 0.212643 13 
0 0.26439 13 
0 0.281107 13 
0 0.290583 13 
0 0.293319 13 
0 0.304485 13 
0 0.305143 13 
0 0.316872 13 
0 0.322219 13 
0 0.350288 13 
0 0.357776 13 
0 0.358731 13 
0 0.372223 13 
0 0.380934 13 
0 0.381386 13 
0 0.396054 13 
0 0.408799 13 
0 0.412685 13 
0 0.41797 13 
0 0.488137 13 
0 0.489595 13 
0 0.529592 13 
0 0.531093 13 
0 0.531704 13 
0 0.545048 13 
0 0.548421 13 
0 0.564967 13 
0 0.58167 13 
0 0.582846 13 
0 0.586356 13 
0 0.588148 13 
0 0.601542 13 
0 0.602063 13 
0 0.609077 13 
0 1.20586 13 
0 1.20586 13 
0 1.21293 13 
0 1.21293 13 
0 1.21441 13 
0 1.30685 13 
0 1.30815 13 
0 1.31485 13 
0 1.31537 13 
0 1.31548 13 
0 1.60454 13 
0 1.60667 13 
0 1.60943 13 
0 1.61007 13 
0 1.71428 13 
0 1.7157 13 
0 1.71626 13 
0 1.71782 13 
0 1.72165 13 
0 2.51911 13 
0 2.52954 13 
0 2.77304 13 
0 2.78798 13 
0 inf 13 
0 0.0453096 14 
0 0.0570078 14 
0 0.0589764 14 
0 0.0608787 14 
0 0.0608787 14 
0 0.0622659 14 
0 0.0696147 14 
0 0.13035 14 
0 0.134655 14 
0 0.139833 14 
0 0.164555 14 
0 0.168842 14 
0 0.172184 14 
0 0.17268 14 
0 0.182791 14 
0 0.200493 14 
0 0.201209 14 
0 0.201775 14 
0 0.201916 14 
0 0.205966 14 
0 0.207481 14 
0 0.217933 14 
0 0.219626 14 
0 0.224121 14 
0 0.225897 14 
0 0.226529 14 
0 0.228412 14 
0 0.23286 14 
0 0.237704 14 
0 0.245838 14 
0 0.245839 14 
0 0.264604 14 
0 0.291179 14 
0 0.300528 14 
0 0.304112 14 
0 0.326622 14 
0 0.327052 14 
0 0.354494 14 
0 0.356179 14 
0 0.360001 14 
0 0.374749 14 
0 0.381305 14 
0 0.381379 14 
0 0.38138 14 
0 0.47625 14 
0 0.482729 14 
0 0.514794 14 
0 0.515459 14 
0 0.526132 14 
0 0.545101 14 
0 0.550513 14 
0 0.551289 14 
0 0.551289 14 
0 0.56644 14 
0 0.61853 14 
0 0.625269 14 
0 0.774262 14 
0 0.776572 14 
0 0.803174 14 
0 1.21805 14 
0 1.22178 14 
0 1.22178 14 
0 1.22598 14 
0 1.31035 14 
0 1.33866 14 
0 1.34004 14 
0 1.34248 14 
0 1.60528 14 
0 1.60821 14 
0 1.61191 14 
0 1.61191 14 
0 1.71017 14 
0 1.72897 14 
0 1.73149 14 
0 1.73319 14 
0 2.60263 14 
0 2.60934 14 
0 2.61081 14 
0 2.76236 14 
0 inf 14 
0 0.0870849 15 
0 0.113012 15 
0 0.12454 15 
0 0.133165 15 
0 0.145636 15 
0 0.148354 15 
0 0.148354 15 
0 0.149695 15 
0 0.173339 15 
0 0.17595 15 
0 0.177247 15 
0 0.18011 15 
0 0.180437 15 
0 0.185101 15 
0 0.188474 15 
0 0.190423 15 
0 0.191176 15 
0 0.193848 15 
0 0.193982 15 
0 0.198632 15 
0 0.19892 15 
0 0.200355 15 
0 0.202476 15 
0 0.205274 15 
0 0.208582 15 
0 0.209674 15 
0 0.210072 15 
0 0.211432 15 
0 0.212366 15 
0 0.22053 15 
0 0.239502 15 
0 0.300712 15 
0 0.331381 15 
0 0.3408 15 
0 0.348983 15 
0 0.35554 15 
0 0.356261 15 
0 0.437831 15 
0 0.441973 15 
0 0.444293 15 
0 0.458133 15 
0 0.517068 15 
0 0.519378 15 
0 0.52053 15 
0 0.520639 15 
0 0.541849 15 
0 0.542533 15 
0 0.547502 15 
0 0.556233 15 
0 0.596104 15 
0 0.674783 15 
0 0.737029 15 
0 0.787363 15 
0 0.82493 15 
0 0.825622 15 
0 1.20992 15 
0 1.21994 15 
0 1.22031 15 
0 1.22181 15 
0 1.34081 15 
0 1.37944 15 
0 1.40824 15 
0 1.4105 15 
0 1.60203 15 
0 1.61198 15 
0 1.61203 15 
0 1.6121 15 
0 1.712 15 
0 1.71694 15 
0 1.71721 15 
0 1.71721 15 
0 2.67924 15 
0 2.72124 15 
0 2.76884 15 
0 2.77914 15 
0 inf 15 
0 0.123846 16 
0 0.124081 16 
0 0.126133 16 
0 0.126133 16 
0 0.148552 16 
0 0.153441 16 
0 0.157308 16 
0 0.163699 16 
0 0.17563 16 
0 0.17563 16 
0 0.1761 16 
0 0.177087 16 
0 0.178683 16 
0 0.180433 16 
0 0.181219 16 
0 0.18602 16 
0 0.186653 16 
0 0.189664 16 
0 0.194574 16 
0 0.19763 16 
0 0.204442 16 
0 0.209666 16 
0 0.214242 16 
0 0.217286 16 
0 0.230649 16 
0 0.245489 16 
0 0.257956 16 
0 0.265256 16 
0 0.267824 16 
0 0.303267 16 
0 0.313255 16 
0 0.315792 16 
0 0.317323 16 
0 0.367296 16 
0 0.381002 16 
0 0.388201 16 
0 0.388201 16 
0 0.394033 16 
0 0.552063 16 
0 0.561637 16 
0 0.565734 16 
0 0.566992 16 
0 0.607237 16 
0 0.618716 16 
0 0.625225 16 
0 0.669909 16 
0 0.673092 16 
0 0.676135 16 
0 0.683353 16 
0 0.78846 16 
0 0.82762 16 
0 1.20231 16 
0 1.2024 16 
0 1.20338 16 
0 1.21011 16 
0 1.32369 16 
0 1.35224 16 
0 1.36608 16 
0 1.36658 16 
0 1.61373 16 
0 1.61424 16 
0 1.62191 16 
0 1.62219 16 
0 1.71155 16 
0 1.71468 16 
0 1.71575 16 
0 1.71576 16 
0 2.46357 16 
0 2.66853 16 
0 2.66923 16 
0 2.79904 16 
0 inf 16 
0 0.0413623 17 
0 0.0459349 17 
0 0.128367 17 
0 0.142054 17 
0 0.148547 17 
0 0.150264 17 
0 0.162295 17 
0 0.165954 17 
0 0.167824 17 
0 0.170198 17 
0 0.172008 17 
0 0.17234 17 
0 0.177576 17 
0 0.178363 17 
0 0.180442 17 
0 0.180895 17 
0 0.181697 17 
0 0.181995 17 
0 0.186654 17 
0 0.188315 17 
0 0.190278 17 
0 0.190734 17 
0 0.199627 17 
0 0.215308 17 
0 0.2213 17 
0 0.228788 17 
0 0.244574 17 
0 0.295356 17 
0 0.3313 17 
0 0.347183 17 
0 0.349801 17 
0 0.349801 17 
0 0.37092 17 
0 0.38131 17 
0 0.398851 17 
0 0.400206 17 
0 0.401557 17 
0 0.402338 17 
0 0.524797 17 
0 0.526965 17 
0 0.528047 17 
0 0.529125 17 
0 0.652322 17 
0 0.654068 17 
0 0.654286 17 
0 0.76093 17 
0 0.832324 17 
0 0.843048 17 
0 0.946222 17 
0 1.21551 17 
0 1.2169 17 
0 1.21732 17 
0 1.21753 17 
0 1.32358 17 
0 1.3296 17 
0 1.3296 17 
0 1.32962 17 
0 1.61205 17 
0 1.61242 17 
0 1.61285 17 
0 1.71155 17 
0 1.72661 17 
0 1.72851 17 
0 1.72925 17 
0 2.53162 17 
0 2.53571 17 
0 2.78119 17 
0 inf 17 
0 0.0575035 18 
0 0.0575101 18 
0 0.0795561 18 
0 0.083746 18 
0 0.112511 18 
0 0.124076 18 
0 0.129473 18 
0 0.130127 18 
0 0.138602 18 
0 0.139641 18 
0 0.139832 18 
0 0.140238 18 
0 0.143669 18 
0 0.143669 18 
0 0.143669 18 
0 0.156383 18 
0 0.173186 18 
0 0.175801 18 
0 0.183575 18 
0 0.18404 18 
0 0.214247 18 
0 0.226664 18 
0 0.232623 18 
0 0.287536 18 
0 0.310053 18 
0 0.312344 18 
0 0.31938 18 
0 0.31938 18 
0 0.327319 18 
0 0.330609 18 
0 0.330609 18 
0 0.387833 18 
0 0.427084 18 
0 0.430282 18 
0 0.433445 18 
0 0.530826 18 
0 0.551496 18 
0 0.555651 18 
0 0.555822 18 
0 0.564726 18 
0 0.565769 18 
0 0.569001 18 
0 0.819376 18 
0 0.842099 18 
0 0.842945 18 
0 0.944957 18 
0 1.21067 18 
0 1.22628 18 
0 1.23036 18 
0 1.23175 18 
0 1.31728 18 
0 1.33655 18 
0 1.33879 18 
0 1.61627 18 
0 1.61684 18 
0 1.61795 18 
0 1.71721 18 
0 1.71761 18 
0 1.71787 18 
0 1.7182 18 
0 2.46902 18 
0 2.48312 18 
0 2.78356 18 
0 inf 18 
0 0.113772 19 
0 0.114521 19 
0 0.121528 19 
0 0.123138 19 
0 0.125885 19 
0 0.129696 19 
0 0.132949 19 
0 0.135498 19 
0 0.136758 19 
0 0.138207 19 
0 0.146016 19 
0 0.149484 19 
0 0.149484 19 
0 0.151959 19 
0 0.153251 19 
0 0.154378 19 
0 0.176925 19 
0 0.195454 19 
0 0.197197 19 
0 0.197627 19 
0 0.21885 19 
0 0.224 19 
0 0.310053 19 
0 0.312892 19 
0 0.31516 19 
0 0.3184 19 
0 0.334813 19 
0 0.33575 19 
0 0.33575 19 
0 0.337106 19 
0 0.378081 19 
0 0.381605 19 
0 0.384062 19 
0 0.385618 19 
0 0.404529 19 
0 0.40453 19 
0 0.421374 19 
0 0.529484 19 
0 0.536825 19 
0 0.539881 19 
0 0.588505 19 
0 0.588699 19 
0 0.74242 19 
0 0.790476 19 
0 1.21234 19 
0 1.21272 19 
0 1.2131 19 
0 1.33482 19 
0 1.3777 19 
0 1.37987 19 
0 1.60189 19 
0 1.60489 19 
0 1.60489 19 
0 1.71115 19 
0 1.7112 19 
0 1.71154 19 
0 2.4476 19 
0 2.58149 19 
0 2.76702 19 
0 inf 19 
0 0.0584849 20 
0 0.0958121 20 
0 0.125903 20 
0 0.140251 20 
0 0.142056 20 
0 0.150816 20 
0 0.156217 20 
0 0.169843 20 
0 0.175143 20 
0 0.182011 20 
0 0.183726 20 
0 0.187258 20 
0 0.191778 20 
0 0.192664 20 
0 0.194728 20 
0 0.196762 20 
0 0.198928 20 
0 0.2061 20 
0 0.207891 20 
0 0.208575 20 
0 0.213313 20 
0 0.232243 20 
0 0.238779 20 
0 0.241981 20 
0 0.264496 20 
0 0.273826 20 
0 0.282032 20 
0 0.282032 20 
0 0.338532 20 
0 0.361893 20 
0 0.361893 20 
0 0.388933 20 
0 0.396196 20 
0 0.406705 20 
0 0.414621 20 
0 0.415101 20 
0 0.551396 20 
0 0.555773 20 
0 0.614466 20 
0 0.735939 20 
0 1.20888 20 
0 1.20909 20 
0 1.32496 20 
0 1.32702 20 
0 1.32799 20 
0 1.608 20 
0 1.60906 20 
0 1.60906 20 
0 1.71405 20 
0 1.7244 20 
0 1.72539 20 
0 2.08127 20 
0 2.47522 20 
0 2.77267 20 
0 2.77278 20 
0 inf 20 
