4.24108 7.37895 1 
0.98103 2.50689 1 
0.314597 0.314814 1 
0.176679 0.322463 1 
0.156114 0.156776 1 
0.143135 0.148334 1 
0.139318 0.14942 1 
0.13815 0.145676 1 
0.133501 0.149257 1 
0.133497 0.202595 1 
0.131689 0.133076 1 
0.125615 0.141035 1 
0.102337 0.106413 1 
0.0823105 0.0857286 1 
0.08231 0.0845145 1 
0.0674453 0.0754724 1 
0.0644852 0.0682905 1 
0.0642995 0.0682843 1 
0.0617466 0.0626687 1 
0.0609998 0.0697847 1 
0.0600513 0.0632231 1 
0.059473 0.0596721 1 
0.0565106 0.0694572 1 
0.0563036 0.0567044 1 
0.0502618 0.0556763 1 
0.0484029 0.0513948 1 
0.0454624 0.0567044 1 
5.63386 5.6575 2 
5.32786 5.55342 2 
3.69839 5.68888 2 
0.801727 3.39712 2 
0.448488 0.466679 2 
0.187772 0.316534 2 
0.174253 0.179833 2 
0.118074 0.123405 2 
0.0733154 0.0760805 2 
0.0718853 0.0775749 2 
0.0709213 0.0745567 2 
0.0701147 0.0712529 2 
0.069451 0.0726868 2 
0.0687912 0.0697819 2 
0.0684506 0.0726829 2 
0.068116 0.0759327 2 
0.0598575 0.0686208 2 
0.0596647 0.0715728 2 
0.0537972 0.0571093 2 
0.0504934 0.0542224 2 
4.02807 4.73874 3 
4.02087 4.72231 3 
3.94955 3.98829 3 
3.41924 4.74197 3 
2.97082 3.32587 3 
0.737862 3.44334 3 
0.732647 0.735056 3 
0.225956 0.228539 3 
0.192058 0.200775 3 
0.170325 0.303676 3 
0.0951352 0.106633 3 
0.0832943 0.0860047 3 
0.0816119 0.086792 3 
0.0801903 0.0861425 3 
0.0774233 0.0788915 3 
0.0748613 0.0842477 3 
0.0733121 0.0864012 3 
0.0670957 0.0734711 3 
0.0669224 0.0696111 3 
0.0604326 0.0648327 3 
0.0586979 0.068794 3 
0.05711 0.0571144 3 
1.10599 3.22319 4 
0.45776 0.460908 4 
0.264587 0.321811 4 
0.264196 0.298601 4 
0.25999 0.30242 4 
0.243575 0.262364 4 
0.174188 0.182181 4 
0.114424 0.115421 4 
0.106301 0.116512 4 
0.0838371 0.0877195 4 
0.0821769 0.0841166 4 
2.12838 2.20958 5 
1.94529 2.88951 5 
0.297102 0.303977 5 
0.229489 0.262456 5 
0.212929 0.214005 5 
0.157134 0.165186 5 
0.117102 0.117501 5 
0.0733179 0.0742462 5 
0.0717294 0.0768333 5 
0.0694486 0.0702739 5 
0.0674374 0.0774231 5 
0.0662348 0.0756222 5 
0.0635805 0.0667524 5 
1.94861 2.64576 6 
1.88083 2.07337 6 
1.54118 1.56266 6 
0.192833 0.202821 6 
0.155304 0.176361 6 
0.107592 0.112094 6 
0.0644736 0.0681149 6 
0.0641163 0.0728464 6 
2.55123 2.66514 7 
2.40947 3.02134 7 
2.35347 2.382 7 
2.27177 2.39715 7 
2.25432 2.31187 7 
2.13844 2.27161 7 
2.07832 2.40454 7 
1.92786 2.01655 7 
1.91905 1.95277 7 
0.682853 0.69451 7 
0.222633 0.281742 7 
0.117104 0.11788 7 
0.106954 0.11788 7 
2.18235 2.2016 8 
1.98629 2.1361 8 
1.93196 2.05816 8 
1.904 2.40312 8 
1.5729 1.69609 8 
1.35529 1.98699 8 
0.488783 0.514634 8 
0.141283 0.146239 8 
0.104995 0.119725 8 
2.57037 2.63265 9 
2.5079 2.62993 9 
2.50713 2.62835 9 
2.08088 2.58518 9 
2.06896 2.59125 9 
1.68822 1.90177 9 
1.68032 1.68572 9 
1.09658 1.76673 9 
0.752584 0.760113 9 
0.135809 0.158954 9 
2.04699 2.44333 10 
2.04562 2.36109 10 
1.87335 1.88014 10 
1.42959 1.44439 10 
1.28809 1.65226 10 
0.201855 0.205271 10 
0.16309 0.18186 10 
1.37246 1.56837 11 
1.338 1.7326 11 
1.31445 1.34044 11 
1.30125 1.3637 11 
1.28256 1.41641 11 
1.25682 1.41099 11 
1.25679 1.6468 11 
1.14763 1.15653 11 
0.104231 0.117297 11 
1.60673 1.70402 12 
1.57467 1.59765 12 
1.55405 1.71273 12 
1.48812 1.69184 12 
0.849168 0.878503 12 
0.84842 1.16985 12 
2.07248 2.09595 13 
1.15016 1.15716 13 
1.14302 1.15058 13 
1.97971 2.26478 14 
1.97971 2.26446 14 
1.97971 2.26564 14 
2.01422 2.01447 15 
1.75414 2.04124 15 
1.75246 2.04088 15 
1.59143 1.78867 15 
0.579186 0.598686 15 
1.74959 1.80443 16 
1.63119 1.68335 16 
1.50023 1.5727 16 
1.46216 1.46908 16 
1.32095 1.41917 16 
1.81947 1.8606 17 
1.74792 1.75688 17 
1.67831 1.87905 17 
1.61624 1.87873 17 
0.925111 0.993835 17 
0.922625 1.02001 17 
0.836447 0.886379 17 
0.817605 0.898424 17 
0.783484 0.787434 17 
0.577516 0.649885 17 
1.87204 1.91054 18 
1.82717 1.91054 18 
1.75156 1.88325 18 
0.602504 0.663834 18 
0.58641 0.609727 18 
2.6083 2.86962 19 
1.8418 1.87375 19 
1.84001 2.07301 19 
0.596014 0.634606 19 
1.87283 1.89139 20 
1.87128 2.02038 20 
0.840216 0.884111 20 
0.75434 0.758226 20 
