4.87393 7.59143 1 
1.131 2.78923 1 
0.211703 0.222374 1 
0.11363 0.167455 1 
0.106816 0.11108 1 
0.0901062 0.10856 1 
0.0891069 0.0900098 1 
0.0879908 0.0983576 1 
0.0836221 0.086052 1 
0.0800174 0.080576 1 
0.0634373 0.0641327 1 
0.059357 0.0602544 1 
0.0587499 0.0591971 1 
0.0389824 0.0398952 1 
0.034361 0.0361364 1 
5.54167 5.63904 2 
3.82681 5.64392 2 
0.909301 3.7109 2 
0.221603 0.231545 2 
0.198981 0.228043 2 
0.193884 0.197401 2 
0.19379 0.207603 2 
0.137033 0.139232 2 
0.109465 0.126726 2 
0.0789945 0.0794539 2 
0.0754143 0.0758926 2 
0.0544764 0.0617218 2 
0.0405623 0.0487689 2 
0.0398951 0.0427162 2 
0.0392274 0.0398952 2 
0.0322134 0.0327654 2 
0.028676 0.034091 2 
3.77897 3.93807 3 
3.77893 3.91339 3 
3.77283 3.92165 3 
3.42732 3.55883 3 
0.877441 3.8526 3 
0.470928 0.475257 3 
0.179316 0.196634 3 
0.176653 0.236895 3 
0.176297 0.198625 3 
0.175841 0.222725 3 
0.173279 0.177054 3 
0.154456 0.179812 3 
0.112365 0.122126 3 
0.0496802 0.0502133 3 
1.01271 1.13975 4 
1.00247 3.7345 4 
0.19988 0.207612 4 
0.196266 0.212459 4 
0.185782 0.19889 4 
0.184819 0.188456 4 
0.121168 0.129168 4 
0.102633 0.116955 4 
0.0810149 0.081669 4 
0.0502175 0.0518002 4 
0.0447491 0.0465173 4 
1.85401 1.99061 5 
1.71069 1.83232 5 
1.16579 3.4122 5 
0.178916 0.210935 5 
0.15624 0.189637 5 
0.151888 0.160087 5 
0.0361376 0.0387599 5 
2.66619 2.94953 6 
2.66534 2.93464 6 
2.62733 2.74155 6 
1.63678 2.97283 6 
0.192303 0.200542 6 
0.175994 0.1761 6 
0.157835 0.179668 6 
0.157436 0.189691 6 
0.152532 0.165847 6 
0.108305 0.112834 6 
0.0968905 0.108147 6 
0.0611283 0.0650948 6 
2.30807 2.36815 7 
2.10357 2.10682 7 
2.05024 2.41534 7 
2.03718 2.44195 7 
2.03559 2.44547 7 
2.0265 2.50317 7 
1.84501 1.86307 7 
1.79495 1.8292 7 
0.144895 0.162032 7 
0.128125 0.13089 7 
0.0762366 0.0868718 7 
2.44668 2.9748 8 
1.74094 2.07915 8 
1.69144 1.86588 8 
1.68647 2.22387 8 
1.45203 2.30471 8 
1.01129 1.07853 8 
0.198751 0.199114 8 
0.187881 0.187892 8 
0.187504 0.188077 8 
2.31639 2.3678 9 
1.99567 2.40452 9 
1.7244 1.98145 9 
1.65433 1.71846 9 
1.65156 2.00422 9 
1.05916 2.06308 9 
0.137293 0.143661 9 
0.065652 0.0668634 9 
2.05101 2.20526 10 
2.05039 2.17597 10 
1.45671 1.66649 10 
1.03321 1.86322 10 
0.610163 0.619844 10 
0.162797 0.171829 10 
1.99263 2.42164 11 
1.99209 2.33229 11 
1.4811 1.69216 11 
1.08912 1.70975 11 
1.75721 1.79646 12 
1.55511 1.7587 12 
1.50824 1.79423 12 
1.50241 1.88679 12 
1.50209 1.7587 12 
1.47126 1.75572 12 
1.41322 1.44371 12 
1.41307 1.70593 12 
1.4321 1.57387 13 
1.4309 1.58179 13 
1.25316 1.29056 13 
1.19918 1.23742 13 
0.800664 1.0037 13 
2.01638 2.05862 14 
2.01147 2.02465 14 
2.00614 2.04108 14 
1.07596 1.13621 14 
0.79122 0.912624 14 
0.992437 1.01176 15 
0.876659 1.02366 15 
0.844522 1.00259 15 
0.840957 0.938147 15 
1.95582 1.97488 17 
1.93597 1.96093 17 
1.78027 1.78781 17 
1.7772 1.78699 17 
1.76916 1.82164 17 
1.98712 2.01702 18 
1.81381 2.10269 18 
1.81337 2.04859 18 
1.80211 1.99236 18 
1.69613 1.7121 18 
0.696393 0.76805 19 
1.46587 1.6117 20 
1.46376 1.61055 20 
0.601406 0.732317 20 
