0 0.0159996 1 
0 0.0252967 1 
0 0.025655 1 
0 0.0263626 1 
0 0.026703 1 
0 0.0267031 1 
0 0.0267031 1 
0 0.0273832 1 
0 0.0277103 1 
0 0.0290039 1 
0 0.0293135 1 
0 0.0293135 1 
0 0.0302346 1 
0 0.030236 1 
0 0.0305362 1 
0 0.0305369 1 
0 0.030834 1 
0 0.0314208 1 
0 0.0314214 1 
0 0.0333957 1 
0 0.0339382 1 
0 0.0339386 1 
0 0.0339387 1 
0 0.036533 1 
0 0.0370299 1 
0 0.0380048 1 
0 0.0387191 1 
0 0.0387217 1 
0 0.0394219 1 
0 0.0394221 1 
0 0.0412345 1 
0 0.0412355 1 
0 0.0418946 1 
0 0.0423311 1 
0 0.0431855 1 
0 0.0431855 1 
0 0.0433951 1 
0 0.0438145 1 
0 0.0438148 1 
0 0.04423 1 
0 0.0446424 1 
0 0.0448472 1 
0 0.0450494 1 
0 0.0450518 1 
0 0.0456532 1 
0 0.0456537 1 
0 0.0456542 1 
0 0.0462498 1 
0 0.0462503 1 
0 0.0462522 1 
0 0.0462522 1 
0 0.0464479 1 
0 0.0468407 1 
0 0.0470345 1 
0 0.0478052 1 
0 0.0479966 1 
0 0.0479971 1 
0 0.0481879 1 
0 0.0487526 1 
0 0.0487528 1 
0 0.0493107 1 
0 0.0494964 1 
0 0.0502288 1 
0 0.0518405 1 
0 0.0520234 1 
0 0.0537459 1 
0 0.056242 1 
0 0.0581577 1 
0 0.0619617 1 
0 0.0619617 1 
0 0.0626965 1 
0 0.0644224 1 
0 0.0649869 1 
0 0.0661006 1 
0 0.0665178 1 
0 0.0670645 1 
0 0.0724375 1 
0 0.0738124 1 
0 0.0741899 1 
0 0.0767281 1 
0 0.0799929 1 
0 0.0804443 1 
0 0.0805635 1 
0 0.0823602 1 
0 0.0920058 1 
0 0.0930903 1 
0 0.0950292 1 
0 0.103862 1 
0 0.107923 1 
0 0.132283 1 
0 0.142006 1 
0 0.148174 1 
0 0.14898 1 
0 0.158026 1 
0 0.165546 1 
0 0.165601 1 
0 0.165987 1 
0 0.177281 1 
0 0.179334 1 
0 0.197838 1 
0 0.256764 1 
0 0.273357 1 
0 0.311932 1 
0 0.31395 1 
0 0.367846 1 
0 0.41026 1 
0 0.411684 1 
0 0.445629 1 
0 0.449291 1 
0 0.485969 1 
0 0.53632 1 
0 0.549151 1 
0 0.567034 1 
0 0.570042 1 
0 0.609108 1 
0 0.654713 1 
0 0.781944 1 
0 0.798686 1 
0 0.838798 1 
0 0.906505 1 
0 1.29883 1 
0 1.46806 1 
0 1.65499 1 
0 2.33991 1 
0 2.61587 1 
0 2.98666 1 
0 3.42971 1 
0 4.83383 1 
0 4.98767 1 
0 5.08355 1 
0 5.12162 1 
0 inf 1 
0 0.012827 2 
0 0.0148123 2 
0 0.0148126 2 
0 0.0148128 2 
0 0.0148128 2 
0 0.0154177 2 
0 0.0195945 2 
0 0.0205058 2 
0 0.0249326 2 
0 0.0267021 2 
0 0.0277108 2 
0 0.0280395 2 
0 0.0289993 2 
0 0.0293138 2 
0 0.030234 2 
0 0.0325633 2 
0 0.0325643 2 
0 0.0328442 2 
0 0.0349985 2 
0 0.0357747 2 
0 0.0367815 2 
0 0.0367826 2 
0 0.0377657 2 
0 0.0380058 2 
0 0.0394247 2 
0 0.0414586 2 
0 0.0418944 2 
0 0.0421158 2 
0 0.043184 2 
0 0.0442304 2 
0 0.0462505 2 
0 0.0462522 2 
0 0.046447 2 
0 0.046447 2 
0 0.0464486 2 
0 0.0489394 2 
0 0.050593 2 
0 0.0505952 2 
0 0.0516655 2 
0 0.0523707 2 
0 0.052545 2 
0 0.0534056 2 
0 0.0550924 2 
0 0.0562399 2 
0 0.0565656 2 
0 0.0568871 2 
0 0.0575253 2 
0 0.0578425 2 
0 0.0583153 2 
0 0.0584703 2 
0 0.0587748 2 
0 0.0597078 2 
0 0.0597097 2 
0 0.0606206 2 
0 0.0607695 2 
0 0.0618151 2 
0 0.0618153 2 
0 0.0618164 2 
0 0.0619606 2 
0 0.0642805 2 
0 0.0644205 2 
0 0.0665168 2 
0 0.0676071 2 
0 0.0676087 2 
0 0.0688119 2 
0 0.0694754 2 
0 0.074797 2 
0 0.0782553 2 
0 0.0797681 2 
0 0.0804493 2 
0 0.0993654 2 
0 0.102439 2 
0 0.106034 2 
0 0.109015 2 
0 0.109435 2 
0 0.110588 2 
0 0.112967 2 
0 0.131509 2 
0 0.138615 2 
0 0.138615 2 
0 0.146067 2 
0 0.148487 2 
0 0.173689 2 
0 0.175206 2 
0 0.191031 2 
0 0.211249 2 
0 0.212507 2 
0 0.214555 2 
0 0.21756 2 
0 0.230342 2 
0 0.241235 2 
0 0.281985 2 
0 0.291609 2 
0 0.307059 2 
0 0.354021 2 
0 0.3593 2 
0 0.435561 2 
0 0.444682 2 
0 0.460836 2 
0 0.473822 2 
0 0.475035 2 
0 0.479889 2 
0 0.496677 2 
0 0.538349 2 
0 0.590226 2 
0 0.592436 2 
0 0.622739 2 
0 0.633457 2 
0 0.655698 2 
0 0.669837 2 
0 0.670243 2 
0 0.681012 2 
0 0.866409 2 
0 1.1462 2 
0 1.41307 2 
0 1.67563 2 
0 2.02315 2 
0 2.20418 2 
0 2.78717 2 
0 3.51579 2 
0 3.73042 2 
0 3.83756 2 
0 4.00214 2 
0 4.05816 2 
0 4.1464 2 
0 4.23442 2 
0 4.2351 2 
0 inf 2 
0 0.0165629 3 
0 0.0302348 3 
0 0.0302348 3 
0 0.0305355 3 
0 0.030537 3 
0 0.0314207 3 
0 0.0314221 3 
0 0.0320003 3 
0 0.0336687 3 
0 0.0344714 3 
0 0.0344746 3 
0 0.0370297 3 
0 0.0370297 3 
0 0.03703 3 
0 0.0370307 3 
0 0.0377626 3 
0 0.0396544 3 
0 0.040338 3 
0 0.0405676 3 
0 0.0416764 3 
0 0.0425446 3 
0 0.0427588 3 
0 0.0431833 3 
0 0.043184 3 
0 0.0431844 3 
0 0.0456531 3 
0 0.0456536 3 
0 0.0456548 3 
0 0.0468432 3 
0 0.0472275 3 
0 0.0478046 3 
0 0.0481873 3 
0 0.049681 3 
0 0.0500478 3 
0 0.0513142 3 
0 0.0525436 3 
0 0.0539147 3 
0 0.0549258 3 
0 0.0552566 3 
0 0.0555859 3 
0 0.0562371 3 
0 0.0570467 3 
0 0.057684 3 
0 0.0590939 3 
0 0.0597106 3 
0 0.0607714 3 
0 0.0613696 3 
0 0.063132 3 
0 0.0649868 3 
0 0.0652648 3 
0 0.0663787 3 
0 0.067339 3 
0 0.0703925 3 
0 0.0723103 3 
0 0.0728147 3 
0 0.0805636 3 
0 0.0818042 3 
0 0.082697 3 
0 0.0875293 3 
0 0.089584 3 
0 0.0898866 3 
0 0.0898866 3 
0 0.0931896 3 
0 0.111338 3 
0 0.116155 3 
0 0.134531 3 
0 0.14058 3 
0 0.143478 3 
0 0.144116 3 
0 0.145501 3 
0 0.153152 3 
0 0.175418 3 
0 0.192992 3 
0 0.202457 3 
0 0.202639 3 
0 0.205327 3 
0 0.205509 3 
0 0.248949 3 
0 0.254799 3 
0 0.262258 3 
0 0.322053 3 
0 0.342552 3 
0 0.342552 3 
0 0.370462 3 
0 0.372797 3 
0 0.375948 3 
0 0.397015 3 
0 0.398977 3 
0 0.430345 3 
0 0.454416 3 
0 0.474589 3 
0 0.481957 3 
0 0.498701 3 
0 0.511729 3 
0 0.514333 3 
0 0.553756 3 
0 0.560571 3 
0 0.560945 3 
0 0.567239 3 
0 0.595956 3 
0 0.612095 3 
0 0.618556 3 
0 0.621342 3 
0 0.63548 3 
0 0.733237 3 
0 0.866451 3 
0 0.9616 3 
0 1.39474 3 
0 1.68447 3 
0 1.71645 3 
0 2.04611 3 
0 2.20331 3 
0 2.20503 3 
0 2.2104 3 
0 2.21058 3 
0 2.48057 3 
0 3.12898 3 
0 3.13548 3 
0 3.13613 3 
0 4.04098 3 
0 4.24506 3 
0 4.52077 3 
0 4.52809 3 
0 inf 3 
0 0.00855415 4 
0 0.019122 4 
0 0.0200556 4 
0 0.0260089 4 
0 0.0267033 4 
0 0.0270423 4 
0 0.0286829 4 
0 0.03171 4 
0 0.0322827 4 
0 0.0333948 4 
0 0.0336709 4 
0 0.0384827 4 
0 0.0387216 4 
0 0.0410125 4 
0 0.0440234 4 
0 0.0440234 4 
0 0.045251 4 
0 0.0452524 4 
0 0.0452524 4 
0 0.0464496 4 
0 0.0466453 4 
0 0.0476137 4 
0 0.0476159 4 
0 0.0481879 4 
0 0.0513103 4 
0 0.0514885 4 
0 0.0518466 4 
0 0.0523667 4 
0 0.053917 4 
0 0.0542551 4 
0 0.0544215 4 
0 0.0552564 4 
0 0.0580003 4 
0 0.0594017 4 
0 0.061518 4 
0 0.0615185 4 
0 0.0622545 4 
0 0.063852 4 
0 0.0647069 4 
0 0.0654078 4 
0 0.0680114 4 
0 0.0682817 4 
0 0.0710364 4 
0 0.0755291 4 
0 0.0757636 4 
0 0.0791856 4 
0 0.0795374 4 
0 0.0795375 4 
0 0.0822506 4 
0 0.0851954 4 
0 0.0911083 4 
0 0.0925989 4 
0 0.0960901 4 
0 0.0974125 4 
0 0.0982477 4 
0 0.0991812 4 
0 0.104032 4 
0 0.109926 4 
0 0.109926 4 
0 0.11764 4 
0 0.131586 4 
0 0.159986 4 
0 0.159987 4 
0 0.166872 4 
0 0.177236 4 
0 0.188671 4 
0 0.193836 4 
0 0.201738 4 
0 0.23388 4 
0 0.263518 4 
0 0.307418 4 
0 0.312224 4 
0 0.321091 4 
0 0.356521 4 
0 0.374122 4 
0 0.376455 4 
0 0.385395 4 
0 0.386829 4 
0 0.428557 4 
0 0.439591 4 
0 0.446778 4 
0 0.458052 4 
0 0.458928 4 
0 0.463721 4 
0 0.475168 4 
0 0.476704 4 
0 0.488157 4 
0 0.492353 4 
0 0.555626 4 
0 0.557426 4 
0 0.572227 4 
0 0.590119 4 
0 0.591836 4 
0 0.611099 4 
0 0.627107 4 
0 0.63562 4 
0 0.719706 4 
0 0.899133 4 
0 0.972116 4 
0 1.19035 4 
0 1.40408 4 
0 1.46174 4 
0 1.48402 4 
0 1.48421 4 
0 1.48645 4 
0 1.48862 4 
0 1.77644 4 
0 1.98103 4 
0 2.04336 4 
0 2.07111 4 
0 2.09543 4 
0 2.09662 4 
0 2.09889 4 
0 2.34841 4 
0 2.34989 4 
0 2.3555 4 
0 2.67408 4 
0 2.67692 4 
0 2.79451 4 
0 inf 4 
0 0.0135206 5 
0 0.0249301 5 
0 0.0302344 5 
0 0.031423 5 
0 0.0325657 5 
0 0.0333968 5 
0 0.0342075 5 
0 0.0347376 5 
0 0.0349998 5 
0 0.0362814 5 
0 0.0367861 5 
0 0.0367863 5 
0 0.0372766 5 
0 0.0394236 5 
0 0.0410135 5 
0 0.0414575 5 
0 0.0423287 5 
0 0.0454543 5 
0 0.0487527 5 
0 0.0523684 5 
0 0.0555818 5 
0 0.0565646 5 
0 0.0572116 5 
0 0.0583143 5 
0 0.0584713 5 
0 0.0594019 5 
0 0.0609219 5 
0 0.0619664 5 
0 0.0626921 5 
0 0.0632761 5 
0 0.0677392 5 
0 0.0688135 5 
0 0.0692164 5 
0 0.0701323 5 
0 0.0711686 5 
0 0.0726889 5 
0 0.0735676 5 
0 0.0764889 5 
0 0.0767308 5 
0 0.0781452 5 
0 0.0782593 5 
0 0.0784971 5 
0 0.0791926 5 
0 0.0793079 5 
0 0.0796528 5 
0 0.0807894 5 
0 0.0835696 5 
0 0.0836804 5 
0 0.0864769 5 
0 0.0870006 5 
0 0.088774 5 
0 0.0941652 5 
0 0.0959925 5 
0 0.10037 5 
0 0.124066 5 
0 0.125604 5 
0 0.17769 5 
0 0.182312 5 
0 0.184064 5 
0 0.196285 5 
0 0.214007 5 
0 0.216426 5 
0 0.277776 5 
0 0.315428 5 
0 0.318541 5 
0 0.369669 5 
0 0.375597 5 
0 0.408584 5 
0 0.409478 5 
0 0.409656 5 
0 0.417894 5 
0 0.418417 5 
0 0.434705 5 
0 0.435965 5 
0 0.44894 5 
0 0.455415 5 
0 0.467322 5 
0 0.46935 5 
0 0.494986 5 
0 0.496001 5 
0 0.512244 5 
0 0.516244 5 
0 0.517111 5 
0 0.527173 5 
0 0.565443 5 
0 0.598539 5 
0 0.601753 5 
0 0.604617 5 
0 0.717735 5 
0 0.778308 5 
0 0.888795 5 
0 0.926574 5 
0 1.40522 5 
0 1.41739 5 
0 1.42832 5 
0 1.49795 5 
0 1.53726 5 
0 1.67825 5 
0 1.72104 5 
0 1.7398 5 
0 1.7399 5 
0 1.74016 5 
0 1.81621 5 
0 1.85762 5 
0 1.8599 5 
0 1.86613 5 
0 2.03552 5 
0 2.03578 5 
0 2.0358 5 
0 2.04527 5 
0 2.05379 5 
0 2.77531 5 
0 2.93238 5 
0 2.98067 5 
0 2.98138 5 
0 inf 5 
0 0.0238072 6 
0 0.0277098 6 
0 0.0293139 6 
0 0.0299304 6 
0 0.0314234 6 
0 0.032845 6 
0 0.0372756 6 
0 0.0403399 6 
0 0.0450438 6 
0 0.0450488 6 
0 0.0460536 6 
0 0.0487533 6 
0 0.0507743 6 
0 0.0511326 6 
0 0.0516689 6 
0 0.0521965 6 
0 0.0527185 6 
0 0.0530596 6 
0 0.0532316 6 
0 0.0572064 6 
0 0.0575265 6 
0 0.0576812 6 
0 0.0584727 6 
0 0.0589343 6 
0 0.0609219 6 
0 0.0613702 6 
0 0.0625497 6 
0 0.0631321 6 
0 0.0646993 6 
0 0.0681403 6 
0 0.0733156 6 
0 0.0758887 6 
0 0.076128 6 
0 0.0787284 6 
0 0.0801114 6 
0 0.081465 6 
0 0.0814675 6 
0 0.0848759 6 
0 0.086895 6 
0 0.0893892 6 
0 0.0895911 6 
0 0.0896906 6 
0 0.0906034 6 
0 0.0930935 6 
0 0.112969 6 
0 0.121465 6 
0 0.121469 6 
0 0.143922 6 
0 0.151053 6 
0 0.158782 6 
0 0.181363 6 
0 0.190707 6 
0 0.206527 6 
0 0.206529 6 
0 0.214435 6 
0 0.252324 6 
0 0.291165 6 
0 0.303192 6 
0 0.308009 6 
0 0.31447 6 
0 0.332951 6 
0 0.342737 6 
0 0.361997 6 
0 0.36761 6 
0 0.370089 6 
0 0.394795 6 
0 0.394911 6 
0 0.403617 6 
0 0.406798 6 
0 0.419601 6 
0 0.422147 6 
0 0.452611 6 
0 0.457954 6 
0 0.458333 6 
0 0.458931 6 
0 0.495462 6 
0 0.526392 6 
0 0.531358 6 
0 0.535744 6 
0 0.565718 6 
0 0.571612 6 
0 0.591263 6 
0 0.595849 6 
0 0.59998 6 
0 0.601076 6 
0 0.710853 6 
0 0.821949 6 
0 0.86303 6 
0 0.962277 6 
0 1.04118 6 
0 1.25337 6 
0 1.39757 6 
0 1.39774 6 
0 1.39787 6 
0 1.43311 6 
0 1.43568 6 
0 1.45753 6 
0 1.46875 6 
0 1.46958 6 
0 1.46975 6 
0 1.4701 6 
0 1.48334 6 
0 1.91504 6 
0 1.98975 6 
0 1.99089 6 
0 2.12568 6 
0 2.16017 6 
0 2.53198 6 
0 2.53212 6 
0 2.53653 6 
0 2.58291 6 
0 inf 6 
0 0.0186378 7 
0 0.0314218 7 
0 0.0474238 7 
0 0.0502301 7 
0 0.0544221 7 
0 0.0550864 7 
0 0.059093 7 
0 0.0594024 7 
0 0.0598597 7 
0 0.0600118 7 
0 0.0612186 7 
0 0.0632745 7 
0 0.0638524 7 
0 0.0648376 7 
0 0.0648505 7 
0 0.065271 7 
0 0.0665173 7 
0 0.0684136 7 
0 0.0686801 7 
0 0.0688098 7 
0 0.0688153 7 
0 0.0695971 7 
0 0.069606 7 
0 0.0702563 7 
0 0.0711647 7 
0 0.0712914 7 
0 0.0718042 7 
0 0.0728153 7 
0 0.073194 7 
0 0.073693 7 
0 0.0752808 7 
0 0.0783763 7 
0 0.079075 7 
0 0.0812452 7 
0 0.0832445 7 
0 0.0898959 7 
0 0.0918029 7 
0 0.0932895 7 
0 0.0982527 7 
0 0.0996378 7 
0 0.108595 7 
0 0.151114 7 
0 0.163435 7 
0 0.18746 7 
0 0.193598 7 
0 0.204316 7 
0 0.208994 7 
0 0.242831 7 
0 0.243577 7 
0 0.273288 7 
0 0.277009 7 
0 0.278597 7 
0 0.286426 7 
0 0.289316 7 
0 0.295323 7 
0 0.308405 7 
0 0.311466 7 
0 0.31296 7 
0 0.317767 7 
0 0.325229 7 
0 0.372786 7 
0 0.384526 7 
0 0.390392 7 
0 0.391515 7 
0 0.413731 7 
0 0.42213 7 
0 0.44932 7 
0 0.457733 7 
0 0.523205 7 
0 0.527742 7 
0 0.528521 7 
0 0.530092 7 
0 0.610222 7 
0 0.613584 7 
0 0.616868 7 
0 0.656478 7 
0 0.679903 7 
0 0.737769 7 
0 0.833717 7 
0 0.878462 7 
0 0.884529 7 
0 0.894883 7 
0 0.895284 7 
0 0.895733 7 
0 1.08376 7 
0 1.17178 7 
0 1.20266 7 
0 1.22917 7 
0 1.41988 7 
0 1.42441 7 
0 1.42738 7 
0 1.45069 7 
0 1.45081 7 
0 1.45094 7 
0 1.47547 7 
0 1.50071 7 
0 1.54223 7 
0 1.78856 7 
0 1.79346 7 
0 1.80232 7 
0 1.96441 7 
0 1.96803 7 
0 1.98581 7 
0 2.00713 7 
0 2.06398 7 
0 2.1135 7 
0 2.266 7 
0 inf 7 
0 0.0421121 8 
0 0.0433966 8 
0 0.0505921 8 
0 0.0514896 8 
0 0.0560789 8 
0 0.0601692 8 
0 0.0609214 8 
0 0.0613679 8 
0 0.0621063 8 
0 0.0621104 8 
0 0.0647097 8 
0 0.0658288 8 
0 0.065962 8 
0 0.0705152 8 
0 0.0709117 8 
0 0.0714214 8 
0 0.0752848 8 
0 0.0763696 8 
0 0.0781431 8 
0 0.0818015 8 
0 0.0832415 8 
0 0.0844402 8 
0 0.0852016 8 
0 0.0866868 8 
0 0.0878346 8 
0 0.0885626 8 
0 0.089592 8 
0 0.098626 8 
0 0.0992641 8 
0 0.0993582 8 
0 0.103679 8 
0 0.107234 8 
0 0.108595 8 
0 0.113214 8 
0 0.145944 8 
0 0.149981 8 
0 0.177125 8 
0 0.213965 8 
0 0.215876 8 
0 0.217013 8 
0 0.217941 8 
0 0.231219 8 
0 0.257515 8 
0 0.26048 8 
0 0.26442 8 
0 0.267721 8 
0 0.268164 8 
0 0.290005 8 
0 0.291985 8 
0 0.29392 8 
0 0.313421 8 
0 0.318386 8 
0 0.323173 8 
0 0.327135 8 
0 0.371195 8 
0 0.378003 8 
0 0.382166 8 
0 0.387086 8 
0 0.412494 8 
0 0.415095 8 
0 0.417254 8 
0 0.441772 8 
0 0.454782 8 
0 0.455891 8 
0 0.457375 8 
0 0.517849 8 
0 0.525489 8 
0 0.553279 8 
0 0.558525 8 
0 0.586411 8 
0 0.586489 8 
0 0.614942 8 
0 0.639719 8 
0 0.655184 8 
0 0.670548 8 
0 0.694183 8 
0 0.709962 8 
0 0.795698 8 
0 0.846199 8 
0 0.98209 8 
0 1.00283 8 
0 1.01889 8 
0 1.03346 8 
0 1.07689 8 
0 1.23597 8 
0 1.40217 8 
0 1.40342 8 
0 1.41832 8 
0 1.43831 8 
0 1.44162 8 
0 1.45145 8 
0 1.45153 8 
0 1.4541 8 
0 1.46374 8 
0 1.46401 8 
0 1.46579 8 
0 1.61979 8 
0 1.78632 8 
0 1.78922 8 
0 1.81393 8 
0 1.84594 8 
0 1.84902 8 
0 1.86252 8 
0 inf 8 
0 0.0462468 9 
0 0.0568856 9 
0 0.0584739 9 
0 0.0652667 9 
0 0.0654039 9 
0 0.0672005 9 
0 0.0685392 9 
0 0.0693409 9 
0 0.07 9 
0 0.0716762 9 
0 0.0743068 9 
0 0.0795376 9 
0 0.0801063 9 
0 0.0801116 9 
0 0.0805629 9 
0 0.0806763 9 
0 0.0807908 9 
0 0.0826943 9 
0 0.0844461 9 
0 0.085196 9 
0 0.085624 9 
0 0.0893846 9 
0 0.0942665 9 
0 0.0955118 9 
0 0.0988989 9 
0 0.101189 9 
0 0.110099 9 
0 0.112402 9 
0 0.131157 9 
0 0.134016 9 
0 0.14575 9 
0 0.162711 9 
0 0.183909 9 
0 0.198644 9 
0 0.212206 9 
0 0.221977 9 
0 0.226583 9 
0 0.246158 9 
0 0.250393 9 
0 0.269185 9 
0 0.26983 9 
0 0.27675 9 
0 0.278593 9 
0 0.281535 9 
0 0.285406 9 
0 0.300051 9 
0 0.305486 9 
0 0.314354 9 
0 0.333254 9 
0 0.342913 9 
0 0.347547 9 
0 0.380773 9 
0 0.383551 9 
0 0.384504 9 
0 0.423595 9 
0 0.426607 9 
0 0.441977 9 
0 0.445829 9 
0 0.452914 9 
0 0.503377 9 
0 0.52237 9 
0 0.525424 9 
0 0.529561 9 
0 0.564795 9 
0 0.56633 9 
0 0.617797 9 
0 0.672329 9 
0 0.686397 9 
0 0.710132 9 
0 0.758756 9 
0 0.847504 9 
0 0.856942 9 
0 0.919169 9 
0 0.920951 9 
0 0.924986 9 
0 0.942531 9 
0 0.969861 9 
0 0.970191 9 
0 1.09976 9 
0 1.12735 9 
0 1.36724 9 
0 1.39155 9 
0 1.39158 9 
0 1.4217 9 
0 1.43952 9 
0 1.45264 9 
0 1.45289 9 
0 1.454 9 
0 1.45402 9 
0 1.46729 9 
0 1.55443 9 
0 1.5548 9 
0 1.61364 9 
0 1.62312 9 
0 1.78422 9 
0 1.78881 9 
0 1.90759 9 
0 2.09336 9 
0 2.09338 9 
0 inf 9 
0 0.0500466 10 
0 0.051663 10 
0 0.0573666 10 
0 0.0621108 10 
0 0.0631267 10 
0 0.0672066 10 
0 0.0674762 10 
0 0.068805 10 
0 0.0739366 10 
0 0.0796564 10 
0 0.0841159 10 
0 0.0860435 10 
0 0.0866867 10 
0 0.0886682 10 
0 0.0911047 10 
0 0.0923001 10 
0 0.0926912 10 
0 0.0927969 10 
0 0.100729 10 
0 0.118962 10 
0 0.127563 10 
0 0.143799 10 
0 0.144058 10 
0 0.151784 10 
0 0.181916 10 
0 0.190134 10 
0 0.190315 10 
0 0.193317 10 
0 0.199014 10 
0 0.209866 10 
0 0.214102 10 
0 0.227309 10 
0 0.237381 10 
0 0.272013 10 
0 0.276586 10 
0 0.279679 10 
0 0.297174 10 
0 0.312907 10 
0 0.314819 10 
0 0.321904 10 
0 0.322669 10 
0 0.341157 10 
0 0.34308 10 
0 0.34332 10 
0 0.343539 10 
0 0.345944 10 
0 0.376191 10 
0 0.379964 10 
0 0.384861 10 
0 0.385549 10 
0 0.407398 10 
0 0.408138 10 
0 0.421875 10 
0 0.423173 10 
0 0.452531 10 
0 0.458429 10 
0 0.459475 10 
0 0.494518 10 
0 0.496732 10 
0 0.542036 10 
0 0.559445 10 
0 0.561484 10 
0 0.633665 10 
0 0.656085 10 
0 0.6721 10 
0 0.815542 10 
0 0.815777 10 
0 0.829277 10 
0 0.839631 10 
0 0.864266 10 
0 0.864298 10 
0 0.867349 10 
0 0.890352 10 
0 1.01556 10 
0 1.24821 10 
0 1.38248 10 
0 1.38934 10 
0 1.39194 10 
0 1.39312 10 
0 1.40493 10 
0 1.40496 10 
0 1.4062 10 
0 1.43134 10 
0 1.46167 10 
0 1.46311 10 
0 1.49654 10 
0 1.49817 10 
0 1.49817 10 
0 1.60106 10 
0 1.60179 10 
0 1.78186 10 
0 1.78531 10 
0 1.97577 10 
0 2.05217 10 
0 2.05219 10 
0 inf 10 
0 0.0539104 11 
0 0.0550911 11 
0 0.0562443 11 
0 0.0670639 11 
0 0.0701385 11 
0 0.0801072 11 
0 0.096661 11 
0 0.0970311 11 
0 0.111005 11 
0 0.119271 11 
0 0.12756 11 
0 0.130679 11 
0 0.133308 11 
0 0.133859 11 
0 0.135305 11 
0 0.167958 11 
0 0.168467 11 
0 0.174313 11 
0 0.179693 11 
0 0.19878 11 
0 0.201702 11 
0 0.203499 11 
0 0.212508 11 
0 0.213154 11 
0 0.213497 11 
0 0.215933 11 
0 0.221193 11 
0 0.263593 11 
0 0.2742 11 
0 0.278261 11 
0 0.287731 11 
0 0.291876 11 
0 0.302167 11 
0 0.313276 11 
0 0.324653 11 
0 0.330407 11 
0 0.331816 11 
0 0.33899 11 
0 0.339813 11 
0 0.339975 11 
0 0.362582 11 
0 0.363413 11 
0 0.372562 11 
0 0.373641 11 
0 0.413504 11 
0 0.420605 11 
0 0.430365 11 
0 0.43045 11 
0 0.435549 11 
0 0.440608 11 
0 0.453599 11 
0 0.467572 11 
0 0.493945 11 
0 0.497432 11 
0 0.547298 11 
0 0.550446 11 
0 0.551773 11 
0 0.559772 11 
0 0.576469 11 
0 0.578974 11 
0 0.61665 11 
0 0.62092 11 
0 0.626925 11 
0 0.663869 11 
0 0.695869 11 
0 0.86349 11 
0 0.871242 11 
0 0.871368 11 
0 0.872343 11 
0 0.884153 11 
0 0.886477 11 
0 0.992298 11 
0 1.02868 11 
0 1.09365 11 
0 1.11879 11 
0 1.2641 11 
0 1.38903 11 
0 1.38968 11 
0 1.39884 11 
0 1.39987 11 
0 1.40021 11 
0 1.45037 11 
0 1.45054 11 
0 1.46463 11 
0 1.46463 11 
0 1.46466 11 
0 1.77347 11 
0 1.78097 11 
0 1.88183 11 
0 1.88187 11 
0 1.8822 11 
0 inf 11 
0 0.07802 12 
0 0.0823607 12 
0 0.113769 12 
0 0.11888 12 
0 0.1442 12 
0 0.151904 12 
0 0.152391 12 
0 0.160783 12 
0 0.164944 12 
0 0.174526 12 
0 0.178458 12 
0 0.188038 12 
0 0.191711 12 
0 0.194033 12 
0 0.196924 12 
0 0.21117 12 
0 0.222883 12 
0 0.223251 12 
0 0.22743 12 
0 0.261493 12 
0 0.262922 12 
0 0.28323 12 
0 0.283713 12 
0 0.289182 12 
0 0.296178 12 
0 0.302501 12 
0 0.31348 12 
0 0.316484 12 
0 0.316678 12 
0 0.319313 12 
0 0.319523 12 
0 0.321288 12 
0 0.32917 12 
0 0.333121 12 
0 0.334216 12 
0 0.334492 12 
0 0.334492 12 
0 0.341693 12 
0 0.361655 12 
0 0.365878 12 
0 0.370541 12 
0 0.373467 12 
0 0.374663 12 
0 0.374664 12 
0 0.375839 12 
0 0.378787 12 
0 0.388983 12 
0 0.396617 12 
0 0.396733 12 
0 0.400402 12 
0 0.460901 12 
0 0.491924 12 
0 0.544156 12 
0 0.555267 12 
0 0.556533 12 
0 0.584915 12 
0 0.605395 12 
0 0.637279 12 
0 0.640385 12 
0 0.644167 12 
0 0.658137 12 
0 0.66418 12 
0 0.666269 12 
0 0.709345 12 
0 0.776618 12 
0 0.794978 12 
0 0.796356 12 
0 0.830079 12 
0 0.832824 12 
0 1.22962 12 
0 1.24602 12 
0 1.38577 12 
0 1.38589 12 
0 1.39307 12 
0 1.42246 12 
0 1.42248 12 
0 1.42277 12 
0 1.45136 12 
0 1.45333 12 
0 1.45365 12 
0 1.45384 12 
0 1.4545 12 
0 1.77787 12 
0 1.77886 12 
0 1.78442 12 
0 1.79147 12 
0 1.79147 12 
0 inf 12 
0 0.0742996 13 
0 0.122587 13 
0 0.128067 13 
0 0.160273 13 
0 0.165069 13 
0 0.166984 13 
0 0.188975 13 
0 0.197213 13 
0 0.199044 13 
0 0.199058 13 
0 0.201922 13 
0 0.210914 13 
0 0.217358 13 
0 0.222348 13 
0 0.226495 13 
0 0.26037 13 
0 0.263515 13 
0 0.263974 13 
0 0.274542 13 
0 0.274975 13 
0 0.280789 13 
0 0.283083 13 
0 0.285366 13 
0 0.285855 13 
0 0.286611 13 
0 0.288363 13 
0 0.289343 13 
0 0.290045 13 
0 0.302231 13 
0 0.303447 13 
0 0.313774 13 
0 0.313774 13 
0 0.31602 13 
0 0.320149 13 
0 0.320448 13 
0 0.322581 13 
0 0.326314 13 
0 0.327824 13 
0 0.333627 13 
0 0.366175 13 
0 0.367797 13 
0 0.376448 13 
0 0.38137 13 
0 0.381441 13 
0 0.386016 13 
0 0.386615 13 
0 0.389038 13 
0 0.38909 13 
0 0.467532 13 
0 0.584508 13 
0 0.584742 13 
0 0.585632 13 
0 0.597173 13 
0 0.633846 13 
0 0.677709 13 
0 0.713512 13 
0 0.774143 13 
0 0.853866 13 
0 0.885349 13 
0 0.926127 13 
0 0.926669 13 
0 0.926926 13 
0 0.939258 13 
0 0.952863 13 
0 1.08038 13 
0 1.38711 13 
0 1.39224 13 
0 1.45079 13 
0 1.45221 13 
0 1.46179 13 
0 1.46206 13 
0 1.46282 13 
0 1.48718 13 
0 1.4872 13 
0 1.48772 13 
0 1.60103 13 
0 1.6037 13 
0 1.60481 13 
0 1.77275 13 
0 1.7827 13 
0 2.05324 13 
0 2.05329 13 
0 2.05466 13 
0 inf 13 
0 0.0670659 14 
0 0.0674727 14 
0 0.0938687 14 
0 0.122892 14 
0 0.140979 14 
0 0.14651 14 
0 0.157858 14 
0 0.202606 14 
0 0.212982 14 
0 0.218073 14 
0 0.218205 14 
0 0.220038 14 
0 0.221529 14 
0 0.23271 14 
0 0.252478 14 
0 0.264512 14 
0 0.266825 14 
0 0.270195 14 
0 0.277425 14 
0 0.28057 14 
0 0.28169 14 
0 0.283681 14 
0 0.285895 14 
0 0.287662 14 
0 0.293209 14 
0 0.294198 14 
0 0.301288 14 
0 0.303377 14 
0 0.304429 14 
0 0.304819 14 
0 0.304849 14 
0 0.322977 14 
0 0.32309 14 
0 0.323317 14 
0 0.326917 14 
0 0.335309 14 
0 0.335339 14 
0 0.336629 14 
0 0.342444 14 
0 0.3434 14 
0 0.344281 14 
0 0.345103 14 
0 0.350122 14 
0 0.41415 14 
0 0.457593 14 
0 0.620575 14 
0 0.720677 14 
0 0.759986 14 
0 0.766068 14 
0 0.7925 14 
0 0.821936 14 
0 0.825931 14 
0 0.86098 14 
0 0.892429 14 
0 0.893289 14 
0 0.893471 14 
0 0.900393 14 
0 0.980152 14 
0 1.00965 14 
0 1.01304 14 
0 1.01371 14 
0 1.38647 14 
0 1.40012 14 
0 1.41371 14 
0 1.41412 14 
0 1.41469 14 
0 1.45045 14 
0 1.4509 14 
0 1.51799 14 
0 1.51867 14 
0 1.51915 14 
0 1.58406 14 
0 1.58501 14 
0 1.58515 14 
0 1.78471 14 
0 2.02763 14 
0 2.0543 14 
0 2.05431 14 
0 2.05455 14 
0 inf 14 
0 0.0325629 15 
0 0.0560731 15 
0 0.0887744 15 
0 0.0976858 15 
0 0.140654 15 
0 0.140719 15 
0 0.140979 15 
0 0.141303 15 
0 0.154999 15 
0 0.189072 15 
0 0.189671 15 
0 0.198861 15 
0 0.212552 15 
0 0.212723 15 
0 0.213154 15 
0 0.213282 15 
0 0.216892 15 
0 0.220482 15 
0 0.223576 15 
0 0.226331 15 
0 0.23081 15 
0 0.232546 15 
0 0.260553 15 
0 0.266173 15 
0 0.273953 15 
0 0.279199 15 
0 0.279199 15 
0 0.281301 15 
0 0.282487 15 
0 0.285622 15 
0 0.306888 15 
0 0.318543 15 
0 0.358166 15 
0 0.358395 15 
0 0.37018 15 
0 0.372065 15 
0 0.372065 15 
0 0.372249 15 
0 0.372249 15 
0 0.372446 15 
0 0.372728 15 
0 0.37368 15 
0 0.37784 15 
0 0.437494 15 
0 0.457613 15 
0 0.524491 15 
0 0.588364 15 
0 0.5888 15 
0 0.589296 15 
0 0.756721 15 
0 0.826806 15 
0 0.827767 15 
0 0.829488 15 
0 0.840976 15 
0 0.876177 15 
0 0.876219 15 
0 0.876375 15 
0 0.876386 15 
0 1.03137 15 
0 1.26663 15 
0 1.40109 15 
0 1.40212 15 
0 1.40229 15 
0 1.40297 15 
0 1.45688 15 
0 1.46919 15 
0 1.47009 15 
0 1.47059 15 
0 1.58995 15 
0 1.60008 15 
0 1.60029 15 
0 1.8072 15 
0 1.92949 15 
0 1.92978 15 
0 1.92997 15 
0 inf 15 
0 0.0464423 16 
0 0.0684169 16 
0 0.081798 16 
0 0.0845459 16 
0 0.0847613 16 
0 0.0869968 16 
0 0.124665 16 
0 0.1419 16 
0 0.149491 16 
0 0.161022 16 
0 0.167868 16 
0 0.169008 16 
0 0.169854 16 
0 0.190076 16 
0 0.195388 16 
0 0.197316 16 
0 0.216516 16 
0 0.21719 16 
0 0.218448 16 
0 0.221029 16 
0 0.226253 16 
0 0.226906 16 
0 0.312419 16 
0 0.313325 16 
0 0.313354 16 
0 0.31347 16 
0 0.324457 16 
0 0.337453 16 
0 0.349127 16 
0 0.350832 16 
0 0.391638 16 
0 0.392496 16 
0 0.412975 16 
0 0.413469 16 
0 0.415058 16 
0 0.415322 16 
0 0.415938 16 
0 0.47135 16 
0 0.477928 16 
0 0.478177 16 
0 0.48018 16 
0 0.494727 16 
0 0.524469 16 
0 0.526052 16 
0 0.538717 16 
0 0.731027 16 
0 0.843158 16 
0 0.858798 16 
0 0.891762 16 
0 0.89207 16 
0 0.893759 16 
0 0.89379 16 
0 0.942936 16 
0 0.970617 16 
0 1.04915 16 
0 1.06665 16 
0 1.06932 16 
0 1.11162 16 
0 1.40075 16 
0 1.40077 16 
0 1.40087 16 
0 1.40128 16 
0 1.46386 16 
0 1.46469 16 
0 1.46521 16 
0 1.46544 16 
0 1.66198 16 
0 1.84652 16 
0 1.85974 16 
0 1.86276 16 
0 1.86279 16 
0 inf 16 
0 0.0678696 17 
0 0.0720508 17 
0 0.0873128 17 
0 0.147074 17 
0 0.148743 17 
0 0.149479 17 
0 0.152939 17 
0 0.153952 17 
0 0.154366 17 
0 0.158723 17 
0 0.173378 17 
0 0.195678 17 
0 0.208041 17 
0 0.261669 17 
0 0.263653 17 
0 0.268804 17 
0 0.27033 17 
0 0.275031 17 
0 0.275701 17 
0 0.277414 17 
0 0.277809 17 
0 0.32506 17 
0 0.329667 17 
0 0.345271 17 
0 0.345667 17 
0 0.377553 17 
0 0.380615 17 
0 0.380639 17 
0 0.381023 17 
0 0.453603 17 
0 0.470255 17 
0 0.487284 17 
0 0.487285 17 
0 0.498873 17 
0 0.499025 17 
0 0.499587 17 
0 0.499587 17 
0 0.5012 17 
0 0.502658 17 
0 0.528593 17 
0 0.52932 17 
0 0.531439 17 
0 0.653819 17 
0 0.718218 17 
0 0.752225 17 
0 0.842367 17 
0 0.909339 17 
0 0.909861 17 
0 0.910223 17 
0 0.911411 17 
0 0.911868 17 
0 0.988039 17 
0 1.03889 17 
0 1.13951 17 
0 1.41105 17 
0 1.41203 17 
0 1.41221 17 
0 1.41239 17 
0 1.46287 17 
0 1.46462 17 
0 1.46462 17 
0 1.46462 17 
0 1.59144 17 
0 1.87091 17 
0 1.87366 17 
0 1.87471 17 
0 1.87484 17 
0 inf 17 
0 0.0977805 18 
0 0.100273 18 
0 0.10109 18 
0 0.10876 18 
0 0.168795 18 
0 0.172279 18 
0 0.172756 18 
0 0.198874 18 
0 0.199974 18 
0 0.200202 18 
0 0.214222 18 
0 0.214223 18 
0 0.22177 18 
0 0.221976 18 
0 0.302859 18 
0 0.307889 18 
0 0.308364 18 
0 0.308986 18 
0 0.313516 18 
0 0.32455 18 
0 0.327302 18 
0 0.328306 18 
0 0.328947 18 
0 0.33228 18 
0 0.332692 18 
0 0.332973 18 
0 0.333082 18 
0 0.336605 18 
0 0.350573 18 
0 0.362418 18 
0 0.45563 18 
0 0.456512 18 
0 0.456913 18 
0 0.487435 18 
0 0.500737 18 
0 0.500974 18 
0 0.501922 18 
0 0.509348 18 
0 0.522663 18 
0 0.525158 18 
0 0.577299 18 
0 0.860314 18 
0 0.870654 18 
0 0.871546 18 
0 0.896134 18 
0 0.897357 18 
0 0.899393 18 
0 0.905844 18 
0 1.03215 18 
0 1.32711 18 
0 1.42164 18 
0 1.42164 18 
0 1.42288 18 
0 1.42332 18 
0 1.46541 18 
0 1.46726 18 
0 1.46743 18 
0 1.46827 18 
0 1.5342 18 
0 1.8939 18 
0 1.90341 18 
0 1.90342 18 
0 1.90349 18 
0 inf 18 
0 0.163879 19 
0 0.163935 19 
0 0.170443 19 
0 0.196972 19 
0 0.199138 19 
0 0.199187 19 
0 0.199367 19 
0 0.200339 19 
0 0.200419 19 
0 0.200468 19 
0 0.204807 19 
0 0.207643 19 
0 0.217322 19 
0 0.218955 19 
0 0.219248 19 
0 0.240435 19 
0 0.249541 19 
0 0.254079 19 
0 0.265616 19 
0 0.266715 19 
0 0.304581 19 
0 0.304851 19 
0 0.305809 19 
0 0.315428 19 
0 0.318887 19 
0 0.318915 19 
0 0.330277 19 
0 0.331383 19 
0 0.335222 19 
0 0.3874 19 
0 0.450262 19 
0 0.450262 19 
0 0.450668 19 
0 0.520675 19 
0 0.525576 19 
0 0.527156 19 
0 0.579996 19 
0 0.583453 19 
0 0.5835 19 
0 0.819596 19 
0 0.830575 19 
0 0.832686 19 
0 0.876783 19 
0 0.877116 19 
0 0.87745 19 
0 1.38944 19 
0 1.40221 19 
0 1.41245 19 
0 1.41318 19 
0 1.41319 19 
0 1.41323 19 
0 1.47385 19 
0 1.47522 19 
0 1.47745 19 
0 1.58024 19 
0 1.95775 19 
0 1.96452 19 
0 1.96518 19 
0 2.05355 19 
0 inf 19 
0 0.0654098 20 
0 0.0665184 20 
0 0.0707778 20 
0 0.120864 20 
0 0.124662 20 
0 0.127919 20 
0 0.170553 20 
0 0.175622 20 
0 0.176094 20 
0 0.176354 20 
0 0.188869 20 
0 0.211212 20 
0 0.213151 20 
0 0.216555 20 
0 0.221433 20 
0 0.224711 20 
0 0.230059 20 
0 0.2501 20 
0 0.254304 20 
0 0.255273 20 
0 0.269853 20 
0 0.272918 20 
0 0.273153 20 
0 0.27543 20 
0 0.280691 20 
0 0.292179 20 
0 0.315167 20 
0 0.317969 20 
0 0.318973 20 
0 0.328279 20 
0 0.329973 20 
0 0.330056 20 
0 0.451741 20 
0 0.452288 20 
0 0.452288 20 
0 0.508762 20 
0 0.526687 20 
0 0.526826 20 
0 0.527103 20 
0 0.649024 20 
0 0.649475 20 
0 0.864953 20 
0 0.865999 20 
0 0.886311 20 
0 0.888906 20 
0 0.89636 20 
0 1.28756 20 
0 1.40366 20 
0 1.40457 20 
0 1.49513 20 
0 1.49559 20 
0 1.58949 20 
0 1.97286 20 
0 1.97288 20 
0 3.72644 20 
0 inf 20 
