6.67108 9.47373 1 
0.562473 1.52081 1 
0.281342 0.299561 1 
0.2784 0.349434 1 
0.275702 0.283031 1 
0.27308 0.282393 1 
0.222639 0.231763 1 
0.178263 0.179482 1 
0.169366 0.174384 1 
0.164737 0.187558 1 
0.163334 0.190007 1 
0.14872 0.163483 1 
0.14584 0.147505 1 
0.136532 0.170581 1 
0.13606 0.143343 1 
0.126659 0.146546 1 
0.0919 0.14628 1 
0.0669361 0.0714029 1 
0.0657717 0.0728311 1 
0.0653806 0.0659762 1 
0.0645892 0.0723018 1 
0.0615221 0.0712213 1 
0.0613137 0.0714029 1 
0.0609025 0.0883294 1 
0.0602577 0.0623525 1 
0.0522435 0.0571777 1 
0.0517509 0.0524916 1 
0.0512486 0.0686447 1 
0.0465095 0.0524901 1 
0.0412243 0.0507441 1 
0.0396323 0.0478713 1 
7.11214 7.13775 2 
7.11118 7.25362 2 
5.73205 7.26418 2 
0.459507 2.08657 2 
0.370112 0.381185 2 
0.317098 0.322295 2 
0.299435 0.3037 2 
0.289594 0.3037 2 
0.270236 0.305477 2 
0.269425 0.297015 2 
0.266638 0.333871 2 
0.258699 0.308912 2 
0.2585 0.320408 2 
0.251017 0.2526 2 
0.250094 0.29053 2 
0.222927 0.243573 2 
0.20799 0.219023 2 
0.179123 0.206932 2 
0.177165 0.198613 2 
0.172678 0.258245 2 
0.100979 0.10212 2 
0.0942547 0.0990511 2 
0.0907734 0.0914797 2 
0.0627642 0.115932 2 
0.0529785 0.0544167 2 
0.0507441 0.0519967 2 
0.469743 2.13358 3 
0.355246 0.406998 3 
0.317785 0.319967 3 
0.310412 0.316732 3 
0.285704 0.293747 3 
0.269039 0.300332 3 
0.26832 0.290842 3 
0.267504 0.306909 3 
0.259839 0.291496 3 
0.256141 0.314695 3 
0.254025 0.259589 3 
0.249212 0.332869 3 
0.203167 0.250759 3 
0.176218 0.194889 3 
0.135691 0.14344 3 
0.135689 0.145226 3 
0.078283 0.0878907 3 
0.0756059 0.0862638 3 
0.0747498 0.0844541 3 
0.0682675 0.0704933 3 
0.0671279 0.0671328 3 
0.0514998 0.054653 3 
0.981928 0.989397 4 
0.964945 1.84672 4 
0.292206 0.327562 4 
0.27261 0.301194 4 
0.268319 0.330223 4 
0.258593 0.273592 4 
0.257802 0.283528 4 
0.250195 0.266108 4 
0.245784 0.314693 4 
0.226766 0.28194 4 
0.218787 0.226652 4 
0.0555877 0.0574151 4 
0.0534624 0.0571905 4 
2.85852 3.69517 5 
2.8555 3.69422 5 
2.85388 3.68132 5 
2.85307 3.68221 5 
1.68004 1.68116 5 
1.67687 1.69701 5 
1.63023 1.68723 5 
1.30799 1.7114 5 
0.278075 0.331473 5 
0.268511 0.313053 5 
0.253214 0.337023 5 
0.24113 0.307404 5 
0.191958 0.212094 5 
0.153658 0.163091 5 
0.0762839 0.0762881 5 
0.0669367 0.0678921 5 
0.0421556 0.0442359 5 
3.25628 3.37855 6 
3.22969 3.23745 6 
3.14418 3.24646 6 
3.08326 3.2547 6 
1.67904 1.70771 6 
1.50345 1.53059 6 
1.48588 1.52759 6 
1.47368 1.65001 6 
1.46689 1.53901 6 
0.33275 0.336252 6 
0.322694 0.322972 6 
0.278586 0.33679 6 
0.265668 0.332399 6 
0.241823 0.261759 6 
0.2392 0.262887 6 
0.234964 0.240481 6 
0.159667 0.163012 6 
0.0972111 0.102747 6 
0.0583009 0.0604649 6 
1.38639 1.52733 7 
1.33021 1.34523 7 
1.32429 1.37036 7 
1.29652 1.39654 7 
0.282891 0.297704 7 
0.275375 0.334639 7 
0.0560499 0.0562752 7 
1.95611 2.1718 8 
1.83566 1.84316 8 
1.14695 1.18653 8 
0.301911 0.313505 8 
0.29749 0.305727 8 
0.295979 0.328899 8 
0.270279 0.335292 8 
0.12147 0.137008 8 
1.58941 1.79974 9 
1.58775 1.918 9 
1.00421 1.05601 9 
0.302472 0.362625 9 
0.286375 0.293789 9 
0.271372 0.271991 9 
0.257849 0.322693 9 
0.116271 0.116933 9 
1.54206 1.74735 10 
1.54018 1.74729 10 
0.885535 0.913302 10 
0.386787 0.39131 10 
0.255333 0.290218 10 
0.228971 0.230648 10 
0.389935 0.439886 11 
0.311736 0.374979 11 
0.26304 0.271658 11 
0.826706 0.887276 12 
0.824151 0.883094 12 
0.802492 0.889324 12 
0.71309 0.749856 12 
0.415199 0.41844 12 
0.365985 0.37227 12 
0.343769 0.382443 12 
0.300803 0.380041 12 
0.280618 0.341219 12 
0.947932 0.992221 13 
0.40908 0.460729 13 
1.53639 1.69928 14 
1.53633 1.69867 14 
1.53264 1.6192 14 
1.05904 1.07518 14 
0.356002 0.365096 14 
1.5375 1.74098 15 
1.53749 1.74713 15 
1.53557 1.65157 15 
1.5335 1.53822 15 
0.485604 0.49226 15 
1.56958 1.67518 16 
1.56744 1.57655 16 
1.26867 1.30771 16 
1.60046 1.61561 17 
0.29528 0.298186 20 
