0 0.0226715 1 
0 0.0226715 1 
0 0.0241846 1 
0 0.0282415 1 
0 0.0285536 1 
0 0.0297692 1 
0 0.0297692 1 
0 0.0300654 1 
0 0.0300654 1 
0 0.0309371 1 
0 0.0309371 1 
0 0.0309371 1 
0 0.0323376 1 
0 0.0334158 1 
0 0.0342022 1 
0 0.0359621 1 
0 0.0359703 1 
0 0.0359703 1 
0 0.0362065 1 
0 0.0362072 1 
0 0.0362088 1 
0 0.0364597 1 
0 0.0369346 1 
0 0.0376442 1 
0 0.0378854 1 
0 0.03789 1 
0 0.0383488 1 
0 0.0385853 1 
0 0.0385853 1 
0 0.0385853 1 
0 0.0390357 1 
0 0.0392623 1 
0 0.0392683 1 
0 0.0394894 1 
0 0.0397054 1 
0 0.0399301 1 
0 0.0399396 1 
0 0.0401568 1 
0 0.0403809 1 
0 0.0405935 1 
0 0.0410304 1 
0 0.041889 1 
0 0.0421 1 
0 0.0437458 1 
0 0.0439479 1 
0 0.0443488 1 
0 0.044545 1 
0 0.0445469 1 
0 0.0449505 1 
0 0.0453431 1 
0 0.0459205 1 
0 0.0466912 1 
0 0.0470639 1 
0 0.0474391 1 
0 0.0474391 1 
0 0.0506907 1 
0 0.0517278 1 
0 0.0524093 1 
0 0.0542351 1 
0 0.0543975 1 
0 0.0593738 1 
0 0.0596736 1 
0 0.0598318 1 
0 0.0615781 1 
0 0.0645318 1 
0 0.0658873 1 
0 0.0661609 1 
0 0.0665539 1 
0 0.0670844 1 
0 0.0677399 1 
0 0.0691725 1 
0 0.07006 1 
0 0.0706979 1 
0 0.0760058 1 
0 0.0810831 1 
0 0.081843 1 
0 0.082815 1 
0 0.0840865 1 
0 0.0861673 1 
0 0.086375 1 
0 0.094316 1 
0 0.0959962 1 
0 0.0968292 1 
0 0.0971854 1 
0 0.103198 1 
0 0.103198 1 
0 0.104224 1 
0 0.10929 1 
0 0.11311 1 
0 0.113422 1 
0 0.115208 1 
0 0.119659 1 
0 0.13483 1 
0 0.148294 1 
0 0.150609 1 
0 0.152943 1 
0 0.154784 1 
0 0.157285 1 
0 0.181743 1 
0 0.210859 1 
0 0.288656 1 
0 0.31801 1 
0 0.329614 1 
0 0.410974 1 
0 0.505692 1 
0 0.551362 1 
0 0.575647 1 
0 0.616556 1 
0 0.636795 1 
0 0.643851 1 
0 0.68925 1 
0 0.738951 1 
0 0.757165 1 
0 0.784043 1 
0 0.787442 1 
0 0.81265 1 
0 1.01321 1 
0 1.04592 1 
0 1.12 1 
0 1.14577 1 
0 1.14736 1 
0 1.19024 1 
0 1.2107 1 
0 1.97615 1 
0 2.31958 1 
0 2.37625 1 
0 2.5362 1 
0 3.11789 1 
0 3.65227 1 
0 3.76018 1 
0 3.7675 1 
0 inf 1 
0 0.0262914 2 
0 0.0266264 2 
0 0.0300654 2 
0 0.0306493 2 
0 0.0315013 2 
0 0.0317848 2 
0 0.0326118 2 
0 0.0339421 2 
0 0.0339421 2 
0 0.0347165 2 
0 0.0354741 2 
0 0.0354741 2 
0 0.0357207 2 
0 0.035723 2 
0 0.0362158 2 
0 0.0364597 2 
0 0.0371817 2 
0 0.0385831 2 
0 0.0399311 2 
0 0.0403809 2 
0 0.0408123 2 
0 0.0410332 2 
0 0.041034 2 
0 0.0412494 2 
0 0.043339 2 
0 0.0435486 2 
0 0.0437516 2 
0 0.044545 2 
0 0.0447454 2 
0 0.0449505 2 
0 0.04631 2 
0 0.0470601 2 
0 0.0476254 2 
0 0.0479917 2 
0 0.0487272 2 
0 0.0498087 2 
0 0.0506918 2 
0 0.0515577 2 
0 0.0517333 2 
0 0.0525733 2 
0 0.0555283 2 
0 0.0563207 2 
0 0.0577246 2 
0 0.0580237 2 
0 0.0593832 2 
0 0.0595342 2 
0 0.0614313 2 
0 0.0637049 2 
0 0.0639792 2 
0 0.0648121 2 
0 0.065085 2 
0 0.0660257 2 
0 0.0672199 2 
0 0.0689133 2 
0 0.0694246 2 
0 0.0696832 2 
0 0.0703157 2 
0 0.0704449 2 
0 0.0718109 2 
0 0.0725457 2 
0 0.0749491 2 
0 0.0762447 2 
0 0.077727 2 
0 0.0778441 2 
0 0.0793145 2 
0 0.0805288 2 
0 0.0830237 2 
0 0.0970948 2 
0 0.0977313 2 
0 0.0977345 2 
0 0.106326 2 
0 0.107238 2 
0 0.10904 2 
0 0.112086 2 
0 0.1124 2 
0 0.114126 2 
0 0.124025 2 
0 0.128646 2 
0 0.138402 2 
0 0.142944 2 
0 0.144906 2 
0 0.145457 2 
0 0.153872 2 
0 0.155072 2 
0 0.158018 2 
0 0.159353 2 
0 0.17625 2 
0 0.230644 2 
0 0.259364 2 
0 0.264433 2 
0 0.309053 2 
0 0.323812 2 
0 0.373712 2 
0 0.386128 2 
0 0.458907 2 
0 0.498475 2 
0 0.556696 2 
0 0.561386 2 
0 0.592099 2 
0 0.598056 2 
0 0.643157 2 
0 0.65265 2 
0 0.666411 2 
0 0.728005 2 
0 0.765419 2 
0 0.831824 2 
0 0.838873 2 
0 0.892495 2 
0 0.896852 2 
0 0.90338 2 
0 0.917774 2 
0 0.955012 2 
0 0.961709 2 
0 0.9683 2 
0 1.05469 2 
0 1.67392 2 
0 1.69083 2 
0 1.89885 2 
0 1.92148 2 
0 2.14268 2 
0 2.33222 2 
0 2.53909 2 
0 2.5552 2 
0 2.55797 2 
0 3.23284 2 
0 3.39942 2 
0 3.59764 2 
0 inf 2 
0 0.0178615 3 
0 0.0201904 3 
0 0.0214669 3 
0 0.0262902 3 
0 0.0276018 3 
0 0.0291677 3 
0 0.0303587 3 
0 0.0317848 3 
0 0.0320624 3 
0 0.0381232 3 
0 0.0381232 3 
0 0.0399358 3 
0 0.0412412 3 
0 0.0431397 3 
0 0.0433446 3 
0 0.043549 3 
0 0.0439479 3 
0 0.0439479 3 
0 0.0445544 3 
0 0.0447454 3 
0 0.044751 3 
0 0.0449421 3 
0 0.0455318 3 
0 0.0455381 3 
0 0.0455381 3 
0 0.0457323 3 
0 0.0457323 3 
0 0.0461155 3 
0 0.0468806 3 
0 0.0474431 3 
0 0.0485505 3 
0 0.0512116 3 
0 0.052231 3 
0 0.0537364 3 
0 0.055203 3 
0 0.0555292 3 
0 0.0556847 3 
0 0.0569443 3 
0 0.0569498 3 
0 0.0574091 3 
0 0.0586276 3 
0 0.059383 3 
0 0.0625862 3 
0 0.0639782 3 
0 0.0649472 3 
0 0.0666901 3 
0 0.0668197 3 
0 0.0686544 3 
0 0.0731591 3 
0 0.0758869 3 
0 0.07727 3 
0 0.0785328 3 
0 0.0802113 3 
0 0.0809716 3 
0 0.081844 3 
0 0.0851369 3 
0 0.0856427 3 
0 0.088494 3 
0 0.0903838 3 
0 0.092031 3 
0 0.09395 3 
0 0.0943197 3 
0 0.0961806 3 
0 0.100064 3 
0 0.10371 3 
0 0.105245 3 
0 0.111851 3 
0 0.115744 3 
0 0.12251 3 
0 0.128722 3 
0 0.147094 3 
0 0.158292 3 
0 0.160515 3 
0 0.178254 3 
0 0.18407 3 
0 0.213735 3 
0 0.234264 3 
0 0.298613 3 
0 0.317512 3 
0 0.321182 3 
0 0.383895 3 
0 0.450045 3 
0 0.453136 3 
0 0.468104 3 
0 0.479338 3 
0 0.524174 3 
0 0.528299 3 
0 0.562443 3 
0 0.568097 3 
0 0.574701 3 
0 0.575591 3 
0 0.67456 3 
0 0.674885 3 
0 0.736971 3 
0 0.755392 3 
0 0.756056 3 
0 0.761102 3 
0 0.766683 3 
0 0.775048 3 
0 0.784914 3 
0 0.840999 3 
0 0.84551 3 
0 0.862741 3 
0 0.868609 3 
0 0.873517 3 
0 0.883837 3 
0 0.950704 3 
0 1.04941 3 
0 1.38017 3 
0 1.41195 3 
0 1.41397 3 
0 1.41402 3 
0 1.43231 3 
0 1.58706 3 
0 1.69672 3 
0 2.29821 3 
0 2.35214 3 
0 2.47056 3 
0 2.78794 3 
0 2.79116 3 
0 2.79197 3 
0 3.16312 3 
0 3.16318 3 
0 inf 3 
0 0.0192926 4 
0 0.0256084 4 
0 0.0306493 4 
0 0.0309371 4 
0 0.03206 4 
0 0.0342022 4 
0 0.0342022 4 
0 0.0349709 4 
0 0.0349709 4 
0 0.0362158 4 
0 0.0390411 4 
0 0.0390419 4 
0 0.0394826 4 
0 0.0397171 4 
0 0.0401604 4 
0 0.0433411 4 
0 0.0447482 4 
0 0.0459183 4 
0 0.0501612 4 
0 0.054232 4 
0 0.0547215 4 
0 0.0548825 4 
0 0.0571072 4 
0 0.05771 4 
0 0.0590849 4 
0 0.0604175 4 
0 0.061146 4 
0 0.063142 4 
0 0.063142 4 
0 0.0653473 4 
0 0.0656203 4 
0 0.0660232 4 
0 0.0660243 4 
0 0.0662862 4 
0 0.0682634 4 
0 0.0685252 4 
0 0.0696774 4 
0 0.0726689 4 
0 0.0730389 4 
0 0.0736364 4 
0 0.0745939 4 
0 0.0760046 4 
0 0.0763594 4 
0 0.0791985 4 
0 0.07942 4 
0 0.0814135 4 
0 0.0830196 4 
0 0.084196 4 
0 0.0841984 4 
0 0.0852391 4 
0 0.0884999 4 
0 0.0946875 4 
0 0.0960812 4 
0 0.10156 4 
0 0.1019 4 
0 0.10888 4 
0 0.110896 4 
0 0.11779 4 
0 0.118987 4 
0 0.121347 4 
0 0.12502 4 
0 0.125445 4 
0 0.131441 4 
0 0.158066 4 
0 0.237571 4 
0 0.297275 4 
0 0.307508 4 
0 0.341073 4 
0 0.346215 4 
0 0.371429 4 
0 0.381432 4 
0 0.446517 4 
0 0.465662 4 
0 0.478684 4 
0 0.484256 4 
0 0.508258 4 
0 0.569322 4 
0 0.574651 4 
0 0.579212 4 
0 0.584458 4 
0 0.600211 4 
0 0.659002 4 
0 0.67209 4 
0 0.680121 4 
0 0.681215 4 
0 0.685456 4 
0 0.705724 4 
0 0.72314 4 
0 0.724864 4 
0 0.730404 4 
0 0.76558 4 
0 0.781929 4 
0 0.823988 4 
0 0.826483 4 
0 0.832853 4 
0 0.834562 4 
0 0.83544 4 
0 0.837563 4 
0 0.857188 4 
0 1.05315 4 
0 1.06066 4 
0 1.07376 4 
0 1.27157 4 
0 1.2741 4 
0 1.27841 4 
0 1.35973 4 
0 1.36576 4 
0 1.36607 4 
0 1.36617 4 
0 1.58483 4 
0 1.69301 4 
0 1.7758 4 
0 1.80544 4 
0 1.84838 4 
0 2.1641 4 
0 2.16464 4 
0 2.16479 4 
0 2.3421 4 
0 2.40164 4 
0 inf 4 
0 0.010314 5 
0 0.0294694 5 
0 0.0320624 5 
0 0.0349709 5 
0 0.0349717 5 
0 0.0357221 5 
0 0.0383549 5 
0 0.0385853 5 
0 0.039488 5 
0 0.0394933 5 
0 0.0408149 5 
0 0.0441547 5 
0 0.0451472 5 
0 0.0474402 5 
0 0.0520664 5 
0 0.0578691 5 
0 0.0581816 5 
0 0.061587 5 
0 0.064257 5 
0 0.0646752 5 
0 0.0648063 5 
0 0.0649461 5 
0 0.0669571 5 
0 0.0670946 5 
0 0.0680047 5 
0 0.0682589 5 
0 0.0698083 5 
0 0.0703053 5 
0 0.0703125 5 
0 0.0710634 5 
0 0.0710664 5 
0 0.0715684 5 
0 0.0731522 5 
0 0.0737638 5 
0 0.0739886 5 
0 0.0760122 5 
0 0.0766958 5 
0 0.0773908 5 
0 0.0803133 5 
0 0.0804236 5 
0 0.0836656 5 
0 0.0863747 5 
0 0.0864791 5 
0 0.0864817 5 
0 0.0865806 5 
0 0.0865806 5 
0 0.0871975 5 
0 0.088607 5 
0 0.0895949 5 
0 0.0911687 5 
0 0.0930832 5 
0 0.0930832 5 
0 0.101992 5 
0 0.102938 5 
0 0.111531 5 
0 0.163908 5 
0 0.298197 5 
0 0.326728 5 
0 0.375857 5 
0 0.396894 5 
0 0.419722 5 
0 0.447072 5 
0 0.447434 5 
0 0.45378 5 
0 0.454776 5 
0 0.462475 5 
0 0.514209 5 
0 0.559702 5 
0 0.569368 5 
0 0.592417 5 
0 0.59291 5 
0 0.593511 5 
0 0.614074 5 
0 0.616477 5 
0 0.625964 5 
0 0.628718 5 
0 0.629195 5 
0 0.667693 5 
0 0.674493 5 
0 0.675241 5 
0 0.701323 5 
0 0.701682 5 
0 0.722822 5 
0 0.742843 5 
0 0.743867 5 
0 0.750851 5 
0 0.780051 5 
0 0.823633 5 
0 0.826631 5 
0 0.82814 5 
0 0.830224 5 
0 0.90191 5 
0 0.909103 5 
0 0.909171 5 
0 0.909424 5 
0 0.928305 5 
0 1.09593 5 
0 1.0967 5 
0 1.16425 5 
0 1.34476 5 
0 1.35066 5 
0 1.37618 5 
0 1.4443 5 
0 1.44474 5 
0 1.44551 5 
0 1.45022 5 
0 1.60702 5 
0 1.61082 5 
0 1.61135 5 
0 1.61259 5 
0 1.61473 5 
0 1.69776 5 
0 1.78892 5 
0 1.82705 5 
0 1.92936 5 
0 inf 5 
0 0.0331483 6 
0 0.0385853 6 
0 0.0388143 6 
0 0.0408092 6 
0 0.0412474 6 
0 0.042302 6 
0 0.0425165 6 
0 0.0427229 6 
0 0.0431365 6 
0 0.0461153 6 
0 0.0468784 6 
0 0.0474446 6 
0 0.0476291 6 
0 0.0496329 6 
0 0.0501587 6 
0 0.0506929 6 
0 0.0515574 6 
0 0.0524032 6 
0 0.0529081 6 
0 0.0583265 6 
0 0.0584732 6 
0 0.0607156 6 
0 0.0612967 6 
0 0.0634254 6 
0 0.063565 6 
0 0.0648028 6 
0 0.0668189 6 
0 0.0715627 6 
0 0.0729113 6 
0 0.0729122 6 
0 0.0730336 6 
0 0.0750622 6 
0 0.0778549 6 
0 0.0789776 6 
0 0.0818502 6 
0 0.082597 6 
0 0.0839877 6 
0 0.0970051 6 
0 0.107329 6 
0 0.107908 6 
0 0.109123 6 
0 0.110651 6 
0 0.110904 6 
0 0.113031 6 
0 0.114972 6 
0 0.116054 6 
0 0.130365 6 
0 0.132721 6 
0 0.298819 6 
0 0.308162 6 
0 0.321837 6 
0 0.361552 6 
0 0.377476 6 
0 0.43785 6 
0 0.44369 6 
0 0.445851 6 
0 0.446546 6 
0 0.456939 6 
0 0.456939 6 
0 0.465185 6 
0 0.474555 6 
0 0.515303 6 
0 0.547631 6 
0 0.55754 6 
0 0.558064 6 
0 0.560748 6 
0 0.56553 6 
0 0.566721 6 
0 0.568403 6 
0 0.570228 6 
0 0.62784 6 
0 0.644166 6 
0 0.660917 6 
0 0.6816 6 
0 0.681795 6 
0 0.682029 6 
0 0.702694 6 
0 0.706364 6 
0 0.708584 6 
0 0.711429 6 
0 0.712176 6 
0 0.782992 6 
0 0.807427 6 
0 0.809476 6 
0 0.810952 6 
0 0.838464 6 
0 0.892386 6 
0 0.900563 6 
0 0.900908 6 
0 0.902765 6 
0 0.908361 6 
0 0.995312 6 
0 0.999341 6 
0 1.02683 6 
0 1.09092 6 
0 1.09106 6 
0 1.09119 6 
0 1.10448 6 
0 1.11197 6 
0 1.16651 6 
0 1.41747 6 
0 1.42992 6 
0 1.44039 6 
0 1.44169 6 
0 1.49507 6 
0 1.50102 6 
0 1.50782 6 
0 1.51652 6 
0 1.53213 6 
0 1.54321 6 
0 1.63314 6 
0 inf 6 
0 0.0312175 7 
0 0.0320553 7 
0 0.0362146 7 
0 0.0374191 7 
0 0.0399301 7 
0 0.0443548 7 
0 0.0472506 7 
0 0.0472571 7 
0 0.0522425 7 
0 0.0522428 7 
0 0.054724 7 
0 0.0571053 7 
0 0.0575638 7 
0 0.0575638 7 
0 0.0577226 7 
0 0.0580256 7 
0 0.0598302 7 
0 0.0602697 7 
0 0.060413 7 
0 0.0608577 7 
0 0.0615827 7 
0 0.0642551 7 
0 0.0642598 7 
0 0.0666974 7 
0 0.0691763 7 
0 0.0698093 7 
0 0.0705593 7 
0 0.0721865 7 
0 0.0729139 7 
0 0.0757755 7 
0 0.0768165 7 
0 0.0839822 7 
0 0.0972731 7 
0 0.0979088 7 
0 0.0983603 7 
0 0.102339 7 
0 0.108634 7 
0 0.113346 7 
0 0.113976 7 
0 0.122948 7 
0 0.147636 7 
0 0.22365 7 
0 0.306761 7 
0 0.306761 7 
0 0.309505 7 
0 0.313955 7 
0 0.324111 7 
0 0.32975 7 
0 0.339641 7 
0 0.364374 7 
0 0.367726 7 
0 0.385567 7 
0 0.38676 7 
0 0.389773 7 
0 0.431899 7 
0 0.448418 7 
0 0.448723 7 
0 0.450063 7 
0 0.48191 7 
0 0.492728 7 
0 0.492854 7 
0 0.561441 7 
0 0.567013 7 
0 0.593254 7 
0 0.595222 7 
0 0.598058 7 
0 0.62308 7 
0 0.632654 7 
0 0.633752 7 
0 0.636187 7 
0 0.638726 7 
0 0.640449 7 
0 0.669991 7 
0 0.67972 7 
0 0.683464 7 
0 0.69525 7 
0 0.695989 7 
0 0.71392 7 
0 0.748203 7 
0 0.75243 7 
0 0.752819 7 
0 0.763466 7 
0 0.769937 7 
0 0.770064 7 
0 0.821133 7 
0 0.829378 7 
0 0.882673 7 
0 0.897489 7 
0 0.899176 7 
0 0.901105 7 
0 0.916866 7 
0 0.932193 7 
0 0.944697 7 
0 0.999908 7 
0 1.01263 7 
0 1.01389 7 
0 1.28602 7 
0 1.47042 7 
0 1.48375 7 
0 1.48741 7 
0 1.59292 7 
0 1.61408 7 
0 1.61746 7 
0 1.65115 7 
0 1.67045 7 
0 1.72134 7 
0 1.83181 7 
0 inf 7 
0 0.0285533 8 
0 0.0463049 8 
0 0.0474343 8 
0 0.0553614 8 
0 0.0555299 8 
0 0.0558487 8 
0 0.0614429 8 
0 0.0636943 8 
0 0.0641217 8 
0 0.0653467 8 
0 0.06917 8 
0 0.0693051 8 
0 0.0695533 8 
0 0.0705725 8 
0 0.0716914 8 
0 0.0754203 8 
0 0.0758891 8 
0 0.0789769 8 
0 0.0790933 8 
0 0.0795357 8 
0 0.0808578 8 
0 0.0809712 8 
0 0.085755 8 
0 0.0876983 8 
0 0.0904814 8 
0 0.0913566 8 
0 0.0934731 8 
0 0.0989899 8 
0 0.0995243 8 
0 0.0995243 8 
0 0.104901 8 
0 0.110419 8 
0 0.134836 8 
0 0.199782 8 
0 0.217555 8 
0 0.219502 8 
0 0.245911 8 
0 0.255851 8 
0 0.280888 8 
0 0.289586 8 
0 0.293364 8 
0 0.300918 8 
0 0.350161 8 
0 0.362679 8 
0 0.367676 8 
0 0.371834 8 
0 0.374328 8 
0 0.38717 8 
0 0.395703 8 
0 0.444349 8 
0 0.451939 8 
0 0.453817 8 
0 0.454711 8 
0 0.45523 8 
0 0.455231 8 
0 0.459617 8 
0 0.467679 8 
0 0.468531 8 
0 0.476009 8 
0 0.565343 8 
0 0.56887 8 
0 0.569938 8 
0 0.578808 8 
0 0.578808 8 
0 0.619009 8 
0 0.619401 8 
0 0.645717 8 
0 0.650381 8 
0 0.652123 8 
0 0.65386 8 
0 0.692858 8 
0 0.693011 8 
0 0.6955 8 
0 0.708405 8 
0 0.772224 8 
0 0.817077 8 
0 0.820068 8 
0 0.820097 8 
0 0.820716 8 
0 0.821235 8 
0 0.87293 8 
0 0.902107 8 
0 0.902441 8 
0 0.904265 8 
0 0.908049 8 
0 0.99714 8 
0 1.04641 8 
0 1.0467 8 
0 1.0538 8 
0 1.09508 8 
0 1.10709 8 
0 1.14389 8 
0 1.21515 8 
0 1.26098 8 
0 1.44912 8 
0 1.47391 8 
0 1.48332 8 
0 1.48849 8 
0 1.49185 8 
0 1.62193 8 
0 1.68103 8 
0 1.94943 8 
0 2.01794 8 
0 inf 8 
0 0.0349685 9 
0 0.0359678 9 
0 0.0388067 9 
0 0.0527492 9 
0 0.0535814 9 
0 0.0555317 9 
0 0.0609966 9 
0 0.0681347 9 
0 0.0731522 9 
0 0.0773945 9 
0 0.0800905 9 
0 0.080096 9 
0 0.0804256 9 
0 0.0870841 9 
0 0.0878944 9 
0 0.0884086 9 
0 0.0912656 9 
0 0.0979118 9 
0 0.102512 9 
0 0.106577 9 
0 0.107327 9 
0 0.120105 9 
0 0.120325 9 
0 0.134309 9 
0 0.146437 9 
0 0.155414 9 
0 0.196427 9 
0 0.223067 9 
0 0.228807 9 
0 0.229272 9 
0 0.247372 9 
0 0.251027 9 
0 0.276249 9 
0 0.280073 9 
0 0.299145 9 
0 0.306969 9 
0 0.313447 9 
0 0.323867 9 
0 0.325259 9 
0 0.332612 9 
0 0.372446 9 
0 0.374439 9 
0 0.401077 9 
0 0.404268 9 
0 0.434046 9 
0 0.435269 9 
0 0.443071 9 
0 0.466302 9 
0 0.471574 9 
0 0.476062 9 
0 0.485027 9 
0 0.528693 9 
0 0.543973 9 
0 0.5543 9 
0 0.554839 9 
0 0.55652 9 
0 0.557282 9 
0 0.567077 9 
0 0.591046 9 
0 0.604619 9 
0 0.616915 9 
0 0.622054 9 
0 0.661831 9 
0 0.679123 9 
0 0.679945 9 
0 0.696816 9 
0 0.700904 9 
0 0.703321 9 
0 0.703409 9 
0 0.706463 9 
0 0.728246 9 
0 0.762854 9 
0 0.763725 9 
0 0.773081 9 
0 0.775331 9 
0 0.850185 9 
0 0.871346 9 
0 0.873134 9 
0 0.899422 9 
0 0.899895 9 
0 0.903422 9 
0 0.94336 9 
0 0.964718 9 
0 0.970433 9 
0 0.984517 9 
0 1.04697 9 
0 1.04933 9 
0 1.06102 9 
0 1.08627 9 
0 1.11794 9 
0 1.118 9 
0 1.24602 9 
0 1.48315 9 
0 1.48599 9 
0 1.51365 9 
0 1.51433 9 
0 1.51685 9 
0 1.59361 9 
0 1.59428 9 
0 inf 9 
0 0.0418826 10 
0 0.0544033 10 
0 0.0553738 10 
0 0.0563185 10 
0 0.0664201 10 
0 0.0664258 10 
0 0.0706963 10 
0 0.0732733 10 
0 0.080542 10 
0 0.0818497 10 
0 0.082599 10 
0 0.0873942 10 
0 0.090082 10 
0 0.108877 10 
0 0.114742 10 
0 0.115527 10 
0 0.130836 10 
0 0.14564 10 
0 0.15518 10 
0 0.15991 10 
0 0.160736 10 
0 0.164876 10 
0 0.165624 10 
0 0.181519 10 
0 0.21024 10 
0 0.220725 10 
0 0.282848 10 
0 0.288542 10 
0 0.297811 10 
0 0.30413 10 
0 0.324252 10 
0 0.329323 10 
0 0.339679 10 
0 0.350644 10 
0 0.351955 10 
0 0.366763 10 
0 0.368018 10 
0 0.392519 10 
0 0.396561 10 
0 0.406709 10 
0 0.406803 10 
0 0.406956 10 
0 0.433266 10 
0 0.433266 10 
0 0.445544 10 
0 0.453647 10 
0 0.457071 10 
0 0.472731 10 
0 0.475639 10 
0 0.477153 10 
0 0.477498 10 
0 0.484889 10 
0 0.547589 10 
0 0.554221 10 
0 0.565981 10 
0 0.589437 10 
0 0.600578 10 
0 0.61005 10 
0 0.611964 10 
0 0.644043 10 
0 0.644043 10 
0 0.645161 10 
0 0.645546 10 
0 0.693407 10 
0 0.697121 10 
0 0.748841 10 
0 0.750827 10 
0 0.819878 10 
0 0.819878 10 
0 0.823752 10 
0 0.852049 10 
0 0.902058 10 
0 0.902215 10 
0 0.920878 10 
0 0.965481 10 
0 0.98413 10 
0 0.98449 10 
0 1.03136 10 
0 1.04607 10 
0 1.04675 10 
0 1.09009 10 
0 1.12491 10 
0 1.12538 10 
0 1.22728 10 
0 1.22731 10 
0 1.22806 10 
0 1.23056 10 
0 1.24637 10 
0 1.48415 10 
0 1.48472 10 
0 1.56426 10 
0 1.74774 10 
0 1.74802 10 
0 1.87895 10 
0 1.87919 10 
0 inf 10 
0 0.0342022 11 
0 0.0374204 11 
0 0.0474354 11 
0 0.0527483 11 
0 0.0750724 11 
0 0.0896945 11 
0 0.0989924 11 
0 0.103455 11 
0 0.104483 11 
0 0.108063 11 
0 0.11067 11 
0 0.110816 11 
0 0.115741 11 
0 0.131711 11 
0 0.149898 11 
0 0.154265 11 
0 0.154271 11 
0 0.158422 11 
0 0.16116 11 
0 0.176103 11 
0 0.190749 11 
0 0.203688 11 
0 0.212584 11 
0 0.214264 11 
0 0.221723 11 
0 0.247904 11 
0 0.281865 11 
0 0.28533 11 
0 0.324278 11 
0 0.330234 11 
0 0.33801 11 
0 0.350462 11 
0 0.36485 11 
0 0.375169 11 
0 0.377207 11 
0 0.377489 11 
0 0.380329 11 
0 0.38321 11 
0 0.38563 11 
0 0.38872 11 
0 0.398251 11 
0 0.41832 11 
0 0.42974 11 
0 0.440009 11 
0 0.494155 11 
0 0.495283 11 
0 0.513989 11 
0 0.514472 11 
0 0.548889 11 
0 0.549147 11 
0 0.55429 11 
0 0.558827 11 
0 0.565433 11 
0 0.581367 11 
0 0.627642 11 
0 0.627642 11 
0 0.650968 11 
0 0.651621 11 
0 0.655412 11 
0 0.660584 11 
0 0.663194 11 
0 0.717205 11 
0 0.717205 11 
0 0.731977 11 
0 0.862373 11 
0 0.897992 11 
0 0.898308 11 
0 0.938965 11 
0 0.961931 11 
0 1.02069 11 
0 1.05595 11 
0 1.05676 11 
0 1.09442 11 
0 1.09487 11 
0 1.0973 11 
0 1.09736 11 
0 1.10058 11 
0 1.1102 11 
0 1.11149 11 
0 1.18959 11 
0 1.2436 11 
0 1.24375 11 
0 1.47343 11 
0 1.47775 11 
0 1.50827 11 
0 1.51117 11 
0 1.63444 11 
0 1.65942 11 
0 1.65955 11 
0 1.97608 11 
0 1.97628 11 
0 inf 11 
0 0.037179 12 
0 0.0777361 12 
0 0.0806416 12 
0 0.0950622 12 
0 0.0976432 12 
0 0.100871 12 
0 0.102423 12 
0 0.103886 12 
0 0.104306 12 
0 0.124448 12 
0 0.148595 12 
0 0.15055 12 
0 0.151658 12 
0 0.157289 12 
0 0.181892 12 
0 0.182621 12 
0 0.206155 12 
0 0.2165 12 
0 0.226305 12 
0 0.24742 12 
0 0.309231 12 
0 0.309785 12 
0 0.32225 12 
0 0.322497 12 
0 0.327628 12 
0 0.335509 12 
0 0.33551 12 
0 0.344465 12 
0 0.344979 12 
0 0.364229 12 
0 0.365557 12 
0 0.36887 12 
0 0.377193 12 
0 0.378037 12 
0 0.379325 12 
0 0.431387 12 
0 0.432044 12 
0 0.434168 12 
0 0.439946 12 
0 0.448426 12 
0 0.452333 12 
0 0.459049 12 
0 0.520347 12 
0 0.520552 12 
0 0.539566 12 
0 0.552156 12 
0 0.562837 12 
0 0.583813 12 
0 0.583813 12 
0 0.586946 12 
0 0.593042 12 
0 0.593341 12 
0 0.633587 12 
0 0.63667 12 
0 0.636837 12 
0 0.669959 12 
0 0.66996 12 
0 0.732328 12 
0 0.734985 12 
0 0.864414 12 
0 0.876153 12 
0 0.876477 12 
0 0.880524 12 
0 0.90021 12 
0 0.902961 12 
0 0.993945 12 
0 0.996936 12 
0 0.998641 12 
0 1.04407 12 
0 1.04417 12 
0 1.04551 12 
0 1.09837 12 
0 1.09838 12 
0 1.09902 12 
0 1.37228 12 
0 1.43557 12 
0 1.4634 12 
0 1.46629 12 
0 1.48165 12 
0 1.48709 12 
0 1.48943 12 
0 1.51765 12 
0 1.5177 12 
0 1.51945 12 
0 1.62011 12 
0 1.62042 12 
0 1.62046 12 
0 inf 12 
0 0.102157 13 
0 0.102336 13 
0 0.117636 13 
0 0.132692 13 
0 0.140758 13 
0 0.147095 13 
0 0.149964 13 
0 0.156955 13 
0 0.159243 13 
0 0.166319 13 
0 0.171411 13 
0 0.208698 13 
0 0.222497 13 
0 0.248119 13 
0 0.284787 13 
0 0.309234 13 
0 0.324065 13 
0 0.32708 13 
0 0.32708 13 
0 0.330911 13 
0 0.336284 13 
0 0.336811 13 
0 0.348631 13 
0 0.360022 13 
0 0.40727 13 
0 0.407531 13 
0 0.428788 13 
0 0.429365 13 
0 0.430173 13 
0 0.439948 13 
0 0.448351 13 
0 0.458957 13 
0 0.459213 13 
0 0.460518 13 
0 0.47589 13 
0 0.479452 13 
0 0.483426 13 
0 0.485237 13 
0 0.516066 13 
0 0.529344 13 
0 0.549018 13 
0 0.555292 13 
0 0.600009 13 
0 0.60119 13 
0 0.602838 13 
0 0.615738 13 
0 0.641426 13 
0 0.64155 13 
0 0.643411 13 
0 0.657024 13 
0 0.657833 13 
0 0.6675 13 
0 0.668957 13 
0 0.709929 13 
0 0.709929 13 
0 0.712508 13 
0 0.807903 13 
0 0.823619 13 
0 0.824684 13 
0 0.825371 13 
0 0.897361 13 
0 0.897904 13 
0 0.93402 13 
0 0.945532 13 
0 0.966035 13 
0 0.96654 13 
0 0.966567 13 
0 1.04651 13 
0 1.05218 13 
0 1.05396 13 
0 1.054 13 
0 1.05535 13 
0 1.12005 13 
0 1.12084 13 
0 1.12856 13 
0 1.20338 13 
0 1.20432 13 
0 1.20644 13 
0 1.46945 13 
0 1.47854 13 
0 1.58801 13 
0 1.58821 13 
0 1.58961 13 
0 inf 13 
0 0.0648112 14 
0 0.0919383 14 
0 0.101294 14 
0 0.103881 14 
0 0.132665 14 
0 0.136251 14 
0 0.152364 14 
0 0.15858 14 
0 0.184165 14 
0 0.199018 14 
0 0.217517 14 
0 0.240553 14 
0 0.249988 14 
0 0.256957 14 
0 0.258914 14 
0 0.263766 14 
0 0.291475 14 
0 0.301517 14 
0 0.301634 14 
0 0.303129 14 
0 0.308489 14 
0 0.317295 14 
0 0.322743 14 
0 0.328042 14 
0 0.333639 14 
0 0.340282 14 
0 0.345845 14 
0 0.346568 14 
0 0.347052 14 
0 0.35023 14 
0 0.351114 14 
0 0.357808 14 
0 0.369351 14 
0 0.420651 14 
0 0.426802 14 
0 0.433394 14 
0 0.43997 14 
0 0.440534 14 
0 0.445097 14 
0 0.446044 14 
0 0.447553 14 
0 0.447553 14 
0 0.451396 14 
0 0.49119 14 
0 0.49148 14 
0 0.493853 14 
0 0.495858 14 
0 0.542302 14 
0 0.552765 14 
0 0.559003 14 
0 0.560667 14 
0 0.56178 14 
0 0.563441 14 
0 0.574018 14 
0 0.578278 14 
0 0.592701 14 
0 0.593224 14 
0 0.596041 14 
0 0.890365 14 
0 0.890365 14 
0 0.892988 14 
0 0.899501 14 
0 0.901076 14 
0 0.915041 14 
0 0.915419 14 
0 0.922361 14 
0 1.04593 14 
0 1.0491 14 
0 1.21731 14 
0 1.21772 14 
0 1.218 14 
0 1.229 14 
0 1.2304 14 
0 1.23256 14 
0 1.47049 14 
0 1.47395 14 
0 1.53258 14 
0 1.5329 14 
0 1.53342 14 
0 inf 14 
0 0.0449501 15 
0 0.0916518 15 
0 0.0932831 15 
0 0.0986323 15 
0 0.106409 15 
0 0.116881 15 
0 0.134847 15 
0 0.145275 15 
0 0.1454 15 
0 0.153824 15 
0 0.201661 15 
0 0.205123 15 
0 0.219221 15 
0 0.220631 15 
0 0.227471 15 
0 0.244953 15 
0 0.288298 15 
0 0.294718 15 
0 0.295191 15 
0 0.295341 15 
0 0.299007 15 
0 0.299049 15 
0 0.317742 15 
0 0.322512 15 
0 0.323472 15 
0 0.323828 15 
0 0.323845 15 
0 0.324458 15 
0 0.33032 15 
0 0.330668 15 
0 0.362523 15 
0 0.377671 15 
0 0.377678 15 
0 0.380217 15 
0 0.38038 15 
0 0.417353 15 
0 0.418688 15 
0 0.41947 15 
0 0.42004 15 
0 0.453064 15 
0 0.472262 15 
0 0.473293 15 
0 0.474116 15 
0 0.488495 15 
0 0.550533 15 
0 0.563341 15 
0 0.6738 15 
0 0.71481 15 
0 0.716543 15 
0 0.716543 15 
0 0.90013 15 
0 0.913141 15 
0 0.925939 15 
0 0.92701 15 
0 0.964487 15 
0 0.964855 15 
0 0.967056 15 
0 1.04739 15 
0 1.05171 15 
0 1.06949 15 
0 1.07068 15 
0 1.07277 15 
0 1.19219 15 
0 1.19239 15 
0 1.19263 15 
0 1.21385 15 
0 1.22457 15 
0 1.2248 15 
0 1.48076 15 
0 1.72705 15 
0 1.72717 15 
0 1.72734 15 
0 1.77972 15 
0 1.77989 15 
0 1.78025 15 
0 inf 15 
0 0.0515597 16 
0 0.06762 16 
0 0.0872902 16 
0 0.0946009 16 
0 0.102248 16 
0 0.10532 16 
0 0.144062 16 
0 0.228524 16 
0 0.23965 16 
0 0.240322 16 
0 0.240684 16 
0 0.246253 16 
0 0.251993 16 
0 0.288049 16 
0 0.289523 16 
0 0.290835 16 
0 0.290987 16 
0 0.317195 16 
0 0.317278 16 
0 0.320213 16 
0 0.321081 16 
0 0.321951 16 
0 0.322421 16 
0 0.322448 16 
0 0.323802 16 
0 0.331893 16 
0 0.332335 16 
0 0.34608 16 
0 0.347817 16 
0 0.350885 16 
0 0.351366 16 
0 0.356976 16 
0 0.357299 16 
0 0.359898 16 
0 0.360022 16 
0 0.360882 16 
0 0.361569 16 
0 0.428415 16 
0 0.429427 16 
0 0.439422 16 
0 0.439522 16 
0 0.477441 16 
0 0.58241 16 
0 0.591542 16 
0 0.591782 16 
0 0.592022 16 
0 0.863266 16 
0 0.9059 16 
0 0.97001 16 
0 0.995493 16 
0 1.01112 16 
0 1.01425 16 
0 1.01509 16 
0 1.05165 16 
0 1.09212 16 
0 1.09228 16 
0 1.09277 16 
0 1.09638 16 
0 1.14147 16 
0 1.14147 16 
0 1.14272 16 
0 1.34306 16 
0 1.34359 16 
0 1.34567 16 
0 1.48698 16 
0 1.6427 16 
0 1.64286 16 
0 1.64433 16 
0 1.78451 16 
0 1.80031 16 
0 1.80031 16 
0 inf 16 
0 0.076937 17 
0 0.104307 17 
0 0.134177 17 
0 0.134375 17 
0 0.136013 17 
0 0.148422 17 
0 0.175757 17 
0 0.175958 17 
0 0.305139 17 
0 0.305139 17 
0 0.323143 17 
0 0.323188 17 
0 0.324375 17 
0 0.324693 17 
0 0.325981 17 
0 0.327087 17 
0 0.327608 17 
0 0.327869 17 
0 0.328707 17 
0 0.329567 17 
0 0.33272 17 
0 0.342607 17 
0 0.349088 17 
0 0.351391 17 
0 0.35874 17 
0 0.359406 17 
0 0.362058 17 
0 0.366075 17 
0 0.397306 17 
0 0.421178 17 
0 0.421746 17 
0 0.424698 17 
0 0.424761 17 
0 0.441057 17 
0 0.470956 17 
0 0.575799 17 
0 0.576722 17 
0 0.579786 17 
0 0.581084 17 
0 0.699886 17 
0 0.702263 17 
0 0.702918 17 
0 0.873443 17 
0 0.874345 17 
0 0.875641 17 
0 0.901429 17 
0 0.955557 17 
0 0.992014 17 
0 1.00375 17 
0 1.00403 17 
0 1.0042 17 
0 1.06477 17 
0 1.06743 17 
0 1.06792 17 
0 1.06872 17 
0 1.11185 17 
0 1.12013 17 
0 1.12162 17 
0 1.12419 17 
0 1.29632 17 
0 1.47182 17 
0 1.47358 17 
0 1.47435 17 
0 1.50337 17 
0 1.58692 17 
0 1.58717 17 
0 1.58728 17 
0 inf 17 
0 0.0936567 18 
0 0.102267 18 
0 0.103215 18 
0 0.105068 18 
0 0.10574 18 
0 0.106926 18 
0 0.160758 18 
0 0.164625 18 
0 0.171219 18 
0 0.299984 18 
0 0.317987 18 
0 0.318962 18 
0 0.319799 18 
0 0.319799 18 
0 0.323053 18 
0 0.323929 18 
0 0.324011 18 
0 0.343479 18 
0 0.344202 18 
0 0.346127 18 
0 0.346204 18 
0 0.346652 18 
0 0.347545 18 
0 0.364935 18 
0 0.365129 18 
0 0.367451 18 
0 0.425239 18 
0 0.429901 18 
0 0.431033 18 
0 0.485684 18 
0 0.522135 18 
0 0.522746 18 
0 0.523761 18 
0 0.533321 18 
0 0.578531 18 
0 0.613472 18 
0 0.613473 18 
0 0.613502 18 
0 0.613978 18 
0 0.646676 18 
0 0.647785 18 
0 0.648278 18 
0 0.759137 18 
0 0.789683 18 
0 0.800991 18 
0 0.904128 18 
0 0.909405 18 
0 0.909989 18 
0 0.91034 18 
0 1.05861 18 
0 1.05882 18 
0 1.05963 18 
0 1.05974 18 
0 1.07487 18 
0 1.18662 18 
0 1.28531 18 
0 1.29539 18 
0 1.32091 18 
0 1.3358 18 
0 1.51413 18 
0 1.58009 18 
0 1.59156 18 
0 1.59202 18 
0 inf 18 
0 0.095901 19 
0 0.0965622 19 
0 0.104324 19 
0 0.107981 19 
0 0.108324 19 
0 0.109691 19 
0 0.154406 19 
0 0.15781 19 
0 0.160483 19 
0 0.280824 19 
0 0.283243 19 
0 0.286324 19 
0 0.326107 19 
0 0.327627 19 
0 0.327627 19 
0 0.328059 19 
0 0.328786 19 
0 0.331285 19 
0 0.36547 19 
0 0.367861 19 
0 0.368655 19 
0 0.439584 19 
0 0.439685 19 
0 0.441835 19 
0 0.448791 19 
0 0.448791 19 
0 0.448792 19 
0 0.528812 19 
0 0.52913 19 
0 0.534809 19 
0 0.535852 19 
0 0.562867 19 
0 0.564203 19 
0 0.564376 19 
0 0.570875 19 
0 0.575281 19 
0 0.575281 19 
0 0.631413 19 
0 0.631778 19 
0 0.631961 19 
0 0.677816 19 
0 0.687936 19 
0 0.720309 19 
0 0.853212 19 
0 0.862827 19 
0 0.908088 19 
0 0.915814 19 
0 0.916365 19 
0 0.917408 19 
0 1.00635 19 
0 1.08113 19 
0 1.08136 19 
0 1.08155 19 
0 1.24036 19 
0 1.53591 19 
0 1.55366 19 
0 1.5551 19 
0 1.58854 19 
0 2.03058 19 
0 inf 19 
0 0.111455 20 
0 0.114666 20 
0 0.123519 20 
0 0.12942 20 
0 0.145894 20 
0 0.145894 20 
0 0.174098 20 
0 0.176121 20 
0 0.177326 20 
0 0.2945 20 
0 0.2945 20 
0 0.297226 20 
0 0.303001 20 
0 0.306142 20 
0 0.306142 20 
0 0.33112 20 
0 0.33445 20 
0 0.336141 20 
0 0.344313 20 
0 0.345702 20 
0 0.345836 20 
0 0.346169 20 
0 0.346681 20 
0 0.349144 20 
0 0.368751 20 
0 0.369063 20 
0 0.369064 20 
0 0.446199 20 
0 0.44816 20 
0 0.44816 20 
0 0.545205 20 
0 0.566373 20 
0 0.56794 20 
0 0.568014 20 
0 0.568326 20 
0 0.599988 20 
0 0.601182 20 
0 0.61019 20 
0 0.619743 20 
0 0.691719 20 
0 0.691719 20 
0 0.692064 20 
0 0.698556 20 
0 0.698822 20 
0 0.698822 20 
0 0.813359 20 
0 0.814307 20 
0 0.921109 20 
0 0.921195 20 
0 1.02546 20 
0 1.08989 20 
0 1.09077 20 
0 1.09125 20 
0 1.56288 20 
0 1.56343 20 
0 inf 20 
