0 0.0374882 1 
0 0.0374882 1 
0 0.0382982 1 
0 0.0390874 1 
0 0.0406185 1 
0 0.0406226 1 
0 0.0435239 1 
0 0.04691 1 
0 0.0481911 1 
0 0.049443 1 
0 0.0494469 1 
0 0.0506607 1 
0 0.0506609 1 
0 0.0512645 1 
0 0.0530187 1 
0 0.0530206 1 
0 0.0535931 1 
0 0.053596 1 
0 0.0547249 1 
0 0.055278 1 
0 0.056915 1 
0 0.0574433 1 
0 0.057446 1 
0 0.0579758 1 
0 0.0579786 1 
0 0.0579793 1 
0 0.0595401 1 
0 0.0600541 1 
0 0.0605605 1 
0 0.0605631 1 
0 0.0625414 1 
0 0.0625425 1 
0 0.0639877 1 
0 0.0649373 1 
0 0.0649397 1 
0 0.0654075 1 
0 0.065873 1 
0 0.0672562 1 
0 0.0676978 1 
0 0.0686011 1 
0 0.0703649 1 
0 0.0707935 1 
0 0.0707935 1 
0 0.0716497 1 
0 0.0716573 1 
0 0.0724938 1 
0 0.0724995 1 
0 0.0725029 1 
0 0.0737532 1 
0 0.0741665 1 
0 0.0745708 1 
0 0.0757961 1 
0 0.0765986 1 
0 0.0773908 1 
0 0.078175 1 
0 0.0781779 1 
0 0.0781783 1 
0 0.078179 1 
0 0.0804856 1 
0 0.0808685 1 
0 0.0819938 1 
0 0.0870529 1 
0 0.0874064 1 
0 0.0881047 1 
0 0.0881072 1 
0 0.0911706 1 
0 0.0925019 1 
0 0.092832 1 
0 0.0928339 1 
0 0.0934912 1 
0 0.0947858 1 
0 0.0951086 1 
0 0.0957424 1 
0 0.0960684 1 
0 0.097956 1 
0 0.0982768 1 
0 0.100723 1 
0 0.101632 1 
0 0.104006 1 
0 0.113559 1 
0 0.126543 1 
0 0.12822 1 
0 0.131747 1 
0 0.132672 1 
0 0.146261 1 
0 0.146465 1 
0 0.147091 1 
0 0.149767 1 
0 0.153197 1 
0 0.161357 1 
0 0.162468 1 
0 0.166391 1 
0 0.166948 1 
0 0.16749 1 
0 0.170918 1 
0 0.179464 1 
0 0.182006 1 
0 0.212955 1 
0 0.220571 1 
0 0.223318 1 
0 0.235054 1 
0 0.26152 1 
0 0.261866 1 
0 0.273291 1 
0 0.29008 1 
0 0.290106 1 
0 0.298425 1 
0 0.298515 1 
0 0.298717 1 
0 0.300348 1 
0 0.301263 1 
0 0.306582 1 
0 0.351065 1 
0 0.375903 1 
0 0.417552 1 
0 0.419917 1 
0 0.432458 1 
0 0.467286 1 
0 0.535622 1 
0 0.62821 1 
0 1.55568 1 
0 2.41255 1 
0 2.48486 1 
0 2.95887 1 
0 3.11044 1 
0 3.23548 1 
0 4.47502 1 
0 6.74567 1 
0 7.12436 1 
0 7.72677 1 
0 7.74674 1 
0 inf 1 
0 0.0302772 2 
0 0.0340766 2 
0 0.0435239 2 
0 0.0488224 2 
0 0.050666 2 
0 0.0530233 2 
0 0.0535968 2 
0 0.05692 2 
0 0.0579758 2 
0 0.0610595 2 
0 0.0610634 2 
0 0.0625412 2 
0 0.0630295 2 
0 0.0644612 2 
0 0.0654067 2 
0 0.0654069 2 
0 0.0658683 2 
0 0.0658794 2 
0 0.0672481 2 
0 0.0672509 2 
0 0.0672551 2 
0 0.0672551 2 
0 0.0677048 2 
0 0.0681537 2 
0 0.0690463 2 
0 0.0724974 2 
0 0.0733338 2 
0 0.0733379 2 
0 0.0741622 2 
0 0.0757919 2 
0 0.0761993 2 
0 0.0765945 2 
0 0.0777861 2 
0 0.0777864 2 
0 0.0793418 2 
0 0.0797281 2 
0 0.0812399 2 
0 0.0816155 2 
0 0.082366 2 
0 0.0831065 2 
0 0.0838428 2 
0 0.0856403 2 
0 0.0856404 2 
0 0.0859964 2 
0 0.0863506 2 
0 0.086701 2 
0 0.0870529 2 
0 0.0887932 2 
0 0.0904928 2 
0 0.0904954 2 
0 0.0905004 2 
0 0.0911706 2 
0 0.0921651 2 
0 0.0921735 2 
0 0.0931586 2 
0 0.0947795 2 
0 0.0951107 2 
0 0.0970172 2 
0 0.0982687 2 
0 0.0985819 2 
0 0.0991924 2 
0 0.100117 2 
0 0.102232 2 
0 0.109169 2 
0 0.109447 2 
0 0.120354 2 
0 0.125081 2 
0 0.126543 2 
0 0.127981 2 
0 0.133819 2 
0 0.134275 2 
0 0.134957 2 
0 0.137646 2 
0 0.13985 2 
0 0.142019 2 
0 0.151595 2 
0 0.159069 2 
0 0.162302 2 
0 0.17128 2 
0 0.173758 2 
0 0.184345 2 
0 0.206104 2 
0 0.210643 2 
0 0.22335 2 
0 0.227526 2 
0 0.234927 2 
0 0.236993 2 
0 0.245242 2 
0 0.25475 2 
0 0.256167 2 
0 0.261838 2 
0 0.263724 2 
0 0.285644 2 
0 0.293147 2 
0 0.293251 2 
0 0.300146 2 
0 0.308089 2 
0 0.308981 2 
0 0.312052 2 
0 0.315634 2 
0 0.31589 2 
0 0.320247 2 
0 0.330912 2 
0 0.335436 2 
0 0.354555 2 
0 0.35866 2 
0 0.367769 2 
0 0.368663 2 
0 0.36867 2 
0 0.372634 2 
0 0.512293 2 
0 0.660739 2 
0 1.47086 2 
0 2.00538 2 
0 2.13732 2 
0 2.18678 2 
0 2.22738 2 
0 2.35122 2 
0 2.37392 2 
0 4.61448 2 
0 4.81468 2 
0 5.19014 2 
0 5.2049 2 
0 6.1501 2 
0 6.37313 2 
0 6.57524 2 
0 6.70023 2 
0 inf 2 
0 0.0322315 3 
0 0.046251 3 
0 0.0462519 3 
0 0.0475511 3 
0 0.0481887 3 
0 0.0481916 3 
0 0.0488279 3 
0 0.0506653 3 
0 0.0518552 3 
0 0.0518582 3 
0 0.0552805 3 
0 0.0558334 3 
0 0.0563731 3 
0 0.0574445 3 
0 0.057974 3 
0 0.0625413 3 
0 0.067707 3 
0 0.0720762 3 
0 0.0720762 3 
0 0.0741615 3 
0 0.075794 3 
0 0.0757995 3 
0 0.0761953 3 
0 0.0789561 3 
0 0.0797259 3 
0 0.0819905 3 
0 0.0849204 3 
0 0.0866964 3 
0 0.0870565 3 
0 0.0877481 3 
0 0.0877547 3 
0 0.0891366 3 
0 0.090159 3 
0 0.0908387 3 
0 0.0928313 3 
0 0.0928319 3 
0 0.093813 3 
0 0.0941391 3 
0 0.0970122 3 
0 0.10103 3 
0 0.104884 3 
0 0.106622 3 
0 0.108043 3 
0 0.110007 3 
0 0.112206 3 
0 0.114362 3 
0 0.115429 3 
0 0.122617 3 
0 0.122866 3 
0 0.126546 3 
0 0.127267 3 
0 0.131284 3 
0 0.134047 3 
0 0.134957 3 
0 0.134963 3 
0 0.135409 3 
0 0.13541 3 
0 0.136762 3 
0 0.13698 3 
0 0.144151 3 
0 0.146885 3 
0 0.151393 3 
0 0.151592 3 
0 0.152574 3 
0 0.164136 3 
0 0.171103 3 
0 0.173409 3 
0 0.183686 3 
0 0.185496 3 
0 0.186156 3 
0 0.188933 3 
0 0.191333 3 
0 0.191502 3 
0 0.191503 3 
0 0.193716 3 
0 0.200848 3 
0 0.210647 3 
0 0.213101 3 
0 0.215232 3 
0 0.228348 3 
0 0.231916 3 
0 0.234693 3 
0 0.24019 3 
0 0.246842 3 
0 0.249558 3 
0 0.255942 3 
0 0.260112 3 
0 0.265324 3 
0 0.270795 3 
0 0.274176 3 
0 0.279481 3 
0 0.299432 3 
0 0.303993 3 
0 0.30519 3 
0 0.305885 3 
0 0.317774 3 
0 0.326967 3 
0 0.352809 3 
0 0.352817 3 
0 0.371752 3 
0 0.380803 3 
0 0.395681 3 
0 0.478742 3 
0 0.528795 3 
0 0.650171 3 
0 1.47603 3 
0 1.68746 3 
0 1.76546 3 
0 1.94502 3 
0 2.03504 3 
0 2.24055 3 
0 2.25304 3 
0 2.32924 3 
0 2.68047 3 
0 2.68575 3 
0 2.69257 3 
0 2.88462 3 
0 3.0254 3 
0 3.0356 3 
0 4.22946 3 
0 4.26772 3 
0 4.28412 3 
0 4.28583 3 
0 inf 3 
0 0.0358254 4 
0 0.0428137 4 
0 0.0512626 4 
0 0.0530197 4 
0 0.0541596 4 
0 0.060558 4 
0 0.0639922 4 
0 0.0654068 4 
0 0.0654093 4 
0 0.0667942 4 
0 0.0699201 4 
0 0.0703586 4 
0 0.0707909 4 
0 0.071219 4 
0 0.0729208 4 
0 0.0729208 4 
0 0.0733336 4 
0 0.075795 4 
0 0.0765987 4 
0 0.0773924 4 
0 0.0867042 4 
0 0.0870566 4 
0 0.0891386 4 
0 0.0891401 4 
0 0.090161 4 
0 0.0931627 4 
0 0.0934859 4 
0 0.0947868 4 
0 0.0967042 4 
0 0.099497 4 
0 0.104595 4 
0 0.107189 4 
0 0.107193 4 
0 0.107761 4 
0 0.108324 4 
0 0.108609 4 
0 0.111386 4 
0 0.114097 4 
0 0.11622 4 
0 0.117005 4 
0 0.117786 4 
0 0.124595 4 
0 0.127744 4 
0 0.127745 4 
0 0.127745 4 
0 0.12846 4 
0 0.131282 4 
0 0.131517 4 
0 0.131517 4 
0 0.132444 4 
0 0.133134 4 
0 0.145208 4 
0 0.14895 4 
0 0.154943 4 
0 0.164151 4 
0 0.164736 4 
0 0.183831 4 
0 0.18665 4 
0 0.199933 4 
0 0.201295 4 
0 0.207289 4 
0 0.209341 4 
0 0.214103 4 
0 0.214794 4 
0 0.225362 4 
0 0.234403 4 
0 0.235313 4 
0 0.237376 4 
0 0.238266 4 
0 0.243988 4 
0 0.245984 4 
0 0.246235 4 
0 0.249676 4 
0 0.250137 4 
0 0.263612 4 
0 0.267636 4 
0 0.267723 4 
0 0.272867 4 
0 0.274487 4 
0 0.283603 4 
0 0.285006 4 
0 0.287646 4 
0 0.292303 4 
0 0.293461 4 
0 0.29418 4 
0 0.297998 4 
0 0.299124 4 
0 0.301559 4 
0 0.306582 4 
0 0.317464 4 
0 0.359353 4 
0 0.359353 4 
0 0.369511 4 
0 0.373459 4 
0 0.488036 4 
0 0.539941 4 
0 0.581127 4 
0 0.924002 4 
0 1.07896 4 
0 1.46545 4 
0 1.94976 4 
0 2.04609 4 
0 2.09975 4 
0 2.38849 4 
0 2.39442 4 
0 2.39961 4 
0 2.41296 4 
0 2.59077 4 
0 2.59168 4 
0 2.59454 4 
0 2.59473 4 
0 2.60375 4 
0 2.62657 4 
0 2.64548 4 
0 2.64569 4 
0 2.64621 4 
0 2.74065 4 
0 2.74278 4 
0 2.74421 4 
0 inf 4 
0 0.0462468 5 
0 0.0462472 5 
0 0.0518581 5 
0 0.0535966 5 
0 0.0547237 5 
0 0.0681546 5 
0 0.0694853 5 
0 0.0703598 5 
0 0.072076 5 
0 0.0720768 5 
0 0.0769937 5 
0 0.0815963 5 
0 0.0834744 5 
0 0.084921 5 
0 0.0852805 5 
0 0.0881003 5 
0 0.088452 5 
0 0.0891339 5 
0 0.0944622 5 
0 0.0954294 5 
0 0.0960682 5 
0 0.0960686 5 
0 0.0960701 5 
0 0.0970174 5 
0 0.0985789 5 
0 0.100724 5 
0 0.100725 5 
0 0.101024 5 
0 0.101336 5 
0 0.101926 5 
0 0.102233 5 
0 0.102829 5 
0 0.105755 5 
0 0.106045 5 
0 0.108042 5 
0 0.108043 5 
0 0.108044 5 
0 0.112209 5 
0 0.117528 5 
0 0.117528 5 
0 0.120609 5 
0 0.12361 5 
0 0.13221 5 
0 0.132904 5 
0 0.13473 5 
0 0.135182 5 
0 0.140285 5 
0 0.147917 5 
0 0.160411 5 
0 0.174804 5 
0 0.180658 5 
0 0.184006 5 
0 0.184994 5 
0 0.184995 5 
0 0.189414 5 
0 0.19245 5 
0 0.192759 5 
0 0.201301 5 
0 0.208019 5 
0 0.209668 5 
0 0.217495 5 
0 0.220701 5 
0 0.22617 5 
0 0.234515 5 
0 0.244728 5 
0 0.248085 5 
0 0.248332 5 
0 0.249678 5 
0 0.260695 5 
0 0.265031 5 
0 0.268092 5 
0 0.268469 5 
0 0.271413 5 
0 0.272424 5 
0 0.274847 5 
0 0.277179 5 
0 0.283708 5 
0 0.284318 5 
0 0.301652 5 
0 0.314158 5 
0 0.335653 5 
0 0.338395 5 
0 0.338396 5 
0 0.339747 5 
0 0.376375 5 
0 0.377348 5 
0 0.484066 5 
0 0.602184 5 
0 0.702498 5 
0 0.761 5 
0 0.98736 5 
0 1.00732 5 
0 1.03067 5 
0 1.06175 5 
0 1.16671 5 
0 1.19704 5 
0 1.19768 5 
0 1.19908 5 
0 1.20206 5 
0 1.47422 5 
0 1.96319 5 
0 2.03256 5 
0 2.044 5 
0 2.79922 5 
0 2.79925 5 
0 2.80788 5 
0 2.80815 5 
0 2.91424 5 
0 2.91446 5 
0 2.91497 5 
0 2.92354 5 
0 3.9615 5 
0 3.96224 5 
0 3.96434 5 
0 3.96717 5 
0 inf 5 
0 0.0259274 6 
0 0.0349623 6 
0 0.0500579 6 
0 0.0585032 6 
0 0.0605574 6 
0 0.0620492 6 
0 0.0635142 6 
0 0.063996 6 
0 0.0694893 6 
0 0.0745746 6 
0 0.0777827 6 
0 0.0789595 6 
0 0.0827316 6 
0 0.0904971 6 
0 0.0970143 6 
0 0.0982629 6 
0 0.0988904 6 
0 0.101331 6 
0 0.104596 6 
0 0.106622 6 
0 0.10945 6 
0 0.110008 6 
0 0.111111 6 
0 0.112471 6 
0 0.116485 6 
0 0.116486 6 
0 0.116486 6 
0 0.120099 6 
0 0.120352 6 
0 0.120353 6 
0 0.122867 6 
0 0.125084 6 
0 0.126539 6 
0 0.127251 6 
0 0.128203 6 
0 0.128694 6 
0 0.129394 6 
0 0.133588 6 
0 0.134277 6 
0 0.136084 6 
0 0.137865 6 
0 0.146054 6 
0 0.150378 6 
0 0.158094 6 
0 0.159262 6 
0 0.167488 6 
0 0.169486 6 
0 0.175159 6 
0 0.184834 6 
0 0.192141 6 
0 0.195922 6 
0 0.200086 6 
0 0.210208 6 
0 0.217637 6 
0 0.239299 6 
0 0.241849 6 
0 0.242837 6 
0 0.244349 6 
0 0.247329 6 
0 0.254033 6 
0 0.254514 6 
0 0.262602 6 
0 0.263712 6 
0 0.263712 6 
0 0.268556 6 
0 0.269217 6 
0 0.269493 6 
0 0.273274 6 
0 0.274946 6 
0 0.276766 6 
0 0.277539 6 
0 0.298501 6 
0 0.314748 6 
0 0.315125 6 
0 0.319074 6 
0 0.380249 6 
0 0.380833 6 
0 0.385358 6 
0 0.40273 6 
0 0.49485 6 
0 0.509414 6 
0 0.669493 6 
0 0.730019 6 
0 0.793758 6 
0 0.915761 6 
0 0.947696 6 
0 0.995432 6 
0 1.02215 6 
0 1.02404 6 
0 1.03602 6 
0 1.0486 6 
0 1.18006 6 
0 1.18048 6 
0 1.18814 6 
0 1.20416 6 
0 1.46728 6 
0 1.94447 6 
0 2.02036 6 
0 2.04525 6 
0 2.49199 6 
0 2.49268 6 
0 2.49345 6 
0 2.4936 6 
0 2.79978 6 
0 2.80248 6 
0 2.81277 6 
0 2.81312 6 
0 3.09775 6 
0 3.09823 6 
0 3.09838 6 
0 3.10045 6 
0 inf 6 
0 0.0595401 7 
0 0.063026 7 
0 0.0654071 7 
0 0.0694803 7 
0 0.0757952 7 
0 0.0804903 7 
0 0.0808679 7 
0 0.0816239 7 
0 0.0859968 7 
0 0.0870529 7 
0 0.0894769 7 
0 0.0921706 7 
0 0.0928298 7 
0 0.0970164 7 
0 0.0976404 7 
0 0.0979575 7 
0 0.100091 7 
0 0.101636 7 
0 0.10223 7 
0 0.105468 7 
0 0.107759 7 
0 0.108889 7 
0 0.109426 7 
0 0.109714 7 
0 0.109726 7 
0 0.110281 7 
0 0.111107 7 
0 0.111657 7 
0 0.111665 7 
0 0.114365 7 
0 0.117528 7 
0 0.118045 7 
0 0.119058 7 
0 0.122618 7 
0 0.127987 7 
0 0.130336 7 
0 0.131732 7 
0 0.139629 7 
0 0.141151 7 
0 0.150377 7 
0 0.154392 7 
0 0.154774 7 
0 0.160785 7 
0 0.168945 7 
0 0.169831 7 
0 0.170928 7 
0 0.170928 7 
0 0.189896 7 
0 0.217904 7 
0 0.233099 7 
0 0.239422 7 
0 0.246342 7 
0 0.248232 7 
0 0.255012 7 
0 0.264113 7 
0 0.274073 7 
0 0.274538 7 
0 0.274737 7 
0 0.276736 7 
0 0.276736 7 
0 0.280904 7 
0 0.282096 7 
0 0.294692 7 
0 0.308177 7 
0 0.313707 7 
0 0.316403 7 
0 0.330365 7 
0 0.332301 7 
0 0.337774 7 
0 0.345213 7 
0 0.359778 7 
0 0.529781 7 
0 0.542844 7 
0 0.589542 7 
0 0.61655 7 
0 0.673664 7 
0 0.70349 7 
0 0.715251 7 
0 0.730467 7 
0 0.758072 7 
0 0.805279 7 
0 0.976997 7 
0 0.985998 7 
0 0.986556 7 
0 0.988938 7 
0 0.989062 7 
0 1.31832 7 
0 1.5008 7 
0 1.95793 7 
0 2.02004 7 
0 2.03382 7 
0 2.05778 7 
0 2.0637 7 
0 2.07088 7 
0 2.07177 7 
0 2.07377 7 
0 2.0739 7 
0 2.07906 7 
0 2.07906 7 
0 2.11505 7 
0 2.11557 7 
0 2.12046 7 
0 2.12048 7 
0 2.12314 7 
0 2.12703 7 
0 2.13513 7 
0 2.1399 7 
0 inf 7 
0 0.0535928 8 
0 0.0541658 8 
0 0.0615517 8 
0 0.0685988 8 
0 0.0690459 8 
0 0.074581 8 
0 0.0789552 8 
0 0.0801111 8 
0 0.0831056 8 
0 0.0852781 8 
0 0.0891314 8 
0 0.0901304 8 
0 0.0901539 8 
0 0.0931612 8 
0 0.097952 8 
0 0.100728 8 
0 0.101303 8 
0 0.102502 8 
0 0.102828 8 
0 0.114363 8 
0 0.120608 8 
0 0.128221 8 
0 0.134274 8 
0 0.134954 8 
0 0.13564 8 
0 0.138312 8 
0 0.147088 8 
0 0.147292 8 
0 0.147908 8 
0 0.148541 8 
0 0.166945 8 
0 0.17445 8 
0 0.18015 8 
0 0.18571 8 
0 0.18632 8 
0 0.190058 8 
0 0.19466 8 
0 0.198396 8 
0 0.202515 8 
0 0.202811 8 
0 0.203848 8 
0 0.207561 8 
0 0.208002 8 
0 0.227382 8 
0 0.241822 8 
0 0.244611 8 
0 0.245151 8 
0 0.245833 8 
0 0.248675 8 
0 0.249319 8 
0 0.258133 8 
0 0.273289 8 
0 0.27764 8 
0 0.29011 8 
0 0.294189 8 
0 0.294812 8 
0 0.300938 8 
0 0.316286 8 
0 0.32224 8 
0 0.322658 8 
0 0.331495 8 
0 0.358172 8 
0 0.392067 8 
0 0.488783 8 
0 0.537697 8 
0 0.547925 8 
0 0.610775 8 
0 0.690597 8 
0 0.695887 8 
0 0.704615 8 
0 0.722062 8 
0 0.757384 8 
0 0.796888 8 
0 0.891852 8 
0 0.909194 8 
0 0.973584 8 
0 0.977589 8 
0 0.979592 8 
0 0.979592 8 
0 0.986119 8 
0 1.0003 8 
0 1.0817 8 
0 1.14164 8 
0 1.46532 8 
0 1.61692 8 
0 1.6176 8 
0 1.61811 8 
0 1.61853 8 
0 1.94998 8 
0 1.95677 8 
0 1.957 8 
0 1.95777 8 
0 1.958 8 
0 2.02518 8 
0 2.04095 8 
0 2.04141 8 
0 2.04399 8 
0 2.0447 8 
0 2.05236 8 
0 2.07365 8 
0 2.09475 8 
0 2.12039 8 
0 2.12765 8 
0 inf 8 
0 0.0558317 9 
0 0.0563911 9 
0 0.0672504 9 
0 0.0781755 9 
0 0.0827359 9 
0 0.0849271 9 
0 0.0859965 9 
0 0.0877538 9 
0 0.090164 9 
0 0.0957447 9 
0 0.0985534 9 
0 0.102231 9 
0 0.103419 9 
0 0.103712 9 
0 0.107442 9 
0 0.113562 9 
0 0.114066 9 
0 0.117265 9 
0 0.120351 9 
0 0.120354 9 
0 0.124593 9 
0 0.129408 9 
0 0.135183 9 
0 0.135404 9 
0 0.140269 9 
0 0.141365 9 
0 0.148341 9 
0 0.148341 9 
0 0.153382 9 
0 0.159071 9 
0 0.159262 9 
0 0.166755 9 
0 0.183184 9 
0 0.184008 9 
0 0.189246 9 
0 0.191811 9 
0 0.1992 9 
0 0.199313 9 
0 0.222394 9 
0 0.222485 9 
0 0.230888 9 
0 0.237891 9 
0 0.241851 9 
0 0.241851 9 
0 0.251184 9 
0 0.258939 9 
0 0.269011 9 
0 0.276728 9 
0 0.279366 9 
0 0.293951 9 
0 0.297671 9 
0 0.310058 9 
0 0.329186 9 
0 0.331774 9 
0 0.413605 9 
0 0.462942 9 
0 0.564023 9 
0 0.615307 9 
0 0.615903 9 
0 0.650439 9 
0 0.651058 9 
0 0.65704 9 
0 0.660966 9 
0 0.661983 9 
0 0.697237 9 
0 0.702358 9 
0 0.702402 9 
0 0.702402 9 
0 0.711852 9 
0 0.79269 9 
0 0.859322 9 
0 0.889071 9 
0 0.974992 9 
0 0.976214 9 
0 0.999388 9 
0 1.00012 9 
0 1.00085 9 
0 1.05361 9 
0 1.06087 9 
0 1.48158 9 
0 1.4892 9 
0 1.49026 9 
0 1.49069 9 
0 1.50355 9 
0 1.94622 9 
0 1.94628 9 
0 1.94898 9 
0 1.96049 9 
0 1.96573 9 
0 1.99712 9 
0 2.02 9 
0 2.02821 9 
0 2.02835 9 
0 2.02901 9 
0 2.02923 9 
0 2.03987 9 
0 2.05115 9 
0 2.05688 9 
0 2.06256 9 
0 inf 9 
0 0.0506649 10 
0 0.0785666 10 
0 0.0849206 10 
0 0.0947871 10 
0 0.0954303 10 
0 0.0960702 10 
0 0.100719 10 
0 0.103107 10 
0 0.103421 10 
0 0.107194 10 
0 0.107456 10 
0 0.111933 10 
0 0.112216 10 
0 0.115143 10 
0 0.118564 10 
0 0.124595 10 
0 0.130344 10 
0 0.149211 10 
0 0.154966 10 
0 0.160452 10 
0 0.161359 10 
0 0.165106 10 
0 0.169666 10 
0 0.173765 10 
0 0.181153 10 
0 0.187305 10 
0 0.192131 10 
0 0.206583 10 
0 0.227251 10 
0 0.228465 10 
0 0.229533 10 
0 0.230572 10 
0 0.230572 10 
0 0.234402 10 
0 0.234405 10 
0 0.237772 10 
0 0.244652 10 
0 0.244978 10 
0 0.246147 10 
0 0.246345 10 
0 0.250904 10 
0 0.256685 10 
0 0.2574 10 
0 0.260705 10 
0 0.264806 10 
0 0.272175 10 
0 0.308472 10 
0 0.312897 10 
0 0.425481 10 
0 0.44606 10 
0 0.516796 10 
0 0.533532 10 
0 0.537242 10 
0 0.537729 10 
0 0.540449 10 
0 0.544442 10 
0 0.54588 10 
0 0.565674 10 
0 0.575015 10 
0 0.589235 10 
0 0.624063 10 
0 0.663885 10 
0 0.664253 10 
0 0.696241 10 
0 0.710922 10 
0 0.711092 10 
0 0.713023 10 
0 0.762079 10 
0 0.819846 10 
0 0.820181 10 
0 0.983733 10 
0 0.98482 10 
0 0.990204 10 
0 1.00073 10 
0 1.00122 10 
0 1.47067 10 
0 1.47198 10 
0 1.47198 10 
0 1.47993 10 
0 1.48018 10 
0 1.93763 10 
0 1.95386 10 
0 1.95419 10 
0 1.96104 10 
0 1.96181 10 
0 1.96361 10 
0 2.019 10 
0 2.01985 10 
0 2.02628 10 
0 2.03057 10 
0 2.0319 10 
0 2.03212 10 
0 2.03215 10 
0 2.03609 10 
0 2.03819 10 
0 inf 10 
0 0.0579805 11 
0 0.0672517 11 
0 0.0838056 11 
0 0.0921426 11 
0 0.0963625 11 
0 0.103412 11 
0 0.10547 11 
0 0.115697 11 
0 0.130351 11 
0 0.131114 11 
0 0.134049 11 
0 0.145055 11 
0 0.171107 11 
0 0.174814 11 
0 0.178106 11 
0 0.178278 11 
0 0.189084 11 
0 0.19116 11 
0 0.193541 11 
0 0.199608 11 
0 0.206099 11 
0 0.213527 11 
0 0.214667 11 
0 0.215236 11 
0 0.238146 11 
0 0.244347 11 
0 0.24685 11 
0 0.251262 11 
0 0.254169 11 
0 0.255482 11 
0 0.261634 11 
0 0.267524 11 
0 0.267982 11 
0 0.269119 11 
0 0.272729 11 
0 0.276817 11 
0 0.281876 11 
0 0.285119 11 
0 0.294702 11 
0 0.301256 11 
0 0.302974 11 
0 0.307283 11 
0 0.309475 11 
0 0.311836 11 
0 0.358432 11 
0 0.463531 11 
0 0.476434 11 
0 0.492864 11 
0 0.500887 11 
0 0.505113 11 
0 0.551366 11 
0 0.551975 11 
0 0.552192 11 
0 0.559453 11 
0 0.609325 11 
0 0.614121 11 
0 0.651602 11 
0 0.654521 11 
0 0.655501 11 
0 0.742706 11 
0 0.751567 11 
0 0.751567 11 
0 0.770337 11 
0 0.771407 11 
0 0.796 11 
0 0.823958 11 
0 0.970471 11 
0 0.973615 11 
0 0.989183 11 
0 0.989678 11 
0 0.990912 11 
0 1.46702 11 
0 1.46729 11 
0 1.49313 11 
0 1.49344 11 
0 1.49575 11 
0 1.94313 11 
0 1.94628 11 
0 1.94702 11 
0 1.94725 11 
0 1.94949 11 
0 1.97697 11 
0 1.98738 11 
0 1.98812 11 
0 2.0196 11 
0 2.02019 11 
0 2.02042 11 
0 2.03151 11 
0 2.03173 11 
0 2.08614 11 
0 2.08614 11 
0 inf 11 
0 0.0757606 12 
0 0.0819621 12 
0 0.082734 12 
0 0.0859904 12 
0 0.0891336 12 
0 0.105154 12 
0 0.105156 12 
0 0.12843 12 
0 0.131254 12 
0 0.138087 12 
0 0.155773 12 
0 0.162302 12 
0 0.16863 12 
0 0.17429 12 
0 0.17447 12 
0 0.178319 12 
0 0.181171 12 
0 0.232176 12 
0 0.241216 12 
0 0.250786 12 
0 0.252959 12 
0 0.254762 12 
0 0.255494 12 
0 0.26082 12 
0 0.264302 12 
0 0.26603 12 
0 0.29902 12 
0 0.310066 12 
0 0.323879 12 
0 0.349454 12 
0 0.366191 12 
0 0.374117 12 
0 0.386411 12 
0 0.390108 12 
0 0.395711 12 
0 0.398553 12 
0 0.401914 12 
0 0.405776 12 
0 0.407557 12 
0 0.410618 12 
0 0.421692 12 
0 0.428912 12 
0 0.431719 12 
0 0.459993 12 
0 0.474571 12 
0 0.480649 12 
0 0.500448 12 
0 0.501193 12 
0 0.504116 12 
0 0.509903 12 
0 0.592793 12 
0 0.602831 12 
0 0.675431 12 
0 0.676413 12 
0 0.67922 12 
0 0.681343 12 
0 0.686037 12 
0 0.692303 12 
0 0.703976 12 
0 0.723539 12 
0 0.733089 12 
0 0.736889 12 
0 0.976087 12 
0 0.976338 12 
0 0.977155 12 
0 0.977249 12 
0 0.980211 12 
0 1.46417 12 
0 1.46461 12 
0 1.46555 12 
0 1.46636 12 
0 1.46803 12 
0 1.93898 12 
0 1.93898 12 
0 1.93992 12 
0 1.94093 12 
0 1.94099 12 
0 1.98438 12 
0 2.00926 12 
0 2.01452 12 
0 2.01944 12 
0 2.02007 12 
0 2.02066 12 
0 2.02103 12 
0 2.02103 12 
0 2.02236 12 
0 2.04943 12 
0 inf 12 
0 0.0737227 13 
0 0.100381 13 
0 0.101592 13 
0 0.10634 13 
0 0.108886 13 
0 0.115234 13 
0 0.118283 13 
0 0.122362 13 
0 0.126604 13 
0 0.150786 13 
0 0.163057 13 
0 0.16731 13 
0 0.175163 13 
0 0.176035 13 
0 0.181839 13 
0 0.186979 13 
0 0.208314 13 
0 0.209483 13 
0 0.217494 13 
0 0.220425 13 
0 0.223048 13 
0 0.230461 13 
0 0.2556 13 
0 0.266042 13 
0 0.27496 13 
0 0.291054 13 
0 0.296361 13 
0 0.300864 13 
0 0.301982 13 
0 0.308291 13 
0 0.316214 13 
0 0.320241 13 
0 0.32507 13 
0 0.326482 13 
0 0.353273 13 
0 0.362666 13 
0 0.376069 13 
0 0.387196 13 
0 0.410304 13 
0 0.413603 13 
0 0.417727 13 
0 0.47855 13 
0 0.529478 13 
0 0.541637 13 
0 0.560384 13 
0 0.566453 13 
0 0.566669 13 
0 0.567262 13 
0 0.580105 13 
0 0.590375 13 
0 0.60242 13 
0 0.605254 13 
0 0.605506 13 
0 0.621353 13 
0 0.623963 13 
0 0.651291 13 
0 0.654894 13 
0 0.656525 13 
0 0.658012 13 
0 0.658755 13 
0 0.973957 13 
0 0.97424 13 
0 0.974776 13 
0 0.975309 13 
0 0.978434 13 
0 1.4647 13 
0 1.46537 13 
0 1.48457 13 
0 1.48588 13 
0 1.48623 13 
0 1.94069 13 
0 1.94213 13 
0 1.94216 13 
0 1.94254 13 
0 1.94277 13 
0 2.01874 13 
0 2.02405 13 
0 2.02427 13 
0 2.02699 13 
0 2.02824 13 
0 2.04297 13 
0 2.04347 13 
0 2.04428 13 
0 inf 13 
0 0.0574126 14 
0 0.105472 14 
0 0.117269 14 
0 0.119314 14 
0 0.147685 14 
0 0.156016 14 
0 0.16136 14 
0 0.167312 14 
0 0.167494 14 
0 0.168583 14 
0 0.17146 14 
0 0.17146 14 
0 0.173934 14 
0 0.173938 14 
0 0.174786 14 
0 0.176551 14 
0 0.181671 14 
0 0.197004 14 
0 0.197972 14 
0 0.210359 14 
0 0.212381 14 
0 0.215234 14 
0 0.21567 14 
0 0.226715 14 
0 0.227394 14 
0 0.228868 14 
0 0.229661 14 
0 0.236989 14 
0 0.240712 14 
0 0.262327 14 
0 0.300251 14 
0 0.301164 14 
0 0.301166 14 
0 0.306192 14 
0 0.307692 14 
0 0.338974 14 
0 0.344693 14 
0 0.3686 14 
0 0.373542 14 
0 0.451203 14 
0 0.46845 14 
0 0.487284 14 
0 0.488349 14 
0 0.489442 14 
0 0.532757 14 
0 0.534418 14 
0 0.537213 14 
0 0.546437 14 
0 0.549616 14 
0 0.653727 14 
0 0.661618 14 
0 0.689771 14 
0 0.690899 14 
0 0.691011 14 
0 0.691541 14 
0 0.693809 14 
0 0.707462 14 
0 0.767506 14 
0 0.971067 14 
0 0.971476 14 
0 0.971476 14 
0 0.972516 14 
0 1.46489 14 
0 1.48224 14 
0 1.49903 14 
0 1.50148 14 
0 1.5018 14 
0 1.93994 14 
0 1.95169 14 
0 1.95206 14 
0 1.95261 14 
0 2.01926 14 
0 2.01926 14 
0 2.01949 14 
0 2.0256 14 
0 2.02609 14 
0 2.03143 14 
0 2.03157 14 
0 2.03271 14 
0 inf 14 
0 0.0887679 15 
0 0.10133 15 
0 0.104862 15 
0 0.115963 15 
0 0.117597 15 
0 0.121115 15 
0 0.138747 15 
0 0.14602 15 
0 0.164915 15 
0 0.170384 15 
0 0.18268 15 
0 0.189734 15 
0 0.195445 15 
0 0.196847 15 
0 0.196847 15 
0 0.217779 15 
0 0.219849 15 
0 0.226723 15 
0 0.228191 15 
0 0.229393 15 
0 0.229526 15 
0 0.229536 15 
0 0.229934 15 
0 0.23479 15 
0 0.236477 15 
0 0.23816 15 
0 0.240958 15 
0 0.253814 15 
0 0.255853 15 
0 0.274521 15 
0 0.289262 15 
0 0.289774 15 
0 0.289774 15 
0 0.293233 15 
0 0.300654 15 
0 0.312905 15 
0 0.334068 15 
0 0.407459 15 
0 0.449577 15 
0 0.476439 15 
0 0.511096 15 
0 0.52075 15 
0 0.52122 15 
0 0.608638 15 
0 0.636371 15 
0 0.661765 15 
0 0.677832 15 
0 0.682281 15 
0 0.697905 15 
0 0.712584 15 
0 0.714224 15 
0 0.718702 15 
0 0.792398 15 
0 0.801867 15 
0 0.802058 15 
0 0.977749 15 
0 0.997552 15 
0 1.00125 15 
0 1.00223 15 
0 1.46378 15 
0 1.46378 15 
0 1.46393 15 
0 1.46461 15 
0 1.95252 15 
0 1.96436 15 
0 1.96492 15 
0 1.96566 15 
0 2.02021 15 
0 2.02715 15 
0 2.03104 15 
0 2.03161 15 
0 2.03199 15 
0 2.04199 15 
0 2.04207 15 
0 2.04207 15 
0 inf 15 
0 0.04352 16 
0 0.0789218 16 
0 0.0863292 16 
0 0.129848 16 
0 0.137398 16 
0 0.15345 16 
0 0.169284 16 
0 0.172857 16 
0 0.176382 16 
0 0.177934 16 
0 0.186812 16 
0 0.186813 16 
0 0.187794 16 
0 0.189253 16 
0 0.194973 16 
0 0.204195 16 
0 0.204644 16 
0 0.208939 16 
0 0.211257 16 
0 0.211411 16 
0 0.217961 16 
0 0.238925 16 
0 0.239935 16 
0 0.245614 16 
0 0.245858 16 
0 0.258455 16 
0 0.274291 16 
0 0.280133 16 
0 0.284463 16 
0 0.286071 16 
0 0.293974 16 
0 0.294078 16 
0 0.487598 16 
0 0.489849 16 
0 0.495123 16 
0 0.49654 16 
0 0.499486 16 
0 0.539146 16 
0 0.578632 16 
0 0.601928 16 
0 0.692086 16 
0 0.692619 16 
0 0.692674 16 
0 0.695258 16 
0 0.69539 16 
0 0.701172 16 
0 0.70452 16 
0 0.733806 16 
0 0.735802 16 
0 0.738786 16 
0 0.764945 16 
0 0.972076 16 
0 0.994236 16 
0 0.994697 16 
0 0.996385 16 
0 1.46409 16 
0 1.46482 16 
0 1.46503 16 
0 1.46728 16 
0 1.93949 16 
0 1.94095 16 
0 1.94909 16 
0 1.94979 16 
0 1.94998 16 
0 2.03843 16 
0 2.04249 16 
0 2.05776 16 
0 2.05848 16 
0 2.08111 16 
0 2.1478 16 
0 2.1489 16 
0 inf 16 
0 0.0667603 17 
0 0.0995088 17 
0 0.10193 17 
0 0.10802 17 
0 0.108025 17 
0 0.118827 17 
0 0.120076 17 
0 0.120422 17 
0 0.125638 17 
0 0.125638 17 
0 0.129642 17 
0 0.131578 17 
0 0.136502 17 
0 0.140909 17 
0 0.142847 17 
0 0.144337 17 
0 0.196998 17 
0 0.207868 17 
0 0.210766 17 
0 0.214246 17 
0 0.223186 17 
0 0.233098 17 
0 0.247216 17 
0 0.247464 17 
0 0.248449 17 
0 0.249063 17 
0 0.253332 17 
0 0.268327 17 
0 0.269579 17 
0 0.270146 17 
0 0.346441 17 
0 0.481036 17 
0 0.483507 17 
0 0.486532 17 
0 0.487473 17 
0 0.497942 17 
0 0.510443 17 
0 0.631711 17 
0 0.67534 17 
0 0.712806 17 
0 0.714567 17 
0 0.719081 17 
0 0.727069 17 
0 0.73827 17 
0 0.785309 17 
0 0.796437 17 
0 0.797664 17 
0 0.997765 17 
0 1.01332 17 
0 1.01332 17 
0 1.01468 17 
0 1.07065 17 
0 1.46766 17 
0 1.46797 17 
0 1.46934 17 
0 1.47003 17 
0 1.94276 17 
0 1.9432 17 
0 1.94786 17 
0 1.94912 17 
0 2.03128 17 
0 2.03725 17 
0 2.03737 17 
0 2.07791 17 
0 2.07882 17 
0 2.08121 17 
0 3.92425 17 
0 inf 17 
0 0.0887633 18 
0 0.103984 18 
0 0.104901 18 
0 0.105191 18 
0 0.105192 18 
0 0.108027 18 
0 0.117503 18 
0 0.122618 18 
0 0.126764 18 
0 0.131729 18 
0 0.132504 18 
0 0.137262 18 
0 0.143787 18 
0 0.147147 18 
0 0.15017 18 
0 0.215808 18 
0 0.219162 18 
0 0.219301 18 
0 0.219737 18 
0 0.22305 18 
0 0.223717 18 
0 0.229531 18 
0 0.241825 18 
0 0.252465 18 
0 0.25654 18 
0 0.259383 18 
0 0.339875 18 
0 0.35672 18 
0 0.36013 18 
0 0.511514 18 
0 0.514196 18 
0 0.514968 18 
0 0.515857 18 
0 0.534597 18 
0 0.534981 18 
0 0.610213 18 
0 0.635388 18 
0 0.647394 18 
0 0.666871 18 
0 0.696766 18 
0 0.710146 18 
0 0.733589 18 
0 0.739192 18 
0 0.741049 18 
0 0.881337 18 
0 0.977061 18 
0 1.00278 18 
0 1.00433 18 
0 1.46745 18 
0 1.46843 18 
0 1.46845 18 
0 1.46993 18 
0 1.62184 18 
0 1.94376 18 
0 1.94403 18 
0 1.94408 18 
0 1.94427 18 
0 1.94799 18 
0 1.95 18 
0 2.01865 18 
0 2.0192 18 
0 2.02036 18 
0 2.04041 18 
0 inf 18 
0 0.0703297 19 
0 0.0745476 19 
0 0.0877296 19 
0 0.0950791 19 
0 0.107453 19 
0 0.131757 19 
0 0.138953 19 
0 0.138953 19 
0 0.143948 19 
0 0.179104 19 
0 0.182655 19 
0 0.186625 19 
0 0.195113 19 
0 0.223908 19 
0 0.227929 19 
0 0.232347 19 
0 0.234313 19 
0 0.235487 19 
0 0.239731 19 
0 0.240622 19 
0 0.252724 19 
0 0.256685 19 
0 0.285437 19 
0 0.289582 19 
0 0.30005 19 
0 0.344511 19 
0 0.348742 19 
0 0.357056 19 
0 0.389955 19 
0 0.439473 19 
0 0.49706 19 
0 0.49967 19 
0 0.499914 19 
0 0.505507 19 
0 0.509301 19 
0 0.517274 19 
0 0.517306 19 
0 0.517306 19 
0 0.650198 19 
0 0.679266 19 
0 0.695789 19 
0 0.746855 19 
0 0.859689 19 
0 0.859689 19 
0 0.978062 19 
0 1.0185 19 
0 1.02207 19 
0 1.47758 19 
0 1.47776 19 
0 1.47906 19 
0 1.94188 19 
0 1.94225 19 
0 1.94232 19 
0 1.94535 19 
0 2.01785 19 
0 2.01912 19 
0 2.01926 19 
0 2.04071 19 
0 2.04219 19 
0 inf 19 
0 0.0921492 20 
0 0.0969932 20 
0 0.103394 20 
0 0.112455 20 
0 0.115407 20 
0 0.11751 20 
0 0.178449 20 
0 0.214705 20 
0 0.219736 20 
0 0.221399 20 
0 0.221812 20 
0 0.226305 20 
0 0.22648 20 
0 0.238413 20 
0 0.239309 20 
0 0.240332 20 
0 0.242852 20 
0 0.243101 20 
0 0.243101 20 
0 0.244492 20 
0 0.244854 20 
0 0.246842 20 
0 0.248459 20 
0 0.251998 20 
0 0.256482 20 
0 0.262103 20 
0 0.262103 20 
0 0.267635 20 
0 0.270402 20 
0 0.289611 20 
0 0.413458 20 
0 0.421981 20 
0 0.456289 20 
0 0.465833 20 
0 0.482549 20 
0 0.485579 20 
0 0.56689 20 
0 0.687851 20 
0 0.690144 20 
0 0.696197 20 
0 0.696197 20 
0 0.982986 20 
0 0.991777 20 
0 0.992178 20 
0 1.47043 20 
0 1.47043 20 
0 1.93692 20 
0 1.96318 20 
0 1.96355 20 
0 2.03154 20 
0 2.03285 20 
0 2.03333 20 
0 2.03511 20 
0 2.03537 20 
0 4.05559 20 
0 inf 20 
