0 0.0126839 1 
0 0.0160432 1 
0 0.0174835 1 
0 0.0183798 1 
0 0.0200542 1 
0 0.0226884 1 
0 0.0253678 1 
0 0.0259929 1 
0 0.0266054 1 
0 0.0269053 1 
0 0.0283608 1 
0 0.0300161 1 
0 0.0300161 1 
0 0.0315812 1 
0 0.0323366 1 
0 0.0325847 1 
0 0.0325848 1 
0 0.033796 1 
0 0.034033 1 
0 0.0340401 1 
0 0.0342685 1 
0 0.0342709 1 
0 0.0347362 1 
0 0.0349675 1 
0 0.0349722 1 
0 0.0356492 1 
0 0.0363177 1 
0 0.0363204 1 
0 0.0363217 1 
0 0.0376235 1 
0 0.0384699 1 
0 0.0384751 1 
0 0.0384751 1 
0 0.0394939 1 
0 0.0395051 1 
0 0.0397053 1 
0 0.0405129 1 
0 0.0412946 1 
0 0.042447 1 
0 0.0426359 1 
0 0.0428245 1 
0 0.0431986 1 
0 0.043569 1 
0 0.0441195 1 
0 0.0446617 1 
0 0.045021 1 
0 0.0450212 1 
0 0.0450213 1 
0 0.0453786 1 
0 0.0462508 1 
0 0.0462552 1 
0 0.0462552 1 
0 0.0464264 1 
0 0.0467728 1 
0 0.0486291 1 
0 0.0491253 1 
0 0.0496118 1 
0 0.0512061 1 
0 0.0512062 1 
0 0.0526059 1 
0 0.0542588 1 
0 0.0548469 1 
0 0.0549955 1 
0 0.0552842 1 
0 0.0562959 1 
0 0.057427 1 
0 0.0581284 1 
0 0.059488 1 
0 0.0604267 1 
0 0.060428 1 
0 0.0618723 1 
0 0.0655369 1 
0 0.0719722 1 
0 0.0733014 1 
0 0.0784951 1 
0 0.0816143 1 
0 0.0846124 1 
0 0.0851771 1 
0 0.0865765 1 
0 0.0870511 1 
0 0.0881543 1 
0 0.096513 1 
0 0.098082 1 
0 0.0985736 1 
0 0.101705 1 
0 0.102337 1 
0 0.105433 1 
0 0.106571 1 
0 0.110061 1 
0 0.113939 1 
0 0.116732 1 
0 0.127025 1 
0 0.133989 1 
0 0.136311 1 
0 0.149158 1 
0 0.159177 1 
0 0.159177 1 
0 0.181821 1 
0 0.188686 1 
0 0.250221 1 
0 0.258258 1 
0 0.300013 1 
0 0.318859 1 
0 0.39022 1 
0 0.478103 1 
0 0.520317 1 
0 0.565441 1 
0 0.567835 1 
0 0.570642 1 
0 0.583918 1 
0 0.634362 1 
0 0.648228 1 
0 0.682052 1 
0 0.685248 1 
0 0.695597 1 
0 0.73368 1 
0 0.889375 1 
0 0.95605 1 
0 1.01637 1 
0 1.07703 1 
0 1.08799 1 
0 1.28667 1 
0 1.29002 1 
0 2.14165 1 
0 2.26031 1 
0 2.66615 1 
0 2.99187 1 
0 4.18375 1 
0 4.19032 1 
0 4.40543 1 
0 4.47584 1 
0 inf 1 
0 0.00694726 2 
0 0.0212227 2 
0 0.0212227 2 
0 0.0212227 2 
0 0.0226875 2 
0 0.0266023 2 
0 0.0269054 2 
0 0.0289165 2 
0 0.0289276 2 
0 0.0291997 2 
0 0.0300215 2 
0 0.0305453 2 
0 0.0305457 2 
0 0.031581 2 
0 0.032585 2 
0 0.0330794 2 
0 0.0337962 2 
0 0.034033 2 
0 0.0345019 2 
0 0.0345042 2 
0 0.0349698 2 
0 0.0356475 2 
0 0.0361056 2 
0 0.0363203 2 
0 0.0371954 2 
0 0.0374104 2 
0 0.0376299 2 
0 0.0380504 2 
0 0.0380504 2 
0 0.0382612 2 
0 0.0390934 2 
0 0.0397056 2 
0 0.0401084 2 
0 0.0407058 2 
0 0.0410987 2 
0 0.0414888 2 
0 0.0437531 2 
0 0.0441191 2 
0 0.044658 2 
0 0.0448454 2 
0 0.0453798 2 
0 0.0462559 2 
0 0.0472806 2 
0 0.0472848 2 
0 0.0476262 2 
0 0.0479668 2 
0 0.049766 2 
0 0.0502595 2 
0 0.0515209 2 
0 0.051673 2 
0 0.051991 2 
0 0.0554302 2 
0 0.0564371 2 
0 0.0594909 2 
0 0.0613569 2 
0 0.0622674 2 
0 0.0630362 2 
0 0.0639224 2 
0 0.0660281 2 
0 0.0668775 2 
0 0.0737376 2 
0 0.0828808 2 
0 0.0883311 2 
0 0.0927715 2 
0 0.0928582 2 
0 0.0969271 2 
0 0.103353 2 
0 0.103511 2 
0 0.109181 2 
0 0.111296 2 
0 0.111369 2 
0 0.118712 2 
0 0.132419 2 
0 0.132481 2 
0 0.132905 2 
0 0.135126 2 
0 0.139576 2 
0 0.140039 2 
0 0.150394 2 
0 0.154091 2 
0 0.156065 2 
0 0.157552 2 
0 0.158671 2 
0 0.159732 2 
0 0.160332 2 
0 0.185197 2 
0 0.188431 2 
0 0.227137 2 
0 0.228724 2 
0 0.237423 2 
0 0.282761 2 
0 0.348195 2 
0 0.364253 2 
0 0.44063 2 
0 0.475406 2 
0 0.493053 2 
0 0.514985 2 
0 0.546917 2 
0 0.555897 2 
0 0.556538 2 
0 0.558661 2 
0 0.582278 2 
0 0.596458 2 
0 0.642742 2 
0 0.732074 2 
0 0.757895 2 
0 0.784338 2 
0 0.788273 2 
0 0.826057 2 
0 0.830655 2 
0 0.841368 2 
0 0.851246 2 
0 0.853577 2 
0 1.04795 2 
0 1.17063 2 
0 1.44906 2 
0 1.83988 2 
0 1.93576 2 
0 2.37249 2 
0 3.01626 2 
0 3.21645 2 
0 3.33363 2 
0 3.49514 2 
0 3.52675 2 
0 3.52761 2 
0 3.56344 2 
0 3.71381 2 
0 inf 2 
0 0.0144615 3 
0 0.0233871 3 
0 0.0250464 3 
0 0.0259928 3 
0 0.0265993 3 
0 0.0265993 3 
0 0.0266031 3 
0 0.0280743 3 
0 0.0305456 3 
0 0.031581 3 
0 0.0315816 3 
0 0.0318347 3 
0 0.0318347 3 
0 0.0318351 3 
0 0.0342691 3 
0 0.0349658 3 
0 0.0349721 3 
0 0.0354224 3 
0 0.0371956 3 
0 0.0376342 3 
0 0.0384627 3 
0 0.0386793 3 
0 0.0386887 3 
0 0.0386887 3 
0 0.0388871 3 
0 0.0388902 3 
0 0.0390846 3 
0 0.039503 3 
0 0.039706 3 
0 0.0401 3 
0 0.040503 3 
0 0.0409098 3 
0 0.0412947 3 
0 0.0413002 3 
0 0.0416866 3 
0 0.0416905 3 
0 0.043942 3 
0 0.0469427 3 
0 0.0469495 3 
0 0.0497737 3 
0 0.0504188 3 
0 0.0533608 3 
0 0.0617501 3 
0 0.0632904 3 
0 0.0634168 3 
0 0.0639229 3 
0 0.0650471 3 
0 0.0678306 3 
0 0.0687702 3 
0 0.0742808 3 
0 0.0779787 3 
0 0.0796124 3 
0 0.0831725 3 
0 0.0836535 3 
0 0.0870459 3 
0 0.0934637 3 
0 0.0977525 3 
0 0.102335 3 
0 0.11562 3 
0 0.120458 3 
0 0.123687 3 
0 0.124142 3 
0 0.126262 3 
0 0.131503 3 
0 0.133145 3 
0 0.133628 3 
0 0.133629 3 
0 0.141522 3 
0 0.147533 3 
0 0.149967 3 
0 0.162232 3 
0 0.166777 3 
0 0.168791 3 
0 0.205966 3 
0 0.213521 3 
0 0.223998 3 
0 0.224541 3 
0 0.284717 3 
0 0.308092 3 
0 0.356441 3 
0 0.382146 3 
0 0.421256 3 
0 0.453589 3 
0 0.467382 3 
0 0.469098 3 
0 0.470508 3 
0 0.477898 3 
0 0.482378 3 
0 0.492484 3 
0 0.540898 3 
0 0.547975 3 
0 0.572504 3 
0 0.632942 3 
0 0.66058 3 
0 0.680148 3 
0 0.685668 3 
0 0.685674 3 
0 0.688283 3 
0 0.694918 3 
0 0.719173 3 
0 0.751953 3 
0 0.760055 3 
0 0.76212 3 
0 0.772484 3 
0 0.775985 3 
0 0.800206 3 
0 0.948093 3 
0 1.15947 3 
0 1.45476 3 
0 1.51883 3 
0 1.69559 3 
0 1.85459 3 
0 1.85887 3 
0 1.85924 3 
0 1.86838 3 
0 2.18831 3 
0 2.75815 3 
0 2.75899 3 
0 2.76537 3 
0 3.09585 3 
0 3.51039 3 
0 3.58262 3 
0 3.60719 3 
0 inf 3 
0 0.016045 4 
0 0.020062 4 
0 0.0233924 4 
0 0.0247241 4 
0 0.0266114 4 
0 0.0269048 4 
0 0.0269118 4 
0 0.0283605 4 
0 0.0297454 4 
0 0.0337962 4 
0 0.0356517 4 
0 0.0356519 4 
0 0.0363199 4 
0 0.0363221 4 
0 0.0369785 4 
0 0.0380505 4 
0 0.0386797 4 
0 0.0388866 4 
0 0.0407067 4 
0 0.040902 4 
0 0.0446696 4 
0 0.0448421 4 
0 0.0453774 4 
0 0.0455633 4 
0 0.0464304 4 
0 0.0479635 4 
0 0.0484551 4 
0 0.0489586 4 
0 0.0499335 4 
0 0.0510578 4 
0 0.0512088 4 
0 0.05167 4 
0 0.0541079 4 
0 0.0544031 4 
0 0.0564374 4 
0 0.05686 4 
0 0.0604291 4 
0 0.061356 4 
0 0.0614861 4 
0 0.0651687 4 
0 0.0671073 4 
0 0.0677144 4 
0 0.0715255 4 
0 0.0802176 4 
0 0.0828797 4 
0 0.0844194 4 
0 0.0931185 4 
0 0.0958439 4 
0 0.100672 4 
0 0.103353 4 
0 0.104743 4 
0 0.108145 4 
0 0.113656 4 
0 0.116245 4 
0 0.120459 4 
0 0.12199 4 
0 0.127531 4 
0 0.130521 4 
0 0.137369 4 
0 0.13807 4 
0 0.150179 4 
0 0.152781 4 
0 0.154612 4 
0 0.204008 4 
0 0.272682 4 
0 0.296696 4 
0 0.307258 4 
0 0.311395 4 
0 0.388863 4 
0 0.400283 4 
0 0.407525 4 
0 0.409594 4 
0 0.416282 4 
0 0.425682 4 
0 0.428145 4 
0 0.499103 4 
0 0.530472 4 
0 0.53178 4 
0 0.537745 4 
0 0.53833 4 
0 0.570921 4 
0 0.577569 4 
0 0.619635 4 
0 0.629502 4 
0 0.632896 4 
0 0.638741 4 
0 0.64036 4 
0 0.65286 4 
0 0.655381 4 
0 0.65808 4 
0 0.659582 4 
0 0.671774 4 
0 0.672826 4 
0 0.700813 4 
0 0.705719 4 
0 0.731319 4 
0 0.751305 4 
0 0.754137 4 
0 0.76291 4 
0 0.911794 4 
0 1.15703 4 
0 1.35258 4 
0 1.4392 4 
0 1.50189 4 
0 1.51212 4 
0 1.51272 4 
0 1.51497 4 
0 1.66197 4 
0 1.80516 4 
0 1.81332 4 
0 1.81518 4 
0 1.81801 4 
0 1.86355 4 
0 1.87059 4 
0 2.02493 4 
0 2.1536 4 
0 2.31574 4 
0 2.31664 4 
0 2.31992 4 
0 inf 4 
0 0.0243967 5 
0 0.0253678 5 
0 0.0297457 5 
0 0.0310678 5 
0 0.0325811 5 
0 0.0335578 5 
0 0.0340332 5 
0 0.0340337 5 
0 0.0354188 5 
0 0.0354199 5 
0 0.0356489 5 
0 0.0356495 5 
0 0.0363167 5 
0 0.0369747 5 
0 0.0374073 5 
0 0.0441191 5 
0 0.0457298 5 
0 0.0457311 5 
0 0.0462646 5 
0 0.0477931 5 
0 0.0482966 5 
0 0.0491227 5 
0 0.0507353 5 
0 0.050897 5 
0 0.0512068 5 
0 0.0522954 5 
0 0.0532104 5 
0 0.0533608 5 
0 0.0572868 5 
0 0.0575697 5 
0 0.058126 5 
0 0.0581271 5 
0 0.0589538 5 
0 0.0602967 5 
0 0.0618764 5 
0 0.0618771 5 
0 0.06227 5 
0 0.0635439 5 
0 0.0698153 5 
0 0.0720811 5 
0 0.0782872 5 
0 0.0839387 5 
0 0.0895075 5 
0 0.0901329 5 
0 0.0909334 5 
0 0.0984909 5 
0 0.0995473 5 
0 0.106345 5 
0 0.113018 5 
0 0.120723 5 
0 0.121854 5 
0 0.126709 5 
0 0.14299 5 
0 0.144222 5 
0 0.160584 5 
0 0.203258 5 
0 0.270846 5 
0 0.35299 5 
0 0.365488 5 
0 0.393324 5 
0 0.39532 5 
0 0.416495 5 
0 0.425064 5 
0 0.425582 5 
0 0.428822 5 
0 0.497683 5 
0 0.503363 5 
0 0.505605 5 
0 0.523371 5 
0 0.534572 5 
0 0.534688 5 
0 0.539775 5 
0 0.541594 5 
0 0.54235 5 
0 0.565387 5 
0 0.570379 5 
0 0.570605 5 
0 0.607468 5 
0 0.625297 5 
0 0.63016 5 
0 0.630649 5 
0 0.633258 5 
0 0.634255 5 
0 0.638515 5 
0 0.639622 5 
0 0.640482 5 
0 0.646563 5 
0 0.680514 5 
0 0.73016 5 
0 0.730898 5 
0 0.734586 5 
0 0.805684 5 
0 0.927569 5 
0 1.07537 5 
0 1.13507 5 
0 1.1936 5 
0 1.29988 5 
0 1.36431 5 
0 1.38663 5 
0 1.39756 5 
0 1.3977 5 
0 1.39808 5 
0 1.39887 5 
0 1.39915 5 
0 1.40048 5 
0 1.40397 5 
0 1.87891 5 
0 1.91983 5 
0 1.92023 5 
0 1.92143 5 
0 1.92212 5 
0 2.1586 5 
0 2.20723 5 
0 2.33734 5 
0 2.33825 5 
0 inf 5 
0 0.0188122 6 
0 0.0188124 6 
0 0.0247258 6 
0 0.0263014 6 
0 0.029745 6 
0 0.0308097 6 
0 0.0340401 6 
0 0.0349724 6 
0 0.0351948 6 
0 0.0356494 6 
0 0.0356529 6 
0 0.0363122 6 
0 0.0407048 6 
0 0.0420642 6 
0 0.0442981 6 
0 0.0443028 6 
0 0.044656 6 
0 0.044656 6 
0 0.0446633 6 
0 0.0450275 6 
0 0.0472877 6 
0 0.0476338 6 
0 0.0524503 6 
0 0.0526068 6 
0 0.0535076 6 
0 0.0572868 6 
0 0.0641719 6 
0 0.0690054 6 
0 0.0709597 6 
0 0.0721953 6 
0 0.0741741 6 
0 0.0746061 6 
0 0.0748227 6 
0 0.0754636 6 
0 0.0781872 6 
0 0.0791073 6 
0 0.0875052 6 
0 0.0884193 6 
0 0.0940614 6 
0 0.0959255 6 
0 0.0966796 6 
0 0.0972594 6 
0 0.102021 6 
0 0.12658 6 
0 0.145556 6 
0 0.151407 6 
0 0.171528 6 
0 0.199019 6 
0 0.271054 6 
0 0.283263 6 
0 0.30265 6 
0 0.304637 6 
0 0.334466 6 
0 0.348874 6 
0 0.351958 6 
0 0.372347 6 
0 0.40435 6 
0 0.413846 6 
0 0.415011 6 
0 0.418709 6 
0 0.455795 6 
0 0.478842 6 
0 0.484453 6 
0 0.485382 6 
0 0.487483 6 
0 0.491307 6 
0 0.516846 6 
0 0.524864 6 
0 0.527498 6 
0 0.53294 6 
0 0.533075 6 
0 0.593647 6 
0 0.614137 6 
0 0.620271 6 
0 0.620391 6 
0 0.620543 6 
0 0.620815 6 
0 0.624127 6 
0 0.624988 6 
0 0.625878 6 
0 0.627417 6 
0 0.671929 6 
0 0.672348 6 
0 0.69701 6 
0 0.715941 6 
0 0.716719 6 
0 0.720915 6 
0 0.721283 6 
0 0.806589 6 
0 1.07198 6 
0 1.07826 6 
0 1.1977 6 
0 1.22802 6 
0 1.24889 6 
0 1.25158 6 
0 1.25184 6 
0 1.26163 6 
0 1.37875 6 
0 1.3794 6 
0 1.38062 6 
0 1.38255 6 
0 1.41813 6 
0 1.55941 6 
0 1.70196 6 
0 1.71646 6 
0 1.79453 6 
0 1.89224 6 
0 2.20055 6 
0 2.20083 6 
0 2.20109 6 
0 2.20809 6 
0 inf 6 
0 0.0240718 7 
0 0.0263062 7 
0 0.0274979 7 
0 0.0313319 7 
0 0.0378383 7 
0 0.0378391 7 
0 0.0395071 7 
0 0.0430082 7 
0 0.0430082 7 
0 0.0450221 7 
0 0.0457358 7 
0 0.0462546 7 
0 0.0479636 7 
0 0.0512053 7 
0 0.0526047 7 
0 0.0530596 7 
0 0.0545564 7 
0 0.0555801 7 
0 0.0563001 7 
0 0.0564376 7 
0 0.0575681 7 
0 0.0597606 7 
0 0.0605576 7 
0 0.0605578 7 
0 0.0714107 7 
0 0.072083 7 
0 0.0748202 7 
0 0.0763098 7 
0 0.0769418 7 
0 0.0811155 7 
0 0.0811161 7 
0 0.0894161 7 
0 0.0904891 7 
0 0.105663 7 
0 0.110351 7 
0 0.115483 7 
0 0.11878 7 
0 0.125687 7 
0 0.148275 7 
0 0.159921 7 
0 0.178559 7 
0 0.190538 7 
0 0.193886 7 
0 0.238031 7 
0 0.273918 7 
0 0.302949 7 
0 0.303373 7 
0 0.306144 7 
0 0.329381 7 
0 0.340647 7 
0 0.375398 7 
0 0.375399 7 
0 0.378472 7 
0 0.415275 7 
0 0.444789 7 
0 0.454803 7 
0 0.456656 7 
0 0.462317 7 
0 0.472151 7 
0 0.495675 7 
0 0.496718 7 
0 0.520969 7 
0 0.525726 7 
0 0.529132 7 
0 0.535058 7 
0 0.550179 7 
0 0.609696 7 
0 0.613139 7 
0 0.616518 7 
0 0.616831 7 
0 0.617531 7 
0 0.617583 7 
0 0.619793 7 
0 0.620091 7 
0 0.647271 7 
0 0.650477 7 
0 0.703355 7 
0 0.708279 7 
0 0.708597 7 
0 0.7204 7 
0 0.721705 7 
0 0.725074 7 
0 0.794287 7 
0 0.864657 7 
0 0.883627 7 
0 1.06598 7 
0 1.09195 7 
0 1.12636 7 
0 1.14876 7 
0 1.15445 7 
0 1.24923 7 
0 1.2769 7 
0 1.30307 7 
0 1.37623 7 
0 1.37735 7 
0 1.37754 7 
0 1.38521 7 
0 1.39649 7 
0 1.39735 7 
0 1.4707 7 
0 1.472 7 
0 1.68195 7 
0 1.86876 7 
0 1.86927 7 
0 1.86927 7 
0 1.89094 7 
0 1.91081 7 
0 inf 7 
0 0.0294785 8 
0 0.0333203 8 
0 0.0342719 8 
0 0.0424499 8 
0 0.0435683 8 
0 0.0471157 8 
0 0.0487907 8 
0 0.0497727 8 
0 0.056156 8 
0 0.05644 8 
0 0.0571479 8 
0 0.0575651 8 
0 0.0582631 8 
0 0.0597625 8 
0 0.0625225 8 
0 0.0678313 8 
0 0.0724175 8 
0 0.0725292 8 
0 0.0727497 8 
0 0.0780831 8 
0 0.0792096 8 
0 0.0812166 8 
0 0.0815088 8 
0 0.0968446 8 
0 0.0995474 8 
0 0.10218 8 
0 0.107172 8 
0 0.110572 8 
0 0.112661 8 
0 0.117598 8 
0 0.12891 8 
0 0.143713 8 
0 0.167875 8 
0 0.190974 8 
0 0.21389 8 
0 0.215383 8 
0 0.224501 8 
0 0.230954 8 
0 0.254588 8 
0 0.272652 8 
0 0.286825 8 
0 0.290143 8 
0 0.30315 8 
0 0.342766 8 
0 0.355434 8 
0 0.384941 8 
0 0.394538 8 
0 0.395516 8 
0 0.398614 8 
0 0.417111 8 
0 0.43289 8 
0 0.433633 8 
0 0.451588 8 
0 0.493398 8 
0 0.512089 8 
0 0.512329 8 
0 0.518731 8 
0 0.523854 8 
0 0.523992 8 
0 0.526537 8 
0 0.528913 8 
0 0.535518 8 
0 0.556857 8 
0 0.563686 8 
0 0.587299 8 
0 0.587628 8 
0 0.590359 8 
0 0.60192 8 
0 0.611074 8 
0 0.619871 8 
0 0.622896 8 
0 0.62891 8 
0 0.62983 8 
0 0.690956 8 
0 0.698707 8 
0 0.704762 8 
0 0.705204 8 
0 0.706025 8 
0 0.970664 8 
0 1.07579 8 
0 1.07733 8 
0 1.08568 8 
0 1.09 8 
0 1.09348 8 
0 1.10005 8 
0 1.12478 8 
0 1.2007 8 
0 1.2171 8 
0 1.30658 8 
0 1.3188 8 
0 1.3355 8 
0 1.37627 8 
0 1.37697 8 
0 1.37751 8 
0 1.41419 8 
0 1.48169 8 
0 1.54269 8 
0 1.60065 8 
0 1.86029 8 
0 1.86029 8 
0 1.86199 8 
0 1.88454 8 
0 1.92914 8 
0 inf 8 
0 0.0328334 9 
0 0.0369869 9 
0 0.0403131 9 
0 0.0455537 9 
0 0.0474519 9 
0 0.0539635 9 
0 0.0562967 9 
0 0.0562976 9 
0 0.0564406 9 
0 0.0581209 9 
0 0.0582612 9 
0 0.0597577 9 
0 0.0719742 9 
0 0.0768364 9 
0 0.0897762 9 
0 0.0934623 9 
0 0.0937188 9 
0 0.0970112 9 
0 0.104051 9 
0 0.112945 9 
0 0.113091 9 
0 0.122052 9 
0 0.128577 9 
0 0.181464 9 
0 0.183663 9 
0 0.188888 9 
0 0.202627 9 
0 0.221217 9 
0 0.22299 9 
0 0.22474 9 
0 0.2267 9 
0 0.237417 9 
0 0.258472 9 
0 0.272711 9 
0 0.276231 9 
0 0.279179 9 
0 0.297888 9 
0 0.30863 9 
0 0.309749 9 
0 0.311535 9 
0 0.321049 9 
0 0.345236 9 
0 0.378604 9 
0 0.378794 9 
0 0.410025 9 
0 0.416243 9 
0 0.419239 9 
0 0.421383 9 
0 0.484664 9 
0 0.494758 9 
0 0.501371 9 
0 0.501772 9 
0 0.512454 9 
0 0.527208 9 
0 0.530653 9 
0 0.532992 9 
0 0.5416 9 
0 0.542802 9 
0 0.564046 9 
0 0.576264 9 
0 0.576586 9 
0 0.581005 9 
0 0.596684 9 
0 0.61891 9 
0 0.619229 9 
0 0.619345 9 
0 0.632301 9 
0 0.633161 9 
0 0.68261 9 
0 0.682786 9 
0 0.695679 9 
0 0.710236 9 
0 0.717646 9 
0 0.740174 9 
0 0.785541 9 
0 0.793821 9 
0 0.80592 9 
0 0.947371 9 
0 0.984094 9 
0 1.05429 9 
0 1.07852 9 
0 1.11716 9 
0 1.12327 9 
0 1.16897 9 
0 1.21112 9 
0 1.21155 9 
0 1.23094 9 
0 1.26047 9 
0 1.37653 9 
0 1.3766 9 
0 1.37673 9 
0 1.37915 9 
0 1.402 9 
0 1.40661 9 
0 1.85796 9 
0 1.85823 9 
0 1.86733 9 
0 1.86858 9 
0 1.87078 9 
0 inf 9 
0 0.0204546 10 
0 0.0247258 10 
0 0.0310713 10 
0 0.0441191 10 
0 0.0486296 10 
0 0.063798 10 
0 0.0640487 10 
0 0.0649221 10 
0 0.0830749 10 
0 0.0842253 10 
0 0.0850869 10 
0 0.0981638 10 
0 0.100751 10 
0 0.106244 10 
0 0.110429 10 
0 0.112218 10 
0 0.116093 10 
0 0.120723 10 
0 0.140475 10 
0 0.143704 10 
0 0.187624 10 
0 0.194395 10 
0 0.203917 10 
0 0.222992 10 
0 0.228127 10 
0 0.228866 10 
0 0.251042 10 
0 0.264938 10 
0 0.270905 10 
0 0.28202 10 
0 0.284746 10 
0 0.297132 10 
0 0.298019 10 
0 0.302736 10 
0 0.314878 10 
0 0.331462 10 
0 0.344784 10 
0 0.367703 10 
0 0.377411 10 
0 0.377752 10 
0 0.382924 10 
0 0.404426 10 
0 0.415547 10 
0 0.4289 10 
0 0.429293 10 
0 0.436134 10 
0 0.471305 10 
0 0.485394 10 
0 0.489108 10 
0 0.496599 10 
0 0.504621 10 
0 0.526353 10 
0 0.526706 10 
0 0.527484 10 
0 0.533697 10 
0 0.535127 10 
0 0.540743 10 
0 0.541679 10 
0 0.565174 10 
0 0.56858 10 
0 0.600378 10 
0 0.605779 10 
0 0.621206 10 
0 0.624801 10 
0 0.674809 10 
0 0.675 10 
0 0.746706 10 
0 0.746921 10 
0 0.750593 10 
0 0.840862 10 
0 0.909257 10 
0 0.916055 10 
0 0.916265 10 
0 0.982706 10 
0 0.994818 10 
0 1.08094 10 
0 1.08156 10 
0 1.08524 10 
0 1.19211 10 
0 1.23387 10 
0 1.23494 10 
0 1.30076 10 
0 1.30076 10 
0 1.31209 10 
0 1.33858 10 
0 1.37199 10 
0 1.37205 10 
0 1.38434 10 
0 1.42262 10 
0 1.42285 10 
0 1.86038 10 
0 1.86047 10 
0 1.8792 10 
0 1.97529 10 
0 1.97536 10 
0 inf 10 
0 0.0491253 11 
0 0.0763116 11 
0 0.0857233 11 
0 0.0873198 11 
0 0.0913434 11 
0 0.0990422 11 
0 0.103898 11 
0 0.105814 11 
0 0.108367 11 
0 0.112396 11 
0 0.113952 11 
0 0.123622 11 
0 0.124251 11 
0 0.137525 11 
0 0.177587 11 
0 0.190045 11 
0 0.199909 11 
0 0.204449 11 
0 0.210788 11 
0 0.219173 11 
0 0.231727 11 
0 0.245059 11 
0 0.245062 11 
0 0.247543 11 
0 0.271826 11 
0 0.288982 11 
0 0.295772 11 
0 0.304118 11 
0 0.305355 11 
0 0.306645 11 
0 0.320908 11 
0 0.321534 11 
0 0.345803 11 
0 0.347774 11 
0 0.355022 11 
0 0.35604 11 
0 0.357912 11 
0 0.358718 11 
0 0.36249 11 
0 0.362778 11 
0 0.415315 11 
0 0.42293 11 
0 0.430938 11 
0 0.495756 11 
0 0.496922 11 
0 0.503116 11 
0 0.504663 11 
0 0.504839 11 
0 0.527208 11 
0 0.540035 11 
0 0.540273 11 
0 0.544596 11 
0 0.544906 11 
0 0.561904 11 
0 0.576306 11 
0 0.589423 11 
0 0.590077 11 
0 0.591845 11 
0 0.600908 11 
0 0.618159 11 
0 0.618588 11 
0 0.622244 11 
0 0.643842 11 
0 0.643892 11 
0 0.744732 11 
0 0.985234 11 
0 1.0584 11 
0 1.06168 11 
0 1.07248 11 
0 1.07644 11 
0 1.08085 11 
0 1.09201 11 
0 1.09215 11 
0 1.17725 11 
0 1.18656 11 
0 1.187 11 
0 1.18706 11 
0 1.19027 11 
0 1.20318 11 
0 1.20428 11 
0 1.20495 11 
0 1.37228 11 
0 1.37256 11 
0 1.3977 11 
0 1.49293 11 
0 1.49297 11 
0 1.85758 11 
0 1.85914 11 
0 1.88725 11 
0 1.90628 11 
0 1.90628 11 
0 inf 11 
0 0.0876913 12 
0 0.0930033 12 
0 0.102764 12 
0 0.120677 12 
0 0.125923 12 
0 0.140997 12 
0 0.17097 12 
0 0.171726 12 
0 0.175186 12 
0 0.183014 12 
0 0.187143 12 
0 0.217661 12 
0 0.220011 12 
0 0.223572 12 
0 0.224437 12 
0 0.233273 12 
0 0.233514 12 
0 0.237046 12 
0 0.241496 12 
0 0.249293 12 
0 0.252449 12 
0 0.27797 12 
0 0.288285 12 
0 0.30652 12 
0 0.30742 12 
0 0.322734 12 
0 0.323953 12 
0 0.347184 12 
0 0.347439 12 
0 0.352886 12 
0 0.364864 12 
0 0.365458 12 
0 0.377904 12 
0 0.378328 12 
0 0.39711 12 
0 0.397838 12 
0 0.47446 12 
0 0.481819 12 
0 0.489798 12 
0 0.491372 12 
0 0.492855 12 
0 0.492855 12 
0 0.522172 12 
0 0.523473 12 
0 0.525788 12 
0 0.531205 12 
0 0.539617 12 
0 0.551773 12 
0 0.555904 12 
0 0.556245 12 
0 0.557594 12 
0 0.570287 12 
0 0.5704 12 
0 0.57102 12 
0 0.608923 12 
0 0.645177 12 
0 0.646485 12 
0 0.680728 12 
0 0.695688 12 
0 0.697213 12 
0 0.736413 12 
0 0.741637 12 
0 0.865763 12 
0 0.869887 12 
0 0.987823 12 
0 1.00093 12 
0 1.08135 12 
0 1.09093 12 
0 1.09304 12 
0 1.1814 12 
0 1.18399 12 
0 1.184 12 
0 1.18413 12 
0 1.19566 12 
0 1.34471 12 
0 1.34579 12 
0 1.37623 12 
0 1.37623 12 
0 1.38224 12 
0 1.41324 12 
0 1.41486 12 
0 1.41527 12 
0 1.85764 12 
0 1.85771 12 
0 1.88313 12 
0 1.88501 12 
0 1.88518 12 
0 inf 12 
0 0.0527273 13 
0 0.100724 13 
0 0.108536 13 
0 0.116106 13 
0 0.123486 13 
0 0.13483 13 
0 0.139325 13 
0 0.158883 13 
0 0.160186 13 
0 0.183724 13 
0 0.205767 13 
0 0.214276 13 
0 0.217956 13 
0 0.22056 13 
0 0.246739 13 
0 0.274856 13 
0 0.275236 13 
0 0.279703 13 
0 0.308762 13 
0 0.312837 13 
0 0.313248 13 
0 0.316823 13 
0 0.326254 13 
0 0.334897 13 
0 0.336335 13 
0 0.348713 13 
0 0.348967 13 
0 0.378246 13 
0 0.380811 13 
0 0.45113 13 
0 0.451922 13 
0 0.453282 13 
0 0.485973 13 
0 0.487632 13 
0 0.488842 13 
0 0.498642 13 
0 0.533275 13 
0 0.540154 13 
0 0.552921 13 
0 0.554142 13 
0 0.555084 13 
0 0.558833 13 
0 0.561145 13 
0 0.561546 13 
0 0.564156 13 
0 0.568833 13 
0 0.57391 13 
0 0.575966 13 
0 0.576045 13 
0 0.594511 13 
0 0.596577 13 
0 0.599603 13 
0 0.618254 13 
0 0.629757 13 
0 0.630102 13 
0 0.630523 13 
0 0.637817 13 
0 0.637855 13 
0 0.638914 13 
0 0.76772 13 
0 0.854979 13 
0 0.939307 13 
0 0.947593 13 
0 0.953407 13 
0 0.956832 13 
0 1.07843 13 
0 1.08915 13 
0 1.15944 13 
0 1.15944 13 
0 1.15957 13 
0 1.21147 13 
0 1.23914 13 
0 1.24092 13 
0 1.37244 13 
0 1.375 13 
0 1.40925 13 
0 1.40981 13 
0 1.40994 13 
0 1.85929 13 
0 1.8594 13 
0 1.86631 13 
0 1.86631 13 
0 1.86837 13 
0 inf 13 
0 0.0544035 14 
0 0.0880549 14 
0 0.101601 14 
0 0.119876 14 
0 0.12278 14 
0 0.145615 14 
0 0.164923 14 
0 0.189873 14 
0 0.190549 14 
0 0.200182 14 
0 0.204434 14 
0 0.212087 14 
0 0.223386 14 
0 0.235006 14 
0 0.250182 14 
0 0.254001 14 
0 0.269458 14 
0 0.284888 14 
0 0.285396 14 
0 0.293463 14 
0 0.293682 14 
0 0.293874 14 
0 0.29543 14 
0 0.30019 14 
0 0.302458 14 
0 0.310333 14 
0 0.32671 14 
0 0.329192 14 
0 0.330844 14 
0 0.33133 14 
0 0.331621 14 
0 0.336386 14 
0 0.337913 14 
0 0.341532 14 
0 0.341626 14 
0 0.352129 14 
0 0.357209 14 
0 0.364696 14 
0 0.399483 14 
0 0.453548 14 
0 0.471291 14 
0 0.472842 14 
0 0.472842 14 
0 0.525556 14 
0 0.533728 14 
0 0.537587 14 
0 0.544086 14 
0 0.568535 14 
0 0.569031 14 
0 0.570428 14 
0 0.573107 14 
0 0.574228 14 
0 0.587584 14 
0 0.587725 14 
0 0.590738 14 
0 0.591881 14 
0 0.630431 14 
0 0.636716 14 
0 0.653385 14 
0 0.655253 14 
0 0.818401 14 
0 0.818726 14 
0 0.823115 14 
0 1.09139 14 
0 1.0921 14 
0 1.09234 14 
0 1.09645 14 
0 1.15139 14 
0 1.22754 14 
0 1.22756 14 
0 1.23102 14 
0 1.37642 14 
0 1.38486 14 
0 1.38827 14 
0 1.38873 14 
0 1.86006 14 
0 1.88883 14 
0 1.88886 14 
0 1.88892 14 
0 inf 14 
0 0.060295 15 
0 0.0809138 15 
0 0.0846102 15 
0 0.0993578 15 
0 0.127703 15 
0 0.164558 15 
0 0.186887 15 
0 0.187731 15 
0 0.194247 15 
0 0.215916 15 
0 0.239617 15 
0 0.251185 15 
0 0.251825 15 
0 0.261004 15 
0 0.266355 15 
0 0.271555 15 
0 0.277402 15 
0 0.27742 15 
0 0.287007 15 
0 0.288795 15 
0 0.294918 15 
0 0.307024 15 
0 0.307025 15 
0 0.308071 15 
0 0.313377 15 
0 0.323689 15 
0 0.326388 15 
0 0.330643 15 
0 0.33142 15 
0 0.333163 15 
0 0.334223 15 
0 0.334298 15 
0 0.337753 15 
0 0.348374 15 
0 0.378895 15 
0 0.379912 15 
0 0.380906 15 
0 0.38175 15 
0 0.381855 15 
0 0.381855 15 
0 0.426796 15 
0 0.464198 15 
0 0.534377 15 
0 0.537796 15 
0 0.555006 15 
0 0.563692 15 
0 0.56449 15 
0 0.677964 15 
0 0.678533 15 
0 0.679611 15 
0 0.689285 15 
0 0.793494 15 
0 0.847787 15 
0 0.848289 15 
0 0.848356 15 
0 0.899401 15 
0 0.901794 15 
0 1.09939 15 
0 1.21945 15 
0 1.22316 15 
0 1.22318 15 
0 1.26797 15 
0 1.26873 15 
0 1.26898 15 
0 1.26927 15 
0 1.29518 15 
0 1.29522 15 
0 1.37469 15 
0 1.41081 15 
0 1.41346 15 
0 1.41348 15 
0 1.85962 15 
0 1.95907 15 
0 1.95953 15 
0 1.95953 15 
0 inf 15 
0 0.124705 16 
0 0.145295 16 
0 0.181221 16 
0 0.189069 16 
0 0.194179 16 
0 0.266026 16 
0 0.267226 16 
0 0.273451 16 
0 0.27788 16 
0 0.27788 16 
0 0.278025 16 
0 0.296659 16 
0 0.297711 16 
0 0.298928 16 
0 0.300002 16 
0 0.301713 16 
0 0.307418 16 
0 0.308511 16 
0 0.309578 16 
0 0.309786 16 
0 0.311109 16 
0 0.313093 16 
0 0.313479 16 
0 0.314401 16 
0 0.329204 16 
0 0.330627 16 
0 0.330764 16 
0 0.331041 16 
0 0.331526 16 
0 0.336672 16 
0 0.338578 16 
0 0.338673 16 
0 0.34212 16 
0 0.34212 16 
0 0.363234 16 
0 0.391839 16 
0 0.413498 16 
0 0.434898 16 
0 0.49661 16 
0 0.505838 16 
0 0.508059 16 
0 0.533578 16 
0 0.562633 16 
0 0.574306 16 
0 0.574838 16 
0 0.576306 16 
0 0.822557 16 
0 0.838058 16 
0 0.852834 16 
0 0.852975 16 
0 0.856524 16 
0 0.984787 16 
0 1.04736 16 
0 1.11541 16 
0 1.15947 16 
0 1.16072 16 
0 1.16072 16 
0 1.18605 16 
0 1.18654 16 
0 1.18662 16 
0 1.19381 16 
0 1.19391 16 
0 1.19467 16 
0 1.37637 16 
0 1.50824 16 
0 1.50849 16 
0 1.50875 16 
0 1.86211 16 
0 1.90437 16 
0 1.90711 16 
0 1.90715 16 
0 inf 16 
0 0.0970654 17 
0 0.119067 17 
0 0.153329 17 
0 0.189361 17 
0 0.193188 17 
0 0.193396 17 
0 0.203876 17 
0 0.204782 17 
0 0.205291 17 
0 0.222191 17 
0 0.273771 17 
0 0.275178 17 
0 0.287612 17 
0 0.287612 17 
0 0.313685 17 
0 0.315143 17 
0 0.315322 17 
0 0.316317 17 
0 0.31652 17 
0 0.316673 17 
0 0.316798 17 
0 0.316902 17 
0 0.331808 17 
0 0.332099 17 
0 0.332307 17 
0 0.333332 17 
0 0.334128 17 
0 0.334238 17 
0 0.335103 17 
0 0.335223 17 
0 0.336696 17 
0 0.338626 17 
0 0.33936 17 
0 0.340118 17 
0 0.465316 17 
0 0.56179 17 
0 0.568111 17 
0 0.568621 17 
0 0.569313 17 
0 0.609523 17 
0 0.701799 17 
0 0.701948 17 
0 0.701982 17 
0 0.707927 17 
0 0.716735 17 
0 0.719423 17 
0 0.849886 17 
0 0.849886 17 
0 0.852484 17 
0 1.13644 17 
0 1.16908 17 
0 1.17304 17 
0 1.17308 17 
0 1.22759 17 
0 1.22761 17 
0 1.22772 17 
0 1.37658 17 
0 1.43545 17 
0 1.4371 17 
0 1.43718 17 
0 1.50522 17 
0 1.50765 17 
0 1.52585 17 
0 1.86145 17 
0 1.86296 17 
0 1.86501 17 
0 1.86505 17 
0 inf 17 
0 0.0957296 18 
0 0.0960653 18 
0 0.096149 18 
0 0.106668 18 
0 0.109129 18 
0 0.110016 18 
0 0.112612 18 
0 0.14419 18 
0 0.145965 18 
0 0.247899 18 
0 0.264599 18 
0 0.265358 18 
0 0.269649 18 
0 0.277507 18 
0 0.312683 18 
0 0.313633 18 
0 0.313838 18 
0 0.314862 18 
0 0.318853 18 
0 0.321366 18 
0 0.338911 18 
0 0.338982 18 
0 0.339551 18 
0 0.339764 18 
0 0.351713 18 
0 0.352559 18 
0 0.352679 18 
0 0.352833 18 
0 0.353022 18 
0 0.353652 18 
0 0.353954 18 
0 0.354318 18 
0 0.365964 18 
0 0.384486 18 
0 0.385218 18 
0 0.593434 18 
0 0.60103 18 
0 0.601137 18 
0 0.602473 18 
0 0.71305 18 
0 0.713737 18 
0 0.713917 18 
0 0.873768 18 
0 0.90221 18 
0 0.905734 18 
0 1.16612 18 
0 1.16889 18 
0 1.16935 18 
0 1.16941 18 
0 1.32783 18 
0 1.33162 18 
0 1.33181 18 
0 1.33182 18 
0 1.33351 18 
0 1.34065 18 
0 1.37946 18 
0 1.38319 18 
0 1.38397 18 
0 1.42553 18 
0 1.86701 18 
0 1.86846 18 
0 1.86927 18 
0 1.8693 18 
0 inf 18 
0 0.0958155 19 
0 0.0958156 19 
0 0.0987111 19 
0 0.106894 19 
0 0.109275 19 
0 0.11578 19 
0 0.134793 19 
0 0.135329 19 
0 0.138327 19 
0 0.250675 19 
0 0.254907 19 
0 0.255254 19 
0 0.265814 19 
0 0.268703 19 
0 0.271563 19 
0 0.315967 19 
0 0.318115 19 
0 0.318191 19 
0 0.320307 19 
0 0.359862 19 
0 0.360063 19 
0 0.360666 19 
0 0.37104 19 
0 0.373892 19 
0 0.380245 19 
0 0.394285 19 
0 0.394366 19 
0 0.394611 19 
0 0.559711 19 
0 0.559784 19 
0 0.560415 19 
0 0.560515 19 
0 0.563222 19 
0 0.565275 19 
0 0.604223 19 
0 0.609053 19 
0 0.609722 19 
0 0.610043 19 
0 0.610579 19 
0 0.610579 19 
0 0.61375 19 
0 0.825697 19 
0 0.845392 19 
0 0.850491 19 
0 0.906133 19 
0 0.913005 19 
0 1.18157 19 
0 1.18265 19 
0 1.18352 19 
0 1.2499 19 
0 1.25031 19 
0 1.25077 19 
0 1.27482 19 
0 1.37801 19 
0 1.38127 19 
0 1.38134 19 
0 1.86634 19 
0 1.86746 19 
0 1.86781 19 
0 inf 19 
0 0.102703 20 
0 0.10364 20 
0 0.104566 20 
0 0.135911 20 
0 0.145901 20 
0 0.146561 20 
0 0.154637 20 
0 0.159755 20 
0 0.160509 20 
0 0.256949 20 
0 0.259845 20 
0 0.260216 20 
0 0.324587 20 
0 0.325774 20 
0 0.325946 20 
0 0.351142 20 
0 0.351486 20 
0 0.367175 20 
0 0.368975 20 
0 0.374121 20 
0 0.382272 20 
0 0.382273 20 
0 0.396688 20 
0 0.399517 20 
0 0.414946 20 
0 0.414966 20 
0 0.41603 20 
0 0.496065 20 
0 0.496842 20 
0 0.497101 20 
0 0.503053 20 
0 0.520002 20 
0 0.532506 20 
0 0.532567 20 
0 0.533171 20 
0 0.554148 20 
0 0.619663 20 
0 0.621206 20 
0 0.621659 20 
0 0.6252 20 
0 0.625766 20 
0 0.78996 20 
0 0.988686 20 
0 1.03369 20 
0 1.04317 20 
0 1.04364 20 
0 1.18889 20 
0 1.18937 20 
0 1.18937 20 
0 1.38416 20 
0 1.3842 20 
0 1.38422 20 
0 1.87903 20 
0 1.87905 20 
0 2.96055 20 
0 inf 20 
