0 0.0159387 1 
0 0.0170385 1 
0 0.0175656 1 
0 0.0175661 1 
0 0.0180734 1 
0 0.0185689 1 
0 0.0195224 1 
0 0.0199812 1 
0 0.0204307 1 
0 0.0221356 1 
0 0.0229482 1 
0 0.0229482 1 
0 0.0233403 1 
0 0.0252093 1 
0 0.0255667 1 
0 0.0262669 1 
0 0.0262669 1 
0 0.0266149 1 
0 0.0272836 1 
0 0.027611 1 
0 0.0279347 1 
0 0.0304231 1 
0 0.0315933 1 
0 0.0316092 1 
0 0.0327217 1 
0 0.0335433 1 
0 0.0340862 1 
0 0.0353862 1 
0 0.0353886 1 
0 0.0356409 1 
0 0.0363975 1 
0 0.0366459 1 
0 0.0368922 1 
0 0.0371445 1 
0 0.037381 1 
0 0.0376228 1 
0 0.0378651 1 
0 0.0395099 1 
0 0.0401888 1 
0 0.0406395 1 
0 0.0406472 1 
0 0.0408605 1 
0 0.0408674 1 
0 0.0413053 1 
0 0.0415231 1 
0 0.0432461 1 
0 0.043654 1 
0 0.0446793 1 
0 0.0464739 1 
0 0.047057 1 
0 0.0472472 1 
0 0.0489454 1 
0 0.0494967 1 
0 0.0502269 1 
0 0.0502289 1 
0 0.0504184 1 
0 0.0507638 1 
0 0.0520036 1 
0 0.0525208 1 
0 0.0526933 1 
0 0.052703 1 
0 0.0581001 1 
0 0.0587239 1 
0 0.0591867 1 
0 0.0599532 1 
0 0.0612907 1 
0 0.0617354 1 
0 0.0636154 1 
0 0.0636196 1 
0 0.0657201 1 
0 0.0689541 1 
0 0.0698747 1 
0 0.0705208 1 
0 0.0724307 1 
0 0.0739082 1 
0 0.074529 1 
0 0.0762135 1 
0 0.0764452 1 
0 0.0773958 1 
0 0.0798169 1 
0 0.0826101 1 
0 0.0840259 1 
0 0.092463 1 
0 0.0960226 1 
0 0.097703 1 
0 0.0985393 1 
0 0.100456 1 
0 0.104354 1 
0 0.107444 1 
0 0.121847 1 
0 0.149295 1 
0 0.159974 1 
0 0.16599 1 
0 0.17545 1 
0 0.176944 1 
0 0.183143 1 
0 0.18856 1 
0 0.208539 1 
0 0.225151 1 
0 0.228034 1 
0 0.308691 1 
0 0.327019 1 
0 0.347515 1 
0 0.460737 1 
0 0.484513 1 
0 0.543435 1 
0 0.544512 1 
0 0.625246 1 
0 0.644186 1 
0 0.650845 1 
0 0.731558 1 
0 0.731715 1 
0 0.786382 1 
0 0.788031 1 
0 0.797382 1 
0 0.807951 1 
0 1.03068 1 
0 1.05315 1 
0 1.0615 1 
0 1.17393 1 
0 1.22072 1 
0 1.27573 1 
0 1.31772 1 
0 1.78377 1 
0 2.32059 1 
0 2.39828 1 
0 2.42429 1 
0 3.00101 1 
0 3.54694 1 
0 3.61085 1 
0 3.6144 1 
0 inf 1 
0 0.0164994 2 
0 0.0180741 2 
0 0.0180807 2 
0 0.0185675 2 
0 0.0204313 2 
0 0.0217218 2 
0 0.0221356 2 
0 0.0233339 2 
0 0.0233403 2 
0 0.0244788 2 
0 0.0248467 2 
0 0.02556 2 
0 0.0272836 2 
0 0.0279338 2 
0 0.0304242 2 
0 0.0310153 2 
0 0.03408 2 
0 0.0343458 2 
0 0.035895 2 
0 0.0371378 2 
0 0.0371379 2 
0 0.037623 2 
0 0.0376267 2 
0 0.0381026 2 
0 0.0385837 2 
0 0.0388104 2 
0 0.0388133 2 
0 0.0395085 2 
0 0.0397414 2 
0 0.0397418 2 
0 0.0413072 2 
0 0.0415214 2 
0 0.0430239 2 
0 0.0430279 2 
0 0.0450836 2 
0 0.0460875 2 
0 0.0462785 2 
0 0.0462786 2 
0 0.0480078 2 
0 0.0485752 2 
0 0.0491326 2 
0 0.0493131 2 
0 0.0535488 2 
0 0.0555433 2 
0 0.0568355 2 
0 0.0587213 2 
0 0.0602455 2 
0 0.0602483 2 
0 0.0602483 2 
0 0.0604049 2 
0 0.0608512 2 
0 0.0612928 2 
0 0.0620293 2 
0 0.0648933 2 
0 0.0661397 2 
0 0.06627 2 
0 0.0664139 2 
0 0.0684257 2 
0 0.0690906 2 
0 0.0697468 2 
0 0.0747643 2 
0 0.0747688 2 
0 0.0811763 2 
0 0.0827218 2 
0 0.083158 2 
0 0.0834919 2 
0 0.0838041 2 
0 0.0843538 2 
0 0.0848854 2 
0 0.0882402 2 
0 0.0902796 2 
0 0.0933453 2 
0 0.10953 2 
0 0.109861 2 
0 0.112396 2 
0 0.113919 2 
0 0.118062 2 
0 0.126737 2 
0 0.131448 2 
0 0.136794 2 
0 0.147029 2 
0 0.147461 2 
0 0.166695 2 
0 0.174361 2 
0 0.17545 2 
0 0.184624 2 
0 0.22341 2 
0 0.2331 2 
0 0.242095 2 
0 0.291856 2 
0 0.302873 2 
0 0.303352 2 
0 0.402108 2 
0 0.430692 2 
0 0.458016 2 
0 0.468207 2 
0 0.552525 2 
0 0.570248 2 
0 0.642348 2 
0 0.643414 2 
0 0.647526 2 
0 0.652216 2 
0 0.652659 2 
0 0.70721 2 
0 0.850198 2 
0 0.878086 2 
0 0.900444 2 
0 0.907508 2 
0 0.921883 2 
0 0.93517 2 
0 0.951329 2 
0 0.95193 2 
0 0.955119 2 
0 0.987954 2 
0 1.16989 2 
0 1.51087 2 
0 1.67317 2 
0 1.7653 2 
0 2.16648 2 
0 2.38303 2 
0 2.53797 2 
0 2.62759 2 
0 2.78809 2 
0 2.78969 2 
0 2.89932 2 
0 2.9063 2 
0 3.23718 2 
0 inf 2 
0 0.0259191 3 
0 0.0288996 3 
0 0.0301232 3 
0 0.0304225 3 
0 0.0304295 3 
0 0.0313064 3 
0 0.0318807 3 
0 0.0335429 3 
0 0.033543 3 
0 0.0346098 3 
0 0.0356415 3 
0 0.0361478 3 
0 0.0363997 3 
0 0.0376233 3 
0 0.0378637 3 
0 0.0378637 3 
0 0.0392753 3 
0 0.0410827 3 
0 0.0413022 3 
0 0.0413022 3 
0 0.0417413 3 
0 0.0417487 3 
0 0.0419561 3 
0 0.0426021 3 
0 0.0426079 3 
0 0.0434436 3 
0 0.0446792 3 
0 0.04468 3 
0 0.0464714 3 
0 0.0470563 3 
0 0.0474373 3 
0 0.0478187 3 
0 0.0478237 3 
0 0.0487579 3 
0 0.0514769 3 
0 0.0538854 3 
0 0.0548865 3 
0 0.0587244 3 
0 0.0603964 3 
0 0.0605517 3 
0 0.0628981 3 
0 0.0633294 3 
0 0.0637621 3 
0 0.0650261 3 
0 0.0651657 3 
0 0.0672298 3 
0 0.0735454 3 
0 0.0735456 3 
0 0.0745263 3 
0 0.0753753 3 
0 0.0772737 3 
0 0.0789098 3 
0 0.0809463 3 
0 0.0819487 3 
0 0.0826119 3 
0 0.0846772 3 
0 0.0853199 3 
0 0.0861631 3 
0 0.0878249 3 
0 0.0884431 3 
0 0.0948762 3 
0 0.100727 3 
0 0.101177 3 
0 0.101891 3 
0 0.102158 3 
0 0.114315 3 
0 0.114316 3 
0 0.11519 3 
0 0.117527 3 
0 0.119444 3 
0 0.168268 3 
0 0.16859 3 
0 0.185947 3 
0 0.189521 3 
0 0.196481 3 
0 0.236595 3 
0 0.262921 3 
0 0.263074 3 
0 0.341921 3 
0 0.348642 3 
0 0.402885 3 
0 0.440451 3 
0 0.457085 3 
0 0.466984 3 
0 0.494421 3 
0 0.532788 3 
0 0.535627 3 
0 0.538577 3 
0 0.543025 3 
0 0.55284 3 
0 0.607506 3 
0 0.648761 3 
0 0.70595 3 
0 0.758566 3 
0 0.767222 3 
0 0.769723 3 
0 0.7717 3 
0 0.78734 3 
0 0.822302 3 
0 0.843914 3 
0 0.846789 3 
0 0.857521 3 
0 0.882951 3 
0 0.893585 3 
0 0.906891 3 
0 0.941713 3 
0 1.09755 3 
0 1.18524 3 
0 1.36068 3 
0 1.45244 3 
0 1.55316 3 
0 1.65222 3 
0 1.65442 3 
0 1.65445 3 
0 1.71818 3 
0 2.30264 3 
0 2.33013 3 
0 2.35839 3 
0 2.7632 3 
0 2.76794 3 
0 2.76863 3 
0 2.83909 3 
0 2.84491 3 
0 inf 3 
0 0.0217267 4 
0 0.025565 4 
0 0.0276086 4 
0 0.0282661 4 
0 0.0298223 4 
0 0.0310135 4 
0 0.0313054 4 
0 0.0318789 4 
0 0.0329986 4 
0 0.0335519 4 
0 0.0348783 4 
0 0.0358963 4 
0 0.0361473 4 
0 0.0366461 4 
0 0.0388127 4 
0 0.0388137 4 
0 0.0462755 4 
0 0.0496797 4 
0 0.0518251 4 
0 0.0520039 4 
0 0.0528709 4 
0 0.0548894 4 
0 0.0552166 4 
0 0.0553806 4 
0 0.0553831 4 
0 0.0590341 4 
0 0.0606997 4 
0 0.0615867 4 
0 0.0618801 4 
0 0.0620304 4 
0 0.0623183 4 
0 0.0640422 4 
0 0.0646124 4 
0 0.0651652 4 
0 0.0651717 4 
0 0.0666831 4 
0 0.067222 4 
0 0.0678967 4 
0 0.0710284 4 
0 0.0719171 4 
0 0.0740416 4 
0 0.0742772 4 
0 0.0764446 4 
0 0.0767986 4 
0 0.078676 4 
0 0.0787947 4 
0 0.0798117 4 
0 0.0803793 4 
0 0.0807172 4 
0 0.0826122 4 
0 0.0831561 4 
0 0.0856329 4 
0 0.0860519 4 
0 0.0861591 4 
0 0.0866882 4 
0 0.0883386 4 
0 0.091373 4 
0 0.0942151 4 
0 0.0948822 4 
0 0.0974286 4 
0 0.101181 4 
0 0.108702 4 
0 0.173947 4 
0 0.197861 4 
0 0.270389 4 
0 0.271783 4 
0 0.313041 4 
0 0.344395 4 
0 0.366484 4 
0 0.43553 4 
0 0.438148 4 
0 0.458738 4 
0 0.459825 4 
0 0.463076 4 
0 0.473815 4 
0 0.502078 4 
0 0.510847 4 
0 0.568346 4 
0 0.599885 4 
0 0.610274 4 
0 0.617842 4 
0 0.669148 4 
0 0.674794 4 
0 0.730668 4 
0 0.731027 4 
0 0.734352 4 
0 0.743001 4 
0 0.747459 4 
0 0.749728 4 
0 0.751876 4 
0 0.758118 4 
0 0.775158 4 
0 0.813646 4 
0 0.817384 4 
0 0.826868 4 
0 0.83994 4 
0 0.846179 4 
0 0.850416 4 
0 0.857694 4 
0 0.939835 4 
0 0.941616 4 
0 0.999282 4 
0 1.03511 4 
0 1.03794 4 
0 1.04053 4 
0 1.18199 4 
0 1.45389 4 
0 1.65979 4 
0 1.69273 4 
0 1.7179 4 
0 1.71907 4 
0 1.71917 4 
0 1.72484 4 
0 1.88872 4 
0 1.943 4 
0 1.94588 4 
0 1.94826 4 
0 2.21308 4 
0 2.27959 4 
0 inf 4 
0 0.0164981 5 
0 0.0164981 5 
0 0.0164997 5 
0 0.0217218 5 
0 0.0229404 5 
0 0.024098 5 
0 0.0240982 5 
0 0.0266096 5 
0 0.0343534 5 
0 0.0366564 5 
0 0.0378661 5 
0 0.0383467 5 
0 0.0385828 5 
0 0.0388104 5 
0 0.0410886 5 
0 0.0423891 5 
0 0.0438628 5 
0 0.045292 5 
0 0.0454876 5 
0 0.0456834 5 
0 0.0456884 5 
0 0.0470613 5 
0 0.0474374 5 
0 0.0478183 5 
0 0.048198 5 
0 0.0487579 5 
0 0.0491287 5 
0 0.0493131 5 
0 0.0498697 5 
0 0.0526965 5 
0 0.0528652 5 
0 0.0528658 5 
0 0.0548919 5 
0 0.0557123 5 
0 0.056202 5 
0 0.05636 5 
0 0.056841 5 
0 0.0596436 5 
0 0.0618839 5 
0 0.0669547 5 
0 0.0673602 5 
0 0.0681635 5 
0 0.0715446 5 
0 0.0720503 5 
0 0.0730508 5 
0 0.0731699 5 
0 0.0740354 5 
0 0.0750079 5 
0 0.0782124 5 
0 0.0785594 5 
0 0.0828249 5 
0 0.0843516 5 
0 0.0846739 5 
0 0.141169 5 
0 0.182997 5 
0 0.183685 5 
0 0.27126 5 
0 0.320832 5 
0 0.387579 5 
0 0.410635 5 
0 0.436591 5 
0 0.436915 5 
0 0.441593 5 
0 0.450759 5 
0 0.452356 5 
0 0.48511 5 
0 0.572332 5 
0 0.577324 5 
0 0.578011 5 
0 0.582141 5 
0 0.583301 5 
0 0.588168 5 
0 0.605088 5 
0 0.606906 5 
0 0.637422 5 
0 0.640391 5 
0 0.645612 5 
0 0.68855 5 
0 0.690317 5 
0 0.708725 5 
0 0.710772 5 
0 0.72577 5 
0 0.73294 5 
0 0.75033 5 
0 0.755327 5 
0 0.760738 5 
0 0.761316 5 
0 0.762281 5 
0 0.762471 5 
0 0.767988 5 
0 0.770446 5 
0 0.78794 5 
0 0.836868 5 
0 0.845551 5 
0 0.845552 5 
0 0.918967 5 
0 0.96829 5 
0 0.972638 5 
0 1.00855 5 
0 1.01106 5 
0 1.15672 5 
0 1.17839 5 
0 1.37456 5 
0 1.45408 5 
0 1.49718 5 
0 1.52848 5 
0 1.58282 5 
0 1.82454 5 
0 1.84611 5 
0 1.84621 5 
0 1.84684 5 
0 1.84698 5 
0 1.86584 5 
0 1.86675 5 
0 1.87236 5 
0 inf 5 
0 0.0164997 6 
0 0.0269424 6 
0 0.031013 6 
0 0.0313046 6 
0 0.0324433 6 
0 0.0343502 6 
0 0.0359003 6 
0 0.0363986 6 
0 0.0373832 6 
0 0.0399695 6 
0 0.0419571 6 
0 0.0430239 6 
0 0.0430247 6 
0 0.0436536 6 
0 0.046086 6 
0 0.0460862 6 
0 0.0474409 6 
0 0.0489539 6 
0 0.050944 6 
0 0.05112 6 
0 0.05538 6 
0 0.0585654 6 
0 0.0599515 6 
0 0.0664071 6 
0 0.0670926 6 
0 0.0676315 6 
0 0.0682999 6 
0 0.068426 6 
0 0.0689611 6 
0 0.0690949 6 
0 0.0697453 6 
0 0.0705228 6 
0 0.0705233 6 
0 0.0734181 6 
0 0.0736621 6 
0 0.0769161 6 
0 0.0775039 6 
0 0.081949 6 
0 0.0819579 6 
0 0.0914735 6 
0 0.0918741 6 
0 0.102781 6 
0 0.103484 6 
0 0.108284 6 
0 0.122665 6 
0 0.135125 6 
0 0.163951 6 
0 0.189281 6 
0 0.271964 6 
0 0.294786 6 
0 0.324069 6 
0 0.391056 6 
0 0.397396 6 
0 0.438947 6 
0 0.440742 6 
0 0.441895 6 
0 0.443522 6 
0 0.469745 6 
0 0.531322 6 
0 0.538769 6 
0 0.553655 6 
0 0.555422 6 
0 0.558724 6 
0 0.570617 6 
0 0.572903 6 
0 0.577131 6 
0 0.589801 6 
0 0.614449 6 
0 0.635081 6 
0 0.655692 6 
0 0.666555 6 
0 0.667366 6 
0 0.692565 6 
0 0.692774 6 
0 0.693874 6 
0 0.714173 6 
0 0.725476 6 
0 0.726888 6 
0 0.727836 6 
0 0.74327 6 
0 0.749116 6 
0 0.753019 6 
0 0.756925 6 
0 0.75865 6 
0 0.794682 6 
0 0.796765 6 
0 0.799551 6 
0 0.799971 6 
0 0.821601 6 
0 0.82305 6 
0 0.824775 6 
0 0.827148 6 
0 0.836004 6 
0 1.00868 6 
0 1.09995 6 
0 1.11441 6 
0 1.1145 6 
0 1.11527 6 
0 1.12926 6 
0 1.15255 6 
0 1.15625 6 
0 1.45712 6 
0 1.4813 6 
0 1.48421 6 
0 1.48717 6 
0 1.48727 6 
0 1.48831 6 
0 1.50051 6 
0 1.50126 6 
0 1.5746 6 
0 1.64141 6 
0 inf 6 
0 0.0252025 7 
0 0.0276169 7 
0 0.0279435 7 
0 0.0332737 7 
0 0.0335433 7 
0 0.0340821 7 
0 0.0361488 7 
0 0.0366545 7 
0 0.0388178 7 
0 0.0401951 7 
0 0.0413156 7 
0 0.0483915 7 
0 0.0502327 7 
0 0.0502329 7 
0 0.0525257 7 
0 0.0528692 7 
0 0.0535474 7 
0 0.0581064 7 
0 0.0587199 7 
0 0.0588746 7 
0 0.0623183 7 
0 0.0624643 7 
0 0.0636215 7 
0 0.0692279 7 
0 0.0702577 7 
0 0.0702579 7 
0 0.0703978 7 
0 0.0724251 7 
0 0.0730488 7 
0 0.0730488 7 
0 0.0790185 7 
0 0.0792505 7 
0 0.0840219 7 
0 0.084245 7 
0 0.0858451 7 
0 0.0859512 7 
0 0.0996439 7 
0 0.14529 7 
0 0.159689 7 
0 0.180902 7 
0 0.193815 7 
0 0.274814 7 
0 0.297958 7 
0 0.303836 7 
0 0.314958 7 
0 0.362492 7 
0 0.362792 7 
0 0.367761 7 
0 0.370748 7 
0 0.374595 7 
0 0.376889 7 
0 0.389789 7 
0 0.436806 7 
0 0.438852 7 
0 0.457284 7 
0 0.495847 7 
0 0.51134 7 
0 0.522645 7 
0 0.522784 7 
0 0.535832 7 
0 0.552215 7 
0 0.574999 7 
0 0.577645 7 
0 0.582635 7 
0 0.589262 7 
0 0.605736 7 
0 0.625913 7 
0 0.685892 7 
0 0.690178 7 
0 0.690638 7 
0 0.706474 7 
0 0.715329 7 
0 0.718446 7 
0 0.718686 7 
0 0.718686 7 
0 0.722794 7 
0 0.723295 7 
0 0.724461 7 
0 0.752657 7 
0 0.768496 7 
0 0.768791 7 
0 0.774179 7 
0 0.778386 7 
0 0.821831 7 
0 0.834845 7 
0 0.834943 7 
0 0.930808 7 
0 0.931743 7 
0 0.94498 7 
0 1.02565 7 
0 1.05737 7 
0 1.0724 7 
0 1.0821 7 
0 1.16858 7 
0 1.18087 7 
0 1.18781 7 
0 1.23693 7 
0 1.23912 7 
0 1.24741 7 
0 1.29943 7 
0 1.31142 7 
0 1.33837 7 
0 1.34644 7 
0 1.42516 7 
0 1.43895 7 
0 1.45779 7 
0 1.62648 7 
0 inf 7 
0 0.0301242 8 
0 0.0324435 8 
0 0.0335435 8 
0 0.0392761 8 
0 0.045889 8 
0 0.0485801 8 
0 0.0520073 8 
0 0.0523591 8 
0 0.0535518 8 
0 0.0548887 8 
0 0.0548894 8 
0 0.0552221 8 
0 0.0553829 8 
0 0.0563542 8 
0 0.057629 8 
0 0.0605458 8 
0 0.0617337 8 
0 0.0623267 8 
0 0.0636159 8 
0 0.064893 8 
0 0.0661375 8 
0 0.0669511 8 
0 0.0710284 8 
0 0.0715377 8 
0 0.0816213 8 
0 0.0828313 8 
0 0.0904785 8 
0 0.0954513 8 
0 0.14887 8 
0 0.154375 8 
0 0.164672 8 
0 0.191745 8 
0 0.197631 8 
0 0.225977 8 
0 0.270188 8 
0 0.274197 8 
0 0.277062 8 
0 0.297007 8 
0 0.298502 8 
0 0.304323 8 
0 0.307528 8 
0 0.315559 8 
0 0.36281 8 
0 0.366632 8 
0 0.411886 8 
0 0.414388 8 
0 0.418486 8 
0 0.419417 8 
0 0.438727 8 
0 0.439367 8 
0 0.475762 8 
0 0.480563 8 
0 0.487762 8 
0 0.494034 8 
0 0.537499 8 
0 0.545519 8 
0 0.56342 8 
0 0.569475 8 
0 0.585458 8 
0 0.585973 8 
0 0.58665 8 
0 0.62337 8 
0 0.705586 8 
0 0.70574 8 
0 0.706357 8 
0 0.711938 8 
0 0.713225 8 
0 0.713568 8 
0 0.717672 8 
0 0.7245 8 
0 0.727001 8 
0 0.734155 8 
0 0.737017 8 
0 0.773417 8 
0 0.777163 8 
0 0.79197 8 
0 0.799328 8 
0 0.807281 8 
0 0.809796 8 
0 0.812084 8 
0 0.813189 8 
0 0.814861 8 
0 0.825783 8 
0 0.95787 8 
0 0.958069 8 
0 0.95963 8 
0 1.00862 8 
0 1.02456 8 
0 1.06318 8 
0 1.06796 8 
0 1.08056 8 
0 1.08164 8 
0 1.09646 8 
0 1.17352 8 
0 1.17471 8 
0 1.18503 8 
0 1.19053 8 
0 1.49211 8 
0 1.53516 8 
0 1.55407 8 
0 1.64857 8 
0 1.95541 8 
0 2.0454 8 
0 inf 8 
0 0.0292045 9 
0 0.0301228 9 
0 0.0324448 9 
0 0.040642 9 
0 0.0408663 9 
0 0.0421719 9 
0 0.0421727 9 
0 0.0468716 9 
0 0.052872 9 
0 0.0528755 9 
0 0.060845 9 
0 0.066684 9 
0 0.0682957 9 
0 0.0688252 9 
0 0.0720526 9 
0 0.0772769 9 
0 0.0784407 9 
0 0.0830519 9 
0 0.0962143 9 
0 0.129572 9 
0 0.131354 9 
0 0.138709 9 
0 0.148129 9 
0 0.153191 9 
0 0.156001 9 
0 0.165275 9 
0 0.181794 9 
0 0.211772 9 
0 0.216833 9 
0 0.220032 9 
0 0.239669 9 
0 0.246057 9 
0 0.275443 9 
0 0.286333 9 
0 0.320653 9 
0 0.351957 9 
0 0.354074 9 
0 0.360173 9 
0 0.383683 9 
0 0.385267 9 
0 0.385902 9 
0 0.416762 9 
0 0.417197 9 
0 0.440026 9 
0 0.440153 9 
0 0.446415 9 
0 0.446578 9 
0 0.447046 9 
0 0.460582 9 
0 0.484737 9 
0 0.573416 9 
0 0.586784 9 
0 0.590154 9 
0 0.597912 9 
0 0.608518 9 
0 0.609934 9 
0 0.626565 9 
0 0.681795 9 
0 0.687768 9 
0 0.687926 9 
0 0.689824 9 
0 0.697594 9 
0 0.699154 9 
0 0.713411 9 
0 0.722931 9 
0 0.723044 9 
0 0.74075 9 
0 0.771959 9 
0 0.7729 9 
0 0.786441 9 
0 0.789584 9 
0 0.800842 9 
0 0.805965 9 
0 0.809868 9 
0 0.810148 9 
0 0.815396 9 
0 0.827329 9 
0 0.845888 9 
0 0.932519 9 
0 0.940778 9 
0 0.940778 9 
0 0.958959 9 
0 0.959685 9 
0 0.972618 9 
0 1.02572 9 
0 1.02591 9 
0 1.07773 9 
0 1.08332 9 
0 1.10475 9 
0 1.12246 9 
0 1.15638 9 
0 1.15941 9 
0 1.15948 9 
0 1.21067 9 
0 1.34399 9 
0 1.3448 9 
0 1.37563 9 
0 1.428 9 
0 1.4598 9 
0 inf 9 
0 0.0164997 10 
0 0.0406457 10 
0 0.0413088 10 
0 0.0444829 10 
0 0.0483894 10 
0 0.053378 10 
0 0.0543979 10 
0 0.055546 10 
0 0.0574736 10 
0 0.0789026 10 
0 0.0807206 10 
0 0.0823939 10 
0 0.085418 10 
0 0.122119 10 
0 0.125372 10 
0 0.1309 10 
0 0.145074 10 
0 0.145513 10 
0 0.149718 10 
0 0.166532 10 
0 0.172211 10 
0 0.17741 10 
0 0.184817 10 
0 0.227082 10 
0 0.228291 10 
0 0.235184 10 
0 0.248595 10 
0 0.264071 10 
0 0.335211 10 
0 0.338981 10 
0 0.339863 10 
0 0.349952 10 
0 0.355379 10 
0 0.380812 10 
0 0.390481 10 
0 0.410778 10 
0 0.413633 10 
0 0.415262 10 
0 0.422997 10 
0 0.424646 10 
0 0.436675 10 
0 0.449071 10 
0 0.451629 10 
0 0.461822 10 
0 0.472477 10 
0 0.474782 10 
0 0.483216 10 
0 0.483216 10 
0 0.509542 10 
0 0.541254 10 
0 0.561872 10 
0 0.565493 10 
0 0.571559 10 
0 0.589 10 
0 0.659748 10 
0 0.660779 10 
0 0.676273 10 
0 0.677681 10 
0 0.716812 10 
0 0.717942 10 
0 0.71798 10 
0 0.726863 10 
0 0.727861 10 
0 0.756907 10 
0 0.777174 10 
0 0.778614 10 
0 0.779604 10 
0 0.800777 10 
0 0.802984 10 
0 0.824497 10 
0 0.83332 10 
0 0.835768 10 
0 0.889417 10 
0 0.902988 10 
0 0.924099 10 
0 0.937657 10 
0 0.939292 10 
0 0.996193 10 
0 1.03546 10 
0 1.07119 10 
0 1.07362 10 
0 1.09672 10 
0 1.12441 10 
0 1.15451 10 
0 1.15458 10 
0 1.1555 10 
0 1.18113 10 
0 1.19732 10 
0 1.20355 10 
0 1.31564 10 
0 1.31589 10 
0 1.60438 10 
0 1.60502 10 
0 1.63551 10 
0 1.63622 10 
0 inf 10 
0 0.0233388 11 
0 0.0421749 11 
0 0.0634758 11 
0 0.068826 11 
0 0.0819406 11 
0 0.0841307 11 
0 0.113203 11 
0 0.134308 11 
0 0.136202 11 
0 0.145974 11 
0 0.15541 11 
0 0.158603 11 
0 0.172606 11 
0 0.18772 11 
0 0.207052 11 
0 0.207228 11 
0 0.212888 11 
0 0.221168 11 
0 0.221482 11 
0 0.224412 11 
0 0.263246 11 
0 0.264326 11 
0 0.265149 11 
0 0.31477 11 
0 0.335755 11 
0 0.337519 11 
0 0.337558 11 
0 0.341176 11 
0 0.350017 11 
0 0.353816 11 
0 0.373498 11 
0 0.373498 11 
0 0.374275 11 
0 0.374999 11 
0 0.375362 11 
0 0.37804 11 
0 0.381885 11 
0 0.384959 11 
0 0.409275 11 
0 0.429129 11 
0 0.439837 11 
0 0.4405 11 
0 0.441777 11 
0 0.442966 11 
0 0.44808 11 
0 0.448383 11 
0 0.551998 11 
0 0.552523 11 
0 0.570971 11 
0 0.580445 11 
0 0.58068 11 
0 0.583862 11 
0 0.636286 11 
0 0.641641 11 
0 0.642023 11 
0 0.659506 11 
0 0.659795 11 
0 0.661731 11 
0 0.662485 11 
0 0.722002 11 
0 0.722304 11 
0 0.741243 11 
0 0.742039 11 
0 0.77467 11 
0 0.775794 11 
0 0.784344 11 
0 0.93069 11 
0 0.946951 11 
0 0.949678 11 
0 0.97648 11 
0 0.976554 11 
0 1.00513 11 
0 1.03209 11 
0 1.0349 11 
0 1.03503 11 
0 1.06471 11 
0 1.06743 11 
0 1.15649 11 
0 1.15932 11 
0 1.21448 11 
0 1.21502 11 
0 1.26518 11 
0 1.32639 11 
0 1.32873 11 
0 1.36036 11 
0 1.42678 11 
0 1.42749 11 
0 1.5064 11 
0 1.5065 11 
0 1.96844 11 
0 1.96853 11 
0 inf 11 
0 0.0558693 12 
0 0.0705187 12 
0 0.110277 12 
0 0.12384 12 
0 0.128585 12 
0 0.13343 12 
0 0.140377 12 
0 0.144035 12 
0 0.149156 12 
0 0.161615 12 
0 0.181093 12 
0 0.187265 12 
0 0.190618 12 
0 0.195138 12 
0 0.206915 12 
0 0.209305 12 
0 0.217819 12 
0 0.219466 12 
0 0.241821 12 
0 0.244502 12 
0 0.297595 12 
0 0.320938 12 
0 0.321362 12 
0 0.342609 12 
0 0.349428 12 
0 0.357047 12 
0 0.364293 12 
0 0.377155 12 
0 0.385759 12 
0 0.386393 12 
0 0.408988 12 
0 0.409697 12 
0 0.410781 12 
0 0.413248 12 
0 0.422757 12 
0 0.423957 12 
0 0.42963 12 
0 0.448626 12 
0 0.454615 12 
0 0.472221 12 
0 0.491792 12 
0 0.494149 12 
0 0.497369 12 
0 0.533064 12 
0 0.534425 12 
0 0.541156 12 
0 0.58968 12 
0 0.620274 12 
0 0.620376 12 
0 0.628372 12 
0 0.640295 12 
0 0.655458 12 
0 0.65568 12 
0 0.724474 12 
0 0.725276 12 
0 0.744498 12 
0 0.74664 12 
0 0.77337 12 
0 0.777595 12 
0 0.806161 12 
0 0.816996 12 
0 0.81703 12 
0 0.939658 12 
0 0.939658 12 
0 0.987887 12 
0 0.989457 12 
0 0.990237 12 
0 1.06261 12 
0 1.06749 12 
0 1.08559 12 
0 1.09761 12 
0 1.11643 12 
0 1.11682 12 
0 1.15481 12 
0 1.17274 12 
0 1.20694 12 
0 1.22722 12 
0 1.30984 12 
0 1.31054 12 
0 1.40444 12 
0 1.41932 12 
0 1.4846 12 
0 1.48463 12 
0 1.48529 12 
0 1.51225 12 
0 1.60169 12 
0 1.60173 12 
0 inf 12 
0 0.134049 13 
0 0.13838 13 
0 0.156068 13 
0 0.165302 13 
0 0.180346 13 
0 0.180448 13 
0 0.210266 13 
0 0.238575 13 
0 0.249879 13 
0 0.25576 13 
0 0.293267 13 
0 0.305408 13 
0 0.325294 13 
0 0.332821 13 
0 0.344062 13 
0 0.345406 13 
0 0.359556 13 
0 0.362573 13 
0 0.369883 13 
0 0.37184 13 
0 0.376592 13 
0 0.376809 13 
0 0.393146 13 
0 0.40437 13 
0 0.404549 13 
0 0.4121 13 
0 0.412804 13 
0 0.425919 13 
0 0.448869 13 
0 0.449759 13 
0 0.48035 13 
0 0.484583 13 
0 0.490361 13 
0 0.519505 13 
0 0.523403 13 
0 0.548173 13 
0 0.574887 13 
0 0.576401 13 
0 0.577973 13 
0 0.620471 13 
0 0.62088 13 
0 0.621056 13 
0 0.623379 13 
0 0.634543 13 
0 0.645986 13 
0 0.649653 13 
0 0.66303 13 
0 0.663031 13 
0 0.665694 13 
0 0.692529 13 
0 0.720366 13 
0 0.722292 13 
0 0.722599 13 
0 0.723013 13 
0 0.727967 13 
0 0.758263 13 
0 0.758264 13 
0 0.768142 13 
0 0.776206 13 
0 0.777956 13 
0 0.804155 13 
0 0.804426 13 
0 0.805869 13 
0 0.835998 13 
0 0.937454 13 
0 0.946088 13 
0 0.953052 13 
0 0.954269 13 
0 0.954307 13 
0 1.02318 13 
0 1.02651 13 
0 1.02668 13 
0 1.05881 13 
0 1.06843 13 
0 1.2021 13 
0 1.21181 13 
0 1.21207 13 
0 1.29828 13 
0 1.2987 13 
0 1.30275 13 
0 1.44926 13 
0 1.44943 13 
0 1.45078 13 
0 inf 13 
0 0.0772729 14 
0 0.0990969 14 
0 0.107524 14 
0 0.119736 14 
0 0.125417 14 
0 0.170624 14 
0 0.181797 14 
0 0.218428 14 
0 0.230929 14 
0 0.234973 14 
0 0.284865 14 
0 0.289668 14 
0 0.318783 14 
0 0.32945 14 
0 0.333441 14 
0 0.333522 14 
0 0.334744 14 
0 0.337767 14 
0 0.346081 14 
0 0.34911 14 
0 0.350666 14 
0 0.355759 14 
0 0.359657 14 
0 0.361647 14 
0 0.361823 14 
0 0.362372 14 
0 0.362501 14 
0 0.404747 14 
0 0.406983 14 
0 0.411593 14 
0 0.420757 14 
0 0.433279 14 
0 0.450162 14 
0 0.472103 14 
0 0.472506 14 
0 0.477626 14 
0 0.478084 14 
0 0.480353 14 
0 0.484684 14 
0 0.489882 14 
0 0.491822 14 
0 0.4921 14 
0 0.590814 14 
0 0.611095 14 
0 0.611318 14 
0 0.612578 14 
0 0.630687 14 
0 0.637245 14 
0 0.643219 14 
0 0.645332 14 
0 0.656168 14 
0 0.72396 14 
0 0.740719 14 
0 0.742371 14 
0 0.744653 14 
0 0.772735 14 
0 0.773861 14 
0 0.774424 14 
0 0.775021 14 
0 0.834382 14 
0 0.837075 14 
0 0.837725 14 
0 0.85384 14 
0 0.853882 14 
0 0.857107 14 
0 0.937715 14 
0 0.938866 14 
0 1.06704 14 
0 1.12398 14 
0 1.12603 14 
0 1.12616 14 
0 1.12618 14 
0 1.12691 14 
0 1.12697 14 
0 1.22389 14 
0 1.22407 14 
0 1.22572 14 
0 1.44006 14 
0 1.48751 14 
0 inf 14 
0 0.0456892 15 
0 0.0800438 15 
0 0.0828293 15 
0 0.115271 15 
0 0.137101 15 
0 0.143718 15 
0 0.166913 15 
0 0.192135 15 
0 0.197677 15 
0 0.234578 15 
0 0.245218 15 
0 0.26452 15 
0 0.277925 15 
0 0.278056 15 
0 0.280137 15 
0 0.309451 15 
0 0.316925 15 
0 0.332958 15 
0 0.336105 15 
0 0.33643 15 
0 0.342043 15 
0 0.342282 15 
0 0.345844 15 
0 0.346708 15 
0 0.355494 15 
0 0.3558 15 
0 0.358924 15 
0 0.359555 15 
0 0.363297 15 
0 0.370674 15 
0 0.370797 15 
0 0.371066 15 
0 0.397401 15 
0 0.405553 15 
0 0.411615 15 
0 0.444399 15 
0 0.450684 15 
0 0.452268 15 
0 0.459513 15 
0 0.462683 15 
0 0.472968 15 
0 0.493522 15 
0 0.574651 15 
0 0.607401 15 
0 0.626001 15 
0 0.626508 15 
0 0.627304 15 
0 0.713915 15 
0 0.720618 15 
0 0.7549 15 
0 0.773602 15 
0 0.778758 15 
0 0.780773 15 
0 0.806298 15 
0 0.807141 15 
0 0.807186 15 
0 0.854634 15 
0 0.885185 15 
0 0.951482 15 
0 1.07999 15 
0 1.11598 15 
0 1.1161 15 
0 1.11647 15 
0 1.19722 15 
0 1.19798 15 
0 1.1988 15 
0 1.25614 15 
0 1.25634 15 
0 1.25731 15 
0 1.54039 15 
0 1.54069 15 
0 1.54181 15 
0 1.6071 15 
0 1.60714 15 
0 1.60769 15 
0 inf 15 
0 0.0478217 16 
0 0.0630461 16 
0 0.115106 16 
0 0.141404 16 
0 0.17964 16 
0 0.199004 16 
0 0.262922 16 
0 0.289377 16 
0 0.296808 16 
0 0.297022 16 
0 0.304304 16 
0 0.306303 16 
0 0.312949 16 
0 0.318698 16 
0 0.318897 16 
0 0.319693 16 
0 0.319721 16 
0 0.333989 16 
0 0.334423 16 
0 0.334559 16 
0 0.336614 16 
0 0.359075 16 
0 0.359641 16 
0 0.360588 16 
0 0.360664 16 
0 0.362471 16 
0 0.364769 16 
0 0.367841 16 
0 0.368605 16 
0 0.36922 16 
0 0.370029 16 
0 0.370201 16 
0 0.373327 16 
0 0.378337 16 
0 0.405708 16 
0 0.407427 16 
0 0.407427 16 
0 0.421863 16 
0 0.422636 16 
0 0.423858 16 
0 0.490047 16 
0 0.513469 16 
0 0.51585 16 
0 0.516641 16 
0 0.528244 16 
0 0.656915 16 
0 0.73272 16 
0 0.787557 16 
0 0.861521 16 
0 0.920851 16 
0 0.941096 16 
0 0.97617 16 
0 0.978399 16 
0 0.978511 16 
0 1.02023 16 
0 1.02044 16 
0 1.02079 16 
0 1.07533 16 
0 1.09142 16 
0 1.16318 16 
0 1.1696 16 
0 1.16987 16 
0 1.51287 16 
0 1.5129 16 
0 1.51303 16 
0 1.51581 16 
0 1.51608 16 
0 1.51617 16 
0 1.85733 16 
0 1.87193 16 
0 1.87193 16 
0 inf 16 
0 0.160227 17 
0 0.165739 17 
0 0.171391 17 
0 0.172026 17 
0 0.191947 17 
0 0.200322 17 
0 0.201901 17 
0 0.316725 17 
0 0.317669 17 
0 0.323081 17 
0 0.323165 17 
0 0.34395 17 
0 0.347337 17 
0 0.347755 17 
0 0.349395 17 
0 0.349422 17 
0 0.349603 17 
0 0.352626 17 
0 0.352729 17 
0 0.354676 17 
0 0.354881 17 
0 0.354984 17 
0 0.355111 17 
0 0.35529 17 
0 0.357329 17 
0 0.358165 17 
0 0.358191 17 
0 0.367454 17 
0 0.410533 17 
0 0.412913 17 
0 0.413243 17 
0 0.413594 17 
0 0.425141 17 
0 0.488388 17 
0 0.488518 17 
0 0.488908 17 
0 0.490594 17 
0 0.576099 17 
0 0.644834 17 
0 0.648022 17 
0 0.650258 17 
0 0.724086 17 
0 0.797257 17 
0 0.842924 17 
0 0.845289 17 
0 0.845719 17 
0 0.944257 17 
0 0.96172 17 
0 0.968565 17 
0 0.968687 17 
0 0.969239 17 
0 1.05643 17 
0 1.0565 17 
0 1.05656 17 
0 1.06022 17 
0 1.11397 17 
0 1.19032 17 
0 1.31178 17 
0 1.31358 17 
0 1.31711 17 
0 1.31712 17 
0 1.45056 17 
0 1.45201 17 
0 1.45201 17 
0 1.54289 17 
0 1.54295 17 
0 1.5448 17 
0 inf 17 
0 0.082282 18 
0 0.0835949 18 
0 0.0840278 18 
0 0.113117 18 
0 0.118956 18 
0 0.119489 18 
0 0.121597 18 
0 0.124205 18 
0 0.125006 18 
0 0.312195 18 
0 0.314627 18 
0 0.316008 18 
0 0.359581 18 
0 0.359783 18 
0 0.36175 18 
0 0.362396 18 
0 0.366927 18 
0 0.367495 18 
0 0.368013 18 
0 0.368604 18 
0 0.371328 18 
0 0.37211 18 
0 0.372403 18 
0 0.373205 18 
0 0.373794 18 
0 0.374182 18 
0 0.406646 18 
0 0.408316 18 
0 0.408782 18 
0 0.408938 18 
0 0.539562 18 
0 0.543267 18 
0 0.543667 18 
0 0.543784 18 
0 0.66808 18 
0 0.740689 18 
0 0.754191 18 
0 0.756353 18 
0 0.756785 18 
0 0.808892 18 
0 0.85041 18 
0 0.851023 18 
0 0.854375 18 
0 0.854885 18 
0 0.864412 18 
0 0.876423 18 
0 0.934148 18 
0 0.944235 18 
0 0.94462 18 
0 0.959694 18 
0 0.959703 18 
0 0.959883 18 
0 0.961007 18 
0 1.11811 18 
0 1.22429 18 
0 1.23924 18 
0 1.2417 18 
0 1.27243 18 
0 1.27954 18 
0 1.29524 18 
0 1.29574 18 
0 1.297 18 
0 1.67374 18 
0 inf 18 
0 0.0665461 19 
0 0.0698749 19 
0 0.0698749 19 
0 0.121597 19 
0 0.121971 19 
0 0.129127 19 
0 0.140914 19 
0 0.146718 19 
0 0.147152 19 
0 0.30745 19 
0 0.3126 19 
0 0.313761 19 
0 0.318583 19 
0 0.318667 19 
0 0.318924 19 
0 0.340381 19 
0 0.342906 19 
0 0.343038 19 
0 0.35631 19 
0 0.358746 19 
0 0.359126 19 
0 0.390318 19 
0 0.390528 19 
0 0.392498 19 
0 0.531841 19 
0 0.548462 19 
0 0.550922 19 
0 0.552156 19 
0 0.554835 19 
0 0.555264 19 
0 0.556777 19 
0 0.557819 19 
0 0.620585 19 
0 0.622006 19 
0 0.622556 19 
0 0.624129 19 
0 0.650656 19 
0 0.724949 19 
0 0.736598 19 
0 0.736684 19 
0 0.789643 19 
0 0.797289 19 
0 0.820645 19 
0 0.843677 19 
0 0.843677 19 
0 0.848887 19 
0 0.853579 19 
0 0.950506 19 
0 0.986831 19 
0 0.986987 19 
0 0.987125 19 
0 0.987539 19 
0 1.14366 19 
0 1.16209 19 
0 1.19062 19 
0 1.19154 19 
0 1.1965 19 
0 1.19868 19 
0 1.45501 19 
0 inf 19 
0 0.0931418 20 
0 0.0936277 20 
0 0.0945923 20 
0 0.120397 20 
0 0.122859 20 
0 0.130593 20 
0 0.148865 20 
0 0.156766 20 
0 0.162731 20 
0 0.251798 20 
0 0.258127 20 
0 0.281733 20 
0 0.286898 20 
0 0.313036 20 
0 0.313963 20 
0 0.314656 20 
0 0.321589 20 
0 0.364445 20 
0 0.364942 20 
0 0.365241 20 
0 0.376634 20 
0 0.389126 20 
0 0.392469 20 
0 0.438287 20 
0 0.438887 20 
0 0.43928 20 
0 0.440832 20 
0 0.441387 20 
0 0.441387 20 
0 0.47619 20 
0 0.483848 20 
0 0.485252 20 
0 0.566904 20 
0 0.567928 20 
0 0.588322 20 
0 0.590478 20 
0 0.590724 20 
0 0.691619 20 
0 0.713551 20 
0 0.714111 20 
0 0.714111 20 
0 0.758644 20 
0 0.75868 20 
0 0.901389 20 
0 0.902827 20 
0 0.918573 20 
0 0.918662 20 
0 0.994734 20 
0 0.995318 20 
0 1.16245 20 
0 1.16255 20 
0 1.17978 20 
0 1.18174 20 
0 1.82558 20 
0 1.96314 20 
0 inf 20 
