6.14489 8.56883 1 
1.87785 1.95143 1 
0.84936 2.1192 1 
0.17051 0.18669 1 
0.157448 0.159119 1 
0.143916 0.166591 1 
0.124698 0.137665 1 
0.119159 0.124577 1 
0.118788 0.129765 1 
0.100459 0.113745 1 
0.0956694 0.0989839 1 
0.0898157 0.0925573 1 
0.0847783 0.0874991 1 
0.0779274 0.0801533 1 
0.077742 0.0840878 1 
0.0777376 0.0819665 1 
0.0756353 0.0764085 1 
0.0661119 0.0914334 1 
0.0416019 0.0475204 1 
0.0412447 0.0426479 1 
0.0412407 0.0429897 1 
0.0371256 0.0375206 1 
0.0329406 0.0422919 1 
5.98064 6.70523 2 
5.97653 6.69411 2 
5.78189 5.945 2 
4.91522 6.71774 2 
1.67824 1.7198 2 
0.723193 2.93645 2 
0.234532 0.301664 2 
0.203964 0.205325 2 
0.187862 0.303071 2 
0.124817 0.140306 2 
0.122807 0.126106 2 
0.0783027 0.0888333 2 
0.0773575 0.0874996 2 
0.0680829 0.077361 2 
0.0672144 0.0689361 2 
0.0633935 0.0868257 2 
0.0627013 0.0638584 2 
0.0443365 0.0481414 2 
0.0419534 0.0453051 2 
0.671482 3.10057 3 
0.43181 0.4357 3 
0.300548 0.30433 3 
0.257316 0.304811 3 
0.242411 0.257716 3 
0.101906 0.107648 3 
0.0894933 0.0909565 3 
0.0849485 0.0863189 3 
0.080703 0.08495 3 
0.0790443 0.0863191 3 
0.0784875 0.0819625 3 
0.0777369 0.0814245 3 
0.0754385 0.0819625 3 
0.029661 0.0346737 3 
0.81794 2.93169 4 
0.284602 0.299663 4 
0.25301 0.278191 4 
0.229735 0.273348 4 
0.217531 0.229092 4 
0.199965 0.235534 4 
0.0740623 0.0803368 4 
0.0691509 0.0764068 4 
0.050519 0.0525107 4 
2.56666 2.57203 5 
1.46506 1.60475 5 
1.36314 2.65315 5 
0.234531 0.24046 5 
0.221477 0.260265 5 
0.209145 0.27174 5 
0.205104 0.244934 5 
2.37701 2.61417 6 
2.37083 2.58706 6 
2.37053 2.61149 6 
2.3683 2.5773 6 
2.141 2.30301 6 
1.9793 2.38438 6 
1.97794 2.29353 6 
1.62058 1.77558 6 
1.47039 2.38809 6 
0.258514 0.267876 6 
0.190192 0.220347 6 
0.109538 0.10954 6 
2.11767 2.14994 7 
2.01699 2.38663 7 
2.00329 2.06097 7 
2.00315 2.06232 7 
1.98637 2.05927 7 
1.91971 2.08674 7 
1.90494 2.24753 7 
1.56759 2.31622 7 
0.174501 0.204323 7 
0.131672 0.13541 7 
0.113614 0.116292 7 
2.40741 2.6828 8 
1.98304 2.55436 8 
1.61558 2.08313 8 
1.57185 2.02547 8 
1.56946 2.10399 8 
1.52651 1.64543 8 
0.407597 0.414515 8 
2.33276 2.3475 9 
1.98919 2.08056 9 
1.76868 2.14751 9 
1.62021 1.96661 9 
1.49903 1.75145 9 
1.49438 1.86895 9 
0.805975 0.813045 9 
0.39803 0.408018 9 
0.114257 0.116796 9 
2.3476 2.3496 10 
2.23929 2.30057 10 
1.70223 2.14843 10 
1.70158 2.13318 10 
1.36314 1.60387 10 
0.737699 0.759659 10 
1.97666 2.65293 11 
1.90544 2.53111 11 
1.62002 1.99824 11 
1.61971 2.01601 11 
1.46298 1.55743 11 
1.54614 1.5783 12 
1.47443 1.58613 12 
1.43347 1.5729 12 
1.29376 1.29742 12 
1.18362 1.35788 12 
0.568875 0.592555 12 
1.54674 1.69518 13 
1.05538 1.09796 13 
1.00859 1.11733 13 
1.00018 1.10912 13 
0.860697 1.01595 13 
0.470318 0.521961 13 
1.80281 1.8264 14 
1.75174 1.81485 14 
0.834074 0.83422 14 
0.826947 1.05945 14 
0.540927 0.593458 14 
0.438365 0.495575 14 
2.24261 2.2462 15 
1.57715 1.73261 15 
1.5751 1.72555 15 
1.56696 1.69495 15 
0.911416 1.0198 15 
0.886972 0.95877 15 
0.533174 0.540503 15 
0.435847 0.472828 15 
2.25292 2.34896 16 
2.21612 2.35013 16 
1.56036 1.80682 16 
1.55946 1.75699 16 
1.55904 1.81053 16 
0.813267 0.828242 16 
0.440368 0.460887 16 
1.67294 2.30311 17 
1.67272 2.29939 17 
1.63755 1.6496 17 
1.63342 1.6496 17 
1.60197 1.65046 17 
1.95566 1.97856 18 
1.83331 1.84706 18 
1.67588 1.97856 18 
1.67581 1.99492 18 
0.997362 0.997416 19 
1.34472 1.36921 20 
0.568121 0.594271 20 
