8.28326 8.29817 1 
5.88987 8.54065 1 
0.874478 2.12409 1 
0.271663 0.300149 1 
0.20811 0.23408 1 
0.180727 0.217764 1 
0.177898 0.1779 1 
0.146022 0.16323 1 
0.145618 0.154495 1 
0.140466 0.199739 1 
0.123828 0.124645 1 
0.123355 0.123939 1 
0.120874 0.124174 1 
0.110361 0.12383 1 
0.0895201 0.144426 1 
0.0739439 0.084697 1 
0.0682511 0.0721564 1 
0.0667479 0.0678218 1 
0.0453256 0.0462712 1 
0.0453161 0.0504582 1 
0.0453161 0.0521404 1 
0.0416539 0.0426898 1 
0.0409718 0.0423545 1 
0.036483 0.0372622 1 
0.0348587 0.0368747 1 
0.0344438 0.0398924 1 
0.0327253 0.0413194 1 
6.32181 6.38826 2 
6.31948 6.32138 2 
4.90791 6.39521 2 
0.735796 2.90213 2 
0.268829 0.271503 2 
0.224243 0.261465 2 
0.222095 0.227564 2 
0.220267 0.230596 2 
0.207837 0.263893 2 
0.201683 0.276465 2 
0.19475 0.206714 2 
0.182957 0.225584 2 
0.178475 0.213462 2 
0.138391 0.139639 2 
0.0925446 0.109312 2 
0.0725624 0.0808598 2 
0.0693017 0.0781256 2 
0.068247 0.0770171 2 
0.0649919 0.0695009 2 
0.0636494 0.066752 2 
0.0624884 0.062717 2 
0.0462701 0.0495925 2 
0.0426949 0.043695 2 
0.0420102 0.0426949 2 
0.0406049 0.0456343 2 
0.0384041 0.0484056 2 
0.0368831 0.0427009 2 
0.036481 0.0384097 2 
0.673671 3.11598 3 
0.477403 0.486047 3 
0.244836 0.25689 3 
0.232284 0.23297 3 
0.222359 0.264049 3 
0.180485 0.199372 3 
0.166827 0.213662 3 
0.132844 0.142004 3 
0.0640977 0.0669665 3 
0.062729 0.0682472 3 
0.059405 0.0636435 3 
0.0576808 0.0613326 3 
0.0436876 0.0440238 3 
0.0372622 0.0430213 3 
0.0348494 0.0368703 3 
3.01932 3.30975 4 
3.01932 3.31227 4 
3.01916 3.30864 4 
3.01161 3.29554 4 
0.814831 3.0638 4 
0.221509 0.250328 4 
0.212848 0.228836 4 
0.203038 0.205095 4 
0.156811 0.164292 4 
0.0808602 0.0815727 4 
0.0741425 0.0768261 4 
0.0723641 0.0882179 4 
0.0676128 0.0733554 4 
0.0545902 0.0627273 4 
0.0468903 0.0504539 4 
0.0462677 0.0474968 4 
2.77006 3.28126 5 
2.768 3.27591 5 
2.76798 3.27558 5 
2.76622 3.25089 5 
1.18337 2.75365 5 
0.228954 0.245486 5 
0.224563 0.231467 5 
0.223391 0.22826 5 
0.170937 0.179118 5 
0.156812 0.16376 5 
0.135646 0.135753 5 
0.126484 0.154955 5 
0.111015 0.11943 5 
0.103321 0.111536 5 
0.103321 0.110363 5 
0.0940885 0.106495 5 
2.37765 2.40081 6 
2.37677 2.40046 6 
2.34097 2.42817 6 
2.34026 2.46814 6 
2.3215 2.3532 6 
2.01312 2.0806 6 
1.84582 2.50477 6 
1.2692 1.38551 6 
0.222291 0.22642 6 
0.168722 0.215956 6 
0.14964 0.151658 6 
0.142915 0.150212 6 
0.130979 0.13098 6 
0.101487 0.107978 6 
0.101201 0.110101 6 
0.0999063 0.107978 6 
0.0617972 0.0624893 6 
2.07016 2.36804 7 
2.06688 2.21878 7 
2.02133 2.20376 7 
2.01723 2.20334 7 
2.01497 2.20429 7 
2.00239 2.10325 7 
1.99743 2.28672 7 
1.97848 2.16992 7 
0.225777 0.270062 7 
0.0985952 0.109706 7 
2.65163 2.68182 8 
1.7938 2.0141 8 
1.72254 1.88746 8 
1.61705 1.64405 8 
1.60666 1.99247 8 
0.251998 0.262076 8 
0.127736 0.128527 8 
0.0762521 0.0922243 8 
1.99267 2.0218 9 
1.94191 1.97661 9 
1.91278 2.16001 9 
1.86701 1.92411 9 
1.86066 1.90416 9 
1.797 1.85969 9 
1.55916 1.74433 9 
1.52068 1.94692 9 
1.2002 1.76855 9 
0.472737 0.53504 9 
0.219345 0.223786 9 
2.46986 2.49061 10 
1.02395 1.59606 10 
0.0733491 0.0784995 10 
2.3417 2.40629 11 
2.2063 2.34663 11 
1.20859 1.46503 11 
1.38927 1.39955 12 
1.36382 1.50003 12 
1.29758 1.50957 12 
1.27048 1.59868 12 
1.26888 1.72096 12 
1.25676 1.32795 12 
1.17092 1.19099 13 
1.16182 1.38573 13 
1.12015 1.37028 13 
1.11051 1.28737 13 
0.845108 1.04915 13 
0.640267 0.654988 13 
0.443246 0.444019 13 
1.94333 2.01398 14 
1.52379 1.54399 14 
1.51625 1.53715 14 
1.51515 1.53398 14 
0.908716 0.908858 14 
0.876865 0.983956 14 
0.863846 0.959936 14 
0.729665 0.780477 14 
0.729665 0.735601 14 
0.693061 0.712066 14 
0.674079 0.685932 14 
0.673113 0.682383 14 
0.507959 0.532119 14 
0.403882 0.406217 14 
2.45735 2.47003 15 
0.921772 0.959149 15 
0.915554 0.938151 15 
2.52544 2.64721 16 
2.49114 2.53243 16 
1.88648 2.2463 17 
1.88644 2.24627 17 
1.34626 1.3949 17 
1.34626 1.4158 17 
1.21245 1.40722 17 
1.21177 1.41053 17 
1.21147 1.41057 17 
1.51586 1.51784 18 
1.26226 1.39839 18 
1.26199 1.49226 18 
0.605184 0.633944 19 
0.597738 0.637119 20 
0.502785 0.540327 20 
0.410361 0.465895 20 
0.402531 0.464278 20 
0.399755 0.463779 20 
