4.93887 8.28618 1 
1.56767 1.58749 1 
0.790279 2.10176 1 
0.601416 0.645902 1 
0.268783 0.287253 1 
0.228285 0.241387 1 
0.190361 0.364066 1 
0.0816419 0.0881677 1 
0.0679291 0.0692515 1 
0.0590754 0.0757545 1 
0.0484569 0.0499699 1 
0.0468985 0.0484619 1 
0.0449157 0.0542556 1 
0.038796 0.0394333 1 
0.0377124 0.0394282 1 
0.0370465 0.0396336 1 
0.0363775 0.0370498 1 
0.0325337 0.0330341 1 
0.0287566 0.0327898 1 
0.0263535 0.0269762 1 
0.0250665 0.0260404 1 
0.0237148 0.0237165 1 
6.11768 6.19069 2 
6.11361 6.16235 2 
4.11457 6.20754 2 
0.646181 2.67469 2 
0.366011 0.367998 2 
0.27642 0.28424 2 
0.187074 0.28598 2 
0.0947694 0.109269 2 
0.0564962 0.0589295 2 
0.0430369 0.0449112 2 
0.0385745 0.040664 2 
0.0381523 0.0394302 2 
0.0379271 0.0418644 2 
0.0361435 0.0484569 2 
0.0340222 0.034746 2 
0.0340162 0.0347378 2 
0.0337791 0.0379271 2 
3.97236 4.77686 3 
3.97086 4.67255 3 
3.83296 4.78691 3 
0.62778 2.4252 3 
0.217983 0.242685 3 
0.217414 0.227235 3 
0.213928 0.237104 3 
0.209982 0.244179 3 
0.167039 0.24637 3 
0.0548539 0.058085 3 
0.0447291 0.0463639 3 
0.0434248 0.0445454 3 
0.0424528 0.0482898 3 
0.0400534 0.0414707 3 
0.0394292 0.0404669 3 
0.0385809 0.0454646 3 
0.0366 0.044359 3 
1.34362 1.37554 4 
1.19133 1.37555 4 
1.1837 2.33535 4 
0.233838 0.238491 4 
0.187741 0.225334 4 
0.187167 0.225663 4 
0.181239 0.256726 4 
0.153945 0.168957 4 
0.0424633 0.0428421 4 
0.0361502 0.0412745 4 
1.82675 1.83451 5 
1.80101 1.8786 5 
1.63184 2.07573 5 
0.176474 0.212171 5 
0.163436 0.170173 5 
0.160158 0.17056 5 
0.157246 0.219379 5 
0.0436123 0.0489694 5 
2.45568 2.58483 6 
2.44234 2.46197 6 
2.12688 2.41295 6 
2.11081 2.41849 6 
2.08565 2.40285 6 
1.83769 1.86026 6 
1.76063 1.87153 6 
1.62814 1.66391 6 
0.193295 0.20653 6 
0.151025 0.154596 6 
0.146238 0.163941 6 
0.044549 0.0499707 6 
2.98716 2.98781 7 
2.2532 2.38505 7 
1.78136 2.18651 7 
1.67725 2.05013 7 
1.65584 2.09093 7 
1.62358 1.64904 7 
1.60479 1.65623 7 
1.11684 1.14439 7 
0.135613 0.14106 7 
1.65204 1.74169 8 
1.58174 2.03029 8 
1.51582 1.77221 8 
1.51322 1.94326 8 
1.36903 1.48954 8 
1.21767 1.83269 8 
0.16088 0.162269 8 
0.133589 0.134024 8 
2.70428 2.7051 9 
2.03136 2.19806 9 
1.90506 1.95384 9 
1.79128 1.90163 9 
1.17304 1.34649 9 
1.1499 1.63158 9 
0.145389 0.194615 9 
1.7344 1.88589 10 
1.6232 1.76996 10 
1.28124 1.49347 10 
1.14699 1.38579 10 
1.13665 1.37122 10 
1.09824 1.15362 10 
1.03027 1.03189 10 
1.02956 1.11298 10 
0.10503 0.113214 10 
1.15855 1.25553 11 
1.12879 1.38418 11 
1.12849 1.26315 11 
1.1266 1.20233 11 
1.09125 1.10594 11 
1.04653 1.23449 11 
0.978094 1.05563 11 
0.899464 1.02079 11 
0.806779 0.935003 11 
0.578706 0.615295 11 
1.35935 1.56015 12 
1.23693 1.28809 12 
1.17393 1.25188 12 
1.10898 1.36218 12 
1.10891 1.24828 12 
1.07181 1.12202 12 
1.05499 1.07385 12 
1.00656 1.02295 12 
0.785998 0.992335 12 
0.525199 0.565711 12 
0.50197 0.545092 12 
0.423044 0.42345 12 
1.70787 1.73191 13 
1.6934 1.71897 13 
1.51752 1.5191 13 
1.51228 1.5281 13 
1.36785 1.40672 13 
1.08649 1.1006 13 
0.423942 0.491653 13 
1.964 2.02521 14 
1.9449 1.99281 14 
1.93969 1.98522 14 
1.37294 1.42039 14 
0.726975 0.7306 14 
0.429526 0.494022 14 
1.59147 1.69003 15 
1.59039 1.6904 15 
1.3287 1.42854 15 
1.27409 1.51152 15 
1.273 1.28869 15 
0.450988 0.493984 15 
1.3717 1.38064 16 
1.25193 1.31982 16 
1.21322 1.27122 16 
1.21314 1.44248 16 
1.20882 1.21713 16 
1.20052 1.23908 16 
1.11319 1.24905 16 
0.752379 0.851013 16 
0.298673 0.347585 16 
0.464828 0.466851 19 
0.62484 0.636692 20 
0.518089 0.539112 20 
