0 0.0123467 1 
0 0.0130128 1 
0 0.0130159 1 
0 0.0188584 1 
0 0.0201593 1 
0 0.0209942 1 
0 0.0221627 1 
0 0.0221627 1 
0 0.0225459 1 
0 0.023285 1 
0 0.0236415 1 
0 0.0236432 1 
0 0.0240029 1 
0 0.025033 1 
0 0.026035 1 
0 0.0266744 1 
0 0.026676 1 
0 0.026679 1 
0 0.026679 1 
0 0.0273049 1 
0 0.0279137 1 
0 0.0282161 1 
0 0.0285124 1 
0 0.0288071 1 
0 0.0291058 1 
0 0.0296792 1 
0 0.0299611 1 
0 0.0302376 1 
0 0.0302444 1 
0 0.0302539 1 
0 0.0310762 1 
0 0.0310815 1 
0 0.0310815 1 
0 0.0313442 1 
0 0.0316086 1 
0 0.0324088 1 
0 0.0331842 1 
0 0.033439 1 
0 0.0354102 1 
0 0.0356448 1 
0 0.0358795 1 
0 0.0363484 1 
0 0.0372673 1 
0 0.0396945 1 
0 0.0407506 1 
0 0.042968 1 
0 0.0437445 1 
0 0.0445119 1 
0 0.0445175 1 
0 0.0471084 1 
0 0.0476449 1 
0 0.0492204 1 
0 0.0502361 1 
0 0.0517391 1 
0 0.0525433 1 
0 0.0533472 1 
0 0.0550608 1 
0 0.0607702 1 
0 0.0654633 1 
0 0.0659819 1 
0 0.0672553 1 
0 0.0680043 1 
0 0.0689964 1 
0 0.0709384 1 
0 0.0710515 1 
0 0.0758926 1 
0 0.0764406 1 
0 0.0767729 1 
0 0.0780851 1 
0 0.0780961 1 
0 0.0829319 1 
0 0.0849415 1 
0 0.0893177 1 
0 0.0907343 1 
0 0.0935816 1 
0 0.0989529 1 
0 0.103719 1 
0 0.105653 1 
0 0.112788 1 
0 0.113239 1 
0 0.116918 1 
0 0.118494 1 
0 0.126185 1 
0 0.127254 1 
0 0.13374 1 
0 0.134187 1 
0 0.142516 1 
0 0.144402 1 
0 0.146262 1 
0 0.147883 1 
0 0.148908 1 
0 0.158012 1 
0 0.162087 1 
0 0.171531 1 
0 0.181751 1 
0 0.191061 1 
0 0.215204 1 
0 0.225016 1 
0 0.241537 1 
0 0.245259 1 
0 0.247459 1 
0 0.251164 1 
0 0.287929 1 
0 0.298387 1 
0 0.369982 1 
0 0.388529 1 
0 0.42722 1 
0 0.455893 1 
0 0.473435 1 
0 0.50616 1 
0 0.52339 1 
0 0.536549 1 
0 0.55242 1 
0 0.571628 1 
0 0.59703 1 
0 0.620924 1 
0 0.699579 1 
0 0.744367 1 
0 0.770007 1 
0 0.796722 1 
0 1.39325 1 
0 1.42365 1 
0 1.56737 1 
0 2.33455 1 
0 2.3812 1 
0 2.95554 1 
0 3.21629 1 
0 4.76569 1 
0 4.79667 1 
0 4.96074 1 
0 5.02237 1 
0 inf 1 
0 0.0130159 2 
0 0.0184028 2 
0 0.0193032 2 
0 0.0201593 2 
0 0.0209864 2 
0 0.0225424 2 
0 0.0236432 2 
0 0.0253747 2 
0 0.0257054 2 
0 0.0260255 2 
0 0.0266744 2 
0 0.0272973 2 
0 0.027608 2 
0 0.0302539 2 
0 0.0310735 2 
0 0.0316138 2 
0 0.0316138 2 
0 0.0329337 2 
0 0.0336907 2 
0 0.0344345 2 
0 0.0346845 2 
0 0.0363527 2 
0 0.0365808 2 
0 0.0372795 2 
0 0.0381626 2 
0 0.0386093 2 
0 0.0390475 2 
0 0.0392625 2 
0 0.0394801 2 
0 0.0394813 2 
0 0.0398985 2 
0 0.0399057 2 
0 0.0409503 2 
0 0.0413607 2 
0 0.0415664 2 
0 0.0415684 2 
0 0.0415702 2 
0 0.042969 2 
0 0.0433648 2 
0 0.0443291 2 
0 0.044332 2 
0 0.0447105 2 
0 0.0462077 2 
0 0.0463848 2 
0 0.0476441 2 
0 0.0504081 2 
0 0.0531881 2 
0 0.0541336 2 
0 0.0550688 2 
0 0.0568853 2 
0 0.0644192 2 
0 0.0644237 2 
0 0.0700877 2 
0 0.0704492 2 
0 0.0731571 2 
0 0.078848 2 
0 0.0870144 2 
0 0.0896095 2 
0 0.0926723 2 
0 0.0927638 2 
0 0.111129 2 
0 0.11256 2 
0 0.112635 2 
0 0.118291 2 
0 0.128975 2 
0 0.136573 2 
0 0.13713 2 
0 0.140355 2 
0 0.146789 2 
0 0.158601 2 
0 0.167231 2 
0 0.171384 2 
0 0.173007 2 
0 0.173741 2 
0 0.174856 2 
0 0.185886 2 
0 0.188246 2 
0 0.188921 2 
0 0.190037 2 
0 0.196441 2 
0 0.200703 2 
0 0.201125 2 
0 0.204051 2 
0 0.2055 2 
0 0.209373 2 
0 0.209373 2 
0 0.21187 2 
0 0.214932 2 
0 0.223999 2 
0 0.258051 2 
0 0.258612 2 
0 0.270581 2 
0 0.297754 2 
0 0.29977 2 
0 0.320377 2 
0 0.377294 2 
0 0.41457 2 
0 0.45651 2 
0 0.463726 2 
0 0.467393 2 
0 0.47284 2 
0 0.480039 2 
0 0.482572 2 
0 0.528573 2 
0 0.567964 2 
0 0.568188 2 
0 0.591676 2 
0 0.606738 2 
0 0.606738 2 
0 0.626029 2 
0 0.627899 2 
0 0.650404 2 
0 0.73032 2 
0 1.09832 2 
0 1.39206 2 
0 1.88646 2 
0 1.93656 2 
0 2.23869 2 
0 2.32716 2 
0 3.42213 2 
0 3.60122 2 
0 3.60466 2 
0 3.86409 2 
0 3.92981 2 
0 4.00533 2 
0 4.22955 2 
0 4.23093 2 
0 inf 2 
0 0.0159438 3 
0 0.0201654 3 
0 0.0213928 3 
0 0.0229212 3 
0 0.0236363 3 
0 0.0246983 3 
0 0.0257054 3 
0 0.0260319 3 
0 0.0263528 3 
0 0.0263528 3 
0 0.0269907 3 
0 0.0269907 3 
0 0.0279152 3 
0 0.0293947 3 
0 0.0296848 3 
0 0.0302392 3 
0 0.0305278 3 
0 0.0305291 3 
0 0.0310709 3 
0 0.0313402 3 
0 0.0318876 3 
0 0.0324092 3 
0 0.0324092 3 
0 0.0326639 3 
0 0.0329287 3 
0 0.0331904 3 
0 0.0396913 3 
0 0.0396935 3 
0 0.0407445 3 
0 0.0407463 3 
0 0.0425741 3 
0 0.0447094 3 
0 0.0460199 3 
0 0.0474633 3 
0 0.0474638 3 
0 0.0479982 3 
0 0.0488734 3 
0 0.0510779 3 
0 0.0528702 3 
0 0.057181 3 
0 0.0602075 3 
0 0.0611904 3 
0 0.0624196 3 
0 0.0664937 3 
0 0.0704515 3 
0 0.0739711 3 
0 0.0788465 3 
0 0.0891325 3 
0 0.0902668 3 
0 0.0909201 3 
0 0.0947493 3 
0 0.0961706 3 
0 0.0986895 3 
0 0.106855 3 
0 0.109357 3 
0 0.111662 3 
0 0.114063 3 
0 0.116264 3 
0 0.116405 3 
0 0.116555 3 
0 0.130544 3 
0 0.132349 3 
0 0.137431 3 
0 0.144926 3 
0 0.149193 3 
0 0.151109 3 
0 0.152097 3 
0 0.153226 3 
0 0.159451 3 
0 0.166979 3 
0 0.18318 3 
0 0.193003 3 
0 0.193617 3 
0 0.199521 3 
0 0.199901 3 
0 0.201377 3 
0 0.222179 3 
0 0.232239 3 
0 0.30841 3 
0 0.309364 3 
0 0.321066 3 
0 0.335143 3 
0 0.338163 3 
0 0.338804 3 
0 0.409919 3 
0 0.415113 3 
0 0.415303 3 
0 0.425007 3 
0 0.465169 3 
0 0.468187 3 
0 0.484168 3 
0 0.489181 3 
0 0.490151 3 
0 0.49041 3 
0 0.508618 3 
0 0.522731 3 
0 0.528562 3 
0 0.555893 3 
0 0.557146 3 
0 0.578121 3 
0 0.596617 3 
0 0.59952 3 
0 0.614843 3 
0 0.615043 3 
0 0.7393 3 
0 1.02042 3 
0 1.02155 3 
0 1.30004 3 
0 1.37465 3 
0 1.81443 3 
0 1.88481 3 
0 1.88588 3 
0 1.88822 3 
0 1.88881 3 
0 1.89764 3 
0 2.94 3 
0 3.34362 3 
0 3.35225 3 
0 3.35325 3 
0 3.41039 3 
0 4.02056 3 
0 4.18674 3 
0 4.19639 3 
0 inf 3 
0 0.0123467 4 
0 0.0169707 4 
0 0.0188584 4 
0 0.0201593 4 
0 0.0221627 4 
0 0.0221627 4 
0 0.0243557 4 
0 0.026359 4 
0 0.0266744 4 
0 0.0276139 4 
0 0.0279181 4 
0 0.0316151 4 
0 0.0324053 4 
0 0.0334403 4 
0 0.0351662 4 
0 0.0361157 4 
0 0.0368146 4 
0 0.0372702 4 
0 0.0372739 4 
0 0.037501 4 
0 0.0377232 4 
0 0.0394822 4 
0 0.0409522 4 
0 0.041775 4 
0 0.041775 4 
0 0.0417755 4 
0 0.0441335 4 
0 0.0443245 4 
0 0.0445175 4 
0 0.0447114 4 
0 0.0456452 4 
0 0.049218 4 
0 0.0505742 4 
0 0.0509071 4 
0 0.0510735 4 
0 0.0517332 4 
0 0.0523927 4 
0 0.053983 4 
0 0.05553 4 
0 0.0573294 4 
0 0.066617 4 
0 0.0715265 4 
0 0.0723488 4 
0 0.0853507 4 
0 0.0867244 4 
0 0.093136 4 
0 0.0958116 4 
0 0.106855 4 
0 0.118364 4 
0 0.119005 4 
0 0.131955 4 
0 0.138174 4 
0 0.147994 4 
0 0.151667 4 
0 0.153007 4 
0 0.154106 4 
0 0.154271 4 
0 0.154547 4 
0 0.156507 4 
0 0.174808 4 
0 0.190703 4 
0 0.191106 4 
0 0.191588 4 
0 0.19172 4 
0 0.195577 4 
0 0.206034 4 
0 0.210912 4 
0 0.24466 4 
0 0.268317 4 
0 0.300138 4 
0 0.313817 4 
0 0.32819 4 
0 0.35869 4 
0 0.365882 4 
0 0.380521 4 
0 0.398566 4 
0 0.404668 4 
0 0.425445 4 
0 0.426142 4 
0 0.440634 4 
0 0.44827 4 
0 0.449024 4 
0 0.452752 4 
0 0.485259 4 
0 0.491795 4 
0 0.495466 4 
0 0.504721 4 
0 0.514765 4 
0 0.518323 4 
0 0.526108 4 
0 0.536389 4 
0 0.542905 4 
0 0.543841 4 
0 0.568375 4 
0 0.574378 4 
0 0.681205 4 
0 0.787242 4 
0 0.993704 4 
0 1.01492 4 
0 1.11767 4 
0 1.39672 4 
0 1.4864 4 
0 1.50524 4 
0 1.70898 4 
0 1.75969 4 
0 1.776 4 
0 1.77678 4 
0 1.7773 4 
0 1.78682 4 
0 1.79019 4 
0 1.79309 4 
0 1.80911 4 
0 2.50688 4 
0 2.50753 4 
0 2.5849 4 
0 2.61652 4 
0 2.82079 4 
0 2.82617 4 
0 2.83219 4 
0 inf 4 
0 0.0123467 5 
0 0.0188584 5 
0 0.0188584 5 
0 0.0209844 5 
0 0.0209844 5 
0 0.0225424 5 
0 0.0243573 5 
0 0.0253779 5 
0 0.0257054 5 
0 0.0296808 5 
0 0.0308044 5 
0 0.0313474 5 
0 0.033688 5 
0 0.0396966 5 
0 0.0411599 5 
0 0.0413638 5 
0 0.0415703 5 
0 0.0423772 5 
0 0.0431661 5 
0 0.0435564 5 
0 0.0456488 5 
0 0.0462023 5 
0 0.0483548 5 
0 0.0488748 5 
0 0.049564 5 
0 0.0562882 5 
0 0.0562882 5 
0 0.0565833 5 
0 0.0582076 5 
0 0.0590777 5 
0 0.0621501 5 
0 0.0628232 5 
0 0.0628271 5 
0 0.0649498 5 
0 0.0652097 5 
0 0.0731664 5 
0 0.0806556 5 
0 0.0878888 5 
0 0.0883698 5 
0 0.0890324 5 
0 0.0890382 5 
0 0.0906405 5 
0 0.091569 5 
0 0.0923925 5 
0 0.0934008 5 
0 0.095636 5 
0 0.0976585 5 
0 0.0977404 5 
0 0.116995 5 
0 0.11865 5 
0 0.118863 5 
0 0.118926 5 
0 0.118935 5 
0 0.12592 5 
0 0.15066 5 
0 0.152005 5 
0 0.180425 5 
0 0.180531 5 
0 0.188697 5 
0 0.221683 5 
0 0.282793 5 
0 0.298639 5 
0 0.299546 5 
0 0.304594 5 
0 0.377006 5 
0 0.393213 5 
0 0.398695 5 
0 0.402351 5 
0 0.412755 5 
0 0.415148 5 
0 0.415349 5 
0 0.415656 5 
0 0.418954 5 
0 0.4195 5 
0 0.420278 5 
0 0.445597 5 
0 0.484718 5 
0 0.491684 5 
0 0.498136 5 
0 0.499918 5 
0 0.503234 5 
0 0.506505 5 
0 0.50866 5 
0 0.508907 5 
0 0.537074 5 
0 0.538176 5 
0 0.53967 5 
0 0.701294 5 
0 0.77034 5 
0 0.828729 5 
0 1.02051 5 
0 1.07949 5 
0 1.30974 5 
0 1.32295 5 
0 1.34353 5 
0 1.34412 5 
0 1.34649 5 
0 1.35067 5 
0 1.36122 5 
0 1.40183 5 
0 1.44746 5 
0 1.69995 5 
0 1.80153 5 
0 1.80245 5 
0 1.80308 5 
0 1.80885 5 
0 1.8247 5 
0 1.89265 5 
0 1.91977 5 
0 1.92152 5 
0 1.93428 5 
0 2.19439 5 
0 2.45924 5 
0 2.46517 5 
0 2.50825 5 
0 inf 5 
0 0.0184118 6 
0 0.0188606 6 
0 0.0213889 6 
0 0.0243506 6 
0 0.0247017 6 
0 0.0260319 6 
0 0.0285168 6 
0 0.0296763 6 
0 0.0341908 6 
0 0.0354067 6 
0 0.0379466 6 
0 0.0390457 6 
0 0.0392631 6 
0 0.0403278 6 
0 0.0407455 6 
0 0.0485252 6 
0 0.0486969 6 
0 0.0520625 6 
0 0.0520625 6 
0 0.0528671 6 
0 0.0556793 6 
0 0.0561311 6 
0 0.0571793 6 
0 0.0580613 6 
0 0.0580648 6 
0 0.0583511 6 
0 0.0589259 6 
0 0.0613276 6 
0 0.0617307 6 
0 0.0653318 6 
0 0.0657246 6 
0 0.0666192 6 
0 0.0669993 6 
0 0.0677543 6 
0 0.0691125 6 
0 0.0744246 6 
0 0.0768891 6 
0 0.0768967 6 
0 0.0800269 6 
0 0.0874078 6 
0 0.0882716 6 
0 0.0882742 6 
0 0.115172 6 
0 0.117637 6 
0 0.137985 6 
0 0.141198 6 
0 0.145275 6 
0 0.146323 6 
0 0.151708 6 
0 0.183367 6 
0 0.186025 6 
0 0.210913 6 
0 0.213468 6 
0 0.219026 6 
0 0.222361 6 
0 0.300278 6 
0 0.300279 6 
0 0.335842 6 
0 0.33883 6 
0 0.345083 6 
0 0.347359 6 
0 0.34866 6 
0 0.356978 6 
0 0.360601 6 
0 0.370608 6 
0 0.373953 6 
0 0.39665 6 
0 0.418925 6 
0 0.44438 6 
0 0.475696 6 
0 0.483467 6 
0 0.485303 6 
0 0.486303 6 
0 0.504307 6 
0 0.509571 6 
0 0.522698 6 
0 0.540307 6 
0 0.540856 6 
0 0.560981 6 
0 0.581782 6 
0 0.590741 6 
0 0.595881 6 
0 0.672318 6 
0 0.705184 6 
0 0.729487 6 
0 0.896503 6 
0 1.01932 6 
0 1.05814 6 
0 1.08367 6 
0 1.20119 6 
0 1.26914 6 
0 1.29761 6 
0 1.30109 6 
0 1.30654 6 
0 1.30939 6 
0 1.30948 6 
0 1.32677 6 
0 1.37479 6 
0 1.37544 6 
0 1.37694 6 
0 1.40186 6 
0 1.44791 6 
0 1.67201 6 
0 1.67711 6 
0 1.83187 6 
0 1.84981 6 
0 2.04897 6 
0 2.38542 6 
0 2.38556 6 
0 2.386 6 
0 2.40218 6 
0 inf 6 
0 0.0174608 7 
0 0.020584 7 
0 0.0288089 7 
0 0.0293933 7 
0 0.0313428 7 
0 0.0349219 7 
0 0.0349228 7 
0 0.0354043 7 
0 0.0358795 7 
0 0.0379439 7 
0 0.0495632 7 
0 0.0517306 7 
0 0.0530294 7 
0 0.0530294 7 
0 0.0610474 7 
0 0.061877 7 
0 0.0645543 7 
0 0.0650753 7 
0 0.0692313 7 
0 0.0705704 7 
0 0.0755529 7 
0 0.0757834 7 
0 0.0765534 7 
0 0.0769968 7 
0 0.0794859 7 
0 0.0794879 7 
0 0.0806581 7 
0 0.0817989 7 
0 0.0822116 7 
0 0.0822123 7 
0 0.0822163 7 
0 0.0835446 7 
0 0.0845519 7 
0 0.0850502 7 
0 0.0920336 7 
0 0.0968709 7 
0 0.0973059 7 
0 0.109828 7 
0 0.112945 7 
0 0.112945 7 
0 0.125037 7 
0 0.138966 7 
0 0.160352 7 
0 0.191681 7 
0 0.193661 7 
0 0.193967 7 
0 0.209139 7 
0 0.209968 7 
0 0.210469 7 
0 0.237718 7 
0 0.259259 7 
0 0.268503 7 
0 0.290559 7 
0 0.353652 7 
0 0.358291 7 
0 0.380268 7 
0 0.398484 7 
0 0.404677 7 
0 0.408012 7 
0 0.41306 7 
0 0.428797 7 
0 0.44396 7 
0 0.470376 7 
0 0.487597 7 
0 0.489245 7 
0 0.49075 7 
0 0.49278 7 
0 0.496464 7 
0 0.503864 7 
0 0.506731 7 
0 0.516069 7 
0 0.51833 7 
0 0.522219 7 
0 0.524015 7 
0 0.687415 7 
0 0.730699 7 
0 0.741142 7 
0 0.744956 7 
0 0.746296 7 
0 0.750598 7 
0 0.750913 7 
0 0.987475 7 
0 1.00141 7 
0 1.04872 7 
0 1.12754 7 
0 1.26348 7 
0 1.29474 7 
0 1.29735 7 
0 1.2998 7 
0 1.31034 7 
0 1.32459 7 
0 1.37351 7 
0 1.39223 7 
0 1.39437 7 
0 1.40337 7 
0 1.40794 7 
0 1.43147 7 
0 1.44767 7 
0 1.5844 7 
0 1.80016 7 
0 1.82007 7 
0 1.82418 7 
0 1.82497 7 
0 1.83659 7 
0 1.83872 7 
0 1.8403 7 
0 2.08681 7 
0 inf 7 
0 0.0217755 8 
0 0.0240021 8 
0 0.027608 8 
0 0.0346849 8 
0 0.041568 8 
0 0.0417716 8 
0 0.0476475 8 
0 0.0510763 8 
0 0.0518997 8 
0 0.0589296 8 
0 0.0626879 8 
0 0.0642909 8 
0 0.0696063 8 
0 0.0706818 8 
0 0.0718783 8 
0 0.0749937 8 
0 0.077114 8 
0 0.0782025 8 
0 0.0804397 8 
0 0.08344 8 
0 0.0882732 8 
0 0.0889466 8 
0 0.089989 8 
0 0.0909221 8 
0 0.0911991 8 
0 0.0913923 8 
0 0.0944838 8 
0 0.103793 8 
0 0.103962 8 
0 0.107877 8 
0 0.108345 8 
0 0.10967 8 
0 0.111206 8 
0 0.115977 8 
0 0.11598 8 
0 0.17529 8 
0 0.176262 8 
0 0.18319 8 
0 0.191019 8 
0 0.195619 8 
0 0.212512 8 
0 0.220524 8 
0 0.2371 8 
0 0.265875 8 
0 0.285355 8 
0 0.292158 8 
0 0.293693 8 
0 0.325812 8 
0 0.334559 8 
0 0.34195 8 
0 0.34451 8 
0 0.345474 8 
0 0.388989 8 
0 0.389127 8 
0 0.401177 8 
0 0.409369 8 
0 0.411787 8 
0 0.419849 8 
0 0.426669 8 
0 0.437657 8 
0 0.469327 8 
0 0.469615 8 
0 0.488667 8 
0 0.491139 8 
0 0.501809 8 
0 0.507606 8 
0 0.513702 8 
0 0.521582 8 
0 0.524496 8 
0 0.549714 8 
0 0.558449 8 
0 0.560462 8 
0 0.566224 8 
0 0.57774 8 
0 0.652938 8 
0 0.887589 8 
0 0.93562 8 
0 0.943059 8 
0 0.944002 8 
0 0.973089 8 
0 1.00089 8 
0 1.04549 8 
0 1.08895 8 
0 1.28538 8 
0 1.30158 8 
0 1.30223 8 
0 1.30321 8 
0 1.30386 8 
0 1.30407 8 
0 1.30524 8 
0 1.35928 8 
0 1.36709 8 
0 1.392 8 
0 1.41633 8 
0 1.44461 8 
0 1.46822 8 
0 1.67458 8 
0 1.67959 8 
0 1.79775 8 
0 1.79894 8 
0 1.80593 8 
0 1.8169 8 
0 1.81703 8 
0 inf 8 
0 0.0407415 9 
0 0.0413597 9 
0 0.0445198 9 
0 0.0458348 9 
0 0.0488718 9 
0 0.0504143 9 
0 0.0507417 9 
0 0.0525502 9 
0 0.0580574 9 
0 0.0655933 9 
0 0.0655957 9 
0 0.0822117 9 
0 0.0836368 9 
0 0.0838452 9 
0 0.0855455 9 
0 0.0859405 9 
0 0.0868186 9 
0 0.0868228 9 
0 0.0873065 9 
0 0.0937684 9 
0 0.0964365 9 
0 0.100561 9 
0 0.100903 9 
0 0.106464 9 
0 0.11143 9 
0 0.120984 9 
0 0.121472 9 
0 0.140478 9 
0 0.144033 9 
0 0.148231 9 
0 0.154709 9 
0 0.16814 9 
0 0.168748 9 
0 0.172354 9 
0 0.190555 9 
0 0.191222 9 
0 0.195393 9 
0 0.204492 9 
0 0.221318 9 
0 0.224908 9 
0 0.260819 9 
0 0.267077 9 
0 0.277076 9 
0 0.279951 9 
0 0.29653 9 
0 0.302252 9 
0 0.341733 9 
0 0.345841 9 
0 0.354632 9 
0 0.356894 9 
0 0.373214 9 
0 0.392998 9 
0 0.397007 9 
0 0.408181 9 
0 0.414411 9 
0 0.427165 9 
0 0.429538 9 
0 0.438566 9 
0 0.479193 9 
0 0.485215 9 
0 0.500069 9 
0 0.50102 9 
0 0.50102 9 
0 0.511595 9 
0 0.514715 9 
0 0.666336 9 
0 0.713415 9 
0 0.767175 9 
0 0.768587 9 
0 0.799475 9 
0 0.815501 9 
0 0.838484 9 
0 0.903196 9 
0 1.00608 9 
0 1.02589 9 
0 1.04867 9 
0 1.04886 9 
0 1.22827 9 
0 1.25925 9 
0 1.29789 9 
0 1.29834 9 
0 1.31034 9 
0 1.36174 9 
0 1.3619 9 
0 1.37629 9 
0 1.37749 9 
0 1.39416 9 
0 1.40796 9 
0 1.42245 9 
0 1.42261 9 
0 1.4538 9 
0 1.46444 9 
0 1.50818 9 
0 1.51485 9 
0 1.79658 9 
0 1.79662 9 
0 1.81891 9 
0 1.86307 9 
0 1.86312 9 
0 inf 9 
0 0.0423743 10 
0 0.0429681 10 
0 0.0456476 10 
0 0.0472887 10 
0 0.0480007 10 
0 0.0538161 10 
0 0.0559815 10 
0 0.0584974 10 
0 0.061188 10 
0 0.0655968 10 
0 0.0768845 10 
0 0.0793815 10 
0 0.0806573 10 
0 0.0810718 10 
0 0.0858465 10 
0 0.0956369 10 
0 0.101815 10 
0 0.101986 10 
0 0.10232 10 
0 0.113019 10 
0 0.115901 10 
0 0.125644 10 
0 0.137431 10 
0 0.142198 10 
0 0.1482 10 
0 0.162561 10 
0 0.164096 10 
0 0.209669 10 
0 0.22383 10 
0 0.233517 10 
0 0.254312 10 
0 0.263991 10 
0 0.264583 10 
0 0.271049 10 
0 0.271077 10 
0 0.292367 10 
0 0.293151 10 
0 0.298049 10 
0 0.299234 10 
0 0.308132 10 
0 0.343212 10 
0 0.343212 10 
0 0.361364 10 
0 0.372907 10 
0 0.375803 10 
0 0.376524 10 
0 0.392227 10 
0 0.411542 10 
0 0.41482 10 
0 0.416013 10 
0 0.417265 10 
0 0.423898 10 
0 0.439164 10 
0 0.445081 10 
0 0.4451 10 
0 0.473466 10 
0 0.476088 10 
0 0.478818 10 
0 0.485406 10 
0 0.491116 10 
0 0.493747 10 
0 0.669021 10 
0 0.722461 10 
0 0.722777 10 
0 0.723093 10 
0 0.726447 10 
0 0.727018 10 
0 0.730877 10 
0 0.873372 10 
0 0.874544 10 
0 0.979287 10 
0 1.01463 10 
0 1.03582 10 
0 1.11197 10 
0 1.29558 10 
0 1.29731 10 
0 1.31494 10 
0 1.3278 10 
0 1.35644 10 
0 1.35807 10 
0 1.35969 10 
0 1.36802 10 
0 1.39014 10 
0 1.39177 10 
0 1.39184 10 
0 1.41616 10 
0 1.58905 10 
0 1.59015 10 
0 1.60337 10 
0 1.61096 10 
0 1.79798 10 
0 1.79888 10 
0 1.81768 10 
0 1.81901 10 
0 1.81988 10 
0 inf 10 
0 0.0302501 11 
0 0.0383863 11 
0 0.0433527 11 
0 0.0447049 11 
0 0.0483532 11 
0 0.0527044 11 
0 0.0655891 11 
0 0.0677523 11 
0 0.0976588 11 
0 0.0999711 11 
0 0.104355 11 
0 0.106736 11 
0 0.114426 11 
0 0.115979 11 
0 0.124703 11 
0 0.127724 11 
0 0.157138 11 
0 0.157533 11 
0 0.16647 11 
0 0.166914 11 
0 0.167534 11 
0 0.169653 11 
0 0.229448 11 
0 0.232462 11 
0 0.250964 11 
0 0.25609 11 
0 0.276248 11 
0 0.276299 11 
0 0.282604 11 
0 0.287343 11 
0 0.2883 11 
0 0.290043 11 
0 0.294677 11 
0 0.297987 11 
0 0.309122 11 
0 0.329131 11 
0 0.330528 11 
0 0.357657 11 
0 0.361637 11 
0 0.389017 11 
0 0.397705 11 
0 0.401837 11 
0 0.413934 11 
0 0.419168 11 
0 0.422481 11 
0 0.423843 11 
0 0.454998 11 
0 0.461925 11 
0 0.46352 11 
0 0.464013 11 
0 0.469186 11 
0 0.472926 11 
0 0.481351 11 
0 0.481844 11 
0 0.481914 11 
0 0.541273 11 
0 0.546505 11 
0 0.682647 11 
0 0.702281 11 
0 0.709337 11 
0 0.709576 11 
0 0.725481 11 
0 0.730321 11 
0 0.751682 11 
0 0.751828 11 
0 0.759841 11 
0 0.790148 11 
0 0.807452 11 
0 0.875418 11 
0 0.887566 11 
0 0.902209 11 
0 0.90458 11 
0 0.935321 11 
0 0.998528 11 
0 1.06037 11 
0 1.21578 11 
0 1.2948 11 
0 1.29486 11 
0 1.32387 11 
0 1.32387 11 
0 1.32391 11 
0 1.34537 11 
0 1.35832 11 
0 1.36958 11 
0 1.3696 11 
0 1.38297 11 
0 1.79562 11 
0 1.79566 11 
0 1.79625 11 
0 1.79692 11 
0 1.79716 11 
0 inf 11 
0 0.0431734 12 
0 0.0655996 12 
0 0.0740822 12 
0 0.0757722 12 
0 0.0951077 12 
0 0.106688 12 
0 0.117646 12 
0 0.147576 12 
0 0.1501 12 
0 0.156976 12 
0 0.190683 12 
0 0.19154 12 
0 0.20407 12 
0 0.213824 12 
0 0.225804 12 
0 0.22989 12 
0 0.23206 12 
0 0.235622 12 
0 0.23573 12 
0 0.247011 12 
0 0.249734 12 
0 0.275563 12 
0 0.280226 12 
0 0.281115 12 
0 0.285594 12 
0 0.288256 12 
0 0.297687 12 
0 0.306628 12 
0 0.311153 12 
0 0.314772 12 
0 0.316416 12 
0 0.323835 12 
0 0.338655 12 
0 0.347321 12 
0 0.349575 12 
0 0.350587 12 
0 0.358872 12 
0 0.359179 12 
0 0.366622 12 
0 0.369112 12 
0 0.375176 12 
0 0.378708 12 
0 0.383393 12 
0 0.419978 12 
0 0.42207 12 
0 0.433962 12 
0 0.435054 12 
0 0.446579 12 
0 0.464437 12 
0 0.477328 12 
0 0.480829 12 
0 0.481023 12 
0 0.493518 12 
0 0.501555 12 
0 0.508965 12 
0 0.509547 12 
0 0.512033 12 
0 0.514228 12 
0 0.53997 12 
0 0.561349 12 
0 0.646432 12 
0 0.720642 12 
0 0.734104 12 
0 0.754991 12 
0 0.849081 12 
0 0.851074 12 
0 0.853445 12 
0 0.853565 12 
0 0.853812 12 
0 1.21574 12 
0 1.26058 12 
0 1.29448 12 
0 1.29456 12 
0 1.30233 12 
0 1.30317 12 
0 1.3035 12 
0 1.35345 12 
0 1.35415 12 
0 1.36094 12 
0 1.36959 12 
0 1.37033 12 
0 1.37862 12 
0 1.79653 12 
0 1.79859 12 
0 1.80905 12 
0 1.80933 12 
0 1.81079 12 
0 inf 12 
0 0.032917 13 
0 0.0719948 13 
0 0.0857495 13 
0 0.125581 13 
0 0.147246 13 
0 0.173724 13 
0 0.194661 13 
0 0.201209 13 
0 0.206921 13 
0 0.213303 13 
0 0.22432 13 
0 0.245081 13 
0 0.249611 13 
0 0.264392 13 
0 0.265769 13 
0 0.271944 13 
0 0.273507 13 
0 0.274288 13 
0 0.278603 13 
0 0.283665 13 
0 0.284057 13 
0 0.288526 13 
0 0.288641 13 
0 0.289022 13 
0 0.291643 13 
0 0.291707 13 
0 0.293326 13 
0 0.296907 13 
0 0.299019 13 
0 0.301975 13 
0 0.302871 13 
0 0.305737 13 
0 0.306738 13 
0 0.307289 13 
0 0.31028 13 
0 0.327166 13 
0 0.347164 13 
0 0.352449 13 
0 0.354585 13 
0 0.362732 13 
0 0.367255 13 
0 0.36737 13 
0 0.368521 13 
0 0.3784 13 
0 0.392983 13 
0 0.442216 13 
0 0.452744 13 
0 0.461781 13 
0 0.462284 13 
0 0.48127 13 
0 0.720888 13 
0 0.736613 13 
0 0.766631 13 
0 0.7739 13 
0 0.77402 13 
0 0.787171 13 
0 0.787171 13 
0 0.790778 13 
0 0.890638 13 
0 0.895629 13 
0 0.996986 13 
0 1.04273 13 
0 1.25947 13 
0 1.29243 13 
0 1.29334 13 
0 1.31027 13 
0 1.31068 13 
0 1.31078 13 
0 1.3429 13 
0 1.35109 13 
0 1.35633 13 
0 1.3717 13 
0 1.43484 13 
0 1.43596 13 
0 1.43617 13 
0 1.53089 13 
0 1.5343 13 
0 1.53465 13 
0 1.80101 13 
0 1.80308 13 
0 1.8503 13 
0 1.85051 13 
0 1.85508 13 
0 inf 13 
0 0.0518971 14 
0 0.0749866 14 
0 0.0938499 14 
0 0.0984303 14 
0 0.101652 14 
0 0.129759 14 
0 0.142495 14 
0 0.142792 14 
0 0.143444 14 
0 0.147173 14 
0 0.189996 14 
0 0.224347 14 
0 0.225052 14 
0 0.231307 14 
0 0.250965 14 
0 0.251485 14 
0 0.256567 14 
0 0.271719 14 
0 0.276731 14 
0 0.279044 14 
0 0.279499 14 
0 0.280105 14 
0 0.282858 14 
0 0.283934 14 
0 0.287143 14 
0 0.293382 14 
0 0.29439 14 
0 0.299946 14 
0 0.302652 14 
0 0.30324 14 
0 0.303648 14 
0 0.311261 14 
0 0.312239 14 
0 0.322093 14 
0 0.330953 14 
0 0.335452 14 
0 0.363831 14 
0 0.365647 14 
0 0.369674 14 
0 0.369674 14 
0 0.371936 14 
0 0.41315 14 
0 0.41315 14 
0 0.4284 14 
0 0.451338 14 
0 0.497725 14 
0 0.515997 14 
0 0.732993 14 
0 0.740913 14 
0 0.741541 14 
0 0.754012 14 
0 0.756837 14 
0 0.934386 14 
0 0.95747 14 
0 0.982587 14 
0 0.984861 14 
0 0.986751 14 
0 1.02802 14 
0 1.0793 14 
0 1.0826 14 
0 1.15943 14 
0 1.16228 14 
0 1.29697 14 
0 1.36646 14 
0 1.36839 14 
0 1.36864 14 
0 1.37017 14 
0 1.37491 14 
0 1.39021 14 
0 1.39022 14 
0 1.39028 14 
0 1.43577 14 
0 1.44325 14 
0 1.44334 14 
0 1.79486 14 
0 1.80024 14 
0 1.82303 14 
0 1.82307 14 
0 1.82313 14 
0 inf 14 
0 0.0766617 15 
0 0.0788396 15 
0 0.0790608 15 
0 0.0804348 15 
0 0.084143 15 
0 0.0928508 15 
0 0.101321 15 
0 0.116272 15 
0 0.125936 15 
0 0.156694 15 
0 0.18048 15 
0 0.182908 15 
0 0.18547 15 
0 0.227076 15 
0 0.229785 15 
0 0.235449 15 
0 0.256489 15 
0 0.266847 15 
0 0.268113 15 
0 0.268295 15 
0 0.282003 15 
0 0.284019 15 
0 0.285091 15 
0 0.286486 15 
0 0.286768 15 
0 0.288282 15 
0 0.288343 15 
0 0.289025 15 
0 0.289661 15 
0 0.290799 15 
0 0.290886 15 
0 0.294101 15 
0 0.312118 15 
0 0.318876 15 
0 0.378438 15 
0 0.378684 15 
0 0.378684 15 
0 0.379064 15 
0 0.408681 15 
0 0.42012 15 
0 0.421042 15 
0 0.428742 15 
0 0.434394 15 
0 0.440512 15 
0 0.515022 15 
0 0.648164 15 
0 0.712567 15 
0 0.712615 15 
0 0.713268 15 
0 0.763815 15 
0 0.763815 15 
0 0.76448 15 
0 0.764524 15 
0 0.865575 15 
0 1.07027 15 
0 1.07567 15 
0 1.11467 15 
0 1.12087 15 
0 1.12111 15 
0 1.23275 15 
0 1.29697 15 
0 1.327 15 
0 1.3282 15 
0 1.32842 15 
0 1.37804 15 
0 1.38026 15 
0 1.38034 15 
0 1.38055 15 
0 1.47673 15 
0 1.47733 15 
0 1.48986 15 
0 1.80097 15 
0 1.80216 15 
0 1.80216 15 
0 1.80228 15 
0 inf 15 
0 0.0760056 16 
0 0.0954701 16 
0 0.0986135 16 
0 0.0992953 16 
0 0.106142 16 
0 0.109357 16 
0 0.136939 16 
0 0.159936 16 
0 0.166825 16 
0 0.181373 16 
0 0.223271 16 
0 0.224226 16 
0 0.228631 16 
0 0.236106 16 
0 0.242014 16 
0 0.246118 16 
0 0.262846 16 
0 0.262847 16 
0 0.265922 16 
0 0.266067 16 
0 0.276906 16 
0 0.28812 16 
0 0.293351 16 
0 0.294762 16 
0 0.295738 16 
0 0.296167 16 
0 0.32318 16 
0 0.341066 16 
0 0.3612 16 
0 0.3612 16 
0 0.36127 16 
0 0.361481 16 
0 0.39663 16 
0 0.421264 16 
0 0.436366 16 
0 0.463393 16 
0 0.468961 16 
0 0.469538 16 
0 0.47716 16 
0 0.477427 16 
0 0.547295 16 
0 0.565201 16 
0 0.568325 16 
0 0.568995 16 
0 0.692004 16 
0 0.69513 16 
0 0.738419 16 
0 0.770813 16 
0 0.770989 16 
0 0.771209 16 
0 0.771374 16 
0 0.832443 16 
0 0.916663 16 
0 0.924473 16 
0 0.925352 16 
0 1.08457 16 
0 1.13801 16 
0 1.1925 16 
0 1.30194 16 
0 1.30277 16 
0 1.30433 16 
0 1.30454 16 
0 1.37919 16 
0 1.39174 16 
0 1.3918 16 
0 1.39193 16 
0 1.39223 16 
0 1.80432 16 
0 1.8046 16 
0 1.80473 16 
0 1.80488 16 
0 inf 16 
0 0.0644273 17 
0 0.0932246 17 
0 0.093301 17 
0 0.0947573 17 
0 0.096178 17 
0 0.11914 17 
0 0.122506 17 
0 0.143877 17 
0 0.162554 17 
0 0.18014 17 
0 0.216925 17 
0 0.217899 17 
0 0.218093 17 
0 0.230187 17 
0 0.245445 17 
0 0.261486 17 
0 0.265449 17 
0 0.265476 17 
0 0.273 17 
0 0.274238 17 
0 0.274852 17 
0 0.275006 17 
0 0.275098 17 
0 0.311587 17 
0 0.332929 17 
0 0.352287 17 
0 0.371133 17 
0 0.371795 17 
0 0.3725 17 
0 0.372614 17 
0 0.394338 17 
0 0.410087 17 
0 0.414869 17 
0 0.416896 17 
0 0.42364 17 
0 0.439588 17 
0 0.492299 17 
0 0.498182 17 
0 0.498454 17 
0 0.5695 17 
0 0.578924 17 
0 0.581741 17 
0 0.581785 17 
0 0.763553 17 
0 0.763996 17 
0 0.764705 17 
0 0.770542 17 
0 0.862535 17 
0 0.863713 17 
0 0.900667 17 
0 1.0304 17 
0 1.04534 17 
0 1.05029 17 
0 1.05046 17 
0 1.30187 17 
0 1.30193 17 
0 1.30229 17 
0 1.30245 17 
0 1.39716 17 
0 1.39725 17 
0 1.39746 17 
0 1.39809 17 
0 1.42472 17 
0 1.81413 17 
0 1.81474 17 
0 1.81482 17 
0 1.81489 17 
0 inf 17 
0 0.0875958 18 
0 0.0891293 18 
0 0.0896037 18 
0 0.0915674 18 
0 0.10621 18 
0 0.124289 18 
0 0.126117 18 
0 0.139996 18 
0 0.167683 18 
0 0.180891 18 
0 0.181965 18 
0 0.183125 18 
0 0.220334 18 
0 0.220526 18 
0 0.220873 18 
0 0.221446 18 
0 0.235246 18 
0 0.301037 18 
0 0.315253 18 
0 0.331843 18 
0 0.333092 18 
0 0.335664 18 
0 0.340718 18 
0 0.341983 18 
0 0.341983 18 
0 0.349372 18 
0 0.357047 18 
0 0.357427 18 
0 0.365025 18 
0 0.390821 18 
0 0.390821 18 
0 0.39134 18 
0 0.412568 18 
0 0.41263 18 
0 0.414146 18 
0 0.433577 18 
0 0.441951 18 
0 0.442258 18 
0 0.645232 18 
0 0.655055 18 
0 0.655223 18 
0 0.655572 18 
0 0.770382 18 
0 0.773937 18 
0 0.774298 18 
0 0.784826 18 
0 1.16861 18 
0 1.17747 18 
0 1.19332 18 
0 1.19372 18 
0 1.30844 18 
0 1.30974 18 
0 1.30994 18 
0 1.31007 18 
0 1.39275 18 
0 1.39314 18 
0 1.39319 18 
0 1.39443 18 
0 1.44993 18 
0 1.81711 18 
0 1.81872 18 
0 1.81893 18 
0 1.81897 18 
0 inf 18 
0 0.0863303 19 
0 0.0887494 19 
0 0.0929449 19 
0 0.098692 19 
0 0.0992062 19 
0 0.099972 19 
0 0.198657 19 
0 0.201248 19 
0 0.201374 19 
0 0.210908 19 
0 0.213494 19 
0 0.214089 19 
0 0.215283 19 
0 0.215912 19 
0 0.216108 19 
0 0.22681 19 
0 0.226847 19 
0 0.226847 19 
0 0.257361 19 
0 0.258051 19 
0 0.258838 19 
0 0.288629 19 
0 0.290384 19 
0 0.290384 19 
0 0.298927 19 
0 0.325926 19 
0 0.326238 19 
0 0.392119 19 
0 0.392378 19 
0 0.393348 19 
0 0.417487 19 
0 0.417831 19 
0 0.418641 19 
0 0.419611 19 
0 0.440896 19 
0 0.441184 19 
0 0.748312 19 
0 0.759759 19 
0 0.761418 19 
0 0.762963 19 
0 0.763052 19 
0 0.772203 19 
0 0.777749 19 
0 0.777913 19 
0 1.17346 19 
0 1.18526 19 
0 1.18554 19 
0 1.25247 19 
0 1.32719 19 
0 1.33342 19 
0 1.33345 19 
0 1.39611 19 
0 1.39656 19 
0 1.39838 19 
0 1.39843 19 
0 1.45448 19 
0 1.81569 19 
0 1.81609 19 
0 1.81897 19 
0 inf 19 
0 0.0895068 20 
0 0.0895086 20 
0 0.0958206 20 
0 0.0959092 20 
0 0.0960815 20 
0 0.0966137 20 
0 0.0999697 20 
0 0.100055 20 
0 0.130213 20 
0 0.134441 20 
0 0.15684 20 
0 0.16026 20 
0 0.179026 20 
0 0.206857 20 
0 0.208349 20 
0 0.208552 20 
0 0.217461 20 
0 0.240089 20 
0 0.240089 20 
0 0.245943 20 
0 0.255347 20 
0 0.257494 20 
0 0.279207 20 
0 0.281473 20 
0 0.293149 20 
0 0.299318 20 
0 0.299431 20 
0 0.299798 20 
0 0.332864 20 
0 0.395601 20 
0 0.395601 20 
0 0.396628 20 
0 0.415085 20 
0 0.416389 20 
0 0.416714 20 
0 0.441165 20 
0 0.441741 20 
0 0.442028 20 
0 0.721545 20 
0 0.722718 20 
0 0.724814 20 
0 0.725106 20 
0 1.22169 20 
0 1.22407 20 
0 1.22429 20 
0 1.28993 20 
0 1.32568 20 
0 1.32767 20 
0 1.32777 20 
0 1.3892 20 
0 1.38925 20 
0 1.47844 20 
0 1.82032 20 
0 1.82041 20 
0 3.5988 20 
0 inf 20 
