4.61339 8.08921 1 
0.981571 2.52025 1 
0.191545 0.229472 1 
0.153052 0.153124 1 
0.121215 0.121758 1 
0.119388 0.12067 1 
0.10979 0.151469 1 
0.0793145 0.081907 1 
0.0787581 0.0908213 1 
0.0780561 0.100807 1 
0.0611493 0.0639629 1 
0.0526481 0.0583922 1 
0.0500756 0.0552942 1 
0.0496326 0.055492 1 
0.0459549 0.0596973 1 
0.041688 0.0427315 1 
0.040619 0.0447429 1 
0.0403473 0.0411566 1 
0.0389638 0.0414247 1 
0.0366301 0.0389581 1 
6.10292 6.12495 2 
6.08042 6.10366 2 
3.95062 6.12942 2 
0.824564 3.37541 2 
0.247818 0.257397 2 
0.191774 0.202649 2 
0.184647 0.194281 2 
0.179697 0.181946 2 
0.114883 0.115361 2 
0.108481 0.169364 2 
0.0921459 0.133564 2 
0.0896013 0.0958861 2 
0.0821746 0.0882406 2 
0.0757692 0.0887388 2 
0.0734095 0.0795912 2 
0.071896 0.0731095 2 
0.0709723 0.0720483 2 
0.0686088 0.0701935 2 
0.0509481 0.0544973 2 
0.0502946 0.0552963 2 
0.0500775 0.0502986 2 
0.046667 0.0496383 2 
0.0437489 0.0564796 2 
4.34547 4.87895 3 
4.33619 4.82996 3 
3.49749 4.89117 3 
0.724847 3.45341 3 
0.270033 0.27295 3 
0.265722 0.27295 3 
0.261594 0.279362 3 
0.221027 0.25782 3 
0.177852 0.194622 3 
0.159528 0.200191 3 
0.158769 0.175673 3 
0.141326 0.179452 3 
0.116023 0.120122 3 
0.0963457 0.104244 3 
0.0580162 0.0643113 3 
0.0550961 0.0552939 3 
0.0429849 0.050296 3 
3.22876 3.45781 4 
3.14938 3.42039 4 
3.13277 3.35286 4 
3.06145 3.54949 4 
1.13262 3.27492 4 
0.216098 0.238685 4 
0.196646 0.226776 4 
0.195414 0.198208 4 
0.191201 0.208958 4 
0.179143 0.189469 4 
0.0953108 0.0955412 4 
0.0942681 0.0971408 4 
0.0772063 0.105396 4 
0.0595098 0.0658271 4 
0.0475983 0.0496383 4 
0.0422096 0.0434952 4 
2.88732 2.90701 5 
2.31913 2.41262 5 
2.31515 2.40422 5 
2.31496 2.4032 5 
1.85195 2.91939 5 
0.10939 0.111876 5 
0.0779152 0.0824419 5 
0.0717465 0.071898 5 
0.07082 0.0709765 5 
0.0700348 0.073264 5 
0.0692451 0.0731115 5 
0.0632753 0.0654959 5 
0.0613306 0.0769228 5 
0.057058 0.0646484 5 
0.0518029 0.0570573 5 
2.76051 2.77558 6 
2.65927 2.78699 6 
2.43184 2.44788 6 
2.39198 2.44498 6 
2.35528 2.44524 6 
1.90507 2.68188 6 
0.241435 0.243294 6 
0.216303 0.221678 6 
0.160766 0.161788 6 
0.140311 0.146524 6 
0.103286 0.107154 6 
0.0711281 0.0995992 6 
0.0648188 0.0728115 6 
0.0646476 0.0735607 6 
0.0582031 0.0613315 6 
0.0576328 0.0607901 6 
0.0570557 0.0611524 6 
2.74645 3.01309 7 
2.32896 2.41221 7 
1.89874 2.26892 7 
1.8372 2.38463 7 
1.77308 1.79956 7 
1.75734 2.3071 7 
1.74772 1.77826 7 
0.222219 0.224533 7 
0.0981534 0.101027 7 
0.0972552 0.117907 7 
0.0972552 0.113632 7 
0.0791758 0.0846818 7 
0.074303 0.0878659 7 
0.0694065 0.0757717 7 
0.0673157 0.0800041 7 
0.0511643 0.0574437 7 
2.14763 2.39984 8 
2.01166 2.26541 8 
1.77523 2.27011 8 
1.44258 1.46243 8 
1.37576 2.12437 8 
1.23849 2.04194 8 
0.138178 0.143486 8 
0.112367 0.116592 8 
0.108985 0.121669 8 
0.0993795 0.099599 8 
0.0589529 0.0720511 8 
2.71799 2.73126 9 
2.71733 2.72997 9 
2.64699 2.66568 9 
2.26413 2.35815 9 
2.26406 2.35786 9 
1.1495 1.73869 9 
0.283347 0.28584 9 
0.0907035 0.102111 9 
0.0873673 0.114015 9 
0.0845497 0.10318 9 
0.0663267 0.0673137 9 
2.39562 2.45204 10 
2.36323 2.43265 10 
1.4614 1.53707 10 
1.46103 1.48289 10 
1.16367 1.54741 10 
1.41029 1.45484 11 
1.41012 1.57235 11 
1.25871 1.68361 11 
1.25868 1.50996 11 
1.25146 1.5899 11 
1.23257 1.24256 11 
0.605425 0.615857 11 
0.560862 0.590379 11 
0.0827076 0.0908197 11 
1.72615 1.80065 12 
1.66988 1.71707 12 
1.64994 1.70743 12 
1.12605 1.14767 12 
0.833107 1.21248 12 
0.827478 1.05877 12 
0.759903 1.05076 12 
0.755909 1.07522 12 
0.304624 0.315486 12 
2.25401 2.25686 13 
1.18911 1.27964 13 
1.15797 1.25499 13 
1.0653 1.07812 13 
0.282083 0.332712 13 
2.30115 2.33568 14 
2.30115 2.33546 14 
2.30045 2.33489 14 
1.65121 1.65357 16 
1.30357 1.38042 16 
1.26879 1.82592 16 
1.26802 1.38411 16 
1.25999 1.78875 16 
1.00746 1.05189 17 
0.972628 1.01054 17 
0.955708 1.01054 17 
0.282092 0.311792 17 
0.279853 0.303933 17 
0.278078 0.304908 17 
0.469048 0.477228 19 
