4.76243 7.48789 1 
1.45301 1.45329 1 
1.11116 2.7059 1 
0.185626 0.240484 1 
0.161715 0.172349 1 
0.120295 0.152897 1 
0.0861958 0.101659 1 
0.0728352 0.0786188 1 
0.0696471 0.0709166 1 
0.0630495 0.0653272 1 
0.0616128 0.0653194 1 
0.0572448 0.0626565 1 
0.0568192 0.0578095 1 
0.0538873 0.058507 1 
0.0537366 0.0559557 1 
0.0512648 0.0526701 1 
0.0499837 0.051894 1 
0.0486675 0.0547841 1 
0.0474877 0.0520501 1 
0.0464468 0.0506293 1 
0.0382103 0.0396688 1 
0.0366952 0.0382111 1 
5.38662 5.65147 2 
5.38616 5.70173 2 
3.9451 5.71032 2 
0.894361 3.61382 2 
0.217872 0.232669 2 
0.188316 0.222003 2 
0.177036 0.222441 2 
0.155683 0.238554 2 
0.147607 0.156515 2 
0.0950608 0.0976702 2 
0.0943758 0.100373 2 
0.0822438 0.0839095 2 
0.0726064 0.0876828 2 
0.070687 0.0748127 2 
0.0601478 0.0638124 2 
0.0562445 0.0600123 2 
0.0547838 0.0568186 2 
0.0525163 0.0555189 2 
0.0485012 0.060551 2 
3.49477 4.0716 3 
3.4944 4.0645 3 
3.41898 3.99808 3 
1.20718 1.21032 3 
0.809865 3.80422 3 
0.224183 0.248944 3 
0.196208 0.220242 3 
0.166947 0.222623 3 
0.146226 0.154375 3 
0.081655 0.0908701 3 
0.0730577 0.0747039 3 
0.0718259 0.0731684 3 
0.0617445 0.0757824 3 
0.874422 3.77047 4 
0.206678 0.23441 4 
0.160354 0.174175 4 
0.155993 0.179132 4 
0.145113 0.159288 4 
0.0605511 0.0621374 4 
0.0561005 0.0678774 4 
0.0464503 0.050145 4 
3.36383 3.37573 5 
1.16872 3.39516 5 
0.225342 0.230185 5 
0.157134 0.179223 5 
0.146448 0.182184 5 
0.14286 0.170171 5 
0.109937 0.112849 5 
0.074378 0.0810574 5 
0.0555193 0.061613 5 
0.0455695 0.0488343 5 
2.67068 2.99833 6 
2.66682 2.9034 6 
2.61776 2.7232 6 
2.14843 2.29193 6 
2.02529 2.24802 6 
2.02099 2.25183 6 
2.0138 2.24802 6 
1.93638 3.01377 6 
1.76818 1.8839 6 
0.209052 0.214719 6 
0.170793 0.175663 6 
0.158568 0.180935 6 
0.083231 0.0902436 6 
0.0783089 0.0865738 6 
0.0740507 0.0762091 6 
0.0629163 0.06655 6 
1.91559 2.46738 7 
1.88643 2.41828 7 
1.83319 2.68458 7 
1.82648 2.68707 7 
0.179814 0.181608 7 
0.0989888 0.100129 7 
0.0648225 0.0660581 7 
0.0617457 0.0641902 7 
2.82004 2.95739 8 
1.6759 2.28025 8 
1.61243 2.29721 8 
1.32503 2.35758 8 
1.00147 1.03128 8 
2.4522 2.47603 9 
2.13835 2.30738 9 
1.43279 2.00461 9 
1.29602 2.05367 9 
1.16956 2.05589 9 
0.114354 0.116253 9 
2.01922 2.10805 10 
1.16566 1.82151 10 
0.128256 0.132676 10 
2.5486 2.65282 11 
2.5421 2.91498 11 
1.54959 1.57211 11 
1.17916 1.67565 11 
0.83593 0.851783 11 
0.795978 0.812994 11 
0.792792 0.814519 11 
0.279406 0.282114 11 
1.70109 1.85459 12 
1.68845 1.84087 12 
1.43903 1.44287 12 
1.32088 1.39872 12 
1.29177 1.40677 12 
1.23174 1.48862 12 
1.18511 1.33587 12 
0.730156 0.738041 12 
0.62645 0.674072 12 
1.60788 1.65204 13 
1.58902 1.73628 13 
1.58889 1.63166 13 
1.10126 1.20228 13 
1.08802 1.2091 13 
0.819109 0.852717 13 
0.786998 0.791986 13 
0.784967 0.975772 13 
0.766291 1.01088 13 
0.58808 0.617377 13 
0.952067 1.00643 14 
0.941557 0.963509 14 
0.923671 1.01293 14 
0.802868 0.877416 14 
0.719711 0.733932 14 
0.717058 0.729943 14 
0.715746 0.926344 14 
0.658511 0.68035 14 
0.912957 1.0467 15 
0.76171 0.765337 15 
0.619609 0.63134 15 
2.29741 2.30289 16 
2.29537 2.29908 16 
2.29062 2.30174 16 
1.45785 1.58188 18 
1.44093 1.57843 18 
1.20745 1.21111 19 
0.6559 0.67077 20 
0.645165 0.658123 20 
