5.26617 8.86659 1 
0.864813 2.24085 1 
0.249444 0.25375 1 
0.237743 0.265436 1 
0.231435 0.237902 1 
0.231433 0.237902 1 
0.209918 0.265436 1 
0.156475 0.169809 1 
0.135086 0.1378 1 
0.111853 0.116077 1 
0.102077 0.14519 1 
0.099136 0.10089 1 
0.0984788 0.127184 1 
0.0578782 0.0642435 1 
0.056252 0.0611426 1 
0.0535563 0.0612915 1 
0.0521594 0.101531 1 
0.0521545 0.0526836 1 
0.0455288 0.0484827 1 
6.50345 6.59953 2 
4.31347 6.70958 2 
0.696732 3.022 2 
0.232584 0.252468 2 
0.227114 0.252797 2 
0.225478 0.230391 2 
0.220458 0.254152 2 
0.220325 0.252831 2 
0.213416 0.215963 2 
0.206001 0.259156 2 
0.205867 0.229463 2 
0.204785 0.21424 2 
0.195349 0.200218 2 
0.186183 0.224163 2 
0.167008 0.168989 2 
0.161712 0.186831 2 
0.133709 0.135973 2 
0.123191 0.169587 2 
0.114711 0.185238 2 
0.0995984 0.109258 2 
0.0969633 0.0999695 2 
0.0877441 0.113332 2 
0.0562564 0.0617455 2 
0.049614 0.0530394 2 
4.23003 4.71993 3 
4.19204 4.77206 3 
3.95888 4.78565 3 
3.59446 3.64957 3 
0.639377 3.12086 3 
0.589117 0.607554 3 
0.241335 0.249774 3 
0.23614 0.238868 3 
0.235786 0.252504 3 
0.233661 0.239721 3 
0.230707 0.239721 3 
0.229987 0.261893 3 
0.222834 0.230025 3 
0.220161 0.234571 3 
0.218433 0.231153 3 
0.210005 0.238829 3 
0.170245 0.172565 3 
0.155113 0.176174 3 
0.1028 0.110856 3 
0.0658112 0.0669251 3 
0.0658091 0.0663685 3 
0.0564208 0.0586726 3 
3.02619 3.04597 4 
3.01517 3.01969 4 
1.15976 2.89818 4 
0.227643 0.247512 4 
0.220661 0.224156 4 
0.220624 0.2487 4 
0.214454 0.219909 4 
0.21172 0.220705 4 
0.209608 0.216044 4 
0.20618 0.23227 4 
0.183533 0.228047 4 
0.160161 0.160854 4 
0.135084 0.141248 4 
0.130491 0.178163 4 
0.115756 0.119144 4 
0.0743926 0.0830885 4 
0.0743896 0.0752552 4 
0.0544175 0.0614465 4 
2.53385 2.54439 5 
2.52741 2.57477 5 
2.10349 2.10585 5 
1.6009 2.5802 5 
0.217283 0.241797 5 
0.194786 0.20739 5 
0.185884 0.190022 5 
0.183937 0.196393 5 
0.177482 0.182824 5 
0.174648 0.212117 5 
0.171438 0.184792 5 
0.160277 0.189387 5 
0.115036 0.116237 5 
0.111771 0.121299 5 
0.0479049 0.0525134 5 
2.35207 2.37683 6 
2.32546 2.35137 6 
2.32269 2.35683 6 
2.31479 2.33199 6 
2.30089 2.33865 6 
2.29421 2.32733 6 
2.21276 2.51768 6 
2.17048 2.33784 6 
2.17016 2.35441 6 
2.16908 2.32991 6 
0.164323 0.181251 6 
0.16068 0.181097 6 
0.155173 0.198736 6 
0.150389 0.180329 6 
0.124611 0.124612 6 
2.7378 2.91949 7 
2.66995 2.72633 7 
2.40138 2.55833 7 
1.64714 2.04156 7 
1.64316 2.07585 7 
1.50136 2.07185 7 
0.171651 0.172778 7 
0.162796 0.172722 7 
0.152708 0.153373 7 
0.149213 0.154278 7 
0.12697 0.127766 7 
0.12327 0.155466 7 
0.0705591 0.0812837 7 
1.94275 2.09598 8 
1.91681 2.14715 8 
1.75733 2.25145 8 
1.3181 1.44217 8 
1.30959 1.81376 8 
0.784267 0.788384 8 
0.155051 0.170349 8 
0.134535 0.151061 8 
0.126231 0.126597 8 
0.124091 0.146459 8 
0.0743927 0.0793294 8 
2.47347 2.66675 9 
2.46127 2.66694 9 
2.32943 2.48884 9 
2.29555 2.41526 9 
1.2804 1.59187 9 
0.75216 0.790423 9 
0.132317 0.134741 9 
0.129707 0.130062 9 
0.125054 0.125792 9 
0.123569 0.142294 9 
2.61167 2.61727 10 
2.58515 2.60578 10 
1.28818 1.38129 10 
1.25713 1.39014 10 
0.204288 0.210183 10 
0.133502 0.142616 10 
1.38997 1.43087 11 
1.34265 1.36963 11 
1.32917 1.48906 11 
1.32836 1.47543 11 
1.31913 1.40684 11 
1.3067 1.49309 11 
1.2783 1.29784 11 
1.15269 1.1759 11 
1.07895 1.25151 11 
0.559741 0.596574 11 
0.497461 0.509861 11 
1.77012 1.88261 12 
1.53323 1.6036 12 
1.51767 1.60954 12 
1.02748 1.05568 12 
0.877607 0.887295 12 
0.850432 1.08861 12 
0.818515 1.01568 12 
2.03452 2.09241 13 
2.02941 2.09217 13 
1.23601 1.23757 13 
0.95368 1.05321 13 
0.454524 0.481602 13 
0.447301 0.485022 13 
0.415496 0.445477 13 
0.316327 0.362297 13 
2.32345 2.35859 14 
2.32154 2.35903 14 
2.32006 2.36041 14 
2.25879 2.33295 14 
2.25813 2.33306 14 
2.22353 2.3322 14 
1.60158 1.6195 15 
1.50215 1.5421 15 
1.07292 1.09717 15 
1.07272 1.12038 15 
1.07097 1.10805 15 
0.548181 0.557388 15 
0.441387 0.46866 15 
1.12105 1.21016 16 
0.936645 0.974025 16 
0.932809 1.01536 16 
0.356846 0.365544 16 
0.352647 0.365873 16 
0.302232 0.332983 16 
0.301783 0.306805 16 
0.865115 0.879623 17 
0.778208 0.813377 18 
0.507534 0.513751 18 
0.751604 0.803119 19 
0.392857 0.394858 19 
2.34654 2.64194 20 
0.473284 0.489715 20 
