6.61236 9.53147 1 
0.563064 1.38731 1 
0.401423 0.429904 1 
0.282682 0.324872 1 
0.253208 0.261749 1 
0.241328 0.244208 1 
0.237347 0.308371 1 
0.233893 0.271621 1 
0.226487 0.254165 1 
0.224854 0.240221 1 
0.206648 0.273813 1 
0.188225 0.216502 1 
0.148832 0.149265 1 
0.11838 0.122904 1 
0.118058 0.153221 1 
0.112657 0.116537 1 
0.110261 0.11806 1 
0.109101 0.117522 1 
0.0976581 0.103472 1 
0.0970006 0.106502 1 
0.0651698 0.076482 1 
0.0635907 0.0651709 1 
0.0629881 0.0655589 1 
0.0486336 0.0496677 1 
7.20216 7.39327 2 
7.19796 7.31181 2 
5.55853 7.40578 2 
0.472952 1.48842 2 
0.454405 0.457474 2 
0.433494 0.510349 2 
0.433089 0.448294 2 
0.27059 0.332616 2 
0.264893 0.398274 2 
0.208241 0.400157 2 
0.181411 0.224799 2 
0.18141 0.223494 2 
0.172208 0.178864 2 
0.170427 0.174044 2 
0.161851 0.165963 2 
0.14875 0.149178 2 
0.109912 0.115666 2 
0.109803 0.115666 2 
0.0981798 0.104092 2 
0.0974007 0.128672 2 
0.0820946 0.0842357 2 
0.0657544 0.0678481 2 
0.0653656 0.0837816 2 
0.0494123 0.0499243 2 
5.34084 5.49571 3 
5.33901 5.4871 3 
5.16835 5.29054 3 
1.26877 1.3003 3 
0.574354 0.577065 3 
0.46148 1.35354 3 
0.356376 0.430024 3 
0.326472 0.432123 3 
0.25079 0.270735 3 
0.21217 0.43247 3 
0.180431 0.187142 3 
0.153382 0.161697 3 
0.128176 0.142814 3 
0.12668 0.13728 3 
0.124656 0.140662 3 
0.121451 0.139299 3 
3.43176 3.52273 4 
1.13415 1.13472 4 
1.08572 1.14123 4 
1.08216 1.16873 4 
0.828966 1.17773 4 
0.423456 0.508397 4 
0.341555 0.350625 4 
0.290054 0.400254 4 
0.211212 0.214379 4 
0.191106 0.203415 4 
0.179226 0.185022 4 
0.13476 0.161539 4 
0.0751405 0.0781273 4 
3.12879 3.69081 5 
3.12298 3.67883 5 
3.1215 3.68079 5 
3.08131 3.68597 5 
2.70683 2.73252 5 
1.33674 1.35806 5 
1.01051 1.02447 5 
1.00575 1.09509 5 
0.930769 1.19899 5 
0.398272 0.413629 5 
0.368216 0.374007 5 
0.314734 0.35381 5 
0.241807 0.242962 5 
2.96699 3.05324 6 
2.78347 2.93606 6 
2.76113 2.92269 6 
0.97999 1.02988 6 
0.947807 0.969655 6 
0.92956 1.11934 6 
0.508072 0.517106 6 
0.910461 1.15735 7 
0.687051 0.719469 7 
0.375771 0.411191 7 
1.286 1.32504 8 
1.02376 1.12705 8 
0.920035 0.943985 8 
0.490194 0.63245 8 
0.36804 0.407461 8 
0.172059 0.205466 8 
0.13054 0.135316 8 
1.41141 1.48011 9 
1.40737 1.471 9 
0.822667 0.911707 9 
0.45689 0.538429 9 
0.398145 0.40051 9 
0.247251 0.263293 9 
1.3616 1.49251 10 
1.33431 1.46243 10 
0.661928 0.797298 10 
0.45435 0.473397 10 
0.129189 0.155031 10 
0.739992 0.762901 11 
0.555518 0.718875 11 
0.374514 0.396131 11 
0.194028 0.196744 11 
0.138479 0.14529 11 
0.694823 0.695408 12 
0.590255 0.598637 12 
0.582662 0.654026 12 
0.364181 0.434324 12 
0.286035 0.288081 12 
0.285949 0.295527 12 
1.24465 1.3777 13 
0.344934 0.395202 13 
0.335999 0.342297 13 
0.276152 0.33536 13 
1.38005 1.43146 14 
1.3751 1.39755 14 
1.3557 1.47323 14 
1.35434 1.38452 14 
1.35028 1.54518 14 
0.404733 0.447503 14 
1.35399 1.48856 15 
1.35077 1.39075 15 
1.21063 1.58556 15 
1.25024 1.36682 16 
0.730748 0.770506 16 
0.334864 0.366805 16 
0.313077 0.331857 16 
0.290755 0.328274 16 
0.281093 0.293974 16 
0.772969 0.821011 17 
0.687982 0.714815 20 
