0 0.0127814 1 
0 0.0268079 1 
0 0.0274113 1 
0 0.0279997 1 
0 0.0338163 1 
0 0.0379165 1 
0 0.0383411 1 
0 0.0408238 1 
0 0.0423917 1 
0 0.042393 1 
0 0.0427765 1 
0 0.0431559 1 
0 0.0431626 1 
0 0.043907 1 
0 0.0439071 1 
0 0.0439075 1 
0 0.0442759 1 
0 0.0446439 1 
0 0.0450096 1 
0 0.0450101 1 
0 0.0457289 1 
0 0.0464387 1 
0 0.0467893 1 
0 0.0471363 1 
0 0.0474816 1 
0 0.0478259 1 
0 0.0481572 1 
0 0.0481667 1 
0 0.0488388 1 
0 0.0491716 1 
0 0.0495055 1 
0 0.0498293 1 
0 0.0501587 1 
0 0.0520768 1 
0 0.0530107 1 
0 0.0539259 1 
0 0.0539261 1 
0 0.057162 1 
0 0.0580125 1 
0 0.0580192 1 
0 0.0582896 1 
0 0.0582955 1 
0 0.0585706 1 
0 0.0588512 1 
0 0.0602241 1 
0 0.061027 1 
0 0.061032 1 
0 0.0633946 1 
0 0.0636526 1 
0 0.0644178 1 
0 0.06442 1 
0 0.0651747 1 
0 0.0651786 1 
0 0.0666598 1 
0 0.0669059 1 
0 0.0673925 1 
0 0.0678766 1 
0 0.0690654 1 
0 0.0697746 1 
0 0.0720795 1 
0 0.0725274 1 
0 0.075184 1 
0 0.079617 1 
0 0.0798212 1 
0 0.0798215 1 
0 0.0853608 1 
0 0.0859324 1 
0 0.0896542 1 
0 0.0916362 1 
0 0.0932291 1 
0 0.0937507 1 
0 0.0937523 1 
0 0.0937558 1 
0 0.0958205 1 
0 0.0980136 1 
0 0.098512 1 
0 0.100156 1 
0 0.101292 1 
0 0.103526 1 
0 0.106328 1 
0 0.117704 1 
0 0.119624 1 
0 0.121259 1 
0 0.121389 1 
0 0.122997 1 
0 0.129596 1 
0 0.12972 1 
0 0.131224 1 
0 0.131472 1 
0 0.136225 1 
0 0.148617 1 
0 0.15113 1 
0 0.167634 1 
0 0.168693 1 
0 0.17338 1 
0 0.18256 1 
0 0.221683 1 
0 0.225622 1 
0 0.247781 1 
0 0.249621 1 
0 0.264179 1 
0 0.27763 1 
0 0.305377 1 
0 0.354154 1 
0 0.363729 1 
0 0.420199 1 
0 0.425601 1 
0 0.436325 1 
0 0.485413 1 
0 0.49687 1 
0 0.528062 1 
0 0.535347 1 
0 0.535835 1 
0 0.552669 1 
0 0.594642 1 
0 0.608934 1 
0 0.723931 1 
0 0.753302 1 
0 0.839462 1 
0 0.845303 1 
0 1.40292 1 
0 1.51087 1 
0 2.27271 1 
0 2.5839 1 
0 2.64474 1 
0 2.96424 1 
0 3.48648 1 
0 5.25881 1 
0 5.72365 1 
0 6.14699 1 
0 6.15238 1 
0 inf 1 
0 0.0206182 2 
0 0.0333256 2 
0 0.0347638 2 
0 0.0347704 2 
0 0.0352374 2 
0 0.0383501 2 
0 0.0383516 2 
0 0.0383531 2 
0 0.0450076 2 
0 0.0450088 2 
0 0.0453706 2 
0 0.0464383 2 
0 0.0478211 2 
0 0.0498344 2 
0 0.0520733 2 
0 0.0526989 2 
0 0.0526989 2 
0 0.0527005 2 
0 0.0527014 2 
0 0.0539253 2 
0 0.053926 2 
0 0.054229 2 
0 0.0545286 2 
0 0.0551245 2 
0 0.0574509 2 
0 0.0582936 2 
0 0.0588507 2 
0 0.0605024 2 
0 0.0615599 2 
0 0.0620928 2 
0 0.0620933 2 
0 0.0628753 2 
0 0.0633958 2 
0 0.0651742 2 
0 0.0664157 2 
0 0.0681071 2 
0 0.0681127 2 
0 0.0681153 2 
0 0.070008 2 
0 0.0711655 2 
0 0.0713961 2 
0 0.0716232 2 
0 0.0720781 2 
0 0.0722952 2 
0 0.0734148 2 
0 0.0736474 2 
0 0.07453 2 
0 0.0747494 2 
0 0.0754017 2 
0 0.075618 2 
0 0.0756186 2 
0 0.0756209 2 
0 0.0762632 2 
0 0.0779589 2 
0 0.0785842 2 
0 0.0792031 2 
0 0.0794118 2 
0 0.08225 2 
0 0.0857427 2 
0 0.0872541 2 
0 0.088556 2 
0 0.0891081 2 
0 0.0901997 2 
0 0.0966713 2 
0 0.108908 2 
0 0.113607 2 
0 0.113607 2 
0 0.114041 2 
0 0.12692 2 
0 0.12833 2 
0 0.136832 2 
0 0.139668 2 
0 0.141179 2 
0 0.144953 2 
0 0.145512 2 
0 0.146297 2 
0 0.147628 2 
0 0.15518 2 
0 0.156533 2 
0 0.156536 2 
0 0.165867 2 
0 0.167039 2 
0 0.168995 2 
0 0.184256 2 
0 0.188463 2 
0 0.197935 2 
0 0.20152 2 
0 0.225622 2 
0 0.226281 2 
0 0.236922 2 
0 0.306177 2 
0 0.315993 2 
0 0.321515 2 
0 0.400952 2 
0 0.415969 2 
0 0.418909 2 
0 0.437879 2 
0 0.450033 2 
0 0.457399 2 
0 0.457702 2 
0 0.462853 2 
0 0.517962 2 
0 0.569079 2 
0 0.583753 2 
0 0.622831 2 
0 0.625105 2 
0 0.633018 2 
0 0.657322 2 
0 0.660518 2 
0 0.667534 2 
0 0.680664 2 
0 0.687637 2 
0 1.32249 2 
0 1.40302 2 
0 1.42096 2 
0 1.76107 2 
0 2.02284 2 
0 2.17368 2 
0 2.85192 2 
0 3.73351 2 
0 4.07397 2 
0 4.28254 2 
0 4.31754 2 
0 4.90026 2 
0 4.99975 2 
0 5.11244 2 
0 5.28499 2 
0 inf 2 
0 0.0171433 3 
0 0.01715 3 
0 0.0198089 3 
0 0.0242538 3 
0 0.0280017 3 
0 0.0280017 3 
0 0.0280058 3 
0 0.0323355 3 
0 0.0328432 3 
0 0.0333318 3 
0 0.0347704 3 
0 0.0420028 3 
0 0.0420053 3 
0 0.0435281 3 
0 0.045009 3 
0 0.0464338 3 
0 0.0481654 3 
0 0.0488378 3 
0 0.0593949 3 
0 0.0615647 3 
0 0.0615648 3 
0 0.0620931 3 
0 0.0641596 3 
0 0.0654212 3 
0 0.0661678 3 
0 0.0666617 3 
0 0.066662 3 
0 0.0671494 3 
0 0.0678759 3 
0 0.0729791 3 
0 0.0743085 3 
0 0.0754002 3 
0 0.0754002 3 
0 0.0760487 3 
0 0.076474 3 
0 0.076903 3 
0 0.0769031 3 
0 0.0773268 3 
0 0.0773269 3 
0 0.0812449 3 
0 0.0828388 3 
0 0.0836201 3 
0 0.0838152 3 
0 0.0898372 3 
0 0.0927011 3 
0 0.0946196 3 
0 0.0947912 3 
0 0.0947932 3 
0 0.0953076 3 
0 0.0968354 3 
0 0.0983449 3 
0 0.103208 3 
0 0.104624 3 
0 0.104779 3 
0 0.106328 3 
0 0.107094 3 
0 0.111868 3 
0 0.111868 3 
0 0.112305 3 
0 0.119901 3 
0 0.120717 3 
0 0.121123 3 
0 0.121795 3 
0 0.127948 3 
0 0.129717 3 
0 0.133076 3 
0 0.140713 3 
0 0.181307 3 
0 0.190363 3 
0 0.193505 3 
0 0.200796 3 
0 0.204903 3 
0 0.213656 3 
0 0.216303 3 
0 0.225559 3 
0 0.226926 3 
0 0.227075 3 
0 0.248545 3 
0 0.313298 3 
0 0.317956 3 
0 0.32567 3 
0 0.332132 3 
0 0.37334 3 
0 0.380451 3 
0 0.382085 3 
0 0.382691 3 
0 0.39335 3 
0 0.395167 3 
0 0.397237 3 
0 0.401521 3 
0 0.475787 3 
0 0.504399 3 
0 0.536262 3 
0 0.540565 3 
0 0.543434 3 
0 0.544481 3 
0 0.550642 3 
0 0.563771 3 
0 0.5798 3 
0 0.593253 3 
0 0.599524 3 
0 0.606917 3 
0 0.614024 3 
0 0.629647 3 
0 0.633374 3 
0 1.19646 3 
0 1.34312 3 
0 1.39508 3 
0 1.56232 3 
0 1.71723 3 
0 1.98994 3 
0 2.10808 3 
0 2.32054 3 
0 2.3577 3 
0 2.36655 3 
0 2.52122 3 
0 2.87572 3 
0 2.8782 3 
0 2.8782 3 
0 4.25198 3 
0 4.29999 3 
0 4.30519 3 
0 4.31814 3 
0 inf 3 
0 0.0291507 4 
0 0.0307883 4 
0 0.0370451 4 
0 0.0431479 4 
0 0.0450025 4 
0 0.0460739 4 
0 0.0495033 4 
0 0.0495058 4 
0 0.050806 4 
0 0.0517654 4 
0 0.054529 4 
0 0.0557142 4 
0 0.0562979 4 
0 0.0565901 4 
0 0.057162 4 
0 0.0585731 4 
0 0.0628781 4 
0 0.0633946 4 
0 0.0636519 4 
0 0.0683512 4 
0 0.0683541 4 
0 0.0685992 4 
0 0.0688318 4 
0 0.0690682 4 
0 0.0693049 4 
0 0.0700077 4 
0 0.0702415 4 
0 0.0711658 4 
0 0.0729748 4 
0 0.0754011 4 
0 0.0762616 4 
0 0.0783772 4 
0 0.0796172 4 
0 0.0798232 4 
0 0.0842051 4 
0 0.0859317 4 
0 0.0881824 4 
0 0.0905618 4 
0 0.0921701 4 
0 0.100645 4 
0 0.102572 4 
0 0.102573 4 
0 0.102732 4 
0 0.108459 4 
0 0.110251 4 
0 0.114469 4 
0 0.119085 4 
0 0.123395 4 
0 0.124056 4 
0 0.125493 4 
0 0.135994 4 
0 0.135995 4 
0 0.141643 4 
0 0.143588 4 
0 0.144047 4 
0 0.14763 4 
0 0.148514 4 
0 0.150807 4 
0 0.151128 4 
0 0.151886 4 
0 0.153704 4 
0 0.155181 4 
0 0.155918 4 
0 0.22685 4 
0 0.262377 4 
0 0.267846 4 
0 0.295199 4 
0 0.301662 4 
0 0.30486 4 
0 0.316511 4 
0 0.326324 4 
0 0.336517 4 
0 0.337327 4 
0 0.346716 4 
0 0.347092 4 
0 0.357852 4 
0 0.393178 4 
0 0.406238 4 
0 0.425934 4 
0 0.437527 4 
0 0.4653 4 
0 0.499479 4 
0 0.500255 4 
0 0.512071 4 
0 0.513923 4 
0 0.515731 4 
0 0.518179 4 
0 0.520085 4 
0 0.522575 4 
0 0.532151 4 
0 0.557579 4 
0 0.577075 4 
0 0.582344 4 
0 0.583561 4 
0 0.596222 4 
0 0.612572 4 
0 0.618068 4 
0 0.864558 4 
0 1.03338 4 
0 1.39293 4 
0 1.47518 4 
0 1.72825 4 
0 1.73034 4 
0 1.93315 4 
0 1.93542 4 
0 1.93997 4 
0 1.94044 4 
0 2.2251 4 
0 2.22535 4 
0 2.24498 4 
0 2.25198 4 
0 2.2582 4 
0 2.26059 4 
0 2.26121 4 
0 2.26183 4 
0 2.33948 4 
0 2.40313 4 
0 2.40341 4 
0 2.40341 4 
0 inf 4 
0 0.0291487 5 
0 0.0323372 5 
0 0.0333342 5 
0 0.0352336 5 
0 0.0352361 5 
0 0.0366072 5 
0 0.0370498 5 
0 0.0391878 5 
0 0.0396005 5 
0 0.044277 5 
0 0.0464412 5 
0 0.0491721 5 
0 0.0498324 5 
0 0.0571614 5 
0 0.0612981 5 
0 0.0613024 5 
0 0.0639041 5 
0 0.0654242 5 
0 0.065425 5 
0 0.0693055 5 
0 0.0700102 5 
0 0.0704745 5 
0 0.0711663 5 
0 0.0747486 5 
0 0.0762622 5 
0 0.0779616 5 
0 0.0787922 5 
0 0.0789974 5 
0 0.0812425 5 
0 0.0830311 5 
0 0.0830314 5 
0 0.0844026 5 
0 0.091815 5 
0 0.104469 5 
0 0.104779 5 
0 0.106325 5 
0 0.107701 5 
0 0.112596 5 
0 0.114607 5 
0 0.116025 5 
0 0.121259 5 
0 0.12206 5 
0 0.122996 5 
0 0.124714 5 
0 0.126666 5 
0 0.132586 5 
0 0.133201 5 
0 0.135635 5 
0 0.136593 5 
0 0.137069 5 
0 0.137193 5 
0 0.149061 5 
0 0.162691 5 
0 0.164191 5 
0 0.165874 5 
0 0.2029 5 
0 0.264725 5 
0 0.278117 5 
0 0.294481 5 
0 0.311747 5 
0 0.313167 5 
0 0.315922 5 
0 0.318929 5 
0 0.388541 5 
0 0.398584 5 
0 0.409906 5 
0 0.411468 5 
0 0.416361 5 
0 0.416675 5 
0 0.424774 5 
0 0.4264 5 
0 0.458687 5 
0 0.470514 5 
0 0.471624 5 
0 0.476722 5 
0 0.477045 5 
0 0.490486 5 
0 0.495952 5 
0 0.504161 5 
0 0.504477 5 
0 0.511552 5 
0 0.512572 5 
0 0.521326 5 
0 0.529441 5 
0 0.532614 5 
0 0.579184 5 
0 0.580648 5 
0 0.582334 5 
0 0.626419 5 
0 0.629218 5 
0 0.944568 5 
0 0.947953 5 
0 0.953963 5 
0 0.95848 5 
0 1.08277 5 
0 1.40763 5 
0 1.46938 5 
0 1.72293 5 
0 1.86052 5 
0 1.87275 5 
0 1.89301 5 
0 1.89846 5 
0 1.89873 5 
0 1.89916 5 
0 1.89939 5 
0 1.90171 5 
0 1.90368 5 
0 2.71103 5 
0 2.71106 5 
0 2.71125 5 
0 2.71173 5 
0 2.93562 5 
0 3.16859 5 
0 3.18851 5 
0 3.18974 5 
0 inf 5 
0 0.0280031 6 
0 0.028578 6 
0 0.0297078 6 
0 0.0333349 6 
0 0.0374874 6 
0 0.0416146 6 
0 0.044276 6 
0 0.0460823 6 
0 0.0523919 6 
0 0.0542264 6 
0 0.0551271 6 
0 0.0585706 6 
0 0.0633945 6 
0 0.0641644 6 
0 0.065176 6 
0 0.0666588 6 
0 0.066907 6 
0 0.0709335 6 
0 0.0738662 6 
0 0.0756095 6 
0 0.0756099 6 
0 0.0796152 6 
0 0.080635 6 
0 0.0830291 6 
0 0.0859333 6 
0 0.0889224 6 
0 0.0956501 6 
0 0.0980131 6 
0 0.0998291 6 
0 0.101453 6 
0 0.101772 6 
0 0.102096 6 
0 0.102891 6 
0 0.103997 6 
0 0.110102 6 
0 0.112741 6 
0 0.113029 6 
0 0.113606 6 
0 0.118536 6 
0 0.12353 6 
0 0.12379 6 
0 0.135631 6 
0 0.150915 6 
0 0.15665 6 
0 0.161981 6 
0 0.164585 6 
0 0.17913 6 
0 0.208617 6 
0 0.237857 6 
0 0.287294 6 
0 0.299269 6 
0 0.307877 6 
0 0.31445 6 
0 0.329575 6 
0 0.341613 6 
0 0.344468 6 
0 0.344469 6 
0 0.346597 6 
0 0.381222 6 
0 0.383699 6 
0 0.38414 6 
0 0.385102 6 
0 0.425165 6 
0 0.425421 6 
0 0.429106 6 
0 0.429296 6 
0 0.436092 6 
0 0.445236 6 
0 0.447143 6 
0 0.457718 6 
0 0.464345 6 
0 0.465019 6 
0 0.477018 6 
0 0.507875 6 
0 0.515058 6 
0 0.541728 6 
0 0.541767 6 
0 0.546562 6 
0 0.546922 6 
0 0.550345 6 
0 0.572556 6 
0 0.573839 6 
0 0.574351 6 
0 0.609145 6 
0 0.648658 6 
0 0.654603 6 
0 0.665368 6 
0 0.675603 6 
0 0.72892 6 
0 1.07132 6 
0 1.103 6 
0 1.408 6 
0 1.49148 6 
0 1.51311 6 
0 1.51496 6 
0 1.51622 6 
0 1.52 6 
0 1.71666 6 
0 1.87448 6 
0 1.91698 6 
0 2.13496 6 
0 2.17382 6 
0 2.17472 6 
0 2.20463 6 
0 2.20502 6 
0 2.20743 6 
0 2.21131 6 
0 2.5423 6 
0 2.54338 6 
0 2.54384 6 
0 2.55068 6 
0 inf 6 
0 0.0370432 7 
0 0.0387634 7 
0 0.0404176 7 
0 0.0501596 7 
0 0.0530128 7 
0 0.0591286 7 
0 0.0591312 7 
0 0.0596756 7 
0 0.0599589 7 
0 0.0633958 7 
0 0.0690666 7 
0 0.0690669 7 
0 0.0743066 7 
0 0.0779484 7 
0 0.0798226 7 
0 0.0818415 7 
0 0.0840132 7 
0 0.0863123 7 
0 0.0885567 7 
0 0.0905642 7 
0 0.0923497 7 
0 0.0932277 7 
0 0.0971764 7 
0 0.0976779 7 
0 0.105404 7 
0 0.105405 7 
0 0.106321 7 
0 0.108307 7 
0 0.109658 7 
0 0.121258 7 
0 0.134181 7 
0 0.139079 7 
0 0.143477 7 
0 0.150153 7 
0 0.150592 7 
0 0.153698 7 
0 0.154124 7 
0 0.155914 7 
0 0.16763 7 
0 0.201087 7 
0 0.208618 7 
0 0.229011 7 
0 0.230214 7 
0 0.259005 7 
0 0.264003 7 
0 0.272289 7 
0 0.295206 7 
0 0.299488 7 
0 0.304471 7 
0 0.310051 7 
0 0.321129 7 
0 0.321139 7 
0 0.323158 7 
0 0.347928 7 
0 0.38858 7 
0 0.404249 7 
0 0.404592 7 
0 0.404592 7 
0 0.406185 7 
0 0.41146 7 
0 0.418877 7 
0 0.431224 7 
0 0.431369 7 
0 0.434317 7 
0 0.438281 7 
0 0.438728 7 
0 0.445753 7 
0 0.451072 7 
0 0.461881 7 
0 0.478379 7 
0 0.49895 7 
0 0.506776 7 
0 0.524738 7 
0 0.524956 7 
0 0.524957 7 
0 0.55676 7 
0 0.556761 7 
0 0.577408 7 
0 0.581216 7 
0 0.581778 7 
0 0.803484 7 
0 1.06093 7 
0 1.21505 7 
0 1.42263 7 
0 1.4259 7 
0 1.43021 7 
0 1.46448 7 
0 1.46531 7 
0 1.46585 7 
0 1.47944 7 
0 1.48213 7 
0 1.48438 7 
0 1.5004 7 
0 1.59582 7 
0 1.61379 7 
0 1.61723 7 
0 1.63299 7 
0 1.76023 7 
0 1.77163 7 
0 1.77833 7 
0 1.82733 7 
0 1.86135 7 
0 1.87726 7 
0 1.99424 7 
0 1.99534 7 
0 1.99711 7 
0 2.01204 7 
0 inf 7 
0 0.0307864 8 
0 0.0404138 8 
0 0.05239 8 
0 0.0542313 8 
0 0.0585719 8 
0 0.0688348 8 
0 0.0736462 8 
0 0.0798186 8 
0 0.0812425 8 
0 0.0820411 8 
0 0.0851684 8 
0 0.0857408 8 
0 0.0874402 8 
0 0.0898342 8 
0 0.0912773 8 
0 0.0918124 8 
0 0.0932289 8 
0 0.0941001 8 
0 0.0946169 8 
0 0.0975112 8 
0 0.108156 8 
0 0.124713 8 
0 0.128523 8 
0 0.132707 8 
0 0.138258 8 
0 0.141183 8 
0 0.14176 8 
0 0.143587 8 
0 0.146854 8 
0 0.15614 8 
0 0.158515 8 
0 0.165377 8 
0 0.168991 8 
0 0.182428 8 
0 0.18483 8 
0 0.225115 8 
0 0.254493 8 
0 0.261896 8 
0 0.27141 8 
0 0.271983 8 
0 0.29005 8 
0 0.295368 8 
0 0.297516 8 
0 0.300832 8 
0 0.301011 8 
0 0.302726 8 
0 0.318636 8 
0 0.350127 8 
0 0.355084 8 
0 0.361469 8 
0 0.386385 8 
0 0.389534 8 
0 0.389576 8 
0 0.391386 8 
0 0.407009 8 
0 0.414532 8 
0 0.424656 8 
0 0.429135 8 
0 0.449731 8 
0 0.486805 8 
0 0.490815 8 
0 0.494628 8 
0 0.501921 8 
0 0.512008 8 
0 0.521397 8 
0 0.527905 8 
0 0.569157 8 
0 0.570534 8 
0 0.570906 8 
0 0.60835 8 
0 0.701743 8 
0 0.813788 8 
0 0.831088 8 
0 0.939431 8 
0 0.98508 8 
0 1.07382 8 
0 1.1233 8 
0 1.1246 8 
0 1.15436 8 
0 1.2709 8 
0 1.28888 8 
0 1.3582 8 
0 1.40099 8 
0 1.40685 8 
0 1.41229 8 
0 1.44027 8 
0 1.44058 8 
0 1.44117 8 
0 1.45262 8 
0 1.4629 8 
0 1.46584 8 
0 1.46798 8 
0 1.49127 8 
0 1.50261 8 
0 1.53838 8 
0 1.65316 8 
0 1.67717 8 
0 1.71436 8 
0 1.71969 8 
0 1.72728 8 
0 1.73564 8 
0 1.87913 8 
0 2.12685 8 
0 inf 8 
0 0.0296975 9 
0 0.0333291 9 
0 0.0420033 9 
0 0.0439072 9 
0 0.052701 9 
0 0.0536262 9 
0 0.070475 9 
0 0.0754042 9 
0 0.0787934 9 
0 0.09768 9 
0 0.101925 9 
0 0.101945 9 
0 0.102732 9 
0 0.106327 9 
0 0.118398 9 
0 0.119515 9 
0 0.121796 9 
0 0.122734 9 
0 0.122862 9 
0 0.127306 9 
0 0.127561 9 
0 0.136964 9 
0 0.139785 9 
0 0.143375 9 
0 0.150263 9 
0 0.163988 9 
0 0.207034 9 
0 0.209793 9 
0 0.2169 9 
0 0.223659 9 
0 0.227846 9 
0 0.231192 9 
0 0.24188 9 
0 0.244232 9 
0 0.283035 9 
0 0.286305 9 
0 0.288579 9 
0 0.296804 9 
0 0.302633 9 
0 0.311046 9 
0 0.342444 9 
0 0.342888 9 
0 0.34303 9 
0 0.345862 9 
0 0.384097 9 
0 0.426289 9 
0 0.427553 9 
0 0.431508 9 
0 0.43552 9 
0 0.446229 9 
0 0.452627 9 
0 0.468697 9 
0 0.470015 9 
0 0.48057 9 
0 0.485739 9 
0 0.492154 9 
0 0.495303 9 
0 0.50712 9 
0 0.50815 9 
0 0.508325 9 
0 0.511466 9 
0 0.529051 9 
0 0.564605 9 
0 0.564605 9 
0 0.591978 9 
0 0.698929 9 
0 0.698929 9 
0 0.722481 9 
0 0.750323 9 
0 0.845745 9 
0 0.853039 9 
0 0.868091 9 
0 0.946814 9 
0 0.98925 9 
0 1.02075 9 
0 1.22777 9 
0 1.28317 9 
0 1.34366 9 
0 1.3832 9 
0 1.38619 9 
0 1.38625 9 
0 1.39231 9 
0 1.42479 9 
0 1.42693 9 
0 1.46142 9 
0 1.46222 9 
0 1.46317 9 
0 1.46356 9 
0 1.46384 9 
0 1.50086 9 
0 1.67296 9 
0 1.71234 9 
0 1.73205 9 
0 1.73699 9 
0 1.74342 9 
0 1.75994 9 
0 1.76575 9 
0 1.7726 9 
0 1.78491 9 
0 inf 9 
0 0.0379184 10 
0 0.0387675 10 
0 0.041637 10 
0 0.054226 10 
0 0.0785841 10 
0 0.0932267 10 
0 0.0958212 10 
0 0.10449 10 
0 0.106016 10 
0 0.106332 10 
0 0.110103 10 
0 0.115604 10 
0 0.123398 10 
0 0.124866 10 
0 0.125912 10 
0 0.130622 10 
0 0.130723 10 
0 0.133203 10 
0 0.141297 10 
0 0.14988 10 
0 0.155184 10 
0 0.16196 10 
0 0.16981 10 
0 0.184075 10 
0 0.186395 10 
0 0.200129 10 
0 0.210021 10 
0 0.214778 10 
0 0.217647 10 
0 0.238575 10 
0 0.24598 10 
0 0.275804 10 
0 0.291695 10 
0 0.303443 10 
0 0.356198 10 
0 0.358869 10 
0 0.37337 10 
0 0.394263 10 
0 0.394552 10 
0 0.394914 10 
0 0.395038 10 
0 0.395289 10 
0 0.397763 10 
0 0.399223 10 
0 0.400906 10 
0 0.403182 10 
0 0.408502 10 
0 0.421115 10 
0 0.427224 10 
0 0.467443 10 
0 0.468141 10 
0 0.468309 10 
0 0.469006 10 
0 0.503773 10 
0 0.529293 10 
0 0.541788 10 
0 0.551357 10 
0 0.553132 10 
0 0.565248 10 
0 0.567555 10 
0 0.576526 10 
0 0.61054 10 
0 0.623959 10 
0 0.625716 10 
0 0.680714 10 
0 0.683875 10 
0 0.69038 10 
0 0.713265 10 
0 0.740947 10 
0 0.921574 10 
0 0.923328 10 
0 1.20365 10 
0 1.21096 10 
0 1.24044 10 
0 1.24176 10 
0 1.27503 10 
0 1.30262 10 
0 1.32095 10 
0 1.38898 10 
0 1.38951 10 
0 1.41055 10 
0 1.45799 10 
0 1.46027 10 
0 1.47151 10 
0 1.47181 10 
0 1.47757 10 
0 1.53036 10 
0 1.53119 10 
0 1.71989 10 
0 1.72334 10 
0 1.72799 10 
0 1.72851 10 
0 1.81226 10 
0 2.16819 10 
0 2.16823 10 
0 inf 10 
0 0.0747508 11 
0 0.0874377 11 
0 0.101463 11 
0 0.102892 11 
0 0.113031 11 
0 0.126662 11 
0 0.136416 11 
0 0.150273 11 
0 0.152265 11 
0 0.153704 11 
0 0.156962 11 
0 0.157188 11 
0 0.168656 11 
0 0.17794 11 
0 0.181284 11 
0 0.184897 11 
0 0.190968 11 
0 0.195842 11 
0 0.201608 11 
0 0.213193 11 
0 0.225171 11 
0 0.230485 11 
0 0.241095 11 
0 0.242653 11 
0 0.243792 11 
0 0.259504 11 
0 0.279026 11 
0 0.285681 11 
0 0.286837 11 
0 0.30343 11 
0 0.306578 11 
0 0.306632 11 
0 0.30956 11 
0 0.326528 11 
0 0.330404 11 
0 0.335796 11 
0 0.336733 11 
0 0.337495 11 
0 0.377704 11 
0 0.377877 11 
0 0.388958 11 
0 0.391548 11 
0 0.392173 11 
0 0.414416 11 
0 0.428569 11 
0 0.434625 11 
0 0.441507 11 
0 0.450881 11 
0 0.452039 11 
0 0.486011 11 
0 0.494245 11 
0 0.500551 11 
0 0.524864 11 
0 0.525703 11 
0 0.565825 11 
0 0.576039 11 
0 0.598401 11 
0 0.600717 11 
0 0.605917 11 
0 0.615342 11 
0 0.776657 11 
0 0.777056 11 
0 0.842213 11 
0 0.908794 11 
0 0.911218 11 
0 0.997557 11 
0 0.998932 11 
0 1.10736 11 
0 1.1945 11 
0 1.20608 11 
0 1.22177 11 
0 1.29616 11 
0 1.39794 11 
0 1.41217 11 
0 1.41669 11 
0 1.41683 11 
0 1.42782 11 
0 1.44385 11 
0 1.44458 11 
0 1.46038 11 
0 1.46169 11 
0 1.48052 11 
0 1.50577 11 
0 1.5063 11 
0 1.71659 11 
0 1.72218 11 
0 1.74652 11 
0 1.74734 11 
0 1.87031 11 
0 2.05808 11 
0 2.05839 11 
0 inf 11 
0 0.0981872 12 
0 0.130117 12 
0 0.135651 12 
0 0.139321 12 
0 0.152094 12 
0 0.171373 12 
0 0.180056 12 
0 0.185494 12 
0 0.186001 12 
0 0.195107 12 
0 0.206167 12 
0 0.210027 12 
0 0.210725 12 
0 0.2147 12 
0 0.215005 12 
0 0.219237 12 
0 0.244959 12 
0 0.252319 12 
0 0.25803 12 
0 0.285981 12 
0 0.28695 12 
0 0.296796 12 
0 0.296798 12 
0 0.300605 12 
0 0.302339 12 
0 0.304839 12 
0 0.317875 12 
0 0.319647 12 
0 0.322359 12 
0 0.326374 12 
0 0.327773 12 
0 0.343306 12 
0 0.343794 12 
0 0.352986 12 
0 0.364238 12 
0 0.366933 12 
0 0.367334 12 
0 0.405612 12 
0 0.406975 12 
0 0.409536 12 
0 0.413431 12 
0 0.440557 12 
0 0.450119 12 
0 0.474615 12 
0 0.542408 12 
0 0.543852 12 
0 0.567329 12 
0 0.57014 12 
0 0.570688 12 
0 0.571086 12 
0 0.578282 12 
0 0.615415 12 
0 0.615415 12 
0 0.646851 12 
0 0.693853 12 
0 0.697024 12 
0 0.697141 12 
0 0.741536 12 
0 0.752102 12 
0 0.846463 12 
0 0.867942 12 
0 0.919507 12 
0 0.929059 12 
0 0.967802 12 
0 1.07847 12 
0 1.20456 12 
0 1.21604 12 
0 1.37258 12 
0 1.38339 12 
0 1.3852 12 
0 1.3894 12 
0 1.39968 12 
0 1.39971 12 
0 1.40129 12 
0 1.4654 12 
0 1.46563 12 
0 1.48784 12 
0 1.48845 12 
0 1.49345 12 
0 1.50471 12 
0 1.60528 12 
0 1.64965 12 
0 1.71069 12 
0 1.71131 12 
0 1.86793 12 
0 1.87296 12 
0 1.87412 12 
0 inf 12 
0 0.130794 13 
0 0.154559 13 
0 0.187072 13 
0 0.192814 13 
0 0.192814 13 
0 0.202179 13 
0 0.202641 13 
0 0.205444 13 
0 0.209405 13 
0 0.213337 13 
0 0.222781 13 
0 0.222926 13 
0 0.271688 13 
0 0.271688 13 
0 0.288541 13 
0 0.290347 13 
0 0.292228 13 
0 0.292507 13 
0 0.299692 13 
0 0.308544 13 
0 0.3101 13 
0 0.31574 13 
0 0.316461 13 
0 0.316902 13 
0 0.318777 13 
0 0.376352 13 
0 0.40766 13 
0 0.411961 13 
0 0.413861 13 
0 0.427725 13 
0 0.438292 13 
0 0.446453 13 
0 0.453533 13 
0 0.495173 13 
0 0.495662 13 
0 0.495761 13 
0 0.49839 13 
0 0.506619 13 
0 0.5098 13 
0 0.514301 13 
0 0.518443 13 
0 0.522118 13 
0 0.536563 13 
0 0.53878 13 
0 0.540719 13 
0 0.541176 13 
0 0.544332 13 
0 0.546609 13 
0 0.554256 13 
0 0.560954 13 
0 0.564002 13 
0 0.570619 13 
0 0.643612 13 
0 0.648669 13 
0 0.648744 13 
0 0.667147 13 
0 0.667342 13 
0 0.763958 13 
0 0.773903 13 
0 0.816736 13 
0 1.12396 13 
0 1.14053 13 
0 1.21876 13 
0 1.38946 13 
0 1.38946 13 
0 1.39221 13 
0 1.39236 13 
0 1.39611 13 
0 1.46346 13 
0 1.46346 13 
0 1.47025 13 
0 1.47025 13 
0 1.47164 13 
0 1.58593 13 
0 1.58852 13 
0 1.71292 13 
0 1.71799 13 
0 1.73419 13 
0 1.73569 13 
0 1.73651 13 
0 1.77881 13 
0 1.77969 13 
0 1.78038 13 
0 inf 13 
0 0.0990323 14 
0 0.140829 14 
0 0.156446 14 
0 0.163288 14 
0 0.182473 14 
0 0.189581 14 
0 0.197582 14 
0 0.19841 14 
0 0.236669 14 
0 0.246521 14 
0 0.248305 14 
0 0.252487 14 
0 0.256658 14 
0 0.260442 14 
0 0.260818 14 
0 0.263044 14 
0 0.264805 14 
0 0.266009 14 
0 0.266948 14 
0 0.270775 14 
0 0.276137 14 
0 0.276866 14 
0 0.277551 14 
0 0.290664 14 
0 0.294511 14 
0 0.33569 14 
0 0.360303 14 
0 0.366641 14 
0 0.377009 14 
0 0.379601 14 
0 0.380676 14 
0 0.392968 14 
0 0.397875 14 
0 0.406344 14 
0 0.417126 14 
0 0.422921 14 
0 0.424384 14 
0 0.432698 14 
0 0.440184 14 
0 0.440629 14 
0 0.45035 14 
0 0.4605 14 
0 0.473828 14 
0 0.501566 14 
0 0.512552 14 
0 0.514302 14 
0 0.565132 14 
0 0.569165 14 
0 0.578327 14 
0 0.667936 14 
0 0.675454 14 
0 0.696788 14 
0 0.748654 14 
0 0.749549 14 
0 0.749701 14 
0 0.793419 14 
0 0.833664 14 
0 1.28908 14 
0 1.30052 14 
0 1.30109 14 
0 1.38678 14 
0 1.38778 14 
0 1.40914 14 
0 1.45494 14 
0 1.45521 14 
0 1.45756 14 
0 1.46622 14 
0 1.46973 14 
0 1.46982 14 
0 1.47138 14 
0 1.47538 14 
0 1.71974 14 
0 1.74001 14 
0 1.74291 14 
0 1.74296 14 
0 1.74949 14 
0 1.75005 14 
0 1.75103 14 
0 2.10003 14 
0 inf 14 
0 0.0868912 15 
0 0.110845 15 
0 0.128143 15 
0 0.142102 15 
0 0.153275 15 
0 0.167829 15 
0 0.180035 15 
0 0.184501 15 
0 0.200554 15 
0 0.200554 15 
0 0.201205 15 
0 0.205318 15 
0 0.212097 15 
0 0.222707 15 
0 0.249953 15 
0 0.255502 15 
0 0.25631 15 
0 0.256565 15 
0 0.257678 15 
0 0.264684 15 
0 0.269395 15 
0 0.280792 15 
0 0.284066 15 
0 0.291974 15 
0 0.296724 15 
0 0.29795 15 
0 0.299923 15 
0 0.30104 15 
0 0.301497 15 
0 0.30382 15 
0 0.307133 15 
0 0.366367 15 
0 0.366499 15 
0 0.367746 15 
0 0.377002 15 
0 0.391304 15 
0 0.397803 15 
0 0.418258 15 
0 0.424082 15 
0 0.458785 15 
0 0.469914 15 
0 0.47352 15 
0 0.496178 15 
0 0.509211 15 
0 0.537263 15 
0 0.595304 15 
0 0.595644 15 
0 0.629645 15 
0 0.631097 15 
0 0.63164 15 
0 0.662885 15 
0 0.6664 15 
0 0.679786 15 
0 0.866648 15 
0 0.867571 15 
0 0.86759 15 
0 1.11603 15 
0 1.23375 15 
0 1.24328 15 
0 1.24895 15 
0 1.39031 15 
0 1.43709 15 
0 1.43749 15 
0 1.43757 15 
0 1.46032 15 
0 1.52515 15 
0 1.52671 15 
0 1.52678 15 
0 1.7241 15 
0 1.72476 15 
0 1.72717 15 
0 1.72717 15 
0 2.13308 15 
0 2.13336 15 
0 2.13336 15 
0 inf 15 
0 0.0889327 16 
0 0.11101 16 
0 0.147324 16 
0 0.168703 16 
0 0.171678 16 
0 0.192226 16 
0 0.192772 16 
0 0.206716 16 
0 0.215765 16 
0 0.236016 16 
0 0.244323 16 
0 0.245457 16 
0 0.245989 16 
0 0.249222 16 
0 0.258533 16 
0 0.262546 16 
0 0.262795 16 
0 0.265113 16 
0 0.272585 16 
0 0.274857 16 
0 0.275093 16 
0 0.27781 16 
0 0.27781 16 
0 0.27828 16 
0 0.288687 16 
0 0.304302 16 
0 0.306898 16 
0 0.313065 16 
0 0.318303 16 
0 0.338298 16 
0 0.339527 16 
0 0.341758 16 
0 0.406535 16 
0 0.406652 16 
0 0.411405 16 
0 0.417565 16 
0 0.444463 16 
0 0.444732 16 
0 0.446931 16 
0 0.448124 16 
0 0.453307 16 
0 0.579617 16 
0 0.594795 16 
0 0.601351 16 
0 0.603737 16 
0 0.603953 16 
0 0.784987 16 
0 0.853873 16 
0 0.936056 16 
0 0.968761 16 
0 0.969014 16 
0 0.969688 16 
0 1.12347 16 
0 1.27006 16 
0 1.30289 16 
0 1.3035 16 
0 1.38587 16 
0 1.39999 16 
0 1.4001 16 
0 1.40019 16 
0 1.45958 16 
0 1.50882 16 
0 1.50965 16 
0 1.50965 16 
0 1.71936 16 
0 1.72189 16 
0 1.73081 16 
0 1.73142 16 
0 2.07781 16 
0 2.07947 16 
0 2.08067 16 
0 inf 16 
0 0.115199 17 
0 0.140153 17 
0 0.189687 17 
0 0.190717 17 
0 0.190769 17 
0 0.200214 17 
0 0.200784 17 
0 0.230763 17 
0 0.231116 17 
0 0.245115 17 
0 0.252794 17 
0 0.276752 17 
0 0.279322 17 
0 0.28097 17 
0 0.28161 17 
0 0.282362 17 
0 0.286608 17 
0 0.287348 17 
0 0.288199 17 
0 0.290289 17 
0 0.290458 17 
0 0.29501 17 
0 0.295011 17 
0 0.295177 17 
0 0.301312 17 
0 0.304599 17 
0 0.304867 17 
0 0.305296 17 
0 0.30567 17 
0 0.387772 17 
0 0.412106 17 
0 0.415973 17 
0 0.416248 17 
0 0.454966 17 
0 0.570655 17 
0 0.570998 17 
0 0.571885 17 
0 0.572027 17 
0 0.638548 17 
0 0.660804 17 
0 0.662655 17 
0 0.729367 17 
0 0.801481 17 
0 0.844243 17 
0 0.885976 17 
0 0.892004 17 
0 1.0413 17 
0 1.05144 17 
0 1.16339 17 
0 1.40158 17 
0 1.40209 17 
0 1.40209 17 
0 1.40214 17 
0 1.46309 17 
0 1.46936 17 
0 1.47091 17 
0 1.47394 17 
0 1.47421 17 
0 1.47484 17 
0 1.47608 17 
0 1.72877 17 
0 1.7726 17 
0 1.77672 17 
0 1.77713 17 
0 1.81795 17 
0 1.82205 17 
0 1.82355 17 
0 inf 17 
0 0.0988535 18 
0 0.102597 18 
0 0.102597 18 
0 0.102598 18 
0 0.112751 18 
0 0.114903 18 
0 0.200376 18 
0 0.201352 18 
0 0.201594 18 
0 0.202566 18 
0 0.205447 18 
0 0.208525 18 
0 0.210632 18 
0 0.214965 18 
0 0.275968 18 
0 0.295643 18 
0 0.296085 18 
0 0.296085 18 
0 0.296471 18 
0 0.306524 18 
0 0.319441 18 
0 0.321582 18 
0 0.321582 18 
0 0.32166 18 
0 0.321735 18 
0 0.322523 18 
0 0.322877 18 
0 0.441147 18 
0 0.458793 18 
0 0.462835 18 
0 0.479343 18 
0 0.481481 18 
0 0.481519 18 
0 0.565149 18 
0 0.56685 18 
0 0.574468 18 
0 0.581927 18 
0 0.602696 18 
0 0.607152 18 
0 0.608013 18 
0 0.609864 18 
0 1.04819 18 
0 1.13618 18 
0 1.13802 18 
0 1.20934 18 
0 1.21424 18 
0 1.22304 18 
0 1.32085 18 
0 1.37833 18 
0 1.38976 18 
0 1.39007 18 
0 1.39007 18 
0 1.39017 18 
0 1.46127 18 
0 1.46472 18 
0 1.46484 18 
0 1.46503 18 
0 1.699 18 
0 1.75472 18 
0 1.76051 18 
0 1.7679 18 
0 1.77354 18 
0 1.77425 18 
0 inf 18 
0 0.115184 19 
0 0.121196 19 
0 0.121868 19 
0 0.122871 19 
0 0.123401 19 
0 0.12452 19 
0 0.192136 19 
0 0.193828 19 
0 0.193829 19 
0 0.209539 19 
0 0.20954 19 
0 0.221146 19 
0 0.232463 19 
0 0.240545 19 
0 0.240545 19 
0 0.317624 19 
0 0.319828 19 
0 0.320848 19 
0 0.343681 19 
0 0.35857 19 
0 0.361067 19 
0 0.404881 19 
0 0.417629 19 
0 0.422414 19 
0 0.425996 19 
0 0.430236 19 
0 0.487584 19 
0 0.502213 19 
0 0.503285 19 
0 0.504907 19 
0 0.512136 19 
0 0.512615 19 
0 0.55365 19 
0 0.55365 19 
0 0.558352 19 
0 0.56737 19 
0 0.569181 19 
0 0.607811 19 
0 0.608133 19 
0 0.608536 19 
0 0.639611 19 
0 0.678825 19 
0 1.11944 19 
0 1.23484 19 
0 1.23568 19 
0 1.40322 19 
0 1.40517 19 
0 1.40593 19 
0 1.40796 19 
0 1.41534 19 
0 1.47311 19 
0 1.47585 19 
0 1.4767 19 
0 1.72703 19 
0 1.72814 19 
0 1.76118 19 
0 1.80463 19 
0 1.80466 19 
0 2.10516 19 
0 inf 19 
0 0.112038 20 
0 0.112474 20 
0 0.11703 20 
0 0.123142 20 
0 0.130234 20 
0 0.131234 20 
0 0.204011 20 
0 0.204731 20 
0 0.206321 20 
0 0.23705 20 
0 0.23705 20 
0 0.253051 20 
0 0.27071 20 
0 0.273413 20 
0 0.273413 20 
0 0.297079 20 
0 0.297957 20 
0 0.298833 20 
0 0.315687 20 
0 0.317387 20 
0 0.331344 20 
0 0.33546 20 
0 0.356425 20 
0 0.357591 20 
0 0.358914 20 
0 0.359642 20 
0 0.37151 20 
0 0.374267 20 
0 0.390049 20 
0 0.390175 20 
0 0.390342 20 
0 0.447728 20 
0 0.449003 20 
0 0.453529 20 
0 0.46354 20 
0 0.498917 20 
0 0.50166 20 
0 0.502343 20 
0 0.523708 20 
0 0.524487 20 
0 0.551059 20 
0 0.622338 20 
0 0.624356 20 
0 1.1115 20 
0 1.20327 20 
0 1.20551 20 
0 1.41267 20 
0 1.41342 20 
0 1.47812 20 
0 1.4782 20 
0 1.71676 20 
0 1.72214 20 
0 1.81059 20 
0 1.81438 20 
0 3.93066 20 
0 inf 20 
