4.5031 7.93834 1 
0.976208 2.52011 1 
0.229426 0.404987 1 
0.215007 0.217935 1 
0.207847 0.220716 1 
0.197774 0.198602 1 
0.193937 0.220293 1 
0.0793228 0.0853192 1 
0.072836 0.0787261 1 
0.0688716 0.0944577 1 
0.0686971 0.0690338 1 
0.0554583 0.059546 1 
0.0526412 0.0571213 1 
0.0479701 0.0585581 1 
0.0446752 0.0479642 1 
0.0433394 0.0486985 1 
0.0427971 0.0441455 1 
0.041123 0.0427978 1 
0.0408194 0.0464653 1 
0.0393634 0.0467271 1 
0.0390654 0.0438789 1 
5.85613 5.90013 2 
3.92065 5.96558 2 
0.801153 3.31464 2 
0.196344 0.381404 2 
0.185841 0.217393 2 
0.165171 0.185712 2 
0.07977 0.0853198 2 
0.0700505 0.077226 2 
0.0660869 0.0720363 2 
0.0577421 0.0959261 2 
0.0535196 0.0558775 2 
0.0535171 0.057537 2 
0.0515046 0.0629892 2 
0.0494183 0.049645 2 
0.0482177 0.0489291 2 
0.0482147 0.0501301 2 
0.046972 0.0530752 2 
0.0467364 0.0482187 2 
0.0462189 0.0577315 2 
4.31421 4.62007 3 
4.31033 4.63052 3 
3.47432 4.6417 3 
0.853407 0.893577 3 
0.820592 0.830069 3 
0.752335 3.37935 3 
0.195206 0.347483 3 
0.103471 0.108021 3 
0.0907763 0.0972709 3 
0.0854494 0.100005 3 
0.0819397 0.101865 3 
0.0806403 0.0806411 3 
0.0772219 0.0803514 3 
0.0678329 0.0729963 3 
0.0595489 0.0728463 3 
0.0593503 0.0769208 3 
0.0577466 0.0595384 3 
0.0552457 0.0560915 3 
0.0543877 0.0556692 3 
0.0486974 0.0510538 3 
0.0482066 0.0548096 3 
2.99933 3.01118 4 
2.90905 3.13393 4 
2.90729 3.52936 4 
2.90704 3.50787 4 
2.90645 3.49541 4 
1.16164 3.06424 4 
0.685013 0.701659 4 
0.0730036 0.0778278 4 
0.0603314 0.0651861 4 
0.0601305 0.0607154 4 
0.0583466 0.0603266 4 
0.0482117 0.049892 4 
0.0479657 0.0593446 4 
2.68133 2.69176 5 
2.54851 2.60776 5 
1.93331 2.75105 5 
0.299355 0.307744 5 
0.138999 0.148318 5 
0.0858577 0.09219 5 
0.085449 0.0921882 5 
0.0749084 0.0822302 5 
0.0653685 0.0688646 5 
0.0653655 0.0853096 5 
0.0503555 0.0515059 5 
2.39979 2.40856 6 
2.38973 2.41382 6 
1.61221 2.44099 6 
0.752317 0.754236 6 
0.219809 0.225558 6 
0.138323 0.147918 6 
0.0912903 0.0939563 6 
0.0889552 0.0897379 6 
0.0563002 0.0674907 6 
2.74184 2.86207 7 
2.66629 2.87949 7 
1.9625 2.253 7 
1.91579 2.14757 7 
1.8334 2.16 7 
1.66134 1.88168 7 
1.511 1.65173 7 
1.48273 1.63203 7 
0.179608 0.181495 7 
0.146243 0.151995 7 
0.0928186 0.0928231 7 
1.92035 2.20636 8 
1.83311 1.90022 8 
1.50509 1.6398 8 
1.47522 2.07985 8 
1.27527 1.96792 8 
0.922449 0.93038 8 
0.18934 0.198305 8 
0.168964 0.170828 8 
0.144556 0.148949 8 
0.138914 0.144139 8 
2.61249 2.64957 9 
2.61244 2.64772 9 
2.41093 2.49098 9 
2.40969 2.50571 9 
1.58009 1.63871 9 
1.42227 1.58066 9 
1.21136 1.75563 9 
0.150049 0.150758 9 
0.112289 0.114869 9 
0.0942078 0.10471 9 
2.21686 2.3594 10 
2.09299 2.15861 10 
1.65203 1.77553 10 
1.4341 1.43648 10 
1.42711 1.43006 10 
1.32813 1.37208 10 
1.31321 1.45821 10 
0.769721 0.850956 10 
0.64898 0.650166 10 
1.70199 1.76809 11 
1.7016 1.70819 11 
1.33605 1.42197 11 
1.2442 1.25942 11 
1.23104 1.58587 11 
1.23066 1.69935 11 
1.07773 1.11715 11 
0.568707 0.60185 11 
1.36939 1.47204 12 
1.36337 1.46677 12 
1.34028 1.37222 12 
1.15535 1.2793 12 
0.909371 1.23635 12 
0.78479 0.823758 12 
0.485094 0.532751 12 
1.66241 1.66898 13 
1.65378 1.65493 13 
1.36226 1.41717 13 
1.07925 1.13983 13 
1.0534 1.19882 13 
0.659668 0.660272 13 
0.565546 0.573972 13 
0.564402 0.574974 13 
0.48101 0.500371 13 
1.26176 1.33068 14 
0.494464 0.498945 14 
2.00148 2.09147 15 
2.00148 2.09166 15 
1.74863 1.88496 15 
1.74627 1.88604 15 
0.482887 0.509377 15 
1.49261 1.91947 16 
1.43481 1.47603 16 
1.43187 1.46808 16 
1.27116 1.46644 16 
1.17608 1.25943 16 
1.17217 1.62661 16 
1.17214 1.80227 16 
0.508444 0.536253 16 
1.244 1.37747 17 
1.2432 1.37624 17 
1.23013 1.4264 17 
1.21883 1.35074 17 
1.17632 1.27107 17 
1.15958 1.18845 17 
0.577987 0.602579 17 
1.40352 1.55247 18 
1.4028 1.55434 18 
1.40158 1.55222 18 
1.37308 1.54188 18 
1.5782 1.71547 19 
1.57785 1.71536 19 
1.63328 1.67245 20 
1.63313 1.67191 20 
0.58477 0.658912 20 
