0 0.017215 1 
0 0.0182528 1 
0 0.0187547 1 
0 0.021502 1 
0 0.021502 1 
0 0.02508 1 
0 0.0275414 1 
0 0.0275414 1 
0 0.0282107 1 
0 0.0313137 1 
0 0.0321876 1 
0 0.0335969 1 
0 0.0338678 1 
0 0.0367497 1 
0 0.0367499 1 
0 0.037001 1 
0 0.0372541 1 
0 0.0374966 1 
0 0.0374971 1 
0 0.0374973 1 
0 0.037743 1 
0 0.0389494 1 
0 0.0396573 1 
0 0.0401109 1 
0 0.040803 1 
0 0.0408047 1 
0 0.0410351 1 
0 0.0417004 1 
0 0.0417019 1 
0 0.0427964 1 
0 0.0438635 1 
0 0.0446995 1 
0 0.0451139 1 
0 0.047116 1 
0 0.0471169 1 
0 0.0471169 1 
0 0.0478955 1 
0 0.0499735 1 
0 0.0501582 1 
0 0.0503447 1 
0 0.0510749 1 
0 0.0516155 1 
0 0.0530286 1 
0 0.0532011 1 
0 0.0537231 1 
0 0.0544046 1 
0 0.0552514 1 
0 0.0557479 1 
0 0.0557498 1 
0 0.0559159 1 
0 0.0570648 1 
0 0.0575458 1 
0 0.0575533 1 
0 0.0583435 1 
0 0.0588184 1 
0 0.0592853 1 
0 0.0600618 1 
0 0.0602214 1 
0 0.0608367 1 
0 0.0609853 1 
0 0.0612866 1 
0 0.061733 1 
0 0.0627736 1 
0 0.0636484 1 
0 0.0636504 1 
0 0.063803 1 
0 0.0639398 1 
0 0.0690885 1 
0 0.0692256 1 
0 0.0708082 1 
0 0.0719755 1 
0 0.0757326 1 
0 0.0768204 1 
0 0.0771842 1 
0 0.0783761 1 
0 0.0802371 1 
0 0.0802374 1 
0 0.0892968 1 
0 0.0907299 1 
0 0.0919497 1 
0 0.0923505 1 
0 0.0947261 1 
0 0.0951159 1 
0 0.0969477 1 
0 0.0970377 1 
0 0.10023 1 
0 0.103856 1 
0 0.105266 1 
0 0.10658 1 
0 0.112244 1 
0 0.12599 1 
0 0.155978 1 
0 0.168676 1 
0 0.168956 1 
0 0.175819 1 
0 0.187091 1 
0 0.200917 1 
0 0.203429 1 
0 0.205473 1 
0 0.216219 1 
0 0.241595 1 
0 0.252384 1 
0 0.25577 1 
0 0.306172 1 
0 0.376254 1 
0 0.387568 1 
0 0.402076 1 
0 0.453387 1 
0 0.457121 1 
0 0.48713 1 
0 0.515076 1 
0 0.525627 1 
0 0.548337 1 
0 0.552804 1 
0 0.553645 1 
0 0.665432 1 
0 0.733925 1 
0 0.759427 1 
0 0.807566 1 
0 0.843702 1 
0 1.3274 1 
0 1.42571 1 
0 1.68766 1 
0 2.43005 1 
0 2.5311 1 
0 2.99592 1 
0 3.30441 1 
0 4.877 1 
0 4.89552 1 
0 5.09124 1 
0 5.09394 1 
0 inf 1 
0 0.0142766 2 
0 0.0166667 2 
0 0.017205 2 
0 0.0239486 2 
0 0.0261641 2 
0 0.0278762 2 
0 0.0288572 2 
0 0.0294895 2 
0 0.0304141 2 
0 0.0304179 2 
0 0.0313097 2 
0 0.031313 2 
0 0.0313155 2 
0 0.0316079 2 
0 0.0327523 2 
0 0.0330378 2 
0 0.0333166 2 
0 0.0338697 2 
0 0.03598 2 
0 0.0374968 2 
0 0.0374969 2 
0 0.0379872 2 
0 0.0379873 2 
0 0.0382282 2 
0 0.0403484 2 
0 0.0405773 2 
0 0.0405777 2 
0 0.0417017 2 
0 0.0419229 2 
0 0.0423635 2 
0 0.0442868 2 
0 0.0449057 2 
0 0.0477064 2 
0 0.0510719 2 
0 0.0519722 2 
0 0.053029 2 
0 0.0533773 2 
0 0.0540685 2 
0 0.055418 2 
0 0.0562436 2 
0 0.0565719 2 
0 0.0565752 2 
0 0.0581819 2 
0 0.0585012 2 
0 0.0586625 2 
0 0.0589805 2 
0 0.0627752 2 
0 0.0639392 2 
0 0.0646577 2 
0 0.0656572 2 
0 0.0659368 2 
0 0.0659373 2 
0 0.0674608 2 
0 0.0678722 2 
0 0.0684171 2 
0 0.0686799 2 
0 0.0686805 2 
0 0.071197 2 
0 0.0721008 2 
0 0.0788476 2 
0 0.0793109 2 
0 0.0797768 2 
0 0.0797772 2 
0 0.0875225 2 
0 0.0918505 2 
0 0.0993025 2 
0 0.106143 2 
0 0.110074 2 
0 0.112328 2 
0 0.112574 2 
0 0.113965 2 
0 0.11469 2 
0 0.118888 2 
0 0.13479 2 
0 0.138373 2 
0 0.141872 2 
0 0.149183 2 
0 0.149557 2 
0 0.158562 2 
0 0.160648 2 
0 0.165414 2 
0 0.175508 2 
0 0.17957 2 
0 0.180703 2 
0 0.181368 2 
0 0.181517 2 
0 0.186003 2 
0 0.189158 2 
0 0.193982 2 
0 0.22494 2 
0 0.253514 2 
0 0.258002 2 
0 0.295781 2 
0 0.297378 2 
0 0.326645 2 
0 0.373706 2 
0 0.409716 2 
0 0.443289 2 
0 0.446651 2 
0 0.450365 2 
0 0.454693 2 
0 0.463705 2 
0 0.476939 2 
0 0.557224 2 
0 0.58076 2 
0 0.582794 2 
0 0.592665 2 
0 0.6052 2 
0 0.622326 2 
0 0.640058 2 
0 0.644298 2 
0 0.661735 2 
0 0.796744 2 
0 1.03582 2 
0 1.49062 2 
0 1.91264 2 
0 2.04922 2 
0 2.18908 2 
0 2.49273 2 
0 3.52534 2 
0 3.6819 2 
0 3.75181 2 
0 3.99894 2 
0 4.01609 2 
0 4.07648 2 
0 4.27406 2 
0 4.27534 2 
0 inf 2 
0 0.0316073 3 
0 0.033591 3 
0 0.0335932 3 
0 0.0362422 3 
0 0.0364997 3 
0 0.036502 3 
0 0.0377461 3 
0 0.0389489 3 
0 0.0389548 3 
0 0.0401165 3 
0 0.0401249 3 
0 0.0405773 3 
0 0.0423617 3 
0 0.0425832 3 
0 0.0427945 3 
0 0.043227 3 
0 0.0440759 3 
0 0.0459217 3 
0 0.0461236 3 
0 0.0461239 3 
0 0.0465259 3 
0 0.0467209 3 
0 0.046721 3 
0 0.0473134 3 
0 0.0480901 3 
0 0.0480926 3 
0 0.0488518 3 
0 0.0488592 3 
0 0.0490438 3 
0 0.0490454 3 
0 0.0501585 3 
0 0.0501602 3 
0 0.051798 3 
0 0.0521479 3 
0 0.0542384 3 
0 0.054418 3 
0 0.0547469 3 
0 0.0557498 3 
0 0.0569026 3 
0 0.0569036 3 
0 0.0569037 3 
0 0.0588126 3 
0 0.0594385 3 
0 0.0618839 3 
0 0.0633594 3 
0 0.066214 3 
0 0.0680124 3 
0 0.0684147 3 
0 0.0731226 3 
0 0.0744968 3 
0 0.0746209 3 
0 0.078263 3 
0 0.0786076 3 
0 0.0795441 3 
0 0.0903268 3 
0 0.092445 3 
0 0.0935467 3 
0 0.0984596 3 
0 0.100044 3 
0 0.104469 3 
0 0.115492 3 
0 0.131521 3 
0 0.138841 3 
0 0.139174 3 
0 0.14063 3 
0 0.141219 3 
0 0.14122 3 
0 0.142269 3 
0 0.142591 3 
0 0.14433 3 
0 0.14484 3 
0 0.147937 3 
0 0.14894 3 
0 0.153828 3 
0 0.155919 3 
0 0.190131 3 
0 0.200778 3 
0 0.212027 3 
0 0.217496 3 
0 0.300938 3 
0 0.315144 3 
0 0.322184 3 
0 0.325694 3 
0 0.35444 3 
0 0.375761 3 
0 0.378104 3 
0 0.378897 3 
0 0.383567 3 
0 0.421216 3 
0 0.422494 3 
0 0.465071 3 
0 0.482506 3 
0 0.504457 3 
0 0.505005 3 
0 0.505314 3 
0 0.528775 3 
0 0.532688 3 
0 0.53378 3 
0 0.573091 3 
0 0.575281 3 
0 0.57876 3 
0 0.582947 3 
0 0.597213 3 
0 0.619701 3 
0 0.815427 3 
0 0.853443 3 
0 0.974922 3 
0 1.42209 3 
0 1.46687 3 
0 1.7922 3 
0 1.90966 3 
0 2.03895 3 
0 2.03971 3 
0 2.03982 3 
0 2.04007 3 
0 2.87466 3 
0 3.32753 3 
0 3.33574 3 
0 3.33651 3 
0 3.71827 3 
0 4.13945 3 
0 4.42769 3 
0 4.43571 3 
0 inf 3 
0 0.0272005 4 
0 0.0272082 4 
0 0.0327553 4 
0 0.0333167 4 
0 0.0338703 4 
0 0.0349447 4 
0 0.035205 4 
0 0.035208 4 
0 0.0352083 4 
0 0.0357287 4 
0 0.0379859 4 
0 0.0427962 4 
0 0.0427979 4 
0 0.0427995 4 
0 0.043226 4 
0 0.043228 4 
0 0.0465223 4 
0 0.0473124 4 
0 0.0492273 4 
0 0.0492284 4 
0 0.050524 4 
0 0.0505326 4 
0 0.0517906 4 
0 0.0517933 4 
0 0.0526789 4 
0 0.0526793 4 
0 0.0540652 4 
0 0.0554165 4 
0 0.0559141 4 
0 0.0559146 4 
0 0.0575421 4 
0 0.0578662 4 
0 0.0581846 4 
0 0.0585003 4 
0 0.0586584 4 
0 0.0588133 4 
0 0.058815 4 
0 0.0624765 4 
0 0.0635052 4 
0 0.0677355 4 
0 0.0682802 4 
0 0.0688237 4 
0 0.0705457 4 
0 0.0713303 4 
0 0.0821742 4 
0 0.0827361 4 
0 0.0949163 4 
0 0.107102 4 
0 0.109241 4 
0 0.114531 4 
0 0.123837 4 
0 0.124285 4 
0 0.124359 4 
0 0.124513 4 
0 0.126134 4 
0 0.128313 4 
0 0.129112 4 
0 0.135067 4 
0 0.135611 4 
0 0.136495 4 
0 0.136495 4 
0 0.137844 4 
0 0.13944 4 
0 0.14135 4 
0 0.145478 4 
0 0.157449 4 
0 0.159557 4 
0 0.168355 4 
0 0.193218 4 
0 0.283912 4 
0 0.289247 4 
0 0.318488 4 
0 0.328837 4 
0 0.33724 4 
0 0.350363 4 
0 0.355254 4 
0 0.368595 4 
0 0.412083 4 
0 0.415467 4 
0 0.418571 4 
0 0.424995 4 
0 0.426827 4 
0 0.4558 4 
0 0.463415 4 
0 0.467568 4 
0 0.484145 4 
0 0.507903 4 
0 0.509195 4 
0 0.514759 4 
0 0.518803 4 
0 0.519056 4 
0 0.526783 4 
0 0.540446 4 
0 0.603299 4 
0 0.607121 4 
0 0.622542 4 
0 0.854325 4 
0 0.872013 4 
0 0.950303 4 
0 1.12641 4 
0 1.48581 4 
0 1.55964 4 
0 1.60551 4 
0 1.62723 4 
0 1.6275 4 
0 1.62877 4 
0 1.63437 4 
0 1.88326 4 
0 1.88344 4 
0 1.88533 4 
0 1.89976 4 
0 1.90369 4 
0 2.42891 4 
0 2.6688 4 
0 2.67692 4 
0 2.67775 4 
0 2.68122 4 
0 2.68196 4 
0 2.71966 4 
0 inf 4 
0 0.0182517 5 
0 0.0197125 5 
0 0.0197129 5 
0 0.0268639 5 
0 0.0319011 5 
0 0.0372501 5 
0 0.0421438 5 
0 0.0434427 5 
0 0.0440777 5 
0 0.0451135 5 
0 0.0459243 5 
0 0.0465256 5 
0 0.0467268 5 
0 0.0471228 5 
0 0.0496015 5 
0 0.049607 5 
0 0.0517888 5 
0 0.05215 5 
0 0.0540592 5 
0 0.0540621 5 
0 0.0559137 5 
0 0.0559163 5 
0 0.0560781 5 
0 0.0562486 5 
0 0.0564063 5 
0 0.0572251 5 
0 0.0578678 5 
0 0.0595972 5 
0 0.0595987 5 
0 0.0603734 5 
0 0.0609809 5 
0 0.0612772 5 
0 0.0621832 5 
0 0.0623287 5 
0 0.0659438 5 
0 0.0685487 5 
0 0.068689 5 
0 0.0706802 5 
0 0.0719738 5 
0 0.0719738 5 
0 0.07561 5 
0 0.0772958 5 
0 0.0790745 5 
0 0.0821797 5 
0 0.09893 5 
0 0.1077 5 
0 0.108303 5 
0 0.108387 5 
0 0.128675 5 
0 0.131667 5 
0 0.133548 5 
0 0.134782 5 
0 0.140234 5 
0 0.140432 5 
0 0.146301 5 
0 0.151582 5 
0 0.156979 5 
0 0.15803 5 
0 0.177126 5 
0 0.186249 5 
0 0.196493 5 
0 0.25461 5 
0 0.27725 5 
0 0.292554 5 
0 0.295947 5 
0 0.39173 5 
0 0.396613 5 
0 0.396814 5 
0 0.397853 5 
0 0.399816 5 
0 0.40112 5 
0 0.406685 5 
0 0.406685 5 
0 0.424344 5 
0 0.431593 5 
0 0.432171 5 
0 0.463827 5 
0 0.472168 5 
0 0.481703 5 
0 0.485478 5 
0 0.485528 5 
0 0.486442 5 
0 0.487475 5 
0 0.508324 5 
0 0.545453 5 
0 0.569528 5 
0 0.574927 5 
0 0.578472 5 
0 0.723427 5 
0 0.840453 5 
0 0.933349 5 
0 1.05693 5 
0 1.39866 5 
0 1.43506 5 
0 1.44133 5 
0 1.44182 5 
0 1.465 5 
0 1.46521 5 
0 1.46704 5 
0 1.47156 5 
0 1.48941 5 
0 1.75122 5 
0 1.85191 5 
0 1.88079 5 
0 1.88231 5 
0 1.89187 5 
0 1.89281 5 
0 1.89441 5 
0 1.89726 5 
0 1.89726 5 
0 1.91179 5 
0 2.41997 5 
0 2.70118 5 
0 2.70206 5 
0 2.74013 5 
0 inf 5 
0 0.0265183 6 
0 0.0294888 6 
0 0.0327561 6 
0 0.0364952 6 
0 0.037987 6 
0 0.038232 6 
0 0.0398897 6 
0 0.0419228 6 
0 0.0427962 6 
0 0.0442842 6 
0 0.0442905 6 
0 0.0459202 6 
0 0.0471173 6 
0 0.0473156 6 
0 0.0488509 6 
0 0.051079 6 
0 0.0512538 6 
0 0.051798 6 
0 0.053374 6 
0 0.0533772 6 
0 0.0538915 6 
0 0.0568951 6 
0 0.0569012 6 
0 0.0580206 6 
0 0.0592867 6 
0 0.0611307 6 
0 0.065517 6 
0 0.0657999 6 
0 0.0659393 6 
0 0.0675989 6 
0 0.0696109 6 
0 0.0713316 6 
0 0.0718471 6 
0 0.0722281 6 
0 0.0738749 6 
0 0.0758552 6 
0 0.0786029 6 
0 0.0821742 6 
0 0.0886726 6 
0 0.0943361 6 
0 0.0970424 6 
0 0.10439 6 
0 0.107537 6 
0 0.111327 6 
0 0.12932 6 
0 0.130175 6 
0 0.142274 6 
0 0.148875 6 
0 0.149059 6 
0 0.150848 6 
0 0.152315 6 
0 0.158678 6 
0 0.196869 6 
0 0.20311 6 
0 0.245091 6 
0 0.267852 6 
0 0.294131 6 
0 0.305235 6 
0 0.310076 6 
0 0.316893 6 
0 0.330192 6 
0 0.364404 6 
0 0.370047 6 
0 0.37296 6 
0 0.374895 6 
0 0.378462 6 
0 0.379804 6 
0 0.381917 6 
0 0.384204 6 
0 0.400295 6 
0 0.423548 6 
0 0.432111 6 
0 0.444422 6 
0 0.467963 6 
0 0.471508 6 
0 0.479339 6 
0 0.485474 6 
0 0.486217 6 
0 0.496504 6 
0 0.498286 6 
0 0.541421 6 
0 0.551843 6 
0 0.552348 6 
0 0.57443 6 
0 0.575476 6 
0 0.9559 6 
0 0.964057 6 
0 0.977762 6 
0 0.992798 6 
0 1.13211 6 
0 1.30161 6 
0 1.42282 6 
0 1.42713 6 
0 1.42807 6 
0 1.43352 6 
0 1.44135 6 
0 1.44855 6 
0 1.46405 6 
0 1.46443 6 
0 1.46616 6 
0 1.49383 6 
0 1.53705 6 
0 1.82482 6 
0 1.82688 6 
0 1.9045 6 
0 1.91954 6 
0 2.16086 6 
0 2.47292 6 
0 2.47307 6 
0 2.47354 6 
0 2.48832 6 
0 inf 6 
0 0.0155097 7 
0 0.0235573 7 
0 0.0278747 7 
0 0.0338674 7 
0 0.0349415 7 
0 0.0401218 7 
0 0.0408054 7 
0 0.0410321 7 
0 0.0414808 7 
0 0.043227 7 
0 0.0442842 7 
0 0.0469205 7 
0 0.0488536 7 
0 0.0552499 7 
0 0.0555839 7 
0 0.0564085 7 
0 0.0583432 7 
0 0.0606767 7 
0 0.0630685 7 
0 0.0676047 7 
0 0.0704133 7 
0 0.0711958 7 
0 0.0728715 7 
0 0.0731182 7 
0 0.0765784 7 
0 0.0769405 7 
0 0.0775434 7 
0 0.0819492 7 
0 0.0830684 7 
0 0.0840648 7 
0 0.0904266 7 
0 0.0913469 7 
0 0.0913469 7 
0 0.101241 7 
0 0.106146 7 
0 0.109066 7 
0 0.113723 7 
0 0.119273 7 
0 0.121728 7 
0 0.154004 7 
0 0.155201 7 
0 0.155201 7 
0 0.158731 7 
0 0.158906 7 
0 0.164578 7 
0 0.1854 7 
0 0.205515 7 
0 0.233495 7 
0 0.238859 7 
0 0.2399 7 
0 0.244036 7 
0 0.247193 7 
0 0.25366 7 
0 0.274841 7 
0 0.282307 7 
0 0.2827 7 
0 0.298253 7 
0 0.326101 7 
0 0.326101 7 
0 0.355288 7 
0 0.366636 7 
0 0.389922 7 
0 0.391414 7 
0 0.405849 7 
0 0.419471 7 
0 0.455678 7 
0 0.460223 7 
0 0.465022 7 
0 0.468636 7 
0 0.474286 7 
0 0.475397 7 
0 0.497007 7 
0 0.572909 7 
0 0.576467 7 
0 0.582707 7 
0 0.593597 7 
0 0.80446 7 
0 0.806803 7 
0 0.816615 7 
0 0.818232 7 
0 0.828847 7 
0 0.899161 7 
0 0.929434 7 
0 0.951392 7 
0 1.06994 7 
0 1.19451 7 
0 1.3965 7 
0 1.41383 7 
0 1.41973 7 
0 1.4221 7 
0 1.42353 7 
0 1.43523 7 
0 1.44509 7 
0 1.45236 7 
0 1.48945 7 
0 1.53426 7 
0 1.6305 7 
0 1.64712 7 
0 1.68801 7 
0 1.75105 7 
0 1.90926 7 
0 1.90949 7 
0 1.91241 7 
0 1.92167 7 
0 1.92763 7 
0 1.96069 7 
0 1.99615 7 
0 inf 7 
0 0.0268631 8 
0 0.0459221 8 
0 0.0488504 8 
0 0.053201 8 
0 0.055248 8 
0 0.0560776 8 
0 0.0569004 8 
0 0.0577046 8 
0 0.057709 8 
0 0.0611308 8 
0 0.0623289 8 
0 0.0678729 8 
0 0.0681437 8 
0 0.0692252 8 
0 0.0692265 8 
0 0.0708045 8 
0 0.0711997 8 
0 0.0712001 8 
0 0.0714532 8 
0 0.0722271 8 
0 0.0727403 8 
0 0.0747495 8 
0 0.0753653 8 
0 0.0970353 8 
0 0.10188 8 
0 0.106668 8 
0 0.110252 8 
0 0.119281 8 
0 0.125102 8 
0 0.125102 8 
0 0.126208 8 
0 0.130744 8 
0 0.135677 8 
0 0.136624 8 
0 0.137233 8 
0 0.13724 8 
0 0.153522 8 
0 0.190227 8 
0 0.195451 8 
0 0.198271 8 
0 0.205287 8 
0 0.214885 8 
0 0.245017 8 
0 0.255697 8 
0 0.255985 8 
0 0.266536 8 
0 0.270703 8 
0 0.272267 8 
0 0.272946 8 
0 0.274125 8 
0 0.284555 8 
0 0.288768 8 
0 0.295277 8 
0 0.299416 8 
0 0.306258 8 
0 0.368849 8 
0 0.376033 8 
0 0.38131 8 
0 0.384015 8 
0 0.387375 8 
0 0.389772 8 
0 0.401613 8 
0 0.402093 8 
0 0.433634 8 
0 0.436759 8 
0 0.444847 8 
0 0.462231 8 
0 0.494692 8 
0 0.497024 8 
0 0.498976 8 
0 0.507862 8 
0 0.563567 8 
0 0.563978 8 
0 0.566727 8 
0 0.567754 8 
0 0.830431 8 
0 0.880532 8 
0 0.913171 8 
0 0.929553 8 
0 0.934324 8 
0 0.970495 8 
0 0.973998 8 
0 0.994816 8 
0 1.30229 8 
0 1.42147 8 
0 1.42347 8 
0 1.42423 8 
0 1.43099 8 
0 1.43197 8 
0 1.43825 8 
0 1.44446 8 
0 1.48443 8 
0 1.48565 8 
0 1.50302 8 
0 1.52584 8 
0 1.54532 8 
0 1.67238 8 
0 1.86865 8 
0 1.88878 8 
0 1.88886 8 
0 1.8975 8 
0 1.90775 8 
0 1.90778 8 
0 inf 8 
0 0.0467223 9 
0 0.0490387 9 
0 0.056573 9 
0 0.0606796 9 
0 0.0611303 9 
0 0.064522 9 
0 0.064651 9 
0 0.065089 9 
0 0.0662161 9 
0 0.0686901 9 
0 0.0697564 9 
0 0.0702817 9 
0 0.0713291 9 
0 0.072862 9 
0 0.0790784 9 
0 0.0816026 9 
0 0.0852752 9 
0 0.0930445 9 
0 0.0940354 9 
0 0.0948187 9 
0 0.0990235 9 
0 0.100508 9 
0 0.105353 9 
0 0.121808 9 
0 0.123987 9 
0 0.127158 9 
0 0.128172 9 
0 0.13074 9 
0 0.135061 9 
0 0.145973 9 
0 0.146303 9 
0 0.147883 9 
0 0.173587 9 
0 0.175719 9 
0 0.193982 9 
0 0.195599 9 
0 0.199247 9 
0 0.205556 9 
0 0.21467 9 
0 0.220407 9 
0 0.2295 9 
0 0.245425 9 
0 0.252965 9 
0 0.253732 9 
0 0.253764 9 
0 0.294477 9 
0 0.300925 9 
0 0.305198 9 
0 0.309292 9 
0 0.313009 9 
0 0.36721 9 
0 0.370402 9 
0 0.389657 9 
0 0.399671 9 
0 0.40723 9 
0 0.409584 9 
0 0.411949 9 
0 0.413808 9 
0 0.415035 9 
0 0.462262 9 
0 0.482809 9 
0 0.484645 9 
0 0.498066 9 
0 0.501129 9 
0 0.513337 9 
0 0.547709 9 
0 0.547827 9 
0 0.829786 9 
0 0.832246 9 
0 0.835494 9 
0 0.851027 9 
0 0.85362 9 
0 0.865341 9 
0 0.884791 9 
0 0.895423 9 
0 0.97331 9 
0 0.973396 9 
0 1.12 9 
0 1.2272 9 
0 1.39551 9 
0 1.41539 9 
0 1.4248 9 
0 1.42498 9 
0 1.43614 9 
0 1.43693 9 
0 1.46552 9 
0 1.4657 9 
0 1.47815 9 
0 1.47881 9 
0 1.49128 9 
0 1.51858 9 
0 1.51867 9 
0 1.62433 9 
0 1.63733 9 
0 1.88928 9 
0 1.88993 9 
0 1.90907 9 
0 1.94918 9 
0 1.9492 9 
0 inf 9 
0 0.0239478 10 
0 0.0250829 10 
0 0.0396562 10 
0 0.0453161 10 
0 0.0478923 10 
0 0.0567235 10 
0 0.0606743 10 
0 0.0688164 10 
0 0.0694848 10 
0 0.0747485 10 
0 0.0763448 10 
0 0.0773026 10 
0 0.0958793 10 
0 0.0996649 10 
0 0.10321 10 
0 0.108642 10 
0 0.109072 10 
0 0.110833 10 
0 0.117613 10 
0 0.123165 10 
0 0.131587 10 
0 0.133061 10 
0 0.146747 10 
0 0.159721 10 
0 0.165301 10 
0 0.19635 10 
0 0.198271 10 
0 0.198324 10 
0 0.203978 10 
0 0.20514 10 
0 0.215446 10 
0 0.239948 10 
0 0.242545 10 
0 0.248989 10 
0 0.266328 10 
0 0.271693 10 
0 0.278251 10 
0 0.27997 10 
0 0.282043 10 
0 0.283089 10 
0 0.283556 10 
0 0.301891 10 
0 0.334674 10 
0 0.344219 10 
0 0.34942 10 
0 0.372542 10 
0 0.374398 10 
0 0.375212 10 
0 0.385456 10 
0 0.393162 10 
0 0.396511 10 
0 0.398624 10 
0 0.399736 10 
0 0.404677 10 
0 0.409923 10 
0 0.411723 10 
0 0.413673 10 
0 0.457313 10 
0 0.458606 10 
0 0.496839 10 
0 0.529868 10 
0 0.530234 10 
0 0.599174 10 
0 0.744101 10 
0 0.758257 10 
0 0.75967 10 
0 0.760352 10 
0 0.790398 10 
0 0.808395 10 
0 0.808487 10 
0 0.809447 10 
0 0.817306 10 
0 0.902712 10 
0 1.27302 10 
0 1.28645 10 
0 1.42061 10 
0 1.42144 10 
0 1.44272 10 
0 1.44621 10 
0 1.46752 10 
0 1.46878 10 
0 1.47358 10 
0 1.47409 10 
0 1.48136 10 
0 1.48175 10 
0 1.48203 10 
0 1.61774 10 
0 1.61865 10 
0 1.64057 10 
0 1.67749 10 
0 1.89295 10 
0 1.89303 10 
0 1.90804 10 
0 1.90924 10 
0 1.90978 10 
0 inf 10 
0 0.047894 11 
0 0.0492353 11 
0 0.0594418 11 
0 0.065783 11 
0 0.0762229 11 
0 0.0776602 11 
0 0.0799975 11 
0 0.0821754 11 
0 0.094324 11 
0 0.101059 11 
0 0.113956 11 
0 0.125103 11 
0 0.125381 11 
0 0.126282 11 
0 0.128963 11 
0 0.131295 11 
0 0.13856 11 
0 0.173625 11 
0 0.174185 11 
0 0.178904 11 
0 0.190566 11 
0 0.193791 11 
0 0.206225 11 
0 0.214109 11 
0 0.219738 11 
0 0.225847 11 
0 0.236059 11 
0 0.240254 11 
0 0.25198 11 
0 0.261173 11 
0 0.266079 11 
0 0.272544 11 
0 0.272672 11 
0 0.289152 11 
0 0.29439 11 
0 0.298957 11 
0 0.323381 11 
0 0.32381 11 
0 0.331185 11 
0 0.332857 11 
0 0.3364 11 
0 0.368135 11 
0 0.370938 11 
0 0.374312 11 
0 0.374485 11 
0 0.38709 11 
0 0.400665 11 
0 0.402133 11 
0 0.439591 11 
0 0.447909 11 
0 0.48129 11 
0 0.481386 11 
0 0.486895 11 
0 0.487857 11 
0 0.494543 11 
0 0.494692 11 
0 0.496147 11 
0 0.518111 11 
0 0.522643 11 
0 0.576714 11 
0 0.577915 11 
0 0.674243 11 
0 0.733168 11 
0 0.740103 11 
0 0.802729 11 
0 0.821359 11 
0 0.82137 11 
0 0.827652 11 
0 0.875743 11 
0 0.924735 11 
0 0.928639 11 
0 1.00649 11 
0 1.09219 11 
0 1.13793 11 
0 1.19969 11 
0 1.20765 11 
0 1.42059 11 
0 1.42154 11 
0 1.44158 11 
0 1.4453 11 
0 1.44539 11 
0 1.4662 11 
0 1.46656 11 
0 1.4685 11 
0 1.46989 11 
0 1.4708 11 
0 1.88979 11 
0 1.89072 11 
0 1.89549 11 
0 1.89578 11 
0 1.89653 11 
0 inf 11 
0 0.065927 12 
0 0.0711877 12 
0 0.0801299 12 
0 0.0859085 12 
0 0.0962779 12 
0 0.100223 12 
0 0.126998 12 
0 0.12801 12 
0 0.128676 12 
0 0.138038 12 
0 0.143415 12 
0 0.17401 12 
0 0.197328 12 
0 0.209565 12 
0 0.210312 12 
0 0.212031 12 
0 0.224321 12 
0 0.229336 12 
0 0.232056 12 
0 0.239943 12 
0 0.244478 12 
0 0.246066 12 
0 0.253676 12 
0 0.254929 12 
0 0.25825 12 
0 0.272676 12 
0 0.273593 12 
0 0.276442 12 
0 0.279228 12 
0 0.289023 12 
0 0.295594 12 
0 0.295881 12 
0 0.296363 12 
0 0.308133 12 
0 0.312475 12 
0 0.314389 12 
0 0.315414 12 
0 0.31615 12 
0 0.316731 12 
0 0.331692 12 
0 0.337883 12 
0 0.343026 12 
0 0.349756 12 
0 0.349756 12 
0 0.366062 12 
0 0.368305 12 
0 0.375069 12 
0 0.389072 12 
0 0.393558 12 
0 0.407644 12 
0 0.410131 12 
0 0.425954 12 
0 0.427233 12 
0 0.437501 12 
0 0.471686 12 
0 0.500699 12 
0 0.502525 12 
0 0.515717 12 
0 0.522433 12 
0 0.605188 12 
0 0.684951 12 
0 0.68887 12 
0 0.708912 12 
0 0.811481 12 
0 0.835669 12 
0 0.860588 12 
0 0.948266 12 
0 0.949436 12 
0 0.950293 12 
0 1.37813 12 
0 1.38398 12 
0 1.42357 12 
0 1.42393 12 
0 1.42888 12 
0 1.43014 12 
0 1.43164 12 
0 1.46306 12 
0 1.4651 12 
0 1.50371 12 
0 1.50981 12 
0 1.50985 12 
0 1.50994 12 
0 1.8895 12 
0 1.89012 12 
0 1.89976 12 
0 1.89993 12 
0 1.90014 12 
0 inf 12 
0 0.0700054 13 
0 0.0731094 13 
0 0.0739904 13 
0 0.101969 13 
0 0.105434 13 
0 0.15238 13 
0 0.161438 13 
0 0.186593 13 
0 0.195922 13 
0 0.199344 13 
0 0.201458 13 
0 0.205822 13 
0 0.206495 13 
0 0.209603 13 
0 0.211022 13 
0 0.2128 13 
0 0.213005 13 
0 0.216933 13 
0 0.226826 13 
0 0.241705 13 
0 0.24399 13 
0 0.246041 13 
0 0.246673 13 
0 0.252191 13 
0 0.269949 13 
0 0.273453 13 
0 0.276215 13 
0 0.277424 13 
0 0.277822 13 
0 0.280705 13 
0 0.282873 13 
0 0.295215 13 
0 0.295334 13 
0 0.296584 13 
0 0.298495 13 
0 0.305562 13 
0 0.305834 13 
0 0.310786 13 
0 0.329874 13 
0 0.329884 13 
0 0.330182 13 
0 0.376542 13 
0 0.376615 13 
0 0.377719 13 
0 0.383257 13 
0 0.383344 13 
0 0.399447 13 
0 0.4289 13 
0 0.456995 13 
0 0.483352 13 
0 0.592723 13 
0 0.607058 13 
0 0.607241 13 
0 0.609021 13 
0 0.681325 13 
0 0.778733 13 
0 0.807457 13 
0 0.816391 13 
0 0.82809 13 
0 0.856989 13 
0 0.857172 13 
0 0.857377 13 
0 1.33993 13 
0 1.35093 13 
0 1.35297 13 
0 1.42151 13 
0 1.42274 13 
0 1.43475 13 
0 1.43633 13 
0 1.43639 13 
0 1.46327 13 
0 1.47237 13 
0 1.52385 13 
0 1.5239 13 
0 1.5244 13 
0 1.60774 13 
0 1.61435 13 
0 1.616 13 
0 1.89046 13 
0 1.89204 13 
0 1.95365 13 
0 1.95369 13 
0 1.9555 13 
0 inf 13 
0 0.0829626 14 
0 0.0883606 14 
0 0.0927416 14 
0 0.0956996 14 
0 0.10613 14 
0 0.135184 14 
0 0.14655 14 
0 0.154653 14 
0 0.155309 14 
0 0.157489 14 
0 0.195172 14 
0 0.207158 14 
0 0.222372 14 
0 0.235977 14 
0 0.241289 14 
0 0.241746 14 
0 0.248944 14 
0 0.253255 14 
0 0.253437 14 
0 0.254458 14 
0 0.256351 14 
0 0.258247 14 
0 0.272474 14 
0 0.273993 14 
0 0.27872 14 
0 0.280067 14 
0 0.284004 14 
0 0.28663 14 
0 0.287275 14 
0 0.301411 14 
0 0.301411 14 
0 0.301411 14 
0 0.301654 14 
0 0.301656 14 
0 0.323187 14 
0 0.328496 14 
0 0.33589 14 
0 0.341531 14 
0 0.345114 14 
0 0.355806 14 
0 0.369879 14 
0 0.371451 14 
0 0.372346 14 
0 0.41236 14 
0 0.457364 14 
0 0.490575 14 
0 0.54063 14 
0 0.797452 14 
0 0.818211 14 
0 0.825101 14 
0 0.825807 14 
0 0.829529 14 
0 0.905165 14 
0 0.922296 14 
0 0.922296 14 
0 0.9259 14 
0 0.98517 14 
0 1.03063 14 
0 1.0356 14 
0 1.10688 14 
0 1.10986 14 
0 1.41995 14 
0 1.42139 14 
0 1.46289 14 
0 1.47056 14 
0 1.48174 14 
0 1.48184 14 
0 1.48204 14 
0 1.5046 14 
0 1.50477 14 
0 1.50516 14 
0 1.54999 14 
0 1.56723 14 
0 1.56755 14 
0 1.89064 14 
0 1.8971 14 
0 1.91763 14 
0 1.9181 14 
0 1.91817 14 
0 inf 14 
0 0.0505277 15 
0 0.0698873 15 
0 0.0967454 15 
0 0.114695 15 
0 0.12592 15 
0 0.134777 15 
0 0.139359 15 
0 0.156739 15 
0 0.157035 15 
0 0.157387 15 
0 0.200898 15 
0 0.207255 15 
0 0.208101 15 
0 0.20819 15 
0 0.208766 15 
0 0.216688 15 
0 0.22674 15 
0 0.252678 15 
0 0.254424 15 
0 0.257856 15 
0 0.260178 15 
0 0.261875 15 
0 0.266116 15 
0 0.266498 15 
0 0.269535 15 
0 0.273182 15 
0 0.300539 15 
0 0.303154 15 
0 0.304979 15 
0 0.305236 15 
0 0.308101 15 
0 0.308582 15 
0 0.310928 15 
0 0.315447 15 
0 0.344477 15 
0 0.349532 15 
0 0.375238 15 
0 0.381419 15 
0 0.381419 15 
0 0.381419 15 
0 0.384511 15 
0 0.388796 15 
0 0.389438 15 
0 0.40108 15 
0 0.503313 15 
0 0.562463 15 
0 0.562726 15 
0 0.563267 15 
0 0.66693 15 
0 0.791887 15 
0 0.82388 15 
0 0.824014 15 
0 0.824015 15 
0 0.824149 15 
0 1.02605 15 
0 1.0722 15 
0 1.0987 15 
0 1.1009 15 
0 1.10101 15 
0 1.25103 15 
0 1.42183 15 
0 1.45074 15 
0 1.45077 15 
0 1.45086 15 
0 1.47551 15 
0 1.47834 15 
0 1.47951 15 
0 1.47952 15 
0 1.60973 15 
0 1.61398 15 
0 1.61426 15 
0 1.89572 15 
0 1.89992 15 
0 1.90102 15 
0 1.90116 15 
0 inf 15 
0 0.0592855 16 
0 0.0754891 16 
0 0.07753 16 
0 0.0775301 16 
0 0.0853703 16 
0 0.0936384 16 
0 0.120899 16 
0 0.152132 16 
0 0.164109 16 
0 0.16411 16 
0 0.171447 16 
0 0.171615 16 
0 0.189887 16 
0 0.192299 16 
0 0.203204 16 
0 0.206455 16 
0 0.208502 16 
0 0.216595 16 
0 0.220113 16 
0 0.220993 16 
0 0.224233 16 
0 0.251054 16 
0 0.251312 16 
0 0.252487 16 
0 0.253846 16 
0 0.26028 16 
0 0.295606 16 
0 0.36656 16 
0 0.372145 16 
0 0.374132 16 
0 0.393071 16 
0 0.397005 16 
0 0.399027 16 
0 0.399305 16 
0 0.404386 16 
0 0.410201 16 
0 0.417732 16 
0 0.422217 16 
0 0.423166 16 
0 0.423428 16 
0 0.444318 16 
0 0.444898 16 
0 0.450109 16 
0 0.45134 16 
0 0.530305 16 
0 0.838554 16 
0 0.839602 16 
0 0.840538 16 
0 0.840923 16 
0 0.855501 16 
0 0.909438 16 
0 0.909804 16 
0 0.931816 16 
0 0.959547 16 
0 0.964595 16 
0 1.00944 16 
0 1.29329 16 
0 1.35617 16 
0 1.42951 16 
0 1.43584 16 
0 1.43646 16 
0 1.43648 16 
0 1.48047 16 
0 1.48167 16 
0 1.48177 16 
0 1.48207 16 
0 1.52942 16 
0 1.89746 16 
0 1.89761 16 
0 1.89763 16 
0 1.89787 16 
0 inf 16 
0 0.0790679 17 
0 0.0799982 17 
0 0.0809181 17 
0 0.112491 17 
0 0.172951 17 
0 0.173644 17 
0 0.178426 17 
0 0.17957 17 
0 0.195161 17 
0 0.195398 17 
0 0.198181 17 
0 0.202056 17 
0 0.202609 17 
0 0.21014 17 
0 0.211238 17 
0 0.211758 17 
0 0.215224 17 
0 0.220365 17 
0 0.220867 17 
0 0.223866 17 
0 0.251318 17 
0 0.359592 17 
0 0.364632 17 
0 0.365013 17 
0 0.36608 17 
0 0.366156 17 
0 0.366909 17 
0 0.367538 17 
0 0.376028 17 
0 0.376102 17 
0 0.384708 17 
0 0.416568 17 
0 0.416923 17 
0 0.417899 17 
0 0.467058 17 
0 0.468481 17 
0 0.468718 17 
0 0.498512 17 
0 0.500345 17 
0 0.502927 17 
0 0.59359 17 
0 0.603984 17 
0 0.605824 17 
0 0.617994 17 
0 0.623294 17 
0 0.843107 17 
0 0.845112 17 
0 0.845167 17 
0 0.845211 17 
0 1.0241 17 
0 1.04456 17 
0 1.05636 17 
0 1.0599 17 
0 1.40394 17 
0 1.42789 17 
0 1.43285 17 
0 1.43295 17 
0 1.43301 17 
0 1.48762 17 
0 1.48844 17 
0 1.48861 17 
0 1.48944 17 
0 1.50796 17 
0 1.90228 17 
0 1.9031 17 
0 1.90356 17 
0 1.90457 17 
0 inf 17 
0 0.102594 18 
0 0.107439 18 
0 0.107525 18 
0 0.146741 18 
0 0.148806 18 
0 0.148806 18 
0 0.169827 18 
0 0.176662 18 
0 0.176663 18 
0 0.179982 18 
0 0.203614 18 
0 0.205198 18 
0 0.209612 18 
0 0.290651 18 
0 0.294404 18 
0 0.302992 18 
0 0.30409 18 
0 0.313929 18 
0 0.316862 18 
0 0.316862 18 
0 0.339514 18 
0 0.340086 18 
0 0.340494 18 
0 0.342939 18 
0 0.343414 18 
0 0.368874 18 
0 0.36895 18 
0 0.36915 18 
0 0.401172 18 
0 0.401818 18 
0 0.402622 18 
0 0.459062 18 
0 0.497305 18 
0 0.497528 18 
0 0.498364 18 
0 0.510645 18 
0 0.511225 18 
0 0.511803 18 
0 0.522996 18 
0 0.522997 18 
0 0.703776 18 
0 0.827428 18 
0 0.828322 18 
0 0.829393 18 
0 0.849667 18 
0 1.14417 18 
0 1.16333 18 
0 1.17069 18 
0 1.17094 18 
0 1.21267 18 
0 1.43296 18 
0 1.43711 18 
0 1.43725 18 
0 1.43742 18 
0 1.49121 18 
0 1.49121 18 
0 1.49174 18 
0 1.49204 18 
0 1.57227 18 
0 1.90816 18 
0 1.90845 18 
0 1.9086 18 
0 1.90862 18 
0 inf 18 
0 0.110578 19 
0 0.110996 19 
0 0.112568 19 
0 0.161395 19 
0 0.161396 19 
0 0.173547 19 
0 0.176768 19 
0 0.17703 19 
0 0.17703 19 
0 0.189006 19 
0 0.190129 19 
0 0.190712 19 
0 0.224365 19 
0 0.225557 19 
0 0.22568 19 
0 0.282705 19 
0 0.288723 19 
0 0.290166 19 
0 0.290167 19 
0 0.298348 19 
0 0.298812 19 
0 0.301309 19 
0 0.305172 19 
0 0.308484 19 
0 0.308694 19 
0 0.309531 19 
0 0.369075 19 
0 0.36915 19 
0 0.369175 19 
0 0.397606 19 
0 0.398442 19 
0 0.398651 19 
0 0.495982 19 
0 0.497007 19 
0 0.497081 19 
0 0.537146 19 
0 0.584337 19 
0 0.584448 19 
0 0.597377 19 
0 0.816433 19 
0 0.817146 19 
0 0.817146 19 
0 1.13201 19 
0 1.13932 19 
0 1.14094 19 
0 1.44354 19 
0 1.44411 19 
0 1.45055 19 
0 1.48293 19 
0 1.48323 19 
0 1.48359 19 
0 1.50444 19 
0 1.56478 19 
0 1.63131 19 
0 1.89243 19 
0 1.91058 19 
0 1.91418 19 
0 1.91435 19 
0 1.91452 19 
0 inf 19 
0 0.0697562 20 
0 0.0713297 20 
0 0.0822868 20 
0 0.129895 20 
0 0.136221 20 
0 0.141549 20 
0 0.155738 20 
0 0.156213 20 
0 0.157394 20 
0 0.174126 20 
0 0.182834 20 
0 0.197428 20 
0 0.197573 20 
0 0.199807 20 
0 0.207482 20 
0 0.210274 20 
0 0.212897 20 
0 0.217923 20 
0 0.229017 20 
0 0.258037 20 
0 0.259003 20 
0 0.259289 20 
0 0.268956 20 
0 0.273449 20 
0 0.273956 20 
0 0.274125 20 
0 0.288767 20 
0 0.289886 20 
0 0.297943 20 
0 0.382927 20 
0 0.383385 20 
0 0.384253 20 
0 0.397791 20 
0 0.398535 20 
0 0.399022 20 
0 0.500568 20 
0 0.50079 20 
0 0.501233 20 
0 0.594042 20 
0 0.594276 20 
0 0.712175 20 
0 0.806826 20 
0 0.807193 20 
0 0.807227 20 
0 1.18408 20 
0 1.18424 20 
0 1.19632 20 
0 1.44703 20 
0 1.44754 20 
0 1.48108 20 
0 1.48118 20 
0 1.48188 20 
0 1.6019 20 
0 1.90719 20 
0 1.90758 20 
0 inf 20 
