0 0.0116696 1 
0 0.0146293 1 
0 0.0146293 1 
0 0.0159005 1 
0 0.0165042 1 
0 0.01764 1 
0 0.01764 1 
0 0.0229156 1 
0 0.0241546 1 
0 0.0245581 1 
0 0.024561 1 
0 0.024561 1 
0 0.0257214 1 
0 0.0257214 1 
0 0.0260945 1 
0 0.0264615 1 
0 0.0271899 1 
0 0.0285849 1 
0 0.0295882 1 
0 0.0315007 1 
0 0.0324125 1 
0 0.0344493 1 
0 0.0358381 1 
0 0.0360974 1 
0 0.0369019 1 
0 0.0369032 1 
0 0.0376856 1 
0 0.0376856 1 
0 0.0379429 1 
0 0.0379429 1 
0 0.0384524 1 
0 0.0392014 1 
0 0.0404256 1 
0 0.0406654 1 
0 0.0409072 1 
0 0.0413695 1 
0 0.0423068 1 
0 0.0425366 1 
0 0.0429922 1 
0 0.0432166 1 
0 0.0445467 1 
0 0.0447645 1 
0 0.0456253 1 
0 0.0460494 1 
0 0.0464747 1 
0 0.0470953 1 
0 0.0470992 1 
0 0.0483155 1 
0 0.0489156 1 
0 0.048921 1 
0 0.0498996 1 
0 0.0502922 1 
0 0.0519931 1 
0 0.0523819 1 
0 0.0532937 1 
0 0.0534772 1 
0 0.0542053 1 
0 0.0552666 1 
0 0.056137 1 
0 0.0561411 1 
0 0.0586864 1 
0 0.0611219 1 
0 0.0648271 1 
0 0.0658714 1 
0 0.0679037 1 
0 0.0681899 1 
0 0.0713938 1 
0 0.0723464 1 
0 0.0738043 1 
0 0.0745947 1 
0 0.0769004 1 
0 0.0771583 1 
0 0.0831016 1 
0 0.0843883 1 
0 0.0843886 1 
0 0.0855265 1 
0 0.0936698 1 
0 0.0940882 1 
0 0.0966375 1 
0 0.104 1 
0 0.104191 1 
0 0.104377 1 
0 0.111064 1 
0 0.117452 1 
0 0.123736 1 
0 0.127758 1 
0 0.129499 1 
0 0.130168 1 
0 0.130253 1 
0 0.131066 1 
0 0.131288 1 
0 0.14408 1 
0 0.159218 1 
0 0.162665 1 
0 0.167437 1 
0 0.178895 1 
0 0.193022 1 
0 0.19671 1 
0 0.198978 1 
0 0.198978 1 
0 0.202271 1 
0 0.263139 1 
0 0.304638 1 
0 0.338916 1 
0 0.426026 1 
0 0.427356 1 
0 0.459137 1 
0 0.485793 1 
0 0.506783 1 
0 0.510243 1 
0 0.565746 1 
0 0.571533 1 
0 0.586969 1 
0 0.599769 1 
0 0.604486 1 
0 0.63724 1 
0 0.686503 1 
0 0.766513 1 
0 0.832624 1 
0 0.852328 1 
0 1.34519 1 
0 1.56237 1 
0 1.59113 1 
0 2.08765 1 
0 2.99688 1 
0 2.99906 1 
0 3.27994 1 
0 4.31752 1 
0 4.99165 1 
0 5.05455 1 
0 5.22629 1 
0 inf 1 
0 0.0146287 2 
0 0.0146293 2 
0 0.0159038 2 
0 0.0165041 2 
0 0.01764 2 
0 0.017644 2 
0 0.0192227 2 
0 0.0192227 2 
0 0.0220534 2 
0 0.0233399 2 
0 0.024561 2 
0 0.0268352 2 
0 0.0271896 2 
0 0.0285831 2 
0 0.0285852 2 
0 0.0285852 2 
0 0.0289214 2 
0 0.0295929 2 
0 0.0299191 2 
0 0.0308793 2 
0 0.0318065 2 
0 0.0324149 2 
0 0.0324149 2 
0 0.0371657 2 
0 0.0392014 2 
0 0.0406652 2 
0 0.0432164 2 
0 0.0432164 2 
0 0.0436659 2 
0 0.0443269 2 
0 0.0447648 2 
0 0.0454111 2 
0 0.0477048 2 
0 0.0477049 2 
0 0.0477091 2 
0 0.0483177 2 
0 0.049707 2 
0 0.0504815 2 
0 0.050675 2 
0 0.0520023 2 
0 0.0540202 2 
0 0.055617 2 
0 0.0569997 2 
0 0.0581851 2 
0 0.058348 2 
0 0.0586846 2 
0 0.0588474 2 
0 0.0626924 2 
0 0.064071 2 
0 0.0646762 2 
0 0.0649763 2 
0 0.0652735 2 
0 0.065867 2 
0 0.0663101 2 
0 0.0707102 2 
0 0.0707104 2 
0 0.0718059 2 
0 0.0742019 2 
0 0.080243 2 
0 0.0836873 2 
0 0.0874442 2 
0 0.0936679 2 
0 0.097242 2 
0 0.119901 2 
0 0.121036 2 
0 0.123344 2 
0 0.123502 2 
0 0.12927 2 
0 0.129801 2 
0 0.13247 2 
0 0.133786 2 
0 0.136947 2 
0 0.140801 2 
0 0.150684 2 
0 0.151448 2 
0 0.153806 2 
0 0.154317 2 
0 0.15682 2 
0 0.159762 2 
0 0.160255 2 
0 0.172863 2 
0 0.173037 2 
0 0.175158 2 
0 0.175381 2 
0 0.18154 2 
0 0.184677 2 
0 0.188072 2 
0 0.188994 2 
0 0.192766 2 
0 0.216 2 
0 0.246893 2 
0 0.285408 2 
0 0.348493 2 
0 0.405279 2 
0 0.420903 2 
0 0.443543 2 
0 0.457472 2 
0 0.460071 2 
0 0.479772 2 
0 0.481906 2 
0 0.548009 2 
0 0.550116 2 
0 0.553412 2 
0 0.564987 2 
0 0.567506 2 
0 0.635457 2 
0 0.637115 2 
0 0.637605 2 
0 0.640944 2 
0 0.642439 2 
0 0.652595 2 
0 0.689214 2 
0 0.691513 2 
0 1.22559 2 
0 1.46675 2 
0 1.69326 2 
0 1.7048 2 
0 2.47656 2 
0 3.17135 2 
0 3.57598 2 
0 3.57802 2 
0 3.66204 2 
0 3.91626 2 
0 3.95424 2 
0 4.00989 2 
0 4.17559 2 
0 4.27339 2 
0 inf 2 
0 0.0139479 3 
0 0.0139485 3 
0 0.02205 3 
0 0.0260999 3 
0 0.0271946 3 
0 0.0289183 3 
0 0.0305534 3 
0 0.0371658 3 
0 0.037943 3 
0 0.0387068 3 
0 0.0396969 3 
0 0.0406669 3 
0 0.0409029 3 
0 0.0409038 3 
0 0.0413724 3 
0 0.0420757 3 
0 0.0420766 3 
0 0.0432174 3 
0 0.0436638 3 
0 0.0445424 3 
0 0.0447694 3 
0 0.044981 3 
0 0.0454107 3 
0 0.0454137 3 
0 0.0464674 3 
0 0.0464727 3 
0 0.0477088 3 
0 0.0477099 3 
0 0.0485188 3 
0 0.0487181 3 
0 0.049513 3 
0 0.0497115 3 
0 0.0504838 3 
0 0.0510565 3 
0 0.0514359 3 
0 0.0520009 3 
0 0.0529279 3 
0 0.0547362 3 
0 0.0547383 3 
0 0.0552697 3 
0 0.0563128 3 
0 0.0563129 3 
0 0.056831 3 
0 0.0652713 3 
0 0.069881 3 
0 0.0772841 3 
0 0.0800029 3 
0 0.0802432 3 
0 0.082753 3 
0 0.0855225 3 
0 0.0875497 3 
0 0.08887 3 
0 0.0892008 3 
0 0.0919967 3 
0 0.0991167 3 
0 0.0995085 3 
0 0.101547 3 
0 0.105767 3 
0 0.108757 3 
0 0.109382 3 
0 0.109388 3 
0 0.112283 3 
0 0.112973 3 
0 0.125994 3 
0 0.133417 3 
0 0.134005 3 
0 0.135157 3 
0 0.135737 3 
0 0.141212 3 
0 0.148208 3 
0 0.157189 3 
0 0.162362 3 
0 0.169233 3 
0 0.169399 3 
0 0.169399 3 
0 0.193274 3 
0 0.201697 3 
0 0.246184 3 
0 0.268881 3 
0 0.27581 3 
0 0.316111 3 
0 0.364304 3 
0 0.37314 3 
0 0.379399 3 
0 0.379742 3 
0 0.387273 3 
0 0.41423 3 
0 0.423143 3 
0 0.498533 3 
0 0.501377 3 
0 0.506168 3 
0 0.512017 3 
0 0.519109 3 
0 0.5229 3 
0 0.52743 3 
0 0.535087 3 
0 0.539694 3 
0 0.569454 3 
0 0.591804 3 
0 0.598061 3 
0 0.605626 3 
0 0.606784 3 
0 0.620809 3 
0 0.643225 3 
0 0.643748 3 
0 1.22189 3 
0 1.22826 3 
0 1.23578 3 
0 1.4917 3 
0 1.61022 3 
0 1.9225 3 
0 1.92513 3 
0 1.92517 3 
0 2.22262 3 
0 2.2903 3 
0 3.35677 3 
0 3.54 3 
0 3.54251 3 
0 3.83817 3 
0 3.84177 3 
0 3.84258 3 
0 3.93008 3 
0 4.01447 3 
0 inf 3 
0 0.0181865 4 
0 0.0206847 4 
0 0.0206856 4 
0 0.0206875 4 
0 0.0241644 4 
0 0.0245583 4 
0 0.0245635 4 
0 0.0245637 4 
0 0.0268276 4 
0 0.0285895 4 
0 0.0289276 4 
0 0.029913 4 
0 0.0333005 4 
0 0.0352857 4 
0 0.0368981 4 
0 0.0384479 4 
0 0.0384521 4 
0 0.0404282 4 
0 0.0420722 4 
0 0.042533 4 
0 0.0436681 4 
0 0.0441041 4 
0 0.0445496 4 
0 0.0454107 4 
0 0.0454107 4 
0 0.0468875 4 
0 0.0475055 4 
0 0.0477093 4 
0 0.0479122 4 
0 0.0512508 4 
0 0.0550866 4 
0 0.0552644 4 
0 0.0552677 4 
0 0.055617 4 
0 0.0564836 4 
0 0.0564841 4 
0 0.0571699 4 
0 0.0631508 4 
0 0.0633058 4 
0 0.0642203 4 
0 0.0719389 4 
0 0.0742019 4 
0 0.0798814 4 
0 0.0801218 4 
0 0.0978393 4 
0 0.0987302 4 
0 0.100681 4 
0 0.105399 4 
0 0.109734 4 
0 0.113404 4 
0 0.113914 4 
0 0.115944 4 
0 0.116363 4 
0 0.121837 4 
0 0.123344 4 
0 0.123973 4 
0 0.130846 4 
0 0.133786 4 
0 0.134004 4 
0 0.137791 4 
0 0.139476 4 
0 0.139476 4 
0 0.141288 4 
0 0.151193 4 
0 0.160251 4 
0 0.169113 4 
0 0.181109 4 
0 0.186824 4 
0 0.186824 4 
0 0.238558 4 
0 0.31936 4 
0 0.343366 4 
0 0.352596 4 
0 0.377125 4 
0 0.378164 4 
0 0.38589 4 
0 0.39787 4 
0 0.404286 4 
0 0.484317 4 
0 0.484992 4 
0 0.488332 4 
0 0.495956 4 
0 0.500631 4 
0 0.505833 4 
0 0.517313 4 
0 0.517895 4 
0 0.522576 4 
0 0.533717 4 
0 0.539607 4 
0 0.572929 4 
0 0.574115 4 
0 0.578507 4 
0 0.589794 4 
0 0.592677 4 
0 0.593184 4 
0 0.595311 4 
0 0.607044 4 
0 0.641929 4 
0 1.12567 4 
0 1.24731 4 
0 1.46819 4 
0 1.51145 4 
0 1.60518 4 
0 1.60699 4 
0 1.60834 4 
0 1.61843 4 
0 1.95023 4 
0 2.07663 4 
0 2.07803 4 
0 2.08251 4 
0 2.08607 4 
0 2.10585 4 
0 2.1795 4 
0 2.42233 4 
0 2.42463 4 
0 2.43135 4 
0 2.43814 4 
0 2.92433 4 
0 2.9502 4 
0 inf 4 
0 0.0139469 5 
0 0.0146278 5 
0 0.0333025 5 
0 0.0358322 5 
0 0.0371636 5 
0 0.037165 5 
0 0.0371652 5 
0 0.0371689 5 
0 0.037425 5 
0 0.0374283 5 
0 0.037946 5 
0 0.0381966 5 
0 0.038456 5 
0 0.0394505 5 
0 0.0399444 5 
0 0.0399445 5 
0 0.0441072 5 
0 0.0449836 5 
0 0.0470969 5 
0 0.0473034 5 
0 0.0495121 5 
0 0.0499033 5 
0 0.0499036 5 
0 0.0518132 5 
0 0.0518138 5 
0 0.0519985 5 
0 0.0521902 5 
0 0.0554392 5 
0 0.0564891 5 
0 0.0564893 5 
0 0.0575088 5 
0 0.058183 5 
0 0.0622236 5 
0 0.0646753 5 
0 0.0687586 5 
0 0.069744 5 
0 0.0727444 5 
0 0.0789041 5 
0 0.0795192 5 
0 0.0808514 5 
0 0.0899581 5 
0 0.0900686 5 
0 0.0905002 5 
0 0.0907118 5 
0 0.0925159 5 
0 0.0989261 5 
0 0.103161 5 
0 0.103163 5 
0 0.104287 5 
0 0.104288 5 
0 0.107592 5 
0 0.114935 5 
0 0.123028 5 
0 0.123423 5 
0 0.124679 5 
0 0.148069 5 
0 0.166855 5 
0 0.168248 5 
0 0.171511 5 
0 0.207069 5 
0 0.236387 5 
0 0.255477 5 
0 0.330692 5 
0 0.362231 5 
0 0.367767 5 
0 0.381325 5 
0 0.38716 5 
0 0.387283 5 
0 0.395363 5 
0 0.397204 5 
0 0.403696 5 
0 0.460957 5 
0 0.462072 5 
0 0.47368 5 
0 0.479248 5 
0 0.480287 5 
0 0.480949 5 
0 0.481015 5 
0 0.48484 5 
0 0.494719 5 
0 0.512054 5 
0 0.544572 5 
0 0.553041 5 
0 0.559008 5 
0 0.563169 5 
0 0.564876 5 
0 0.580606 5 
0 0.580789 5 
0 0.58428 5 
0 0.62123 5 
0 0.849884 5 
0 0.863003 5 
0 0.863003 5 
0 0.866783 5 
0 0.977376 5 
0 1.24529 5 
0 1.26474 5 
0 1.27008 5 
0 1.35777 5 
0 1.48128 5 
0 1.53436 5 
0 1.63083 5 
0 1.85409 5 
0 1.99663 5 
0 2.06194 5 
0 2.06615 5 
0 2.16671 5 
0 2.17573 5 
0 2.17667 5 
0 2.17754 5 
0 2.18416 5 
0 2.62322 5 
0 2.62322 5 
0 2.62655 5 
0 2.62944 5 
0 inf 5 
0 0.023751 6 
0 0.0282417 6 
0 0.0285847 6 
0 0.0387037 6 
0 0.0399379 6 
0 0.0401832 6 
0 0.0443233 6 
0 0.0460518 6 
0 0.047096 6 
0 0.0470964 6 
0 0.0477119 6 
0 0.048518 6 
0 0.0485206 6 
0 0.0485246 6 
0 0.0487245 6 
0 0.0489205 6 
0 0.0491212 6 
0 0.0510583 6 
0 0.051059 6 
0 0.0512503 6 
0 0.0525609 6 
0 0.0527453 6 
0 0.0532954 6 
0 0.0538411 6 
0 0.054023 6 
0 0.0541944 6 
0 0.0564849 6 
0 0.058185 6 
0 0.0606366 6 
0 0.0643747 6 
0 0.0646694 6 
0 0.0649761 6 
0 0.0654271 6 
0 0.0681885 6 
0 0.0720753 6 
0 0.072478 6 
0 0.0743302 6 
0 0.0754988 6 
0 0.0779083 6 
0 0.0785303 6 
0 0.080606 6 
0 0.0984326 6 
0 0.107954 6 
0 0.12271 6 
0 0.124364 6 
0 0.124755 6 
0 0.127459 6 
0 0.143608 6 
0 0.150485 6 
0 0.155011 6 
0 0.155448 6 
0 0.162362 6 
0 0.175437 6 
0 0.196497 6 
0 0.237698 6 
0 0.238145 6 
0 0.238722 6 
0 0.246377 6 
0 0.247503 6 
0 0.326522 6 
0 0.333784 6 
0 0.334338 6 
0 0.334902 6 
0 0.33603 6 
0 0.338992 6 
0 0.342906 6 
0 0.343473 6 
0 0.353406 6 
0 0.38407 6 
0 0.404715 6 
0 0.441504 6 
0 0.44335 6 
0 0.443711 6 
0 0.45121 6 
0 0.457802 6 
0 0.473462 6 
0 0.48174 6 
0 0.491068 6 
0 0.536709 6 
0 0.555519 6 
0 0.559849 6 
0 0.561771 6 
0 0.561789 6 
0 0.575273 6 
0 0.576354 6 
0 0.79412 6 
0 0.925317 6 
0 0.925317 6 
0 1.04181 6 
0 1.16404 6 
0 1.33511 6 
0 1.42917 6 
0 1.4786 6 
0 1.50433 6 
0 1.5074 6 
0 1.50807 6 
0 1.52984 6 
0 1.65338 6 
0 1.86148 6 
0 1.89018 6 
0 1.89183 6 
0 1.91222 6 
0 1.91247 6 
0 1.91355 6 
0 1.93362 6 
0 2.02117 6 
0 2.12692 6 
0 2.12718 6 
0 2.12872 6 
0 2.18618 6 
0 2.20982 6 
0 inf 6 
0 0.0146269 7 
0 0.0146296 7 
0 0.0224892 7 
0 0.0241648 7 
0 0.027188 7 
0 0.0302432 7 
0 0.0361014 7 
0 0.039939 7 
0 0.0451992 7 
0 0.047096 7 
0 0.048108 7 
0 0.0495155 7 
0 0.0497115 7 
0 0.050291 7 
0 0.0523768 7 
0 0.053654 7 
0 0.0543738 7 
0 0.0543824 7 
0 0.0547351 7 
0 0.0549078 7 
0 0.0556173 7 
0 0.0595077 7 
0 0.0619103 7 
0 0.0687578 7 
0 0.0697352 7 
0 0.069742 7 
0 0.0701546 7 
0 0.076528 7 
0 0.0785358 7 
0 0.0801258 7 
0 0.0813251 7 
0 0.0875556 7 
0 0.0949072 7 
0 0.0955174 7 
0 0.0974372 7 
0 0.0979334 7 
0 0.10164 7 
0 0.104755 7 
0 0.11288 7 
0 0.113914 7 
0 0.114596 7 
0 0.125116 7 
0 0.149384 7 
0 0.157555 7 
0 0.163914 7 
0 0.169055 7 
0 0.182953 7 
0 0.210013 7 
0 0.211628 7 
0 0.225513 7 
0 0.236633 7 
0 0.254973 7 
0 0.257101 7 
0 0.258759 7 
0 0.26082 7 
0 0.271119 7 
0 0.300005 7 
0 0.300523 7 
0 0.337478 7 
0 0.355161 7 
0 0.381427 7 
0 0.433569 7 
0 0.436789 7 
0 0.465719 7 
0 0.467095 7 
0 0.47318 7 
0 0.479189 7 
0 0.47947 7 
0 0.491899 7 
0 0.519244 7 
0 0.54398 7 
0 0.559272 7 
0 0.563638 7 
0 0.564903 7 
0 0.570181 7 
0 0.570659 7 
0 0.572423 7 
0 0.58266 7 
0 0.604805 7 
0 0.605046 7 
0 0.763877 7 
0 0.936681 7 
0 0.959186 7 
0 1.02184 7 
0 1.20802 7 
0 1.22565 7 
0 1.24058 7 
0 1.24514 7 
0 1.3383 7 
0 1.36964 7 
0 1.40919 7 
0 1.48067 7 
0 1.49734 7 
0 1.50076 7 
0 1.53629 7 
0 1.59513 7 
0 1.62454 7 
0 1.7658 7 
0 1.76651 7 
0 1.80847 7 
0 1.80853 7 
0 1.94153 7 
0 1.95118 7 
0 1.95403 7 
0 1.9607 7 
0 2.03461 7 
0 2.20518 7 
0 inf 7 
0 0.0192257 8 
0 0.0299155 8 
0 0.0308734 8 
0 0.0441033 8 
0 0.0447638 8 
0 0.04477 8 
0 0.0460485 8 
0 0.046256 8 
0 0.0462614 8 
0 0.0473019 8 
0 0.0473022 8 
0 0.0493144 8 
0 0.0531129 8 
0 0.0604778 8 
0 0.0676145 8 
0 0.0690396 8 
0 0.0722062 8 
0 0.0765227 8 
0 0.0787777 8 
0 0.0793926 8 
0 0.084267 8 
0 0.0842686 8 
0 0.0846123 8 
0 0.0848423 8 
0 0.0964336 8 
0 0.0968412 8 
0 0.098824 8 
0 0.103164 8 
0 0.103954 8 
0 0.115605 8 
0 0.115605 8 
0 0.117445 8 
0 0.124648 8 
0 0.127609 8 
0 0.13624 8 
0 0.138575 8 
0 0.138576 8 
0 0.16804 8 
0 0.176873 8 
0 0.185642 8 
0 0.212592 8 
0 0.216343 8 
0 0.217465 8 
0 0.220894 8 
0 0.231013 8 
0 0.2329 8 
0 0.233523 8 
0 0.236099 8 
0 0.246611 8 
0 0.264519 8 
0 0.268371 8 
0 0.273736 8 
0 0.329426 8 
0 0.357807 8 
0 0.366535 8 
0 0.380315 8 
0 0.38181 8 
0 0.398879 8 
0 0.401286 8 
0 0.451143 8 
0 0.471906 8 
0 0.474413 8 
0 0.475847 8 
0 0.478051 8 
0 0.490453 8 
0 0.504484 8 
0 0.524424 8 
0 0.550678 8 
0 0.551807 8 
0 0.556252 8 
0 0.570183 8 
0 0.573942 8 
0 0.650249 8 
0 0.727302 8 
0 0.739992 8 
0 0.75776 8 
0 0.782642 8 
0 0.792617 8 
0 0.821616 8 
0 0.849397 8 
0 0.924034 8 
0 1.04452 8 
0 1.21477 8 
0 1.21886 8 
0 1.2682 8 
0 1.27359 8 
0 1.27669 8 
0 1.31244 8 
0 1.31949 8 
0 1.33248 8 
0 1.33702 8 
0 1.46481 8 
0 1.46547 8 
0 1.49045 8 
0 1.50147 8 
0 1.51447 8 
0 1.56126 8 
0 1.56464 8 
0 1.95433 8 
0 1.95554 8 
0 1.97639 8 
0 1.97661 8 
0 1.98109 8 
0 inf 8 
0 0.0302429 9 
0 0.0404282 9 
0 0.0438893 9 
0 0.0512482 9 
0 0.0521882 9 
0 0.0563181 9 
0 0.0568296 9 
0 0.0588481 9 
0 0.0607984 9 
0 0.0640693 9 
0 0.0670378 9 
0 0.0676191 9 
0 0.0695976 9 
0 0.0702929 9 
0 0.0704331 9 
0 0.0739363 9 
0 0.0835714 9 
0 0.0906063 9 
0 0.0923055 9 
0 0.0939756 9 
0 0.0952189 9 
0 0.0981357 9 
0 0.101925 9 
0 0.102021 9 
0 0.103971 9 
0 0.104202 9 
0 0.10876 9 
0 0.119905 9 
0 0.127304 9 
0 0.135341 9 
0 0.151389 9 
0 0.167059 9 
0 0.167353 9 
0 0.169203 9 
0 0.171227 9 
0 0.17281 9 
0 0.212864 9 
0 0.223087 9 
0 0.223261 9 
0 0.236057 9 
0 0.240701 9 
0 0.273149 9 
0 0.29579 9 
0 0.316782 9 
0 0.318005 9 
0 0.318842 9 
0 0.326529 9 
0 0.364598 9 
0 0.369266 9 
0 0.375881 9 
0 0.376808 9 
0 0.38214 9 
0 0.382551 9 
0 0.400826 9 
0 0.477502 9 
0 0.480203 9 
0 0.482144 9 
0 0.491504 9 
0 0.527153 9 
0 0.527817 9 
0 0.539269 9 
0 0.562448 9 
0 0.562776 9 
0 0.563779 9 
0 0.564326 9 
0 0.56456 9 
0 0.564836 9 
0 0.5881 9 
0 0.636614 9 
0 0.677283 9 
0 0.707189 9 
0 0.760616 9 
0 0.765037 9 
0 1.00169 9 
0 1.01627 9 
0 1.02543 9 
0 1.0381 9 
0 1.13399 9 
0 1.21646 9 
0 1.21825 9 
0 1.24581 9 
0 1.24702 9 
0 1.25179 9 
0 1.26791 9 
0 1.26797 9 
0 1.42411 9 
0 1.47852 9 
0 1.48158 9 
0 1.4853 9 
0 1.48661 9 
0 1.66735 9 
0 1.66743 9 
0 1.89663 9 
0 1.89669 9 
0 1.95281 9 
0 1.95326 9 
0 2.01581 9 
0 2.22479 9 
0 2.22485 9 
0 inf 9 
0 0.021153 10 
0 0.0532967 10 
0 0.0534816 10 
0 0.0542043 10 
0 0.0580142 10 
0 0.0581837 10 
0 0.0585151 10 
0 0.0609716 10 
0 0.0639206 10 
0 0.0645241 10 
0 0.0772859 10 
0 0.0818655 10 
0 0.0859815 10 
0 0.0912495 10 
0 0.0933592 10 
0 0.100772 10 
0 0.106957 10 
0 0.108311 10 
0 0.116447 10 
0 0.117068 10 
0 0.13523 10 
0 0.13607 10 
0 0.143196 10 
0 0.153243 10 
0 0.168654 10 
0 0.171794 10 
0 0.176045 10 
0 0.181802 10 
0 0.189509 10 
0 0.191352 10 
0 0.212208 10 
0 0.217477 10 
0 0.221905 10 
0 0.244833 10 
0 0.262106 10 
0 0.288171 10 
0 0.326565 10 
0 0.329057 10 
0 0.352753 10 
0 0.365806 10 
0 0.366008 10 
0 0.366945 10 
0 0.374549 10 
0 0.376905 10 
0 0.380738 10 
0 0.388921 10 
0 0.397301 10 
0 0.427776 10 
0 0.428027 10 
0 0.468176 10 
0 0.468259 10 
0 0.473633 10 
0 0.490056 10 
0 0.495338 10 
0 0.501747 10 
0 0.512105 10 
0 0.512351 10 
0 0.517574 10 
0 0.523497 10 
0 0.539147 10 
0 0.544944 10 
0 0.55858 10 
0 0.558702 10 
0 0.559858 10 
0 0.564211 10 
0 0.625951 10 
0 0.684986 10 
0 0.740663 10 
0 0.847404 10 
0 0.848264 10 
0 0.865827 10 
0 0.871342 10 
0 0.873527 10 
0 1.21313 10 
0 1.21518 10 
0 1.21635 10 
0 1.21676 10 
0 1.21915 10 
0 1.22236 10 
0 1.22402 10 
0 1.22414 10 
0 1.28461 10 
0 1.31074 10 
0 1.46245 10 
0 1.46275 10 
0 1.48139 10 
0 1.53962 10 
0 1.54015 10 
0 1.62209 10 
0 1.62247 10 
0 1.95453 10 
0 1.9562 10 
0 2.03727 10 
0 2.07212 10 
0 2.07222 10 
0 inf 10 
0 0.0401815 11 
0 0.0491153 11 
0 0.050673 11 
0 0.0519988 11 
0 0.0563137 11 
0 0.0563269 11 
0 0.0622199 11 
0 0.0805442 11 
0 0.0953176 11 
0 0.106723 11 
0 0.106867 11 
0 0.112454 11 
0 0.121392 11 
0 0.121921 11 
0 0.135418 11 
0 0.138992 11 
0 0.150685 11 
0 0.171451 11 
0 0.172754 11 
0 0.177858 11 
0 0.194477 11 
0 0.207589 11 
0 0.209177 11 
0 0.209831 11 
0 0.213278 11 
0 0.214727 11 
0 0.239616 11 
0 0.251536 11 
0 0.271702 11 
0 0.28385 11 
0 0.288783 11 
0 0.291621 11 
0 0.291832 11 
0 0.33768 11 
0 0.339592 11 
0 0.339621 11 
0 0.343262 11 
0 0.346197 11 
0 0.346646 11 
0 0.360351 11 
0 0.368968 11 
0 0.381299 11 
0 0.422232 11 
0 0.442688 11 
0 0.44339 11 
0 0.475481 11 
0 0.491899 11 
0 0.495417 11 
0 0.510787 11 
0 0.517136 11 
0 0.522232 11 
0 0.522537 11 
0 0.522537 11 
0 0.522835 11 
0 0.526036 11 
0 0.531701 11 
0 0.542311 11 
0 0.561041 11 
0 0.642678 11 
0 0.642724 11 
0 0.649079 11 
0 0.7331 11 
0 0.75122 11 
0 0.786148 11 
0 0.797404 11 
0 0.797453 11 
0 0.887458 11 
0 0.89514 11 
0 0.896215 11 
0 0.921737 11 
0 0.977634 11 
0 0.977719 11 
0 0.981209 11 
0 1.20813 11 
0 1.2082 11 
0 1.21645 11 
0 1.21987 11 
0 1.22051 11 
0 1.22166 11 
0 1.23062 11 
0 1.23343 11 
0 1.23723 11 
0 1.27184 11 
0 1.39316 11 
0 1.40064 11 
0 1.40133 11 
0 1.95007 11 
0 1.95294 11 
0 1.99374 11 
0 1.99574 11 
0 1.99582 11 
0 inf 11 
0 0.0607967 12 
0 0.0704503 12 
0 0.0739369 12 
0 0.0795161 12 
0 0.0864863 12 
0 0.0975377 12 
0 0.0995633 12 
0 0.117859 12 
0 0.124492 12 
0 0.138361 12 
0 0.145758 12 
0 0.14702 12 
0 0.179872 12 
0 0.219215 12 
0 0.225624 12 
0 0.226529 12 
0 0.228942 12 
0 0.239388 12 
0 0.24131 12 
0 0.242843 12 
0 0.246906 12 
0 0.263948 12 
0 0.269883 12 
0 0.271867 12 
0 0.273909 12 
0 0.274474 12 
0 0.275384 12 
0 0.287364 12 
0 0.288209 12 
0 0.310503 12 
0 0.323715 12 
0 0.32397 12 
0 0.324765 12 
0 0.325179 12 
0 0.327446 12 
0 0.342005 12 
0 0.342773 12 
0 0.34655 12 
0 0.350067 12 
0 0.352565 12 
0 0.354733 12 
0 0.392687 12 
0 0.422291 12 
0 0.445196 12 
0 0.44935 12 
0 0.452793 12 
0 0.454145 12 
0 0.497682 12 
0 0.507913 12 
0 0.512459 12 
0 0.522983 12 
0 0.527668 12 
0 0.552531 12 
0 0.557814 12 
0 0.567726 12 
0 0.57622 12 
0 0.590971 12 
0 0.592155 12 
0 0.730941 12 
0 0.732868 12 
0 0.746352 12 
0 0.746391 12 
0 0.749641 12 
0 0.749665 12 
0 0.865381 12 
0 0.877749 12 
0 0.881463 12 
0 0.886494 12 
0 0.907317 12 
0 1.2132 12 
0 1.21377 12 
0 1.21627 12 
0 1.22241 12 
0 1.22444 12 
0 1.22641 12 
0 1.23085 12 
0 1.30588 12 
0 1.30615 12 
0 1.30624 12 
0 1.50417 12 
0 1.50498 12 
0 1.50562 12 
0 1.95372 12 
0 1.95469 12 
0 1.95481 12 
0 1.95846 12 
0 1.95859 12 
0 inf 12 
0 0.0852384 13 
0 0.117871 13 
0 0.12047 13 
0 0.135911 13 
0 0.136946 13 
0 0.137914 13 
0 0.142656 13 
0 0.170942 13 
0 0.177644 13 
0 0.203189 13 
0 0.206889 13 
0 0.218594 13 
0 0.235686 13 
0 0.241224 13 
0 0.264283 13 
0 0.270623 13 
0 0.274938 13 
0 0.28231 13 
0 0.282393 13 
0 0.285282 13 
0 0.293229 13 
0 0.297044 13 
0 0.299825 13 
0 0.299987 13 
0 0.30017 13 
0 0.30017 13 
0 0.301237 13 
0 0.301894 13 
0 0.305142 13 
0 0.309362 13 
0 0.327291 13 
0 0.32827 13 
0 0.328714 13 
0 0.330399 13 
0 0.350761 13 
0 0.358623 13 
0 0.364649 13 
0 0.383767 13 
0 0.384615 13 
0 0.390875 13 
0 0.391173 13 
0 0.391248 13 
0 0.405338 13 
0 0.405403 13 
0 0.41676 13 
0 0.41676 13 
0 0.423506 13 
0 0.439189 13 
0 0.497719 13 
0 0.513657 13 
0 0.549123 13 
0 0.578121 13 
0 0.621944 13 
0 0.622007 13 
0 0.623584 13 
0 0.707264 13 
0 0.767697 13 
0 0.792534 13 
0 0.830901 13 
0 0.863654 13 
0 0.871142 13 
0 0.875864 13 
0 1.21453 13 
0 1.2212 13 
0 1.22608 13 
0 1.27846 13 
0 1.27873 13 
0 1.27888 13 
0 1.4759 13 
0 1.47619 13 
0 1.48048 13 
0 1.48445 13 
0 1.48655 13 
0 1.48665 13 
0 1.52018 13 
0 1.52029 13 
0 1.52069 13 
0 1.59898 13 
0 1.95047 13 
0 1.95645 13 
0 2.11418 13 
0 2.11429 13 
0 2.11434 13 
0 inf 13 
0 0.0434645 14 
0 0.0541938 14 
0 0.073473 14 
0 0.0855819 14 
0 0.0967437 14 
0 0.0983388 14 
0 0.110444 14 
0 0.11703 14 
0 0.136339 14 
0 0.136808 14 
0 0.138353 14 
0 0.145359 14 
0 0.150101 14 
0 0.169859 14 
0 0.17477 14 
0 0.224128 14 
0 0.234108 14 
0 0.241064 14 
0 0.244153 14 
0 0.246813 14 
0 0.271404 14 
0 0.272833 14 
0 0.277548 14 
0 0.280928 14 
0 0.280929 14 
0 0.280929 14 
0 0.281372 14 
0 0.281758 14 
0 0.290757 14 
0 0.291158 14 
0 0.29462 14 
0 0.306934 14 
0 0.309562 14 
0 0.309656 14 
0 0.312222 14 
0 0.313217 14 
0 0.31424 14 
0 0.323805 14 
0 0.329906 14 
0 0.330378 14 
0 0.330466 14 
0 0.376512 14 
0 0.38614 14 
0 0.392116 14 
0 0.480755 14 
0 0.511044 14 
0 0.537757 14 
0 0.538354 14 
0 0.539491 14 
0 0.542713 14 
0 0.553182 14 
0 0.595736 14 
0 0.595997 14 
0 0.597171 14 
0 0.601261 14 
0 0.711307 14 
0 0.831638 14 
0 0.846259 14 
0 0.856508 14 
0 0.866443 14 
0 1.04891 14 
0 1.22709 14 
0 1.22873 14 
0 1.2378 14 
0 1.23783 14 
0 1.23798 14 
0 1.48156 14 
0 1.48187 14 
0 1.48221 14 
0 1.61924 14 
0 1.61931 14 
0 1.61939 14 
0 1.66889 14 
0 1.66889 14 
0 1.66987 14 
0 1.95779 14 
0 2.14121 14 
0 2.14194 14 
0 2.14199 14 
0 inf 14 
0 0.0411348 15 
0 0.0765861 15 
0 0.0782159 15 
0 0.0785882 15 
0 0.0785911 15 
0 0.0871075 15 
0 0.109039 15 
0 0.159403 15 
0 0.159586 15 
0 0.161946 15 
0 0.162844 15 
0 0.218909 15 
0 0.226077 15 
0 0.232344 15 
0 0.239649 15 
0 0.243032 15 
0 0.244306 15 
0 0.269794 15 
0 0.271053 15 
0 0.271053 15 
0 0.273905 15 
0 0.274052 15 
0 0.274477 15 
0 0.279914 15 
0 0.280617 15 
0 0.292301 15 
0 0.297543 15 
0 0.297575 15 
0 0.306813 15 
0 0.308331 15 
0 0.320999 15 
0 0.321808 15 
0 0.323744 15 
0 0.323744 15 
0 0.336917 15 
0 0.33735 15 
0 0.337379 15 
0 0.33807 15 
0 0.379379 15 
0 0.391991 15 
0 0.445766 15 
0 0.494974 15 
0 0.611629 15 
0 0.612138 15 
0 0.612472 15 
0 0.612487 15 
0 0.640292 15 
0 0.672248 15 
0 0.715669 15 
0 0.811022 15 
0 0.825603 15 
0 0.828681 15 
0 0.830709 15 
0 0.864347 15 
0 0.864426 15 
0 1.05434 15 
0 1.05876 15 
0 1.05902 15 
0 1.15268 15 
0 1.2339 15 
0 1.23547 15 
0 1.23564 15 
0 1.23566 15 
0 1.24588 15 
0 1.27159 15 
0 1.46629 15 
0 1.46852 15 
0 1.46899 15 
0 1.53122 15 
0 1.54509 15 
0 1.54517 15 
0 1.96157 15 
0 2.00219 15 
0 2.00219 15 
0 2.00243 15 
0 inf 15 
0 0.0874511 16 
0 0.099619 16 
0 0.103405 16 
0 0.103405 16 
0 0.108099 16 
0 0.112335 16 
0 0.13265 16 
0 0.135264 16 
0 0.13688 16 
0 0.137093 16 
0 0.140804 16 
0 0.146292 16 
0 0.150352 16 
0 0.192824 16 
0 0.195531 16 
0 0.197653 16 
0 0.22663 16 
0 0.252497 16 
0 0.253195 16 
0 0.256396 16 
0 0.265894 16 
0 0.266004 16 
0 0.267859 16 
0 0.276515 16 
0 0.288608 16 
0 0.289012 16 
0 0.307685 16 
0 0.311153 16 
0 0.325042 16 
0 0.326922 16 
0 0.327665 16 
0 0.328851 16 
0 0.332595 16 
0 0.332923 16 
0 0.366683 16 
0 0.397219 16 
0 0.492385 16 
0 0.507627 16 
0 0.619959 16 
0 0.620242 16 
0 0.620289 16 
0 0.620383 16 
0 0.711321 16 
0 0.746859 16 
0 0.774269 16 
0 0.800939 16 
0 0.810123 16 
0 0.813394 16 
0 0.816259 16 
0 0.850501 16 
0 0.880402 16 
0 0.889755 16 
0 0.889755 16 
0 0.949933 16 
0 0.95024 16 
0 0.950393 16 
0 1.09534 16 
0 1.10396 16 
0 1.24375 16 
0 1.24391 16 
0 1.24394 16 
0 1.24403 16 
0 1.26983 16 
0 1.30561 16 
0 1.30596 16 
0 1.30704 16 
0 1.52726 16 
0 1.97543 16 
0 1.97964 16 
0 1.97996 16 
0 1.98012 16 
0 inf 16 
0 0.0805454 17 
0 0.0805454 17 
0 0.0816268 17 
0 0.113495 17 
0 0.113495 17 
0 0.116288 17 
0 0.138396 17 
0 0.168942 17 
0 0.169689 17 
0 0.171682 17 
0 0.173744 17 
0 0.178407 17 
0 0.188117 17 
0 0.248425 17 
0 0.273406 17 
0 0.273797 17 
0 0.274506 17 
0 0.274931 17 
0 0.306513 17 
0 0.307528 17 
0 0.310925 17 
0 0.317129 17 
0 0.317742 17 
0 0.317865 17 
0 0.322091 17 
0 0.340005 17 
0 0.385109 17 
0 0.432869 17 
0 0.433498 17 
0 0.435379 17 
0 0.479108 17 
0 0.481539 17 
0 0.48508 17 
0 0.485321 17 
0 0.49182 17 
0 0.493695 17 
0 0.493715 17 
0 0.49403 17 
0 0.543193 17 
0 0.565533 17 
0 0.574997 17 
0 0.57623 17 
0 0.613824 17 
0 0.614015 17 
0 0.615281 17 
0 0.616607 17 
0 0.62922 17 
0 0.73217 17 
0 0.907582 17 
0 0.908267 17 
0 0.913756 17 
0 0.914437 17 
0 0.91919 17 
0 0.920882 17 
0 1.24846 17 
0 1.24861 17 
0 1.24899 17 
0 1.2491 17 
0 1.32415 17 
0 1.33314 17 
0 1.33803 17 
0 1.33818 17 
0 1.48953 17 
0 1.9921 17 
0 1.99403 17 
0 1.9946 17 
0 1.99464 17 
0 inf 17 
0 0.100931 18 
0 0.102082 18 
0 0.103596 18 
0 0.114396 18 
0 0.125648 18 
0 0.130434 18 
0 0.131029 18 
0 0.137972 18 
0 0.215229 18 
0 0.219525 18 
0 0.21961 18 
0 0.219921 18 
0 0.220584 18 
0 0.221641 18 
0 0.23365 18 
0 0.243524 18 
0 0.2561 18 
0 0.2561 18 
0 0.30778 18 
0 0.317396 18 
0 0.318375 18 
0 0.336525 18 
0 0.337131 18 
0 0.337218 18 
0 0.340805 18 
0 0.384196 18 
0 0.384601 18 
0 0.386192 18 
0 0.476441 18 
0 0.476441 18 
0 0.476951 18 
0 0.47742 18 
0 0.491583 18 
0 0.491583 18 
0 0.491642 18 
0 0.492137 18 
0 0.503815 18 
0 0.512168 18 
0 0.527583 18 
0 0.565298 18 
0 0.584195 18 
0 0.584256 18 
0 0.611694 18 
0 0.611694 18 
0 0.6119 18 
0 0.620786 18 
0 0.643251 18 
0 0.766279 18 
0 1.05644 18 
0 1.12115 18 
0 1.12182 18 
0 1.2452 18 
0 1.24539 18 
0 1.24558 18 
0 1.25007 18 
0 1.38633 18 
0 1.41878 18 
0 1.4195 18 
0 1.48186 18 
0 1.6252 18 
0 2.01293 18 
0 2.01537 18 
0 2.01537 18 
0 inf 18 
0 0.105397 19 
0 0.106406 19 
0 0.141601 19 
0 0.142629 19 
0 0.142629 19 
0 0.143241 19 
0 0.154878 19 
0 0.180522 19 
0 0.18165 19 
0 0.183091 19 
0 0.184226 19 
0 0.187158 19 
0 0.187987 19 
0 0.188142 19 
0 0.227616 19 
0 0.239005 19 
0 0.239127 19 
0 0.240744 19 
0 0.240905 19 
0 0.243801 19 
0 0.311078 19 
0 0.320686 19 
0 0.328273 19 
0 0.331193 19 
0 0.3326 19 
0 0.361076 19 
0 0.382013 19 
0 0.382013 19 
0 0.382013 19 
0 0.399156 19 
0 0.400251 19 
0 0.482991 19 
0 0.483152 19 
0 0.484277 19 
0 0.490076 19 
0 0.491661 19 
0 0.491681 19 
0 0.529899 19 
0 0.564136 19 
0 0.565633 19 
0 0.56584 19 
0 0.592742 19 
0 0.606705 19 
0 0.60976 19 
0 0.770303 19 
0 1.16317 19 
0 1.16455 19 
0 1.19641 19 
0 1.24359 19 
0 1.24541 19 
0 1.24547 19 
0 1.45745 19 
0 1.45815 19 
0 1.47554 19 
0 1.48393 19 
0 1.48472 19 
0 2.04048 19 
0 2.05183 19 
0 2.05196 19 
0 inf 19 
0 0.0931469 20 
0 0.0970417 20 
0 0.0973365 20 
0 0.0973418 20 
0 0.10316 20 
0 0.10316 20 
0 0.103814 20 
0 0.104655 20 
0 0.106778 20 
0 0.175324 20 
0 0.17687 20 
0 0.179761 20 
0 0.198711 20 
0 0.199102 20 
0 0.230631 20 
0 0.239006 20 
0 0.240951 20 
0 0.265058 20 
0 0.27258 20 
0 0.337824 20 
0 0.338514 20 
0 0.344664 20 
0 0.344749 20 
0 0.356094 20 
0 0.363635 20 
0 0.363875 20 
0 0.37663 20 
0 0.38061 20 
0 0.382522 20 
0 0.382522 20 
0 0.479129 20 
0 0.479129 20 
0 0.496466 20 
0 0.496544 20 
0 0.496603 20 
0 0.558092 20 
0 0.558145 20 
0 0.601455 20 
0 0.656475 20 
0 0.720241 20 
0 0.772811 20 
0 1.18196 20 
0 1.20727 20 
0 1.20803 20 
0 1.22045 20 
0 1.22045 20 
0 1.47123 20 
0 1.47877 20 
0 1.47927 20 
0 1.48971 20 
0 1.49194 20 
0 2.03127 20 
0 2.0355 20 
0 2.03557 20 
0 2.3284 20 
0 inf 20 
