0 0.0147739 1 
0 0.0220666 1 
0 0.022068 1 
0 0.024239 1 
0 0.0252546 1 
0 0.0268657 1 
0 0.0277921 1 
0 0.0277921 1 
0 0.0283854 1 
0 0.0283912 1 
0 0.0283941 1 
0 0.0298321 1 
0 0.0298321 1 
0 0.0312076 1 
0 0.0312076 1 
0 0.0312077 1 
0 0.0320028 1 
0 0.0340415 1 
0 0.0357223 1 
0 0.0364301 1 
0 0.0371075 1 
0 0.0380017 1 
0 0.0390923 1 
0 0.0397302 1 
0 0.040566 1 
0 0.0409802 1 
0 0.0413861 1 
0 0.0421922 1 
0 0.0427816 1 
0 0.0433663 1 
0 0.0435598 1 
0 0.0437554 1 
0 0.0437592 1 
0 0.0443239 1 
0 0.0443241 1 
0 0.0445199 1 
0 0.0456251 1 
0 0.0465409 1 
0 0.0465415 1 
0 0.0467217 1 
0 0.0467279 1 
0 0.0477846 1 
0 0.0477901 1 
0 0.0479638 1 
0 0.0483175 1 
0 0.0484853 1 
0 0.0488309 1 
0 0.0488336 1 
0 0.049514 1 
0 0.0501868 1 
0 0.0521557 1 
0 0.0529543 1 
0 0.054053 1 
0 0.0542145 1 
0 0.0548242 1 
0 0.0548266 1 
0 0.0554327 1 
0 0.0563318 1 
0 0.0563347 1 
0 0.0573686 1 
0 0.0583872 1 
0 0.0607764 1 
0 0.0614677 1 
0 0.0620112 1 
0 0.0633482 1 
0 0.0636208 1 
0 0.0638774 1 
0 0.0640069 1 
0 0.0645351 1 
0 0.0651856 1 
0 0.0653043 1 
0 0.0655641 1 
0 0.0659479 1 
0 0.0705001 1 
0 0.0763289 1 
0 0.0766585 1 
0 0.0783942 1 
0 0.0792473 1 
0 0.07967 1 
0 0.0803017 1 
0 0.0808223 1 
0 0.0809249 1 
0 0.0812354 1 
0 0.0871164 1 
0 0.0890267 1 
0 0.0925403 1 
0 0.105831 1 
0 0.111016 1 
0 0.13335 1 
0 0.13566 1 
0 0.14366 1 
0 0.146494 1 
0 0.147181 1 
0 0.164372 1 
0 0.167556 1 
0 0.205136 1 
0 0.205825 1 
0 0.241838 1 
0 0.24675 1 
0 0.276524 1 
0 0.309396 1 
0 0.322083 1 
0 0.413328 1 
0 0.417257 1 
0 0.465594 1 
0 0.497364 1 
0 0.526803 1 
0 0.566699 1 
0 0.580552 1 
0 0.594549 1 
0 0.642474 1 
0 0.656143 1 
0 0.687286 1 
0 0.690518 1 
0 0.725001 1 
0 0.739695 1 
0 0.931567 1 
0 0.957704 1 
0 1.07488 1 
0 1.08952 1 
0 1.23631 1 
0 1.38872 1 
0 1.42542 1 
0 2.1012 1 
0 2.23249 1 
0 2.68987 1 
0 2.9179 1 
0 4.12567 1 
0 4.21874 1 
0 4.36338 1 
0 4.43275 1 
0 inf 1 
0 0.0245867 2 
0 0.0245867 2 
0 0.0255885 2 
0 0.0265568 2 
0 0.0286847 2 
0 0.0298322 2 
0 0.0330373 2 
0 0.0342815 2 
0 0.0352486 2 
0 0.0352488 2 
0 0.0352532 2 
0 0.0359546 2 
0 0.0368801 2 
0 0.0371073 2 
0 0.0371079 2 
0 0.0377792 2 
0 0.0379994 2 
0 0.0390895 2 
0 0.0397293 2 
0 0.0403573 2 
0 0.0413854 2 
0 0.0417887 2 
0 0.0421926 2 
0 0.0421926 2 
0 0.0421946 2 
0 0.0429767 2 
0 0.0437528 2 
0 0.0441327 2 
0 0.0443269 2 
0 0.0461796 2 
0 0.046899 2 
0 0.0474373 2 
0 0.0477872 2 
0 0.0486578 2 
0 0.04883 2 
0 0.0488303 2 
0 0.0508518 2 
0 0.0508587 2 
0 0.0515071 2 
0 0.0527948 2 
0 0.0527952 2 
0 0.0535898 2 
0 0.0537417 2 
0 0.0546686 2 
0 0.0546704 2 
0 0.054671 2 
0 0.0546711 2 
0 0.05497 2 
0 0.0555841 2 
0 0.0582383 2 
0 0.0582452 2 
0 0.0632172 2 
0 0.0632245 2 
0 0.063484 2 
0 0.0647919 2 
0 0.0656993 2 
0 0.0658178 2 
0 0.0665789 2 
0 0.0673303 2 
0 0.0712109 2 
0 0.0722662 2 
0 0.0731905 2 
0 0.0744423 2 
0 0.0748904 2 
0 0.0776425 2 
0 0.0793529 2 
0 0.0813393 2 
0 0.0817519 2 
0 0.0826687 2 
0 0.0954877 2 
0 0.107327 2 
0 0.115469 2 
0 0.118764 2 
0 0.125768 2 
0 0.128216 2 
0 0.134859 2 
0 0.143077 2 
0 0.143369 2 
0 0.144415 2 
0 0.146203 2 
0 0.155496 2 
0 0.161329 2 
0 0.161588 2 
0 0.173369 2 
0 0.188184 2 
0 0.208746 2 
0 0.244323 2 
0 0.276494 2 
0 0.279185 2 
0 0.282509 2 
0 0.302643 2 
0 0.333616 2 
0 0.358999 2 
0 0.375969 2 
0 0.40515 2 
0 0.463959 2 
0 0.47997 2 
0 0.518873 2 
0 0.523213 2 
0 0.549862 2 
0 0.561103 2 
0 0.585962 2 
0 0.587628 2 
0 0.663823 2 
0 0.734602 2 
0 0.760822 2 
0 0.821244 2 
0 0.827532 2 
0 0.829054 2 
0 0.840306 2 
0 0.870765 2 
0 0.875091 2 
0 0.884489 2 
0 1.05489 2 
0 1.14465 2 
0 1.76549 2 
0 1.83186 2 
0 2.03277 2 
0 2.10782 2 
0 2.97622 2 
0 3.20412 2 
0 3.3422 2 
0 3.41763 2 
0 3.58549 2 
0 3.59082 2 
0 3.59604 2 
0 3.62744 2 
0 inf 2 
0 0.0200744 3 
0 0.020486 3 
0 0.0238935 3 
0 0.0262383 3 
0 0.0325251 3 
0 0.0352522 3 
0 0.0359576 3 
0 0.0361924 3 
0 0.036878 3 
0 0.0373396 3 
0 0.0380011 3 
0 0.039513 3 
0 0.0395151 3 
0 0.039729 3 
0 0.0401503 3 
0 0.0411818 3 
0 0.0413822 3 
0 0.0413853 3 
0 0.0415876 3 
0 0.0427832 3 
0 0.0427832 3 
0 0.0445108 3 
0 0.0445153 3 
0 0.0454461 3 
0 0.0461792 3 
0 0.0465413 3 
0 0.0467193 3 
0 0.0472594 3 
0 0.0474342 3 
0 0.0506868 3 
0 0.0542099 3 
0 0.0552801 3 
0 0.0554386 3 
0 0.0563359 3 
0 0.0569281 3 
0 0.057075 3 
0 0.0575092 3 
0 0.0583851 3 
0 0.0583851 3 
0 0.0633498 3 
0 0.0653102 3 
0 0.0668333 3 
0 0.0693005 3 
0 0.0694214 3 
0 0.069785 3 
0 0.0718005 3 
0 0.0722669 3 
0 0.0761144 3 
0 0.0792444 3 
0 0.0814426 3 
0 0.0846769 3 
0 0.0861489 3 
0 0.087024 3 
0 0.0873147 3 
0 0.0876989 3 
0 0.0890302 3 
0 0.0892172 3 
0 0.0907081 3 
0 0.0989457 3 
0 0.103831 3 
0 0.104153 3 
0 0.104154 3 
0 0.116772 3 
0 0.118839 3 
0 0.119191 3 
0 0.119965 3 
0 0.121355 3 
0 0.124495 3 
0 0.127099 3 
0 0.136526 3 
0 0.164572 3 
0 0.165954 3 
0 0.169695 3 
0 0.212941 3 
0 0.235149 3 
0 0.268608 3 
0 0.27807 3 
0 0.282972 3 
0 0.301511 3 
0 0.310678 3 
0 0.337855 3 
0 0.359087 3 
0 0.372038 3 
0 0.39214 3 
0 0.420314 3 
0 0.455871 3 
0 0.457602 3 
0 0.469202 3 
0 0.481207 3 
0 0.485552 3 
0 0.49884 3 
0 0.62513 3 
0 0.645506 3 
0 0.662752 3 
0 0.685444 3 
0 0.688709 3 
0 0.694382 3 
0 0.715758 3 
0 0.742925 3 
0 0.743014 3 
0 0.759205 3 
0 0.782545 3 
0 0.786459 3 
0 0.810217 3 
0 0.813473 3 
0 0.954134 3 
0 1.02418 3 
0 1.12603 3 
0 1.17056 3 
0 1.60954 3 
0 1.61908 3 
0 1.6197 3 
0 1.62137 3 
0 1.68488 3 
0 1.71501 3 
0 2.7737 3 
0 2.86674 3 
0 3.12699 3 
0 3.13964 3 
0 3.14049 3 
0 3.40575 3 
0 3.41607 3 
0 3.46543 3 
0 inf 3 
0 0.0163935 4 
0 0.0173783 4 
0 0.024926 4 
0 0.0262383 4 
0 0.0280921 4 
0 0.0289733 4 
0 0.0312079 4 
0 0.0312102 4 
0 0.0322644 4 
0 0.0337905 4 
0 0.0390907 4 
0 0.0405647 4 
0 0.042189 4 
0 0.0429764 4 
0 0.0429769 4 
0 0.0439439 4 
0 0.0443234 4 
0 0.0445115 4 
0 0.045446 4 
0 0.0456345 4 
0 0.0458141 4 
0 0.0465411 4 
0 0.0467202 4 
0 0.0476112 4 
0 0.0490019 4 
0 0.0526361 4 
0 0.0534299 4 
0 0.0537449 4 
0 0.0546709 4 
0 0.0588134 4 
0 0.0589575 4 
0 0.0611926 4 
0 0.0632196 4 
0 0.0665863 4 
0 0.0684476 4 
0 0.0692997 4 
0 0.0693006 4 
0 0.0693032 4 
0 0.0694195 4 
0 0.0728427 4 
0 0.0734171 4 
0 0.075224 4 
0 0.0787177 4 
0 0.0810248 4 
0 0.0849689 4 
0 0.0851713 4 
0 0.0852652 4 
0 0.0880779 4 
0 0.089026 4 
0 0.100798 4 
0 0.101047 4 
0 0.102122 4 
0 0.104636 4 
0 0.10764 4 
0 0.119472 4 
0 0.119542 4 
0 0.11996 4 
0 0.120795 4 
0 0.121285 4 
0 0.129648 4 
0 0.137323 4 
0 0.150117 4 
0 0.26215 4 
0 0.26483 4 
0 0.265087 4 
0 0.294816 4 
0 0.297601 4 
0 0.334203 4 
0 0.334886 4 
0 0.354735 4 
0 0.361736 4 
0 0.370755 4 
0 0.400028 4 
0 0.421755 4 
0 0.423076 4 
0 0.428799 4 
0 0.430805 4 
0 0.504732 4 
0 0.51832 4 
0 0.569398 4 
0 0.575053 4 
0 0.598517 4 
0 0.602271 4 
0 0.646167 4 
0 0.659724 4 
0 0.660224 4 
0 0.663662 4 
0 0.666007 4 
0 0.666866 4 
0 0.68644 4 
0 0.703774 4 
0 0.704239 4 
0 0.722386 4 
0 0.732587 4 
0 0.737838 4 
0 0.743552 4 
0 0.750834 4 
0 0.848036 4 
0 0.876828 4 
0 0.894202 4 
0 1.12961 4 
0 1.24952 4 
0 1.2598 4 
0 1.38393 4 
0 1.54526 4 
0 1.54813 4 
0 1.55151 4 
0 1.69341 4 
0 1.70464 4 
0 1.70696 4 
0 1.70854 4 
0 1.70876 4 
0 1.82811 4 
0 1.93501 4 
0 2.03264 4 
0 2.59089 4 
0 2.69139 4 
0 2.69318 4 
0 2.69636 4 
0 inf 4 
0 0.0204884 5 
0 0.0277938 5 
0 0.0340392 5 
0 0.0342875 5 
0 0.0350132 5 
0 0.0361909 5 
0 0.0364174 5 
0 0.0380012 5 
0 0.038659 5 
0 0.0399357 5 
0 0.0399403 5 
0 0.0419905 5 
0 0.0437493 5 
0 0.0454461 5 
0 0.0459973 5 
0 0.0459982 5 
0 0.0461758 5 
0 0.049173 5 
0 0.0493458 5 
0 0.0498524 5 
0 0.0501875 5 
0 0.0516705 5 
0 0.0537411 5 
0 0.0564878 5 
0 0.0578086 5 
0 0.0578086 5 
0 0.0582432 5 
0 0.0611954 5 
0 0.0674558 5 
0 0.068447 5 
0 0.0688121 5 
0 0.068813 5 
0 0.0702589 5 
0 0.0717968 5 
0 0.0718005 5 
0 0.0746649 5 
0 0.0746673 5 
0 0.075451 5 
0 0.077864 5 
0 0.0785078 5 
0 0.0813415 5 
0 0.0814428 5 
0 0.0821658 5 
0 0.0853714 5 
0 0.087794 5 
0 0.0883613 5 
0 0.0954854 5 
0 0.103017 5 
0 0.105032 5 
0 0.106303 5 
0 0.107559 5 
0 0.114813 5 
0 0.140942 5 
0 0.161121 5 
0 0.235197 5 
0 0.265817 5 
0 0.267763 5 
0 0.295996 5 
0 0.348918 5 
0 0.353122 5 
0 0.369015 5 
0 0.373247 5 
0 0.397236 5 
0 0.399626 5 
0 0.409544 5 
0 0.427533 5 
0 0.465311 5 
0 0.490254 5 
0 0.504617 5 
0 0.505166 5 
0 0.529957 5 
0 0.554253 5 
0 0.571832 5 
0 0.579376 5 
0 0.588547 5 
0 0.590113 5 
0 0.59128 5 
0 0.633738 5 
0 0.639453 5 
0 0.650103 5 
0 0.657154 5 
0 0.657806 5 
0 0.665983 5 
0 0.673692 5 
0 0.678967 5 
0 0.695145 5 
0 0.712754 5 
0 0.745511 5 
0 0.748714 5 
0 0.749566 5 
0 0.871992 5 
0 0.959988 5 
0 1.09027 5 
0 1.13904 5 
0 1.16195 5 
0 1.18146 5 
0 1.18872 5 
0 1.20739 5 
0 1.20783 5 
0 1.20875 5 
0 1.28341 5 
0 1.36394 5 
0 1.71505 5 
0 1.71583 5 
0 1.71659 5 
0 1.71833 5 
0 1.72689 5 
0 1.74369 5 
0 1.86388 5 
0 1.87468 5 
0 1.87493 5 
0 1.88008 5 
0 1.90948 5 
0 1.91523 5 
0 1.9312 5 
0 inf 5 
0 0.016393 6 
0 0.0332879 6 
0 0.0350068 6 
0 0.037776 6 
0 0.0377794 6 
0 0.0377795 6 
0 0.0384358 6 
0 0.0390928 6 
0 0.0399373 6 
0 0.0407705 6 
0 0.0407738 6 
0 0.041184 6 
0 0.0413852 6 
0 0.0413852 6 
0 0.0439491 6 
0 0.0481396 6 
0 0.0484849 6 
0 0.0490024 6 
0 0.0534299 6 
0 0.0540546 6 
0 0.0560367 6 
0 0.0578091 6 
0 0.0632223 6 
0 0.0633501 6 
0 0.0646623 6 
0 0.064663 6 
0 0.0668324 6 
0 0.067334 6 
0 0.0702658 6 
0 0.0730719 6 
0 0.0795594 6 
0 0.0800917 6 
0 0.0849722 6 
0 0.0856581 6 
0 0.0884616 6 
0 0.0889344 6 
0 0.0889349 6 
0 0.0904308 6 
0 0.092452 6 
0 0.0977427 6 
0 0.10021 6 
0 0.101209 6 
0 0.113858 6 
0 0.124158 6 
0 0.132024 6 
0 0.143014 6 
0 0.215216 6 
0 0.218106 6 
0 0.264227 6 
0 0.28802 6 
0 0.33755 6 
0 0.357681 6 
0 0.384812 6 
0 0.392725 6 
0 0.406535 6 
0 0.412104 6 
0 0.418673 6 
0 0.419334 6 
0 0.422957 6 
0 0.466856 6 
0 0.474224 6 
0 0.474277 6 
0 0.518045 6 
0 0.518047 6 
0 0.528015 6 
0 0.533142 6 
0 0.544348 6 
0 0.570653 6 
0 0.618506 6 
0 0.619305 6 
0 0.622348 6 
0 0.623296 6 
0 0.635634 6 
0 0.639368 6 
0 0.649942 6 
0 0.650614 6 
0 0.650923 6 
0 0.661885 6 
0 0.664144 6 
0 0.666605 6 
0 0.670473 6 
0 0.70548 6 
0 0.716546 6 
0 0.717424 6 
0 0.717424 6 
0 0.889393 6 
0 0.903794 6 
0 0.925293 6 
0 1.01768 6 
0 1.13913 6 
0 1.14104 6 
0 1.14201 6 
0 1.15498 6 
0 1.15614 6 
0 1.15673 6 
0 1.15945 6 
0 1.16466 6 
0 1.17914 6 
0 1.20378 6 
0 1.21197 6 
0 1.28398 6 
0 1.3546 6 
0 1.37094 6 
0 1.41662 6 
0 1.45049 6 
0 1.50457 6 
0 1.73413 6 
0 2.25961 6 
0 2.26042 6 
0 2.2605 6 
0 2.2639 6 
0 inf 6 
0 0.0309377 7 
0 0.0364219 7 
0 0.0407749 7 
0 0.0427807 7 
0 0.0452625 7 
0 0.0479632 7 
0 0.0508517 7 
0 0.0508626 7 
0 0.0508626 7 
0 0.0516724 7 
0 0.0521575 7 
0 0.0529561 7 
0 0.0540503 7 
0 0.054523 7 
0 0.0546755 7 
0 0.0551347 7 
0 0.0580958 7 
0 0.0603657 7 
0 0.0628159 7 
0 0.0632173 7 
0 0.0651776 7 
0 0.0677059 7 
0 0.0677065 7 
0 0.0689339 7 
0 0.0696609 7 
0 0.0699021 7 
0 0.0707386 7 
0 0.0738673 7 
0 0.0792482 7 
0 0.0817552 7 
0 0.0829727 7 
0 0.0870212 7 
0 0.0884579 7 
0 0.102526 7 
0 0.109572 7 
0 0.126631 7 
0 0.142658 7 
0 0.145575 7 
0 0.181596 7 
0 0.185151 7 
0 0.218198 7 
0 0.266977 7 
0 0.305262 7 
0 0.327789 7 
0 0.329118 7 
0 0.329118 7 
0 0.355491 7 
0 0.380813 7 
0 0.3811 7 
0 0.381307 7 
0 0.388172 7 
0 0.394565 7 
0 0.446871 7 
0 0.451881 7 
0 0.467639 7 
0 0.468446 7 
0 0.470734 7 
0 0.489764 7 
0 0.497199 7 
0 0.501821 7 
0 0.516395 7 
0 0.519249 7 
0 0.526394 7 
0 0.537344 7 
0 0.541441 7 
0 0.545531 7 
0 0.547866 7 
0 0.624476 7 
0 0.630811 7 
0 0.632097 7 
0 0.633004 7 
0 0.633004 7 
0 0.638258 7 
0 0.648695 7 
0 0.652412 7 
0 0.687562 7 
0 0.715558 7 
0 0.722749 7 
0 0.723027 7 
0 0.738795 7 
0 0.739614 7 
0 0.792231 7 
0 0.821419 7 
0 0.835375 7 
0 0.862888 7 
0 0.863275 7 
0 0.920678 7 
0 1.09531 7 
0 1.15463 7 
0 1.15687 7 
0 1.15698 7 
0 1.17683 7 
0 1.18653 7 
0 1.19893 7 
0 1.20748 7 
0 1.22096 7 
0 1.2453 7 
0 1.25248 7 
0 1.28467 7 
0 1.37435 7 
0 1.47839 7 
0 1.72907 7 
0 1.73796 7 
0 1.73953 7 
0 1.75401 7 
0 1.7712 7 
0 1.78306 7 
0 inf 7 
0 0.0289758 8 
0 0.0342794 8 
0 0.0419922 8 
0 0.0500182 8 
0 0.0508521 8 
0 0.053429 8 
0 0.0609206 8 
0 0.0628183 8 
0 0.0647922 8 
0 0.0654363 8 
0 0.0678305 8 
0 0.0731885 8 
0 0.0757802 8 
0 0.0757822 8 
0 0.0765546 8 
0 0.0765548 8 
0 0.0788247 8 
0 0.0795619 8 
0 0.083073 8 
0 0.0834772 8 
0 0.0854656 8 
0 0.0888417 8 
0 0.0932677 8 
0 0.0964485 8 
0 0.0991905 8 
0 0.0991957 8 
0 0.0997882 8 
0 0.105597 8 
0 0.141624 8 
0 0.153054 8 
0 0.212887 8 
0 0.214017 8 
0 0.219377 8 
0 0.254551 8 
0 0.258739 8 
0 0.263336 8 
0 0.269624 8 
0 0.270866 8 
0 0.296809 8 
0 0.347158 8 
0 0.355775 8 
0 0.366958 8 
0 0.367986 8 
0 0.379992 8 
0 0.383271 8 
0 0.390182 8 
0 0.391553 8 
0 0.396842 8 
0 0.402482 8 
0 0.40342 8 
0 0.468253 8 
0 0.470181 8 
0 0.470451 8 
0 0.47136 8 
0 0.472569 8 
0 0.475737 8 
0 0.478254 8 
0 0.536842 8 
0 0.539001 8 
0 0.543804 8 
0 0.548133 8 
0 0.551165 8 
0 0.562608 8 
0 0.583392 8 
0 0.610043 8 
0 0.613573 8 
0 0.615909 8 
0 0.619822 8 
0 0.631911 8 
0 0.651381 8 
0 0.656017 8 
0 0.657995 8 
0 0.659693 8 
0 0.705594 8 
0 0.709948 8 
0 0.714568 8 
0 0.714815 8 
0 0.753906 8 
0 0.772606 8 
0 0.819814 8 
0 0.86624 8 
0 0.997339 8 
0 1.13469 8 
0 1.15545 8 
0 1.15545 8 
0 1.15702 8 
0 1.18898 8 
0 1.19564 8 
0 1.19943 8 
0 1.20083 8 
0 1.23964 8 
0 1.2732 8 
0 1.3553 8 
0 1.47056 8 
0 1.50121 8 
0 1.50164 8 
0 1.50209 8 
0 1.67885 8 
0 1.70241 8 
0 1.7029 8 
0 1.70547 8 
0 1.7312 8 
0 1.76589 8 
0 inf 8 
0 0.0245853 9 
0 0.0425846 9 
0 0.0447049 9 
0 0.0454489 9 
0 0.0465418 9 
0 0.0546641 9 
0 0.0575145 9 
0 0.0582391 9 
0 0.0614641 9 
0 0.0645349 9 
0 0.0775354 9 
0 0.0826728 9 
0 0.0833796 9 
0 0.0842809 9 
0 0.0852663 9 
0 0.0888405 9 
0 0.0891165 9 
0 0.091906 9 
0 0.099957 9 
0 0.127786 9 
0 0.129716 9 
0 0.145631 9 
0 0.165439 9 
0 0.188878 9 
0 0.188879 9 
0 0.212715 9 
0 0.21366 9 
0 0.217448 9 
0 0.218966 9 
0 0.221368 9 
0 0.224979 9 
0 0.244903 9 
0 0.252273 9 
0 0.278973 9 
0 0.287114 9 
0 0.292319 9 
0 0.314126 9 
0 0.328778 9 
0 0.334449 9 
0 0.354214 9 
0 0.392839 9 
0 0.410539 9 
0 0.412681 9 
0 0.413007 9 
0 0.44523 9 
0 0.451298 9 
0 0.471063 9 
0 0.487795 9 
0 0.49531 9 
0 0.497474 9 
0 0.522474 9 
0 0.535997 9 
0 0.540121 9 
0 0.541374 9 
0 0.557747 9 
0 0.559593 9 
0 0.562937 9 
0 0.572345 9 
0 0.586353 9 
0 0.60234 9 
0 0.60401 9 
0 0.62191 9 
0 0.633716 9 
0 0.644823 9 
0 0.647045 9 
0 0.648859 9 
0 0.681688 9 
0 0.698581 9 
0 0.699158 9 
0 0.71577 9 
0 0.722611 9 
0 0.73046 9 
0 0.753998 9 
0 0.764386 9 
0 0.811574 9 
0 0.817841 9 
0 0.821087 9 
0 0.839807 9 
0 0.86849 9 
0 0.931861 9 
0 0.996634 9 
0 1.06129 9 
0 1.13384 9 
0 1.15596 9 
0 1.15759 9 
0 1.16208 9 
0 1.1819 9 
0 1.1845 9 
0 1.19161 9 
0 1.19908 9 
0 1.21704 9 
0 1.44762 9 
0 1.5173 9 
0 1.65706 9 
0 1.70288 9 
0 1.70296 9 
0 1.70798 9 
0 1.71041 9 
0 1.71088 9 
0 inf 9 
0 0.0350118 10 
0 0.0361898 10 
0 0.0445149 10 
0 0.0484843 10 
0 0.0604985 10 
0 0.0658231 10 
0 0.0701454 10 
0 0.0707423 10 
0 0.072264 10 
0 0.0723838 10 
0 0.0770943 10 
0 0.0876003 10 
0 0.0917243 10 
0 0.118799 10 
0 0.141892 10 
0 0.14689 10 
0 0.146947 10 
0 0.170757 10 
0 0.185961 10 
0 0.186813 10 
0 0.188792 10 
0 0.195091 10 
0 0.207413 10 
0 0.220189 10 
0 0.232215 10 
0 0.242111 10 
0 0.242128 10 
0 0.263718 10 
0 0.270297 10 
0 0.291559 10 
0 0.301664 10 
0 0.310551 10 
0 0.337674 10 
0 0.348466 10 
0 0.350747 10 
0 0.352837 10 
0 0.364627 10 
0 0.371386 10 
0 0.373522 10 
0 0.408842 10 
0 0.409335 10 
0 0.415671 10 
0 0.426819 10 
0 0.43058 10 
0 0.454128 10 
0 0.4763 10 
0 0.477253 10 
0 0.478196 10 
0 0.478985 10 
0 0.481816 10 
0 0.486283 10 
0 0.499074 10 
0 0.499637 10 
0 0.556953 10 
0 0.557857 10 
0 0.55946 10 
0 0.562828 10 
0 0.576673 10 
0 0.584092 10 
0 0.584781 10 
0 0.631622 10 
0 0.631821 10 
0 0.637203 10 
0 0.668128 10 
0 0.670088 10 
0 0.670689 10 
0 0.692128 10 
0 0.692953 10 
0 0.761642 10 
0 0.762191 10 
0 0.783184 10 
0 0.912334 10 
0 0.980877 10 
0 1.08639 10 
0 1.09237 10 
0 1.12219 10 
0 1.12234 10 
0 1.14711 10 
0 1.15283 10 
0 1.15371 10 
0 1.1605 10 
0 1.21762 10 
0 1.22092 10 
0 1.22094 10 
0 1.28444 10 
0 1.28458 10 
0 1.42272 10 
0 1.43771 10 
0 1.54005 10 
0 1.55959 10 
0 1.70303 10 
0 1.70461 10 
0 1.72593 10 
0 1.83547 10 
0 1.83548 10 
0 inf 10 
0 0.0401502 11 
0 0.050851 11 
0 0.053587 11 
0 0.0563341 11 
0 0.0707387 11 
0 0.0786086 11 
0 0.0873104 11 
0 0.0985182 11 
0 0.106073 11 
0 0.115681 11 
0 0.135689 11 
0 0.167578 11 
0 0.170952 11 
0 0.17353 11 
0 0.178181 11 
0 0.184795 11 
0 0.200119 11 
0 0.203532 11 
0 0.232107 11 
0 0.232107 11 
0 0.233822 11 
0 0.250093 11 
0 0.259435 11 
0 0.29 11 
0 0.296186 11 
0 0.303759 11 
0 0.313124 11 
0 0.313321 11 
0 0.323399 11 
0 0.34114 11 
0 0.343742 11 
0 0.344938 11 
0 0.347796 11 
0 0.363695 11 
0 0.365904 11 
0 0.366706 11 
0 0.368033 11 
0 0.405375 11 
0 0.406132 11 
0 0.406182 11 
0 0.417829 11 
0 0.41809 11 
0 0.437885 11 
0 0.452458 11 
0 0.45744 11 
0 0.458816 11 
0 0.463276 11 
0 0.482135 11 
0 0.483439 11 
0 0.527032 11 
0 0.531467 11 
0 0.540257 11 
0 0.554784 11 
0 0.559606 11 
0 0.57153 11 
0 0.57153 11 
0 0.572763 11 
0 0.599204 11 
0 0.620431 11 
0 0.621094 11 
0 0.673097 11 
0 0.673135 11 
0 0.738493 11 
0 0.750592 11 
0 0.781913 11 
0 0.897244 11 
0 0.942124 11 
0 1.13156 11 
0 1.13263 11 
0 1.14568 11 
0 1.15251 11 
0 1.15262 11 
0 1.17619 11 
0 1.17642 11 
0 1.18325 11 
0 1.18694 11 
0 1.19572 11 
0 1.19616 11 
0 1.21899 11 
0 1.25488 11 
0 1.30787 11 
0 1.30816 11 
0 1.37472 11 
0 1.37756 11 
0 1.39304 11 
0 1.39355 11 
0 1.70132 11 
0 1.70138 11 
0 1.73188 11 
0 1.75124 11 
0 1.75124 11 
0 inf 11 
0 0.0540538 12 
0 0.0654365 12 
0 0.107251 12 
0 0.111168 12 
0 0.11334 12 
0 0.140375 12 
0 0.150782 12 
0 0.151007 12 
0 0.164355 12 
0 0.176446 12 
0 0.217389 12 
0 0.227209 12 
0 0.2344 12 
0 0.235215 12 
0 0.258304 12 
0 0.258467 12 
0 0.281597 12 
0 0.286914 12 
0 0.301625 12 
0 0.311512 12 
0 0.320812 12 
0 0.321706 12 
0 0.322045 12 
0 0.324679 12 
0 0.331856 12 
0 0.343972 12 
0 0.347932 12 
0 0.347933 12 
0 0.351719 12 
0 0.35916 12 
0 0.39654 12 
0 0.3977 12 
0 0.399785 12 
0 0.40025 12 
0 0.4063 12 
0 0.40779 12 
0 0.444701 12 
0 0.445154 12 
0 0.445562 12 
0 0.47434 12 
0 0.480966 12 
0 0.494591 12 
0 0.502591 12 
0 0.503876 12 
0 0.505789 12 
0 0.538648 12 
0 0.542196 12 
0 0.551651 12 
0 0.556369 12 
0 0.602717 12 
0 0.607158 12 
0 0.625369 12 
0 0.627231 12 
0 0.627512 12 
0 0.642123 12 
0 0.642947 12 
0 0.647893 12 
0 0.648036 12 
0 0.721648 12 
0 0.745902 12 
0 0.762786 12 
0 0.859799 12 
0 0.878807 12 
0 0.87895 12 
0 0.892657 12 
0 0.961299 12 
0 0.972137 12 
0 1.15438 12 
0 1.1544 12 
0 1.15454 12 
0 1.15489 12 
0 1.15629 12 
0 1.20004 12 
0 1.20604 12 
0 1.20607 12 
0 1.21186 12 
0 1.22561 12 
0 1.26602 12 
0 1.3238 12 
0 1.33444 12 
0 1.51974 12 
0 1.52936 12 
0 1.70118 12 
0 1.70118 12 
0 1.72842 12 
0 1.72889 12 
0 1.72958 12 
0 inf 12 
0 0.0776403 13 
0 0.142538 13 
0 0.146919 13 
0 0.15393 13 
0 0.176059 13 
0 0.219066 13 
0 0.222053 13 
0 0.223167 13 
0 0.223372 13 
0 0.244699 13 
0 0.251138 13 
0 0.254854 13 
0 0.262614 13 
0 0.268066 13 
0 0.280462 13 
0 0.314554 13 
0 0.332011 13 
0 0.33239 13 
0 0.339993 13 
0 0.340315 13 
0 0.346626 13 
0 0.368413 13 
0 0.377662 13 
0 0.38199 13 
0 0.384011 13 
0 0.3868 13 
0 0.392254 13 
0 0.415264 13 
0 0.418832 13 
0 0.419313 13 
0 0.431372 13 
0 0.469779 13 
0 0.473543 13 
0 0.47878 13 
0 0.492275 13 
0 0.509555 13 
0 0.51074 13 
0 0.516884 13 
0 0.532871 13 
0 0.534382 13 
0 0.54802 13 
0 0.574916 13 
0 0.579498 13 
0 0.579498 13 
0 0.58876 13 
0 0.588817 13 
0 0.589031 13 
0 0.594476 13 
0 0.611443 13 
0 0.611732 13 
0 0.612061 13 
0 0.61569 13 
0 0.644904 13 
0 0.645944 13 
0 0.647048 13 
0 0.648099 13 
0 0.735336 13 
0 0.759068 13 
0 0.791311 13 
0 0.792551 13 
0 0.792594 13 
0 0.80134 13 
0 0.818728 13 
0 0.916281 13 
0 1.07522 13 
0 1.07522 13 
0 1.08594 13 
0 1.1278 13 
0 1.12798 13 
0 1.12926 13 
0 1.15219 13 
0 1.15251 13 
0 1.19223 13 
0 1.19235 13 
0 1.19366 13 
0 1.40175 13 
0 1.44182 13 
0 1.44972 13 
0 1.70195 13 
0 1.70287 13 
0 1.70841 13 
0 1.70888 13 
0 1.70943 13 
0 inf 13 
0 0.0628186 14 
0 0.066198 14 
0 0.0908923 14 
0 0.108119 14 
0 0.143687 14 
0 0.153766 14 
0 0.212703 14 
0 0.229254 14 
0 0.2325 14 
0 0.244629 14 
0 0.249968 14 
0 0.258059 14 
0 0.275747 14 
0 0.281418 14 
0 0.291217 14 
0 0.305366 14 
0 0.307093 14 
0 0.307176 14 
0 0.315145 14 
0 0.319822 14 
0 0.331314 14 
0 0.337943 14 
0 0.347775 14 
0 0.357133 14 
0 0.35779 14 
0 0.35854 14 
0 0.37853 14 
0 0.37853 14 
0 0.38171 14 
0 0.384078 14 
0 0.396906 14 
0 0.397159 14 
0 0.397265 14 
0 0.399719 14 
0 0.404744 14 
0 0.42883 14 
0 0.471325 14 
0 0.475401 14 
0 0.486243 14 
0 0.486996 14 
0 0.533486 14 
0 0.537985 14 
0 0.539823 14 
0 0.540835 14 
0 0.541207 14 
0 0.571427 14 
0 0.584465 14 
0 0.610586 14 
0 0.611087 14 
0 0.611417 14 
0 0.61361 14 
0 0.684308 14 
0 0.710256 14 
0 0.713794 14 
0 0.734399 14 
0 0.756474 14 
0 0.756822 14 
0 0.759612 14 
0 0.760761 14 
0 0.774239 14 
0 0.775539 14 
0 0.776783 14 
0 0.79454 14 
0 0.794794 14 
0 0.796651 14 
0 1.0588 14 
0 1.1544 14 
0 1.15476 14 
0 1.16215 14 
0 1.1644 14 
0 1.1644 14 
0 1.44086 14 
0 1.44162 14 
0 1.44248 14 
0 1.70156 14 
0 1.70342 14 
0 1.74494 14 
0 1.74518 14 
0 1.74595 14 
0 inf 14 
0 0.0350092 15 
0 0.0951334 15 
0 0.0963622 15 
0 0.0963627 15 
0 0.0974977 15 
0 0.124192 15 
0 0.220456 15 
0 0.22771 15 
0 0.244303 15 
0 0.246236 15 
0 0.254853 15 
0 0.26582 15 
0 0.270976 15 
0 0.271749 15 
0 0.278494 15 
0 0.28641 15 
0 0.288461 15 
0 0.294581 15 
0 0.296957 15 
0 0.297792 15 
0 0.297793 15 
0 0.297793 15 
0 0.298761 15 
0 0.298901 15 
0 0.299799 15 
0 0.316524 15 
0 0.334039 15 
0 0.334943 15 
0 0.335018 15 
0 0.336144 15 
0 0.33704 15 
0 0.337371 15 
0 0.356005 15 
0 0.367242 15 
0 0.369089 15 
0 0.37068 15 
0 0.371201 15 
0 0.371269 15 
0 0.445023 15 
0 0.446078 15 
0 0.44668 15 
0 0.471392 15 
0 0.487158 15 
0 0.543862 15 
0 0.550371 15 
0 0.598812 15 
0 0.599316 15 
0 0.599316 15 
0 0.722554 15 
0 0.727636 15 
0 0.774942 15 
0 0.839862 15 
0 0.886737 15 
0 1.06946 15 
0 1.07012 15 
0 1.07023 15 
0 1.11938 15 
0 1.15438 15 
0 1.21446 15 
0 1.21473 15 
0 1.21542 15 
0 1.25403 15 
0 1.25403 15 
0 1.2544 15 
0 1.41048 15 
0 1.44148 15 
0 1.44156 15 
0 1.49201 15 
0 1.51159 15 
0 1.51224 15 
0 1.70243 15 
0 1.81564 15 
0 1.8158 15 
0 1.81695 15 
0 1.92017 15 
0 inf 15 
0 0.0352501 16 
0 0.079352 16 
0 0.0937131 16 
0 0.103746 16 
0 0.173983 16 
0 0.240194 16 
0 0.27605 16 
0 0.27799 16 
0 0.280994 16 
0 0.281329 16 
0 0.28171 16 
0 0.292319 16 
0 0.299764 16 
0 0.305899 16 
0 0.307564 16 
0 0.307673 16 
0 0.308195 16 
0 0.308522 16 
0 0.31134 16 
0 0.312035 16 
0 0.312976 16 
0 0.316161 16 
0 0.318359 16 
0 0.319281 16 
0 0.325819 16 
0 0.325948 16 
0 0.326611 16 
0 0.326739 16 
0 0.326739 16 
0 0.330324 16 
0 0.333284 16 
0 0.344488 16 
0 0.345584 16 
0 0.349233 16 
0 0.350792 16 
0 0.372611 16 
0 0.40438 16 
0 0.405685 16 
0 0.405913 16 
0 0.492678 16 
0 0.509847 16 
0 0.513048 16 
0 0.51349 16 
0 0.555534 16 
0 0.603813 16 
0 0.80209 16 
0 0.834506 16 
0 0.860743 16 
0 0.893249 16 
0 0.930849 16 
0 0.988181 16 
0 1.04503 16 
0 1.06419 16 
0 1.06646 16 
0 1.15559 16 
0 1.15562 16 
0 1.15566 16 
0 1.15746 16 
0 1.28374 16 
0 1.29468 16 
0 1.295 16 
0 1.31111 16 
0 1.31152 16 
0 1.31173 16 
0 1.31597 16 
0 1.31779 16 
0 1.31792 16 
0 1.70619 16 
0 1.73962 16 
0 1.74115 16 
0 1.74136 16 
0 inf 16 
0 0.0835781 17 
0 0.164712 17 
0 0.167741 17 
0 0.170719 17 
0 0.218045 17 
0 0.280253 17 
0 0.285565 17 
0 0.286885 17 
0 0.299294 17 
0 0.299322 17 
0 0.300191 17 
0 0.300218 17 
0 0.302512 17 
0 0.309535 17 
0 0.313845 17 
0 0.3147 17 
0 0.317556 17 
0 0.320084 17 
0 0.320373 17 
0 0.332528 17 
0 0.333738 17 
0 0.336668 17 
0 0.337042 17 
0 0.337247 17 
0 0.337247 17 
0 0.337272 17 
0 0.337545 17 
0 0.347711 17 
0 0.348507 17 
0 0.348675 17 
0 0.349637 17 
0 0.447128 17 
0 0.526292 17 
0 0.526292 17 
0 0.526292 17 
0 0.527487 17 
0 0.562264 17 
0 0.576882 17 
0 0.578002 17 
0 0.578466 17 
0 0.688226 17 
0 0.829762 17 
0 0.830712 17 
0 0.831748 17 
0 0.832338 17 
0 0.893747 17 
0 1.01191 17 
0 1.08407 17 
0 1.097 17 
0 1.09773 17 
0 1.10422 17 
0 1.13267 17 
0 1.13297 17 
0 1.13368 17 
0 1.1339 17 
0 1.15509 17 
0 1.2056 17 
0 1.20582 17 
0 1.20602 17 
0 1.24315 17 
0 1.45932 17 
0 1.53599 17 
0 1.53615 17 
0 1.70579 17 
0 1.71056 17 
0 1.71075 17 
0 1.71083 17 
0 inf 17 
0 0.0521699 18 
0 0.0669688 18 
0 0.0744492 18 
0 0.121316 18 
0 0.126798 18 
0 0.12916 18 
0 0.193434 18 
0 0.216377 18 
0 0.216842 18 
0 0.22412 18 
0 0.289072 18 
0 0.290086 18 
0 0.290809 18 
0 0.309469 18 
0 0.309469 18 
0 0.31631 18 
0 0.328284 18 
0 0.330197 18 
0 0.33182 18 
0 0.344732 18 
0 0.344927 18 
0 0.344927 18 
0 0.366918 18 
0 0.366986 18 
0 0.368083 18 
0 0.442121 18 
0 0.458772 18 
0 0.469583 18 
0 0.47044 18 
0 0.546581 18 
0 0.549355 18 
0 0.549431 18 
0 0.551551 18 
0 0.580814 18 
0 0.598025 18 
0 0.598867 18 
0 0.599945 18 
0 0.616018 18 
0 0.61997 18 
0 0.620092 18 
0 0.84854 18 
0 0.924443 18 
0 0.946931 18 
0 0.998067 18 
0 1.00106 18 
0 1.00166 18 
0 1.01371 18 
0 1.0599 18 
0 1.06026 18 
0 1.16074 18 
0 1.16472 18 
0 1.16814 18 
0 1.16814 18 
0 1.1742 18 
0 1.24632 18 
0 1.52952 18 
0 1.53896 18 
0 1.54 18 
0 1.57811 18 
0 1.70721 18 
0 1.70805 18 
0 1.70845 18 
0 1.70853 18 
0 inf 18 
0 0.089601 19 
0 0.0900695 19 
0 0.0907197 19 
0 0.116948 19 
0 0.117163 19 
0 0.118446 19 
0 0.15052 19 
0 0.151687 19 
0 0.153667 19 
0 0.280342 19 
0 0.283203 19 
0 0.284357 19 
0 0.316497 19 
0 0.316497 19 
0 0.316709 19 
0 0.33022 19 
0 0.33499 19 
0 0.337189 19 
0 0.341625 19 
0 0.341993 19 
0 0.342582 19 
0 0.346403 19 
0 0.348722 19 
0 0.349804 19 
0 0.399297 19 
0 0.399739 19 
0 0.403397 19 
0 0.55695 19 
0 0.557899 19 
0 0.558275 19 
0 0.63215 19 
0 0.632223 19 
0 0.632277 19 
0 0.632396 19 
0 0.634875 19 
0 0.634875 19 
0 0.662401 19 
0 0.664261 19 
0 0.666192 19 
0 0.732981 19 
0 0.980301 19 
0 0.983311 19 
0 1.01078 19 
0 1.01488 19 
0 1.10584 19 
0 1.1317 19 
0 1.15371 19 
0 1.15903 19 
0 1.17713 19 
0 1.17746 19 
0 1.17749 19 
0 1.26747 19 
0 1.35517 19 
0 1.42489 19 
0 1.52827 19 
0 1.71606 19 
0 1.71654 19 
0 1.7167 19 
0 2.9576 19 
0 inf 19 
0 0.106548 20 
0 0.107723 20 
0 0.112974 20 
0 0.139051 20 
0 0.139052 20 
0 0.140732 20 
0 0.187304 20 
0 0.206127 20 
0 0.20771 20 
0 0.24444 20 
0 0.24444 20 
0 0.289623 20 
0 0.291529 20 
0 0.291846 20 
0 0.32155 20 
0 0.323217 20 
0 0.324228 20 
0 0.350689 20 
0 0.351908 20 
0 0.352766 20 
0 0.394014 20 
0 0.396737 20 
0 0.398953 20 
0 0.399184 20 
0 0.401525 20 
0 0.401549 20 
0 0.402193 20 
0 0.402923 20 
0 0.406351 20 
0 0.424753 20 
0 0.469803 20 
0 0.558243 20 
0 0.558484 20 
0 0.55892 20 
0 0.576717 20 
0 0.5774 20 
0 0.578113 20 
0 0.636307 20 
0 0.638046 20 
0 0.638151 20 
0 0.667625 20 
0 0.668027 20 
0 0.733079 20 
0 1.07696 20 
0 1.08036 20 
0 1.12824 20 
0 1.14999 20 
0 1.15111 20 
0 1.15753 20 
0 1.16069 20 
0 1.16139 20 
0 1.49655 20 
0 1.72435 20 
0 1.72558 20 
0 1.9412 20 
0 inf 20 
