0 0.016548 1 
0 0.0178739 1 
0 0.0196915 1 
0 0.0224031 1 
0 0.0224046 1 
0 0.0224061 1 
0 0.0229199 1 
0 0.0243694 1 
0 0.0252768 1 
0 0.0261638 1 
0 0.0265961 1 
0 0.0265965 1 
0 0.0266086 1 
0 0.0278527 1 
0 0.0294461 1 
0 0.029832 1 
0 0.0323973 1 
0 0.0323977 1 
0 0.0323977 1 
0 0.0330995 1 
0 0.0337771 1 
0 0.0351028 1 
0 0.0360646 1 
0 0.036379 1 
0 0.0370009 1 
0 0.0370038 1 
0 0.0379162 1 
0 0.0391028 1 
0 0.0396816 1 
0 0.0399657 1 
0 0.0399657 1 
0 0.0399685 1 
0 0.0402506 1 
0 0.0402568 1 
0 0.0405361 1 
0 0.0408167 1 
0 0.0410959 1 
0 0.041639 1 
0 0.0416403 1 
0 0.0421865 1 
0 0.0421954 1 
0 0.0424574 1 
0 0.0427245 1 
0 0.0427301 1 
0 0.0435237 1 
0 0.0440401 1 
0 0.0440456 1 
0 0.0455652 1 
0 0.0472852 1 
0 0.0475346 1 
0 0.047769 1 
0 0.0494051 1 
0 0.0494182 1 
0 0.0507826 1 
0 0.0527624 1 
0 0.0529875 1 
0 0.0534009 1 
0 0.0544574 1 
0 0.0550901 1 
0 0.0555093 1 
0 0.0567265 1 
0 0.0569217 1 
0 0.0571296 1 
0 0.0571296 1 
0 0.0573308 1 
0 0.0579173 1 
0 0.058506 1 
0 0.0592812 1 
0 0.0594736 1 
0 0.0604215 1 
0 0.0714973 1 
0 0.0719761 1 
0 0.0807813 1 
0 0.0836963 1 
0 0.0869073 1 
0 0.087303 1 
0 0.0968402 1 
0 0.0970815 1 
0 0.0997444 1 
0 0.100995 1 
0 0.105091 1 
0 0.105413 1 
0 0.107666 1 
0 0.10851 1 
0 0.120849 1 
0 0.130212 1 
0 0.132728 1 
0 0.137623 1 
0 0.138369 1 
0 0.142108 1 
0 0.158361 1 
0 0.160434 1 
0 0.162556 1 
0 0.165271 1 
0 0.185132 1 
0 0.18599 1 
0 0.186479 1 
0 0.189394 1 
0 0.192624 1 
0 0.197592 1 
0 0.241268 1 
0 0.280665 1 
0 0.311151 1 
0 0.32954 1 
0 0.405107 1 
0 0.466347 1 
0 0.488413 1 
0 0.489166 1 
0 0.526046 1 
0 0.61169 1 
0 0.617792 1 
0 0.668371 1 
0 0.678876 1 
0 0.694277 1 
0 0.70581 1 
0 0.738043 1 
0 0.841361 1 
0 0.882986 1 
0 0.912067 1 
0 0.95762 1 
0 1.33039 1 
0 1.38447 1 
0 1.50008 1 
0 2.33101 1 
0 2.49252 1 
0 2.58272 1 
0 2.70013 1 
0 3.74585 1 
0 4.15217 1 
0 4.23364 1 
0 4.30773 1 
0 inf 1 
0 0.0095535 2 
0 0.0172226 2 
0 0.0172226 2 
0 0.0208195 2 
0 0.0213701 2 
0 0.0243615 2 
0 0.0248209 2 
0 0.0252764 2 
0 0.026164 2 
0 0.0278524 2 
0 0.0313263 2 
0 0.032398 2 
0 0.0337774 2 
0 0.0363798 2 
0 0.0370036 2 
0 0.0373074 2 
0 0.0379187 2 
0 0.0388095 2 
0 0.0393963 2 
0 0.0410934 2 
0 0.0419201 2 
0 0.042183 2 
0 0.0421839 2 
0 0.0421877 2 
0 0.0435182 2 
0 0.0448127 2 
0 0.0448172 2 
0 0.0455708 2 
0 0.0463098 2 
0 0.0475286 2 
0 0.0480175 2 
0 0.0484782 2 
0 0.0489453 2 
0 0.0491803 2 
0 0.0500989 2 
0 0.0503277 2 
0 0.0507789 2 
0 0.051003 2 
0 0.051229 2 
0 0.0516796 2 
0 0.0518906 2 
0 0.0518912 2 
0 0.0529781 2 
0 0.0534036 2 
0 0.0542573 2 
0 0.0544644 2 
0 0.054466 2 
0 0.0544668 2 
0 0.0546759 2 
0 0.0555033 2 
0 0.0557075 2 
0 0.0563231 2 
0 0.0583097 2 
0 0.0588925 2 
0 0.0624661 2 
0 0.0628262 2 
0 0.064982 2 
0 0.0667046 2 
0 0.0670458 2 
0 0.0675538 2 
0 0.0714944 2 
0 0.0786414 2 
0 0.0838385 2 
0 0.0854526 2 
0 0.0859861 2 
0 0.0867759 2 
0 0.0896277 2 
0 0.0950594 2 
0 0.0978975 2 
0 0.101898 2 
0 0.10542 2 
0 0.111005 2 
0 0.117208 2 
0 0.118369 2 
0 0.128801 2 
0 0.131779 2 
0 0.141224 2 
0 0.145838 2 
0 0.150454 2 
0 0.156773 2 
0 0.160008 2 
0 0.170641 2 
0 0.180894 2 
0 0.183021 2 
0 0.184512 2 
0 0.192087 2 
0 0.199201 2 
0 0.206901 2 
0 0.266012 2 
0 0.27533 2 
0 0.284774 2 
0 0.324824 2 
0 0.374004 2 
0 0.375311 2 
0 0.398351 2 
0 0.498671 2 
0 0.518543 2 
0 0.52001 2 
0 0.532156 2 
0 0.574681 2 
0 0.58476 2 
0 0.589253 2 
0 0.674098 2 
0 0.702204 2 
0 0.702658 2 
0 0.705784 2 
0 0.708171 2 
0 0.724212 2 
0 0.741044 2 
0 0.74796 2 
0 0.756518 2 
0 0.776099 2 
0 0.802894 2 
0 0.804453 2 
0 1.27016 2 
0 1.69401 2 
0 1.95906 2 
0 2.12402 2 
0 2.29854 2 
0 2.82171 2 
0 3.03644 2 
0 3.1981 2 
0 3.26203 2 
0 3.2806 2 
0 3.28252 2 
0 3.44952 2 
0 3.71917 2 
0 inf 2 
0 0.0224031 3 
0 0.0298309 3 
0 0.0302107 3 
0 0.0302108 3 
0 0.0313262 3 
0 0.0313339 3 
0 0.0327482 3 
0 0.033098 3 
0 0.0334371 3 
0 0.0337771 3 
0 0.0341124 3 
0 0.034451 3 
0 0.0360648 3 
0 0.0363798 3 
0 0.0373085 3 
0 0.0376131 3 
0 0.0379153 3 
0 0.0391003 3 
0 0.0402473 3 
0 0.0402552 3 
0 0.0410901 3 
0 0.0424574 3 
0 0.0424603 3 
0 0.0424618 3 
0 0.0442999 3 
0 0.0445582 3 
0 0.0450594 3 
0 0.0455673 3 
0 0.04557 3 
0 0.0475314 3 
0 0.0475317 3 
0 0.047777 3 
0 0.0500949 3 
0 0.0501048 3 
0 0.0507779 3 
0 0.0512309 3 
0 0.0521111 3 
0 0.0529776 3 
0 0.0534089 3 
0 0.0552982 3 
0 0.0561148 3 
0 0.056117 3 
0 0.056723 3 
0 0.0569249 3 
0 0.0600455 3 
0 0.0602347 3 
0 0.0619161 3 
0 0.063196 3 
0 0.0646218 3 
0 0.0656712 3 
0 0.066016 3 
0 0.0668786 3 
0 0.0683945 3 
0 0.0695503 3 
0 0.0738486 3 
0 0.0782029 3 
0 0.0793614 3 
0 0.0809282 3 
0 0.0853184 3 
0 0.0884778 3 
0 0.0896152 3 
0 0.0913914 3 
0 0.098127 3 
0 0.0988254 3 
0 0.114554 3 
0 0.118365 3 
0 0.124015 3 
0 0.124847 3 
0 0.129159 3 
0 0.130037 3 
0 0.14442 3 
0 0.152419 3 
0 0.16808 3 
0 0.183706 3 
0 0.193861 3 
0 0.286092 3 
0 0.29724 3 
0 0.302651 3 
0 0.303022 3 
0 0.321785 3 
0 0.380778 3 
0 0.418207 3 
0 0.434452 3 
0 0.434453 3 
0 0.444313 3 
0 0.486815 3 
0 0.511023 3 
0 0.514189 3 
0 0.528813 3 
0 0.529946 3 
0 0.539317 3 
0 0.553756 3 
0 0.567477 3 
0 0.614907 3 
0 0.640036 3 
0 0.648511 3 
0 0.649565 3 
0 0.666185 3 
0 0.672744 3 
0 0.700546 3 
0 0.726818 3 
0 0.728262 3 
0 0.731664 3 
0 0.740562 3 
0 0.752377 3 
0 0.801925 3 
0 1.11142 3 
0 1.25847 3 
0 1.37522 3 
0 1.49854 3 
0 1.5925 3 
0 1.66634 3 
0 1.67266 3 
0 1.67337 3 
0 1.80596 3 
0 2.94836 3 
0 3.04617 3 
0 3.05099 3 
0 3.05153 3 
0 3.05284 3 
0 3.25767 3 
0 3.62354 3 
0 3.63109 3 
0 inf 3 
0 0.0184999 4 
0 0.018501 4 
0 0.0224074 4 
0 0.0290526 4 
0 0.0290526 4 
0 0.0337771 4 
0 0.0344462 4 
0 0.0366927 4 
0 0.0373089 4 
0 0.04109 4 
0 0.0410913 4 
0 0.0410918 4 
0 0.0410941 4 
0 0.0413708 4 
0 0.0437803 4 
0 0.0440398 4 
0 0.0440417 4 
0 0.0440417 4 
0 0.0450669 4 
0 0.0458187 4 
0 0.046809 4 
0 0.04777 4 
0 0.0484795 4 
0 0.0491829 4 
0 0.0494117 4 
0 0.0494186 4 
0 0.0498735 4 
0 0.0498766 4 
0 0.0498788 4 
0 0.0501068 4 
0 0.0505529 4 
0 0.0523292 4 
0 0.0529785 4 
0 0.0534113 4 
0 0.0544688 4 
0 0.0590898 4 
0 0.0590898 4 
0 0.0596653 4 
0 0.0609909 4 
0 0.0615469 4 
0 0.0622814 4 
0 0.067561 4 
0 0.0700418 4 
0 0.0738471 4 
0 0.0770254 4 
0 0.0786373 4 
0 0.07936 4 
0 0.0793606 4 
0 0.0869105 4 
0 0.0880818 4 
0 0.0891137 4 
0 0.0900008 4 
0 0.0939721 4 
0 0.0951752 4 
0 0.0960091 4 
0 0.103458 4 
0 0.110492 4 
0 0.110494 4 
0 0.114549 4 
0 0.118368 4 
0 0.126119 4 
0 0.12648 4 
0 0.128005 4 
0 0.130814 4 
0 0.156697 4 
0 0.195678 4 
0 0.201259 4 
0 0.275446 4 
0 0.33297 4 
0 0.381765 4 
0 0.404171 4 
0 0.414844 4 
0 0.441493 4 
0 0.442745 4 
0 0.444886 4 
0 0.471113 4 
0 0.499352 4 
0 0.523403 4 
0 0.523728 4 
0 0.529647 4 
0 0.541001 4 
0 0.548811 4 
0 0.57519 4 
0 0.579046 4 
0 0.587697 4 
0 0.595886 4 
0 0.599291 4 
0 0.609486 4 
0 0.619723 4 
0 0.66519 4 
0 0.670972 4 
0 0.671176 4 
0 0.677039 4 
0 0.680093 4 
0 0.681322 4 
0 0.77024 4 
0 0.77075 4 
0 0.837199 4 
0 0.911616 4 
0 1.09963 4 
0 1.1443 4 
0 1.27842 4 
0 1.35053 4 
0 1.36853 4 
0 1.36904 4 
0 1.36911 4 
0 1.36968 4 
0 1.37174 4 
0 1.37185 4 
0 1.59939 4 
0 1.76811 4 
0 1.81049 4 
0 2.58326 4 
0 2.6382 4 
0 2.72011 4 
0 2.78159 4 
0 2.99159 4 
0 2.99287 4 
0 2.99313 4 
0 inf 4 
0 0.0248178 5 
0 0.0248191 5 
0 0.0286632 5 
0 0.0309563 5 
0 0.0341122 5 
0 0.0341178 5 
0 0.0388079 5 
0 0.0402511 5 
0 0.0405315 5 
0 0.0413683 5 
0 0.0416438 5 
0 0.0432571 5 
0 0.0442991 5 
0 0.0445533 5 
0 0.0445563 5 
0 0.0453154 5 
0 0.0455656 5 
0 0.0455668 5 
0 0.0463139 5 
0 0.046316 5 
0 0.0465642 5 
0 0.0475285 5 
0 0.0482439 5 
0 0.0510065 5 
0 0.0518871 5 
0 0.0521095 5 
0 0.0523267 5 
0 0.0552973 5 
0 0.0563198 5 
0 0.0571224 5 
0 0.0585036 5 
0 0.0588976 5 
0 0.0592838 5 
0 0.0613635 5 
0 0.0613658 5 
0 0.0665353 5 
0 0.0667105 5 
0 0.0668796 5 
0 0.0692303 5 
0 0.0705298 5 
0 0.0706941 5 
0 0.0713301 5 
0 0.0809257 5 
0 0.0839661 5 
0 0.0841087 5 
0 0.0845117 5 
0 0.0892418 5 
0 0.0918904 5 
0 0.0922589 5 
0 0.0922604 5 
0 0.103231 5 
0 0.110074 5 
0 0.119038 5 
0 0.119616 5 
0 0.119985 5 
0 0.121134 5 
0 0.135285 5 
0 0.151962 5 
0 0.180388 5 
0 0.273784 5 
0 0.318003 5 
0 0.370628 5 
0 0.377254 5 
0 0.37777 5 
0 0.39954 5 
0 0.455758 5 
0 0.46986 5 
0 0.470539 5 
0 0.484174 5 
0 0.517946 5 
0 0.519481 5 
0 0.5246 5 
0 0.530435 5 
0 0.534036 5 
0 0.534509 5 
0 0.538508 5 
0 0.539079 5 
0 0.553571 5 
0 0.573822 5 
0 0.588777 5 
0 0.608865 5 
0 0.615575 5 
0 0.617794 5 
0 0.646413 5 
0 0.679509 5 
0 0.683644 5 
0 0.683694 5 
0 0.750174 5 
0 0.768571 5 
0 0.85068 5 
0 0.856743 5 
0 0.86484 5 
0 0.879484 5 
0 0.881972 5 
0 0.886912 5 
0 0.900518 5 
0 1.2267 5 
0 1.29026 5 
0 1.60324 5 
0 1.74961 5 
0 1.75969 5 
0 1.82034 5 
0 1.82074 5 
0 1.82516 5 
0 1.84269 5 
0 1.87704 5 
0 1.87885 5 
0 1.89173 5 
0 1.89174 5 
0 1.9369 5 
0 1.93803 5 
0 1.9381 5 
0 1.94369 5 
0 1.94669 5 
0 1.95886 5 
0 inf 5 
0 0.0320458 6 
0 0.0354258 6 
0 0.0360714 6 
0 0.0360714 6 
0 0.0370051 6 
0 0.037007 6 
0 0.0390991 6 
0 0.0390997 6 
0 0.0393957 6 
0 0.039686 6 
0 0.039687 6 
0 0.0402467 6 
0 0.0416429 6 
0 0.041645 6 
0 0.042183 6 
0 0.0421888 6 
0 0.0429924 6 
0 0.0448102 6 
0 0.0470471 6 
0 0.049874 6 
0 0.0503265 6 
0 0.0512286 6 
0 0.0529786 6 
0 0.0608033 6 
0 0.0631935 6 
0 0.0639068 6 
0 0.0639106 6 
0 0.0644481 6 
0 0.0665418 6 
0 0.0692224 6 
0 0.0693873 6 
0 0.0710151 6 
0 0.0759747 6 
0 0.079217 6 
0 0.0839696 6 
0 0.0862518 6 
0 0.0863842 6 
0 0.087298 6 
0 0.0894971 6 
0 0.0905106 6 
0 0.0921338 6 
0 0.0940884 6 
0 0.094217 6 
0 0.100087 6 
0 0.105092 6 
0 0.107132 6 
0 0.109351 6 
0 0.110904 6 
0 0.131169 6 
0 0.134863 6 
0 0.193393 6 
0 0.209142 6 
0 0.276849 6 
0 0.27919 6 
0 0.329248 6 
0 0.342295 6 
0 0.342462 6 
0 0.373884 6 
0 0.377336 6 
0 0.377873 6 
0 0.378393 6 
0 0.387834 6 
0 0.391578 6 
0 0.413137 6 
0 0.423355 6 
0 0.430704 6 
0 0.469815 6 
0 0.47047 6 
0 0.494657 6 
0 0.517329 6 
0 0.567349 6 
0 0.57785 6 
0 0.581099 6 
0 0.582377 6 
0 0.589377 6 
0 0.600908 6 
0 0.603636 6 
0 0.617504 6 
0 0.641748 6 
0 0.646795 6 
0 0.65583 6 
0 0.674451 6 
0 0.683324 6 
0 0.684325 6 
0 0.750692 6 
0 0.76366 6 
0 0.829038 6 
0 0.837731 6 
0 0.83954 6 
0 0.866651 6 
0 0.883675 6 
0 1.04067 6 
0 1.25134 6 
0 1.25188 6 
0 1.30456 6 
0 1.31834 6 
0 1.35425 6 
0 1.3681 6 
0 1.36909 6 
0 1.42555 6 
0 1.45123 6 
0 1.45255 6 
0 1.45507 6 
0 1.51119 6 
0 1.72903 6 
0 1.81541 6 
0 1.85145 6 
0 2.40261 6 
0 2.40295 6 
0 2.40398 6 
0 2.41777 6 
0 inf 6 
0 0.0323971 7 
0 0.0341101 7 
0 0.0354299 7 
0 0.0360698 7 
0 0.037617 7 
0 0.0399659 7 
0 0.0399675 7 
0 0.0408203 7 
0 0.0410955 7 
0 0.0424616 7 
0 0.0427256 7 
0 0.0432574 7 
0 0.0445526 7 
0 0.0463093 7 
0 0.0463136 7 
0 0.0494089 7 
0 0.0512332 7 
0 0.0538334 7 
0 0.0552997 7 
0 0.0563169 7 
0 0.0563177 7 
0 0.057913 7 
0 0.0602378 7 
0 0.0606151 7 
0 0.0667085 7 
0 0.068727 7 
0 0.0693881 7 
0 0.071168 7 
0 0.0727612 7 
0 0.0752304 7 
0 0.0770287 7 
0 0.0792112 7 
0 0.0809264 7 
0 0.0819095 7 
0 0.0846471 7 
0 0.0916348 7 
0 0.0918869 7 
0 0.0938525 7 
0 0.0971937 7 
0 0.101785 7 
0 0.118756 7 
0 0.121411 7 
0 0.133417 7 
0 0.1413 7 
0 0.180753 7 
0 0.2552 7 
0 0.262604 7 
0 0.278536 7 
0 0.306932 7 
0 0.314429 7 
0 0.315732 7 
0 0.323158 7 
0 0.328211 7 
0 0.358513 7 
0 0.35899 7 
0 0.376469 7 
0 0.390322 7 
0 0.392918 7 
0 0.395433 7 
0 0.461606 7 
0 0.468803 7 
0 0.469168 7 
0 0.474285 7 
0 0.475941 7 
0 0.492516 7 
0 0.518761 7 
0 0.584303 7 
0 0.614446 7 
0 0.623076 7 
0 0.62357 7 
0 0.626704 7 
0 0.66494 7 
0 0.713685 7 
0 0.721364 7 
0 0.726911 7 
0 0.737895 7 
0 0.749596 7 
0 0.802642 7 
0 0.822641 7 
0 0.826957 7 
0 0.828351 7 
0 0.830759 7 
0 0.833594 7 
0 0.835879 7 
0 0.861458 7 
0 0.929124 7 
0 0.939217 7 
0 1.06604 7 
0 1.08679 7 
0 1.0877 7 
0 1.09663 7 
0 1.10948 7 
0 1.11013 7 
0 1.28391 7 
0 1.29281 7 
0 1.49883 7 
0 1.59059 7 
0 1.59766 7 
0 1.64438 7 
0 1.803 7 
0 1.80684 7 
0 1.80785 7 
0 1.81576 7 
0 1.82243 7 
0 1.84876 7 
0 1.97953 7 
0 2.37559 7 
0 inf 7 
0 0.0278483 8 
0 0.0351015 8 
0 0.0376139 8 
0 0.0376143 8 
0 0.0413755 8 
0 0.0421952 8 
0 0.044042 8 
0 0.0442982 8 
0 0.0455763 8 
0 0.047531 8 
0 0.050103 8 
0 0.0512288 8 
0 0.0516763 8 
0 0.0598585 8 
0 0.0609915 8 
0 0.0611723 8 
0 0.0646197 8 
0 0.0653236 8 
0 0.0653282 8 
0 0.0672144 8 
0 0.0787855 8 
0 0.0807856 8 
0 0.0809276 8 
0 0.0816271 8 
0 0.0861125 8 
0 0.0867772 8 
0 0.0878259 8 
0 0.0899967 8 
0 0.100087 8 
0 0.104766 8 
0 0.110388 8 
0 0.118467 8 
0 0.118847 8 
0 0.120473 8 
0 0.130905 8 
0 0.17269 8 
0 0.182213 8 
0 0.183454 8 
0 0.187689 8 
0 0.213731 8 
0 0.238267 8 
0 0.238602 8 
0 0.277838 8 
0 0.291621 8 
0 0.292286 8 
0 0.329726 8 
0 0.337624 8 
0 0.375194 8 
0 0.385415 8 
0 0.386061 8 
0 0.398659 8 
0 0.404838 8 
0 0.40886 8 
0 0.458287 8 
0 0.463124 8 
0 0.467049 8 
0 0.495699 8 
0 0.497942 8 
0 0.508552 8 
0 0.518343 8 
0 0.531007 8 
0 0.586331 8 
0 0.631329 8 
0 0.63967 8 
0 0.639902 8 
0 0.660544 8 
0 0.660544 8 
0 0.660758 8 
0 0.691801 8 
0 0.695739 8 
0 0.699992 8 
0 0.744415 8 
0 0.766378 8 
0 0.80127 8 
0 0.80127 8 
0 0.828101 8 
0 0.828101 8 
0 0.828291 8 
0 0.829613 8 
0 0.831854 8 
0 0.847801 8 
0 0.855398 8 
0 0.883865 8 
0 0.886189 8 
0 0.890477 8 
0 0.945672 8 
0 0.986503 8 
0 1.014 8 
0 1.02233 8 
0 1.04239 8 
0 1.09059 8 
0 1.11585 8 
0 1.1161 8 
0 1.20519 8 
0 1.24068 8 
0 1.25514 8 
0 1.78753 8 
0 1.78794 8 
0 1.80147 8 
0 1.80867 8 
0 1.81009 8 
0 1.85465 8 
0 1.86553 8 
0 inf 8 
0 0.0373153 9 
0 0.0405408 9 
0 0.0405443 9 
0 0.0477703 9 
0 0.0518918 9 
0 0.0553023 9 
0 0.0615452 9 
0 0.0626488 9 
0 0.0633705 9 
0 0.063731 9 
0 0.0646193 9 
0 0.0683945 9 
0 0.069224 9 
0 0.070689 9 
0 0.071494 9 
0 0.072603 9 
0 0.0746237 9 
0 0.0779025 9 
0 0.0784966 9 
0 0.0797909 9 
0 0.0853164 9 
0 0.0878211 9 
0 0.0933628 9 
0 0.105408 9 
0 0.115338 9 
0 0.115941 9 
0 0.129247 9 
0 0.139269 9 
0 0.142125 9 
0 0.14854 9 
0 0.170834 9 
0 0.21358 9 
0 0.225067 9 
0 0.226777 9 
0 0.227179 9 
0 0.246415 9 
0 0.264721 9 
0 0.271691 9 
0 0.273033 9 
0 0.297049 9 
0 0.313311 9 
0 0.320605 9 
0 0.335082 9 
0 0.373609 9 
0 0.3877 9 
0 0.388721 9 
0 0.427679 9 
0 0.427892 9 
0 0.444963 9 
0 0.448869 9 
0 0.516866 9 
0 0.555202 9 
0 0.555757 9 
0 0.577616 9 
0 0.580237 9 
0 0.585337 9 
0 0.587138 9 
0 0.608415 9 
0 0.638582 9 
0 0.639599 9 
0 0.67232 9 
0 0.672386 9 
0 0.702738 9 
0 0.70899 9 
0 0.730673 9 
0 0.749443 9 
0 0.76151 9 
0 0.770078 9 
0 0.790098 9 
0 0.793082 9 
0 0.816476 9 
0 0.816588 9 
0 0.825465 9 
0 0.827674 9 
0 0.857572 9 
0 0.875581 9 
0 0.878924 9 
0 0.886591 9 
0 0.896759 9 
0 0.919934 9 
0 0.921043 9 
0 0.935624 9 
0 0.93683 9 
0 1.06678 9 
0 1.08224 9 
0 1.10205 9 
0 1.12455 9 
0 1.12622 9 
0 1.15019 9 
0 1.31128 9 
0 1.36054 9 
0 1.36104 9 
0 1.78812 9 
0 1.7892 9 
0 1.80738 9 
0 1.87837 9 
0 1.8784 9 
0 1.97805 9 
0 1.97932 9 
0 inf 9 
0 0.0294422 10 
0 0.0337839 10 
0 0.0468036 10 
0 0.0494055 10 
0 0.0510027 10 
0 0.057925 10 
0 0.0587069 10 
0 0.0592804 10 
0 0.0640951 10 
0 0.0702003 10 
0 0.0751089 10 
0 0.0780514 10 
0 0.0786302 10 
0 0.0819121 10 
0 0.0826014 10 
0 0.0898704 10 
0 0.104434 10 
0 0.109864 10 
0 0.116125 10 
0 0.119901 10 
0 0.128448 10 
0 0.134011 10 
0 0.138941 10 
0 0.15427 10 
0 0.188068 10 
0 0.198273 10 
0 0.227031 10 
0 0.248711 10 
0 0.267081 10 
0 0.272043 10 
0 0.275901 10 
0 0.279759 10 
0 0.280085 10 
0 0.335272 10 
0 0.341053 10 
0 0.342181 10 
0 0.342679 10 
0 0.352031 10 
0 0.352937 10 
0 0.353924 10 
0 0.377045 10 
0 0.410384 10 
0 0.414407 10 
0 0.416353 10 
0 0.420057 10 
0 0.430989 10 
0 0.456185 10 
0 0.456885 10 
0 0.49476 10 
0 0.497519 10 
0 0.518233 10 
0 0.577932 10 
0 0.580297 10 
0 0.597531 10 
0 0.624988 10 
0 0.624988 10 
0 0.671089 10 
0 0.671711 10 
0 0.696714 10 
0 0.699617 10 
0 0.747844 10 
0 0.753089 10 
0 0.756043 10 
0 0.767376 10 
0 0.792234 10 
0 0.799046 10 
0 0.818246 10 
0 0.819541 10 
0 0.820042 10 
0 0.822862 10 
0 0.822863 10 
0 0.855462 10 
0 0.855676 10 
0 0.862318 10 
0 0.904083 10 
0 0.926064 10 
0 0.93907 10 
0 0.939107 10 
0 0.982249 10 
0 0.982621 10 
0 1.07791 10 
0 1.07873 10 
0 1.23908 10 
0 1.25025 10 
0 1.27079 10 
0 1.27287 10 
0 1.27311 10 
0 1.43654 10 
0 1.78796 10 
0 1.78818 10 
0 1.81799 10 
0 1.82055 10 
0 1.82055 10 
0 1.90698 10 
0 1.90901 10 
0 inf 10 
0 0.0248274 11 
0 0.0529672 11 
0 0.0569254 11 
0 0.0583129 11 
0 0.0695917 11 
0 0.0744652 11 
0 0.0849132 11 
0 0.092996 11 
0 0.10167 11 
0 0.106492 11 
0 0.111313 11 
0 0.112833 11 
0 0.12898 11 
0 0.135112 11 
0 0.161212 11 
0 0.174793 11 
0 0.174994 11 
0 0.179807 11 
0 0.202995 11 
0 0.205684 11 
0 0.251142 11 
0 0.264594 11 
0 0.277426 11 
0 0.278847 11 
0 0.283163 11 
0 0.283371 11 
0 0.284449 11 
0 0.30279 11 
0 0.306485 11 
0 0.3085 11 
0 0.319606 11 
0 0.351251 11 
0 0.358613 11 
0 0.375457 11 
0 0.376987 11 
0 0.380238 11 
0 0.380438 11 
0 0.429591 11 
0 0.455284 11 
0 0.455284 11 
0 0.461575 11 
0 0.46313 11 
0 0.463647 11 
0 0.485089 11 
0 0.500338 11 
0 0.564252 11 
0 0.570227 11 
0 0.603759 11 
0 0.621911 11 
0 0.624641 11 
0 0.641021 11 
0 0.652716 11 
0 0.653542 11 
0 0.656886 11 
0 0.65992 11 
0 0.667365 11 
0 0.677256 11 
0 0.693124 11 
0 0.694309 11 
0 0.7465 11 
0 0.746744 11 
0 0.789693 11 
0 0.792075 11 
0 0.799417 11 
0 0.813154 11 
0 0.813253 11 
0 0.815396 11 
0 0.824581 11 
0 0.826571 11 
0 0.862582 11 
0 0.872541 11 
0 0.872659 11 
0 0.889747 11 
0 0.891988 11 
0 0.891988 11 
0 0.936704 11 
0 0.941757 11 
0 0.994361 11 
0 1.19664 11 
0 1.24703 11 
0 1.24711 11 
0 1.25891 11 
0 1.26281 11 
0 1.35258 11 
0 1.36838 11 
0 1.36955 11 
0 1.78733 11 
0 1.78735 11 
0 1.79547 11 
0 1.79603 11 
0 1.7961 11 
0 inf 11 
0 0.0531828 12 
0 0.0736969 12 
0 0.0969509 12 
0 0.108927 12 
0 0.125846 12 
0 0.152559 12 
0 0.1618 12 
0 0.165273 12 
0 0.171904 12 
0 0.17577 12 
0 0.180953 12 
0 0.181764 12 
0 0.183386 12 
0 0.227296 12 
0 0.265972 12 
0 0.27127 12 
0 0.272892 12 
0 0.278123 12 
0 0.28685 12 
0 0.287721 12 
0 0.288038 12 
0 0.291586 12 
0 0.325641 12 
0 0.326474 12 
0 0.328964 12 
0 0.330348 12 
0 0.34063 12 
0 0.341934 12 
0 0.343702 12 
0 0.371175 12 
0 0.371808 12 
0 0.371808 12 
0 0.377465 12 
0 0.379959 12 
0 0.390533 12 
0 0.393426 12 
0 0.401771 12 
0 0.424003 12 
0 0.435777 12 
0 0.437833 12 
0 0.438119 12 
0 0.461711 12 
0 0.462896 12 
0 0.466823 12 
0 0.537362 12 
0 0.537955 12 
0 0.551701 12 
0 0.556969 12 
0 0.58611 12 
0 0.586265 12 
0 0.610498 12 
0 0.655498 12 
0 0.657058 12 
0 0.660223 12 
0 0.671275 12 
0 0.688693 12 
0 0.69602 12 
0 0.696544 12 
0 0.704733 12 
0 0.721692 12 
0 0.724107 12 
0 0.73119 12 
0 0.733294 12 
0 0.743017 12 
0 0.759434 12 
0 0.773886 12 
0 0.789204 12 
0 0.796457 12 
0 0.826446 12 
0 0.826832 12 
0 0.841127 12 
0 0.841574 12 
0 0.845024 12 
0 0.856649 12 
0 0.857287 12 
0 0.860038 12 
0 0.986508 12 
0 0.986751 12 
0 0.986971 12 
0 1.09235 12 
0 1.10857 12 
0 1.10862 12 
0 1.78713 12 
0 1.79011 12 
0 1.79697 12 
0 1.79746 12 
0 1.79748 12 
0 inf 12 
0 0.0470317 13 
0 0.0516581 13 
0 0.126682 13 
0 0.130122 13 
0 0.157203 13 
0 0.180137 13 
0 0.187188 13 
0 0.189208 13 
0 0.189815 13 
0 0.204349 13 
0 0.216603 13 
0 0.235769 13 
0 0.255196 13 
0 0.272149 13 
0 0.272988 13 
0 0.280901 13 
0 0.281472 13 
0 0.284813 13 
0 0.28589 13 
0 0.286488 13 
0 0.297622 13 
0 0.301507 13 
0 0.317815 13 
0 0.319396 13 
0 0.322251 13 
0 0.323099 13 
0 0.323099 13 
0 0.324694 13 
0 0.325559 13 
0 0.334103 13 
0 0.335727 13 
0 0.338817 13 
0 0.357216 13 
0 0.372355 13 
0 0.393359 13 
0 0.404375 13 
0 0.416025 13 
0 0.419973 13 
0 0.423748 13 
0 0.426406 13 
0 0.426406 13 
0 0.450822 13 
0 0.463792 13 
0 0.466636 13 
0 0.530354 13 
0 0.63281 13 
0 0.634755 13 
0 0.636263 13 
0 0.639757 13 
0 0.643428 13 
0 0.687883 13 
0 0.738771 13 
0 0.769498 13 
0 0.791816 13 
0 0.792736 13 
0 0.795538 13 
0 0.795882 13 
0 0.804637 13 
0 0.825202 13 
0 0.825313 13 
0 0.837905 13 
0 0.837973 13 
0 0.838232 13 
0 0.871361 13 
0 0.885264 13 
0 0.886088 13 
0 0.886668 13 
0 0.991822 13 
0 1.01654 13 
0 1.05225 13 
0 1.05592 13 
0 1.05607 13 
0 1.28211 13 
0 1.28223 13 
0 1.28815 13 
0 1.34947 13 
0 1.35042 13 
0 1.35049 13 
0 1.7891 13 
0 1.79267 13 
0 1.88287 13 
0 1.88338 13 
0 1.88478 13 
0 inf 13 
0 0.0608 14 
0 0.0743035 14 
0 0.0930003 14 
0 0.147639 14 
0 0.156329 14 
0 0.161214 14 
0 0.208605 14 
0 0.208814 14 
0 0.236924 14 
0 0.248538 14 
0 0.261256 14 
0 0.275402 14 
0 0.276519 14 
0 0.277874 14 
0 0.281712 14 
0 0.292544 14 
0 0.303542 14 
0 0.306584 14 
0 0.311518 14 
0 0.313525 14 
0 0.313889 14 
0 0.323874 14 
0 0.332873 14 
0 0.332976 14 
0 0.33301 14 
0 0.334924 14 
0 0.343536 14 
0 0.356668 14 
0 0.3582 14 
0 0.359821 14 
0 0.363637 14 
0 0.364042 14 
0 0.376241 14 
0 0.383905 14 
0 0.383906 14 
0 0.392377 14 
0 0.398572 14 
0 0.412518 14 
0 0.421087 14 
0 0.421953 14 
0 0.421953 14 
0 0.425188 14 
0 0.529601 14 
0 0.711912 14 
0 0.748864 14 
0 0.74923 14 
0 0.74923 14 
0 0.785376 14 
0 0.792075 14 
0 0.823157 14 
0 0.827581 14 
0 0.828063 14 
0 0.829244 14 
0 0.831089 14 
0 0.872826 14 
0 0.892432 14 
0 0.896107 14 
0 0.896425 14 
0 0.969485 14 
0 1.01301 14 
0 1.01323 14 
0 1.01346 14 
0 1.05817 14 
0 1.11899 14 
0 1.16103 14 
0 1.1613 14 
0 1.16174 14 
0 1.24551 14 
0 1.28096 14 
0 1.28142 14 
0 1.28142 14 
0 1.69468 14 
0 1.7252 14 
0 1.72526 14 
0 1.78728 14 
0 1.79065 14 
0 1.82861 14 
0 1.82893 14 
0 1.82918 14 
0 inf 14 
0 0.0573243 15 
0 0.0796387 15 
0 0.0816308 15 
0 0.106925 15 
0 0.165477 15 
0 0.177148 15 
0 0.187616 15 
0 0.191372 15 
0 0.191545 15 
0 0.191843 15 
0 0.192087 15 
0 0.192436 15 
0 0.197881 15 
0 0.21395 15 
0 0.21395 15 
0 0.219009 15 
0 0.224412 15 
0 0.268139 15 
0 0.268479 15 
0 0.271858 15 
0 0.273197 15 
0 0.278818 15 
0 0.280623 15 
0 0.283284 15 
0 0.283805 15 
0 0.299384 15 
0 0.343932 15 
0 0.344097 15 
0 0.346213 15 
0 0.346476 15 
0 0.351089 15 
0 0.351997 15 
0 0.352128 15 
0 0.352128 15 
0 0.381692 15 
0 0.399698 15 
0 0.43798 15 
0 0.438683 15 
0 0.441172 15 
0 0.453189 15 
0 0.454333 15 
0 0.5334 15 
0 0.748992 15 
0 0.748992 15 
0 0.749372 15 
0 0.79045 15 
0 0.83092 15 
0 0.833401 15 
0 0.834457 15 
0 0.834715 15 
0 0.834824 15 
0 0.838258 15 
0 0.840433 15 
0 0.840433 15 
0 0.897127 15 
0 0.910462 15 
0 0.912616 15 
0 0.913216 15 
0 0.939414 15 
0 0.970112 15 
0 1.02265 15 
0 1.0484 15 
0 1.049 15 
0 1.15529 15 
0 1.19108 15 
0 1.26467 15 
0 1.26489 15 
0 1.26503 15 
0 1.49905 15 
0 1.49928 15 
0 1.49939 15 
0 1.7932 15 
0 1.79645 15 
0 1.7967 15 
0 1.79676 15 
0 inf 15 
0 0.0692265 16 
0 0.0793522 16 
0 0.094087 16 
0 0.112629 16 
0 0.115826 16 
0 0.138221 16 
0 0.165891 16 
0 0.176539 16 
0 0.177055 16 
0 0.179168 16 
0 0.181513 16 
0 0.191616 16 
0 0.193912 16 
0 0.19741 16 
0 0.20199 16 
0 0.287642 16 
0 0.288593 16 
0 0.288593 16 
0 0.291425 16 
0 0.303248 16 
0 0.36376 16 
0 0.36376 16 
0 0.36398 16 
0 0.364731 16 
0 0.377164 16 
0 0.379481 16 
0 0.383409 16 
0 0.397501 16 
0 0.416276 16 
0 0.418464 16 
0 0.427099 16 
0 0.440317 16 
0 0.440395 16 
0 0.440809 16 
0 0.474228 16 
0 0.475453 16 
0 0.475453 16 
0 0.475621 16 
0 0.518497 16 
0 0.578578 16 
0 0.687293 16 
0 0.83004 16 
0 0.8307 16 
0 0.8307 16 
0 0.83103 16 
0 0.832608 16 
0 0.837078 16 
0 0.839596 16 
0 0.839691 16 
0 0.866805 16 
0 0.873674 16 
0 0.892082 16 
0 0.907657 16 
0 0.922642 16 
0 0.923199 16 
0 0.924705 16 
0 0.97881 16 
0 1.02277 16 
0 1.02373 16 
0 1.02427 16 
0 1.06014 16 
0 1.14356 16 
0 1.17431 16 
0 1.17551 16 
0 1.17567 16 
0 1.21427 16 
0 1.36681 16 
0 1.80076 16 
0 1.80249 16 
0 1.80292 16 
0 1.803 16 
0 inf 16 
0 0.0660097 17 
0 0.0672096 17 
0 0.072595 17 
0 0.072595 17 
0 0.154791 17 
0 0.164301 17 
0 0.168009 17 
0 0.171038 17 
0 0.191812 17 
0 0.194525 17 
0 0.197091 17 
0 0.200281 17 
0 0.242165 17 
0 0.312252 17 
0 0.31371 17 
0 0.314763 17 
0 0.317182 17 
0 0.367854 17 
0 0.384864 17 
0 0.392014 17 
0 0.394799 17 
0 0.406454 17 
0 0.406763 17 
0 0.40679 17 
0 0.413439 17 
0 0.419228 17 
0 0.441599 17 
0 0.474287 17 
0 0.483093 17 
0 0.487937 17 
0 0.490548 17 
0 0.490711 17 
0 0.52755 17 
0 0.548761 17 
0 0.556289 17 
0 0.557764 17 
0 0.562327 17 
0 0.579657 17 
0 0.584069 17 
0 0.589436 17 
0 0.590828 17 
0 0.591986 17 
0 0.800585 17 
0 0.835849 17 
0 0.838914 17 
0 0.839118 17 
0 0.83924 17 
0 0.889231 17 
0 0.889501 17 
0 0.890769 17 
0 0.89077 17 
0 0.960369 17 
0 0.963891 17 
0 0.97179 17 
0 0.97259 17 
0 0.979102 17 
0 0.980441 17 
0 0.982069 17 
0 0.990592 17 
0 1.17822 17 
0 1.18384 17 
0 1.18537 17 
0 1.18768 17 
0 1.8052 17 
0 1.80666 17 
0 1.80671 17 
0 1.80673 17 
0 inf 17 
0 0.114542 18 
0 0.115633 18 
0 0.117978 18 
0 0.126923 18 
0 0.167587 18 
0 0.169433 18 
0 0.169636 18 
0 0.203386 18 
0 0.236582 18 
0 0.238263 18 
0 0.239219 18 
0 0.27219 18 
0 0.27853 18 
0 0.341272 18 
0 0.345161 18 
0 0.34526 18 
0 0.356509 18 
0 0.35718 18 
0 0.357821 18 
0 0.358327 18 
0 0.358614 18 
0 0.376257 18 
0 0.377708 18 
0 0.383465 18 
0 0.383822 18 
0 0.391607 18 
0 0.39184 18 
0 0.39309 18 
0 0.408753 18 
0 0.519903 18 
0 0.520956 18 
0 0.521306 18 
0 0.575737 18 
0 0.575836 18 
0 0.576212 18 
0 0.57937 18 
0 0.581886 18 
0 0.584323 18 
0 0.584792 18 
0 0.631252 18 
0 0.758012 18 
0 0.758734 18 
0 0.813661 18 
0 0.852288 18 
0 0.854106 18 
0 0.85412 18 
0 0.854213 18 
0 0.854745 18 
0 0.854745 18 
0 0.854905 18 
0 0.855865 18 
0 0.908716 18 
0 1.10112 18 
0 1.13432 18 
0 1.13435 18 
0 1.31052 18 
0 1.31052 18 
0 1.31052 18 
0 1.31091 18 
0 1.80628 18 
0 1.80631 18 
0 1.80634 18 
0 1.80651 18 
0 inf 18 
0 0.124113 19 
0 0.126301 19 
0 0.127739 19 
0 0.163463 19 
0 0.166984 19 
0 0.166984 19 
0 0.190226 19 
0 0.192197 19 
0 0.192197 19 
0 0.245536 19 
0 0.25551 19 
0 0.256979 19 
0 0.25945 19 
0 0.263118 19 
0 0.27788 19 
0 0.278658 19 
0 0.279517 19 
0 0.294658 19 
0 0.295701 19 
0 0.296203 19 
0 0.297815 19 
0 0.378072 19 
0 0.378072 19 
0 0.378524 19 
0 0.385499 19 
0 0.385499 19 
0 0.385588 19 
0 0.44743 19 
0 0.520013 19 
0 0.520999 19 
0 0.521196 19 
0 0.586097 19 
0 0.586506 19 
0 0.587749 19 
0 0.597968 19 
0 0.638716 19 
0 0.641506 19 
0 0.642377 19 
0 0.755297 19 
0 0.758432 19 
0 0.836 19 
0 0.836 19 
0 0.836668 19 
0 0.839771 19 
0 0.862649 19 
0 0.878221 19 
0 0.878325 19 
0 0.896518 19 
0 1.00125 19 
0 1.28677 19 
0 1.28699 19 
0 1.28727 19 
0 1.28727 19 
0 1.31562 19 
0 1.3321 19 
0 1.33251 19 
0 1.83336 19 
0 1.83361 19 
0 1.83942 19 
0 inf 19 
0 0.078201 20 
0 0.0816262 20 
0 0.112634 20 
0 0.125936 20 
0 0.128093 20 
0 0.12942 20 
0 0.140247 20 
0 0.140247 20 
0 0.15271 20 
0 0.218436 20 
0 0.223842 20 
0 0.223893 20 
0 0.224096 20 
0 0.225985 20 
0 0.244048 20 
0 0.245028 20 
0 0.25146 20 
0 0.251596 20 
0 0.254487 20 
0 0.267501 20 
0 0.267502 20 
0 0.284493 20 
0 0.375102 20 
0 0.377075 20 
0 0.3778 20 
0 0.393671 20 
0 0.393816 20 
0 0.394077 20 
0 0.421047 20 
0 0.521984 20 
0 0.522967 20 
0 0.523032 20 
0 0.57555 20 
0 0.584167 20 
0 0.584187 20 
0 0.584323 20 
0 0.7344 20 
0 0.749616 20 
0 0.751441 20 
0 0.76031 20 
0 0.761884 20 
0 0.812031 20 
0 0.812102 20 
0 0.861987 20 
0 0.862358 20 
0 0.868041 20 
0 0.898322 20 
0 1.27111 20 
0 1.27135 20 
0 1.42108 20 
0 1.42156 20 
0 1.76042 20 
0 1.81777 20 
0 1.81817 20 
0 2.72658 20 
0 inf 20 
