6.7647 9.64958 1 
0.505255 1.3913 1 
0.248552 0.256298 1 
0.208701 0.210772 1 
0.179691 0.187447 1 
0.171335 0.321021 1 
0.141852 0.144037 1 
0.139635 0.161293 1 
0.130693 0.136583 1 
0.129016 0.175252 1 
0.12441 0.13458 1 
0.119968 0.157028 1 
0.119855 0.144037 1 
0.11837 0.180892 1 
0.117332 0.120195 1 
0.108809 0.117216 1 
0.0881271 0.09495 1 
0.0833772 0.0969321 1 
0.0833764 0.101849 1 
0.0828867 0.0980451 1 
0.0620961 0.06694 1 
0.0584973 0.0663313 1 
0.0558831 0.0594154 1 
0.0556355 0.0648789 1 
0.0227191 0.0238861 1 
0.0221089 0.026058 1 
7.17348 7.28339 2 
7.1723 7.30703 2 
5.64492 7.34095 2 
0.430465 1.88866 2 
0.273267 0.280238 2 
0.226001 0.240838 2 
0.220038 0.321233 2 
0.212952 0.214415 2 
0.160193 0.162299 2 
0.159429 0.215927 2 
0.155898 0.164542 2 
0.152556 0.163048 2 
0.146931 0.150221 2 
0.14507 0.177021 2 
0.142524 0.166916 2 
0.139733 0.139924 2 
0.136587 0.141759 2 
0.126471 0.129754 2 
0.111275 0.116525 2 
0.0798832 0.0812315 2 
0.0568441 0.0603278 2 
0.0523722 0.0539012 2 
0.0337708 0.0357267 2 
5.6027 5.74649 3 
5.60265 5.75068 3 
5.59877 5.75101 3 
0.414161 2.00489 3 
0.227084 0.264744 3 
0.216867 0.327095 3 
0.211676 0.244643 3 
0.199251 0.209219 3 
0.174319 0.215735 3 
0.159597 0.161539 3 
0.151033 0.225279 3 
0.108058 0.108683 3 
0.105257 0.118714 3 
0.103436 0.125929 3 
0.099284 0.108683 3 
0.0935114 0.118369 3 
0.0584951 0.0589551 3 
0.0333775 0.0349661 3 
1.69416 1.70262 4 
0.884487 1.72927 4 
0.303669 0.30851 4 
0.293996 0.30851 4 
0.289056 0.295887 4 
0.279508 0.290797 4 
0.257988 0.272277 4 
0.23829 0.26957 4 
0.231349 0.262991 4 
0.226001 0.232285 4 
0.220959 0.316548 4 
0.205229 0.22219 4 
0.199866 0.241232 4 
0.18372 0.218059 4 
0.169581 0.256404 4 
0.164378 0.192249 4 
0.157109 0.162045 4 
0.0935076 0.111519 4 
0.0923447 0.0983252 4 
0.0846716 0.0953773 4 
3.77915 4.169 5 
3.77669 4.15933 5 
3.77531 4.16366 5 
3.77514 4.15802 5 
1.56783 1.6502 5 
1.55433 1.55877 5 
1.55051 1.56037 5 
0.285423 0.302327 5 
0.280381 0.283993 5 
0.270824 0.281884 5 
0.267293 0.283993 5 
0.266024 0.314091 5 
0.263146 0.271923 5 
0.204094 0.210582 5 
0.198507 0.239601 5 
0.192673 0.213848 5 
0.140602 0.160021 5 
0.12277 0.138563 5 
0.119968 0.129546 5 
0.111642 0.120978 5 
0.102377 0.115233 5 
3.31084 3.40622 6 
3.30892 3.41361 6 
3.30652 3.40163 6 
1.46618 1.60685 6 
1.40927 1.41254 6 
1.3924 1.42887 6 
0.445201 0.458629 6 
0.298355 0.312231 6 
0.238404 0.278732 6 
0.232281 0.275105 6 
0.228275 0.238004 6 
0.208248 0.281641 6 
0.202162 0.219486 6 
0.179235 0.215299 6 
0.153085 0.160024 6 
0.104219 0.109309 6 
0.0991477 0.0994207 6 
0.0966533 0.115472 6 
0.0817313 0.0825584 6 
0.0448253 0.0448277 6 
1.21007 1.2826 7 
0.334362 0.357714 7 
0.241182 0.246306 7 
0.237373 0.327925 7 
0.122762 0.130168 7 
0.112252 0.118028 7 
1.33032 1.34577 8 
1.01392 1.11107 8 
0.39563 0.397403 8 
0.291496 0.298759 8 
0.286615 0.339755 8 
0.153792 0.184016 8 
0.153268 0.158657 8 
0.468238 0.537876 9 
0.444288 0.459904 9 
0.294364 0.304388 9 
0.283753 0.293025 9 
0.16028 0.175479 9 
0.805898 0.838077 10 
0.618689 0.621757 10 
0.420133 0.428919 10 
0.377398 0.38219 10 
0.249483 0.274823 10 
0.172753 0.190114 10 
0.899448 1.0182 11 
0.831272 1.0607 11 
0.830209 1.02072 11 
0.800857 0.934496 11 
0.755929 0.778156 11 
0.402059 0.446542 11 
0.861166 0.948673 12 
0.841517 1.01768 12 
0.823841 1.01992 12 
0.724128 0.729942 12 
0.718667 0.939308 12 
0.70013 0.726099 12 
0.348135 0.401297 12 
0.344641 0.353971 12 
0.197263 0.200871 12 
0.194935 0.202232 12 
1.11919 1.14226 13 
1.10798 1.24407 13 
0.846985 0.875963 13 
0.749128 0.765493 13 
0.656651 0.667562 13 
0.335664 0.340173 13 
0.639879 0.659809 14 
0.206421 0.213709 14 
0.791958 0.796566 15 
0.742664 0.759912 15 
0.99613 1.01706 16 
0.888701 0.930001 16 
0.46734 0.507246 18 
0.55992 0.621059 19 
