0 0.0401892 1 
0 0.0411324 1 
0 0.0420549 1 
0 0.0429628 1 
0 0.0503798 1 
0 0.0511338 1 
0 0.0526165 1 
0 0.0547662 1 
0 0.0561507 1 
0 0.0594737 1 
0 0.0613867 1 
0 0.0626293 1 
0 0.0632366 1 
0 0.0632373 1 
0 0.065039 1 
0 0.0656172 1 
0 0.0656236 1 
0 0.0656265 1 
0 0.0667785 1 
0 0.0667859 1 
0 0.0673571 1 
0 0.0690529 1 
0 0.0690549 1 
0 0.0695999 1 
0 0.0696053 1 
0 0.0696069 1 
0 0.0696096 1 
0 0.0701544 1 
0 0.0701554 1 
0 0.0707019 1 
0 0.0712426 1 
0 0.0717809 1 
0 0.0728452 1 
0 0.0744117 1 
0 0.0744126 1 
0 0.0744126 1 
0 0.0764501 1 
0 0.0779433 1 
0 0.0794157 1 
0 0.080374 1 
0 0.0813212 1 
0 0.0813236 1 
0 0.0813242 1 
0 0.0813244 1 
0 0.0827317 1 
0 0.0836542 1 
0 0.0841142 1 
0 0.0845726 1 
0 0.0863658 1 
0 0.0868139 1 
0 0.0898521 1 
0 0.0898646 1 
0 0.0915567 1 
0 0.0928035 1 
0 0.0928129 1 
0 0.0940396 1 
0 0.0948528 1 
0 0.0948547 1 
0 0.0952601 1 
0 0.0956565 1 
0 0.0976496 1 
0 0.0995992 1 
0 0.0995993 1 
0 0.100377 1 
0 0.101132 1 
0 0.101136 1 
0 0.103018 1 
0 0.103019 1 
0 0.103388 1 
0 0.10596 1 
0 0.107046 1 
0 0.107404 1 
0 0.110574 1 
0 0.110583 1 
0 0.111273 1 
0 0.112643 1 
0 0.112646 1 
0 0.113321 1 
0 0.117648 1 
0 0.124946 1 
0 0.125867 1 
0 0.126476 1 
0 0.13125 1 
0 0.132708 1 
0 0.134147 1 
0 0.135573 1 
0 0.137823 1 
0 0.138659 1 
0 0.141945 1 
0 0.165459 1 
0 0.174727 1 
0 0.180154 1 
0 0.190319 1 
0 0.208628 1 
0 0.210102 1 
0 0.214446 1 
0 0.225974 1 
0 0.227498 1 
0 0.243976 1 
0 0.281032 1 
0 0.287925 1 
0 0.320859 1 
0 0.324352 1 
0 0.383345 1 
0 0.406708 1 
0 0.440751 1 
0 0.447732 1 
0 0.452375 1 
0 0.461311 1 
0 0.483772 1 
0 0.493452 1 
0 0.495781 1 
0 0.504527 1 
0 0.507185 1 
0 0.525821 1 
0 0.685536 1 
0 0.725568 1 
0 0.851223 1 
0 0.906863 1 
0 0.923661 1 
0 0.95766 1 
0 0.968567 1 
0 1.33791 1 
0 2.27685 1 
0 2.40381 1 
0 2.88953 1 
0 2.89484 1 
0 4.24221 1 
0 4.73813 1 
0 4.77217 1 
0 5.03117 1 
0 inf 1 
0 0.0277237 2 
0 0.0382168 2 
0 0.04385 2 
0 0.04385 2 
0 0.0464046 2 
0 0.05262 2 
0 0.0547661 2 
0 0.0594775 2 
0 0.0601197 2 
0 0.0650309 2 
0 0.0656248 2 
0 0.0667859 2 
0 0.0673579 2 
0 0.0679288 2 
0 0.0679288 2 
0 0.0690497 2 
0 0.0701542 2 
0 0.0701542 2 
0 0.0717771 2 
0 0.0723153 2 
0 0.0744119 2 
0 0.0754324 2 
0 0.0754376 2 
0 0.0769515 2 
0 0.0774522 2 
0 0.0789245 2 
0 0.0803784 2 
0 0.0845686 2 
0 0.0845687 2 
0 0.0845704 2 
0 0.0845704 2 
0 0.0845707 2 
0 0.0868135 2 
0 0.0881368 2 
0 0.0907137 2 
0 0.0915548 2 
0 0.0932253 2 
0 0.0948559 2 
0 0.0948608 2 
0 0.0964627 2 
0 0.0964644 2 
0 0.0968566 2 
0 0.0968615 2 
0 0.0996013 2 
0 0.0996028 2 
0 0.10114 2 
0 0.104498 2 
0 0.104867 2 
0 0.105592 2 
0 0.10776 2 
0 0.109172 2 
0 0.109175 2 
0 0.109875 2 
0 0.10988 2 
0 0.111269 2 
0 0.111607 2 
0 0.111617 2 
0 0.112641 2 
0 0.112988 2 
0 0.114331 2 
0 0.115342 2 
0 0.115676 2 
0 0.120563 2 
0 0.120877 2 
0 0.123397 2 
0 0.124638 2 
0 0.128879 2 
0 0.128885 2 
0 0.129481 2 
0 0.13614 2 
0 0.136704 2 
0 0.140039 2 
0 0.141948 2 
0 0.150364 2 
0 0.151386 2 
0 0.160746 2 
0 0.161461 2 
0 0.168685 2 
0 0.184157 2 
0 0.197065 2 
0 0.200165 2 
0 0.219412 2 
0 0.222369 2 
0 0.232189 2 
0 0.238878 2 
0 0.248346 2 
0 0.270719 2 
0 0.277477 2 
0 0.280993 2 
0 0.302894 2 
0 0.303529 2 
0 0.344888 2 
0 0.353582 2 
0 0.353613 2 
0 0.373569 2 
0 0.395404 2 
0 0.399377 2 
0 0.400242 2 
0 0.444334 2 
0 0.472002 2 
0 0.503189 2 
0 0.564747 2 
0 0.569516 2 
0 0.599347 2 
0 0.634647 2 
0 0.653841 2 
0 0.667724 2 
0 0.717874 2 
0 0.725818 2 
0 0.728772 2 
0 0.730255 2 
0 0.741992 2 
0 0.748263 2 
0 0.957538 2 
0 1.1163 2 
0 1.71339 2 
0 1.96202 2 
0 2.13303 2 
0 2.20787 2 
0 3.33234 2 
0 3.41677 2 
0 3.70245 2 
0 3.74683 2 
0 3.81951 2 
0 3.86562 2 
0 3.9583 2 
0 4.01844 2 
0 inf 2 
0 0.0196092 3 
0 0.0303732 3 
0 0.0547601 3 
0 0.0554631 3 
0 0.0581736 3 
0 0.059471 3 
0 0.063838 3 
0 0.0656247 3 
0 0.0656255 3 
0 0.0662094 3 
0 0.0662118 3 
0 0.0667893 3 
0 0.0667903 3 
0 0.0684936 3 
0 0.0690462 3 
0 0.0707022 3 
0 0.0707022 3 
0 0.0717714 3 
0 0.0744109 3 
0 0.0744111 3 
0 0.0744122 3 
0 0.0749281 3 
0 0.0754347 3 
0 0.0754413 3 
0 0.0769564 3 
0 0.0774545 3 
0 0.0779406 3 
0 0.078922 3 
0 0.0808501 3 
0 0.0808509 3 
0 0.0868109 3 
0 0.0872553 3 
0 0.0881304 3 
0 0.0890004 3 
0 0.0894231 3 
0 0.090704 3 
0 0.0911363 3 
0 0.0915573 3 
0 0.0932222 3 
0 0.0995993 3 
0 0.101136 3 
0 0.101136 3 
0 0.104867 3 
0 0.105959 3 
0 0.107761 3 
0 0.108117 3 
0 0.108118 3 
0 0.108829 3 
0 0.109533 3 
0 0.110579 3 
0 0.112646 3 
0 0.115341 3 
0 0.115677 3 
0 0.119275 3 
0 0.133859 3 
0 0.135283 3 
0 0.135293 3 
0 0.148045 3 
0 0.157362 3 
0 0.159301 3 
0 0.171391 3 
0 0.178219 3 
0 0.17929 3 
0 0.18685 3 
0 0.188695 3 
0 0.189506 3 
0 0.197653 3 
0 0.209922 3 
0 0.217828 3 
0 0.222375 3 
0 0.222375 3 
0 0.223583 3 
0 0.226317 3 
0 0.22952 3 
0 0.230522 3 
0 0.231022 3 
0 0.233011 3 
0 0.233011 3 
0 0.23482 3 
0 0.241758 3 
0 0.256828 3 
0 0.270883 3 
0 0.297866 3 
0 0.369412 3 
0 0.380106 3 
0 0.38039 3 
0 0.380849 3 
0 0.389204 3 
0 0.437388 3 
0 0.444046 3 
0 0.525201 3 
0 0.544164 3 
0 0.568368 3 
0 0.573612 3 
0 0.574023 3 
0 0.579282 3 
0 0.580796 3 
0 0.604266 3 
0 0.625681 3 
0 0.638016 3 
0 0.648547 3 
0 0.662102 3 
0 0.662735 3 
0 0.704455 3 
0 0.743106 3 
0 0.944037 3 
0 0.956614 3 
0 1.10246 3 
0 1.11325 3 
0 1.45575 3 
0 1.45641 3 
0 1.45649 3 
0 1.68796 3 
0 1.77649 3 
0 2.08864 3 
0 2.6206 3 
0 3.03968 3 
0 3.11013 3 
0 3.11263 3 
0 3.11269 3 
0 3.77517 3 
0 3.81454 3 
0 3.82197 3 
0 inf 3 
0 0.0554629 4 
0 0.0568284 4 
0 0.0575036 4 
0 0.060118 4 
0 0.0620068 4 
0 0.0684924 4 
0 0.0690488 4 
0 0.0696034 4 
0 0.0712419 4 
0 0.0789238 4 
0 0.079408 4 
0 0.0808463 4 
0 0.0813268 4 
0 0.0822605 4 
0 0.0822646 4 
0 0.0845694 4 
0 0.0868083 4 
0 0.088133 4 
0 0.0894292 4 
0 0.0894319 4 
0 0.0902861 4 
0 0.0915544 4 
0 0.0915557 4 
0 0.0952591 4 
0 0.0964642 4 
0 0.0976527 4 
0 0.0980426 4 
0 0.0996035 4 
0 0.101132 4 
0 0.101136 4 
0 0.102641 4 
0 0.103017 4 
0 0.103761 4 
0 0.105959 4 
0 0.107043 4 
0 0.108114 4 
0 0.113662 4 
0 0.115678 4 
0 0.116669 4 
0 0.117981 4 
0 0.119598 4 
0 0.1196 4 
0 0.120235 4 
0 0.120564 4 
0 0.136137 4 
0 0.143028 4 
0 0.150367 4 
0 0.154402 4 
0 0.155148 4 
0 0.155148 4 
0 0.155395 4 
0 0.158094 4 
0 0.159061 4 
0 0.163827 4 
0 0.171617 4 
0 0.177352 4 
0 0.192528 4 
0 0.201124 4 
0 0.201505 4 
0 0.205481 4 
0 0.207156 4 
0 0.208819 4 
0 0.21373 4 
0 0.220635 4 
0 0.232353 4 
0 0.232353 4 
0 0.23367 4 
0 0.243181 4 
0 0.244413 4 
0 0.259671 4 
0 0.274346 4 
0 0.28621 4 
0 0.310525 4 
0 0.332217 4 
0 0.344454 4 
0 0.380465 4 
0 0.440045 4 
0 0.444257 4 
0 0.445604 4 
0 0.472421 4 
0 0.496522 4 
0 0.4974 4 
0 0.498069 4 
0 0.50084 4 
0 0.509994 4 
0 0.53892 4 
0 0.583439 4 
0 0.586294 4 
0 0.601141 4 
0 0.607881 4 
0 0.619026 4 
0 0.622 4 
0 0.627688 4 
0 0.629191 4 
0 0.632664 4 
0 0.635421 4 
0 0.651732 4 
0 0.761708 4 
0 0.903285 4 
0 0.939614 4 
0 0.944038 4 
0 0.967795 4 
0 0.971405 4 
0 0.973421 4 
0 1.60309 4 
0 1.69949 4 
0 1.71007 4 
0 1.96808 4 
0 1.96814 4 
0 1.96849 4 
0 2.00211 4 
0 2.14747 4 
0 2.33567 4 
0 2.49662 4 
0 2.73641 4 
0 2.74815 4 
0 3.32741 4 
0 3.32876 4 
0 3.3288 4 
0 inf 4 
0 0.0561515 5 
0 0.0561523 5 
0 0.06076 5 
0 0.0613851 5 
0 0.0656286 5 
0 0.0717775 5 
0 0.0728414 5 
0 0.0728421 5 
0 0.0733662 5 
0 0.0733725 5 
0 0.0744084 5 
0 0.0744108 5 
0 0.0817883 5 
0 0.0831923 5 
0 0.0850228 5 
0 0.0872517 5 
0 0.0881312 5 
0 0.0894309 5 
0 0.0902867 5 
0 0.0911378 5 
0 0.091138 5 
0 0.0923928 5 
0 0.093632 5 
0 0.0952546 5 
0 0.0952591 5 
0 0.0964622 5 
0 0.0964624 5 
0 0.0972532 5 
0 0.0992147 5 
0 0.0999883 5 
0 0.10339 5 
0 0.103763 5 
0 0.104507 5 
0 0.111273 5 
0 0.111959 5 
0 0.112301 5 
0 0.112642 5 
0 0.118307 5 
0 0.123083 5 
0 0.124941 5 
0 0.140318 5 
0 0.147533 5 
0 0.152897 5 
0 0.152899 5 
0 0.155651 5 
0 0.158089 5 
0 0.160755 5 
0 0.167771 5 
0 0.176045 5 
0 0.181425 5 
0 0.194517 5 
0 0.204161 5 
0 0.204914 5 
0 0.20992 5 
0 0.212646 5 
0 0.22392 5 
0 0.251545 5 
0 0.267004 5 
0 0.27523 5 
0 0.283488 5 
0 0.285516 5 
0 0.285516 5 
0 0.310174 5 
0 0.31104 5 
0 0.314425 5 
0 0.319735 5 
0 0.320223 5 
0 0.332528 5 
0 0.374284 5 
0 0.397405 5 
0 0.412968 5 
0 0.41334 5 
0 0.449894 5 
0 0.508333 5 
0 0.53491 5 
0 0.535317 5 
0 0.546196 5 
0 0.547672 5 
0 0.554166 5 
0 0.56373 5 
0 0.608706 5 
0 0.609651 5 
0 0.613424 5 
0 0.628221 5 
0 0.628343 5 
0 0.629627 5 
0 0.63036 5 
0 0.647457 5 
0 0.653122 5 
0 0.767301 5 
0 0.825716 5 
0 0.826089 5 
0 0.826136 5 
0 0.8387 5 
0 0.980274 5 
0 0.996386 5 
0 1.20279 5 
0 1.25265 5 
0 1.25819 5 
0 1.25844 5 
0 1.26405 5 
0 1.42994 5 
0 1.52238 5 
0 1.71528 5 
0 1.93273 5 
0 1.93448 5 
0 1.94489 5 
0 2.00441 5 
0 2.09107 5 
0 2.09209 5 
0 2.21915 5 
0 2.22003 5 
0 2.22081 5 
0 2.22222 5 
0 2.24473 5 
0 inf 5 
0 0.0503736 6 
0 0.0575032 6 
0 0.0620044 6 
0 0.0662081 6 
0 0.066779 6 
0 0.0706972 6 
0 0.0712389 6 
0 0.0717799 6 
0 0.0733686 6 
0 0.0733727 6 
0 0.0759444 6 
0 0.0779393 6 
0 0.0784312 6 
0 0.0813256 6 
0 0.0831954 6 
0 0.0841147 6 
0 0.0850202 6 
0 0.0854723 6 
0 0.0915515 6 
0 0.0932192 6 
0 0.0968603 6 
0 0.0999881 6 
0 0.102642 6 
0 0.102648 6 
0 0.103022 6 
0 0.103762 6 
0 0.1045 6 
0 0.104505 6 
0 0.113329 6 
0 0.125558 6 
0 0.130362 6 
0 0.134437 6 
0 0.137544 6 
0 0.138658 6 
0 0.141132 6 
0 0.142758 6 
0 0.1483 6 
0 0.170499 6 
0 0.184991 6 
0 0.19173 6 
0 0.197071 6 
0 0.198818 6 
0 0.202462 6 
0 0.21677 6 
0 0.216947 6 
0 0.217302 6 
0 0.220812 6 
0 0.224093 6 
0 0.224266 6 
0 0.231521 6 
0 0.263255 6 
0 0.28551 6 
0 0.287412 6 
0 0.291932 6 
0 0.302792 6 
0 0.313277 6 
0 0.328338 6 
0 0.359638 6 
0 0.359638 6 
0 0.361877 6 
0 0.365261 6 
0 0.382137 6 
0 0.382439 6 
0 0.382439 6 
0 0.43424 6 
0 0.457834 6 
0 0.458337 6 
0 0.459175 6 
0 0.459259 6 
0 0.474931 6 
0 0.548677 6 
0 0.579035 6 
0 0.585046 6 
0 0.585345 6 
0 0.602426 6 
0 0.607957 6 
0 0.608249 6 
0 0.608715 6 
0 0.609827 6 
0 0.617804 6 
0 0.618304 6 
0 0.618364 6 
0 0.618739 6 
0 0.620042 6 
0 0.621701 6 
0 0.690611 6 
0 0.753368 6 
0 0.895818 6 
0 0.906273 6 
0 0.935131 6 
0 0.958823 6 
0 0.986602 6 
0 1.0558 6 
0 1.05871 6 
0 1.06103 6 
0 1.06378 6 
0 1.14054 6 
0 1.25504 6 
0 1.33987 6 
0 1.33987 6 
0 1.34116 6 
0 1.34471 6 
0 1.52503 6 
0 1.529 6 
0 1.54501 6 
0 1.54593 6 
0 2.01774 6 
0 2.01898 6 
0 2.01911 6 
0 2.01938 6 
0 2.02322 6 
0 inf 6 
0 0.043844 7 
0 0.043848 7 
0 0.0533373 7 
0 0.0561479 7 
0 0.065037 7 
0 0.0712442 7 
0 0.0754374 7 
0 0.0779459 7 
0 0.0784346 7 
0 0.0813166 7 
0 0.0827317 7 
0 0.0885662 7 
0 0.0885686 7 
0 0.090284 7 
0 0.0932236 7 
0 0.101516 7 
0 0.103018 7 
0 0.10413 7 
0 0.108115 7 
0 0.112648 7 
0 0.122458 7 
0 0.124326 7 
0 0.125863 7 
0 0.129776 7 
0 0.130369 7 
0 0.138936 7 
0 0.140312 7 
0 0.14113 7 
0 0.142488 7 
0 0.151637 7 
0 0.162177 7 
0 0.162887 7 
0 0.1705 7 
0 0.192331 7 
0 0.201122 7 
0 0.203783 7 
0 0.203974 7 
0 0.204163 7 
0 0.214448 7 
0 0.2275 7 
0 0.238713 7 
0 0.250149 7 
0 0.253204 7 
0 0.265799 7 
0 0.280851 7 
0 0.286282 7 
0 0.289088 7 
0 0.290282 7 
0 0.303677 7 
0 0.307076 7 
0 0.307412 7 
0 0.313031 7 
0 0.313496 7 
0 0.31754 7 
0 0.321609 7 
0 0.33325 7 
0 0.358156 7 
0 0.35987 7 
0 0.362107 7 
0 0.410861 7 
0 0.448613 7 
0 0.477357 7 
0 0.529194 7 
0 0.531014 7 
0 0.535046 7 
0 0.535908 7 
0 0.536554 7 
0 0.570778 7 
0 0.571188 7 
0 0.57139 7 
0 0.578013 7 
0 0.582478 7 
0 0.587211 7 
0 0.589368 7 
0 0.590346 7 
0 0.600201 7 
0 0.605559 7 
0 0.605749 7 
0 0.608796 7 
0 0.650327 7 
0 0.829741 7 
0 0.865234 7 
0 0.916816 7 
0 0.946853 7 
0 0.969352 7 
0 0.99493 7 
0 0.995735 7 
0 0.995889 7 
0 1.00197 7 
0 1.00999 7 
0 1.01189 7 
0 1.0572 7 
0 1.06761 7 
0 1.0745 7 
0 1.08245 7 
0 1.09576 7 
0 1.11725 7 
0 1.13195 7 
0 1.14166 7 
0 1.21009 7 
0 1.22675 7 
0 1.51268 7 
0 1.99996 7 
0 2.00924 7 
0 2.01108 7 
0 2.01588 7 
0 2.01749 7 
0 inf 7 
0 0.0372047 8 
0 0.0540588 8 
0 0.0613877 8 
0 0.0638417 8 
0 0.0813233 8 
0 0.0831926 8 
0 0.0845681 8 
0 0.0859238 8 
0 0.0996059 8 
0 0.10302 8 
0 0.104135 8 
0 0.104136 8 
0 0.109178 8 
0 0.110574 8 
0 0.112991 8 
0 0.123084 8 
0 0.124643 8 
0 0.129188 8 
0 0.130362 8 
0 0.13386 8 
0 0.136144 8 
0 0.138931 8 
0 0.144627 8 
0 0.149079 8 
0 0.154159 8 
0 0.157358 8 
0 0.168907 8 
0 0.169367 8 
0 0.172964 8 
0 0.176483 8 
0 0.179936 8 
0 0.186852 8 
0 0.188494 8 
0 0.19511 8 
0 0.196287 8 
0 0.202838 8 
0 0.203972 8 
0 0.225777 8 
0 0.237435 8 
0 0.251071 8 
0 0.265408 8 
0 0.281127 8 
0 0.28269 8 
0 0.283495 8 
0 0.291203 8 
0 0.325956 8 
0 0.326545 8 
0 0.337661 8 
0 0.396427 8 
0 0.4079 8 
0 0.414168 8 
0 0.436536 8 
0 0.441002 8 
0 0.448281 8 
0 0.484157 8 
0 0.487218 8 
0 0.491539 8 
0 0.494347 8 
0 0.50475 8 
0 0.517108 8 
0 0.533785 8 
0 0.540345 8 
0 0.564295 8 
0 0.566471 8 
0 0.574358 8 
0 0.585312 8 
0 0.585312 8 
0 0.588195 8 
0 0.593319 8 
0 0.598739 8 
0 0.61627 8 
0 0.616985 8 
0 0.659002 8 
0 0.790867 8 
0 0.79867 8 
0 0.812024 8 
0 0.825929 8 
0 0.841938 8 
0 0.845765 8 
0 0.871661 8 
0 0.901063 8 
0 0.904277 8 
0 0.931878 8 
0 0.941198 8 
0 0.941387 8 
0 0.980425 8 
0 0.982423 8 
0 0.992431 8 
0 1.02925 8 
0 1.05664 8 
0 1.06609 8 
0 1.07095 8 
0 1.1293 8 
0 1.13278 8 
0 1.15699 8 
0 1.42423 8 
0 1.56008 8 
0 2.00366 8 
0 2.00407 8 
0 2.00455 8 
0 2.01331 8 
0 2.01617 8 
0 2.05864 8 
0 inf 8 
0 0.0511381 9 
0 0.0662012 9 
0 0.0706987 9 
0 0.073892 9 
0 0.0749258 9 
0 0.0822678 9 
0 0.0850216 9 
0 0.0859257 9 
0 0.0952586 9 
0 0.0972555 9 
0 0.101135 9 
0 0.103019 9 
0 0.112652 9 
0 0.11467 9 
0 0.125552 9 
0 0.13642 9 
0 0.141363 9 
0 0.17117 9 
0 0.17342 9 
0 0.176479 9 
0 0.17858 9 
0 0.180146 9 
0 0.181632 9 
0 0.186442 9 
0 0.193128 9 
0 0.200167 9 
0 0.206405 9 
0 0.210281 9 
0 0.216711 9 
0 0.229854 9 
0 0.234983 9 
0 0.236939 9 
0 0.254626 9 
0 0.267011 9 
0 0.275894 9 
0 0.276451 9 
0 0.2879 9 
0 0.289146 9 
0 0.292935 9 
0 0.293591 9 
0 0.314608 9 
0 0.333421 9 
0 0.333583 9 
0 0.338617 9 
0 0.342682 9 
0 0.344313 9 
0 0.344648 9 
0 0.353068 9 
0 0.355233 9 
0 0.37943 9 
0 0.381651 9 
0 0.447154 9 
0 0.478718 9 
0 0.482638 9 
0 0.486367 9 
0 0.538421 9 
0 0.552825 9 
0 0.568989 9 
0 0.570069 9 
0 0.573834 9 
0 0.608881 9 
0 0.608881 9 
0 0.611732 9 
0 0.614162 9 
0 0.616989 9 
0 0.641631 9 
0 0.66517 9 
0 0.666598 9 
0 0.69747 9 
0 0.745792 9 
0 0.764329 9 
0 0.77134 9 
0 0.790972 9 
0 0.790972 9 
0 0.804219 9 
0 0.809501 9 
0 0.827541 9 
0 0.852671 9 
0 0.889614 9 
0 0.9124 9 
0 0.936092 9 
0 0.94579 9 
0 0.95344 9 
0 0.960185 9 
0 0.960191 9 
0 0.980442 9 
0 1.00788 9 
0 1.04922 9 
0 1.05039 9 
0 1.05317 9 
0 1.06684 9 
0 1.11238 9 
0 1.13529 9 
0 1.16577 9 
0 2.00113 9 
0 2.00136 9 
0 2.0066 9 
0 2.01898 9 
0 2.02018 9 
0 inf 9 
0 0.0540596 10 
0 0.0836571 10 
0 0.0863735 10 
0 0.0885675 10 
0 0.0932206 10 
0 0.0940391 10 
0 0.108821 10 
0 0.126167 10 
0 0.13949 10 
0 0.145951 10 
0 0.148307 10 
0 0.160028 10 
0 0.169137 10 
0 0.169837 10 
0 0.170273 10 
0 0.171328 10 
0 0.177349 10 
0 0.184159 10 
0 0.191664 10 
0 0.198618 10 
0 0.200359 10 
0 0.209127 10 
0 0.209735 10 
0 0.237274 10 
0 0.23776 10 
0 0.238712 10 
0 0.244759 10 
0 0.252491 10 
0 0.259847 10 
0 0.2755 10 
0 0.276474 10 
0 0.284271 10 
0 0.28565 10 
0 0.287394 10 
0 0.290984 10 
0 0.305024 10 
0 0.310645 10 
0 0.312709 10 
0 0.312709 10 
0 0.312709 10 
0 0.326465 10 
0 0.32657 10 
0 0.352064 10 
0 0.359221 10 
0 0.381321 10 
0 0.423759 10 
0 0.434858 10 
0 0.448787 10 
0 0.481852 10 
0 0.481853 10 
0 0.522131 10 
0 0.532027 10 
0 0.564684 10 
0 0.577528 10 
0 0.587314 10 
0 0.587314 10 
0 0.595729 10 
0 0.596696 10 
0 0.612428 10 
0 0.631584 10 
0 0.650479 10 
0 0.650479 10 
0 0.653122 10 
0 0.668484 10 
0 0.670459 10 
0 0.676262 10 
0 0.690456 10 
0 0.694289 10 
0 0.746257 10 
0 0.746875 10 
0 0.765864 10 
0 0.771001 10 
0 0.782684 10 
0 0.788557 10 
0 0.866952 10 
0 0.879121 10 
0 0.88017 10 
0 0.949682 10 
0 0.950977 10 
0 0.979257 10 
0 0.982507 10 
0 1.00118 10 
0 1.00566 10 
0 1.10565 10 
0 1.10648 10 
0 1.13769 10 
0 1.13779 10 
0 1.16115 10 
0 1.1717 10 
0 1.19055 10 
0 2.01177 10 
0 2.0136 10 
0 2.01398 10 
0 2.07715 10 
0 2.07776 10 
0 inf 10 
0 0.10265 11 
0 0.104505 11 
0 0.104505 11 
0 0.107051 11 
0 0.123392 11 
0 0.123398 11 
0 0.133286 11 
0 0.133868 11 
0 0.147002 11 
0 0.153113 11 
0 0.15317 11 
0 0.16027 11 
0 0.164545 11 
0 0.17606 11 
0 0.178582 11 
0 0.185005 11 
0 0.189305 11 
0 0.190925 11 
0 0.196615 11 
0 0.198624 11 
0 0.200487 11 
0 0.205039 11 
0 0.224605 11 
0 0.235956 11 
0 0.25642 11 
0 0.25878 11 
0 0.2597 11 
0 0.260451 11 
0 0.271006 11 
0 0.271965 11 
0 0.275503 11 
0 0.277732 11 
0 0.28092 11 
0 0.28092 11 
0 0.290183 11 
0 0.297903 11 
0 0.300084 11 
0 0.304486 11 
0 0.3065 11 
0 0.322071 11 
0 0.372067 11 
0 0.372789 11 
0 0.419374 11 
0 0.44534 11 
0 0.464611 11 
0 0.500316 11 
0 0.511121 11 
0 0.52782 11 
0 0.534768 11 
0 0.544881 11 
0 0.545727 11 
0 0.565908 11 
0 0.582413 11 
0 0.584258 11 
0 0.585047 11 
0 0.613924 11 
0 0.655419 11 
0 0.662866 11 
0 0.664893 11 
0 0.673911 11 
0 0.768394 11 
0 0.775059 11 
0 0.775803 11 
0 0.778924 11 
0 0.778924 11 
0 0.787717 11 
0 0.797314 11 
0 0.824188 11 
0 0.824188 11 
0 0.84993 11 
0 0.906178 11 
0 0.918275 11 
0 0.958995 11 
0 0.964182 11 
0 0.965018 11 
0 0.968836 11 
0 0.976395 11 
0 0.978283 11 
0 0.981579 11 
0 1.05751 11 
0 1.05969 11 
0 1.10267 11 
0 1.4498 11 
0 1.45072 11 
0 1.79038 11 
0 1.79124 11 
0 2.01671 11 
0 2.01673 11 
0 2.02579 11 
0 2.02664 11 
0 2.03516 11 
0 inf 11 
0 0.0996064 12 
0 0.110234 12 
0 0.133861 12 
0 0.136421 12 
0 0.136421 12 
0 0.150621 12 
0 0.163047 12 
0 0.169367 12 
0 0.180163 12 
0 0.182478 12 
0 0.185135 12 
0 0.189319 12 
0 0.190922 12 
0 0.191727 12 
0 0.201108 12 
0 0.201122 12 
0 0.217117 12 
0 0.238395 12 
0 0.238682 12 
0 0.238682 12 
0 0.246613 12 
0 0.24835 12 
0 0.289521 12 
0 0.300087 12 
0 0.300368 12 
0 0.30037 12 
0 0.302493 12 
0 0.304611 12 
0 0.305745 12 
0 0.312482 12 
0 0.313955 12 
0 0.319452 12 
0 0.324568 12 
0 0.330554 12 
0 0.332546 12 
0 0.341791 12 
0 0.347808 12 
0 0.351875 12 
0 0.352426 12 
0 0.403781 12 
0 0.433797 12 
0 0.442572 12 
0 0.548327 12 
0 0.552518 12 
0 0.570944 12 
0 0.577572 12 
0 0.604032 12 
0 0.614485 12 
0 0.633851 12 
0 0.633952 12 
0 0.63724 12 
0 0.639026 12 
0 0.639447 12 
0 0.642158 12 
0 0.643055 12 
0 0.670283 12 
0 0.753623 12 
0 0.754847 12 
0 0.810621 12 
0 0.811379 12 
0 0.817455 12 
0 0.86193 12 
0 0.868399 12 
0 0.878305 12 
0 0.952568 12 
0 0.957177 12 
0 0.963782 12 
0 0.981758 12 
0 0.986446 12 
0 0.986796 12 
0 1.0355 12 
0 1.0361 12 
0 1.053 12 
0 1.06262 12 
0 1.0649 12 
0 1.07432 12 
0 1.09748 12 
0 1.09773 12 
0 1.10464 12 
0 1.14068 12 
0 1.15944 12 
0 1.15944 12 
0 2.00236 12 
0 2.00397 12 
0 2.01293 12 
0 2.0136 12 
0 2.01402 12 
0 inf 12 
0 0.151305 13 
0 0.153575 13 
0 0.165246 13 
0 0.170491 13 
0 0.181637 13 
0 0.18416 13 
0 0.206409 13 
0 0.222374 13 
0 0.234983 13 
0 0.238744 13 
0 0.2408 13 
0 0.244612 13 
0 0.246332 13 
0 0.253736 13 
0 0.256989 13 
0 0.260112 13 
0 0.269157 13 
0 0.282669 13 
0 0.289333 13 
0 0.289333 13 
0 0.295448 13 
0 0.295963 13 
0 0.298928 13 
0 0.29893 13 
0 0.306426 13 
0 0.313342 13 
0 0.313342 13 
0 0.326953 13 
0 0.335191 13 
0 0.338053 13 
0 0.448685 13 
0 0.454573 13 
0 0.454657 13 
0 0.460039 13 
0 0.481046 13 
0 0.500857 13 
0 0.508701 13 
0 0.555434 13 
0 0.555692 13 
0 0.556246 13 
0 0.562246 13 
0 0.577507 13 
0 0.580495 13 
0 0.582555 13 
0 0.58792 13 
0 0.591791 13 
0 0.609965 13 
0 0.609965 13 
0 0.617459 13 
0 0.621739 13 
0 0.623037 13 
0 0.638148 13 
0 0.669116 13 
0 0.670495 13 
0 0.67324 13 
0 0.692096 13 
0 0.743314 13 
0 0.746257 13 
0 0.746411 13 
0 0.748264 13 
0 0.751399 13 
0 0.761759 13 
0 0.847239 13 
0 0.861283 13 
0 0.882028 13 
0 0.889667 13 
0 0.892041 13 
0 0.968492 13 
0 0.976203 13 
0 0.983619 13 
0 0.99363 13 
0 0.996521 13 
0 1.00762 13 
0 1.04893 13 
0 1.05025 13 
0 1.16107 13 
0 1.16315 13 
0 1.16371 13 
0 2.00065 13 
0 2.00075 13 
0 2.00521 13 
0 2.0056 13 
0 2.00567 13 
0 inf 13 
0 0.124946 14 
0 0.134148 14 
0 0.152359 14 
0 0.155888 14 
0 0.176263 14 
0 0.17843 14 
0 0.193723 14 
0 0.198624 14 
0 0.20715 14 
0 0.209921 14 
0 0.212651 14 
0 0.220122 14 
0 0.223746 14 
0 0.224261 14 
0 0.225971 14 
0 0.22665 14 
0 0.228878 14 
0 0.228878 14 
0 0.231863 14 
0 0.235635 14 
0 0.239485 14 
0 0.276023 14 
0 0.278795 14 
0 0.280445 14 
0 0.285378 14 
0 0.303403 14 
0 0.313007 14 
0 0.315282 14 
0 0.329141 14 
0 0.333821 14 
0 0.335733 14 
0 0.340335 14 
0 0.3574 14 
0 0.367164 14 
0 0.367268 14 
0 0.375457 14 
0 0.379218 14 
0 0.394331 14 
0 0.397747 14 
0 0.405408 14 
0 0.45828 14 
0 0.462373 14 
0 0.46453 14 
0 0.471023 14 
0 0.583467 14 
0 0.599055 14 
0 0.599055 14 
0 0.612063 14 
0 0.614266 14 
0 0.61457 14 
0 0.615997 14 
0 0.617566 14 
0 0.62405 14 
0 0.626816 14 
0 0.739423 14 
0 0.74207 14 
0 0.788817 14 
0 0.790764 14 
0 0.792513 14 
0 0.815606 14 
0 0.850018 14 
0 0.863972 14 
0 0.864506 14 
0 0.924996 14 
0 0.925037 14 
0 0.928357 14 
0 0.940406 14 
0 0.98431 14 
0 0.990231 14 
0 0.993641 14 
0 1.06107 14 
0 1.11656 14 
0 1.12017 14 
0 1.12233 14 
0 2.00198 14 
0 2.00198 14 
0 2.00342 14 
0 2.00917 14 
0 2.00918 14 
0 inf 14 
0 0.0480323 15 
0 0.0907107 15 
0 0.123394 15 
0 0.12587 15 
0 0.153653 15 
0 0.153655 15 
0 0.164029 15 
0 0.164529 15 
0 0.16548 15 
0 0.166154 15 
0 0.174293 15 
0 0.193727 15 
0 0.213008 15 
0 0.213729 15 
0 0.215343 15 
0 0.216589 15 
0 0.218181 15 
0 0.220842 15 
0 0.229517 15 
0 0.236449 15 
0 0.240348 15 
0 0.241281 15 
0 0.24791 15 
0 0.250224 15 
0 0.254315 15 
0 0.278667 15 
0 0.280309 15 
0 0.280721 15 
0 0.290681 15 
0 0.292313 15 
0 0.294361 15 
0 0.323585 15 
0 0.33115 15 
0 0.365678 15 
0 0.37563 15 
0 0.377905 15 
0 0.382759 15 
0 0.388017 15 
0 0.389205 15 
0 0.436095 15 
0 0.446205 15 
0 0.488343 15 
0 0.517549 15 
0 0.573162 15 
0 0.57897 15 
0 0.579567 15 
0 0.583732 15 
0 0.60636 15 
0 0.636857 15 
0 0.638967 15 
0 0.639509 15 
0 0.696537 15 
0 0.706514 15 
0 0.731765 15 
0 0.737875 15 
0 0.738657 15 
0 0.745845 15 
0 0.829862 15 
0 0.855303 15 
0 0.855707 15 
0 0.858579 15 
0 1.00532 15 
0 1.02257 15 
0 1.02438 15 
0 1.05248 15 
0 1.08011 15 
0 1.08029 15 
0 1.08029 15 
0 1.11382 15 
0 1.11409 15 
0 1.11616 15 
0 2.00055 15 
0 2.07443 15 
0 2.0745 15 
0 2.07478 15 
0 inf 15 
0 0.0964693 16 
0 0.098827 16 
0 0.0988281 16 
0 0.104505 16 
0 0.127384 16 
0 0.131835 16 
0 0.131837 16 
0 0.171593 16 
0 0.188495 16 
0 0.192745 16 
0 0.210829 16 
0 0.223714 16 
0 0.225122 16 
0 0.226278 16 
0 0.231022 16 
0 0.238747 16 
0 0.240288 16 
0 0.242201 16 
0 0.268582 16 
0 0.268582 16 
0 0.279346 16 
0 0.291137 16 
0 0.293296 16 
0 0.294162 16 
0 0.294734 16 
0 0.2954 16 
0 0.297797 16 
0 0.297848 16 
0 0.299907 16 
0 0.319416 16 
0 0.320491 16 
0 0.321336 16 
0 0.334156 16 
0 0.41459 16 
0 0.441067 16 
0 0.442893 16 
0 0.503845 16 
0 0.545327 16 
0 0.564525 16 
0 0.585049 16 
0 0.586827 16 
0 0.611978 16 
0 0.617296 16 
0 0.617296 16 
0 0.61972 16 
0 0.753639 16 
0 0.772984 16 
0 0.773183 16 
0 0.773431 16 
0 0.795373 16 
0 0.798509 16 
0 0.80465 16 
0 0.883542 16 
0 0.924002 16 
0 0.95227 16 
0 0.95227 16 
0 0.95336 16 
0 0.987436 16 
0 1.00423 16 
0 1.00607 16 
0 1.05233 16 
0 1.50116 16 
0 1.50474 16 
0 1.50487 16 
0 1.80015 16 
0 1.83235 16 
0 1.83426 16 
0 2.00604 16 
0 2.04791 16 
0 2.04967 16 
0 2.04988 16 
0 inf 16 
0 0.154325 17 
0 0.158018 17 
0 0.21872 17 
0 0.233142 17 
0 0.233618 17 
0 0.233698 17 
0 0.233862 17 
0 0.235011 17 
0 0.236965 17 
0 0.237065 17 
0 0.239364 17 
0 0.239365 17 
0 0.241726 17 
0 0.242555 17 
0 0.245513 17 
0 0.253275 17 
0 0.254923 17 
0 0.255693 17 
0 0.264644 17 
0 0.266381 17 
0 0.271991 17 
0 0.27272 17 
0 0.273143 17 
0 0.276618 17 
0 0.277035 17 
0 0.279895 17 
0 0.281128 17 
0 0.284238 17 
0 0.287468 17 
0 0.290015 17 
0 0.290791 17 
0 0.293948 17 
0 0.347364 17 
0 0.591517 17 
0 0.607881 17 
0 0.61223 17 
0 0.632311 17 
0 0.633951 17 
0 0.638301 17 
0 0.657306 17 
0 0.69373 17 
0 0.714738 17 
0 0.728168 17 
0 0.728538 17 
0 0.750161 17 
0 0.752004 17 
0 0.758876 17 
0 0.763725 17 
0 0.855279 17 
0 0.955736 17 
0 0.959951 17 
0 0.963151 17 
0 0.998807 17 
0 1.04619 17 
0 1.04693 17 
0 1.07009 17 
0 1.07303 17 
0 1.20352 17 
0 1.2222 17 
0 1.22257 17 
0 1.30394 17 
0 1.30394 17 
0 1.30453 17 
0 2.00397 17 
0 2.00763 17 
0 2.00938 17 
0 2.01008 17 
0 inf 17 
0 0.129183 18 
0 0.133861 18 
0 0.137255 18 
0 0.138655 18 
0 0.164025 18 
0 0.165941 18 
0 0.167784 18 
0 0.167784 18 
0 0.183677 18 
0 0.186789 18 
0 0.221189 18 
0 0.223781 18 
0 0.233205 18 
0 0.235828 18 
0 0.237911 18 
0 0.238557 18 
0 0.240003 18 
0 0.240129 18 
0 0.240289 18 
0 0.242836 18 
0 0.249736 18 
0 0.25323 18 
0 0.254435 18 
0 0.26145 18 
0 0.283969 18 
0 0.283969 18 
0 0.285589 18 
0 0.430864 18 
0 0.527844 18 
0 0.544412 18 
0 0.589256 18 
0 0.609195 18 
0 0.614225 18 
0 0.616364 18 
0 0.617362 18 
0 0.638534 18 
0 0.638715 18 
0 0.653528 18 
0 0.654644 18 
0 0.655877 18 
0 0.658042 18 
0 0.744967 18 
0 0.746049 18 
0 0.752363 18 
0 0.752976 18 
0 0.932702 18 
0 0.950249 18 
0 0.955092 18 
0 0.957022 18 
0 0.957383 18 
0 0.973647 18 
0 1.05347 18 
0 1.08709 18 
0 1.09207 18 
0 1.09327 18 
0 1.09345 18 
0 1.09376 18 
0 1.09397 18 
0 1.39415 18 
0 2.00775 18 
0 2.00804 18 
0 2.01339 18 
0 2.01463 18 
0 inf 18 
0 0.121832 19 
0 0.122136 19 
0 0.124629 19 
0 0.125563 19 
0 0.127073 19 
0 0.143831 19 
0 0.154574 19 
0 0.159471 19 
0 0.159471 19 
0 0.166867 19 
0 0.176718 19 
0 0.177585 19 
0 0.212468 19 
0 0.236453 19 
0 0.240324 19 
0 0.245981 19 
0 0.254132 19 
0 0.255942 19 
0 0.300675 19 
0 0.302079 19 
0 0.310736 19 
0 0.313501 19 
0 0.323166 19 
0 0.326363 19 
0 0.427641 19 
0 0.489048 19 
0 0.50885 19 
0 0.53029 19 
0 0.531036 19 
0 0.531086 19 
0 0.531449 19 
0 0.533419 19 
0 0.547583 19 
0 0.569876 19 
0 0.589173 19 
0 0.606348 19 
0 0.613722 19 
0 0.6412 19 
0 0.645027 19 
0 0.646455 19 
0 0.710981 19 
0 0.719635 19 
0 0.781282 19 
0 0.781282 19 
0 0.782462 19 
0 0.782904 19 
0 0.897504 19 
0 0.899498 19 
0 0.945829 19 
0 0.945951 19 
0 0.946642 19 
0 0.970263 19 
0 0.973215 19 
0 1.06573 19 
0 1.13258 19 
0 1.13868 19 
0 2.00535 19 
0 2.00794 19 
0 2.00978 19 
0 inf 19 
0 0.0999917 20 
0 0.11162 20 
0 0.116999 20 
0 0.131834 20 
0 0.135006 20 
0 0.138653 20 
0 0.153367 20 
0 0.160046 20 
0 0.160236 20 
0 0.161907 20 
0 0.165694 20 
0 0.20095 20 
0 0.204725 20 
0 0.205475 20 
0 0.205677 20 
0 0.213908 20 
0 0.246136 20 
0 0.246137 20 
0 0.246137 20 
0 0.260584 20 
0 0.297975 20 
0 0.30562 20 
0 0.307502 20 
0 0.310909 20 
0 0.350992 20 
0 0.361782 20 
0 0.378306 20 
0 0.378306 20 
0 0.382852 20 
0 0.415987 20 
0 0.432732 20 
0 0.440133 20 
0 0.448698 20 
0 0.528837 20 
0 0.530289 20 
0 0.534909 20 
0 0.59547 20 
0 0.633225 20 
0 0.634924 20 
0 0.673983 20 
0 0.691944 20 
0 0.756571 20 
0 0.7633 20 
0 0.771598 20 
0 0.772196 20 
0 0.859693 20 
0 0.96669 20 
0 0.983446 20 
0 0.984696 20 
0 1.19875 20 
0 1.20093 20 
0 2.01144 20 
0 2.01152 20 
0 2.06103 20 
0 3.19558 20 
0 inf 20 
