4.47029 7.97345 1 
1.03944 2.64142 1 
0.233444 0.242377 1 
0.206519 0.243617 1 
0.188786 0.263649 1 
0.165002 0.202777 1 
0.143161 0.144359 1 
0.136767 0.140427 1 
0.128215 0.142026 1 
0.116954 0.175405 1 
0.105611 0.139809 1 
0.103961 0.109321 1 
0.0973155 0.132431 1 
0.0850136 0.090424 1 
0.0817791 0.0858981 1 
0.0792369 0.0795087 1 
0.0763216 0.0813824 1 
0.0537724 0.0655276 1 
0.0500262 0.0537667 1 
5.9642 6.02144 2 
3.90372 6.03059 2 
0.84043 3.51891 2 
0.213761 0.229011 2 
0.194134 0.21637 2 
0.190944 0.193297 2 
0.190543 0.193472 2 
0.190384 0.203046 2 
0.189532 0.199185 2 
0.188903 0.245732 2 
0.1877 0.2103 2 
0.161902 0.168366 2 
0.148781 0.194364 2 
0.129475 0.133731 2 
0.100159 0.106019 2 
0.0973183 0.10561 2 
0.095641 0.106425 2 
0.0920878 0.0990866 2 
0.0867718 0.151009 2 
0.0858969 0.106527 2 
0.0813853 0.0837379 2 
0.0612686 0.0681058 2 
4.31572 4.6501 3 
4.31452 4.64997 3 
3.40672 4.66081 3 
0.910119 0.914952 3 
0.763459 3.61952 3 
0.215026 0.227412 3 
0.203839 0.211677 3 
0.174595 0.219732 3 
0.172238 0.225784 3 
0.165663 0.172987 3 
0.160769 0.227836 3 
0.14863 0.162498 3 
0.147979 0.169072 3 
0.136615 0.144664 3 
0.131793 0.13414 3 
0.102502 0.157648 3 
0.0882505 0.0897055 3 
0.0425645 0.0430738 3 
3.20523 3.23812 4 
2.91241 3.16363 4 
2.91134 3.58007 4 
2.91105 3.49667 4 
2.90897 3.40836 4 
1.09401 3.24476 4 
0.187646 0.19519 4 
0.183815 0.207618 4 
0.174667 0.193245 4 
0.171038 0.171605 4 
0.158943 0.199561 4 
0.147175 0.170026 4 
0.127885 0.208867 4 
0.127204 0.183101 4 
0.0857713 0.086895 4 
0.0781382 0.0842492 4 
2.98619 3.07688 5 
2.83335 2.84584 5 
1.96831 2.84635 5 
0.179829 0.196838 5 
0.165332 0.175772 5 
0.161836 0.212345 5 
0.158816 0.169135 5 
0.157585 0.191234 5 
0.103549 0.129556 5 
0.0878828 0.0899453 5 
0.0832177 0.0837352 5 
2.70877 2.7187 6 
2.70875 2.73406 6 
2.60722 2.66627 6 
2.51968 2.53202 6 
2.51408 2.54554 6 
2.50515 2.54351 6 
1.70067 2.55118 6 
0.43505 0.438747 6 
0.316594 0.317172 6 
0.14798 0.165462 6 
0.140116 0.161569 6 
0.123147 0.132274 6 
2.83337 2.91641 7 
2.62621 2.98475 7 
1.92631 2.27213 7 
1.9021 2.22473 7 
1.73829 2.27173 7 
1.65483 1.89057 7 
1.51212 1.7007 7 
1.41225 1.69034 7 
0.173045 0.183336 7 
0.166892 0.173792 7 
0.127961 0.129055 7 
0.118512 0.151152 7 
0.117683 0.126947 7 
2.34044 2.36883 8 
2.11569 2.23825 8 
2.09273 2.09306 8 
1.94095 1.9875 8 
1.54228 1.69003 8 
1.42444 2.14212 8 
1.24378 2.00178 8 
0.342556 0.378368 8 
0.330268 0.342012 8 
0.132357 0.136452 8 
0.127886 0.133334 8 
0.113388 0.126267 8 
0.112625 0.113302 8 
0.102184 0.11621 8 
2.58438 2.83721 9 
2.58396 2.83739 9 
1.64116 1.73128 9 
1.54783 1.69808 9 
1.18984 1.78086 9 
0.599477 0.625488 9 
0.33629 0.369341 9 
0.117316 0.129971 9 
0.111766 0.116398 9 
2.21474 2.23727 10 
2.18735 2.20511 10 
1.70579 1.78994 10 
1.41343 1.45024 10 
1.27354 1.49298 10 
0.513 0.528329 10 
0.342393 0.346682 10 
0.131953 0.145337 10 
1.69389 1.78694 11 
1.62829 1.63253 11 
1.34782 1.67299 11 
1.34764 1.62447 11 
1.29072 1.31315 11 
1.2534 1.45097 11 
0.683867 0.714073 11 
0.420352 0.441873 11 
0.095302 0.0980881 11 
1.41071 1.56903 12 
1.40768 1.52023 12 
1.39081 1.56555 12 
1.20462 1.21089 12 
1.19679 1.22665 12 
1.11627 1.22665 12 
0.987647 1.13141 12 
0.471368 0.53289 12 
0.429213 0.443256 12 
0.412892 0.419834 12 
1.17463 1.21439 13 
1.10228 1.18596 13 
1.09678 1.18513 13 
2.60598 2.67262 14 
2.60596 2.67305 14 
2.60536 2.67339 14 
1.27406 1.27458 14 
2.08051 2.13 15 
1.80741 1.84545 15 
1.80717 1.84483 15 
1.80579 1.84811 15 
1.69887 1.95676 16 
1.52823 1.58056 16 
1.32215 1.83068 16 
1.28239 1.32379 16 
1.26759 1.41389 16 
1.2081 1.5882 16 
0.436119 0.475114 16 
1.33518 1.49658 17 
1.33422 1.50257 17 
1.33351 1.50074 17 
1.32968 1.49844 17 
1.24953 1.2802 17 
1.19507 1.21102 17 
1.17653 1.21208 17 
1.15385 1.17672 17 
1.54143 1.69098 18 
1.5324 1.67688 18 
1.53187 1.67775 18 
1.53178 1.67734 18 
1.64288 1.72986 19 
1.64226 1.72832 19 
0.575489 0.598212 19 
0.582639 0.716536 20 
0.411607 0.424078 20 
0.342774 0.359393 20 
