0 0.0176499 1 
0 0.0182702 1 
0 0.0194538 1 
0 0.0205717 1 
0 0.0221324 1 
0 0.0226238 1 
0 0.022628 1 
0 0.0253994 1 
0 0.0262601 1 
0 0.0279155 1 
0 0.0283017 1 
0 0.0283017 1 
0 0.0290847 1 
0 0.0294648 1 
0 0.0298362 1 
0 0.0298369 1 
0 0.0309366 1 
0 0.0309389 1 
0 0.0312878 1 
0 0.0312939 1 
0 0.0312943 1 
0 0.0312999 1 
0 0.0323434 1 
0 0.0340226 1 
0 0.0340226 1 
0 0.0343498 1 
0 0.0346698 1 
0 0.0362402 1 
0 0.0362472 1 
0 0.0365459 1 
0 0.0377475 1 
0 0.0383299 1 
0 0.0386153 1 
0 0.038619 1 
0 0.0386226 1 
0 0.0391916 1 
0 0.0391916 1 
0 0.040034 1 
0 0.0411315 1 
0 0.041403 1 
0 0.0416687 1 
0 0.0419354 1 
0 0.0421913 1 
0 0.0422013 1 
0 0.0440102 1 
0 0.0450071 1 
0 0.0450108 1 
0 0.0457439 1 
0 0.046707 1 
0 0.0467071 1 
0 0.0467072 1 
0 0.0467072 1 
0 0.047176 1 
0 0.0471835 1 
0 0.04835 1 
0 0.0485779 1 
0 0.0487989 1 
0 0.0488018 1 
0 0.0490359 1 
0 0.0494885 1 
0 0.0494914 1 
0 0.0514727 1 
0 0.0523284 1 
0 0.0531731 1 
0 0.0542076 1 
0 0.0544099 1 
0 0.0546051 1 
0 0.0558262 1 
0 0.0560247 1 
0 0.0579824 1 
0 0.0611541 1 
0 0.0670529 1 
0 0.0703021 1 
0 0.0707707 1 
0 0.0712413 1 
0 0.0730936 1 
0 0.0735485 1 
0 0.074451 1 
0 0.0781022 1 
0 0.0789496 1 
0 0.0804844 1 
0 0.0807671 1 
0 0.0810357 1 
0 0.0843995 1 
0 0.0851911 1 
0 0.088393 1 
0 0.0902619 1 
0 0.0953044 1 
0 0.10801 1 
0 0.110351 1 
0 0.11833 1 
0 0.125453 1 
0 0.137229 1 
0 0.137962 1 
0 0.139643 1 
0 0.140912 1 
0 0.145729 1 
0 0.199729 1 
0 0.217038 1 
0 0.240668 1 
0 0.277889 1 
0 0.356273 1 
0 0.369913 1 
0 0.447949 1 
0 0.494661 1 
0 0.521958 1 
0 0.522585 1 
0 0.552337 1 
0 0.603213 1 
0 0.609772 1 
0 0.610496 1 
0 0.639973 1 
0 0.650109 1 
0 0.666336 1 
0 0.697517 1 
0 0.834674 1 
0 0.881279 1 
0 0.981076 1 
0 0.983453 1 
0 0.983561 1 
0 1.18296 1 
0 1.28922 1 
0 1.77104 1 
0 1.83312 1 
0 2.70995 1 
0 2.7108 1 
0 3.45397 1 
0 3.6074 1 
0 4.22897 1 
0 4.28974 1 
0 4.36571 1 
0 inf 1 
0 0.0176473 2 
0 0.0182727 2 
0 0.0231171 2 
0 0.0240583 2 
0 0.0258397 2 
0 0.0262673 2 
0 0.027505 2 
0 0.0275118 2 
0 0.0275152 2 
0 0.0286893 2 
0 0.0286942 2 
0 0.0286989 2 
0 0.0290847 2 
0 0.0305783 2 
0 0.031998 2 
0 0.0319993 2 
0 0.0333571 2 
0 0.0333599 2 
0 0.0333621 2 
0 0.0340225 2 
0 0.0349902 2 
0 0.0349923 2 
0 0.0359386 2 
0 0.0362401 2 
0 0.0362401 2 
0 0.0368521 2 
0 0.0368544 2 
0 0.0371492 2 
0 0.0377425 2 
0 0.0391904 2 
0 0.0394728 2 
0 0.0408602 2 
0 0.0408637 2 
0 0.0411313 2 
0 0.0411319 2 
0 0.0411347 2 
0 0.0427217 2 
0 0.0429826 2 
0 0.0434958 2 
0 0.044253 2 
0 0.0459844 2 
0 0.046228 2 
0 0.0481143 2 
0 0.0481153 2 
0 0.0485707 2 
0 0.0488115 2 
0 0.0488115 2 
0 0.0490276 2 
0 0.0497079 2 
0 0.0503756 2 
0 0.0505992 2 
0 0.0506007 2 
0 0.0548194 2 
0 0.0573966 2 
0 0.0591251 2 
0 0.060237 2 
0 0.0615106 2 
0 0.0629479 2 
0 0.0639883 2 
0 0.0645192 2 
0 0.064866 2 
0 0.0650346 2 
0 0.0733951 2 
0 0.0735466 2 
0 0.0763685 2 
0 0.0785241 2 
0 0.0842675 2 
0 0.0907566 2 
0 0.0936558 2 
0 0.0957682 2 
0 0.100088 2 
0 0.110349 2 
0 0.111551 2 
0 0.123664 2 
0 0.127387 2 
0 0.132613 2 
0 0.14178 2 
0 0.142564 2 
0 0.142952 2 
0 0.145575 2 
0 0.150389 2 
0 0.152667 2 
0 0.155555 2 
0 0.158953 2 
0 0.165403 2 
0 0.169262 2 
0 0.175774 2 
0 0.215753 2 
0 0.241228 2 
0 0.304746 2 
0 0.336745 2 
0 0.366865 2 
0 0.460486 2 
0 0.500676 2 
0 0.505411 2 
0 0.510758 2 
0 0.512932 2 
0 0.515544 2 
0 0.518678 2 
0 0.529847 2 
0 0.532716 2 
0 0.642634 2 
0 0.666583 2 
0 0.719412 2 
0 0.730784 2 
0 0.732077 2 
0 0.755428 2 
0 0.77073 2 
0 0.782648 2 
0 0.805926 2 
0 0.817893 2 
0 0.83038 2 
0 0.850045 2 
0 1.05824 2 
0 1.0773 2 
0 1.4859 2 
0 1.49313 2 
0 2.27189 2 
0 2.86355 2 
0 2.86778 2 
0 3.05123 2 
0 3.1581 2 
0 3.19166 2 
0 3.22691 2 
0 3.29609 2 
0 3.85549 2 
0 3.91629 2 
0 inf 2 
0 0.0216188 3 
0 0.0245105 3 
0 0.0258452 3 
0 0.025847 3 
0 0.0262655 3 
0 0.0286958 3 
0 0.0294591 3 
0 0.0294636 3 
0 0.0319993 3 
0 0.0330273 3 
0 0.0333627 3 
0 0.034351 3 
0 0.0356273 3 
0 0.0359386 3 
0 0.0359386 3 
0 0.03624 3 
0 0.0362442 3 
0 0.0374412 3 
0 0.0374444 3 
0 0.0374462 3 
0 0.0386159 3 
0 0.0389015 3 
0 0.0400306 3 
0 0.040586 3 
0 0.0411295 3 
0 0.0413973 3 
0 0.0416707 3 
0 0.0416734 3 
0 0.0421992 3 
0 0.0427264 3 
0 0.0429861 3 
0 0.0435017 3 
0 0.0442535 3 
0 0.0442548 3 
0 0.0442563 3 
0 0.0457474 3 
0 0.0457475 3 
0 0.0490327 3 
0 0.0492579 3 
0 0.0510324 3 
0 0.0510324 3 
0 0.0525378 3 
0 0.053999 3 
0 0.0542033 3 
0 0.0573988 3 
0 0.0589296 3 
0 0.0593037 3 
0 0.062948 3 
0 0.066385 3 
0 0.0670572 3 
0 0.0709324 3 
0 0.0825348 3 
0 0.085577 3 
0 0.0873848 3 
0 0.0893951 3 
0 0.0916086 3 
0 0.0932946 3 
0 0.0935354 3 
0 0.0991905 3 
0 0.0991909 3 
0 0.0991961 3 
0 0.108718 3 
0 0.110751 3 
0 0.110751 3 
0 0.115084 3 
0 0.123392 3 
0 0.130071 3 
0 0.136501 3 
0 0.139486 3 
0 0.139645 3 
0 0.140359 3 
0 0.143881 3 
0 0.160623 3 
0 0.163304 3 
0 0.167942 3 
0 0.244943 3 
0 0.318464 3 
0 0.336376 3 
0 0.34046 3 
0 0.391172 3 
0 0.413071 3 
0 0.413071 3 
0 0.440031 3 
0 0.440737 3 
0 0.442171 3 
0 0.457655 3 
0 0.4631 3 
0 0.47652 3 
0 0.503228 3 
0 0.512582 3 
0 0.585003 3 
0 0.603377 3 
0 0.613815 3 
0 0.61512 3 
0 0.624479 3 
0 0.636299 3 
0 0.639131 3 
0 0.661403 3 
0 0.699356 3 
0 0.702463 3 
0 0.703491 3 
0 0.717456 3 
0 0.725221 3 
0 0.728305 3 
0 0.740215 3 
0 0.991133 3 
0 1.07969 3 
0 1.08283 3 
0 1.41347 3 
0 2.0609 3 
0 2.3225 3 
0 2.39633 3 
0 2.55338 3 
0 2.55583 3 
0 2.55588 3 
0 2.60909 3 
0 2.78677 3 
0 2.80983 3 
0 2.8148 3 
0 2.81496 3 
0 3.36387 3 
0 3.43021 3 
0 3.4631 3 
0 inf 3 
0 0.0156542 4 
0 0.0163497 4 
0 0.0170169 4 
0 0.01828 4 
0 0.0182805 4 
0 0.023592 4 
0 0.0249689 4 
0 0.0275152 4 
0 0.0302064 4 
0 0.0305726 4 
0 0.0312999 4 
0 0.0336977 4 
0 0.0346657 4 
0 0.0346766 4 
0 0.0353025 4 
0 0.0374462 4 
0 0.0386202 4 
0 0.0394736 4 
0 0.0394741 4 
0 0.0394751 4 
0 0.0397482 4 
0 0.0400299 4 
0 0.0408623 4 
0 0.0411313 4 
0 0.0432442 4 
0 0.0457388 4 
0 0.0469384 4 
0 0.0471782 4 
0 0.0488002 4 
0 0.0494799 4 
0 0.0494866 4 
0 0.0512493 4 
0 0.0533764 4 
0 0.0537965 4 
0 0.0548177 4 
0 0.0552238 4 
0 0.0552242 4 
0 0.0560247 4 
0 0.0579752 4 
0 0.0589286 4 
0 0.0602374 4 
0 0.0602374 4 
0 0.0685366 4 
0 0.0693306 4 
0 0.0704544 4 
0 0.0739993 4 
0 0.0800686 4 
0 0.0809 4 
0 0.0902642 4 
0 0.0910002 4 
0 0.0922188 4 
0 0.10913 4 
0 0.111551 4 
0 0.113918 4 
0 0.114798 4 
0 0.118516 4 
0 0.12921 4 
0 0.129212 4 
0 0.13715 4 
0 0.13715 4 
0 0.139325 4 
0 0.140202 4 
0 0.141148 4 
0 0.147926 4 
0 0.147926 4 
0 0.152594 4 
0 0.182978 4 
0 0.331448 4 
0 0.374026 4 
0 0.378247 4 
0 0.405316 4 
0 0.406233 4 
0 0.436394 4 
0 0.438404 4 
0 0.466763 4 
0 0.468786 4 
0 0.479629 4 
0 0.509438 4 
0 0.516867 4 
0 0.525132 4 
0 0.528062 4 
0 0.564411 4 
0 0.565242 4 
0 0.579799 4 
0 0.584475 4 
0 0.5957 4 
0 0.597526 4 
0 0.599606 4 
0 0.60519 4 
0 0.610445 4 
0 0.611058 4 
0 0.617796 4 
0 0.620673 4 
0 0.641454 4 
0 0.660921 4 
0 0.673401 4 
0 0.689666 4 
0 0.702204 4 
0 0.704103 4 
0 0.979042 4 
0 1.07191 4 
0 1.10706 4 
0 1.1704 4 
0 1.17063 4 
0 1.17268 4 
0 1.43057 4 
0 1.76319 4 
0 1.76647 4 
0 1.77094 4 
0 1.77323 4 
0 2.01755 4 
0 2.34483 4 
0 2.57371 4 
0 2.57402 4 
0 2.57408 4 
0 2.66458 4 
0 3.00789 4 
0 3.0099 4 
0 3.01035 4 
0 inf 4 
0 0.0176606 5 
0 0.0200187 5 
0 0.0221298 5 
0 0.0245147 5 
0 0.0258452 5 
0 0.0258481 5 
0 0.0279144 5 
0 0.0286991 5 
0 0.0294652 5 
0 0.0305768 5 
0 0.0309391 5 
0 0.0312973 5 
0 0.0336964 5 
0 0.0336965 5 
0 0.0343483 5 
0 0.0349923 5 
0 0.0359358 5 
0 0.0374512 5 
0 0.0377461 5 
0 0.0397552 5 
0 0.0400342 5 
0 0.0414035 5 
0 0.0419422 5 
0 0.042726 5 
0 0.0467004 5 
0 0.0467064 5 
0 0.0476426 5 
0 0.0478757 5 
0 0.0490288 5 
0 0.0503801 5 
0 0.0527476 5 
0 0.0554275 5 
0 0.0556236 5 
0 0.0556241 5 
0 0.0558224 5 
0 0.0566146 5 
0 0.0575841 5 
0 0.060235 5 
0 0.0609676 5 
0 0.0646924 5 
0 0.0710886 5 
0 0.0724797 5 
0 0.0804867 5 
0 0.0877605 5 
0 0.0892749 5 
0 0.090011 5 
0 0.091851 5 
0 0.103153 5 
0 0.106966 5 
0 0.113925 5 
0 0.118515 5 
0 0.118797 5 
0 0.119544 5 
0 0.12075 5 
0 0.141934 5 
0 0.151788 5 
0 0.155269 5 
0 0.207862 5 
0 0.219785 5 
0 0.334622 5 
0 0.338327 5 
0 0.41661 5 
0 0.439202 5 
0 0.441715 5 
0 0.458219 5 
0 0.478111 5 
0 0.484798 5 
0 0.485319 5 
0 0.501894 5 
0 0.503775 5 
0 0.528503 5 
0 0.531961 5 
0 0.55144 5 
0 0.553225 5 
0 0.556435 5 
0 0.557234 5 
0 0.561085 5 
0 0.572834 5 
0 0.576349 5 
0 0.577294 5 
0 0.581698 5 
0 0.582655 5 
0 0.596924 5 
0 0.60417 5 
0 0.607697 5 
0 0.608575 5 
0 0.615996 5 
0 0.664666 5 
0 0.669604 5 
0 0.673978 5 
0 0.843158 5 
0 0.857557 5 
0 0.858802 5 
0 0.868891 5 
0 1.068 5 
0 1.11531 5 
0 1.28382 5 
0 1.39862 5 
0 1.43481 5 
0 1.4778 5 
0 1.65655 5 
0 1.6605 5 
0 1.73005 5 
0 1.82687 5 
0 1.86266 5 
0 1.86823 5 
0 1.93698 5 
0 2.00724 5 
0 2.00879 5 
0 2.03281 5 
0 2.03872 5 
0 2.19014 5 
0 2.24556 5 
0 2.24632 5 
0 2.24658 5 
0 inf 5 
0 0.0176558 6 
0 0.0182758 6 
0 0.0205677 6 
0 0.021625 6 
0 0.0249665 6 
0 0.025408 6 
0 0.0254084 6 
0 0.0258452 6 
0 0.028314 6 
0 0.0286988 6 
0 0.0294671 6 
0 0.0298468 6 
0 0.0380397 6 
0 0.0397511 6 
0 0.0400376 6 
0 0.0416699 6 
0 0.0419356 6 
0 0.0432425 6 
0 0.0437568 6 
0 0.0452587 6 
0 0.0471788 6 
0 0.0476496 6 
0 0.0490286 6 
0 0.0497057 6 
0 0.0539932 6 
0 0.054209 6 
0 0.0564156 6 
0 0.05817 6 
0 0.060795 6 
0 0.0643477 6 
0 0.0652055 6 
0 0.0665541 6 
0 0.0665543 6 
0 0.0670512 6 
0 0.0673911 6 
0 0.0677168 6 
0 0.0685334 6 
0 0.0691781 6 
0 0.0748979 6 
0 0.083739 6 
0 0.0893985 6 
0 0.109131 6 
0 0.129985 6 
0 0.142173 6 
0 0.14272 6 
0 0.144038 6 
0 0.14611 6 
0 0.147168 6 
0 0.150909 6 
0 0.210157 6 
0 0.211736 6 
0 0.215592 6 
0 0.217185 6 
0 0.237223 6 
0 0.270212 6 
0 0.328511 6 
0 0.331246 6 
0 0.352945 6 
0 0.354728 6 
0 0.357886 6 
0 0.370394 6 
0 0.372551 6 
0 0.39247 6 
0 0.436489 6 
0 0.443572 6 
0 0.444934 6 
0 0.458986 6 
0 0.459819 6 
0 0.480389 6 
0 0.501509 6 
0 0.525074 6 
0 0.526542 6 
0 0.527492 6 
0 0.528624 6 
0 0.528813 6 
0 0.530752 6 
0 0.547283 6 
0 0.553443 6 
0 0.576719 6 
0 0.626719 6 
0 0.635325 6 
0 0.640473 6 
0 0.641723 6 
0 0.648297 6 
0 0.648984 6 
0 0.651496 6 
0 0.79918 6 
0 0.8366 6 
0 0.879699 6 
0 0.88413 6 
0 0.916605 6 
0 0.931601 6 
0 0.954875 6 
0 1.0598 6 
0 1.14651 6 
0 1.24161 6 
0 1.39106 6 
0 1.4965 6 
0 1.75637 6 
0 1.75693 6 
0 1.75693 6 
0 1.79073 6 
0 2.02428 6 
0 2.05767 6 
0 2.05899 6 
0 2.07534 6 
0 2.0995 6 
0 2.30532 6 
0 2.32738 6 
0 2.41283 6 
0 2.48925 6 
0 inf 6 
0 0.0275091 7 
0 0.0302112 7 
0 0.0312966 7 
0 0.034349 7 
0 0.0359236 7 
0 0.0368462 7 
0 0.0368544 7 
0 0.0413973 7 
0 0.04193 7 
0 0.0457468 7 
0 0.0462269 7 
0 0.0469416 7 
0 0.0497079 7 
0 0.0505899 7 
0 0.0525357 7 
0 0.0525357 7 
0 0.0525401 7 
0 0.0540015 7 
0 0.0544098 7 
0 0.0548192 7 
0 0.0562226 7 
0 0.0568109 7 
0 0.0579709 7 
0 0.0602386 7 
0 0.0602387 7 
0 0.0617002 7 
0 0.0650347 7 
0 0.0655178 7 
0 0.0665559 7 
0 0.0713967 7 
0 0.0729349 7 
0 0.0763712 7 
0 0.0847963 7 
0 0.0857106 7 
0 0.088141 7 
0 0.0900178 7 
0 0.0907539 7 
0 0.0986308 7 
0 0.108722 7 
0 0.137636 7 
0 0.138361 7 
0 0.142951 7 
0 0.14588 7 
0 0.165876 7 
0 0.173741 7 
0 0.184191 7 
0 0.202262 7 
0 0.210364 7 
0 0.250933 7 
0 0.263075 7 
0 0.265098 7 
0 0.297829 7 
0 0.299251 7 
0 0.300989 7 
0 0.33359 7 
0 0.365431 7 
0 0.38905 7 
0 0.39251 7 
0 0.396953 7 
0 0.410865 7 
0 0.412164 7 
0 0.430485 7 
0 0.458705 7 
0 0.465066 7 
0 0.484464 7 
0 0.491059 7 
0 0.518556 7 
0 0.51964 7 
0 0.524401 7 
0 0.535984 7 
0 0.536315 7 
0 0.541574 7 
0 0.545121 7 
0 0.545577 7 
0 0.576701 7 
0 0.598723 7 
0 0.629691 7 
0 0.639721 7 
0 0.650436 7 
0 0.674036 7 
0 0.676755 7 
0 0.678595 7 
0 0.695652 7 
0 0.865311 7 
0 1.01185 7 
0 1.06615 7 
0 1.10322 7 
0 1.46028 7 
0 1.49645 7 
0 1.50432 7 
0 1.50449 7 
0 1.50748 7 
0 1.51356 7 
0 1.55465 7 
0 1.59181 7 
0 1.60781 7 
0 1.61674 7 
0 1.63248 7 
0 1.64471 7 
0 1.68075 7 
0 1.8567 7 
0 2.002 7 
0 2.00213 7 
0 2.0054 7 
0 2.02014 7 
0 2.0319 7 
0 2.07114 7 
0 inf 7 
0 0.0245193 8 
0 0.0320035 8 
0 0.0374444 8 
0 0.0383307 8 
0 0.0435002 8 
0 0.0437577 8 
0 0.0523267 8 
0 0.0527544 8 
0 0.0566132 8 
0 0.057205 8 
0 0.0606032 8 
0 0.060788 8 
0 0.0643452 8 
0 0.0658841 8 
0 0.0660559 8 
0 0.0663951 8 
0 0.0667221 8 
0 0.0690211 8 
0 0.070297 8 
0 0.0718631 8 
0 0.0759353 8 
0 0.0765155 8 
0 0.08006 8 
0 0.0804873 8 
0 0.0807576 8 
0 0.0851904 8 
0 0.0970349 8 
0 0.0985184 8 
0 0.0993075 8 
0 0.10141 8 
0 0.126336 8 
0 0.127476 8 
0 0.143495 8 
0 0.144037 8 
0 0.154455 8 
0 0.15831 8 
0 0.181266 8 
0 0.182734 8 
0 0.18719 8 
0 0.189847 8 
0 0.1917 8 
0 0.202747 8 
0 0.203896 8 
0 0.210257 8 
0 0.221448 8 
0 0.249107 8 
0 0.254412 8 
0 0.280246 8 
0 0.291239 8 
0 0.319245 8 
0 0.323436 8 
0 0.331414 8 
0 0.347353 8 
0 0.398089 8 
0 0.411632 8 
0 0.416403 8 
0 0.432343 8 
0 0.43276 8 
0 0.442343 8 
0 0.461293 8 
0 0.461327 8 
0 0.464021 8 
0 0.51923 8 
0 0.524656 8 
0 0.52739 8 
0 0.528196 8 
0 0.546851 8 
0 0.575619 8 
0 0.578253 8 
0 0.588309 8 
0 0.593931 8 
0 0.594848 8 
0 0.611685 8 
0 0.631059 8 
0 0.67319 8 
0 0.677952 8 
0 0.82866 8 
0 0.842718 8 
0 0.857383 8 
0 0.894032 8 
0 0.980358 8 
0 1.0595 8 
0 1.16165 8 
0 1.21381 8 
0 1.21675 8 
0 1.25231 8 
0 1.29753 8 
0 1.32467 8 
0 1.34296 8 
0 1.34554 8 
0 1.37403 8 
0 1.37587 8 
0 1.3849 8 
0 1.40882 8 
0 1.4253 8 
0 1.47018 8 
0 1.47606 8 
0 1.47626 8 
0 2.00164 8 
0 2.00182 8 
0 2.00769 8 
0 2.00822 8 
0 2.00947 8 
0 inf 8 
0 0.0389078 9 
0 0.0416771 9 
0 0.0427243 9 
0 0.0485808 9 
0 0.0494795 9 
0 0.0512487 9 
0 0.0531659 9 
0 0.0560233 9 
0 0.0587416 9 
0 0.0587458 9 
0 0.059302 9 
0 0.0611543 9 
0 0.0680421 9 
0 0.0710851 9 
0 0.0727826 9 
0 0.0740009 9 
0 0.0789483 9 
0 0.0837414 9 
0 0.0902601 9 
0 0.0925707 9 
0 0.101193 9 
0 0.102069 9 
0 0.102828 9 
0 0.10369 9 
0 0.127719 9 
0 0.137799 9 
0 0.138041 9 
0 0.143334 9 
0 0.152441 9 
0 0.205228 9 
0 0.206885 9 
0 0.207386 9 
0 0.210534 9 
0 0.21265 9 
0 0.213044 9 
0 0.22132 9 
0 0.236746 9 
0 0.238146 9 
0 0.258329 9 
0 0.26955 9 
0 0.27863 9 
0 0.324833 9 
0 0.324866 9 
0 0.33185 9 
0 0.342445 9 
0 0.390203 9 
0 0.420483 9 
0 0.421118 9 
0 0.433376 9 
0 0.443957 9 
0 0.458365 9 
0 0.479047 9 
0 0.481524 9 
0 0.487588 9 
0 0.525334 9 
0 0.542891 9 
0 0.549537 9 
0 0.565194 9 
0 0.576091 9 
0 0.576863 9 
0 0.576874 9 
0 0.581334 9 
0 0.581966 9 
0 0.586737 9 
0 0.601768 9 
0 0.602951 9 
0 0.640509 9 
0 0.641335 9 
0 0.642331 9 
0 0.704918 9 
0 0.735635 9 
0 0.967849 9 
0 0.99177 9 
0 1.01237 9 
0 1.05009 9 
0 1.05815 9 
0 1.06303 9 
0 1.06602 9 
0 1.06604 9 
0 1.07118 9 
0 1.09154 9 
0 1.09289 9 
0 1.10052 9 
0 1.12097 9 
0 1.15361 9 
0 1.16812 9 
0 1.16837 9 
0 1.3998 9 
0 1.40176 9 
0 1.44697 9 
0 1.51539 9 
0 1.51574 9 
0 1.64208 9 
0 1.64209 9 
0 2.00127 9 
0 2.00181 9 
0 2.02098 9 
0 2.10109 9 
0 2.10109 9 
0 inf 9 
0 0.0309357 10 
0 0.0394738 10 
0 0.0411317 10 
0 0.0440109 10 
0 0.0579829 10 
0 0.0631273 10 
0 0.0643392 10 
0 0.067222 10 
0 0.0678824 10 
0 0.0688597 10 
0 0.0721706 10 
0 0.0737026 10 
0 0.0760768 10 
0 0.0811696 10 
0 0.096808 10 
0 0.10272 10 
0 0.104651 10 
0 0.108289 10 
0 0.111447 10 
0 0.14868 10 
0 0.15184 10 
0 0.161189 10 
0 0.176474 10 
0 0.180959 10 
0 0.212148 10 
0 0.217945 10 
0 0.222372 10 
0 0.224949 10 
0 0.225285 10 
0 0.238216 10 
0 0.248424 10 
0 0.265646 10 
0 0.298813 10 
0 0.324133 10 
0 0.348088 10 
0 0.351179 10 
0 0.363384 10 
0 0.364176 10 
0 0.365952 10 
0 0.391398 10 
0 0.406794 10 
0 0.407696 10 
0 0.409102 10 
0 0.425531 10 
0 0.426614 10 
0 0.451167 10 
0 0.458365 10 
0 0.481936 10 
0 0.484699 10 
0 0.487545 10 
0 0.49978 10 
0 0.500559 10 
0 0.506022 10 
0 0.507846 10 
0 0.508896 10 
0 0.50969 10 
0 0.53594 10 
0 0.536957 10 
0 0.548505 10 
0 0.549221 10 
0 0.551163 10 
0 0.578147 10 
0 0.628351 10 
0 0.628776 10 
0 0.654545 10 
0 0.711063 10 
0 0.855153 10 
0 0.855296 10 
0 0.99998 10 
0 1.05886 10 
0 1.06274 10 
0 1.06524 10 
0 1.06874 10 
0 1.07324 10 
0 1.08782 10 
0 1.08971 10 
0 1.09027 10 
0 1.11099 10 
0 1.13926 10 
0 1.14006 10 
0 1.15799 10 
0 1.15961 10 
0 1.1877 10 
0 1.39705 10 
0 1.39724 10 
0 1.40308 10 
0 1.4089 10 
0 1.42626 10 
0 1.42657 10 
0 1.43093 10 
0 2.00567 10 
0 2.00589 10 
0 2.03597 10 
0 2.04162 10 
0 2.04195 10 
0 inf 10 
0 0.0368451 11 
0 0.0371511 11 
0 0.0516868 11 
0 0.0579742 11 
0 0.064349 11 
0 0.0810272 11 
0 0.0818582 11 
0 0.0868746 11 
0 0.0948131 11 
0 0.0970396 11 
0 0.0999745 11 
0 0.12018 11 
0 0.123756 11 
0 0.131841 11 
0 0.159793 11 
0 0.162074 11 
0 0.175976 11 
0 0.181428 11 
0 0.197945 11 
0 0.205895 11 
0 0.217595 11 
0 0.219585 11 
0 0.220916 11 
0 0.230472 11 
0 0.230894 11 
0 0.260912 11 
0 0.262995 11 
0 0.293969 11 
0 0.300077 11 
0 0.303251 11 
0 0.303801 11 
0 0.332888 11 
0 0.345165 11 
0 0.349233 11 
0 0.355455 11 
0 0.3591 11 
0 0.367919 11 
0 0.39143 11 
0 0.394388 11 
0 0.397757 11 
0 0.407773 11 
0 0.409082 11 
0 0.410337 11 
0 0.432682 11 
0 0.432682 11 
0 0.460061 11 
0 0.490458 11 
0 0.522585 11 
0 0.525135 11 
0 0.534187 11 
0 0.540537 11 
0 0.566577 11 
0 0.567206 11 
0 0.567853 11 
0 0.571108 11 
0 0.59815 11 
0 0.609377 11 
0 0.628813 11 
0 0.629874 11 
0 0.641778 11 
0 0.746746 11 
0 0.79374 11 
0 0.808171 11 
0 0.816639 11 
0 0.819562 11 
0 0.819562 11 
0 0.844996 11 
0 0.84514 11 
0 0.860435 11 
0 0.860577 11 
0 0.961002 11 
0 1.02609 11 
0 1.02877 11 
0 1.06457 11 
0 1.06508 11 
0 1.0715 11 
0 1.07324 11 
0 1.07383 11 
0 1.08766 11 
0 1.10225 11 
0 1.17987 11 
0 1.36544 11 
0 1.38048 11 
0 1.4128 11 
0 1.4133 11 
0 1.41455 11 
0 2.00079 11 
0 2.00212 11 
0 2.01237 11 
0 2.01242 11 
0 2.01261 11 
0 inf 11 
0 0.0408669 12 
0 0.0729447 12 
0 0.0811659 12 
0 0.119156 12 
0 0.130582 12 
0 0.138605 12 
0 0.147248 12 
0 0.149048 12 
0 0.158931 12 
0 0.162907 12 
0 0.16693 12 
0 0.167741 12 
0 0.181448 12 
0 0.183765 12 
0 0.205117 12 
0 0.207511 12 
0 0.221772 12 
0 0.222439 12 
0 0.223242 12 
0 0.224601 12 
0 0.224678 12 
0 0.228656 12 
0 0.243896 12 
0 0.253336 12 
0 0.268811 12 
0 0.274025 12 
0 0.295812 12 
0 0.303353 12 
0 0.308053 12 
0 0.318816 12 
0 0.318954 12 
0 0.33167 12 
0 0.331972 12 
0 0.348086 12 
0 0.351902 12 
0 0.355545 12 
0 0.356764 12 
0 0.360678 12 
0 0.361695 12 
0 0.362733 12 
0 0.415169 12 
0 0.431366 12 
0 0.431882 12 
0 0.448943 12 
0 0.450056 12 
0 0.458659 12 
0 0.476786 12 
0 0.486267 12 
0 0.500008 12 
0 0.508419 12 
0 0.509082 12 
0 0.514994 12 
0 0.515319 12 
0 0.533091 12 
0 0.536107 12 
0 0.591486 12 
0 0.602517 12 
0 0.602794 12 
0 0.63265 12 
0 0.67183 12 
0 0.741905 12 
0 0.751575 12 
0 0.759549 12 
0 0.760266 12 
0 0.762416 12 
0 0.771688 12 
0 0.823382 12 
0 0.857771 12 
0 0.897335 12 
0 1.06232 12 
0 1.07041 12 
0 1.11494 12 
0 1.1158 12 
0 1.11748 12 
0 1.19112 12 
0 1.19164 12 
0 1.19172 12 
0 1.37631 12 
0 1.38517 12 
0 1.38521 12 
0 1.39202 12 
0 1.39547 12 
0 2.00148 12 
0 2.00449 12 
0 2.00467 12 
0 2.00474 12 
0 2.00502 12 
0 inf 12 
0 0.0974971 13 
0 0.100402 13 
0 0.103129 13 
0 0.141149 13 
0 0.149797 13 
0 0.159909 13 
0 0.160624 13 
0 0.176418 13 
0 0.196014 13 
0 0.209698 13 
0 0.224017 13 
0 0.228232 13 
0 0.238354 13 
0 0.250019 13 
0 0.25002 13 
0 0.27385 13 
0 0.286335 13 
0 0.300595 13 
0 0.304716 13 
0 0.311462 13 
0 0.311539 13 
0 0.311789 13 
0 0.312075 13 
0 0.31773 13 
0 0.321905 13 
0 0.33419 13 
0 0.342021 13 
0 0.348467 13 
0 0.350314 13 
0 0.351076 13 
0 0.360735 13 
0 0.361967 13 
0 0.363073 13 
0 0.3675 13 
0 0.368198 13 
0 0.368227 13 
0 0.368227 13 
0 0.36865 13 
0 0.379617 13 
0 0.38797 13 
0 0.392625 13 
0 0.432384 13 
0 0.433309 13 
0 0.433489 13 
0 0.478419 13 
0 0.485969 13 
0 0.505325 13 
0 0.563869 13 
0 0.570999 13 
0 0.577527 13 
0 0.595299 13 
0 0.601909 13 
0 0.602926 13 
0 0.603221 13 
0 0.716986 13 
0 0.748241 13 
0 0.751757 13 
0 0.859504 13 
0 0.896899 13 
0 0.915337 13 
0 0.93076 13 
0 0.930963 13 
0 0.997313 13 
0 0.997882 13 
0 0.999988 13 
0 1.06269 13 
0 1.07086 13 
0 1.08583 13 
0 1.08629 13 
0 1.08658 13 
0 1.1636 13 
0 1.16375 13 
0 1.16447 13 
0 1.36919 13 
0 1.40829 13 
0 1.5208 13 
0 1.5208 13 
0 1.52136 13 
0 2.00171 13 
0 2.0026 13 
0 2.06935 13 
0 2.06935 13 
0 2.06986 13 
0 inf 13 
0 0.0686995 14 
0 0.0713968 14 
0 0.0825076 14 
0 0.0829336 14 
0 0.0936259 14 
0 0.127736 14 
0 0.171221 14 
0 0.174318 14 
0 0.18072 14 
0 0.180903 14 
0 0.208421 14 
0 0.226232 14 
0 0.248456 14 
0 0.256696 14 
0 0.257389 14 
0 0.259668 14 
0 0.265937 14 
0 0.30526 14 
0 0.314737 14 
0 0.331686 14 
0 0.335911 14 
0 0.336351 14 
0 0.337936 14 
0 0.341214 14 
0 0.348471 14 
0 0.355079 14 
0 0.355862 14 
0 0.356206 14 
0 0.3563 14 
0 0.356639 14 
0 0.359784 14 
0 0.36891 14 
0 0.370356 14 
0 0.370986 14 
0 0.370986 14 
0 0.479023 14 
0 0.48464 14 
0 0.495427 14 
0 0.525196 14 
0 0.540178 14 
0 0.54168 14 
0 0.54168 14 
0 0.543192 14 
0 0.543322 14 
0 0.550853 14 
0 0.572255 14 
0 0.572877 14 
0 0.588413 14 
0 0.599749 14 
0 0.600935 14 
0 0.601083 14 
0 0.729255 14 
0 0.826773 14 
0 0.851517 14 
0 0.86182 14 
0 0.86244 14 
0 0.884241 14 
0 0.984429 14 
0 1.0633 14 
0 1.06707 14 
0 1.07449 14 
0 1.07464 14 
0 1.07533 14 
0 1.09384 14 
0 1.094 14 
0 1.0951 14 
0 1.36765 14 
0 1.40841 14 
0 1.44613 14 
0 1.44613 14 
0 1.44624 14 
0 1.58736 14 
0 1.58736 14 
0 1.58759 14 
0 2.00073 14 
0 2.00507 14 
0 2.05661 14 
0 2.05663 14 
0 2.05667 14 
0 inf 14 
0 0.0481154 15 
0 0.0525407 15 
0 0.0797903 15 
0 0.132442 15 
0 0.132694 15 
0 0.143937 15 
0 0.144323 15 
0 0.144324 15 
0 0.145475 15 
0 0.182373 15 
0 0.209114 15 
0 0.209469 15 
0 0.209912 15 
0 0.211179 15 
0 0.21118 15 
0 0.25294 15 
0 0.255044 15 
0 0.256775 15 
0 0.257951 15 
0 0.259371 15 
0 0.278378 15 
0 0.343641 15 
0 0.368854 15 
0 0.369133 15 
0 0.37051 15 
0 0.372936 15 
0 0.373204 15 
0 0.389355 15 
0 0.389547 15 
0 0.389633 15 
0 0.390041 15 
0 0.390839 15 
0 0.392769 15 
0 0.393386 15 
0 0.393754 15 
0 0.416564 15 
0 0.437614 15 
0 0.462956 15 
0 0.480112 15 
0 0.538833 15 
0 0.547077 15 
0 0.552161 15 
0 0.552464 15 
0 0.552544 15 
0 0.552705 15 
0 0.57336 15 
0 0.579136 15 
0 0.588639 15 
0 0.790905 15 
0 0.808612 15 
0 0.809562 15 
0 0.810056 15 
0 0.872893 15 
0 0.891478 15 
0 1.04856 15 
0 1.0527 15 
0 1.053 15 
0 1.06232 15 
0 1.09135 15 
0 1.09383 15 
0 1.09404 15 
0 1.09407 15 
0 1.12603 15 
0 1.13422 15 
0 1.13434 15 
0 1.23472 15 
0 1.41113 15 
0 1.41179 15 
0 1.41207 15 
0 1.41208 15 
0 2.00548 15 
0 2.01567 15 
0 2.01603 15 
0 2.01611 15 
0 2.25619 15 
0 inf 15 
0 0.0678817 16 
0 0.0709293 16 
0 0.0743034 16 
0 0.0765184 16 
0 0.0850525 16 
0 0.0857113 16 
0 0.0867435 16 
0 0.0873823 16 
0 0.111029 16 
0 0.134179 16 
0 0.137214 16 
0 0.142388 16 
0 0.203275 16 
0 0.213463 16 
0 0.214111 16 
0 0.219578 16 
0 0.220261 16 
0 0.220665 16 
0 0.226221 16 
0 0.226369 16 
0 0.227226 16 
0 0.239475 16 
0 0.256309 16 
0 0.263844 16 
0 0.273531 16 
0 0.273531 16 
0 0.273896 16 
0 0.292525 16 
0 0.390208 16 
0 0.390208 16 
0 0.391574 16 
0 0.391574 16 
0 0.431206 16 
0 0.451515 16 
0 0.504487 16 
0 0.513966 16 
0 0.55135 16 
0 0.551431 16 
0 0.552318 16 
0 0.585473 16 
0 0.591643 16 
0 0.591662 16 
0 0.591926 16 
0 0.591963 16 
0 0.656176 16 
0 0.756284 16 
0 0.798336 16 
0 0.926952 16 
0 0.949501 16 
0 0.952771 16 
0 0.969649 16 
0 0.995019 16 
0 1.04744 16 
0 1.05755 16 
0 1.0621 16 
0 1.0978 16 
0 1.09804 16 
0 1.09815 16 
0 1.09831 16 
0 1.12871 16 
0 1.17361 16 
0 1.20608 16 
0 1.20796 16 
0 1.42365 16 
0 1.42421 16 
0 1.42464 16 
0 1.42464 16 
0 2.00735 16 
0 2.00857 16 
0 2.00868 16 
0 2.00875 16 
0 inf 16 
0 0.0698261 17 
0 0.0721726 17 
0 0.0723314 17 
0 0.0782422 17 
0 0.091976 17 
0 0.12147 17 
0 0.125082 17 
0 0.129969 17 
0 0.177459 17 
0 0.226425 17 
0 0.22716 17 
0 0.22721 17 
0 0.22721 17 
0 0.235923 17 
0 0.237801 17 
0 0.238922 17 
0 0.240455 17 
0 0.256827 17 
0 0.260057 17 
0 0.263797 17 
0 0.300858 17 
0 0.30086 17 
0 0.301117 17 
0 0.301117 17 
0 0.349205 17 
0 0.462009 17 
0 0.507897 17 
0 0.510794 17 
0 0.511667 17 
0 0.527976 17 
0 0.529345 17 
0 0.529345 17 
0 0.561092 17 
0 0.570359 17 
0 0.577934 17 
0 0.579838 17 
0 0.580087 17 
0 0.582924 17 
0 0.58302 17 
0 0.59206 17 
0 0.592905 17 
0 0.592962 17 
0 0.593337 17 
0 0.596462 17 
0 0.615531 17 
0 0.7376 17 
0 0.770238 17 
0 0.775059 17 
0 0.803782 17 
0 0.853072 17 
0 0.867378 17 
0 0.871184 17 
0 0.947826 17 
0 1.11301 17 
0 1.11301 17 
0 1.11878 17 
0 1.11891 17 
0 1.11891 17 
0 1.12133 17 
0 1.42888 17 
0 1.42889 17 
0 1.42926 17 
0 1.43283 17 
0 2.01636 17 
0 2.01762 17 
0 2.01768 17 
0 2.01769 17 
0 inf 17 
0 0.0793717 18 
0 0.0793722 18 
0 0.0830712 18 
0 0.184227 18 
0 0.187995 18 
0 0.189585 18 
0 0.266291 18 
0 0.266834 18 
0 0.266959 18 
0 0.298214 18 
0 0.321249 18 
0 0.321492 18 
0 0.321561 18 
0 0.341471 18 
0 0.34381 18 
0 0.344489 18 
0 0.359291 18 
0 0.364367 18 
0 0.371146 18 
0 0.440149 18 
0 0.460497 18 
0 0.463869 18 
0 0.465043 18 
0 0.487883 18 
0 0.524727 18 
0 0.526308 18 
0 0.526879 18 
0 0.527385 18 
0 0.528679 18 
0 0.529186 18 
0 0.538177 18 
0 0.538673 18 
0 0.539664 18 
0 0.542626 18 
0 0.578897 18 
0 0.579185 18 
0 0.579473 18 
0 0.634494 18 
0 0.63887 18 
0 0.640383 18 
0 0.640522 18 
0 0.66579 18 
0 0.708318 18 
0 0.727618 18 
0 0.728352 18 
0 0.728352 18 
0 0.750935 18 
0 0.873487 18 
0 0.875411 18 
0 1.06073 18 
0 1.06114 18 
0 1.11784 18 
0 1.11784 18 
0 1.11808 18 
0 1.12181 18 
0 1.4447 18 
0 1.44629 18 
0 1.44629 18 
0 1.44635 18 
0 2.02018 18 
0 2.0204 18 
0 2.0204 18 
0 2.02045 18 
0 inf 18 
0 0.132103 19 
0 0.132775 19 
0 0.134109 19 
0 0.143495 19 
0 0.144732 19 
0 0.167807 19 
0 0.222693 19 
0 0.222693 19 
0 0.222693 19 
0 0.226958 19 
0 0.226958 19 
0 0.226959 19 
0 0.325306 19 
0 0.328107 19 
0 0.333724 19 
0 0.33389 19 
0 0.335818 19 
0 0.347577 19 
0 0.348089 19 
0 0.348377 19 
0 0.353764 19 
0 0.392809 19 
0 0.392922 19 
0 0.393234 19 
0 0.462258 19 
0 0.462258 19 
0 0.463028 19 
0 0.507899 19 
0 0.518808 19 
0 0.519001 19 
0 0.519001 19 
0 0.524677 19 
0 0.525948 19 
0 0.525948 19 
0 0.567864 19 
0 0.570054 19 
0 0.57672 19 
0 0.576855 19 
0 0.577549 19 
0 0.579122 19 
0 0.591445 19 
0 0.643156 19 
0 0.663397 19 
0 0.938808 19 
0 0.939767 19 
0 1.0665 19 
0 1.06669 19 
0 1.09217 19 
0 1.09241 19 
0 1.09246 19 
0 1.44463 19 
0 1.44491 19 
0 1.44498 19 
0 1.95567 19 
0 2.03478 19 
0 2.03504 19 
0 2.03539 19 
0 2.11212 19 
0 2.66614 19 
0 inf 19 
0 0.0729447 20 
0 0.0740034 20 
0 0.078812 20 
0 0.106342 20 
0 0.110044 20 
0 0.114408 20 
0 0.146643 20 
0 0.147625 20 
0 0.151201 20 
0 0.180964 20 
0 0.18164 20 
0 0.182922 20 
0 0.2144 20 
0 0.214452 20 
0 0.229835 20 
0 0.335122 20 
0 0.336778 20 
0 0.337306 20 
0 0.350383 20 
0 0.361484 20 
0 0.389344 20 
0 0.390714 20 
0 0.406976 20 
0 0.407167 20 
0 0.407386 20 
0 0.459723 20 
0 0.459723 20 
0 0.459843 20 
0 0.501536 20 
0 0.501714 20 
0 0.504368 20 
0 0.527047 20 
0 0.527047 20 
0 0.527047 20 
0 0.577105 20 
0 0.577202 20 
0 0.578319 20 
0 0.605636 20 
0 0.624685 20 
0 0.625753 20 
0 0.676444 20 
0 0.703934 20 
0 0.769065 20 
0 0.998989 20 
0 0.998989 20 
0 1.06598 20 
0 1.06749 20 
0 1.08126 20 
0 1.08135 20 
0 1.0816 20 
0 1.42838 20 
0 1.4285 20 
0 2.03542 20 
0 2.03546 20 
0 2.27271 20 
0 inf 20 
