4.77679 7.69027 1 
1.10691 2.71156 1 
0.236347 0.251809 1 
0.143894 0.16043 1 
0.106092 0.198057 1 
0.0895971 0.117982 1 
0.0835747 0.0838713 1 
0.0704685 0.075897 1 
0.051931 0.0535059 1 
0.0509786 0.052098 1 
0.0477895 0.0477938 1 
0.0476253 0.051136 1 
0.0460221 0.0524119 1 
0.0416787 0.0530364 1 
0.0412873 0.0479608 1 
0.0408811 0.0463929 1 
0.0404809 0.042863 1 
0.0404809 0.0477938 1 
0.0402758 0.0479634 1 
0.0354585 0.0374997 1 
0.0337959 0.0379474 1 
0.0320396 0.0347612 1 
0.0317787 0.0370707 1 
0.0263627 0.0309817 1 
5.54647 5.67166 2 
5.54245 5.66256 2 
3.87943 5.67867 2 
0.919301 3.68172 2 
0.220407 0.225087 2 
0.216656 0.24189 2 
0.212956 0.227897 2 
0.206802 0.214628 2 
0.195199 0.331989 2 
0.106479 0.117771 2 
0.0965326 0.0969635 2 
0.0797236 0.090057 2 
0.0756767 0.0818741 2 
0.0747965 0.0810624 2 
0.0742404 0.0811667 2 
0.0600678 0.0607473 2 
0.057248 0.0693979 2 
0.0469211 0.04831 2 
0.0410921 0.044941 2 
0.0410872 0.046199 2 
0.0410832 0.045478 2 
0.0385924 0.045478 2 
0.0368433 0.0420878 2 
0.0361536 0.0392289 2 
0.0337959 0.0381587 2 
0.0337923 0.0366044 2 
0.0333022 0.037063 2 
0.0177247 0.0190729 2 
3.58704 3.92357 3 
3.58704 3.93036 3 
3.53196 3.87882 3 
0.82885 3.79408 3 
0.205966 0.231969 3 
0.205845 0.206242 3 
0.20293 0.238159 3 
0.16217 0.165053 3 
0.0827781 0.0840701 3 
0.0800313 0.0879169 3 
0.0733435 0.0757857 3 
0.0620944 0.0638074 3 
0.055633 0.0599318 3 
0.0484862 0.0604726 3 
0.0449311 0.0453072 3 
0.0416856 0.0422822 3 
0.0368377 0.0385966 3 
0.0325437 0.03684 3 
0.906096 3.65733 4 
0.200093 0.202728 4 
0.197804 0.215812 4 
0.0812661 0.0984896 4 
0.0767602 0.077085 4 
0.0650928 0.0665982 4 
0.0636775 0.0644508 4 
0.03255 0.0357084 4 
1.19678 3.30921 5 
0.0912436 0.0923214 5 
0.0897845 0.092142 5 
2.89571 3.05128 6 
2.89467 3.02678 6 
2.82266 2.82628 6 
2.40789 2.41195 6 
2.01279 2.20044 6 
1.99682 3.00349 6 
1.94029 2.16483 6 
1.93983 2.14189 6 
1.9396 2.15092 6 
1.80653 1.82037 6 
0.121091 0.125792 6 
0.120064 0.145786 6 
0.112887 0.117697 6 
0.0900534 0.0933933 6 
0.0780404 0.0831716 6 
0.0757812 0.0831725 6 
0.0663499 0.0683185 6 
0.056667 0.0603483 6 
2.35505 2.40446 7 
2.08271 2.49175 7 
1.99409 2.38651 7 
1.98753 2.63902 7 
1.9861 2.5461 7 
0.0835725 0.0861107 7 
2.71866 3.0103 8 
1.69471 2.33899 8 
1.59647 2.24503 8 
1.38077 2.32286 8 
0.679889 0.680488 8 
2.19328 2.36383 9 
2.01006 2.3245 9 
1.62723 1.63374 9 
1.58599 2.08215 9 
1.50265 2.09649 9 
1.20176 2.1238 9 
2.83008 2.85203 10 
2.78753 2.81312 10 
2.06332 2.13416 10 
2.01325 2.04316 10 
1.19744 1.83609 10 
0.611401 0.630445 10 
2.407 2.46426 11 
2.40348 2.73804 11 
2.19251 2.19285 11 
1.20202 1.67672 11 
0.671303 0.676585 11 
0.481922 0.552876 11 
1.5044 1.62901 12 
1.46625 1.61014 12 
1.36488 1.48359 12 
1.18538 1.46892 12 
1.16926 1.58092 12 
0.635122 0.706138 12 
0.475281 0.508557 12 
1.53427 1.62186 13 
1.37113 1.51596 13 
1.36227 1.49941 13 
1.28084 1.28253 13 
0.919041 1.03227 13 
0.904373 1.05322 13 
0.886484 1.04356 13 
0.841373 0.982342 13 
0.752972 0.762754 13 
0.623957 0.638357 13 
0.47589 0.493562 13 
1.17773 1.18286 14 
1.00657 1.03042 14 
0.888579 0.908539 14 
0.717017 0.96836 14 
0.659658 0.675854 14 
0.474199 0.478747 14 
1.02195 1.08899 15 
1.00489 1.1141 15 
0.931818 0.990289 15 
0.617749 0.637271 15 
2.09682 2.16876 16 
2.09654 2.16771 16 
2.08838 2.16824 16 
1.12497 1.13207 16 
1.2649 1.27699 18 
1.22874 1.24657 18 
0.751965 0.81357 19 
0.573463 0.593805 20 
