0 0.014498 1 
0 0.0212229 1 
0 0.0257024 1 
0 0.030509 1 
0 0.0309974 1 
0 0.0314786 1 
0 0.0314802 1 
0 0.0314802 1 
0 0.0333321 1 
0 0.0350891 1 
0 0.0383579 1 
0 0.0398929 1 
0 0.0410072 1 
0 0.0417344 1 
0 0.0417344 1 
0 0.0417344 1 
0 0.04209 1 
0 0.0438377 1 
0 0.0438377 1 
0 0.0448496 1 
0 0.0461727 1 
0 0.0464973 1 
0 0.0464977 1 
0 0.0468211 1 
0 0.0468211 1 
0 0.0471385 1 
0 0.047455 1 
0 0.0487049 1 
0 0.0487052 1 
0 0.0490124 1 
0 0.051114 1 
0 0.051114 1 
0 0.0514046 1 
0 0.0519879 1 
0 0.0522727 1 
0 0.0525611 1 
0 0.0531306 1 
0 0.0531306 1 
0 0.0539691 1 
0 0.0550709 1 
0 0.0579927 1 
0 0.0585075 1 
0 0.0587665 1 
0 0.0590188 1 
0 0.0595249 1 
0 0.0595257 1 
0 0.0600278 1 
0 0.0600278 1 
0 0.0605282 1 
0 0.0615099 1 
0 0.061744 1 
0 0.0639036 1 
0 0.0639042 1 
0 0.0652959 1 
0 0.0664384 1 
0 0.0668829 1 
0 0.0668894 1 
0 0.0668919 1 
0 0.0671123 1 
0 0.0673363 1 
0 0.0682222 1 
0 0.0706017 1 
0 0.0708118 1 
0 0.0716603 1 
0 0.0729067 1 
0 0.0739241 1 
0 0.0755366 1 
0 0.0761306 1 
0 0.0763237 1 
0 0.0847156 1 
0 0.0850725 1 
0 0.0861244 1 
0 0.0881922 1 
0 0.0893665 1 
0 0.0907101 1 
0 0.0937989 1 
0 0.094753 1 
0 0.0966364 1 
0 0.0983351 1 
0 0.0992454 1 
0 0.105971 1 
0 0.107106 1 
0 0.10836 1 
0 0.113105 1 
0 0.117268 1 
0 0.121176 1 
0 0.122533 1 
0 0.122899 1 
0 0.127576 1 
0 0.130023 1 
0 0.156917 1 
0 0.162743 1 
0 0.169073 1 
0 0.179413 1 
0 0.207363 1 
0 0.2135 1 
0 0.221842 1 
0 0.222658 1 
0 0.24123 1 
0 0.269736 1 
0 0.270622 1 
0 0.300891 1 
0 0.314215 1 
0 0.318323 1 
0 0.353901 1 
0 0.412942 1 
0 0.417119 1 
0 0.435608 1 
0 0.477703 1 
0 0.48131 1 
0 0.534772 1 
0 0.54685 1 
0 0.554649 1 
0 0.555688 1 
0 0.570701 1 
0 0.665195 1 
0 0.74272 1 
0 0.771779 1 
0 0.863635 1 
0 0.86784 1 
0 1.33607 1 
0 1.57538 1 
0 2.02526 1 
0 2.39717 1 
0 2.57627 1 
0 2.95464 1 
0 3.63172 1 
0 4.91704 1 
0 5.58647 1 
0 5.81165 1 
0 5.83919 1 
0 inf 1 
0 0.025111 2 
0 0.0251111 2 
0 0.0257021 2 
0 0.0268449 2 
0 0.0319521 2 
0 0.0337794 2 
0 0.0337795 2 
0 0.0337796 2 
0 0.0359329 2 
0 0.036759 2 
0 0.0371654 2 
0 0.0371672 2 
0 0.0375675 2 
0 0.0379642 2 
0 0.0383584 2 
0 0.0474582 2 
0 0.048398 2 
0 0.0490127 2 
0 0.0496225 2 
0 0.0508194 2 
0 0.0511069 2 
0 0.0511116 2 
0 0.0528445 2 
0 0.0531303 2 
0 0.0553425 2 
0 0.0553453 2 
0 0.0556129 2 
0 0.0572101 2 
0 0.057733 2 
0 0.0590214 2 
0 0.0600227 2 
0 0.060024 2 
0 0.060526 2 
0 0.0607732 2 
0 0.0607761 2 
0 0.0610202 2 
0 0.0610227 2 
0 0.0615092 2 
0 0.0627215 2 
0 0.0634356 2 
0 0.0634356 2 
0 0.0639041 2 
0 0.0648379 2 
0 0.0650684 2 
0 0.0652991 2 
0 0.0652991 2 
0 0.0652992 2 
0 0.0653017 2 
0 0.0664357 2 
0 0.0693171 2 
0 0.0706049 2 
0 0.0706049 2 
0 0.071026 2 
0 0.0726976 2 
0 0.0735177 2 
0 0.073518 2 
0 0.0773038 2 
0 0.0788393 2 
0 0.0797857 2 
0 0.087335 2 
0 0.0908718 2 
0 0.0926634 2 
0 0.092991 2 
0 0.0942769 2 
0 0.0978759 2 
0 0.104264 2 
0 0.104981 2 
0 0.110686 2 
0 0.1119 2 
0 0.113235 2 
0 0.129327 2 
0 0.130254 2 
0 0.133548 2 
0 0.140249 2 
0 0.157293 2 
0 0.168895 2 
0 0.174837 2 
0 0.184776 2 
0 0.192031 2 
0 0.192253 2 
0 0.194047 2 
0 0.194355 2 
0 0.199767 2 
0 0.207512 2 
0 0.216224 2 
0 0.218985 2 
0 0.223394 2 
0 0.2244 2 
0 0.228581 2 
0 0.250995 2 
0 0.271483 2 
0 0.300391 2 
0 0.354123 2 
0 0.365579 2 
0 0.367404 2 
0 0.426399 2 
0 0.428513 2 
0 0.447447 2 
0 0.467501 2 
0 0.467509 2 
0 0.489437 2 
0 0.50712 2 
0 0.599378 2 
0 0.600423 2 
0 0.621822 2 
0 0.642018 2 
0 0.647914 2 
0 0.667637 2 
0 0.671804 2 
0 0.676417 2 
0 0.697211 2 
0 0.701015 2 
0 1.31939 2 
0 1.32509 2 
0 1.45682 2 
0 1.52176 2 
0 2.05689 2 
0 2.13122 2 
0 3.00954 2 
0 3.64094 2 
0 3.99785 2 
0 4.17273 2 
0 4.21363 2 
0 4.54713 2 
0 4.75329 2 
0 4.77335 2 
0 4.97498 2 
0 inf 2 
0 0.025702 3 
0 0.0284734 3 
0 0.0284736 3 
0 0.0289964 3 
0 0.0300143 3 
0 0.0305097 3 
0 0.0333325 3 
0 0.0371653 3 
0 0.0391327 3 
0 0.0402687 3 
0 0.0438379 3 
0 0.0448537 3 
0 0.0461753 3 
0 0.0487073 3 
0 0.0496213 3 
0 0.0511137 3 
0 0.0516982 3 
0 0.0550711 3 
0 0.0553424 3 
0 0.0574747 3 
0 0.0585075 3 
0 0.0585076 3 
0 0.0636718 3 
0 0.0646071 3 
0 0.066666 3 
0 0.0673368 3 
0 0.0684428 3 
0 0.0690971 3 
0 0.0699639 3 
0 0.0706019 3 
0 0.071026 3 
0 0.0724936 3 
0 0.0743307 3 
0 0.0757325 3 
0 0.0765205 3 
0 0.0769155 3 
0 0.0778854 3 
0 0.0782659 3 
0 0.0788394 3 
0 0.0788412 3 
0 0.0792234 3 
0 0.0795973 3 
0 0.0795979 3 
0 0.079978 3 
0 0.079978 3 
0 0.0807211 3 
0 0.0818296 3 
0 0.0832822 3 
0 0.0854228 3 
0 0.0854228 3 
0 0.0857756 3 
0 0.086988 3 
0 0.0897087 3 
0 0.0900421 3 
0 0.101043 3 
0 0.108899 3 
0 0.114291 3 
0 0.116372 3 
0 0.123507 3 
0 0.124837 3 
0 0.130483 3 
0 0.134227 3 
0 0.148655 3 
0 0.156437 3 
0 0.158626 3 
0 0.164481 3 
0 0.167472 3 
0 0.167919 3 
0 0.171543 3 
0 0.183301 3 
0 0.185665 3 
0 0.186145 3 
0 0.190609 3 
0 0.197267 3 
0 0.206127 3 
0 0.230347 3 
0 0.247233 3 
0 0.270682 3 
0 0.28783 3 
0 0.305537 3 
0 0.308326 3 
0 0.31076 3 
0 0.32441 3 
0 0.325952 3 
0 0.362112 3 
0 0.363647 3 
0 0.369993 3 
0 0.402035 3 
0 0.406501 3 
0 0.469459 3 
0 0.472029 3 
0 0.496616 3 
0 0.504271 3 
0 0.549188 3 
0 0.55721 3 
0 0.559493 3 
0 0.562711 3 
0 0.573877 3 
0 0.58031 3 
0 0.599647 3 
0 0.604174 3 
0 0.609426 3 
0 0.634063 3 
0 0.647187 3 
0 0.653903 3 
0 1.11892 3 
0 1.41237 3 
0 1.44134 3 
0 1.4699 3 
0 1.56828 3 
0 2.05995 3 
0 2.13645 3 
0 2.434 3 
0 2.46643 3 
0 2.46911 3 
0 2.58446 3 
0 2.95621 3 
0 2.95876 3 
0 2.95888 3 
0 3.95723 3 
0 4.27251 3 
0 4.27289 3 
0 4.27605 3 
0 inf 3 
0 0.0300152 4 
0 0.0350877 4 
0 0.0359337 4 
0 0.0367604 4 
0 0.0371656 4 
0 0.0371672 4 
0 0.0371672 4 
0 0.0379642 4 
0 0.0383582 4 
0 0.0383584 4 
0 0.0402675 4 
0 0.0413731 4 
0 0.0427988 4 
0 0.0431496 4 
0 0.0434938 4 
0 0.0434947 4 
0 0.0455187 4 
0 0.0461733 4 
0 0.0464989 4 
0 0.0508173 4 
0 0.0528448 4 
0 0.0528472 4 
0 0.0564201 4 
0 0.0579914 4 
0 0.0582505 4 
0 0.0610204 4 
0 0.0612682 4 
0 0.0624802 4 
0 0.0646083 4 
0 0.0693132 4 
0 0.0720733 4 
0 0.0769099 4 
0 0.0774949 4 
0 0.0784582 4 
0 0.0786485 4 
0 0.0799743 4 
0 0.0923478 4 
0 0.0956976 4 
0 0.0964829 4 
0 0.0977196 4 
0 0.0992423 4 
0 0.100146 4 
0 0.101929 4 
0 0.102521 4 
0 0.103251 4 
0 0.103251 4 
0 0.103976 4 
0 0.104834 4 
0 0.105973 4 
0 0.105975 4 
0 0.1119 4 
0 0.112035 4 
0 0.128162 4 
0 0.13721 4 
0 0.140988 4 
0 0.145288 4 
0 0.145596 4 
0 0.145598 4 
0 0.162367 4 
0 0.163846 4 
0 0.188712 4 
0 0.191241 4 
0 0.191947 4 
0 0.192494 4 
0 0.262087 4 
0 0.273166 4 
0 0.290285 4 
0 0.301633 4 
0 0.316308 4 
0 0.319238 4 
0 0.322702 4 
0 0.32911 4 
0 0.333425 4 
0 0.33801 4 
0 0.344102 4 
0 0.356458 4 
0 0.406438 4 
0 0.440546 4 
0 0.457921 4 
0 0.460645 4 
0 0.461728 4 
0 0.469754 4 
0 0.486044 4 
0 0.506646 4 
0 0.510983 4 
0 0.533331 4 
0 0.536207 4 
0 0.543154 4 
0 0.547453 4 
0 0.557929 4 
0 0.564697 4 
0 0.565214 4 
0 0.571896 4 
0 0.600823 4 
0 0.609135 4 
0 0.615023 4 
0 0.62584 4 
0 1.09942 4 
0 1.10949 4 
0 1.3841 4 
0 1.4389 4 
0 1.47649 4 
0 1.49353 4 
0 1.67683 4 
0 1.69182 4 
0 1.69567 4 
0 1.70752 4 
0 2.06641 4 
0 2.08014 4 
0 2.08042 4 
0 2.08071 4 
0 2.24671 4 
0 2.25151 4 
0 2.28038 4 
0 2.34396 4 
0 2.51386 4 
0 2.57945 4 
0 2.58336 4 
0 2.5834 4 
0 inf 4 
0 0.0305097 5 
0 0.0359331 5 
0 0.0383577 5 
0 0.0391338 5 
0 0.0420836 5 
0 0.0431484 5 
0 0.0438309 5 
0 0.0441788 5 
0 0.0487051 5 
0 0.0496213 5 
0 0.0505141 5 
0 0.0505141 5 
0 0.0511114 5 
0 0.0519879 5 
0 0.0528463 5 
0 0.0531234 5 
0 0.0550702 5 
0 0.0564201 5 
0 0.0617541 5 
0 0.0659863 5 
0 0.0666671 5 
0 0.0668901 5 
0 0.0677839 5 
0 0.0688798 5 
0 0.0747341 5 
0 0.0755345 5 
0 0.0763261 5 
0 0.0780764 5 
0 0.07865 5 
0 0.080721 5 
0 0.0809099 5 
0 0.0838271 5 
0 0.0855991 5 
0 0.0875067 5 
0 0.0908723 5 
0 0.091534 5 
0 0.0929947 5 
0 0.0933193 5 
0 0.0960117 5 
0 0.100299 5 
0 0.100893 5 
0 0.103541 5 
0 0.105977 5 
0 0.114818 5 
0 0.115072 5 
0 0.115723 5 
0 0.116244 5 
0 0.116244 5 
0 0.118039 5 
0 0.120679 5 
0 0.122287 5 
0 0.136224 5 
0 0.168092 5 
0 0.172065 5 
0 0.172065 5 
0 0.189189 5 
0 0.269496 5 
0 0.293616 5 
0 0.29804 5 
0 0.307614 5 
0 0.335357 5 
0 0.335987 5 
0 0.355815 5 
0 0.367263 5 
0 0.38526 5 
0 0.391532 5 
0 0.396108 5 
0 0.398149 5 
0 0.401118 5 
0 0.434232 5 
0 0.436262 5 
0 0.448787 5 
0 0.454476 5 
0 0.462731 5 
0 0.466856 5 
0 0.467113 5 
0 0.495542 5 
0 0.519993 5 
0 0.524221 5 
0 0.527476 5 
0 0.534937 5 
0 0.53497 5 
0 0.540414 5 
0 0.540831 5 
0 0.548055 5 
0 0.58022 5 
0 0.586116 5 
0 0.587012 5 
0 0.651095 5 
0 0.842285 5 
0 0.978675 5 
0 1.00024 5 
0 1.01072 5 
0 1.08082 5 
0 1.1319 5 
0 1.47173 5 
0 1.47174 5 
0 1.47303 5 
0 1.51511 5 
0 1.86287 5 
0 1.89594 5 
0 1.89693 5 
0 1.90009 5 
0 1.97799 5 
0 1.98015 5 
0 1.98015 5 
0 1.99357 5 
0 2.51251 5 
0 2.51251 5 
0 2.51418 5 
0 2.51442 5 
0 2.86996 5 
0 2.90296 5 
0 2.90462 5 
0 2.90581 5 
0 inf 5 
0 0.0300136 6 
0 0.0337795 6 
0 0.0355123 6 
0 0.0375675 6 
0 0.0431484 6 
0 0.0468207 6 
0 0.0474559 6 
0 0.0511131 6 
0 0.0511133 6 
0 0.0522743 6 
0 0.053129 6 
0 0.0539692 6 
0 0.0539703 6 
0 0.06028 6 
0 0.0643752 6 
0 0.0664386 6 
0 0.0664415 6 
0 0.0675563 6 
0 0.0675604 6 
0 0.0686584 6 
0 0.0690991 6 
0 0.0695334 6 
0 0.0714485 6 
0 0.0724903 6 
0 0.0771105 6 
0 0.0784583 6 
0 0.0796005 6 
0 0.0816468 6 
0 0.085424 6 
0 0.0881913 6 
0 0.092509 6 
0 0.0925102 6 
0 0.0931508 6 
0 0.0980249 6 
0 0.099396 6 
0 0.101487 6 
0 0.110006 6 
0 0.119052 6 
0 0.122407 6 
0 0.12387 6 
0 0.129559 6 
0 0.130596 6 
0 0.137212 6 
0 0.146217 6 
0 0.149263 6 
0 0.173279 6 
0 0.175603 6 
0 0.191163 6 
0 0.211539 6 
0 0.225265 6 
0 0.271568 6 
0 0.285167 6 
0 0.307449 6 
0 0.332792 6 
0 0.341498 6 
0 0.345984 6 
0 0.353932 6 
0 0.356753 6 
0 0.357635 6 
0 0.360988 6 
0 0.391622 6 
0 0.420521 6 
0 0.423081 6 
0 0.423083 6 
0 0.423934 6 
0 0.426869 6 
0 0.448636 6 
0 0.453815 6 
0 0.48068 6 
0 0.484885 6 
0 0.491896 6 
0 0.507211 6 
0 0.508188 6 
0 0.509103 6 
0 0.510046 6 
0 0.511812 6 
0 0.512838 6 
0 0.513306 6 
0 0.527362 6 
0 0.577363 6 
0 0.591923 6 
0 0.591923 6 
0 0.608927 6 
0 0.634033 6 
0 0.805048 6 
0 0.816069 6 
0 0.817687 6 
0 0.822702 6 
0 0.88397 6 
0 1.0724 6 
0 1.10651 6 
0 1.45646 6 
0 1.4694 6 
0 1.48135 6 
0 1.50623 6 
0 1.50623 6 
0 1.50719 6 
0 1.50831 6 
0 1.62019 6 
0 1.76859 6 
0 2.0475 6 
0 2.05388 6 
0 2.05418 6 
0 2.05424 6 
0 2.0618 6 
0 2.08592 6 
0 2.08647 6 
0 2.24492 6 
0 2.24565 6 
0 2.25461 6 
0 2.26506 6 
0 inf 6 
0 0.0438396 7 
0 0.0528462 7 
0 0.0528466 7 
0 0.0574727 7 
0 0.060028 7 
0 0.0627169 7 
0 0.0643744 7 
0 0.0662149 7 
0 0.0680048 7 
0 0.0688793 7 
0 0.072285 7 
0 0.0724933 7 
0 0.073112 7 
0 0.0755351 7 
0 0.0773018 7 
0 0.0776909 7 
0 0.0778832 7 
0 0.0790299 7 
0 0.080161 7 
0 0.0810925 7 
0 0.0888655 7 
0 0.0888661 7 
0 0.0892013 7 
0 0.0898739 7 
0 0.0905397 7 
0 0.0944337 7 
0 0.097718 7 
0 0.105971 7 
0 0.108774 7 
0 0.112699 7 
0 0.11403 7 
0 0.11403 7 
0 0.133773 7 
0 0.138521 7 
0 0.141417 7 
0 0.14477 7 
0 0.147236 7 
0 0.148355 7 
0 0.155767 7 
0 0.163687 7 
0 0.210952 7 
0 0.226077 7 
0 0.248281 7 
0 0.248281 7 
0 0.260908 7 
0 0.265019 7 
0 0.27123 7 
0 0.278123 7 
0 0.283368 7 
0 0.284479 7 
0 0.288971 7 
0 0.289033 7 
0 0.31207 7 
0 0.320794 7 
0 0.345098 7 
0 0.34666 7 
0 0.352543 7 
0 0.366368 7 
0 0.415143 7 
0 0.419173 7 
0 0.421382 7 
0 0.425148 7 
0 0.451859 7 
0 0.492472 7 
0 0.493397 7 
0 0.500647 7 
0 0.504947 7 
0 0.508146 7 
0 0.515917 7 
0 0.516354 7 
0 0.523188 7 
0 0.571793 7 
0 0.589348 7 
0 0.594219 7 
0 0.594294 7 
0 0.700154 7 
0 0.701013 7 
0 0.713431 7 
0 0.787137 7 
0 0.789023 7 
0 0.834199 7 
0 1.10418 7 
0 1.13252 7 
0 1.33235 7 
0 1.44106 7 
0 1.44403 7 
0 1.44611 7 
0 1.44647 7 
0 1.45286 7 
0 1.4595 7 
0 1.45998 7 
0 1.46036 7 
0 1.46682 7 
0 1.47251 7 
0 1.4752 7 
0 1.47965 7 
0 1.48633 7 
0 1.52143 7 
0 1.53131 7 
0 1.53153 7 
0 1.55792 7 
0 1.59212 7 
0 1.60675 7 
0 1.966 7 
0 1.96627 7 
0 1.96693 7 
0 1.98219 7 
0 inf 7 
0 0.0367604 8 
0 0.0387475 8 
0 0.0417323 8 
0 0.0464992 8 
0 0.0564201 8 
0 0.056677 8 
0 0.0579935 8 
0 0.0587661 8 
0 0.0612668 8 
0 0.0646069 8 
0 0.0706028 8 
0 0.0716588 8 
0 0.0731107 8 
0 0.0763256 8 
0 0.0786514 8 
0 0.0838253 8 
0 0.0847146 8 
0 0.0936352 8 
0 0.0996994 8 
0 0.100146 8 
0 0.10668 8 
0 0.110043 8 
0 0.111625 8 
0 0.115204 8 
0 0.119805 8 
0 0.123388 8 
0 0.126631 8 
0 0.129095 8 
0 0.147136 8 
0 0.151163 8 
0 0.164026 8 
0 0.177743 8 
0 0.181414 8 
0 0.208177 8 
0 0.21246 8 
0 0.214419 8 
0 0.217754 8 
0 0.223667 8 
0 0.250039 8 
0 0.250093 8 
0 0.259981 8 
0 0.265646 8 
0 0.265928 8 
0 0.277522 8 
0 0.279522 8 
0 0.286212 8 
0 0.306733 8 
0 0.324338 8 
0 0.358812 8 
0 0.359702 8 
0 0.36632 8 
0 0.366757 8 
0 0.373249 8 
0 0.387355 8 
0 0.419597 8 
0 0.460776 8 
0 0.499936 8 
0 0.500056 8 
0 0.500297 8 
0 0.524794 8 
0 0.535219 8 
0 0.53606 8 
0 0.542325 8 
0 0.583682 8 
0 0.59084 8 
0 0.606614 8 
0 0.620229 8 
0 0.688436 8 
0 0.705306 8 
0 0.718528 8 
0 0.889677 8 
0 0.891767 8 
0 0.916102 8 
0 0.933172 8 
0 0.940721 8 
0 1.10322 8 
0 1.14511 8 
0 1.169 8 
0 1.24758 8 
0 1.27902 8 
0 1.28324 8 
0 1.28636 8 
0 1.31755 8 
0 1.34497 8 
0 1.38414 8 
0 1.40221 8 
0 1.41652 8 
0 1.4539 8 
0 1.45391 8 
0 1.45586 8 
0 1.46006 8 
0 1.48084 8 
0 1.48092 8 
0 1.48907 8 
0 1.48939 8 
0 1.49189 8 
0 1.49298 8 
0 1.50091 8 
0 1.50155 8 
0 1.50363 8 
0 1.54735 8 
0 1.60362 8 
0 2.02581 8 
0 inf 8 
0 0.0483972 9 
0 0.0487053 9 
0 0.0519873 9 
0 0.0545245 9 
0 0.0564177 9 
0 0.056418 9 
0 0.0592681 9 
0 0.0595274 9 
0 0.0617534 9 
0 0.0619979 9 
0 0.0690962 9 
0 0.0852446 9 
0 0.0855991 9 
0 0.0960074 9 
0 0.0995663 9 
0 0.10237 9 
0 0.103537 9 
0 0.103971 9 
0 0.105265 9 
0 0.105829 9 
0 0.13233 9 
0 0.136227 9 
0 0.136885 9 
0 0.137979 9 
0 0.150186 9 
0 0.163932 9 
0 0.16749 9 
0 0.167938 9 
0 0.175096 9 
0 0.206055 9 
0 0.212166 9 
0 0.22266 9 
0 0.223199 9 
0 0.266654 9 
0 0.274209 9 
0 0.309545 9 
0 0.311264 9 
0 0.322633 9 
0 0.324848 9 
0 0.354772 9 
0 0.357289 9 
0 0.359455 9 
0 0.359927 9 
0 0.370924 9 
0 0.385147 9 
0 0.387487 9 
0 0.390907 9 
0 0.394969 9 
0 0.396676 9 
0 0.442449 9 
0 0.452954 9 
0 0.466903 9 
0 0.468828 9 
0 0.519205 9 
0 0.520359 9 
0 0.524908 9 
0 0.534029 9 
0 0.589578 9 
0 0.593461 9 
0 0.642443 9 
0 0.691461 9 
0 0.694926 9 
0 0.713685 9 
0 0.714956 9 
0 0.716278 9 
0 0.739475 9 
0 0.743372 9 
0 0.745584 9 
0 0.760148 9 
0 0.843526 9 
0 0.852179 9 
0 0.917396 9 
0 0.959608 9 
0 1.01752 9 
0 1.09764 9 
0 1.17853 9 
0 1.18393 9 
0 1.2924 9 
0 1.33013 9 
0 1.38652 9 
0 1.38911 9 
0 1.39499 9 
0 1.40929 9 
0 1.42091 9 
0 1.42286 9 
0 1.43825 9 
0 1.43833 9 
0 1.44782 9 
0 1.45315 9 
0 1.45486 9 
0 1.45758 9 
0 1.45813 9 
0 1.45956 9 
0 1.45984 9 
0 1.47835 9 
0 1.47836 9 
0 1.47847 9 
0 1.49692 9 
0 1.56244 9 
0 inf 9 
0 0.0525623 10 
0 0.054518 10 
0 0.0657574 10 
0 0.0755337 10 
0 0.0814614 10 
0 0.0840039 10 
0 0.0852465 10 
0 0.0854178 10 
0 0.0886995 10 
0 0.112436 10 
0 0.11676 10 
0 0.117906 10 
0 0.119306 10 
0 0.123647 10 
0 0.134796 10 
0 0.151658 10 
0 0.158063 10 
0 0.16175 10 
0 0.162373 10 
0 0.163137 10 
0 0.188792 10 
0 0.190451 10 
0 0.193359 10 
0 0.197964 10 
0 0.199852 10 
0 0.200816 10 
0 0.208658 10 
0 0.212239 10 
0 0.222942 10 
0 0.270326 10 
0 0.274806 10 
0 0.280435 10 
0 0.283495 10 
0 0.309811 10 
0 0.331523 10 
0 0.332563 10 
0 0.332924 10 
0 0.336915 10 
0 0.377861 10 
0 0.380633 10 
0 0.385844 10 
0 0.398185 10 
0 0.408264 10 
0 0.414264 10 
0 0.450861 10 
0 0.453762 10 
0 0.455225 10 
0 0.456707 10 
0 0.45899 10 
0 0.524851 10 
0 0.527477 10 
0 0.528273 10 
0 0.541566 10 
0 0.55682 10 
0 0.558113 10 
0 0.571432 10 
0 0.596233 10 
0 0.600074 10 
0 0.648809 10 
0 0.652454 10 
0 0.666322 10 
0 0.685595 10 
0 0.690157 10 
0 0.698616 10 
0 0.701704 10 
0 0.71799 10 
0 0.75272 10 
0 0.757048 10 
0 0.780682 10 
0 1.03626 10 
0 1.03649 10 
0 1.04353 10 
0 1.06433 10 
0 1.10686 10 
0 1.17228 10 
0 1.17984 10 
0 1.21433 10 
0 1.21597 10 
0 1.38215 10 
0 1.38488 10 
0 1.43684 10 
0 1.43747 10 
0 1.46318 10 
0 1.47376 10 
0 1.47618 10 
0 1.47618 10 
0 1.48076 10 
0 1.48111 10 
0 1.48685 10 
0 1.52149 10 
0 1.52169 10 
0 1.52977 10 
0 1.53 10 
0 1.91248 10 
0 1.91304 10 
0 inf 10 
0 0.0346576 11 
0 0.0420935 11 
0 0.0755301 11 
0 0.10285 11 
0 0.108217 11 
0 0.115986 11 
0 0.122438 11 
0 0.127837 11 
0 0.135341 11 
0 0.138538 11 
0 0.146934 11 
0 0.155953 11 
0 0.159255 11 
0 0.178661 11 
0 0.183316 11 
0 0.196819 11 
0 0.20104 11 
0 0.215252 11 
0 0.216294 11 
0 0.217555 11 
0 0.221775 11 
0 0.226397 11 
0 0.234025 11 
0 0.245126 11 
0 0.245646 11 
0 0.250337 11 
0 0.26609 11 
0 0.269511 11 
0 0.296519 11 
0 0.303829 11 
0 0.310864 11 
0 0.314217 11 
0 0.314933 11 
0 0.320662 11 
0 0.323949 11 
0 0.325068 11 
0 0.325614 11 
0 0.351616 11 
0 0.384999 11 
0 0.39964 11 
0 0.403397 11 
0 0.410405 11 
0 0.434746 11 
0 0.437704 11 
0 0.438903 11 
0 0.444582 11 
0 0.466508 11 
0 0.493884 11 
0 0.502474 11 
0 0.521032 11 
0 0.551411 11 
0 0.555967 11 
0 0.596208 11 
0 0.596334 11 
0 0.633555 11 
0 0.63533 11 
0 0.640344 11 
0 0.678064 11 
0 0.678064 11 
0 0.822547 11 
0 0.824048 11 
0 0.831882 11 
0 0.894504 11 
0 0.894504 11 
0 0.923485 11 
0 0.955892 11 
0 0.978492 11 
0 1.00582 11 
0 1.09009 11 
0 1.09029 11 
0 1.11007 11 
0 1.19159 11 
0 1.34255 11 
0 1.34309 11 
0 1.3811 11 
0 1.38172 11 
0 1.45226 11 
0 1.4525 11 
0 1.45971 11 
0 1.46144 11 
0 1.46886 11 
0 1.46893 11 
0 1.47787 11 
0 1.48689 11 
0 1.50197 11 
0 1.50218 11 
0 1.50962 11 
0 1.51224 11 
0 1.55958 11 
0 1.79129 11 
0 1.79129 11 
0 inf 11 
0 0.0741319 12 
0 0.10195 12 
0 0.119049 12 
0 0.135151 12 
0 0.137661 12 
0 0.14642 12 
0 0.171988 12 
0 0.172129 12 
0 0.172424 12 
0 0.173281 12 
0 0.176117 12 
0 0.18363 12 
0 0.191872 12 
0 0.233217 12 
0 0.237154 12 
0 0.24154 12 
0 0.252578 12 
0 0.281145 12 
0 0.282264 12 
0 0.292294 12 
0 0.294527 12 
0 0.29536 12 
0 0.295748 12 
0 0.322094 12 
0 0.32623 12 
0 0.330363 12 
0 0.332969 12 
0 0.334409 12 
0 0.337092 12 
0 0.337779 12 
0 0.337803 12 
0 0.350841 12 
0 0.361823 12 
0 0.362617 12 
0 0.373389 12 
0 0.384845 12 
0 0.38593 12 
0 0.391257 12 
0 0.426905 12 
0 0.443467 12 
0 0.487162 12 
0 0.487901 12 
0 0.544671 12 
0 0.561743 12 
0 0.581281 12 
0 0.582906 12 
0 0.598115 12 
0 0.600376 12 
0 0.601376 12 
0 0.603739 12 
0 0.610785 12 
0 0.617024 12 
0 0.686754 12 
0 0.688327 12 
0 0.738412 12 
0 0.79025 12 
0 0.799299 12 
0 0.813763 12 
0 0.817324 12 
0 0.869086 12 
0 0.87446 12 
0 0.875009 12 
0 0.938054 12 
0 0.959954 12 
0 0.963005 12 
0 0.979311 12 
0 1.03737 12 
0 1.34115 12 
0 1.37548 12 
0 1.38048 12 
0 1.42227 12 
0 1.42316 12 
0 1.43593 12 
0 1.43602 12 
0 1.44531 12 
0 1.44559 12 
0 1.44564 12 
0 1.45467 12 
0 1.45485 12 
0 1.47956 12 
0 1.48021 12 
0 1.48134 12 
0 1.49671 12 
0 1.50663 12 
0 1.57919 12 
0 1.58237 12 
0 1.58246 12 
0 inf 12 
0 0.140883 13 
0 0.14542 13 
0 0.155975 13 
0 0.18116 13 
0 0.19133 13 
0 0.197798 13 
0 0.202315 13 
0 0.214199 13 
0 0.219463 13 
0 0.241578 13 
0 0.244973 13 
0 0.252784 13 
0 0.259522 13 
0 0.262508 13 
0 0.262508 13 
0 0.275659 13 
0 0.275822 13 
0 0.279157 13 
0 0.282525 13 
0 0.285261 13 
0 0.315802 13 
0 0.316606 13 
0 0.324336 13 
0 0.326907 13 
0 0.340403 13 
0 0.358663 13 
0 0.431729 13 
0 0.432909 13 
0 0.468882 13 
0 0.46903 13 
0 0.469169 13 
0 0.469554 13 
0 0.490531 13 
0 0.491292 13 
0 0.495404 13 
0 0.497068 13 
0 0.530712 13 
0 0.531825 13 
0 0.535761 13 
0 0.537841 13 
0 0.540451 13 
0 0.544479 13 
0 0.545058 13 
0 0.562703 13 
0 0.589089 13 
0 0.595503 13 
0 0.622452 13 
0 0.665923 13 
0 0.666036 13 
0 0.667342 13 
0 0.675184 13 
0 0.678197 13 
0 0.687542 13 
0 0.755422 13 
0 0.781971 13 
0 0.786483 13 
0 0.791619 13 
0 0.79377 13 
0 0.794621 13 
0 0.795131 13 
0 1.19492 13 
0 1.20587 13 
0 1.23287 13 
0 1.29445 13 
0 1.29911 13 
0 1.37282 13 
0 1.37726 13 
0 1.43747 13 
0 1.43997 13 
0 1.44201 13 
0 1.44204 13 
0 1.44282 13 
0 1.45513 13 
0 1.45563 13 
0 1.45652 13 
0 1.45736 13 
0 1.46102 13 
0 1.46316 13 
0 1.46363 13 
0 1.46624 13 
0 1.49925 13 
0 1.5035 13 
0 1.50418 13 
0 inf 13 
0 0.0522751 14 
0 0.109497 14 
0 0.110962 14 
0 0.134893 14 
0 0.174587 14 
0 0.184284 14 
0 0.189344 14 
0 0.210095 14 
0 0.232977 14 
0 0.242571 14 
0 0.25314 14 
0 0.261824 14 
0 0.269682 14 
0 0.274897 14 
0 0.275498 14 
0 0.275625 14 
0 0.276223 14 
0 0.276563 14 
0 0.277863 14 
0 0.279466 14 
0 0.281177 14 
0 0.282544 14 
0 0.288191 14 
0 0.299069 14 
0 0.301549 14 
0 0.306573 14 
0 0.309185 14 
0 0.312732 14 
0 0.327824 14 
0 0.329468 14 
0 0.331286 14 
0 0.336702 14 
0 0.35627 14 
0 0.461167 14 
0 0.465199 14 
0 0.472145 14 
0 0.481796 14 
0 0.521546 14 
0 0.522668 14 
0 0.52284 14 
0 0.523959 14 
0 0.547932 14 
0 0.548671 14 
0 0.591886 14 
0 0.59661 14 
0 0.617988 14 
0 0.682721 14 
0 0.685332 14 
0 0.685682 14 
0 0.687497 14 
0 0.696553 14 
0 0.770218 14 
0 0.787935 14 
0 0.788792 14 
0 0.79113 14 
0 0.795582 14 
0 0.797087 14 
0 0.826677 14 
0 1.04543 14 
0 1.27457 14 
0 1.28165 14 
0 1.28221 14 
0 1.38402 14 
0 1.4151 14 
0 1.41612 14 
0 1.41891 14 
0 1.43936 14 
0 1.44227 14 
0 1.45238 14 
0 1.4552 14 
0 1.45536 14 
0 1.45585 14 
0 1.49438 14 
0 1.49462 14 
0 1.49499 14 
0 1.49818 14 
0 1.49883 14 
0 1.50114 14 
0 2.03908 14 
0 inf 14 
0 0.0395092 15 
0 0.0688798 15 
0 0.0994153 15 
0 0.133107 15 
0 0.1457 15 
0 0.157968 15 
0 0.174588 15 
0 0.199285 15 
0 0.203091 15 
0 0.203092 15 
0 0.220777 15 
0 0.222162 15 
0 0.231058 15 
0 0.232159 15 
0 0.232334 15 
0 0.254673 15 
0 0.260555 15 
0 0.261705 15 
0 0.261705 15 
0 0.261706 15 
0 0.263937 15 
0 0.270956 15 
0 0.275853 15 
0 0.283427 15 
0 0.293307 15 
0 0.300492 15 
0 0.315134 15 
0 0.315848 15 
0 0.31798 15 
0 0.318687 15 
0 0.336323 15 
0 0.336457 15 
0 0.347304 15 
0 0.355968 15 
0 0.427554 15 
0 0.428479 15 
0 0.447128 15 
0 0.460612 15 
0 0.485675 15 
0 0.506111 15 
0 0.5062 15 
0 0.527113 15 
0 0.530598 15 
0 0.530888 15 
0 0.578004 15 
0 0.596385 15 
0 0.65402 15 
0 0.658276 15 
0 0.659302 15 
0 0.659372 15 
0 0.661214 15 
0 0.685681 15 
0 0.770154 15 
0 0.81266 15 
0 0.992474 15 
0 0.99261 15 
0 0.993925 15 
0 1.19658 15 
0 1.20364 15 
0 1.20379 15 
0 1.38047 15 
0 1.43969 15 
0 1.45848 15 
0 1.47869 15 
0 1.48116 15 
0 1.48132 15 
0 1.50698 15 
0 1.50769 15 
0 1.50782 15 
0 1.51399 15 
0 1.51637 15 
0 1.51671 15 
0 1.85447 15 
0 1.85472 15 
0 1.85498 15 
0 inf 15 
0 0.0941163 16 
0 0.106535 16 
0 0.119945 16 
0 0.166668 16 
0 0.199562 16 
0 0.233489 16 
0 0.233489 16 
0 0.234516 16 
0 0.236373 16 
0 0.239081 16 
0 0.249406 16 
0 0.252992 16 
0 0.253644 16 
0 0.26479 16 
0 0.276455 16 
0 0.278187 16 
0 0.279103 16 
0 0.280231 16 
0 0.281033 16 
0 0.282153 16 
0 0.288155 16 
0 0.289973 16 
0 0.298026 16 
0 0.298831 16 
0 0.30598 16 
0 0.306127 16 
0 0.308963 16 
0 0.311433 16 
0 0.311672 16 
0 0.311721 16 
0 0.31225 16 
0 0.376139 16 
0 0.395538 16 
0 0.427922 16 
0 0.428028 16 
0 0.428168 16 
0 0.431397 16 
0 0.433654 16 
0 0.435804 16 
0 0.497327 16 
0 0.602619 16 
0 0.61556 16 
0 0.616365 16 
0 0.617606 16 
0 0.634084 16 
0 0.702083 16 
0 0.804941 16 
0 0.844571 16 
0 0.859706 16 
0 1.02912 16 
0 1.19681 16 
0 1.19728 16 
0 1.19772 16 
0 1.23765 16 
0 1.28922 16 
0 1.28941 16 
0 1.39837 16 
0 1.43911 16 
0 1.45084 16 
0 1.45112 16 
0 1.45583 16 
0 1.45643 16 
0 1.47296 16 
0 1.49556 16 
0 1.49577 16 
0 1.52337 16 
0 1.52542 16 
0 1.5259 16 
0 1.86612 16 
0 1.86775 16 
0 1.8678 16 
0 inf 16 
0 0.0289999 17 
0 0.103845 17 
0 0.103847 17 
0 0.108095 17 
0 0.110973 17 
0 0.191232 17 
0 0.194827 17 
0 0.198492 17 
0 0.207369 17 
0 0.239392 17 
0 0.242817 17 
0 0.252041 17 
0 0.259091 17 
0 0.259227 17 
0 0.259748 17 
0 0.259748 17 
0 0.26044 17 
0 0.305011 17 
0 0.306386 17 
0 0.306435 17 
0 0.308778 17 
0 0.313557 17 
0 0.313557 17 
0 0.313988 17 
0 0.313988 17 
0 0.314722 17 
0 0.316862 17 
0 0.318138 17 
0 0.319457 17 
0 0.406813 17 
0 0.407845 17 
0 0.407956 17 
0 0.494671 17 
0 0.614828 17 
0 0.614828 17 
0 0.615414 17 
0 0.615609 17 
0 0.664712 17 
0 0.711663 17 
0 0.741927 17 
0 0.778551 17 
0 0.793961 17 
0 0.832914 17 
0 0.838295 17 
0 0.842806 17 
0 0.844568 17 
0 0.910727 17 
0 1.15897 17 
0 1.33715 17 
0 1.37158 17 
0 1.3718 17 
0 1.37188 17 
0 1.39361 17 
0 1.44255 17 
0 1.44509 17 
0 1.44509 17 
0 1.44518 17 
0 1.45839 17 
0 1.46677 17 
0 1.46942 17 
0 1.46983 17 
0 1.50766 17 
0 1.50973 17 
0 1.51116 17 
0 1.52914 17 
0 1.53482 17 
0 1.53576 17 
0 inf 17 
0 0.0929972 18 
0 0.100337 18 
0 0.103972 18 
0 0.103973 18 
0 0.117546 18 
0 0.117928 18 
0 0.166307 18 
0 0.168549 18 
0 0.170321 18 
0 0.208678 18 
0 0.212951 18 
0 0.241998 18 
0 0.278295 18 
0 0.280606 18 
0 0.281301 18 
0 0.282702 18 
0 0.284854 18 
0 0.288225 18 
0 0.289939 18 
0 0.290678 18 
0 0.291089 18 
0 0.291245 18 
0 0.291591 18 
0 0.293146 18 
0 0.36968 18 
0 0.370329 18 
0 0.370654 18 
0 0.372875 18 
0 0.463646 18 
0 0.532241 18 
0 0.558641 18 
0 0.577667 18 
0 0.577939 18 
0 0.61711 18 
0 0.623933 18 
0 0.624005 18 
0 0.625855 18 
0 0.710628 18 
0 0.713538 18 
0 0.727437 18 
0 0.72785 18 
0 1.13165 18 
0 1.25955 18 
0 1.26377 18 
0 1.27063 18 
0 1.27929 18 
0 1.27982 18 
0 1.34048 18 
0 1.35062 18 
0 1.37628 18 
0 1.41203 18 
0 1.41872 18 
0 1.43186 18 
0 1.43221 18 
0 1.44766 18 
0 1.44802 18 
0 1.44812 18 
0 1.44859 18 
0 1.45551 18 
0 1.45588 18 
0 1.45613 18 
0 1.45616 18 
0 1.53623 18 
0 inf 18 
0 0.0794099 19 
0 0.0843607 19 
0 0.0880192 19 
0 0.0969681 19 
0 0.100017 19 
0 0.130387 19 
0 0.22674 19 
0 0.22674 19 
0 0.229896 19 
0 0.240519 19 
0 0.242756 19 
0 0.24399 19 
0 0.247784 19 
0 0.256537 19 
0 0.26341 19 
0 0.293408 19 
0 0.301744 19 
0 0.309991 19 
0 0.311681 19 
0 0.334711 19 
0 0.364141 19 
0 0.366606 19 
0 0.367752 19 
0 0.368974 19 
0 0.369299 19 
0 0.370598 19 
0 0.504914 19 
0 0.509295 19 
0 0.523533 19 
0 0.530569 19 
0 0.530711 19 
0 0.604336 19 
0 0.607037 19 
0 0.607631 19 
0 0.64863 19 
0 0.649 19 
0 0.64974 19 
0 0.65004 19 
0 0.651861 19 
0 0.69023 19 
0 0.716876 19 
0 0.800692 19 
0 0.802266 19 
0 0.914011 19 
0 0.949394 19 
0 1.22274 19 
0 1.22422 19 
0 1.42602 19 
0 1.44948 19 
0 1.45186 19 
0 1.4521 19 
0 1.45257 19 
0 1.45911 19 
0 1.46179 19 
0 1.46179 19 
0 1.4821 19 
0 1.48246 19 
0 1.48343 19 
0 1.48404 19 
0 inf 19 
0 0.10573 20 
0 0.137244 20 
0 0.139952 20 
0 0.155574 20 
0 0.157492 20 
0 0.159764 20 
0 0.166487 20 
0 0.167117 20 
0 0.205409 20 
0 0.259828 20 
0 0.271526 20 
0 0.279845 20 
0 0.27986 20 
0 0.28097 20 
0 0.283228 20 
0 0.283228 20 
0 0.283893 20 
0 0.297954 20 
0 0.35203 20 
0 0.354244 20 
0 0.371665 20 
0 0.371786 20 
0 0.377223 20 
0 0.389102 20 
0 0.391136 20 
0 0.40365 20 
0 0.410903 20 
0 0.418307 20 
0 0.418307 20 
0 0.41974 20 
0 0.445352 20 
0 0.45259 20 
0 0.452987 20 
0 0.455532 20 
0 0.522385 20 
0 0.522758 20 
0 0.523017 20 
0 0.54252 20 
0 0.652246 20 
0 0.652707 20 
0 0.753211 20 
0 0.75679 20 
0 0.870738 20 
0 1.18322 20 
0 1.18701 20 
0 1.46232 20 
0 1.46265 20 
0 1.47193 20 
0 1.47239 20 
0 1.47322 20 
0 1.47359 20 
0 1.48706 20 
0 1.48751 20 
0 2.13077 20 
0 3.76298 20 
0 inf 20 
