0 0.0132307 1 
0 0.0224336 1 
0 0.0260428 1 
0 0.0260428 1 
0 0.026044 1 
0 0.0264622 1 
0 0.0272762 1 
0 0.0276746 1 
0 0.0288349 1 
0 0.0288366 1 
0 0.0292131 1 
0 0.0292186 1 
0 0.0295853 1 
0 0.0303095 1 
0 0.0303163 1 
0 0.0303165 1 
0 0.0303225 1 
0 0.0306751 1 
0 0.0313801 1 
0 0.0320699 1 
0 0.0320703 1 
0 0.0330671 1 
0 0.0330772 1 
0 0.0330773 1 
0 0.0334071 1 
0 0.0337299 1 
0 0.0337313 1 
0 0.0343691 1 
0 0.034692 1 
0 0.0346922 1 
0 0.0346927 1 
0 0.034693 1 
0 0.0346943 1 
0 0.0359243 1 
0 0.0359295 1 
0 0.0359308 1 
0 0.0362408 1 
0 0.0380018 1 
0 0.0380057 1 
0 0.0382899 1 
0 0.0382928 1 
0 0.0391392 1 
0 0.0405105 1 
0 0.0407913 1 
0 0.0410429 1 
0 0.0413168 1 
0 0.0415742 1 
0 0.0418414 1 
0 0.0418424 1 
0 0.0441325 1 
0 0.0446253 1 
0 0.0455924 1 
0 0.0463074 1 
0 0.0463125 1 
0 0.0463125 1 
0 0.0463125 1 
0 0.0463125 1 
0 0.0467812 1 
0 0.0481661 1 
0 0.0483874 1 
0 0.0490602 1 
0 0.0501646 1 
0 0.0508149 1 
0 0.0510289 1 
0 0.0535406 1 
0 0.0539498 1 
0 0.0541523 1 
0 0.0553525 1 
0 0.0574831 1 
0 0.0597232 1 
0 0.0600887 1 
0 0.0624053 1 
0 0.062414 1 
0 0.0632843 1 
0 0.0673015 1 
0 0.0729161 1 
0 0.0744054 1 
0 0.0764388 1 
0 0.0800704 1 
0 0.0803484 1 
0 0.0865057 1 
0 0.0876376 1 
0 0.0904663 1 
0 0.0973437 1 
0 0.101631 1 
0 0.101952 1 
0 0.102594 1 
0 0.112266 1 
0 0.117322 1 
0 0.118804 1 
0 0.128785 1 
0 0.131644 1 
0 0.154014 1 
0 0.157943 1 
0 0.161907 1 
0 0.176335 1 
0 0.196636 1 
0 0.19797 1 
0 0.198023 1 
0 0.199344 1 
0 0.250649 1 
0 0.31363 1 
0 0.365176 1 
0 0.410219 1 
0 0.459202 1 
0 0.498148 1 
0 0.513324 1 
0 0.542673 1 
0 0.589334 1 
0 0.599784 1 
0 0.607336 1 
0 0.672843 1 
0 0.673373 1 
0 0.69888 1 
0 0.737574 1 
0 0.842151 1 
0 0.920445 1 
0 0.932467 1 
0 1.013 1 
0 1.03645 1 
0 1.03735 1 
0 1.19671 1 
0 1.70279 1 
0 1.87957 1 
0 2.51438 1 
0 2.579 1 
0 3.18006 1 
0 3.68736 1 
0 3.94527 1 
0 4.03016 1 
0 4.15283 1 
0 inf 1 
0 0.0175021 2 
0 0.0181173 2 
0 0.0192867 2 
0 0.020918 2 
0 0.02092 2 
0 0.0238556 2 
0 0.0247531 2 
0 0.0268726 2 
0 0.0268727 2 
0 0.027672 2 
0 0.028067 2 
0 0.028067 2 
0 0.0284591 2 
0 0.0306708 2 
0 0.0306708 2 
0 0.0317266 2 
0 0.0327443 2 
0 0.033071 2 
0 0.0330799 2 
0 0.0337355 2 
0 0.0346885 2 
0 0.0346984 2 
0 0.0356274 2 
0 0.0359295 2 
0 0.0359308 2 
0 0.0359311 2 
0 0.0362343 2 
0 0.0371298 2 
0 0.0371307 2 
0 0.0388581 2 
0 0.0394154 2 
0 0.0394169 2 
0 0.0407807 2 
0 0.0407807 2 
0 0.0413143 2 
0 0.0421 2 
0 0.0431269 2 
0 0.0436321 2 
0 0.0438856 2 
0 0.0453598 2 
0 0.045601 2 
0 0.0458277 2 
0 0.0458335 2 
0 0.0465503 2 
0 0.0476991 2 
0 0.0477013 2 
0 0.0479362 2 
0 0.0492912 2 
0 0.0499434 2 
0 0.0501734 2 
0 0.0501762 2 
0 0.0503862 2 
0 0.0539421 2 
0 0.0543612 2 
0 0.0582394 2 
0 0.0582426 2 
0 0.059726 2 
0 0.0624053 2 
0 0.0627575 2 
0 0.0634571 2 
0 0.0639724 2 
0 0.0709457 2 
0 0.0733693 2 
0 0.0757147 2 
0 0.0778517 2 
0 0.0830266 2 
0 0.0835488 2 
0 0.0849783 2 
0 0.0867612 2 
0 0.0967769 2 
0 0.0973447 2 
0 0.109306 2 
0 0.111189 2 
0 0.118339 2 
0 0.133872 2 
0 0.13444 2 
0 0.135171 2 
0 0.139006 2 
0 0.14365 2 
0 0.151361 2 
0 0.154228 2 
0 0.157596 2 
0 0.158842 2 
0 0.159873 2 
0 0.171873 2 
0 0.186005 2 
0 0.204222 2 
0 0.218162 2 
0 0.25174 2 
0 0.261382 2 
0 0.31023 2 
0 0.344994 2 
0 0.392526 2 
0 0.425342 2 
0 0.445138 2 
0 0.494297 2 
0 0.503554 2 
0 0.520782 2 
0 0.553288 2 
0 0.557567 2 
0 0.558892 2 
0 0.561768 2 
0 0.659432 2 
0 0.678479 2 
0 0.76039 2 
0 0.773044 2 
0 0.773582 2 
0 0.78168 2 
0 0.786371 2 
0 0.796777 2 
0 0.803825 2 
0 0.828131 2 
0 0.848309 2 
0 0.942703 2 
0 1.28833 2 
0 1.42166 2 
0 1.54046 2 
0 2.07784 2 
0 2.54765 2 
0 2.61594 2 
0 2.82107 2 
0 2.94465 2 
0 2.94635 2 
0 2.97481 2 
0 3.28025 2 
0 3.70335 2 
0 3.76714 2 
0 inf 2 
0 0.0104594 3 
0 0.0175029 3 
0 0.0192874 3 
0 0.0214386 3 
0 0.0224299 3 
0 0.0229125 3 
0 0.0284548 3 
0 0.0327443 3 
0 0.0330776 3 
0 0.0334072 3 
0 0.0340599 3 
0 0.0346923 3 
0 0.0359348 3 
0 0.03594 3 
0 0.0371335 3 
0 0.0394145 3 
0 0.0396907 3 
0 0.0396973 3 
0 0.0402387 3 
0 0.0402426 3 
0 0.0413128 3 
0 0.0418469 3 
0 0.0433811 3 
0 0.0438845 3 
0 0.0438861 3 
0 0.0438874 3 
0 0.0438883 3 
0 0.0443794 3 
0 0.0453562 3 
0 0.0453567 3 
0 0.0463085 3 
0 0.046545 3 
0 0.0477052 3 
0 0.0486206 3 
0 0.0488376 3 
0 0.0488403 3 
0 0.049064 3 
0 0.0499474 3 
0 0.0506004 3 
0 0.0512437 3 
0 0.0520918 3 
0 0.0535397 3 
0 0.0569125 3 
0 0.0584292 3 
0 0.0587997 3 
0 0.062406 3 
0 0.0637963 3 
0 0.0644805 3 
0 0.0658246 3 
0 0.0664808 3 
0 0.0676271 3 
0 0.0739654 3 
0 0.0797947 3 
0 0.0822301 3 
0 0.0843301 3 
0 0.0848484 3 
0 0.0851053 3 
0 0.08549 3 
0 0.0876366 3 
0 0.0908259 3 
0 0.0913086 3 
0 0.0923812 3 
0 0.0984551 3 
0 0.0996768 3 
0 0.100763 3 
0 0.109697 3 
0 0.114391 3 
0 0.115911 3 
0 0.117877 3 
0 0.122253 3 
0 0.138295 3 
0 0.138452 3 
0 0.142652 3 
0 0.155852 3 
0 0.156133 3 
0 0.19213 3 
0 0.285889 3 
0 0.302949 3 
0 0.322265 3 
0 0.355954 3 
0 0.423873 3 
0 0.429281 3 
0 0.447472 3 
0 0.463558 3 
0 0.464153 3 
0 0.469238 3 
0 0.469794 3 
0 0.470124 3 
0 0.473547 3 
0 0.592925 3 
0 0.607318 3 
0 0.612231 3 
0 0.633095 3 
0 0.642992 3 
0 0.646124 3 
0 0.64942 3 
0 0.650178 3 
0 0.704773 3 
0 0.704876 3 
0 0.71141 3 
0 0.734187 3 
0 0.736066 3 
0 0.736498 3 
0 0.755472 3 
0 0.761956 3 
0 0.76732 3 
0 0.942354 3 
0 1.10734 3 
0 1.36718 3 
0 1.90263 3 
0 1.95496 3 
0 2.34506 3 
0 2.37582 3 
0 2.37691 3 
0 2.38184 3 
0 2.38201 3 
0 2.64055 3 
0 2.64203 3 
0 2.64219 3 
0 2.76908 3 
0 3.15063 3 
0 3.33154 3 
0 3.35851 3 
0 inf 3 
0 0.0155212 4 
0 0.0162114 4 
0 0.0168734 4 
0 0.0247531 4 
0 0.0247534 4 
0 0.0247567 4 
0 0.0256206 4 
0 0.0272764 4 
0 0.0276785 4 
0 0.0292125 4 
0 0.0292134 4 
0 0.0346965 4 
0 0.0353168 4 
0 0.0365351 4 
0 0.0368335 4 
0 0.0388583 4 
0 0.0391378 4 
0 0.039138 4 
0 0.0391391 4 
0 0.0410481 4 
0 0.0428726 4 
0 0.042873 4 
0 0.0453553 4 
0 0.0460709 4 
0 0.0465468 4 
0 0.046776 4 
0 0.0472361 4 
0 0.0483822 4 
0 0.049063 4 
0 0.0510278 4 
0 0.0529189 4 
0 0.0533453 4 
0 0.0543466 4 
0 0.0547601 4 
0 0.0547601 4 
0 0.0555475 4 
0 0.0574844 4 
0 0.0597189 4 
0 0.0597189 4 
0 0.0597235 4 
0 0.0597235 4 
0 0.0632818 4 
0 0.0648213 4 
0 0.0679437 4 
0 0.0687547 4 
0 0.069073 4 
0 0.0696986 4 
0 0.0793845 4 
0 0.0807498 4 
0 0.080751 4 
0 0.0853592 4 
0 0.0917874 4 
0 0.0922628 4 
0 0.0922634 4 
0 0.0987898 4 
0 0.099565 4 
0 0.101521 4 
0 0.101951 4 
0 0.102487 4 
0 0.107387 4 
0 0.134117 4 
0 0.135416 4 
0 0.135897 4 
0 0.135982 4 
0 0.137021 4 
0 0.139942 4 
0 0.141731 4 
0 0.198572 4 
0 0.295674 4 
0 0.388814 4 
0 0.410124 4 
0 0.414994 4 
0 0.428238 4 
0 0.432138 4 
0 0.435372 4 
0 0.467453 4 
0 0.488035 4 
0 0.488867 4 
0 0.560575 4 
0 0.560673 4 
0 0.584389 4 
0 0.598815 4 
0 0.603607 4 
0 0.605326 4 
0 0.610915 4 
0 0.61719 4 
0 0.622871 4 
0 0.630847 4 
0 0.632043 4 
0 0.632476 4 
0 0.634631 4 
0 0.688641 4 
0 0.701844 4 
0 0.711751 4 
0 0.712191 4 
0 0.728083 4 
0 0.728985 4 
0 0.730709 4 
0 0.753714 4 
0 0.835805 4 
0 0.843851 4 
0 0.844823 4 
0 0.847679 4 
0 0.976735 4 
0 0.985066 4 
0 1.38706 4 
0 1.68752 4 
0 1.79505 4 
0 1.80047 4 
0 1.8093 4 
0 1.87114 4 
0 2.05985 4 
0 2.15873 4 
0 2.42022 4 
0 2.42075 4 
0 2.42128 4 
0 2.78047 4 
0 2.79579 4 
0 2.85491 4 
0 inf 4 
0 0.0104559 5 
0 0.0175056 5 
0 0.0238517 5 
0 0.0238532 5 
0 0.0276741 5 
0 0.0292216 5 
0 0.0303152 5 
0 0.0303159 5 
0 0.0306721 5 
0 0.0310299 5 
0 0.0334065 5 
0 0.0334131 5 
0 0.0340544 5 
0 0.0346916 5 
0 0.0356311 5 
0 0.0368317 5 
0 0.0374162 5 
0 0.039137 5 
0 0.0394117 5 
0 0.0396874 5 
0 0.0405114 5 
0 0.0405128 5 
0 0.0405139 5 
0 0.0405142 5 
0 0.0410429 5 
0 0.0465434 5 
0 0.0472459 5 
0 0.0474771 5 
0 0.0477052 5 
0 0.0477052 5 
0 0.049953 5 
0 0.0539487 5 
0 0.0549554 5 
0 0.0551509 5 
0 0.0571036 5 
0 0.0572949 5 
0 0.0586146 5 
0 0.0600922 5 
0 0.0604526 5 
0 0.060989 5 
0 0.0609934 5 
0 0.0685918 5 
0 0.0690677 5 
0 0.0692269 5 
0 0.0738151 5 
0 0.079802 5 
0 0.0894897 5 
0 0.0899768 5 
0 0.0920208 5 
0 0.100765 5 
0 0.102275 5 
0 0.107081 5 
0 0.108102 5 
0 0.11853 5 
0 0.119718 5 
0 0.127595 5 
0 0.136462 5 
0 0.142962 5 
0 0.143345 5 
0 0.188857 5 
0 0.297445 5 
0 0.330608 5 
0 0.431385 5 
0 0.432549 5 
0 0.44456 5 
0 0.467009 5 
0 0.475188 5 
0 0.484907 5 
0 0.499838 5 
0 0.500123 5 
0 0.544031 5 
0 0.553043 5 
0 0.555672 5 
0 0.563989 5 
0 0.572747 5 
0 0.573817 5 
0 0.5766 5 
0 0.578816 5 
0 0.579925 5 
0 0.606023 5 
0 0.636466 5 
0 0.641639 5 
0 0.67075 5 
0 0.67243 5 
0 0.675287 5 
0 0.684937 5 
0 0.691742 5 
0 0.69441 5 
0 0.69441 5 
0 0.720436 5 
0 0.835621 5 
0 0.987879 5 
0 1.07255 5 
0 1.30978 5 
0 1.31697 5 
0 1.31717 5 
0 1.32264 5 
0 1.38874 5 
0 1.39718 5 
0 1.5224 5 
0 1.59992 5 
0 1.62028 5 
0 1.64483 5 
0 1.72724 5 
0 1.7607 5 
0 1.76448 5 
0 1.80872 5 
0 1.81828 5 
0 1.81922 5 
0 1.83417 5 
0 2.00202 5 
0 2.10443 5 
0 2.20232 5 
0 2.21022 5 
0 2.28988 5 
0 inf 5 
0 0.0203932 6 
0 0.0214443 6 
0 0.0229154 6 
0 0.0247525 6 
0 0.0247603 6 
0 0.0251859 6 
0 0.0251968 6 
0 0.0264601 6 
0 0.0264607 6 
0 0.0371298 6 
0 0.0377128 6 
0 0.0379986 6 
0 0.0394116 6 
0 0.0402368 6 
0 0.0413089 6 
0 0.0418366 6 
0 0.0421008 6 
0 0.0436318 6 
0 0.0455994 6 
0 0.0472444 6 
0 0.0474749 6 
0 0.0483898 6 
0 0.048615 6 
0 0.0501651 6 
0 0.0510304 6 
0 0.0514558 6 
0 0.0523087 6 
0 0.0525085 6 
0 0.0539483 6 
0 0.0539492 6 
0 0.0549486 6 
0 0.0559445 6 
0 0.0576795 6 
0 0.0602728 6 
0 0.0646478 6 
0 0.06665 6 
0 0.0679436 6 
0 0.0685914 6 
0 0.068595 6 
0 0.0696993 6 
0 0.0780014 6 
0 0.0966696 6 
0 0.104073 6 
0 0.106566 6 
0 0.118341 6 
0 0.119078 6 
0 0.121084 6 
0 0.125348 6 
0 0.140958 6 
0 0.145914 6 
0 0.1555 6 
0 0.193776 6 
0 0.239795 6 
0 0.296228 6 
0 0.309244 6 
0 0.387016 6 
0 0.391514 6 
0 0.393521 6 
0 0.399906 6 
0 0.410438 6 
0 0.416391 6 
0 0.42493 6 
0 0.42667 6 
0 0.465648 6 
0 0.504869 6 
0 0.53489 6 
0 0.54274 6 
0 0.544993 6 
0 0.546366 6 
0 0.548365 6 
0 0.565738 6 
0 0.575701 6 
0 0.604831 6 
0 0.605609 6 
0 0.608133 6 
0 0.609284 6 
0 0.664021 6 
0 0.665502 6 
0 0.669439 6 
0 0.671466 6 
0 0.681349 6 
0 0.681991 6 
0 0.683893 6 
0 0.684612 6 
0 0.700851 6 
0 0.805828 6 
0 0.835921 6 
0 0.856077 6 
0 0.877899 6 
0 1.01736 6 
0 1.14884 6 
0 1.19907 6 
0 1.29562 6 
0 1.31783 6 
0 1.31783 6 
0 1.33804 6 
0 1.34334 6 
0 1.35356 6 
0 1.41714 6 
0 1.41714 6 
0 1.42138 6 
0 1.42394 6 
0 1.45219 6 
0 1.45597 6 
0 1.46505 6 
0 1.52956 6 
0 1.66429 6 
0 1.71662 6 
0 1.87088 6 
0 1.87916 6 
0 2.28262 6 
0 inf 6 
0 0.0155158 7 
0 0.0256234 7 
0 0.0264607 7 
0 0.0276776 7 
0 0.0317295 7 
0 0.0334163 7 
0 0.0340569 7 
0 0.0343815 7 
0 0.0356261 7 
0 0.0423638 7 
0 0.0465388 7 
0 0.0483892 7 
0 0.049283 7 
0 0.051243 7 
0 0.0512451 7 
0 0.0514573 7 
0 0.052086 7 
0 0.053544 7 
0 0.0539483 7 
0 0.0574854 7 
0 0.0586147 7 
0 0.0597213 7 
0 0.0611714 7 
0 0.0644875 7 
0 0.0664842 7 
0 0.0701673 7 
0 0.0711007 7 
0 0.0715575 7 
0 0.0723165 7 
0 0.0724708 7 
0 0.0726225 7 
0 0.0729202 7 
0 0.0746992 7 
0 0.0781393 7 
0 0.0812923 7 
0 0.0952962 7 
0 0.111884 7 
0 0.112071 7 
0 0.114675 7 
0 0.11963 7 
0 0.136461 7 
0 0.137106 7 
0 0.141734 7 
0 0.181648 7 
0 0.191901 7 
0 0.211027 7 
0 0.289692 7 
0 0.290597 7 
0 0.297482 7 
0 0.325674 7 
0 0.329681 7 
0 0.356491 7 
0 0.391846 7 
0 0.392253 7 
0 0.393852 7 
0 0.436287 7 
0 0.464047 7 
0 0.496304 7 
0 0.500452 7 
0 0.523636 7 
0 0.53596 7 
0 0.539598 7 
0 0.54427 7 
0 0.552956 7 
0 0.554753 7 
0 0.572977 7 
0 0.577055 7 
0 0.597296 7 
0 0.599344 7 
0 0.604379 7 
0 0.607971 7 
0 0.644145 7 
0 0.664501 7 
0 0.673506 7 
0 0.675664 7 
0 0.681966 7 
0 0.69632 7 
0 0.699566 7 
0 0.705173 7 
0 0.707048 7 
0 0.734935 7 
0 0.801474 7 
0 0.837179 7 
0 0.923084 7 
0 0.970689 7 
0 1.0214 7 
0 1.02361 7 
0 1.03798 7 
0 1.0414 7 
0 1.07155 7 
0 1.17014 7 
0 1.31511 7 
0 1.3186 7 
0 1.32307 7 
0 1.33434 7 
0 1.37429 7 
0 1.40782 7 
0 1.46383 7 
0 1.50729 7 
0 1.78927 7 
0 1.78967 7 
0 1.7927 7 
0 1.80328 7 
0 1.91041 7 
0 1.93366 7 
0 2.08002 7 
0 2.11326 7 
0 inf 7 
0 0.0243103 8 
0 0.024757 8 
0 0.0334093 8 
0 0.0346962 8 
0 0.0394191 8 
0 0.0438779 8 
0 0.0451108 8 
0 0.0508142 8 
0 0.0518901 8 
0 0.0535415 8 
0 0.0567121 8 
0 0.0600869 8 
0 0.0606334 8 
0 0.0615255 8 
0 0.0654841 8 
0 0.06583 8 
0 0.0658313 8 
0 0.0682716 8 
0 0.0714051 8 
0 0.0727699 8 
0 0.0745536 8 
0 0.0774309 8 
0 0.0782789 8 
0 0.0791096 8 
0 0.0793898 8 
0 0.0797981 8 
0 0.0798 8 
0 0.0807499 8 
0 0.0851023 8 
0 0.100876 8 
0 0.114679 8 
0 0.124291 8 
0 0.125256 8 
0 0.128875 8 
0 0.133151 8 
0 0.142272 8 
0 0.154783 8 
0 0.198848 8 
0 0.210569 8 
0 0.21387 8 
0 0.253118 8 
0 0.256212 8 
0 0.279519 8 
0 0.294821 8 
0 0.303067 8 
0 0.30612 8 
0 0.389285 8 
0 0.403824 8 
0 0.419114 8 
0 0.427727 8 
0 0.429404 8 
0 0.465859 8 
0 0.474485 8 
0 0.475405 8 
0 0.568227 8 
0 0.572041 8 
0 0.580051 8 
0 0.582762 8 
0 0.585301 8 
0 0.598522 8 
0 0.600055 8 
0 0.602407 8 
0 0.603459 8 
0 0.604975 8 
0 0.607361 8 
0 0.618535 8 
0 0.622083 8 
0 0.624453 8 
0 0.631354 8 
0 0.647696 8 
0 0.649468 8 
0 0.664649 8 
0 0.700246 8 
0 0.701305 8 
0 0.704045 8 
0 0.709662 8 
0 0.715589 8 
0 0.740042 8 
0 0.752879 8 
0 0.820153 8 
0 0.822614 8 
0 0.836708 8 
0 0.90497 8 
0 0.924061 8 
0 0.976601 8 
0 1.04678 8 
0 1.10271 8 
0 1.10759 8 
0 1.13111 8 
0 1.27777 8 
0 1.3221 8 
0 1.32561 8 
0 1.33741 8 
0 1.3487 8 
0 1.35387 8 
0 1.35419 8 
0 1.37436 8 
0 1.37856 8 
0 1.38031 8 
0 1.40685 8 
0 1.43315 8 
0 1.43388 8 
0 1.62338 8 
0 inf 8 
0 0.0443771 9 
0 0.0455933 9 
0 0.0463073 9 
0 0.0472423 9 
0 0.0481612 9 
0 0.0490709 9 
0 0.0492844 9 
0 0.0533368 9 
0 0.0535412 9 
0 0.0553537 9 
0 0.0576722 9 
0 0.0586163 9 
0 0.0649831 9 
0 0.0707873 9 
0 0.0709439 9 
0 0.0721663 9 
0 0.0729148 9 
0 0.0761515 9 
0 0.0797977 9 
0 0.0856231 9 
0 0.0866375 9 
0 0.0908294 9 
0 0.0967809 9 
0 0.102809 9 
0 0.104584 9 
0 0.104829 9 
0 0.136142 9 
0 0.136865 9 
0 0.15885 9 
0 0.183402 9 
0 0.187986 9 
0 0.194174 9 
0 0.218991 9 
0 0.222819 9 
0 0.226328 9 
0 0.245692 9 
0 0.289824 9 
0 0.301645 9 
0 0.320442 9 
0 0.333905 9 
0 0.339367 9 
0 0.362558 9 
0 0.424183 9 
0 0.439056 9 
0 0.440921 9 
0 0.447615 9 
0 0.451375 9 
0 0.458721 9 
0 0.463678 9 
0 0.464751 9 
0 0.465719 9 
0 0.502412 9 
0 0.510964 9 
0 0.534261 9 
0 0.544229 9 
0 0.571294 9 
0 0.572026 9 
0 0.581642 9 
0 0.584699 9 
0 0.586791 9 
0 0.599544 9 
0 0.601021 9 
0 0.604801 9 
0 0.605482 9 
0 0.632431 9 
0 0.633814 9 
0 0.659358 9 
0 0.677299 9 
0 0.6773 9 
0 0.685155 9 
0 0.71978 9 
0 0.837623 9 
0 0.868405 9 
0 0.868406 9 
0 0.876321 9 
0 0.96996 9 
0 0.992821 9 
0 1.02996 9 
0 1.03537 9 
0 1.03537 9 
0 1.0806 9 
0 1.23224 9 
0 1.27195 9 
0 1.27497 9 
0 1.28563 9 
0 1.29973 9 
0 1.33164 9 
0 1.33379 9 
0 1.35132 9 
0 1.35486 9 
0 1.35577 9 
0 1.3996 9 
0 1.41499 9 
0 1.47358 9 
0 1.47406 9 
0 1.69678 9 
0 1.69691 9 
0 1.82993 9 
0 1.83055 9 
0 inf 9 
0 0.0104603 10 
0 0.0337326 10 
0 0.0343756 10 
0 0.0374236 10 
0 0.0413127 10 
0 0.0436232 10 
0 0.0565233 10 
0 0.0571027 10 
0 0.0591709 10 
0 0.0611742 10 
0 0.0659914 10 
0 0.0682706 10 
0 0.0723171 10 
0 0.0762951 10 
0 0.0837911 10 
0 0.0870148 10 
0 0.0949695 10 
0 0.109709 10 
0 0.115157 10 
0 0.138059 10 
0 0.145855 10 
0 0.150567 10 
0 0.152452 10 
0 0.181947 10 
0 0.194113 10 
0 0.195509 10 
0 0.204874 10 
0 0.212706 10 
0 0.246944 10 
0 0.270766 10 
0 0.301391 10 
0 0.301536 10 
0 0.345636 10 
0 0.394579 10 
0 0.397481 10 
0 0.399736 10 
0 0.421771 10 
0 0.427292 10 
0 0.431795 10 
0 0.436514 10 
0 0.444254 10 
0 0.44996 10 
0 0.452675 10 
0 0.452675 10 
0 0.462673 10 
0 0.463239 10 
0 0.463552 10 
0 0.465999 10 
0 0.466798 10 
0 0.501454 10 
0 0.5568 10 
0 0.558214 10 
0 0.568013 10 
0 0.591104 10 
0 0.598705 10 
0 0.599581 10 
0 0.603028 10 
0 0.603082 10 
0 0.604088 10 
0 0.604158 10 
0 0.606935 10 
0 0.608825 10 
0 0.609681 10 
0 0.662205 10 
0 0.663839 10 
0 0.681231 10 
0 0.696908 10 
0 0.723114 10 
0 0.753225 10 
0 0.7534 10 
0 0.834573 10 
0 0.949763 10 
0 0.949993 10 
0 0.950626 10 
0 1.01086 10 
0 1.05444 10 
0 1.17298 10 
0 1.19035 10 
0 1.19045 10 
0 1.32016 10 
0 1.32225 10 
0 1.35484 10 
0 1.35626 10 
0 1.38398 10 
0 1.38483 10 
0 1.38486 10 
0 1.47728 10 
0 1.48629 10 
0 1.4865 10 
0 1.48671 10 
0 1.48756 10 
0 1.50512 10 
0 1.51993 10 
0 1.65621 10 
0 1.65672 10 
0 inf 10 
0 0.0472436 11 
0 0.0488372 11 
0 0.0572918 11 
0 0.0597202 11 
0 0.0613473 11 
0 0.061885 11 
0 0.063284 11 
0 0.0704557 11 
0 0.0953159 11 
0 0.112971 11 
0 0.121086 11 
0 0.127852 11 
0 0.146965 11 
0 0.155639 11 
0 0.156415 11 
0 0.157237 11 
0 0.157743 11 
0 0.165257 11 
0 0.185814 11 
0 0.20049 11 
0 0.211721 11 
0 0.232443 11 
0 0.280413 11 
0 0.286848 11 
0 0.296928 11 
0 0.318599 11 
0 0.324337 11 
0 0.33085 11 
0 0.360319 11 
0 0.360775 11 
0 0.376557 11 
0 0.402849 11 
0 0.404611 11 
0 0.40942 11 
0 0.424996 11 
0 0.42511 11 
0 0.427537 11 
0 0.427804 11 
0 0.451458 11 
0 0.464236 11 
0 0.489467 11 
0 0.504423 11 
0 0.537199 11 
0 0.539637 11 
0 0.540396 11 
0 0.561055 11 
0 0.588446 11 
0 0.590457 11 
0 0.590976 11 
0 0.594348 11 
0 0.595402 11 
0 0.597259 11 
0 0.598814 11 
0 0.613623 11 
0 0.615617 11 
0 0.616061 11 
0 0.62517 11 
0 0.638552 11 
0 0.645098 11 
0 0.658911 11 
0 0.659359 11 
0 0.659359 11 
0 0.674731 11 
0 0.684208 11 
0 0.684544 11 
0 0.698132 11 
0 0.835463 11 
0 0.944243 11 
0 0.944614 11 
0 0.952607 11 
0 0.971188 11 
0 0.987719 11 
0 0.992405 11 
0 1.00512 11 
0 1.0053 11 
0 1.0065 11 
0 1.04129 11 
0 1.04908 11 
0 1.18632 11 
0 1.31758 11 
0 1.31997 11 
0 1.33063 11 
0 1.33142 11 
0 1.35399 11 
0 1.35535 11 
0 1.35658 11 
0 1.35661 11 
0 1.35813 11 
0 1.45915 11 
0 1.46346 11 
0 1.46346 11 
0 inf 11 
0 0.0789698 12 
0 0.102042 12 
0 0.104704 12 
0 0.107301 12 
0 0.114584 12 
0 0.119363 12 
0 0.133134 12 
0 0.133954 12 
0 0.150481 12 
0 0.16406 12 
0 0.200596 12 
0 0.200988 12 
0 0.207444 12 
0 0.210089 12 
0 0.268052 12 
0 0.274901 12 
0 0.278996 12 
0 0.282697 12 
0 0.286346 12 
0 0.29715 12 
0 0.30255 12 
0 0.343021 12 
0 0.348406 12 
0 0.351029 12 
0 0.353049 12 
0 0.358857 12 
0 0.361864 12 
0 0.362497 12 
0 0.366055 12 
0 0.371102 12 
0 0.399663 12 
0 0.401049 12 
0 0.411392 12 
0 0.412251 12 
0 0.414572 12 
0 0.42213 12 
0 0.424544 12 
0 0.432852 12 
0 0.461931 12 
0 0.482291 12 
0 0.507064 12 
0 0.528719 12 
0 0.529525 12 
0 0.544199 12 
0 0.545118 12 
0 0.553711 12 
0 0.561073 12 
0 0.561384 12 
0 0.566814 12 
0 0.571854 12 
0 0.587518 12 
0 0.591527 12 
0 0.598426 12 
0 0.598449 12 
0 0.602257 12 
0 0.605322 12 
0 0.605521 12 
0 0.608783 12 
0 0.61166 12 
0 0.626425 12 
0 0.657965 12 
0 0.707548 12 
0 0.710156 12 
0 0.733066 12 
0 0.733736 12 
0 0.756496 12 
0 0.757146 12 
0 0.759685 12 
0 0.765104 12 
0 0.767575 12 
0 0.771627 12 
0 0.776721 12 
0 0.783531 12 
0 0.851048 12 
0 1.05295 12 
0 1.06338 12 
0 1.21945 12 
0 1.32328 12 
0 1.32845 12 
0 1.35082 12 
0 1.35191 12 
0 1.35308 12 
0 1.35766 12 
0 1.35796 12 
0 1.4112 12 
0 1.41125 12 
0 1.41203 12 
0 inf 12 
0 0.108824 13 
0 0.123588 13 
0 0.138673 13 
0 0.146964 13 
0 0.162787 13 
0 0.166127 13 
0 0.194106 13 
0 0.199977 13 
0 0.202778 13 
0 0.207865 13 
0 0.21206 13 
0 0.250957 13 
0 0.256622 13 
0 0.270918 13 
0 0.279505 13 
0 0.280106 13 
0 0.28262 13 
0 0.289091 13 
0 0.302189 13 
0 0.30396 13 
0 0.321826 13 
0 0.328054 13 
0 0.332495 13 
0 0.334561 13 
0 0.335146 13 
0 0.344173 13 
0 0.349592 13 
0 0.351931 13 
0 0.357854 13 
0 0.361906 13 
0 0.36254 13 
0 0.364334 13 
0 0.364695 13 
0 0.365905 13 
0 0.38468 13 
0 0.387062 13 
0 0.428993 13 
0 0.473441 13 
0 0.482518 13 
0 0.492351 13 
0 0.505941 13 
0 0.506524 13 
0 0.506761 13 
0 0.54278 13 
0 0.555708 13 
0 0.555807 13 
0 0.557497 13 
0 0.594335 13 
0 0.594615 13 
0 0.597645 13 
0 0.61573 13 
0 0.636341 13 
0 0.674075 13 
0 0.712649 13 
0 0.714259 13 
0 0.714948 13 
0 0.759513 13 
0 0.827636 13 
0 0.90897 13 
0 0.987037 13 
0 1.04855 13 
0 1.04889 13 
0 1.04922 13 
0 1.1368 13 
0 1.16367 13 
0 1.16374 13 
0 1.16427 13 
0 1.21657 13 
0 1.21876 13 
0 1.21884 13 
0 1.25267 13 
0 1.25367 13 
0 1.25487 13 
0 1.31469 13 
0 1.32119 13 
0 1.35481 13 
0 1.36013 13 
0 1.4247 13 
0 1.42559 13 
0 1.42645 13 
0 1.4856 13 
0 1.48586 13 
0 1.48723 13 
0 inf 13 
0 0.0814257 14 
0 0.101523 14 
0 0.101966 14 
0 0.106673 14 
0 0.128773 14 
0 0.166902 14 
0 0.207868 14 
0 0.256216 14 
0 0.267585 14 
0 0.27706 14 
0 0.279075 14 
0 0.281068 14 
0 0.285126 14 
0 0.288026 14 
0 0.293297 14 
0 0.293484 14 
0 0.313471 14 
0 0.316373 14 
0 0.340689 14 
0 0.3455 14 
0 0.34588 14 
0 0.346386 14 
0 0.349474 14 
0 0.35134 14 
0 0.353296 14 
0 0.355272 14 
0 0.356103 14 
0 0.369445 14 
0 0.369534 14 
0 0.369789 14 
0 0.370688 14 
0 0.371425 14 
0 0.382283 14 
0 0.42035 14 
0 0.432447 14 
0 0.432817 14 
0 0.438841 14 
0 0.43924 14 
0 0.481268 14 
0 0.510429 14 
0 0.513763 14 
0 0.513955 14 
0 0.517899 14 
0 0.594376 14 
0 0.604814 14 
0 0.61452 14 
0 0.616477 14 
0 0.68222 14 
0 0.796027 14 
0 0.818545 14 
0 0.839136 14 
0 0.844129 14 
0 0.854209 14 
0 0.854311 14 
0 0.854324 14 
0 0.855265 14 
0 0.85547 14 
0 0.929766 14 
0 0.96644 14 
0 0.966745 14 
0 0.969356 14 
0 1.1197 14 
0 1.13458 14 
0 1.1826 14 
0 1.18873 14 
0 1.18918 14 
0 1.32615 14 
0 1.353 14 
0 1.36222 14 
0 1.39348 14 
0 1.39367 14 
0 1.39372 14 
0 1.74876 14 
0 1.74876 14 
0 1.74877 14 
0 1.77114 14 
0 1.77121 14 
0 1.77126 14 
0 1.85245 14 
0 inf 14 
0 0.0735161 15 
0 0.0834235 15 
0 0.0897363 15 
0 0.112677 15 
0 0.120468 15 
0 0.122433 15 
0 0.122451 15 
0 0.130042 15 
0 0.130999 15 
0 0.172638 15 
0 0.203395 15 
0 0.206756 15 
0 0.210687 15 
0 0.215818 15 
0 0.256859 15 
0 0.261253 15 
0 0.278718 15 
0 0.28389 15 
0 0.284587 15 
0 0.284702 15 
0 0.285278 15 
0 0.285279 15 
0 0.327152 15 
0 0.359255 15 
0 0.35962 15 
0 0.364695 15 
0 0.364695 15 
0 0.389288 15 
0 0.390636 15 
0 0.395201 15 
0 0.396169 15 
0 0.410699 15 
0 0.427152 15 
0 0.443032 15 
0 0.46948 15 
0 0.476999 15 
0 0.524198 15 
0 0.52426 15 
0 0.524615 15 
0 0.52476 15 
0 0.561988 15 
0 0.575415 15 
0 0.588946 15 
0 0.588946 15 
0 0.607034 15 
0 0.607089 15 
0 0.672611 15 
0 0.674792 15 
0 0.675051 15 
0 0.675051 15 
0 0.873792 15 
0 0.909679 15 
0 0.942121 15 
0 0.951825 15 
0 0.952652 15 
0 0.965434 15 
0 0.966555 15 
0 0.966645 15 
0 0.966917 15 
0 1.1184 15 
0 1.12204 15 
0 1.12344 15 
0 1.12415 15 
0 1.158 15 
0 1.15899 15 
0 1.15914 15 
0 1.29949 15 
0 1.33644 15 
0 1.36699 15 
0 1.37018 15 
0 1.37038 15 
0 1.3704 15 
0 1.53573 15 
0 1.53598 15 
0 1.5363 15 
0 inf 15 
0 0.0682722 16 
0 0.0816949 16 
0 0.0935587 16 
0 0.102292 16 
0 0.108993 16 
0 0.112092 16 
0 0.120373 16 
0 0.120646 16 
0 0.126552 16 
0 0.149828 16 
0 0.150411 16 
0 0.212292 16 
0 0.216224 16 
0 0.216728 16 
0 0.222705 16 
0 0.275404 16 
0 0.292064 16 
0 0.292625 16 
0 0.292663 16 
0 0.296819 16 
0 0.317134 16 
0 0.325242 16 
0 0.33856 16 
0 0.342672 16 
0 0.380147 16 
0 0.381527 16 
0 0.381556 16 
0 0.382129 16 
0 0.432685 16 
0 0.484826 16 
0 0.531195 16 
0 0.555359 16 
0 0.555674 16 
0 0.555989 16 
0 0.556146 16 
0 0.61726 16 
0 0.623026 16 
0 0.62403 16 
0 0.624222 16 
0 0.62438 16 
0 0.642391 16 
0 0.701315 16 
0 0.727155 16 
0 0.739622 16 
0 0.742442 16 
0 0.742575 16 
0 0.796109 16 
0 0.799196 16 
0 0.799196 16 
0 0.871339 16 
0 0.974907 16 
0 0.975311 16 
0 0.975412 16 
0 0.975445 16 
0 1.07053 16 
0 1.0762 16 
0 1.11695 16 
0 1.14175 16 
0 1.25167 16 
0 1.2526 16 
0 1.25426 16 
0 1.25542 16 
0 1.26256 16 
0 1.34564 16 
0 1.37421 16 
0 1.37523 16 
0 1.3753 16 
0 1.37911 16 
0 1.37923 16 
0 1.37923 16 
0 1.37935 16 
0 inf 16 
0 0.105451 17 
0 0.105761 17 
0 0.108519 17 
0 0.117767 17 
0 0.117767 17 
0 0.121427 17 
0 0.122714 17 
0 0.204484 17 
0 0.21869 17 
0 0.219886 17 
0 0.220085 17 
0 0.220433 17 
0 0.31755 17 
0 0.321386 17 
0 0.321556 17 
0 0.321556 17 
0 0.344944 17 
0 0.344944 17 
0 0.345958 17 
0 0.40631 17 
0 0.411395 17 
0 0.429235 17 
0 0.496674 17 
0 0.518627 17 
0 0.520396 17 
0 0.52067 17 
0 0.548891 17 
0 0.549071 17 
0 0.549688 17 
0 0.551596 17 
0 0.573053 17 
0 0.573339 17 
0 0.576612 17 
0 0.576764 17 
0 0.608241 17 
0 0.608942 17 
0 0.627961 17 
0 0.6281 17 
0 0.628257 17 
0 0.628379 17 
0 0.742548 17 
0 0.782104 17 
0 0.837428 17 
0 0.839777 17 
0 0.843118 17 
0 0.843481 17 
0 0.854295 17 
0 0.992418 17 
0 0.992616 17 
0 0.992782 17 
0 0.993498 17 
0 1.0011 17 
0 1.05727 17 
0 1.09385 17 
0 1.13238 17 
0 1.14582 17 
0 1.16643 17 
0 1.2473 17 
0 1.26515 17 
0 1.36568 17 
0 1.36605 17 
0 1.36717 17 
0 1.36745 17 
0 1.38613 17 
0 1.38617 17 
0 1.3862 17 
0 1.38714 17 
0 inf 17 
0 0.131911 18 
0 0.133232 18 
0 0.133232 18 
0 0.135187 18 
0 0.15626 18 
0 0.15626 18 
0 0.157304 18 
0 0.250846 18 
0 0.251151 18 
0 0.251151 18 
0 0.280692 18 
0 0.309131 18 
0 0.314222 18 
0 0.315438 18 
0 0.391834 18 
0 0.392057 18 
0 0.392058 18 
0 0.445938 18 
0 0.448165 18 
0 0.44836 18 
0 0.469835 18 
0 0.473477 18 
0 0.474285 18 
0 0.507464 18 
0 0.507787 18 
0 0.508045 18 
0 0.525263 18 
0 0.572404 18 
0 0.572824 18 
0 0.572882 18 
0 0.581591 18 
0 0.604668 18 
0 0.604668 18 
0 0.605301 18 
0 0.654879 18 
0 0.658012 18 
0 0.658029 18 
0 0.659292 18 
0 0.685889 18 
0 0.701895 18 
0 0.825206 18 
0 0.925768 18 
0 0.926477 18 
0 0.926477 18 
0 0.954095 18 
0 0.964451 18 
0 0.964871 18 
0 0.965415 18 
0 0.989178 18 
0 0.990339 18 
0 0.990516 18 
0 0.992403 18 
0 1.13108 18 
0 1.23177 18 
0 1.31224 18 
0 1.39804 18 
0 1.39822 18 
0 1.39822 18 
0 1.39825 18 
0 1.39991 18 
0 1.41216 18 
0 1.41281 18 
0 1.41332 18 
0 inf 18 
0 0.136389 19 
0 0.145098 19 
0 0.146597 19 
0 0.173449 19 
0 0.174393 19 
0 0.174832 19 
0 0.178445 19 
0 0.178752 19 
0 0.178813 19 
0 0.204164 19 
0 0.204646 19 
0 0.204646 19 
0 0.299681 19 
0 0.29979 19 
0 0.29979 19 
0 0.393283 19 
0 0.393534 19 
0 0.393534 19 
0 0.440504 19 
0 0.4411 19 
0 0.441992 19 
0 0.452939 19 
0 0.464824 19 
0 0.46527 19 
0 0.465458 19 
0 0.469647 19 
0 0.46981 19 
0 0.469856 19 
0 0.476552 19 
0 0.573492 19 
0 0.573644 19 
0 0.574541 19 
0 0.605518 19 
0 0.605879 19 
0 0.606096 19 
0 0.646778 19 
0 0.67951 19 
0 0.680041 19 
0 0.681312 19 
0 0.823864 19 
0 0.91953 19 
0 0.923424 19 
0 0.924845 19 
0 0.966906 19 
0 0.967087 19 
0 0.967721 19 
0 1.11017 19 
0 1.11041 19 
0 1.12406 19 
0 1.14081 19 
0 1.39579 19 
0 1.39582 19 
0 1.39589 19 
0 1.39608 19 
0 1.44869 19 
0 1.44887 19 
0 1.44934 19 
0 1.63054 19 
0 1.88848 19 
0 inf 19 
0 0.0870178 20 
0 0.0890069 20 
0 0.0915521 20 
0 0.119628 20 
0 0.122607 20 
0 0.125871 20 
0 0.127168 20 
0 0.127855 20 
0 0.130476 20 
0 0.195013 20 
0 0.195406 20 
0 0.199671 20 
0 0.21354 20 
0 0.214817 20 
0 0.217601 20 
0 0.297775 20 
0 0.298032 20 
0 0.302694 20 
0 0.336577 20 
0 0.355208 20 
0 0.399713 20 
0 0.399905 20 
0 0.401897 20 
0 0.435603 20 
0 0.435728 20 
0 0.43613 20 
0 0.456798 20 
0 0.457444 20 
0 0.466493 20 
0 0.466493 20 
0 0.466657 20 
0 0.471995 20 
0 0.573263 20 
0 0.573778 20 
0 0.573797 20 
0 0.606023 20 
0 0.60633 20 
0 0.606601 20 
0 0.695965 20 
0 0.696343 20 
0 0.770799 20 
0 0.85597 20 
0 0.94719 20 
0 0.948333 20 
0 0.966712 20 
0 0.966882 20 
0 1.00523 20 
0 1.14076 20 
0 1.16766 20 
0 1.16766 20 
0 1.38218 20 
0 1.38256 20 
0 1.47598 20 
0 1.47643 20 
0 2.52683 20 
0 inf 20 
