4.45839 8.26322 1 
0.983937 2.55161 1 
0.177765 0.223056 1 
0.123723 0.124868 1 
0.121493 0.127477 1 
0.120223 0.122924 1 
0.119032 0.125832 1 
0.115008 0.122655 1 
0.112802 0.115678 1 
0.110244 0.1127 1 
0.10443 0.116146 1 
0.100693 0.105576 1 
0.0903858 0.0930132 1 
0.0887898 0.135386 1 
0.078306 0.0787179 1 
0.0744287 0.0835718 1 
0.073545 0.0798263 1 
0.0731039 0.0744356 1 
0.0632958 0.0782976 1 
0.0624343 0.0641642 1 
0.061907 0.0694108 1 
0.0613725 0.0670015 1 
0.0584532 0.0770405 1 
0.0569347 0.0597385 1 
0.0567288 0.0673231 1 
0.0559608 0.0780251 1 
0.0525329 0.0708047 1 
0.0503959 0.0527409 1 
0.0499687 0.05148 1 
0.0391522 0.0535612 1 
6.26895 6.29403 2 
5.99471 6.07312 2 
5.99451 6.09889 2 
3.76953 6.16134 2 
0.833734 3.34901 2 
0.273555 0.293625 2 
0.210741 0.224233 2 
0.196769 0.208545 2 
0.195203 0.227478 2 
0.193227 0.198811 2 
0.188065 0.217438 2 
0.184473 0.189624 2 
0.183706 0.186605 2 
0.175035 0.221925 2 
0.143703 0.151781 2 
0.143169 0.149015 2 
0.129262 0.153361 2 
0.118295 0.129941 2 
0.0919391 0.0997084 2 
0.0919391 0.101988 2 
0.0886664 0.0913428 2 
0.0867892 0.0880388 2 
0.0766087 0.10156 2 
0.0679678 0.0721879 2 
0.0661718 0.0701893 2 
0.060472 0.0678038 2 
0.0601048 0.0684543 2 
0.0563483 0.0629574 2 
4.24662 4.59674 3 
4.24344 4.60724 3 
3.47951 4.61323 3 
3.19108 3.34355 3 
0.751587 3.43353 3 
0.197322 0.199585 3 
0.19627 0.196655 3 
0.196269 0.204679 3 
0.194924 0.216934 3 
0.194922 0.198428 3 
0.183347 0.184292 3 
0.141089 0.167162 3 
0.083969 0.0876787 3 
0.0791383 0.0880388 3 
0.0708148 0.0886656 3 
0.0663454 0.0830602 3 
0.0636489 0.0679743 3 
1.29769 3.18918 4 
0.259291 0.259291 4 
0.229592 0.254039 4 
0.208134 0.209023 4 
0.182924 0.200568 4 
0.182445 0.198042 4 
0.181965 0.193111 4 
0.162175 0.163251 4 
0.154782 0.173777 4 
0.073246 0.079138 4 
0.0678127 0.0792762 4 
0.0673281 0.0709696 4 
0.0539637 0.0597491 4 
2.54644 2.56089 5 
2.46838 2.50337 5 
2.2375 2.25701 5 
1.71187 2.81491 5 
0.263065 0.276972 5 
0.23636 0.240949 5 
0.231446 0.244556 5 
0.219301 0.270859 5 
0.0913421 0.0990481 5 
0.0802418 0.0839773 5 
0.0730964 0.0885397 5 
0.070813 0.0754493 5 
0.0582583 0.0639901 5 
2.4245 2.49208 6 
2.29518 2.63639 6 
2.14441 2.2458 6 
0.247979 0.297769 6 
0.0751653 0.0777419 6 
0.0744324 0.0747212 6 
0.061186 0.062085 6 
2.60794 2.94107 7 
2.25752 2.46798 7 
2.22007 2.22856 7 
2.03179 2.12848 7 
1.93148 2.29261 7 
1.92568 2.35317 7 
1.84881 2.26971 7 
0.244149 0.266656 7 
0.107428 0.110445 7 
0.102096 0.104848 7 
0.0815924 0.0881649 7 
0.0777427 0.0829192 7 
2.07897 2.26436 8 
1.85377 2.29044 8 
1.74522 1.97175 8 
1.72212 2.22989 8 
1.31974 1.93846 8 
1.29884 1.35509 8 
0.261895 0.262984 8 
0.257596 0.279648 8 
0.115009 0.125656 8 
0.10589 0.11299 8 
0.0907429 0.101018 8 
2.45016 2.59128 9 
2.42314 2.44534 9 
2.36393 2.73855 9 
2.35692 2.73927 9 
1.29557 1.71172 9 
0.282064 0.304072 9 
2.44746 2.46441 10 
2.42892 2.44108 10 
2.41263 2.7374 10 
2.35584 2.63595 10 
2.22774 2.31535 10 
1.41382 1.42946 10 
1.2953 1.54762 10 
0.37437 0.405132 10 
0.0839796 0.085138 10 
1.37175 1.49987 11 
1.37163 1.48476 11 
1.3218 1.32659 11 
1.31885 1.54364 11 
1.06057 1.10979 11 
1.0557 1.54506 11 
1.05104 1.2914 11 
0.95579 1.12039 11 
0.50078 0.555201 11 
0.281989 0.28689 11 
1.65155 1.73258 12 
1.51679 1.73581 12 
1.48 1.7355 12 
1.23172 1.25114 12 
0.791679 0.92269 12 
2.14533 2.18423 13 
2.13039 2.18472 13 
2.11684 2.18028 13 
1.0549 1.15187 13 
0.202151 0.210379 13 
2.11603 2.38738 14 
2.11601 2.38735 14 
2.10131 2.37727 14 
1.44993 1.47383 16 
1.37132 1.41731 16 
1.37125 1.41292 16 
1.14104 1.1976 16 
0.629812 0.650655 16 
0.252084 0.257557 16 
0.250691 0.258236 16 
0.249641 0.25307 17 
0.249202 0.249392 18 
0.248101 0.249392 18 
0.246863 0.248336 18 
2.36612 2.76701 19 
2.14544 2.17201 19 
2.14541 2.17137 19 
2.18044 2.23392 20 
2.18043 2.23337 20 
