0 0.00948093 1 
0 0.0103858 1 
0 0.0103899 1 
0 0.0112218 1 
0 0.0140836 1 
0 0.0216297 1 
0 0.0224473 1 
0 0.0236163 1 
0 0.0236199 1 
0 0.0250927 1 
0 0.0251011 1 
0 0.025455 1 
0 0.02649 1 
0 0.0274953 1 
0 0.0287733 1 
0 0.0302937 1 
0 0.0302979 1 
0 0.0303035 1 
0 0.0303049 1 
0 0.0308938 1 
0 0.0320365 1 
0 0.0323106 1 
0 0.0323119 1 
0 0.0325876 1 
0 0.0325902 1 
0 0.0328597 1 
0 0.0331347 1 
0 0.0333998 1 
0 0.0334023 1 
0 0.033935 1 
0 0.0339437 1 
0 0.03421 1 
0 0.03421 1 
0 0.0347291 1 
0 0.0352454 1 
0 0.0360035 1 
0 0.03625 1 
0 0.0364971 1 
0 0.0367449 1 
0 0.0367495 1 
0 0.0386524 1 
0 0.0386612 1 
0 0.0391158 1 
0 0.0393514 1 
0 0.0398029 1 
0 0.0404764 1 
0 0.0404806 1 
0 0.0411403 1 
0 0.0432711 1 
0 0.0464797 1 
0 0.0494757 1 
0 0.0496629 1 
0 0.0517918 1 
0 0.0517924 1 
0 0.0519643 1 
0 0.0526589 1 
0 0.0533334 1 
0 0.0541711 1 
0 0.0551591 1 
0 0.0559691 1 
0 0.0567675 1 
0 0.0601549 1 
0 0.0611935 1 
0 0.0613406 1 
0 0.0632193 1 
0 0.0649073 1 
0 0.067756 1 
0 0.0688099 1 
0 0.069071 1 
0 0.0697227 1 
0 0.0698515 1 
0 0.0703637 1 
0 0.0706109 1 
0 0.0708751 1 
0 0.0726285 1 
0 0.0736143 1 
0 0.0743422 1 
0 0.0824916 1 
0 0.0876767 1 
0 0.092475 1 
0 0.0978659 1 
0 0.104448 1 
0 0.106827 1 
0 0.11113 1 
0 0.111777 1 
0 0.112978 1 
0 0.114876 1 
0 0.12128 1 
0 0.130014 1 
0 0.132291 1 
0 0.138016 1 
0 0.144635 1 
0 0.15398 1 
0 0.220351 1 
0 0.256628 1 
0 0.265043 1 
0 0.270025 1 
0 0.285294 1 
0 0.298165 1 
0 0.300811 1 
0 0.323839 1 
0 0.333478 1 
0 0.361149 1 
0 0.44421 1 
0 0.539201 1 
0 0.54044 1 
0 0.567645 1 
0 0.616292 1 
0 0.627134 1 
0 0.627299 1 
0 0.717169 1 
0 0.730342 1 
0 0.736866 1 
0 0.764086 1 
0 0.815907 1 
0 0.821582 1 
0 0.971059 1 
0 1.00323 1 
0 1.05057 1 
0 1.05716 1 
0 1.16327 1 
0 1.17329 1 
0 1.20169 1 
0 1.94957 1 
0 2.30136 1 
0 2.32037 1 
0 2.42662 1 
0 3.00678 1 
0 3.59638 1 
0 3.67153 1 
0 3.67873 1 
0 inf 1 
0 0.021212 2 
0 0.0216297 2 
0 0.0236163 2 
0 0.0236199 2 
0 0.0236235 2 
0 0.0250977 2 
0 0.0274876 2 
0 0.0278203 2 
0 0.028145 2 
0 0.0297043 2 
0 0.0308814 2 
0 0.0317453 2 
0 0.0317533 2 
0 0.032585 2 
0 0.0325863 2 
0 0.0336754 2 
0 0.03421 2 
0 0.0344681 2 
0 0.034723 2 
0 0.0347315 2 
0 0.0347316 2 
0 0.0352451 2 
0 0.0354983 2 
0 0.0357435 2 
0 0.0362547 2 
0 0.0367356 2 
0 0.0377096 2 
0 0.0377096 2 
0 0.0377163 2 
0 0.0386513 2 
0 0.0386546 2 
0 0.0388843 2 
0 0.0395792 2 
0 0.0409181 2 
0 0.0411375 2 
0 0.0422186 2 
0 0.0422196 2 
0 0.042427 2 
0 0.0438956 2 
0 0.0442966 2 
0 0.0451087 2 
0 0.0480019 2 
0 0.0485605 2 
0 0.0498436 2 
0 0.0502081 2 
0 0.0514403 2 
0 0.0521435 2 
0 0.0575562 2 
0 0.0584836 2 
0 0.0616281 2 
0 0.0619245 2 
0 0.0632162 2 
0 0.0643496 2 
0 0.064765 2 
0 0.0649055 2 
0 0.0653201 2 
0 0.0717557 2 
0 0.0736137 2 
0 0.0750664 2 
0 0.0813934 2 
0 0.0813936 2 
0 0.0823792 2 
0 0.0847555 2 
0 0.0880868 2 
0 0.0898086 2 
0 0.0911999 2 
0 0.094303 2 
0 0.100675 2 
0 0.112985 2 
0 0.11409 2 
0 0.122314 2 
0 0.134844 2 
0 0.137293 2 
0 0.138011 2 
0 0.139632 2 
0 0.149172 2 
0 0.149473 2 
0 0.15174 2 
0 0.152509 2 
0 0.164657 2 
0 0.182056 2 
0 0.192627 2 
0 0.20095 2 
0 0.206388 2 
0 0.213885 2 
0 0.215563 2 
0 0.220557 2 
0 0.222508 2 
0 0.294272 2 
0 0.335122 2 
0 0.348464 2 
0 0.369791 2 
0 0.425167 2 
0 0.471716 2 
0 0.491158 2 
0 0.502511 2 
0 0.554619 2 
0 0.555269 2 
0 0.577564 2 
0 0.604216 2 
0 0.642052 2 
0 0.647081 2 
0 0.673217 2 
0 0.678229 2 
0 0.687624 2 
0 0.8342 2 
0 0.870617 2 
0 0.892237 2 
0 0.8926 2 
0 0.912313 2 
0 0.920788 2 
0 0.93599 2 
0 0.95006 2 
0 0.95983 2 
0 1.03988 2 
0 1.61041 2 
0 1.6521 2 
0 1.82719 2 
0 1.89048 2 
0 2.15071 2 
0 2.25536 2 
0 2.45444 2 
0 2.47806 2 
0 2.47945 2 
0 3.1578 2 
0 3.33666 2 
0 3.52078 2 
0 inf 2 
0 0.0140776 3 
0 0.0164318 3 
0 0.0216355 3 
0 0.0228424 3 
0 0.0258041 3 
0 0.0268288 3 
0 0.0268319 3 
0 0.0274984 3 
0 0.0278188 3 
0 0.0287733 3 
0 0.0287807 3 
0 0.0290855 3 
0 0.0311738 3 
0 0.0323119 3 
0 0.0331321 3 
0 0.0347267 3 
0 0.036 3 
0 0.0367437 3 
0 0.0377073 3 
0 0.0384224 3 
0 0.0395738 3 
0 0.0398024 3 
0 0.0400276 3 
0 0.0400276 3 
0 0.0402537 3 
0 0.0422106 3 
0 0.0422186 3 
0 0.0442985 3 
0 0.0450991 3 
0 0.0453017 3 
0 0.0470581 3 
0 0.0472443 3 
0 0.0501996 3 
0 0.0546673 3 
0 0.0570857 3 
0 0.0640681 3 
0 0.0643516 3 
0 0.0660054 3 
0 0.0661425 3 
0 0.066549 3 
0 0.0674908 3 
0 0.068679 3 
0 0.0689421 3 
0 0.0692013 3 
0 0.0711279 3 
0 0.072131 3 
0 0.0723816 3 
0 0.0732494 3 
0 0.0745838 3 
0 0.0745857 3 
0 0.0757802 3 
0 0.0760211 3 
0 0.0763777 3 
0 0.0781251 3 
0 0.0798297 3 
0 0.0823837 3 
0 0.0868556 3 
0 0.0911933 3 
0 0.10306 3 
0 0.10709 3 
0 0.109006 3 
0 0.114801 3 
0 0.115815 3 
0 0.121436 3 
0 0.130568 3 
0 0.132756 3 
0 0.147111 3 
0 0.156644 3 
0 0.156644 3 
0 0.156819 3 
0 0.156819 3 
0 0.192111 3 
0 0.196191 3 
0 0.202647 3 
0 0.241888 3 
0 0.290332 3 
0 0.304944 3 
0 0.32827 3 
0 0.33733 3 
0 0.364196 3 
0 0.440709 3 
0 0.463841 3 
0 0.465925 3 
0 0.477101 3 
0 0.496561 3 
0 0.522844 3 
0 0.525085 3 
0 0.550563 3 
0 0.552231 3 
0 0.580467 3 
0 0.64768 3 
0 0.682657 3 
0 0.693606 3 
0 0.693658 3 
0 0.713382 3 
0 0.750952 3 
0 0.75505 3 
0 0.771303 3 
0 0.791519 3 
0 0.808926 3 
0 0.81342 3 
0 0.81684 3 
0 0.825839 3 
0 0.857281 3 
0 0.889913 3 
0 0.895766 3 
0 0.915434 3 
0 1.05186 3 
0 1.30099 3 
0 1.3376 3 
0 1.34194 3 
0 1.34404 3 
0 1.34669 3 
0 1.58258 3 
0 1.73845 3 
0 2.2373 3 
0 2.36009 3 
0 2.42529 3 
0 2.72586 3 
0 2.72893 3 
0 2.72898 3 
0 3.09763 3 
0 3.09925 3 
0 inf 3 
0 0.0189753 4 
0 0.0228461 4 
0 0.0232362 4 
0 0.0247507 4 
0 0.0274982 4 
0 0.0302965 4 
0 0.0311766 4 
0 0.031468 4 
0 0.032585 4 
0 0.0336792 4 
0 0.0354935 4 
0 0.0367391 4 
0 0.036983 4 
0 0.0369901 4 
0 0.0386524 4 
0 0.0393363 4 
0 0.0393417 4 
0 0.0395717 4 
0 0.0397982 4 
0 0.0397982 4 
0 0.0413572 4 
0 0.042424 4 
0 0.0430633 4 
0 0.0445067 4 
0 0.0447025 4 
0 0.0478197 4 
0 0.0481906 4 
0 0.0493022 4 
0 0.0493022 4 
0 0.0494756 4 
0 0.0548269 4 
0 0.0548269 4 
0 0.0554773 4 
0 0.0573992 4 
0 0.057868 4 
0 0.0606013 4 
0 0.0606013 4 
0 0.0620724 4 
0 0.062642 4 
0 0.0643508 4 
0 0.0697202 4 
0 0.0708729 4 
0 0.0738549 4 
0 0.0801718 4 
0 0.0807237 4 
0 0.0832479 4 
0 0.084222 4 
0 0.0958205 4 
0 0.0974002 4 
0 0.0981438 4 
0 0.0981438 4 
0 0.100322 4 
0 0.1028 4 
0 0.103151 4 
0 0.108015 4 
0 0.109169 4 
0 0.110974 4 
0 0.121054 4 
0 0.123994 4 
0 0.125228 4 
0 0.12947 4 
0 0.133233 4 
0 0.133233 4 
0 0.187799 4 
0 0.196696 4 
0 0.320921 4 
0 0.382933 4 
0 0.388406 4 
0 0.396598 4 
0 0.407794 4 
0 0.445009 4 
0 0.463271 4 
0 0.471321 4 
0 0.49435 4 
0 0.501581 4 
0 0.50828 4 
0 0.575395 4 
0 0.605832 4 
0 0.611774 4 
0 0.621754 4 
0 0.624586 4 
0 0.643212 4 
0 0.670577 4 
0 0.694631 4 
0 0.717074 4 
0 0.721614 4 
0 0.723668 4 
0 0.724519 4 
0 0.742072 4 
0 0.766689 4 
0 0.77684 4 
0 0.789123 4 
0 0.789898 4 
0 0.791213 4 
0 0.796881 4 
0 0.796968 4 
0 0.799258 4 
0 0.803103 4 
0 0.83378 4 
0 0.956334 4 
0 1.00821 4 
0 1.04871 4 
0 1.20715 4 
0 1.20972 4 
0 1.21088 4 
0 1.28309 4 
0 1.28701 4 
0 1.28942 4 
0 1.28947 4 
0 1.58451 4 
0 1.72559 4 
0 1.73181 4 
0 1.7979 4 
0 1.87559 4 
0 2.12228 4 
0 2.12241 4 
0 2.12256 4 
0 2.3701 4 
0 2.41989 4 
0 inf 4 
0 0.0119961 5 
0 0.0250977 5 
0 0.0261566 5 
0 0.0278264 5 
0 0.0281416 5 
0 0.0281416 5 
0 0.0290886 5 
0 0.0323093 5 
0 0.0325863 5 
0 0.0360031 5 
0 0.0379461 5 
0 0.0391126 5 
0 0.0407002 5 
0 0.0438918 5 
0 0.0476233 5 
0 0.0478117 5 
0 0.0498428 5 
0 0.0498445 5 
0 0.0517879 5 
0 0.0564524 5 
0 0.0603089 5 
0 0.0606048 5 
0 0.0607537 5 
0 0.0607537 5 
0 0.0619228 5 
0 0.0664087 5 
0 0.0664142 5 
0 0.0673526 5 
0 0.0677619 5 
0 0.0684105 5 
0 0.0684105 5 
0 0.0684106 5 
0 0.0685451 5 
0 0.0686756 5 
0 0.0688127 5 
0 0.0694598 5 
0 0.0706145 5 
0 0.0707405 5 
0 0.0729997 5 
0 0.0737386 5 
0 0.0738572 5 
0 0.0743466 5 
0 0.0764894 5 
0 0.0775417 5 
0 0.0778942 5 
0 0.082815 5 
0 0.0844353 5 
0 0.085807 5 
0 0.0862213 5 
0 0.089101 5 
0 0.09478 5 
0 0.0962007 5 
0 0.104705 5 
0 0.109412 5 
0 0.136438 5 
0 0.188564 5 
0 0.198428 5 
0 0.362511 5 
0 0.373744 5 
0 0.433533 5 
0 0.438362 5 
0 0.439826 5 
0 0.456516 5 
0 0.462863 5 
0 0.464804 5 
0 0.482506 5 
0 0.575975 5 
0 0.59269 5 
0 0.594848 5 
0 0.606568 5 
0 0.614851 5 
0 0.620726 5 
0 0.633186 5 
0 0.641248 5 
0 0.643439 5 
0 0.646284 5 
0 0.671757 5 
0 0.679892 5 
0 0.703011 5 
0 0.707781 5 
0 0.717769 5 
0 0.719835 5 
0 0.722169 5 
0 0.743964 5 
0 0.750744 5 
0 0.757644 5 
0 0.767969 5 
0 0.780327 5 
0 0.792783 5 
0 0.79622 5 
0 0.797079 5 
0 0.798586 5 
0 0.798828 5 
0 0.802903 5 
0 0.812887 5 
0 0.822442 5 
0 1.04937 5 
0 1.07811 5 
0 1.23467 5 
0 1.31579 5 
0 1.32533 5 
0 1.35584 5 
0 1.43651 5 
0 1.45127 5 
0 1.45147 5 
0 1.4516 5 
0 1.58262 5 
0 1.59696 5 
0 1.59789 5 
0 1.59803 5 
0 1.59913 5 
0 1.74477 5 
0 1.79842 5 
0 1.83457 5 
0 1.92845 5 
0 inf 5 
0 0.0164318 6 
0 0.0303021 6 
0 0.0317426 6 
0 0.0365019 6 
0 0.0372286 6 
0 0.0386491 6 
0 0.039573 6 
0 0.0395774 6 
0 0.0402547 6 
0 0.0404701 6 
0 0.0438866 6 
0 0.0464828 6 
0 0.0503792 6 
0 0.0507323 6 
0 0.0514403 6 
0 0.0529896 6 
0 0.0540011 6 
0 0.0548291 6 
0 0.0553167 6 
0 0.0553206 6 
0 0.0559645 6 
0 0.0561283 6 
0 0.0573956 6 
0 0.0580211 6 
0 0.0594017 6 
0 0.0633606 6 
0 0.0653179 6 
0 0.0681524 6 
0 0.0694607 6 
0 0.0697239 6 
0 0.0701097 6 
0 0.070616 6 
0 0.0715062 6 
0 0.0732492 6 
0 0.0740996 6 
0 0.0745804 6 
0 0.0745804 6 
0 0.0781205 6 
0 0.079945 6 
0 0.0849644 6 
0 0.0863317 6 
0 0.0869564 6 
0 0.0888956 6 
0 0.0969396 6 
0 0.0977707 6 
0 0.10005 6 
0 0.119189 6 
0 0.194763 6 
0 0.19481 6 
0 0.208472 6 
0 0.353498 6 
0 0.364098 6 
0 0.368974 6 
0 0.373629 6 
0 0.375431 6 
0 0.439124 6 
0 0.461811 6 
0 0.492795 6 
0 0.495272 6 
0 0.495872 6 
0 0.497266 6 
0 0.541926 6 
0 0.54902 6 
0 0.558627 6 
0 0.560669 6 
0 0.564349 6 
0 0.566641 6 
0 0.574231 6 
0 0.574373 6 
0 0.620073 6 
0 0.622906 6 
0 0.636842 6 
0 0.669018 6 
0 0.702368 6 
0 0.7285 6 
0 0.744236 6 
0 0.746131 6 
0 0.751519 6 
0 0.753008 6 
0 0.75496 6 
0 0.75496 6 
0 0.767172 6 
0 0.771431 6 
0 0.783386 6 
0 0.785624 6 
0 0.79177 6 
0 0.794484 6 
0 0.794639 6 
0 0.795118 6 
0 0.798461 6 
0 0.870921 6 
0 0.922952 6 
0 0.981141 6 
0 1.01067 6 
0 1.08941 6 
0 1.09271 6 
0 1.10006 6 
0 1.12739 6 
0 1.13257 6 
0 1.14599 6 
0 1.42135 6 
0 1.42299 6 
0 1.43158 6 
0 1.43715 6 
0 1.44457 6 
0 1.45528 6 
0 1.4615 6 
0 1.47308 6 
0 1.51358 6 
0 1.52892 6 
0 1.61082 6 
0 inf 6 
0 0.0203516 7 
0 0.0377109 7 
0 0.0395762 7 
0 0.0398021 7 
0 0.0404701 7 
0 0.0409209 7 
0 0.0424317 7 
0 0.0430635 7 
0 0.0436799 7 
0 0.0441005 7 
0 0.0445019 7 
0 0.0494816 7 
0 0.0516174 7 
0 0.0521382 7 
0 0.0549929 7 
0 0.0573911 7 
0 0.0573925 7 
0 0.0586415 7 
0 0.0611954 7 
0 0.0619256 7 
0 0.0622161 7 
0 0.063786 7 
0 0.0650402 7 
0 0.065461 7 
0 0.0689423 7 
0 0.0692003 7 
0 0.0692032 7 
0 0.0721285 7 
0 0.073123 7 
0 0.0738506 7 
0 0.0835711 7 
0 0.0875748 7 
0 0.0876767 7 
0 0.0884936 7 
0 0.0924712 7 
0 0.0940166 7 
0 0.101126 7 
0 0.108921 7 
0 0.120231 7 
0 0.195133 7 
0 0.204415 7 
0 0.204459 7 
0 0.242492 7 
0 0.263028 7 
0 0.3313 7 
0 0.342458 7 
0 0.364621 7 
0 0.364818 7 
0 0.374336 7 
0 0.377809 7 
0 0.400608 7 
0 0.40064 7 
0 0.446963 7 
0 0.447185 7 
0 0.459799 7 
0 0.463053 7 
0 0.463519 7 
0 0.471606 7 
0 0.509496 7 
0 0.525139 7 
0 0.531883 7 
0 0.568236 7 
0 0.590654 7 
0 0.59073 7 
0 0.605763 7 
0 0.617994 7 
0 0.61953 7 
0 0.641896 7 
0 0.646882 7 
0 0.650657 7 
0 0.671717 7 
0 0.682047 7 
0 0.694977 7 
0 0.696336 7 
0 0.708332 7 
0 0.708849 7 
0 0.710517 7 
0 0.712693 7 
0 0.713753 7 
0 0.730461 7 
0 0.764239 7 
0 0.768003 7 
0 0.77151 7 
0 0.783616 7 
0 0.785818 7 
0 0.78649 7 
0 0.786551 7 
0 0.786856 7 
0 0.824444 7 
0 0.834757 7 
0 0.862967 7 
0 0.88101 7 
0 0.950701 7 
0 0.977523 7 
0 1.09015 7 
0 1.09391 7 
0 1.24852 7 
0 1.406 7 
0 1.41458 7 
0 1.41824 7 
0 1.5785 7 
0 1.58156 7 
0 1.59051 7 
0 1.6208 7 
0 1.64376 7 
0 1.65746 7 
0 1.86369 7 
0 inf 7 
0 0.0203493 8 
0 0.022453 8 
0 0.0258057 8 
0 0.0264975 8 
0 0.0409163 8 
0 0.0449012 8 
0 0.0462814 8 
0 0.0466729 8 
0 0.0516123 8 
0 0.0544992 8 
0 0.0546702 8 
0 0.0574007 8 
0 0.0598592 8 
0 0.0620684 8 
0 0.062216 8 
0 0.0624944 8 
0 0.06614 8 
0 0.0661413 8 
0 0.0702334 8 
0 0.0749448 8 
0 0.0785841 8 
0 0.0837949 8 
0 0.0912963 8 
0 0.0974978 8 
0 0.103409 8 
0 0.104189 8 
0 0.104973 8 
0 0.111694 8 
0 0.112658 8 
0 0.11651 8 
0 0.137949 8 
0 0.145073 8 
0 0.183777 8 
0 0.204107 8 
0 0.221049 8 
0 0.252781 8 
0 0.267992 8 
0 0.270121 8 
0 0.285504 8 
0 0.290505 8 
0 0.309711 8 
0 0.311468 8 
0 0.314584 8 
0 0.380373 8 
0 0.381897 8 
0 0.399089 8 
0 0.401038 8 
0 0.401038 8 
0 0.406734 8 
0 0.408919 8 
0 0.461109 8 
0 0.463931 8 
0 0.46488 8 
0 0.479471 8 
0 0.48467 8 
0 0.490871 8 
0 0.501664 8 
0 0.537268 8 
0 0.543977 8 
0 0.547933 8 
0 0.548196 8 
0 0.553574 8 
0 0.592626 8 
0 0.617201 8 
0 0.62025 8 
0 0.621653 8 
0 0.652514 8 
0 0.666727 8 
0 0.693931 8 
0 0.710177 8 
0 0.710532 8 
0 0.742897 8 
0 0.743624 8 
0 0.746089 8 
0 0.752025 8 
0 0.76258 8 
0 0.762615 8 
0 0.769151 8 
0 0.774597 8 
0 0.781464 8 
0 0.790041 8 
0 0.790587 8 
0 0.791987 8 
0 0.82567 8 
0 0.86452 8 
0 0.90496 8 
0 1.03205 8 
0 1.03278 8 
0 1.04223 8 
0 1.08659 8 
0 1.09113 8 
0 1.09478 8 
0 1.10519 8 
0 1.21512 8 
0 1.37903 8 
0 1.40994 8 
0 1.4115 8 
0 1.41542 8 
0 1.43878 8 
0 1.58588 8 
0 1.65074 8 
0 1.96706 8 
0 1.98539 8 
0 inf 8 
0 0.0189746 9 
0 0.0232399 9 
0 0.0374716 9 
0 0.04264 9 
0 0.0455039 9 
0 0.0478179 9 
0 0.0503784 9 
0 0.051441 9 
0 0.0533311 9 
0 0.0578654 9 
0 0.0583365 9 
0 0.0584843 9 
0 0.0607439 9 
0 0.0653188 9 
0 0.0665509 9 
0 0.0727539 9 
0 0.0734927 9 
0 0.0880897 9 
0 0.088803 9 
0 0.0911971 9 
0 0.0997791 9 
0 0.117737 9 
0 0.14389 9 
0 0.154977 9 
0 0.166673 9 
0 0.175617 9 
0 0.180221 9 
0 0.195632 9 
0 0.196833 9 
0 0.205778 9 
0 0.24054 9 
0 0.241101 9 
0 0.278268 9 
0 0.28416 9 
0 0.303047 9 
0 0.319606 9 
0 0.347238 9 
0 0.348248 9 
0 0.352564 9 
0 0.352874 9 
0 0.378071 9 
0 0.393324 9 
0 0.400691 9 
0 0.407374 9 
0 0.407409 9 
0 0.456021 9 
0 0.458623 9 
0 0.460734 9 
0 0.479471 9 
0 0.479977 9 
0 0.510677 9 
0 0.53574 9 
0 0.54218 9 
0 0.55467 9 
0 0.555319 9 
0 0.602119 9 
0 0.610633 9 
0 0.613242 9 
0 0.613652 9 
0 0.618198 9 
0 0.6263 9 
0 0.626817 9 
0 0.646546 9 
0 0.666889 9 
0 0.67388 9 
0 0.675374 9 
0 0.709254 9 
0 0.720533 9 
0 0.723416 9 
0 0.736036 9 
0 0.738608 9 
0 0.769958 9 
0 0.778517 9 
0 0.784311 9 
0 0.788706 9 
0 0.78955 9 
0 0.792713 9 
0 0.81569 9 
0 0.834466 9 
0 0.85814 9 
0 0.858314 9 
0 0.863901 9 
0 0.879571 9 
0 0.938459 9 
0 0.945413 9 
0 1.03676 9 
0 1.03819 9 
0 1.06697 9 
0 1.06941 9 
0 1.13298 9 
0 1.13323 9 
0 1.15475 9 
0 1.42039 9 
0 1.42141 9 
0 1.45025 9 
0 1.47979 9 
0 1.56619 9 
0 1.56723 9 
0 1.57778 9 
0 inf 9 
0 0.0297071 10 
0 0.0386519 10 
0 0.0436836 10 
0 0.0556458 10 
0 0.0577057 10 
0 0.0609009 10 
0 0.0660062 10 
0 0.0661423 10 
0 0.0672179 10 
0 0.0684106 10 
0 0.0727434 10 
0 0.0790356 10 
0 0.0825954 10 
0 0.0923825 10 
0 0.109333 10 
0 0.118424 10 
0 0.124792 10 
0 0.154274 10 
0 0.176021 10 
0 0.188612 10 
0 0.193979 10 
0 0.194894 10 
0 0.197973 10 
0 0.204626 10 
0 0.209838 10 
0 0.230034 10 
0 0.242712 10 
0 0.243633 10 
0 0.283426 10 
0 0.32751 10 
0 0.349564 10 
0 0.352988 10 
0 0.356982 10 
0 0.356982 10 
0 0.357045 10 
0 0.363282 10 
0 0.372019 10 
0 0.395818 10 
0 0.398097 10 
0 0.412885 10 
0 0.421586 10 
0 0.423259 10 
0 0.426501 10 
0 0.448832 10 
0 0.463116 10 
0 0.473391 10 
0 0.473637 10 
0 0.482829 10 
0 0.483666 10 
0 0.491543 10 
0 0.49167 10 
0 0.497494 10 
0 0.500185 10 
0 0.536385 10 
0 0.576991 10 
0 0.589903 10 
0 0.619797 10 
0 0.627268 10 
0 0.647491 10 
0 0.667199 10 
0 0.672811 10 
0 0.674134 10 
0 0.684377 10 
0 0.695064 10 
0 0.695413 10 
0 0.718789 10 
0 0.72029 10 
0 0.78199 10 
0 0.782542 10 
0 0.79826 10 
0 0.817773 10 
0 0.823094 10 
0 0.823094 10 
0 0.887963 10 
0 0.888055 10 
0 0.901388 10 
0 0.9355 10 
0 1.02528 10 
0 1.02717 10 
0 1.02723 10 
0 1.07526 10 
0 1.12815 10 
0 1.1559 10 
0 1.1838 10 
0 1.18392 10 
0 1.23874 10 
0 1.23879 10 
0 1.27473 10 
0 1.41488 10 
0 1.41917 10 
0 1.5303 10 
0 1.71572 10 
0 1.71578 10 
0 1.82325 10 
0 1.82339 10 
0 inf 10 
0 0.0261485 11 
0 0.0561291 11 
0 0.066277 11 
0 0.0728774 11 
0 0.078925 11 
0 0.0801654 11 
0 0.0850681 11 
0 0.0872591 11 
0 0.0885897 11 
0 0.108259 11 
0 0.146551 11 
0 0.174073 11 
0 0.174912 11 
0 0.177809 11 
0 0.180059 11 
0 0.183627 11 
0 0.185635 11 
0 0.192433 11 
0 0.194762 11 
0 0.199203 11 
0 0.204327 11 
0 0.213932 11 
0 0.231003 11 
0 0.235475 11 
0 0.256554 11 
0 0.257009 11 
0 0.272924 11 
0 0.298956 11 
0 0.335477 11 
0 0.345595 11 
0 0.35908 11 
0 0.366366 11 
0 0.36644 11 
0 0.372373 11 
0 0.382107 11 
0 0.386604 11 
0 0.391049 11 
0 0.391844 11 
0 0.3919 11 
0 0.398323 11 
0 0.39843 11 
0 0.398684 11 
0 0.408237 11 
0 0.458657 11 
0 0.460718 11 
0 0.468444 11 
0 0.503623 11 
0 0.517575 11 
0 0.539997 11 
0 0.544553 11 
0 0.552089 11 
0 0.559906 11 
0 0.560158 11 
0 0.56236 11 
0 0.565523 11 
0 0.616229 11 
0 0.629904 11 
0 0.631146 11 
0 0.631318 11 
0 0.644332 11 
0 0.670886 11 
0 0.672227 11 
0 0.720965 11 
0 0.721078 11 
0 0.748939 11 
0 0.78391 11 
0 0.785046 11 
0 0.829294 11 
0 0.846079 11 
0 0.926503 11 
0 1.00532 11 
0 1.00536 11 
0 1.03022 11 
0 1.03062 11 
0 1.03693 11 
0 1.06505 11 
0 1.14015 11 
0 1.14874 11 
0 1.14896 11 
0 1.22089 11 
0 1.30736 11 
0 1.30752 11 
0 1.40991 11 
0 1.41198 11 
0 1.58591 11 
0 1.59166 11 
0 1.59636 11 
0 1.60624 11 
0 1.6064 11 
0 1.97317 11 
0 1.97343 11 
0 inf 11 
0 0.0703637 12 
0 0.0713827 12 
0 0.0924767 12 
0 0.102706 12 
0 0.113302 12 
0 0.150491 12 
0 0.154936 12 
0 0.159379 12 
0 0.1713 12 
0 0.176026 12 
0 0.180309 12 
0 0.197667 12 
0 0.198152 12 
0 0.201577 12 
0 0.207906 12 
0 0.220059 12 
0 0.220439 12 
0 0.235486 12 
0 0.247611 12 
0 0.249771 12 
0 0.300489 12 
0 0.301307 12 
0 0.362425 12 
0 0.36343 12 
0 0.370362 12 
0 0.370823 12 
0 0.372336 12 
0 0.385053 12 
0 0.402796 12 
0 0.406555 12 
0 0.408862 12 
0 0.418849 12 
0 0.421744 12 
0 0.423789 12 
0 0.425991 12 
0 0.435037 12 
0 0.459817 12 
0 0.460797 12 
0 0.461674 12 
0 0.47978 12 
0 0.484559 12 
0 0.53337 12 
0 0.533489 12 
0 0.537139 12 
0 0.551999 12 
0 0.563482 12 
0 0.578123 12 
0 0.578683 12 
0 0.57929 12 
0 0.620595 12 
0 0.631589 12 
0 0.639663 12 
0 0.639733 12 
0 0.673733 12 
0 0.676538 12 
0 0.681721 12 
0 0.685619 12 
0 0.685933 12 
0 0.765027 12 
0 0.768549 12 
0 0.789391 12 
0 0.79127 12 
0 0.864208 12 
0 0.878485 12 
0 0.878537 12 
0 0.897127 12 
0 0.905623 12 
0 0.922602 12 
0 0.92385 12 
0 1.00298 12 
0 1.02744 12 
0 1.03873 12 
0 1.09122 12 
0 1.09144 12 
0 1.09174 12 
0 1.39044 12 
0 1.41118 12 
0 1.41539 12 
0 1.42714 12 
0 1.42743 12 
0 1.42973 12 
0 1.46821 12 
0 1.50641 12 
0 1.50653 12 
0 1.60383 12 
0 1.60392 12 
0 1.60408 12 
0 inf 12 
0 0.0454955 13 
0 0.130573 13 
0 0.130846 13 
0 0.135904 13 
0 0.141303 13 
0 0.141619 13 
0 0.157784 13 
0 0.170692 13 
0 0.185623 13 
0 0.194525 13 
0 0.198882 13 
0 0.21456 13 
0 0.223964 13 
0 0.227789 13 
0 0.257647 13 
0 0.290528 13 
0 0.290776 13 
0 0.301246 13 
0 0.327832 13 
0 0.334786 13 
0 0.334997 13 
0 0.357496 13 
0 0.357913 13 
0 0.359605 13 
0 0.379177 13 
0 0.379533 13 
0 0.41305 13 
0 0.415331 13 
0 0.450599 13 
0 0.467723 13 
0 0.476195 13 
0 0.495109 13 
0 0.514362 13 
0 0.516928 13 
0 0.519647 13 
0 0.536088 13 
0 0.536585 13 
0 0.538243 13 
0 0.540597 13 
0 0.543371 13 
0 0.544777 13 
0 0.546031 13 
0 0.634757 13 
0 0.634814 13 
0 0.636522 13 
0 0.637031 13 
0 0.637073 13 
0 0.637079 13 
0 0.650884 13 
0 0.651304 13 
0 0.665706 13 
0 0.666449 13 
0 0.66936 13 
0 0.695201 13 
0 0.695667 13 
0 0.697024 13 
0 0.781276 13 
0 0.781587 13 
0 0.811709 13 
0 0.813005 13 
0 0.814598 13 
0 0.832822 13 
0 0.832865 13 
0 0.832865 13 
0 0.851157 13 
0 0.965554 13 
0 0.981018 13 
0 1.02852 13 
0 1.03184 13 
0 1.03493 13 
0 1.03506 13 
0 1.03609 13 
0 1.03623 13 
0 1.03884 13 
0 1.04288 13 
0 1.23536 13 
0 1.23598 13 
0 1.23598 13 
0 1.44398 13 
0 1.56193 13 
0 1.57521 13 
0 1.5755 13 
0 1.57923 13 
0 inf 13 
0 0.0420006 14 
0 0.0487477 14 
0 0.148259 14 
0 0.154506 14 
0 0.168764 14 
0 0.190137 14 
0 0.202332 14 
0 0.215389 14 
0 0.222308 14 
0 0.268501 14 
0 0.270545 14 
0 0.275329 14 
0 0.281298 14 
0 0.293517 14 
0 0.298384 14 
0 0.306281 14 
0 0.308623 14 
0 0.308623 14 
0 0.308699 14 
0 0.327979 14 
0 0.328545 14 
0 0.33111 14 
0 0.33111 14 
0 0.331192 14 
0 0.332927 14 
0 0.333872 14 
0 0.334411 14 
0 0.335164 14 
0 0.338753 14 
0 0.353093 14 
0 0.353164 14 
0 0.353343 14 
0 0.358517 14 
0 0.36031 14 
0 0.370583 14 
0 0.378275 14 
0 0.41355 14 
0 0.414334 14 
0 0.420351 14 
0 0.470631 14 
0 0.487066 14 
0 0.49797 14 
0 0.503077 14 
0 0.503131 14 
0 0.505121 14 
0 0.505353 14 
0 0.509044 14 
0 0.510749 14 
0 0.514688 14 
0 0.518246 14 
0 0.523379 14 
0 0.540801 14 
0 0.541419 14 
0 0.542595 14 
0 0.54354 14 
0 0.548022 14 
0 0.553334 14 
0 0.631894 14 
0 0.645424 14 
0 0.646301 14 
0 0.647415 14 
0 0.825491 14 
0 0.838108 14 
0 0.84297 14 
0 0.843195 14 
0 0.858531 14 
0 0.860133 14 
0 0.865766 14 
0 1.03008 14 
0 1.17718 14 
0 1.17913 14 
0 1.18005 14 
0 1.19971 14 
0 1.1998 14 
0 1.20007 14 
0 1.40882 14 
0 1.4994 14 
0 1.49954 14 
0 1.50139 14 
0 inf 14 
0 0.0727544 15 
0 0.0906053 15 
0 0.115816 15 
0 0.169462 15 
0 0.189889 15 
0 0.199239 15 
0 0.21422 15 
0 0.220733 15 
0 0.240366 15 
0 0.244742 15 
0 0.251492 15 
0 0.275392 15 
0 0.277262 15 
0 0.277555 15 
0 0.2789 15 
0 0.279332 15 
0 0.27977 15 
0 0.280412 15 
0 0.284998 15 
0 0.29523 15 
0 0.325417 15 
0 0.326263 15 
0 0.328829 15 
0 0.329075 15 
0 0.330359 15 
0 0.331425 15 
0 0.336129 15 
0 0.358602 15 
0 0.359104 15 
0 0.360925 15 
0 0.361603 15 
0 0.361727 15 
0 0.362337 15 
0 0.362517 15 
0 0.383702 15 
0 0.39985 15 
0 0.420738 15 
0 0.422084 15 
0 0.422915 15 
0 0.451777 15 
0 0.48287 15 
0 0.493388 15 
0 0.493533 15 
0 0.493916 15 
0 0.505947 15 
0 0.555349 15 
0 0.621073 15 
0 0.665407 15 
0 0.718991 15 
0 0.720391 15 
0 0.720991 15 
0 0.800208 15 
0 0.832401 15 
0 0.83469 15 
0 0.836543 15 
0 0.888864 15 
0 0.890352 15 
0 0.891201 15 
0 1.03141 15 
0 1.10203 15 
0 1.10217 15 
0 1.10242 15 
0 1.10317 15 
0 1.11701 15 
0 1.11774 15 
0 1.19984 15 
0 1.19988 15 
0 1.20005 15 
0 1.42235 15 
0 1.69512 15 
0 1.69544 15 
0 1.69568 15 
0 1.7042 15 
0 1.70505 15 
0 1.70612 15 
0 inf 15 
0 0.0559727 16 
0 0.185627 16 
0 0.195449 16 
0 0.202027 16 
0 0.203629 16 
0 0.289789 16 
0 0.293731 16 
0 0.296901 16 
0 0.296902 16 
0 0.297992 16 
0 0.303193 16 
0 0.304484 16 
0 0.305723 16 
0 0.308917 16 
0 0.309121 16 
0 0.312881 16 
0 0.316315 16 
0 0.317451 16 
0 0.322052 16 
0 0.322527 16 
0 0.323808 16 
0 0.325055 16 
0 0.338168 16 
0 0.348805 16 
0 0.349732 16 
0 0.353119 16 
0 0.353144 16 
0 0.353297 16 
0 0.35501 16 
0 0.356914 16 
0 0.367797 16 
0 0.368749 16 
0 0.379212 16 
0 0.380066 16 
0 0.385005 16 
0 0.419516 16 
0 0.42003 16 
0 0.421143 16 
0 0.424887 16 
0 0.46546 16 
0 0.493779 16 
0 0.558631 16 
0 0.591671 16 
0 0.591731 16 
0 0.591914 16 
0 0.623085 16 
0 0.792169 16 
0 0.817143 16 
0 0.884778 16 
0 0.918062 16 
0 0.922326 16 
0 0.935197 16 
0 0.936428 16 
0 1.03422 16 
0 1.03464 16 
0 1.03503 16 
0 1.03652 16 
0 1.04633 16 
0 1.05232 16 
0 1.05243 16 
0 1.05245 16 
0 1.37304 16 
0 1.37326 16 
0 1.37404 16 
0 1.40608 16 
0 1.62523 16 
0 1.62791 16 
0 1.62799 16 
0 1.83144 16 
0 1.84466 16 
0 1.84466 16 
0 inf 16 
0 0.0670871 17 
0 0.121285 17 
0 0.132221 17 
0 0.134583 17 
0 0.16814 17 
0 0.19041 17 
0 0.190552 17 
0 0.193318 17 
0 0.194988 17 
0 0.245843 17 
0 0.298782 17 
0 0.299625 17 
0 0.299835 17 
0 0.302346 17 
0 0.304061 17 
0 0.307154 17 
0 0.307975 17 
0 0.30803 17 
0 0.336192 17 
0 0.34736 17 
0 0.347982 17 
0 0.349501 17 
0 0.350118 17 
0 0.352603 17 
0 0.352913 17 
0 0.352986 17 
0 0.35515 17 
0 0.355329 17 
0 0.357095 17 
0 0.408249 17 
0 0.409306 17 
0 0.410075 17 
0 0.410316 17 
0 0.446221 17 
0 0.475311 17 
0 0.4779 17 
0 0.599973 17 
0 0.602564 17 
0 0.602623 17 
0 0.602847 17 
0 0.75074 17 
0 0.751207 17 
0 0.751351 17 
0 0.784393 17 
0 0.796786 17 
0 0.797656 17 
0 0.797746 17 
0 0.907846 17 
0 0.908054 17 
0 0.908084 17 
0 1.04379 17 
0 1.04488 17 
0 1.04726 17 
0 1.04763 17 
0 1.12489 17 
0 1.13589 17 
0 1.13826 17 
0 1.43525 17 
0 1.51811 17 
0 1.51815 17 
0 1.51815 17 
0 1.57663 17 
0 1.57818 17 
0 1.57887 17 
0 1.65211 17 
0 1.65522 17 
0 1.65954 17 
0 inf 17 
0 0.0607552 18 
0 0.0623606 18 
0 0.0662784 18 
0 0.181304 18 
0 0.182639 18 
0 0.18264 18 
0 0.184357 18 
0 0.215406 18 
0 0.228388 18 
0 0.233872 18 
0 0.23461 18 
0 0.256243 18 
0 0.2574 18 
0 0.289285 18 
0 0.289378 18 
0 0.290558 18 
0 0.290775 18 
0 0.302792 18 
0 0.331386 18 
0 0.336981 18 
0 0.336981 18 
0 0.345096 18 
0 0.346658 18 
0 0.348573 18 
0 0.348805 18 
0 0.350942 18 
0 0.35651 18 
0 0.356888 18 
0 0.374156 18 
0 0.374661 18 
0 0.378129 18 
0 0.378319 18 
0 0.408337 18 
0 0.573259 18 
0 0.574577 18 
0 0.576219 18 
0 0.600198 18 
0 0.606108 18 
0 0.606109 18 
0 0.607177 18 
0 0.710273 18 
0 0.725188 18 
0 0.725188 18 
0 0.7253 18 
0 0.738785 18 
0 0.747507 18 
0 0.809868 18 
0 0.811433 18 
0 0.812365 18 
0 1.0641 18 
0 1.06585 18 
0 1.06585 18 
0 1.06747 18 
0 1.25823 18 
0 1.27563 18 
0 1.27627 18 
0 1.33342 18 
0 1.35153 18 
0 1.50744 18 
0 1.51867 18 
0 1.5217 18 
0 1.5301 18 
0 1.56616 18 
0 inf 18 
0 0.0397982 19 
0 0.039799 19 
0 0.042426 19 
0 0.171636 19 
0 0.176345 19 
0 0.182119 19 
0 0.191635 19 
0 0.196276 19 
0 0.196826 19 
0 0.24029 19 
0 0.240851 19 
0 0.242934 19 
0 0.282072 19 
0 0.282104 19 
0 0.282679 19 
0 0.293118 19 
0 0.295198 19 
0 0.297476 19 
0 0.374874 19 
0 0.383115 19 
0 0.383397 19 
0 0.383608 19 
0 0.383774 19 
0 0.384407 19 
0 0.384829 19 
0 0.420884 19 
0 0.423144 19 
0 0.423549 19 
0 0.430362 19 
0 0.484474 19 
0 0.484474 19 
0 0.484548 19 
0 0.548306 19 
0 0.583073 19 
0 0.583197 19 
0 0.622656 19 
0 0.628283 19 
0 0.628626 19 
0 0.671484 19 
0 0.680115 19 
0 0.680591 19 
0 0.695723 19 
0 0.736403 19 
0 0.736513 19 
0 0.774288 19 
0 0.786754 19 
0 0.797774 19 
0 0.807163 19 
0 0.809068 19 
0 0.83174 19 
0 0.96866 19 
0 0.989948 19 
0 1.06226 19 
0 1.06274 19 
0 1.06315 19 
0 1.11066 19 
0 1.46467 19 
0 1.48287 19 
0 1.48309 19 
0 inf 19 
0 0.106411 20 
0 0.108508 20 
0 0.119179 20 
0 0.154992 20 
0 0.155455 20 
0 0.180159 20 
0 0.181354 20 
0 0.182936 20 
0 0.225165 20 
0 0.229874 20 
0 0.229874 20 
0 0.258898 20 
0 0.261078 20 
0 0.261078 20 
0 0.333299 20 
0 0.333973 20 
0 0.353181 20 
0 0.356831 20 
0 0.371126 20 
0 0.373061 20 
0 0.374986 20 
0 0.438914 20 
0 0.439712 20 
0 0.440235 20 
0 0.44554 20 
0 0.520861 20 
0 0.52257 20 
0 0.524427 20 
0 0.593824 20 
0 0.60962 20 
0 0.615776 20 
0 0.618061 20 
0 0.618183 20 
0 0.619507 20 
0 0.626534 20 
0 0.638612 20 
0 0.638823 20 
0 0.647893 20 
0 0.64866 20 
0 0.648769 20 
0 0.652162 20 
0 0.669071 20 
0 0.798902 20 
0 0.799466 20 
0 0.800085 20 
0 0.857447 20 
0 0.88551 20 
0 0.888544 20 
0 0.962529 20 
0 1.07526 20 
0 1.07542 20 
0 1.51795 20 
0 1.52648 20 
0 1.52719 20 
0 1.85927 20 
0 inf 20 
