0 0.00888499 1 
0 0.0125741 1 
0 0.0153971 1 
0 0.0160261 1 
0 0.0177833 1 
0 0.0177833 1 
0 0.0183301 1 
0 0.0217807 1 
0 0.0217809 1 
0 0.02223 1 
0 0.0235243 1 
0 0.0235245 1 
0 0.0235249 1 
0 0.0239417 1 
0 0.0239417 1 
0 0.0243514 1 
0 0.0247516 1 
0 0.0247532 1 
0 0.0247534 1 
0 0.02515 1 
0 0.0259237 1 
0 0.0259239 1 
0 0.0259244 1 
0 0.0263029 1 
0 0.027043 1 
0 0.0274049 1 
0 0.0274062 1 
0 0.0291562 1 
0 0.0294899 1 
0 0.0301542 1 
0 0.0320575 1 
0 0.0323631 1 
0 0.0323643 1 
0 0.032967 1 
0 0.0332695 1 
0 0.033561 1 
0 0.0338613 1 
0 0.0338613 1 
0 0.0361163 1 
0 0.0361175 1 
0 0.0369247 1 
0 0.0371968 1 
0 0.0374616 1 
0 0.0382361 1 
0 0.0387588 1 
0 0.0392583 1 
0 0.0395131 1 
0 0.04026 1 
0 0.0414663 1 
0 0.0433329 1 
0 0.048698 1 
0 0.0497056 1 
0 0.0500966 1 
0 0.0500966 1 
0 0.0501022 1 
0 0.0501058 1 
0 0.0502956 1 
0 0.0520355 1 
0 0.0522195 1 
0 0.0522289 1 
0 0.052975 1 
0 0.0529758 1 
0 0.0531643 1 
0 0.0558879 1 
0 0.0577977 1 
0 0.0581385 1 
0 0.0584798 1 
0 0.0586459 1 
0 0.0588082 1 
0 0.0598122 1 
0 0.0611156 1 
0 0.0630269 1 
0 0.0630276 1 
0 0.0630318 1 
0 0.0636598 1 
0 0.0693029 1 
0 0.070575 1 
0 0.0718239 1 
0 0.0719634 1 
0 0.0792775 1 
0 0.081494 1 
0 0.0823382 1 
0 0.088695 1 
0 0.0919776 1 
0 0.0919801 1 
0 0.0977128 1 
0 0.101381 1 
0 0.101382 1 
0 0.11088 1 
0 0.110881 1 
0 0.125667 1 
0 0.129163 1 
0 0.144881 1 
0 0.147181 1 
0 0.155222 1 
0 0.172759 1 
0 0.182116 1 
0 0.199717 1 
0 0.2383 1 
0 0.250983 1 
0 0.269447 1 
0 0.317901 1 
0 0.366014 1 
0 0.399781 1 
0 0.478043 1 
0 0.557279 1 
0 0.578563 1 
0 0.61958 1 
0 0.627488 1 
0 0.671309 1 
0 0.683072 1 
0 0.703204 1 
0 0.742527 1 
0 0.77009 1 
0 0.772497 1 
0 0.787113 1 
0 0.911111 1 
0 0.914822 1 
0 1.09532 1 
0 1.12382 1 
0 1.15255 1 
0 1.19775 1 
0 1.4199 1 
0 1.78423 1 
0 2.3943 1 
0 2.43707 1 
0 2.96722 1 
0 3.3213 1 
0 3.50967 1 
0 3.72921 1 
0 3.77308 1 
0 inf 1 
0 0.00888499 2 
0 0.0166343 2 
0 0.0166346 2 
0 0.0166346 2 
0 0.0172185 2 
0 0.0172193 2 
0 0.0193778 2 
0 0.0208529 2 
0 0.0213223 2 
0 0.0226695 2 
0 0.0226702 2 
0 0.0247543 2 
0 0.0259237 2 
0 0.027764 2 
0 0.0277647 2 
0 0.028468 2 
0 0.0298244 2 
0 0.0298247 2 
0 0.0298247 2 
0 0.0301549 2 
0 0.0314337 2 
0 0.0320613 2 
0 0.0326653 2 
0 0.0326694 2 
0 0.0329711 2 
0 0.0341502 2 
0 0.0341506 2 
0 0.0347159 2 
0 0.0361126 2 
0 0.0361189 2 
0 0.0374616 2 
0 0.0374616 2 
0 0.0382373 2 
0 0.0384977 2 
0 0.0385035 2 
0 0.0387546 2 
0 0.0387573 2 
0 0.0395142 2 
0 0.0395153 2 
0 0.0424094 2 
0 0.04241 2 
0 0.045772 2 
0 0.0464145 2 
0 0.0476764 2 
0 0.0489018 2 
0 0.049903 2 
0 0.0508837 2 
0 0.0508857 2 
0 0.051845 2 
0 0.0576277 2 
0 0.0577971 2 
0 0.0579626 2 
0 0.0594833 2 
0 0.061281 2 
0 0.0630297 2 
0 0.0645787 2 
0 0.0668337 2 
0 0.0677174 2 
0 0.068589 2 
0 0.0687311 2 
0 0.0698721 2 
0 0.071551 2 
0 0.0719634 2 
0 0.0782731 2 
0 0.0790313 2 
0 0.0800167 2 
0 0.082098 2 
0 0.0887986 2 
0 0.0967957 2 
0 0.101184 2 
0 0.10633 2 
0 0.106703 2 
0 0.110075 2 
0 0.129082 2 
0 0.130223 2 
0 0.133523 2 
0 0.134333 2 
0 0.138819 2 
0 0.143441 2 
0 0.144406 2 
0 0.145428 2 
0 0.146508 2 
0 0.147114 2 
0 0.153622 2 
0 0.177169 2 
0 0.184007 2 
0 0.210558 2 
0 0.21418 2 
0 0.239712 2 
0 0.271843 2 
0 0.277039 2 
0 0.340738 2 
0 0.422753 2 
0 0.442609 2 
0 0.528338 2 
0 0.536571 2 
0 0.558158 2 
0 0.583838 2 
0 0.626423 2 
0 0.639466 2 
0 0.642376 2 
0 0.664929 2 
0 0.737746 2 
0 0.7449 2 
0 0.776989 2 
0 0.854263 2 
0 0.883523 2 
0 0.884985 2 
0 0.900145 2 
0 0.900682 2 
0 0.923436 2 
0 0.925615 2 
0 0.949059 2 
0 0.969547 2 
0 1.03399 2 
0 1.21517 2 
0 1.3033 2 
0 2.06573 2 
0 2.19508 2 
0 2.24448 2 
0 2.39502 2 
0 2.54088 2 
0 2.5504 2 
0 2.67926 2 
0 3.06967 2 
0 3.62424 2 
0 3.62572 2 
0 inf 2 
0 0.0166346 3 
0 0.0213185 3 
0 0.0213227 3 
0 0.0226691 3 
0 0.0259225 3 
0 0.0259232 3 
0 0.0259236 3 
0 0.0259244 3 
0 0.0263015 3 
0 0.0266753 3 
0 0.0266753 3 
0 0.027044 3 
0 0.027764 3 
0 0.0294907 3 
0 0.0314347 3 
0 0.0326703 3 
0 0.0329711 3 
0 0.0329713 3 
0 0.033565 3 
0 0.0341486 3 
0 0.0355675 3 
0 0.0361181 3 
0 0.0377246 3 
0 0.038242 3 
0 0.0382432 3 
0 0.0382443 3 
0 0.0392654 3 
0 0.0397651 3 
0 0.0419399 3 
0 0.0433307 3 
0 0.0449004 3 
0 0.0459828 3 
0 0.0484965 3 
0 0.0494974 3 
0 0.0495028 3 
0 0.0504949 3 
0 0.0540823 3 
0 0.0544525 3 
0 0.0548081 3 
0 0.0555228 3 
0 0.0555292 3 
0 0.0565858 3 
0 0.0584763 3 
0 0.0603052 3 
0 0.0603052 3 
0 0.0611214 3 
0 0.0612835 3 
0 0.0644257 3 
0 0.0650399 3 
0 0.0680091 3 
0 0.0695901 3 
0 0.0749221 3 
0 0.0762305 3 
0 0.0828175 3 
0 0.0856325 3 
0 0.0866652 3 
0 0.0984119 3 
0 0.108992 3 
0 0.109801 3 
0 0.11088 3 
0 0.111944 3 
0 0.124005 3 
0 0.128777 3 
0 0.130752 3 
0 0.131737 3 
0 0.132111 3 
0 0.132559 3 
0 0.132856 3 
0 0.135433 3 
0 0.135578 3 
0 0.140234 3 
0 0.166463 3 
0 0.17817 3 
0 0.179771 3 
0 0.216345 3 
0 0.24032 3 
0 0.24798 3 
0 0.255696 3 
0 0.317933 3 
0 0.366695 3 
0 0.428062 3 
0 0.445198 3 
0 0.467552 3 
0 0.502765 3 
0 0.503543 3 
0 0.523128 3 
0 0.525423 3 
0 0.529639 3 
0 0.539887 3 
0 0.584457 3 
0 0.652192 3 
0 0.695685 3 
0 0.713821 3 
0 0.727491 3 
0 0.731464 3 
0 0.732545 3 
0 0.741877 3 
0 0.74193 3 
0 0.765177 3 
0 0.802036 3 
0 0.834336 3 
0 0.84828 3 
0 0.849492 3 
0 0.86249 3 
0 0.870333 3 
0 0.87678 3 
0 0.878897 3 
0 0.882986 3 
0 1.19978 3 
0 1.92195 3 
0 1.94354 3 
0 1.99268 3 
0 2.08583 3 
0 2.1444 3 
0 2.26096 3 
0 2.26376 3 
0 2.26395 3 
0 2.58945 3 
0 2.59068 3 
0 2.59114 3 
0 2.79488 3 
0 2.88427 3 
0 2.89179 3 
0 inf 3 
0 0.0147451 4 
0 0.0172185 4 
0 0.0188628 4 
0 0.0193792 4 
0 0.0213212 4 
0 0.0231011 4 
0 0.0231015 4 
0 0.0259251 4 
0 0.0288129 4 
0 0.0326612 4 
0 0.0335663 4 
0 0.0344373 4 
0 0.0347249 4 
0 0.0355625 4 
0 0.0361212 4 
0 0.036387 4 
0 0.0371931 4 
0 0.0382459 4 
0 0.0392617 4 
0 0.0397591 4 
0 0.0424031 4 
0 0.0431039 4 
0 0.04333 4 
0 0.0433326 4 
0 0.0440083 4 
0 0.0442287 4 
0 0.0446815 4 
0 0.0464176 4 
0 0.047043 4 
0 0.0476697 4 
0 0.0476711 4 
0 0.0489073 4 
0 0.0489084 4 
0 0.0499002 4 
0 0.0499007 4 
0 0.0551698 4 
0 0.0553508 4 
0 0.0598124 4 
0 0.0611212 4 
0 0.0638123 4 
0 0.0771307 4 
0 0.0772655 4 
0 0.0777688 4 
0 0.0800261 4 
0 0.0808856 4 
0 0.0855153 4 
0 0.0865524 4 
0 0.0886944 4 
0 0.0888051 4 
0 0.0892509 4 
0 0.0926198 4 
0 0.093891 4 
0 0.095662 4 
0 0.0956622 4 
0 0.105396 4 
0 0.108718 4 
0 0.109535 4 
0 0.114302 4 
0 0.118381 4 
0 0.127541 4 
0 0.139322 4 
0 0.14671 4 
0 0.149778 4 
0 0.208814 4 
0 0.266887 4 
0 0.315562 4 
0 0.321799 4 
0 0.364181 4 
0 0.385063 4 
0 0.435121 4 
0 0.436232 4 
0 0.449403 4 
0 0.473194 4 
0 0.484215 4 
0 0.487537 4 
0 0.502071 4 
0 0.512221 4 
0 0.529282 4 
0 0.539286 4 
0 0.5966 4 
0 0.661045 4 
0 0.670967 4 
0 0.677826 4 
0 0.67819 4 
0 0.680373 4 
0 0.690652 4 
0 0.694632 4 
0 0.700809 4 
0 0.702971 4 
0 0.739554 4 
0 0.751912 4 
0 0.754004 4 
0 0.76462 4 
0 0.770206 4 
0 0.792218 4 
0 0.798913 4 
0 0.821314 4 
0 0.833603 4 
0 0.840991 4 
0 0.870129 4 
0 0.999619 4 
0 1.02363 4 
0 1.02388 4 
0 1.02401 4 
0 1.07327 4 
0 1.20409 4 
0 1.30077 4 
0 1.51651 4 
0 1.52025 4 
0 1.52232 4 
0 1.56252 4 
0 1.56965 4 
0 1.86314 4 
0 1.9978 4 
0 1.99781 4 
0 1.99813 4 
0 2.07378 4 
0 2.13598 4 
0 2.23728 4 
0 inf 4 
0 0.0172185 5 
0 0.0172185 5 
0 0.0243519 5 
0 0.0247545 5 
0 0.0291532 5 
0 0.0294898 5 
0 0.0320589 5 
0 0.0323664 5 
0 0.0326703 5 
0 0.0341469 5 
0 0.0344381 5 
0 0.0363919 5 
0 0.0366581 5 
0 0.0374572 5 
0 0.040501 5 
0 0.0426412 5 
0 0.0446816 5 
0 0.0449002 5 
0 0.0455567 5 
0 0.0478834 5 
0 0.0501041 5 
0 0.0506897 5 
0 0.0520354 5 
0 0.0524119 5 
0 0.0526043 5 
0 0.0531649 5 
0 0.0537209 5 
0 0.0551658 5 
0 0.0564086 5 
0 0.0571086 5 
0 0.0601401 5 
0 0.0609582 5 
0 0.0639625 5 
0 0.0639653 5 
0 0.0644273 5 
0 0.0656446 5 
0 0.0662416 5 
0 0.0663907 5 
0 0.0666845 5 
0 0.0666885 5 
0 0.0671321 5 
0 0.0680038 5 
0 0.0691638 5 
0 0.069447 5 
0 0.0746538 5 
0 0.0746593 5 
0 0.0751812 5 
0 0.0751861 5 
0 0.080763 5 
0 0.0832932 5 
0 0.0930443 5 
0 0.0946251 5 
0 0.107804 5 
0 0.139317 5 
0 0.148318 5 
0 0.208813 5 
0 0.315593 5 
0 0.39001 5 
0 0.391194 5 
0 0.402269 5 
0 0.432591 5 
0 0.456846 5 
0 0.460978 5 
0 0.465335 5 
0 0.486238 5 
0 0.487537 5 
0 0.496307 5 
0 0.533481 5 
0 0.537473 5 
0 0.547483 5 
0 0.553829 5 
0 0.556819 5 
0 0.601984 5 
0 0.618503 5 
0 0.621309 5 
0 0.666357 5 
0 0.667438 5 
0 0.670142 5 
0 0.670864 5 
0 0.685416 5 
0 0.700667 5 
0 0.701217 5 
0 0.720223 5 
0 0.760235 5 
0 0.778498 5 
0 0.785323 5 
0 0.787137 5 
0 0.789841 5 
0 0.790944 5 
0 0.792143 5 
0 0.822937 5 
0 0.884614 5 
0 0.888993 5 
0 0.889882 5 
0 0.890493 5 
0 0.892947 5 
0 0.896246 5 
0 1.0044 5 
0 1.07143 5 
0 1.21109 5 
0 1.23728 5 
0 1.33716 5 
0 1.42987 5 
0 1.46863 5 
0 1.46938 5 
0 1.47224 5 
0 1.48838 5 
0 1.74873 5 
0 1.7879 5 
0 1.7893 5 
0 1.79807 5 
0 2.01088 5 
0 2.11581 5 
0 2.1174 5 
0 2.13357 5 
0 inf 5 
0 0.0160303 6 
0 0.0239376 6 
0 0.0284627 6 
0 0.0284627 6 
0 0.0294851 6 
0 0.0332652 6 
0 0.0332714 6 
0 0.0338521 6 
0 0.0363916 6 
0 0.037191 6 
0 0.0382387 6 
0 0.039517 6 
0 0.0397657 6 
0 0.0405044 6 
0 0.0433329 6 
0 0.0444572 6 
0 0.0444589 6 
0 0.045775 6 
0 0.0464165 6 
0 0.0486998 6 
0 0.0491069 6 
0 0.0495046 6 
0 0.0501026 6 
0 0.0518428 6 
0 0.0548135 6 
0 0.0553539 6 
0 0.0558847 6 
0 0.0577932 6 
0 0.0577938 6 
0 0.0598132 6 
0 0.0606318 6 
0 0.0612832 6 
0 0.061441 6 
0 0.066093 6 
0 0.0681525 6 
0 0.0722375 6 
0 0.0746635 6 
0 0.0750557 6 
0 0.0758458 6 
0 0.0812495 6 
0 0.0836475 6 
0 0.0875735 6 
0 0.117122 6 
0 0.120859 6 
0 0.124487 6 
0 0.13211 6 
0 0.138819 6 
0 0.211495 6 
0 0.313311 6 
0 0.316031 6 
0 0.316156 6 
0 0.398991 6 
0 0.448413 6 
0 0.450894 6 
0 0.454564 6 
0 0.454912 6 
0 0.472599 6 
0 0.479202 6 
0 0.479222 6 
0 0.480314 6 
0 0.485159 6 
0 0.487385 6 
0 0.488961 6 
0 0.489668 6 
0 0.500231 6 
0 0.524546 6 
0 0.557691 6 
0 0.592435 6 
0 0.593436 6 
0 0.596227 6 
0 0.620825 6 
0 0.641319 6 
0 0.648187 6 
0 0.656534 6 
0 0.65691 6 
0 0.664165 6 
0 0.665949 6 
0 0.667439 6 
0 0.6739 6 
0 0.742206 6 
0 0.771955 6 
0 0.772569 6 
0 0.77257 6 
0 0.774377 6 
0 0.787137 6 
0 0.788592 6 
0 0.789907 6 
0 0.803566 6 
0 0.834924 6 
0 0.882326 6 
0 1.02453 6 
0 1.02818 6 
0 1.03608 6 
0 1.07377 6 
0 1.09389 6 
0 1.24773 6 
0 1.25487 6 
0 1.25609 6 
0 1.26398 6 
0 1.27345 6 
0 1.27425 6 
0 1.37961 6 
0 1.46569 6 
0 1.48262 6 
0 1.48278 6 
0 1.4838 6 
0 1.49811 6 
0 1.54415 6 
0 1.58558 6 
0 1.59844 6 
0 1.64951 6 
0 inf 6 
0 0.0213166 7 
0 0.0239436 7 
0 0.035567 7 
0 0.0369344 7 
0 0.0379895 7 
0 0.0392648 7 
0 0.0402577 7 
0 0.0405031 7 
0 0.0421753 7 
0 0.0491092 7 
0 0.0493061 7 
0 0.0495093 7 
0 0.050101 7 
0 0.0526024 7 
0 0.0529695 7 
0 0.0529704 7 
0 0.0531624 7 
0 0.0537211 7 
0 0.0555251 7 
0 0.059317 7 
0 0.0594821 7 
0 0.0594854 7 
0 0.0596429 7 
0 0.0607954 7 
0 0.0644305 7 
0 0.0708551 7 
0 0.0725117 7 
0 0.0729144 7 
0 0.078779 7 
0 0.0802695 7 
0 0.0803954 7 
0 0.0807647 7 
0 0.0811272 7 
0 0.0913282 7 
0 0.103215 7 
0 0.122321 7 
0 0.130829 7 
0 0.140165 7 
0 0.187259 7 
0 0.212101 7 
0 0.212287 7 
0 0.268572 7 
0 0.286672 7 
0 0.291899 7 
0 0.292441 7 
0 0.315185 7 
0 0.417172 7 
0 0.417467 7 
0 0.41839 7 
0 0.419451 7 
0 0.467825 7 
0 0.472032 7 
0 0.474268 7 
0 0.47458 7 
0 0.477756 7 
0 0.478747 7 
0 0.485046 7 
0 0.48701 7 
0 0.511652 7 
0 0.515578 7 
0 0.515655 7 
0 0.587572 7 
0 0.603619 7 
0 0.604535 7 
0 0.61592 7 
0 0.623025 7 
0 0.628662 7 
0 0.629416 7 
0 0.648453 7 
0 0.665051 7 
0 0.673035 7 
0 0.67435 7 
0 0.698131 7 
0 0.709254 7 
0 0.724025 7 
0 0.76652 7 
0 0.76754 7 
0 0.771853 7 
0 0.771917 7 
0 0.777987 7 
0 0.7788 7 
0 0.783003 7 
0 0.809112 7 
0 0.841161 7 
0 0.867812 7 
0 0.867969 7 
0 0.890387 7 
0 1.00996 7 
0 1.03037 7 
0 1.03124 7 
0 1.0583 7 
0 1.1459 7 
0 1.14662 7 
0 1.148 7 
0 1.20174 7 
0 1.23681 7 
0 1.24064 7 
0 1.24686 7 
0 1.31066 7 
0 1.31357 7 
0 1.31847 7 
0 1.34144 7 
0 1.34154 7 
0 1.34664 7 
0 1.35328 7 
0 1.45184 7 
0 1.47649 7 
0 inf 7 
0 0.0193719 8 
0 0.0259254 8 
0 0.0311232 8 
0 0.0320606 8 
0 0.0335652 8 
0 0.0384938 8 
0 0.0448929 8 
0 0.0448984 8 
0 0.0476765 8 
0 0.0482963 8 
0 0.0485017 8 
0 0.0581335 8 
0 0.0583052 8 
0 0.058641 8 
0 0.0636567 8 
0 0.0650389 8 
0 0.0657915 8 
0 0.0694446 8 
0 0.0697346 8 
0 0.0711315 8 
0 0.0735922 8 
0 0.0763586 8 
0 0.0767423 8 
0 0.077898 8 
0 0.0816133 8 
0 0.0864384 8 
0 0.0870073 8 
0 0.0927258 8 
0 0.128542 8 
0 0.149712 8 
0 0.153877 8 
0 0.191021 8 
0 0.205377 8 
0 0.234333 8 
0 0.239515 8 
0 0.25732 8 
0 0.258814 8 
0 0.306541 8 
0 0.311816 8 
0 0.312256 8 
0 0.316878 8 
0 0.336511 8 
0 0.340335 8 
0 0.343449 8 
0 0.371617 8 
0 0.371724 8 
0 0.453504 8 
0 0.47488 8 
0 0.475213 8 
0 0.475815 8 
0 0.478975 8 
0 0.479985 8 
0 0.481465 8 
0 0.485648 8 
0 0.49295 8 
0 0.510259 8 
0 0.549132 8 
0 0.601302 8 
0 0.604057 8 
0 0.606345 8 
0 0.608296 8 
0 0.617873 8 
0 0.623984 8 
0 0.625146 8 
0 0.626403 8 
0 0.644448 8 
0 0.666015 8 
0 0.673093 8 
0 0.713353 8 
0 0.720946 8 
0 0.721815 8 
0 0.733352 8 
0 0.760721 8 
0 0.760769 8 
0 0.761201 8 
0 0.761565 8 
0 0.763582 8 
0 0.763893 8 
0 0.814333 8 
0 0.883803 8 
0 0.893354 8 
0 0.897308 8 
0 0.91106 8 
0 0.911321 8 
0 0.932885 8 
0 0.933266 8 
0 0.953576 8 
0 1.07505 8 
0 1.08285 8 
0 1.19319 8 
0 1.19332 8 
0 1.20144 8 
0 1.24386 8 
0 1.24439 8 
0 1.24471 8 
0 1.24522 8 
0 1.28265 8 
0 1.32785 8 
0 1.43884 8 
0 1.46145 8 
0 1.81898 8 
0 1.86901 8 
0 2.02863 8 
0 inf 8 
0 0.0166322 9 
0 0.0304801 9 
0 0.0329653 9 
0 0.0371943 9 
0 0.0440102 9 
0 0.0440117 9 
0 0.0478788 9 
0 0.0495084 9 
0 0.0539049 9 
0 0.0551709 9 
0 0.0565827 9 
0 0.0565866 9 
0 0.0619231 9 
0 0.0698725 9 
0 0.0709949 9 
0 0.0715497 9 
0 0.0725078 9 
0 0.0730505 9 
0 0.0730505 9 
0 0.0767456 9 
0 0.0812505 9 
0 0.0918704 9 
0 0.134112 9 
0 0.155162 9 
0 0.156872 9 
0 0.166288 9 
0 0.204754 9 
0 0.218436 9 
0 0.234522 9 
0 0.243281 9 
0 0.286338 9 
0 0.306604 9 
0 0.316188 9 
0 0.318689 9 
0 0.323123 9 
0 0.337762 9 
0 0.342642 9 
0 0.393684 9 
0 0.40166 9 
0 0.402029 9 
0 0.451122 9 
0 0.456933 9 
0 0.482388 9 
0 0.48533 9 
0 0.486055 9 
0 0.488863 9 
0 0.494574 9 
0 0.500612 9 
0 0.501558 9 
0 0.505264 9 
0 0.545634 9 
0 0.545797 9 
0 0.567168 9 
0 0.569421 9 
0 0.582622 9 
0 0.598841 9 
0 0.609995 9 
0 0.610238 9 
0 0.615399 9 
0 0.663756 9 
0 0.672082 9 
0 0.672094 9 
0 0.686269 9 
0 0.695394 9 
0 0.711882 9 
0 0.718844 9 
0 0.737365 9 
0 0.74431 9 
0 0.747239 9 
0 0.752169 9 
0 0.753582 9 
0 0.754374 9 
0 0.764252 9 
0 0.779401 9 
0 0.784849 9 
0 0.809758 9 
0 0.881541 9 
0 0.890187 9 
0 0.89205 9 
0 0.906928 9 
0 0.907451 9 
0 0.960058 9 
0 0.998517 9 
0 1.02721 9 
0 1.07058 9 
0 1.07621 9 
0 1.16571 9 
0 1.19307 9 
0 1.19347 9 
0 1.21062 9 
0 1.23237 9 
0 1.23273 9 
0 1.25664 9 
0 1.25834 9 
0 1.25971 9 
0 1.28047 9 
0 1.37489 9 
0 1.39917 9 
0 1.43823 9 
0 inf 9 
0 0.0274021 10 
0 0.0363906 10 
0 0.0412253 10 
0 0.0446805 10 
0 0.0459895 10 
0 0.0478815 10 
0 0.0529735 10 
0 0.0531601 10 
0 0.0544525 10 
0 0.0565883 10 
0 0.0705737 10 
0 0.0709918 10 
0 0.0750555 10 
0 0.088776 10 
0 0.092723 10 
0 0.135651 10 
0 0.147589 10 
0 0.148319 10 
0 0.150572 10 
0 0.202323 10 
0 0.207246 10 
0 0.226309 10 
0 0.232513 10 
0 0.232648 10 
0 0.272121 10 
0 0.278156 10 
0 0.284439 10 
0 0.296933 10 
0 0.296933 10 
0 0.31302 10 
0 0.316625 10 
0 0.336393 10 
0 0.346747 10 
0 0.36086 10 
0 0.370507 10 
0 0.375278 10 
0 0.434926 10 
0 0.436016 10 
0 0.436124 10 
0 0.452652 10 
0 0.467134 10 
0 0.480314 10 
0 0.480315 10 
0 0.486116 10 
0 0.486202 10 
0 0.488636 10 
0 0.506242 10 
0 0.525117 10 
0 0.53548 10 
0 0.536808 10 
0 0.550955 10 
0 0.551673 10 
0 0.602296 10 
0 0.605911 10 
0 0.623097 10 
0 0.642676 10 
0 0.660729 10 
0 0.664322 10 
0 0.670448 10 
0 0.700559 10 
0 0.700686 10 
0 0.724694 10 
0 0.725726 10 
0 0.726315 10 
0 0.728336 10 
0 0.736883 10 
0 0.737406 10 
0 0.750502 10 
0 0.812385 10 
0 0.845874 10 
0 0.869518 10 
0 0.885479 10 
0 0.88799 10 
0 0.888987 10 
0 0.892449 10 
0 0.915893 10 
0 0.943918 10 
0 0.943918 10 
0 0.948153 10 
0 0.956238 10 
0 0.986975 10 
0 1.19625 10 
0 1.19671 10 
0 1.23833 10 
0 1.23938 10 
0 1.24139 10 
0 1.29121 10 
0 1.31798 10 
0 1.37331 10 
0 1.4005 10 
0 1.40095 10 
0 1.48458 10 
0 1.48458 10 
0 1.66773 10 
0 1.66783 10 
0 inf 10 
0 0.026676 11 
0 0.0574553 11 
0 0.0677154 11 
0 0.0773889 11 
0 0.0831728 11 
0 0.0927194 11 
0 0.120092 11 
0 0.12175 11 
0 0.128467 11 
0 0.131436 11 
0 0.140657 11 
0 0.146929 11 
0 0.149446 11 
0 0.165809 11 
0 0.210152 11 
0 0.211539 11 
0 0.214333 11 
0 0.229126 11 
0 0.232208 11 
0 0.23514 11 
0 0.243184 11 
0 0.245659 11 
0 0.2731 11 
0 0.27483 11 
0 0.292136 11 
0 0.316023 11 
0 0.316187 11 
0 0.317054 11 
0 0.321603 11 
0 0.335279 11 
0 0.335779 11 
0 0.357437 11 
0 0.401739 11 
0 0.402255 11 
0 0.410572 11 
0 0.411144 11 
0 0.411672 11 
0 0.425242 11 
0 0.428969 11 
0 0.473746 11 
0 0.475821 11 
0 0.476154 11 
0 0.477487 11 
0 0.477673 11 
0 0.488428 11 
0 0.527685 11 
0 0.528527 11 
0 0.539653 11 
0 0.574579 11 
0 0.583483 11 
0 0.583551 11 
0 0.60714 11 
0 0.644289 11 
0 0.662728 11 
0 0.686416 11 
0 0.692164 11 
0 0.692264 11 
0 0.694483 11 
0 0.695393 11 
0 0.705986 11 
0 0.707664 11 
0 0.749577 11 
0 0.751354 11 
0 0.752048 11 
0 0.752245 11 
0 0.83088 11 
0 0.832912 11 
0 0.833113 11 
0 0.881194 11 
0 0.882371 11 
0 0.892561 11 
0 0.909303 11 
0 0.921589 11 
0 0.922008 11 
0 1.09326 11 
0 1.0973 11 
0 1.11822 11 
0 1.19371 11 
0 1.1955 11 
0 1.23781 11 
0 1.23781 11 
0 1.25114 11 
0 1.26575 11 
0 1.26624 11 
0 1.32903 11 
0 1.33132 11 
0 1.34261 11 
0 1.76509 11 
0 1.7652 11 
0 1.83738 11 
0 1.83801 11 
0 inf 11 
0 0.052416 12 
0 0.0920829 12 
0 0.0993121 12 
0 0.10696 12 
0 0.132708 12 
0 0.15233 12 
0 0.158999 12 
0 0.19041 12 
0 0.192919 12 
0 0.194099 12 
0 0.230076 12 
0 0.232663 12 
0 0.235689 12 
0 0.236475 12 
0 0.241478 12 
0 0.241478 12 
0 0.250754 12 
0 0.250754 12 
0 0.250918 12 
0 0.277404 12 
0 0.279533 12 
0 0.279954 12 
0 0.302227 12 
0 0.306306 12 
0 0.31817 12 
0 0.333148 12 
0 0.338096 12 
0 0.391871 12 
0 0.394248 12 
0 0.394584 12 
0 0.39485 12 
0 0.412185 12 
0 0.413358 12 
0 0.448149 12 
0 0.449391 12 
0 0.449734 12 
0 0.479099 12 
0 0.481075 12 
0 0.485465 12 
0 0.525011 12 
0 0.527884 12 
0 0.532458 12 
0 0.533348 12 
0 0.542242 12 
0 0.581547 12 
0 0.60432 12 
0 0.614053 12 
0 0.61423 12 
0 0.624409 12 
0 0.6542 12 
0 0.686915 12 
0 0.687016 12 
0 0.688506 12 
0 0.700371 12 
0 0.700582 12 
0 0.71241 12 
0 0.717718 12 
0 0.719463 12 
0 0.728713 12 
0 0.77613 12 
0 0.776168 12 
0 0.776321 12 
0 0.842039 12 
0 0.881082 12 
0 0.906458 12 
0 0.995207 12 
0 1.0112 12 
0 1.01308 12 
0 1.12268 12 
0 1.12361 12 
0 1.18791 12 
0 1.19351 12 
0 1.19471 12 
0 1.19618 12 
0 1.19843 12 
0 1.23803 12 
0 1.23879 12 
0 1.23898 12 
0 1.24494 12 
0 1.24513 12 
0 1.31912 12 
0 1.3653 12 
0 1.36531 12 
0 1.44056 12 
0 1.47223 12 
0 1.47363 12 
0 1.56225 12 
0 inf 12 
0 0.0147409 13 
0 0.0385035 13 
0 0.0787426 13 
0 0.111147 13 
0 0.125272 13 
0 0.13616 13 
0 0.179165 13 
0 0.194493 13 
0 0.195669 13 
0 0.231491 13 
0 0.233538 13 
0 0.243107 13 
0 0.247452 13 
0 0.247829 13 
0 0.250129 13 
0 0.331455 13 
0 0.338068 13 
0 0.372996 13 
0 0.373022 13 
0 0.373445 13 
0 0.374739 13 
0 0.380763 13 
0 0.38189 13 
0 0.382097 13 
0 0.385098 13 
0 0.385668 13 
0 0.385668 13 
0 0.38942 13 
0 0.453722 13 
0 0.475434 13 
0 0.479759 13 
0 0.530782 13 
0 0.531061 13 
0 0.531954 13 
0 0.534778 13 
0 0.544167 13 
0 0.560596 13 
0 0.560966 13 
0 0.563111 13 
0 0.579739 13 
0 0.580028 13 
0 0.580028 13 
0 0.672248 13 
0 0.678337 13 
0 0.682332 13 
0 0.682332 13 
0 0.685972 13 
0 0.695393 13 
0 0.698542 13 
0 0.699348 13 
0 0.700026 13 
0 0.710355 13 
0 0.728798 13 
0 0.738442 13 
0 0.745688 13 
0 0.747791 13 
0 0.765779 13 
0 0.767172 13 
0 0.767635 13 
0 0.775785 13 
0 0.790775 13 
0 0.831088 13 
0 0.8978 13 
0 0.940742 13 
0 0.9607 13 
0 0.962458 13 
0 0.994461 13 
0 1.07301 13 
0 1.08061 13 
0 1.08487 13 
0 1.19205 13 
0 1.19416 13 
0 1.19608 13 
0 1.19654 13 
0 1.19657 13 
0 1.21602 13 
0 1.21634 13 
0 1.21884 13 
0 1.23648 13 
0 1.23964 13 
0 1.42893 13 
0 1.42907 13 
0 1.42973 13 
0 inf 13 
0 0.0628739 14 
0 0.0882489 14 
0 0.0934706 14 
0 0.10177 14 
0 0.128389 14 
0 0.178105 14 
0 0.191172 14 
0 0.204979 14 
0 0.232803 14 
0 0.236817 14 
0 0.244731 14 
0 0.28252 14 
0 0.28736 14 
0 0.28736 14 
0 0.28736 14 
0 0.28767 14 
0 0.306716 14 
0 0.307582 14 
0 0.330274 14 
0 0.331201 14 
0 0.332309 14 
0 0.332436 14 
0 0.334527 14 
0 0.348213 14 
0 0.348905 14 
0 0.350262 14 
0 0.350262 14 
0 0.35672 14 
0 0.359608 14 
0 0.364114 14 
0 0.372121 14 
0 0.37236 14 
0 0.37949 14 
0 0.379697 14 
0 0.384411 14 
0 0.388013 14 
0 0.388014 14 
0 0.388014 14 
0 0.395998 14 
0 0.477342 14 
0 0.477363 14 
0 0.477549 14 
0 0.477819 14 
0 0.505264 14 
0 0.506878 14 
0 0.520916 14 
0 0.521769 14 
0 0.52192 14 
0 0.540184 14 
0 0.58659 14 
0 0.588373 14 
0 0.589967 14 
0 0.668357 14 
0 0.670984 14 
0 0.672573 14 
0 0.698036 14 
0 0.700287 14 
0 0.713022 14 
0 0.713836 14 
0 0.714389 14 
0 0.716047 14 
0 0.732261 14 
0 0.826746 14 
0 0.828005 14 
0 0.834124 14 
0 0.955717 14 
0 0.959546 14 
0 0.96005 14 
0 0.991849 14 
0 0.994387 14 
0 0.996025 14 
0 1.19487 14 
0 1.24226 14 
0 1.27244 14 
0 1.27246 14 
0 1.27488 14 
0 1.29784 14 
0 1.29851 14 
0 1.29875 14 
0 inf 14 
0 0.044011 15 
0 0.0678647 15 
0 0.0678647 15 
0 0.0727813 15 
0 0.158987 15 
0 0.232708 15 
0 0.240968 15 
0 0.242433 15 
0 0.243363 15 
0 0.253636 15 
0 0.253753 15 
0 0.259615 15 
0 0.264508 15 
0 0.268652 15 
0 0.273417 15 
0 0.296942 15 
0 0.321978 15 
0 0.325883 15 
0 0.326126 15 
0 0.326519 15 
0 0.327336 15 
0 0.32818 15 
0 0.330221 15 
0 0.332428 15 
0 0.334777 15 
0 0.344175 15 
0 0.357366 15 
0 0.357872 15 
0 0.358432 15 
0 0.359112 15 
0 0.360184 15 
0 0.361826 15 
0 0.373975 15 
0 0.374846 15 
0 0.375241 15 
0 0.375873 15 
0 0.393554 15 
0 0.409627 15 
0 0.414233 15 
0 0.414591 15 
0 0.474498 15 
0 0.505687 15 
0 0.527069 15 
0 0.63167 15 
0 0.693746 15 
0 0.693959 15 
0 0.694258 15 
0 0.717277 15 
0 0.720862 15 
0 0.73942 15 
0 0.790949 15 
0 0.835978 15 
0 0.838575 15 
0 0.839035 15 
0 0.850625 15 
0 0.883639 15 
0 0.883996 15 
0 0.883996 15 
0 0.941238 15 
0 0.94736 15 
0 0.947861 15 
0 1.19556 15 
0 1.2409 15 
0 1.28419 15 
0 1.31475 15 
0 1.31483 15 
0 1.36674 15 
0 1.36719 15 
0 1.36732 15 
0 1.4436 15 
0 1.44391 15 
0 1.44464 15 
0 1.58093 15 
0 1.58093 15 
0 1.58143 15 
0 inf 15 
0 0.0622418 16 
0 0.121819 16 
0 0.22875 16 
0 0.242182 16 
0 0.243944 16 
0 0.247521 16 
0 0.251954 16 
0 0.25348 16 
0 0.285143 16 
0 0.309622 16 
0 0.314398 16 
0 0.32942 16 
0 0.330857 16 
0 0.331484 16 
0 0.333852 16 
0 0.33389 16 
0 0.334532 16 
0 0.335712 16 
0 0.335712 16 
0 0.336862 16 
0 0.338706 16 
0 0.339522 16 
0 0.33998 16 
0 0.357097 16 
0 0.358423 16 
0 0.36076 16 
0 0.36076 16 
0 0.374819 16 
0 0.376477 16 
0 0.379849 16 
0 0.380265 16 
0 0.387279 16 
0 0.387789 16 
0 0.390304 16 
0 0.43075 16 
0 0.481629 16 
0 0.49346 16 
0 0.499917 16 
0 0.559363 16 
0 0.725004 16 
0 0.736397 16 
0 0.73958 16 
0 0.743205 16 
0 0.766446 16 
0 0.767335 16 
0 0.767374 16 
0 0.792023 16 
0 0.792211 16 
0 0.792211 16 
0 0.817526 16 
0 0.817828 16 
0 0.818227 16 
0 0.826435 16 
0 0.850387 16 
0 0.851502 16 
0 0.882427 16 
0 0.883669 16 
0 0.884742 16 
0 0.897481 16 
0 1.04289 16 
0 1.20137 16 
0 1.23989 16 
0 1.24083 16 
0 1.24083 16 
0 1.24265 16 
0 1.82248 16 
0 1.82288 16 
0 1.82288 16 
0 1.95735 16 
0 1.95748 16 
0 1.95774 16 
0 inf 16 
0 0.0377173 17 
0 0.0419412 17 
0 0.0431035 17 
0 0.0480834 17 
0 0.0742227 17 
0 0.235142 17 
0 0.239634 17 
0 0.280681 17 
0 0.286259 17 
0 0.290372 17 
0 0.301922 17 
0 0.303392 17 
0 0.304172 17 
0 0.304529 17 
0 0.334557 17 
0 0.336338 17 
0 0.337482 17 
0 0.340978 17 
0 0.341123 17 
0 0.344544 17 
0 0.345231 17 
0 0.3476 17 
0 0.348621 17 
0 0.36563 17 
0 0.369589 17 
0 0.371396 17 
0 0.37206 17 
0 0.372458 17 
0 0.373393 17 
0 0.373948 17 
0 0.37416 17 
0 0.383716 17 
0 0.383716 17 
0 0.383947 17 
0 0.484819 17 
0 0.550339 17 
0 0.572908 17 
0 0.575181 17 
0 0.575954 17 
0 0.723922 17 
0 0.733456 17 
0 0.733981 17 
0 0.757652 17 
0 0.758591 17 
0 0.758591 17 
0 0.758591 17 
0 0.764249 17 
0 0.907539 17 
0 0.907887 17 
0 0.91326 17 
0 1.01884 17 
0 1.01884 17 
0 1.01916 17 
0 1.20131 17 
0 1.20788 17 
0 1.2084 17 
0 1.20854 17 
0 1.24852 17 
0 1.25889 17 
0 1.25933 17 
0 1.26046 17 
0 1.4806 17 
0 1.48066 17 
0 1.48092 17 
0 1.51261 17 
0 1.53557 17 
0 1.71458 17 
0 inf 17 
0 0.0405041 18 
0 0.0522269 18 
0 0.0606332 18 
0 0.101156 18 
0 0.102031 18 
0 0.102034 18 
0 0.20326 18 
0 0.221102 18 
0 0.221861 18 
0 0.235478 18 
0 0.238853 18 
0 0.241814 18 
0 0.282016 18 
0 0.300538 18 
0 0.307431 18 
0 0.308715 18 
0 0.335514 18 
0 0.335955 18 
0 0.33833 18 
0 0.340165 18 
0 0.377466 18 
0 0.378885 18 
0 0.378929 18 
0 0.378929 18 
0 0.379171 18 
0 0.379796 18 
0 0.381502 18 
0 0.382312 18 
0 0.383252 18 
0 0.390479 18 
0 0.392876 18 
0 0.393404 18 
0 0.393504 18 
0 0.510091 18 
0 0.519364 18 
0 0.519821 18 
0 0.752006 18 
0 0.752834 18 
0 0.752834 18 
0 0.752939 18 
0 0.804575 18 
0 0.806305 18 
0 0.808264 18 
0 0.880202 18 
0 0.891548 18 
0 0.893142 18 
0 1.00965 18 
0 1.02955 18 
0 1.0388 18 
0 1.10345 18 
0 1.1036 18 
0 1.10395 18 
0 1.21112 18 
0 1.21139 18 
0 1.21204 18 
0 1.21216 18 
0 1.21492 18 
0 1.2157 18 
0 1.2157 18 
0 1.3028 18 
0 1.32011 18 
0 1.32041 18 
0 1.93625 18 
0 inf 18 
0 0.0883591 19 
0 0.0886948 19 
0 0.0927258 19 
0 0.113754 19 
0 0.117851 19 
0 0.117851 19 
0 0.187795 19 
0 0.18921 19 
0 0.193088 19 
0 0.232734 19 
0 0.232734 19 
0 0.233073 19 
0 0.324386 19 
0 0.324721 19 
0 0.325086 19 
0 0.330707 19 
0 0.330707 19 
0 0.332139 19 
0 0.354234 19 
0 0.354234 19 
0 0.360319 19 
0 0.391253 19 
0 0.392992 19 
0 0.393294 19 
0 0.394197 19 
0 0.419579 19 
0 0.421084 19 
0 0.422022 19 
0 0.422864 19 
0 0.493628 19 
0 0.507994 19 
0 0.509257 19 
0 0.667735 19 
0 0.669036 19 
0 0.66911 19 
0 0.792874 19 
0 0.793023 19 
0 0.79321 19 
0 0.833237 19 
0 0.858885 19 
0 0.865171 19 
0 0.867452 19 
0 0.889779 19 
0 0.891832 19 
0 0.892441 19 
0 0.898196 19 
0 0.904668 19 
0 0.905662 19 
0 0.919669 19 
0 0.934788 19 
0 0.935 19 
0 0.935369 19 
0 1.06003 19 
0 1.20841 19 
0 1.21 19 
0 1.2102 19 
0 1.27128 19 
0 1.28506 19 
0 1.28555 19 
0 inf 19 
0 0.0446769 20 
0 0.0466253 20 
0 0.0586382 20 
0 0.11574 20 
0 0.117772 20 
0 0.119851 20 
0 0.2491 20 
0 0.249255 20 
0 0.249378 20 
0 0.249848 20 
0 0.249971 20 
0 0.31812 20 
0 0.31812 20 
0 0.318865 20 
0 0.344065 20 
0 0.345355 20 
0 0.40421 20 
0 0.405382 20 
0 0.434489 20 
0 0.435034 20 
0 0.452537 20 
0 0.478544 20 
0 0.481229 20 
0 0.490306 20 
0 0.490589 20 
0 0.491092 20 
0 0.518773 20 
0 0.522872 20 
0 0.523628 20 
0 0.53722 20 
0 0.53768 20 
0 0.664694 20 
0 0.664694 20 
0 0.665541 20 
0 0.6728 20 
0 0.721669 20 
0 0.732323 20 
0 0.734791 20 
0 0.751546 20 
0 0.809692 20 
0 0.809692 20 
0 0.889976 20 
0 0.895886 20 
0 0.899058 20 
0 0.913992 20 
0 0.914176 20 
0 0.931253 20 
0 0.942341 20 
0 0.944394 20 
0 1.23813 20 
0 1.23827 20 
0 1.28649 20 
0 1.28928 20 
0 1.28953 20 
0 1.49143 20 
0 inf 20 
