5.22461 8.83653 1 
0.841369 2.17512 1 
0.252626 0.269859 1 
0.233146 0.233302 1 
0.229314 0.286038 1 
0.22747 0.242178 1 
0.221611 0.248135 1 
0.193157 0.213339 1 
0.109729 0.118991 1 
0.101687 0.113493 1 
0.100698 0.139951 1 
0.0998731 0.104173 1 
0.0880148 0.100241 1 
0.0690551 0.0702368 1 
0.0686571 0.0772944 1 
0.0601456 0.0787002 1 
0.0595353 0.0601464 1 
0.0589192 0.061498 1 
0.0562212 0.0575068 1 
0.0554026 0.065525 1 
0.0502136 0.0507569 1 
0.0474053 0.0509353 1 
0.0435899 0.0470183 1 
0.0389418 0.0412204 1 
0.0263503 0.0302256 1 
6.54046 6.6823 2 
6.53436 6.64937 2 
4.30282 6.69889 2 
0.677827 2.99438 2 
0.245546 0.273229 2 
0.216735 0.24278 2 
0.205662 0.229153 2 
0.196346 0.278527 2 
0.195598 0.253347 2 
0.180234 0.182655 2 
0.171084 0.200756 2 
0.148748 0.178765 2 
0.12673 0.127011 2 
0.117531 0.121052 2 
0.114455 0.122997 2 
0.109731 0.121579 2 
0.097846 0.124105 2 
0.0957721 0.123518 2 
0.0667689 0.0828849 2 
0.0533875 0.0644009 2 
0.0492948 0.0526986 2 
4.47348 5.23189 3 
4.46054 5.1862 3 
4.04867 5.23903 3 
0.627447 3.06836 3 
0.255498 0.263144 3 
0.23505 0.2474 3 
0.21753 0.229509 3 
0.19755 0.280354 3 
0.183102 0.195643 3 
0.181195 0.186024 3 
0.17789 0.186807 3 
0.176293 0.235639 3 
0.171989 0.180388 3 
0.160387 0.216906 3 
0.136715 0.154826 3 
0.129506 0.171405 3 
0.0693198 0.0739116 3 
0.0512917 0.0571824 3 
3.34046 3.42008 4 
1.1899 2.83973 4 
0.187196 0.222839 4 
0.180694 0.234625 4 
0.17968 0.191826 4 
0.178864 0.190679 4 
0.161753 0.182906 4 
0.157751 0.203338 4 
0.157458 0.222104 4 
0.142921 0.158441 4 
0.13449 0.164274 4 
2.51856 2.53381 5 
1.57414 2.54122 5 
0.198197 0.198382 5 
0.185973 0.20641 5 
0.177686 0.208747 5 
0.168233 0.226949 5 
0.16823 0.184988 5 
0.163497 0.169475 5 
0.160391 0.171775 5 
0.147757 0.173524 5 
0.0407725 0.0407764 5 
2.79948 2.82934 6 
2.53912 2.54316 6 
2.51265 2.69291 6 
2.51069 2.70812 6 
2.4999 2.55121 6 
2.49001 2.69412 6 
2.21893 2.24023 6 
1.9218 2.34776 6 
0.280681 0.284689 6 
0.17907 0.196621 6 
0.174941 0.19263 6 
0.172891 0.21787 6 
0.157169 0.170602 6 
0.15376 0.16231 6 
2.53433 2.61585 7 
1.99999 2.01794 7 
1.97773 1.99095 7 
1.78872 2.25655 7 
1.7508 2.13126 7 
1.74855 2.11272 7 
0.373469 0.406182 7 
0.180491 0.191298 7 
0.17988 0.18215 7 
0.164832 0.219372 7 
0.161131 0.162599 7 
0.138373 0.14583 7 
0.0462358 0.0479797 7 
1.8727 2.10163 8 
1.85758 2.10944 8 
1.75596 2.08134 8 
1.75348 1.77021 8 
1.5552 1.95143 8 
1.1817 1.79818 8 
0.225653 0.239022 8 
0.176342 0.189959 8 
0.174309 0.190249 8 
0.172202 0.176809 8 
0.169527 0.181851 8 
2.29358 2.35568 9 
2.22451 2.32321 9 
1.51001 1.54123 9 
1.40461 1.42495 9 
1.11945 1.59808 9 
0.290246 0.315985 9 
0.173416 0.221856 9 
1.95757 2.17513 10 
1.9075 2.07031 10 
1.32058 1.32193 10 
1.17712 1.28694 10 
1.13125 1.25593 10 
1.1287 1.26762 10 
1.11733 1.33562 10 
0.290597 0.325367 10 
0.0988684 0.106519 10 
1.29812 1.39313 11 
1.24199 1.44976 11 
1.24094 1.4579 11 
1.2363 1.33991 11 
1.21178 1.31036 11 
1.20553 1.41166 11 
1.20519 1.50128 11 
1.10296 1.11653 11 
1.03713 1.2595 11 
0.908846 0.908847 11 
0.823592 0.868354 11 
0.398209 0.4159 11 
0.294777 0.305584 11 
1.53361 1.53929 12 
1.5028 1.52134 12 
1.29753 1.48221 12 
1.29027 1.43075 12 
1.28758 1.38588 12 
1.0845 1.12381 12 
0.824963 1.02181 12 
0.805345 1.13917 12 
0.31822 0.372914 12 
0.313359 0.321783 12 
2.02611 2.02971 13 
2.02233 2.02683 13 
1.11361 1.15947 13 
1.10659 1.16903 13 
0.989455 1.03428 13 
0.327961 0.350607 13 
0.316492 0.351783 13 
2.22989 2.25541 14 
2.229 2.25523 14 
0.316059 0.340756 14 
1.82605 2.05547 15 
1.82426 2.05549 15 
0.647812 0.656563 15 
0.318866 0.375353 15 
1.25188 1.3221 16 
1.24662 1.31615 16 
1.22945 1.59708 16 
1.19453 1.48434 16 
0.665453 0.746269 16 
0.563841 0.57258 16 
0.381355 0.39644 16 
0.378855 0.396739 16 
0.311283 0.325508 16 
0.471659 0.521846 18 
0.470981 0.520777 18 
0.492784 0.49323 20 
