4.75611 7.46231 1 
1.11986 2.73799 1 
0.238129 0.246539 1 
0.235921 0.238904 1 
0.120008 0.133179 1 
0.119129 0.149641 1 
0.0835188 0.0860804 1 
0.0770034 0.0850464 1 
0.0760483 0.0763655 1 
0.073899 0.0767909 1 
0.0725797 0.0738982 1 
0.0720229 0.0825491 1 
0.0697495 0.0740069 1 
0.0679993 0.0720238 1 
0.0668022 0.0720246 1 
0.0655844 0.0725812 1 
0.0632078 0.0643426 1 
0.0615302 0.0659488 1 
0.0610112 0.0616594 1 
0.0567623 0.0664383 1 
0.0556248 0.0567651 1 
0.0533992 0.0659525 1 
0.0498144 0.0596661 1 
0.0376491 0.0419011 1 
0.0370007 0.0395295 1 
0.0330928 0.0422888 1 
0.0328477 0.03612 1 
5.39595 5.69041 2 
5.38811 5.40626 2 
5.36873 5.45715 2 
3.63067 5.69065 2 
0.917469 3.62876 2 
0.267113 0.297199 2 
0.145051 0.151782 2 
0.0961675 0.0983171 2 
0.0945598 0.105504 2 
0.0878431 0.0948106 2 
0.0785524 0.0792664 2 
0.0735722 0.0746559 2 
0.068937 0.0715742 2 
0.0666811 0.0819628 2 
0.0591252 0.0599364 2 
0.0356704 0.038078 2 
0.0340501 0.0349859 2 
0.0286581 0.0347565 2 
0.0278009 0.0347565 2 
3.67304 4.11779 3 
3.67241 4.12673 3 
3.66958 4.11496 3 
0.811563 3.85111 3 
0.246178 0.294696 3 
0.179543 0.199634 3 
0.179229 0.188086 3 
0.165244 0.165733 3 
0.121075 0.132513 3 
0.114583 0.126794 3 
0.076261 0.077722 3 
0.074659 0.0813706 3 
0.0660804 0.066926 3 
0.0654599 0.0762595 3 
0.0547398 0.057044 3 
0.0478281 0.0551777 3 
0.0294946 0.037004 3 
3.08487 3.10265 4 
3.08268 3.10257 4 
3.07948 3.1022 4 
2.82877 2.94012 4 
0.926788 3.79968 4 
0.246439 0.284438 4 
0.193075 0.198869 4 
0.155184 0.182476 4 
0.153889 0.15949 4 
0.122731 0.130617 4 
0.101774 0.102015 4 
0.0969958 0.11381 4 
0.0391216 0.0428526 4 
1.96569 1.96747 5 
1.57075 1.79525 5 
1.19641 3.4533 5 
0.281442 0.294557 5 
0.169481 0.184717 5 
0.159894 0.178646 5 
0.158476 0.158478 5 
0.155865 0.158223 5 
0.0987992 0.115911 5 
0.0734637 0.0758356 5 
0.0335754 0.0356733 5 
2.67635 3.01916 6 
2.67635 2.8117 6 
2.63552 2.68454 6 
1.50191 3.12803 6 
0.120812 0.137586 6 
0.114655 0.148453 6 
0.0704392 0.0716882 6 
0.0384993 0.0468052 6 
2.07473 2.38829 7 
2.02441 2.51879 7 
2.02161 2.55982 7 
1.95399 2.63314 7 
1.83507 1.9892 7 
1.81408 1.81727 7 
0.159184 0.170809 7 
0.150337 0.150714 7 
2.49873 3.03677 8 
1.8847 2.25704 8 
1.78862 2.25074 8 
1.55952 2.30035 8 
0.245653 0.24908 8 
0.116806 0.119738 8 
0.110653 0.120337 8 
2.08196 2.24157 9 
1.80498 2.16986 9 
1.66208 2.10465 9 
1.63214 1.66379 9 
1.2137 2.18731 9 
0.367433 0.379368 9 
0.109407 0.121081 9 
2.03687 2.07565 10 
1.98854 2.01057 10 
1.92576 2.14696 10 
1.92563 2.19939 10 
1.3086 1.61965 10 
1.21017 1.97561 10 
2.09183 2.48094 11 
2.09091 2.37188 11 
1.32475 1.55431 11 
1.27382 1.8134 11 
1.61132 1.71609 12 
1.61096 1.7959 12 
1.61048 1.91101 12 
1.59877 1.7959 12 
1.44759 1.71576 12 
1.43837 1.75595 12 
1.37723 1.66827 12 
1.37252 1.42556 12 
0.589079 0.624671 12 
0.256215 0.263229 12 
1.48243 1.52645 13 
1.45162 1.53823 13 
1.44097 1.65616 13 
1.16959 1.25923 13 
1.11284 1.11489 13 
0.979617 1.27201 13 
0.882664 0.935616 13 
0.880324 0.924426 13 
0.72573 0.726124 13 
0.569644 0.572976 13 
1.98028 1.98145 14 
1.9712 1.98959 14 
1.07125 1.09339 14 
1.04452 1.13479 14 
0.985411 1.07346 14 
0.936926 1.01768 14 
0.645993 0.663718 14 
1.78408 1.79657 15 
1.78396 1.79709 15 
1.78335 1.78754 15 
0.985604 1.06267 15 
0.97611 1.0528 15 
0.972737 1.02735 15 
0.357466 0.414106 16 
1.40393 1.65169 17 
1.40326 1.70418 17 
1.39415 1.7053 17 
2.00285 2.0263 18 
1.77872 1.79049 18 
1.61729 1.84901 18 
1.60299 1.80042 18 
1.60238 1.93684 18 
1.60159 1.74726 18 
1.60147 1.82937 18 
1.60139 1.65683 18 
0.558066 0.577495 18 
1.61699 1.62455 19 
1.61576 1.61707 19 
1.57537 2.00312 19 
1.34385 1.59185 20 
1.34241 1.58759 20 
