6.32314 8.54861 1 
2.02086 2.02778 1 
1.95529 2.05222 1 
0.86248 2.12826 1 
0.255019 0.334726 1 
0.150566 0.171571 1 
0.137943 0.152965 1 
0.133807 0.16407 1 
0.119565 0.125748 1 
0.113965 0.140554 1 
0.108931 0.120188 1 
0.107805 0.107817 1 
0.0946234 0.104093 1 
0.0944622 0.104093 1 
0.0886562 0.0996168 1 
0.0856975 0.101585 1 
0.085164 0.0865785 1 
0.0837274 0.0856968 1 
0.0805873 0.0864022 1 
0.0792578 0.087102 1 
0.0788741 0.087276 1 
0.0775164 0.0879695 1 
0.0720381 0.0844478 1 
0.0688057 0.0709766 1 
0.0681401 0.0698991 1 
0.0670182 0.0681411 1 
0.0635314 0.0663349 1 
0.062807 0.068362 1 
0.0625648 0.0667871 1 
0.0620811 0.0798305 1 
0.0618363 0.0798307 1 
0.0595869 0.0628101 1 
0.0559164 0.0580457 1 
0.0559086 0.0618364 1 
0.0492796 0.0498951 1 
0.0483455 0.0507866 1 
6.08919 6.80271 2 
6.05709 6.83999 2 
5.88481 6.06962 2 
5.41987 5.48678 2 
5.06636 6.8733 2 
1.76484 1.8023 2 
0.696265 2.84556 2 
0.279377 0.293105 2 
0.253281 0.318896 2 
0.213572 0.325623 2 
0.190914 0.218072 2 
0.17184 0.186324 2 
0.140019 0.141844 2 
0.110035 0.127297 2 
0.104373 0.113833 2 
0.0901808 0.110587 2 
0.0864029 0.0886559 2 
0.0864022 0.0918508 2 
0.0862269 0.0867534 2 
0.0849869 0.0920153 2 
0.084269 0.0864021 2 
0.0828155 0.0911873 2 
0.0786819 0.0865779 2 
0.0761336 0.0865779 2 
0.0667838 0.0735006 2 
0.0598416 0.0651814 2 
0.0583095 0.0598401 2 
0.0569853 0.0590826 2 
0.0569814 0.058041 2 
0.0545341 0.0598401 2 
0.630295 3.00161 3 
0.285236 0.317946 3 
0.273618 0.300062 3 
0.27139 0.290872 3 
0.23469 0.245994 3 
0.229465 0.323428 3 
0.228071 0.239431 3 
0.119683 0.129778 3 
0.113431 0.132093 3 
0.105247 0.127778 3 
0.0957334 0.0971493 3 
0.0952551 0.108091 3 
0.0886564 0.0990055 3 
0.086051 0.0871024 3 
0.0856975 0.0879689 3 
0.0685893 0.0753313 3 
0.0683644 0.0685893 3 
0.739477 2.88266 4 
0.285986 0.327207 4 
0.278455 0.283643 4 
0.250875 0.268244 4 
0.228663 0.261891 4 
0.227535 0.262816 4 
0.226327 0.27145 4 
0.214775 0.265288 4 
0.173504 0.200597 4 
0.166368 0.191308 4 
0.0910216 0.0933253 4 
0.0835488 0.0858706 4 
0.0749278 0.0862269 4 
2.56226 2.59622 5 
1.36024 2.60631 5 
0.220969 0.250999 5 
0.206929 0.212572 5 
0.197012 0.214137 5 
0.178931 0.221382 5 
0.150363 0.153359 5 
0.134715 0.153854 5 
0.0559083 0.0683631 5 
0.0534111 0.0545361 5 
2.47359 2.77057 6 
2.46472 2.74128 6 
2.46404 2.75426 6 
2.46383 2.76026 6 
2.30519 2.30915 6 
2.30376 2.30787 6 
2.26349 2.35134 6 
2.08596 2.31028 6 
2.08534 2.31262 6 
1.59682 1.92758 6 
1.59553 2.3192 6 
0.218349 0.220972 6 
0.199533 0.245068 6 
0.197553 0.254484 6 
0.129781 0.138381 6 
0.0862274 0.0876233 6 
2.14116 2.4825 7 
2.12742 2.1301 7 
2.06511 2.17921 7 
2.06103 2.17293 7 
2.06053 2.06492 7 
2.05394 2.31253 7 
2.02045 2.10969 7 
2.00178 2.13286 7 
1.60806 2.19026 7 
2.60266 2.86673 8 
1.99541 2.45381 8 
1.77267 1.85618 8 
1.7713 1.87156 8 
1.71167 2.00447 8 
1.68958 1.87352 8 
1.68891 1.87199 8 
1.60034 1.77922 8 
1.23306 1.3212 8 
0.180787 0.189798 8 
1.92698 2.34722 9 
1.74726 1.93401 9 
1.60601 1.72737 9 
1.59516 1.60207 9 
1.56191 1.59214 9 
1.55103 1.71913 9 
1.43404 1.62243 9 
1.36034 1.36864 9 
0.785397 0.786705 9 
0.186081 0.190516 9 
2.4953 2.51171 10 
2.43114 2.48301 10 
1.68067 2.10764 10 
1.68031 2.10605 10 
1.33952 1.38661 10 
1.28738 1.4794 10 
0.824106 0.831159 10 
0.816652 0.829234 10 
2.13394 2.62626 11 
2.10831 2.61625 11 
1.60533 1.97554 11 
1.60351 1.93115 11 
1.23506 1.25005 11 
1.43316 1.43564 12 
1.23972 1.24337 12 
1.03275 1.13922 12 
0.388372 0.409983 12 
0.197781 0.212994 12 
1.70564 1.7793 13 
1.66701 1.69318 13 
1.66655 1.69401 13 
1.11882 1.18118 13 
1.02608 1.17641 13 
0.957901 0.979936 13 
0.889785 0.891813 13 
0.874826 0.950303 13 
0.828398 1.01788 13 
0.471705 0.484316 13 
1.90827 2.02029 14 
0.777633 0.972241 14 
0.744217 0.88244 14 
0.723944 0.840291 14 
0.459517 0.525113 14 
0.383692 0.384456 14 
2.39545 2.43558 15 
1.55933 1.70807 15 
1.55933 1.70832 15 
1.55434 1.67118 15 
0.993821 1.02888 15 
0.974143 1.02616 15 
0.726079 0.848791 15 
0.579391 0.622355 15 
2.35903 2.52302 16 
2.34425 2.51687 16 
1.62583 1.86275 16 
1.62164 1.86233 16 
1.61564 1.86034 16 
0.470321 0.475562 16 
1.79247 2.35616 17 
1.79174 2.3144 17 
1.66823 1.66997 17 
1.6615 1.67973 17 
1.49876 1.63059 17 
1.34918 1.6376 17 
1.2864 1.42589 17 
1.90561 1.98119 18 
1.888 1.90297 18 
1.80084 1.83654 18 
1.74204 1.8166 18 
1.69625 1.90862 18 
1.69235 2.00099 18 
0.992675 1.01178 19 
0.525851 0.554765 19 
0.522376 0.557902 19 
0.522 0.555831 19 
0.659435 0.683527 20 
0.212853 0.216389 20 
0.189395 0.204491 20 
