0 0.0437636 1 
0 0.0458077 1 
0 0.0505338 1 
0 0.0531811 1 
0 0.054023 1 
0 0.054023 1 
0 0.0540253 1 
0 0.0565011 1 
0 0.0580904 1 
0 0.0588702 1 
0 0.0596477 1 
0 0.0596557 1 
0 0.0611561 1 
0 0.0619003 1 
0 0.0619065 1 
0 0.0633566 1 
0 0.0661802 1 
0 0.0682118 1 
0 0.0682132 1 
0 0.0695347 1 
0 0.0701779 1 
0 0.070186 1 
0 0.0701874 1 
0 0.0708355 1 
0 0.0708355 1 
0 0.0733628 1 
0 0.0745981 1 
0 0.0751977 1 
0 0.0751998 1 
0 0.0764125 1 
0 0.0793403 1 
0 0.0799106 1 
0 0.0804697 1 
0 0.0827089 1 
0 0.0832687 1 
0 0.0854335 1 
0 0.0880542 1 
0 0.0885631 1 
0 0.0885648 1 
0 0.0885654 1 
0 0.0885695 1 
0 0.0921 1 
0 0.0925923 1 
0 0.0925995 1 
0 0.092601 1 
0 0.0935705 1 
0 0.0935711 1 
0 0.0940601 1 
0 0.0945416 1 
0 0.0950227 1 
0 0.0969263 1 
0 0.0969308 1 
0 0.0969308 1 
0 0.0973957 1 
0 0.100166 1 
0 0.100617 1 
0 0.103748 1 
0 0.107625 1 
0 0.108895 1 
0 0.111787 1 
0 0.116188 1 
0 0.118127 1 
0 0.121182 1 
0 0.121564 1 
0 0.123043 1 
0 0.12342 1 
0 0.124523 1 
0 0.128485 1 
0 0.12919 1 
0 0.12919 1 
0 0.130598 1 
0 0.132679 1 
0 0.133702 1 
0 0.137408 1 
0 0.147954 1 
0 0.152504 1 
0 0.158659 1 
0 0.159525 1 
0 0.163757 1 
0 0.164865 1 
0 0.166789 1 
0 0.167602 1 
0 0.169504 1 
0 0.179683 1 
0 0.183952 1 
0 0.186418 1 
0 0.186909 1 
0 0.189328 1 
0 0.190292 1 
0 0.192668 1 
0 0.194554 1 
0 0.197816 1 
0 0.198963 1 
0 0.199652 1 
0 0.239339 1 
0 0.241793 1 
0 0.245544 1 
0 0.245544 1 
0 0.260331 1 
0 0.289369 1 
0 0.311823 1 
0 0.342355 1 
0 0.355428 1 
0 0.375854 1 
0 0.375996 1 
0 0.392029 1 
0 0.41323 1 
0 0.447606 1 
0 0.469041 1 
0 0.470183 1 
0 0.497291 1 
0 0.513854 1 
0 0.522287 1 
0 0.650774 1 
0 0.654233 1 
0 0.705975 1 
0 0.711934 1 
0 0.741272 1 
0 0.82258 1 
0 0.869394 1 
0 0.921038 1 
0 1.05414 1 
0 1.48776 1 
0 1.64965 1 
0 2.02514 1 
0 3.05953 1 
0 3.2522 1 
0 4.67523 1 
0 4.84469 1 
0 5.05784 1 
0 5.364 1 
0 inf 1 
0 0.0382 2 
0 0.0427224 2 
0 0.0467853 2 
0 0.0467975 2 
0 0.0486956 2 
0 0.0487015 2 
0 0.052313 2 
0 0.0531775 2 
0 0.0573067 2 
0 0.0611498 2 
0 0.061153 2 
0 0.064773 2 
0 0.0668657 2 
0 0.0682061 2 
0 0.0682076 2 
0 0.0682091 2 
0 0.068873 2 
0 0.0688799 2 
0 0.0695402 2 
0 0.0739843 2 
0 0.0739843 2 
0 0.0745943 2 
0 0.0752018 2 
0 0.0775907 2 
0 0.0793403 2 
0 0.0815952 2 
0 0.0827112 2 
0 0.0854234 2 
0 0.089084 2 
0 0.0920966 2 
0 0.0921052 2 
0 0.0921062 2 
0 0.0959882 2 
0 0.0969288 2 
0 0.0978584 2 
0 0.100627 2 
0 0.101969 2 
0 0.102858 2 
0 0.103302 2 
0 0.103742 2 
0 0.105057 2 
0 0.105917 2 
0 0.105923 2 
0 0.10889 2 
0 0.112195 2 
0 0.112195 2 
0 0.112599 2 
0 0.113006 2 
0 0.113808 2 
0 0.11421 2 
0 0.115394 2 
0 0.115396 2 
0 0.115404 2 
0 0.115404 2 
0 0.116976 2 
0 0.118519 2 
0 0.119672 2 
0 0.12043 2 
0 0.122301 2 
0 0.12452 2 
0 0.126341 2 
0 0.129197 2 
0 0.136408 2 
0 0.138396 2 
0 0.141336 2 
0 0.147335 2 
0 0.150095 2 
0 0.153699 2 
0 0.160374 2 
0 0.163195 2 
0 0.169508 2 
0 0.171379 2 
0 0.196194 2 
0 0.203491 2 
0 0.204834 2 
0 0.212487 2 
0 0.212914 2 
0 0.21356 2 
0 0.218827 2 
0 0.222752 2 
0 0.237226 2 
0 0.241234 2 
0 0.24251 2 
0 0.247025 2 
0 0.263631 2 
0 0.265533 2 
0 0.282349 2 
0 0.295761 2 
0 0.323871 2 
0 0.3289 2 
0 0.335082 2 
0 0.33549 2 
0 0.343419 2 
0 0.366966 2 
0 0.383014 2 
0 0.383328 2 
0 0.427599 2 
0 0.430156 2 
0 0.445434 2 
0 0.453568 2 
0 0.486198 2 
0 0.513888 2 
0 0.527952 2 
0 0.537092 2 
0 0.560105 2 
0 0.593024 2 
0 0.628561 2 
0 0.641092 2 
0 0.731298 2 
0 0.789705 2 
0 0.791093 2 
0 0.808439 2 
0 0.827389 2 
0 0.852186 2 
0 0.900511 2 
0 1.42278 2 
0 1.45012 2 
0 1.92539 2 
0 2.6285 2 
0 2.71396 2 
0 2.87891 2 
0 2.98592 2 
0 2.99292 2 
0 4.07001 2 
0 4.68036 2 
0 4.79435 2 
0 4.84962 2 
0 inf 2 
0 0.0447935 3 
0 0.0447935 3 
0 0.0458002 3 
0 0.0467853 3 
0 0.0486996 3 
0 0.0505509 3 
0 0.0548693 3 
0 0.0565087 3 
0 0.0580904 3 
0 0.0603995 3 
0 0.0626235 3 
0 0.0626312 3 
0 0.0675318 3 
0 0.0682076 3 
0 0.0695388 3 
0 0.0701779 3 
0 0.0708274 3 
0 0.0733615 3 
0 0.0758109 3 
0 0.0764063 3 
0 0.0799032 3 
0 0.0799058 3 
0 0.0815974 3 
0 0.0875348 3 
0 0.0880484 3 
0 0.089085 3 
0 0.0895869 3 
0 0.0895884 3 
0 0.091605 3 
0 0.0916108 3 
0 0.0916108 3 
0 0.0935756 3 
0 0.0945497 3 
0 0.0959878 3 
0 0.0964542 3 
0 0.097403 3 
0 0.0983291 3 
0 0.103744 3 
0 0.103747 3 
0 0.104616 3 
0 0.108472 3 
0 0.113406 3 
0 0.126338 3 
0 0.131304 3 
0 0.132338 3 
0 0.135067 3 
0 0.141983 3 
0 0.143583 3 
0 0.147034 3 
0 0.153997 3 
0 0.164027 3 
0 0.169504 3 
0 0.171115 3 
0 0.178926 3 
0 0.190056 3 
0 0.193617 3 
0 0.195496 3 
0 0.203267 3 
0 0.207492 3 
0 0.209028 3 
0 0.209243 3 
0 0.210112 3 
0 0.216947 3 
0 0.21862 3 
0 0.224994 3 
0 0.226408 3 
0 0.235492 3 
0 0.239338 3 
0 0.242173 3 
0 0.250871 3 
0 0.253465 3 
0 0.26172 3 
0 0.262597 3 
0 0.265183 3 
0 0.27581 3 
0 0.293746 3 
0 0.295879 3 
0 0.303675 3 
0 0.307399 3 
0 0.313866 3 
0 0.335293 3 
0 0.344745 3 
0 0.351717 3 
0 0.353792 3 
0 0.354139 3 
0 0.354528 3 
0 0.367365 3 
0 0.369855 3 
0 0.371829 3 
0 0.402847 3 
0 0.410641 3 
0 0.41813 3 
0 0.465825 3 
0 0.487357 3 
0 0.506231 3 
0 0.559647 3 
0 0.600922 3 
0 0.618304 3 
0 0.62498 3 
0 0.634153 3 
0 0.72424 3 
0 0.724289 3 
0 0.751447 3 
0 0.796214 3 
0 0.799101 3 
0 0.84514 3 
0 0.878775 3 
0 1.30872 3 
0 1.33463 3 
0 1.60921 3 
0 1.69134 3 
0 1.82355 3 
0 2.03932 3 
0 2.05915 3 
0 2.06214 3 
0 2.33017 3 
0 2.66519 3 
0 2.68138 3 
0 2.68158 3 
0 3.12553 3 
0 3.79733 3 
0 3.81305 3 
0 3.84605 3 
0 inf 3 
0 0.034433 4 
0 0.0487015 4 
0 0.0531725 4 
0 0.0540283 4 
0 0.0540283 4 
0 0.0661672 4 
0 0.0661788 4 
0 0.0668506 4 
0 0.0668557 4 
0 0.0682015 4 
0 0.0727333 4 
0 0.0727359 4 
0 0.0745969 4 
0 0.0905993 4 
0 0.0906087 4 
0 0.0911106 4 
0 0.091614 4 
0 0.0921 4 
0 0.0925907 4 
0 0.0925918 4 
0 0.0935767 4 
0 0.0983233 4 
0 0.0987966 4 
0 0.0992519 4 
0 0.100164 4 
0 0.101972 4 
0 0.102421 4 
0 0.102869 4 
0 0.109737 4 
0 0.110136 4 
0 0.115801 4 
0 0.116963 4 
0 0.117358 4 
0 0.120427 4 
0 0.123048 4 
0 0.126343 4 
0 0.131994 4 
0 0.133359 4 
0 0.13405 4 
0 0.135061 4 
0 0.14547 4 
0 0.145476 4 
0 0.14548 4 
0 0.148871 4 
0 0.151 4 
0 0.153401 4 
0 0.158083 4 
0 0.162643 4 
0 0.16542 4 
0 0.198276 4 
0 0.205726 4 
0 0.224993 4 
0 0.242737 4 
0 0.242928 4 
0 0.251227 4 
0 0.253761 4 
0 0.253904 4 
0 0.258047 4 
0 0.26456 4 
0 0.265186 4 
0 0.271645 4 
0 0.272815 4 
0 0.274477 4 
0 0.275972 4 
0 0.280079 4 
0 0.283258 4 
0 0.291564 4 
0 0.295081 4 
0 0.298061 4 
0 0.30004 4 
0 0.302011 4 
0 0.304126 4 
0 0.311604 4 
0 0.330835 4 
0 0.341588 4 
0 0.379015 4 
0 0.392155 4 
0 0.396135 4 
0 0.430913 4 
0 0.443122 4 
0 0.447563 4 
0 0.452391 4 
0 0.461516 4 
0 0.508077 4 
0 0.533775 4 
0 0.54014 4 
0 0.561056 4 
0 0.571377 4 
0 0.587734 4 
0 0.588984 4 
0 0.601247 4 
0 0.608059 4 
0 0.636294 4 
0 0.661607 4 
0 0.675833 4 
0 0.679534 4 
0 0.733139 4 
0 0.797444 4 
0 0.874137 4 
0 1.21309 4 
0 1.28359 4 
0 1.30344 4 
0 1.49974 4 
0 1.51201 4 
0 1.51282 4 
0 1.52546 4 
0 1.56735 4 
0 1.77219 4 
0 2.11701 4 
0 2.12088 4 
0 2.12088 4 
0 2.12296 4 
0 2.50645 4 
0 2.5917 4 
0 2.5933 4 
0 2.59339 4 
0 2.65167 4 
0 2.70884 4 
0 2.80936 4 
0 inf 4 
0 0.0556858 5 
0 0.0626229 5 
0 0.0688702 5 
0 0.0701847 5 
0 0.0701847 5 
0 0.0727372 5 
0 0.0739843 5 
0 0.0752031 5 
0 0.0781748 5 
0 0.0804816 5 
0 0.0815955 5 
0 0.0821528 5 
0 0.0832605 5 
0 0.0838123 5 
0 0.0838124 5 
0 0.0895923 5 
0 0.0930913 5 
0 0.0950303 5 
0 0.095503 5 
0 0.0983296 5 
0 0.0987876 5 
0 0.0997116 5 
0 0.0997164 5 
0 0.100624 5 
0 0.100625 5 
0 0.100628 5 
0 0.103312 5 
0 0.112196 5 
0 0.112199 5 
0 0.112598 5 
0 0.113803 5 
0 0.114609 5 
0 0.115004 5 
0 0.116584 5 
0 0.118516 5 
0 0.119668 5 
0 0.120046 5 
0 0.121928 5 
0 0.12305 5 
0 0.129896 5 
0 0.13607 5 
0 0.147338 5 
0 0.14765 5 
0 0.150096 5 
0 0.164868 5 
0 0.167607 5 
0 0.176619 5 
0 0.179948 5 
0 0.182207 5 
0 0.204702 5 
0 0.207488 5 
0 0.229807 5 
0 0.239896 5 
0 0.244988 5 
0 0.255557 5 
0 0.281892 5 
0 0.289366 5 
0 0.304869 5 
0 0.324572 5 
0 0.329758 5 
0 0.337792 5 
0 0.365325 5 
0 0.379019 5 
0 0.383427 5 
0 0.395395 5 
0 0.397815 5 
0 0.401554 5 
0 0.408311 5 
0 0.416276 5 
0 0.421889 5 
0 0.422753 5 
0 0.422753 5 
0 0.426192 5 
0 0.431641 5 
0 0.452557 5 
0 0.474593 5 
0 0.474881 5 
0 0.500432 5 
0 0.537785 5 
0 0.588388 5 
0 0.614102 5 
0 0.61566 5 
0 0.623173 5 
0 0.638781 5 
0 0.643334 5 
0 0.654579 5 
0 0.659575 5 
0 0.66101 5 
0 0.825844 5 
0 0.855484 5 
0 0.856116 5 
0 1.15501 5 
0 1.17683 5 
0 1.27228 5 
0 1.29379 5 
0 1.37467 5 
0 1.40106 5 
0 1.40239 5 
0 1.40353 5 
0 1.41829 5 
0 1.42137 5 
0 1.42153 5 
0 1.42153 5 
0 1.42932 5 
0 1.52027 5 
0 1.52135 5 
0 1.52135 5 
0 1.55655 5 
0 1.56032 5 
0 1.68151 5 
0 1.88111 5 
0 2.1982 5 
0 2.62118 5 
0 2.62123 5 
0 2.62962 5 
0 inf 5 
0 0.0427089 6 
0 0.0619003 6 
0 0.0640708 6 
0 0.070182 6 
0 0.0733596 6 
0 0.0752057 6 
0 0.0758096 6 
0 0.0827135 6 
0 0.0945418 6 
0 0.0983281 6 
0 0.0983283 6 
0 0.0987873 6 
0 0.10107 6 
0 0.101522 6 
0 0.106351 6 
0 0.106353 6 
0 0.110557 6 
0 0.111377 6 
0 0.113407 6 
0 0.113414 6 
0 0.114605 6 
0 0.115394 6 
0 0.123788 6 
0 0.125623 6 
0 0.125981 6 
0 0.132684 6 
0 0.134382 6 
0 0.136745 6 
0 0.137408 6 
0 0.147652 6 
0 0.149185 6 
0 0.156929 6 
0 0.167064 6 
0 0.17137 6 
0 0.171382 6 
0 0.182711 6 
0 0.183703 6 
0 0.183711 6 
0 0.195271 6 
0 0.200785 6 
0 0.217159 6 
0 0.238762 6 
0 0.238762 6 
0 0.24086 6 
0 0.255908 6 
0 0.257329 6 
0 0.257866 6 
0 0.258605 6 
0 0.261696 6 
0 0.268263 6 
0 0.28393 6 
0 0.306037 6 
0 0.309993 6 
0 0.311232 6 
0 0.344908 6 
0 0.346005 6 
0 0.358817 6 
0 0.359198 6 
0 0.380449 6 
0 0.384999 6 
0 0.401121 6 
0 0.405099 6 
0 0.425846 6 
0 0.425847 6 
0 0.438407 6 
0 0.448383 6 
0 0.49434 6 
0 0.501394 6 
0 0.504064 6 
0 0.5079 6 
0 0.543942 6 
0 0.544612 6 
0 0.548534 6 
0 0.552841 6 
0 0.616772 6 
0 0.656502 6 
0 0.669298 6 
0 0.669503 6 
0 0.67601 6 
0 0.704094 6 
0 0.829137 6 
0 0.830865 6 
0 0.84657 6 
0 1.01964 6 
0 1.07229 6 
0 1.09005 6 
0 1.09608 6 
0 1.09756 6 
0 1.10909 6 
0 1.17127 6 
0 1.19327 6 
0 1.19338 6 
0 1.19338 6 
0 1.20434 6 
0 1.20844 6 
0 1.30372 6 
0 1.30624 6 
0 1.31892 6 
0 1.32051 6 
0 1.32509 6 
0 1.33076 6 
0 1.36096 6 
0 1.36255 6 
0 1.59575 6 
0 1.59941 6 
0 1.59955 6 
0 1.60103 6 
0 1.60751 6 
0 1.64664 6 
0 1.66349 6 
0 1.68853 6 
0 inf 6 
0 0.0739817 7 
0 0.0751969 7 
0 0.0758096 7 
0 0.0775981 7 
0 0.0921039 7 
0 0.0925913 7 
0 0.0926033 7 
0 0.0930876 7 
0 0.0950275 7 
0 0.096456 7 
0 0.103746 7 
0 0.10375 7 
0 0.110556 7 
0 0.117365 7 
0 0.121181 7 
0 0.12156 7 
0 0.122301 7 
0 0.124899 7 
0 0.129195 7 
0 0.131645 7 
0 0.132678 7 
0 0.137079 7 
0 0.138401 7 
0 0.13873 7 
0 0.140356 7 
0 0.141976 7 
0 0.148584 7 
0 0.15547 7 
0 0.163475 7 
0 0.17765 7 
0 0.178418 7 
0 0.180452 7 
0 0.182214 7 
0 0.200788 7 
0 0.21928 7 
0 0.223775 7 
0 0.225837 7 
0 0.231193 7 
0 0.235099 7 
0 0.237452 7 
0 0.243492 7 
0 0.261906 7 
0 0.263296 7 
0 0.265016 7 
0 0.266901 7 
0 0.278612 7 
0 0.287 7 
0 0.290339 7 
0 0.29281 7 
0 0.334024 7 
0 0.369021 7 
0 0.375391 7 
0 0.375756 7 
0 0.380102 7 
0 0.403616 7 
0 0.430073 7 
0 0.457946 7 
0 0.460791 7 
0 0.465221 7 
0 0.470132 7 
0 0.485782 7 
0 0.486157 7 
0 0.524287 7 
0 0.55381 7 
0 0.565463 7 
0 0.565705 7 
0 0.597925 7 
0 0.617584 7 
0 0.61857 7 
0 0.61857 7 
0 0.618791 7 
0 0.657964 7 
0 0.736949 7 
0 0.780739 7 
0 0.804248 7 
0 0.817737 7 
0 0.839756 7 
0 0.877104 7 
0 0.913935 7 
0 0.929032 7 
0 0.975014 7 
0 1.00452 7 
0 1.06161 7 
0 1.08687 7 
0 1.08741 7 
0 1.08808 7 
0 1.11999 7 
0 1.13379 7 
0 1.14174 7 
0 1.19921 7 
0 1.20456 7 
0 1.20547 7 
0 1.22093 7 
0 1.23048 7 
0 1.23489 7 
0 1.2605 7 
0 1.28085 7 
0 1.29333 7 
0 1.29942 7 
0 1.30029 7 
0 1.30676 7 
0 1.30718 7 
0 1.3117 7 
0 1.31719 7 
0 1.31809 7 
0 1.33377 7 
0 1.33552 7 
0 inf 7 
0 0.0382003 8 
0 0.0603998 8 
0 0.068205 8 
0 0.0799012 8 
0 0.0864867 8 
0 0.0973969 8 
0 0.107204 8 
0 0.115795 8 
0 0.116969 8 
0 0.121564 8 
0 0.121935 8 
0 0.124891 8 
0 0.12635 8 
0 0.127415 8 
0 0.128485 8 
0 0.133364 8 
0 0.135733 8 
0 0.142617 8 
0 0.148573 8 
0 0.14888 8 
0 0.155188 8 
0 0.158675 8 
0 0.165142 8 
0 0.17817 8 
0 0.186658 8 
0 0.186662 8 
0 0.188368 8 
0 0.194562 8 
0 0.196657 8 
0 0.199423 8 
0 0.216733 8 
0 0.224792 8 
0 0.226615 8 
0 0.229809 8 
0 0.231424 8 
0 0.239349 8 
0 0.239941 8 
0 0.245203 8 
0 0.253973 8 
0 0.274483 8 
0 0.27683 8 
0 0.27683 8 
0 0.277295 8 
0 0.325708 8 
0 0.338369 8 
0 0.34238 8 
0 0.352227 8 
0 0.352874 8 
0 0.370331 8 
0 0.379095 8 
0 0.38766 8 
0 0.410672 8 
0 0.456123 8 
0 0.481798 8 
0 0.489239 8 
0 0.490801 8 
0 0.495903 8 
0 0.507089 8 
0 0.530773 8 
0 0.559558 8 
0 0.589833 8 
0 0.589834 8 
0 0.590992 8 
0 0.615695 8 
0 0.62335 8 
0 0.641689 8 
0 0.648757 8 
0 0.649319 8 
0 0.674797 8 
0 0.676013 8 
0 0.68386 8 
0 0.687844 8 
0 0.828201 8 
0 0.848707 8 
0 0.860092 8 
0 0.881404 8 
0 0.886304 8 
0 1.03186 8 
0 1.04681 8 
0 1.05618 8 
0 1.05967 8 
0 1.06294 8 
0 1.13323 8 
0 1.18084 8 
0 1.21104 8 
0 1.21793 8 
0 1.22759 8 
0 1.22997 8 
0 1.26729 8 
0 1.27095 8 
0 1.27138 8 
0 1.27228 8 
0 1.27228 8 
0 1.28327 8 
0 1.29322 8 
0 1.29434 8 
0 1.30358 8 
0 1.30859 8 
0 1.3182 8 
0 1.35837 8 
0 1.42305 8 
0 1.4509 8 
0 1.63184 8 
0 inf 8 
0 0.0733568 9 
0 0.0751987 9 
0 0.0810361 9 
0 0.0940574 9 
0 0.0959852 9 
0 0.10505 9 
0 0.108894 9 
0 0.12742 9 
0 0.130603 9 
0 0.132686 9 
0 0.141981 9 
0 0.143261 9 
0 0.148905 9 
0 0.151307 9 
0 0.152509 9 
0 0.17428 9 
0 0.177139 9 
0 0.181711 9 
0 0.184959 9 
0 0.191493 9 
0 0.192198 9 
0 0.1922 9 
0 0.195032 9 
0 0.209241 9 
0 0.212054 9 
0 0.214619 9 
0 0.215256 9 
0 0.217586 9 
0 0.220909 9 
0 0.226822 9 
0 0.240891 9 
0 0.243526 9 
0 0.243714 9 
0 0.246457 9 
0 0.246856 9 
0 0.249217 9 
0 0.25288 9 
0 0.269104 9 
0 0.301286 9 
0 0.303071 9 
0 0.315485 9 
0 0.361438 9 
0 0.375152 9 
0 0.38192 9 
0 0.403276 9 
0 0.407793 9 
0 0.426258 9 
0 0.430516 9 
0 0.468555 9 
0 0.472881 9 
0 0.476244 9 
0 0.479774 9 
0 0.504647 9 
0 0.511787 9 
0 0.526747 9 
0 0.532173 9 
0 0.533307 9 
0 0.534482 9 
0 0.547559 9 
0 0.596664 9 
0 0.651298 9 
0 0.651508 9 
0 0.703498 9 
0 0.707788 9 
0 0.720337 9 
0 0.728114 9 
0 0.73559 9 
0 0.773315 9 
0 0.808416 9 
0 0.828532 9 
0 0.828532 9 
0 0.876891 9 
0 0.885985 9 
0 0.901476 9 
0 0.919507 9 
0 0.987864 9 
0 1.04297 9 
0 1.05566 9 
0 1.0731 9 
0 1.07599 9 
0 1.07637 9 
0 1.08149 9 
0 1.14678 9 
0 1.1596 9 
0 1.1752 9 
0 1.17707 9 
0 1.17707 9 
0 1.19205 9 
0 1.20047 9 
0 1.27228 9 
0 1.28228 9 
0 1.28303 9 
0 1.2836 9 
0 1.29149 9 
0 1.29614 9 
0 1.29808 9 
0 1.31809 9 
0 1.31878 9 
0 1.32293 9 
0 inf 9 
0 0.0682019 10 
0 0.0832659 10 
0 0.0925909 10 
0 0.124518 10 
0 0.12598 10 
0 0.126715 10 
0 0.129555 10 
0 0.143885 10 
0 0.14391 10 
0 0.147662 10 
0 0.150102 10 
0 0.156051 10 
0 0.162638 10 
0 0.165168 10 
0 0.171643 10 
0 0.195017 10 
0 0.196655 10 
0 0.198969 10 
0 0.200789 10 
0 0.202364 10 
0 0.205951 10 
0 0.208363 10 
0 0.220908 10 
0 0.261713 10 
0 0.264487 10 
0 0.26604 10 
0 0.27147 10 
0 0.273481 10 
0 0.277941 10 
0 0.288919 10 
0 0.288987 10 
0 0.292058 10 
0 0.297442 10 
0 0.299276 10 
0 0.31664 10 
0 0.319512 10 
0 0.321215 10 
0 0.336712 10 
0 0.393665 10 
0 0.396112 10 
0 0.397835 10 
0 0.398155 10 
0 0.406837 10 
0 0.420801 10 
0 0.421343 10 
0 0.441327 10 
0 0.451602 10 
0 0.453485 10 
0 0.466221 10 
0 0.475127 10 
0 0.499976 10 
0 0.541493 10 
0 0.552724 10 
0 0.553713 10 
0 0.572808 10 
0 0.581746 10 
0 0.619694 10 
0 0.628464 10 
0 0.630117 10 
0 0.634872 10 
0 0.654352 10 
0 0.728301 10 
0 0.733295 10 
0 0.757464 10 
0 0.757945 10 
0 0.828839 10 
0 0.840407 10 
0 0.84311 10 
0 0.956923 10 
0 0.965651 10 
0 0.966029 10 
0 0.991877 10 
0 0.996465 10 
0 1.09604 10 
0 1.10015 10 
0 1.10303 10 
0 1.1053 10 
0 1.11842 10 
0 1.22335 10 
0 1.23274 10 
0 1.23374 10 
0 1.26789 10 
0 1.27134 10 
0 1.27353 10 
0 1.27475 10 
0 1.27486 10 
0 1.27572 10 
0 1.27697 10 
0 1.28075 10 
0 1.28246 10 
0 1.29857 10 
0 1.31736 10 
0 1.32288 10 
0 1.3305 10 
0 1.3305 10 
0 inf 10 
0 0.11141 11 
0 0.114606 11 
0 0.125613 11 
0 0.131643 11 
0 0.131663 11 
0 0.164583 11 
0 0.175576 11 
0 0.180438 11 
0 0.19338 11 
0 0.205077 11 
0 0.205501 11 
0 0.207486 11 
0 0.211264 11 
0 0.214623 11 
0 0.215464 11 
0 0.215751 11 
0 0.217783 11 
0 0.222788 11 
0 0.223379 11 
0 0.227425 11 
0 0.231976 11 
0 0.238602 11 
0 0.255734 11 
0 0.273666 11 
0 0.2753 11 
0 0.2799 11 
0 0.284143 11 
0 0.284624 11 
0 0.294356 11 
0 0.302319 11 
0 0.307258 11 
0 0.307258 11 
0 0.315976 11 
0 0.317793 11 
0 0.330423 11 
0 0.331285 11 
0 0.36282 11 
0 0.36545 11 
0 0.377602 11 
0 0.40677 11 
0 0.408336 11 
0 0.411109 11 
0 0.414205 11 
0 0.458801 11 
0 0.470579 11 
0 0.488689 11 
0 0.490087 11 
0 0.535733 11 
0 0.54439 11 
0 0.54439 11 
0 0.554801 11 
0 0.563609 11 
0 0.622808 11 
0 0.65329 11 
0 0.663875 11 
0 0.683303 11 
0 0.686434 11 
0 0.687031 11 
0 0.81969 11 
0 0.845823 11 
0 0.848825 11 
0 0.853338 11 
0 0.87923 11 
0 0.887279 11 
0 0.904449 11 
0 0.947679 11 
0 0.971484 11 
0 0.988059 11 
0 1.03067 11 
0 1.07093 11 
0 1.07246 11 
0 1.10377 11 
0 1.15938 11 
0 1.17796 11 
0 1.17827 11 
0 1.19392 11 
0 1.20095 11 
0 1.25819 11 
0 1.25848 11 
0 1.28453 11 
0 1.28579 11 
0 1.28708 11 
0 1.30575 11 
0 1.30596 11 
0 1.30708 11 
0 1.30844 11 
0 1.30921 11 
0 1.31266 11 
0 1.31599 11 
0 1.34963 11 
0 1.35394 11 
0 inf 11 
0 0.12159 12 
0 0.142616 12 
0 0.148246 12 
0 0.166239 12 
0 0.168444 12 
0 0.179687 12 
0 0.181455 12 
0 0.186929 12 
0 0.200097 12 
0 0.205134 12 
0 0.206906 12 
0 0.223568 12 
0 0.226411 12 
0 0.233758 12 
0 0.237648 12 
0 0.246285 12 
0 0.257319 12 
0 0.259622 12 
0 0.265183 12 
0 0.265699 12 
0 0.272973 12 
0 0.274653 12 
0 0.27646 12 
0 0.28138 12 
0 0.284909 12 
0 0.286157 12 
0 0.289329 12 
0 0.300833 12 
0 0.301287 12 
0 0.317343 12 
0 0.318347 12 
0 0.324883 12 
0 0.33774 12 
0 0.369057 12 
0 0.376025 12 
0 0.38348 12 
0 0.393776 12 
0 0.401936 12 
0 0.443873 12 
0 0.459118 12 
0 0.468558 12 
0 0.504788 12 
0 0.508031 12 
0 0.5865 12 
0 0.593842 12 
0 0.595096 12 
0 0.62791 12 
0 0.628128 12 
0 0.638958 12 
0 0.667725 12 
0 0.66793 12 
0 0.681773 12 
0 0.69836 12 
0 0.725532 12 
0 0.799238 12 
0 0.823673 12 
0 0.826326 12 
0 0.826713 12 
0 0.829428 12 
0 0.857598 12 
0 0.977243 12 
0 0.990593 12 
0 1.01915 12 
0 1.03421 12 
0 1.03443 12 
0 1.05014 12 
0 1.0554 12 
0 1.05709 12 
0 1.12924 12 
0 1.13901 12 
0 1.13901 12 
0 1.18767 12 
0 1.18787 12 
0 1.21567 12 
0 1.21926 12 
0 1.21938 12 
0 1.28796 12 
0 1.2892 12 
0 1.29191 12 
0 1.29192 12 
0 1.29223 12 
0 1.29446 12 
0 1.29544 12 
0 1.30102 12 
0 1.31097 12 
0 1.31288 12 
0 1.41071 12 
0 inf 12 
0 0.0764378 13 
0 0.196886 13 
0 0.217362 13 
0 0.228837 13 
0 0.249403 13 
0 0.252923 13 
0 0.253216 13 
0 0.265738 13 
0 0.268601 13 
0 0.269955 13 
0 0.275801 13 
0 0.277585 13 
0 0.280293 13 
0 0.281696 13 
0 0.285076 13 
0 0.289961 13 
0 0.291971 13 
0 0.315778 13 
0 0.316931 13 
0 0.317477 13 
0 0.333941 13 
0 0.343158 13 
0 0.34554 13 
0 0.345801 13 
0 0.374546 13 
0 0.379141 13 
0 0.38166 13 
0 0.391104 13 
0 0.395861 13 
0 0.404403 13 
0 0.419896 13 
0 0.4336 13 
0 0.461792 13 
0 0.464254 13 
0 0.51014 13 
0 0.5149 13 
0 0.515831 13 
0 0.526288 13 
0 0.532658 13 
0 0.534453 13 
0 0.536751 13 
0 0.541689 13 
0 0.547242 13 
0 0.557154 13 
0 0.632497 13 
0 0.63824 13 
0 0.674792 13 
0 0.675805 13 
0 0.679642 13 
0 0.68322 13 
0 0.68402 13 
0 0.685885 13 
0 0.724598 13 
0 0.759314 13 
0 0.794983 13 
0 0.795442 13 
0 0.813582 13 
0 0.999164 13 
0 1.00117 13 
0 1.00135 13 
0 1.06238 13 
0 1.06251 13 
0 1.10498 13 
0 1.11962 13 
0 1.1601 13 
0 1.17025 13 
0 1.17661 13 
0 1.17708 13 
0 1.18086 13 
0 1.18117 13 
0 1.19911 13 
0 1.19956 13 
0 1.2023 13 
0 1.27117 13 
0 1.27117 13 
0 1.2721 13 
0 1.2721 13 
0 1.28768 13 
0 1.29238 13 
0 1.29238 13 
0 1.30094 13 
0 1.30094 13 
0 1.30318 13 
0 inf 13 
0 0.0782008 14 
0 0.0848903 14 
0 0.0950217 14 
0 0.0987863 14 
0 0.104223 14 
0 0.123413 14 
0 0.141006 14 
0 0.143251 14 
0 0.179688 14 
0 0.180959 14 
0 0.185191 14 
0 0.208802 14 
0 0.213203 14 
0 0.220898 14 
0 0.250317 14 
0 0.260143 14 
0 0.279095 14 
0 0.297447 14 
0 0.297907 14 
0 0.304686 14 
0 0.318733 14 
0 0.336041 14 
0 0.336041 14 
0 0.33724 14 
0 0.344085 14 
0 0.364268 14 
0 0.368269 14 
0 0.3754 14 
0 0.382861 14 
0 0.389371 14 
0 0.391343 14 
0 0.401008 14 
0 0.408668 14 
0 0.415639 14 
0 0.415651 14 
0 0.416954 14 
0 0.417391 14 
0 0.421202 14 
0 0.424864 14 
0 0.435451 14 
0 0.437764 14 
0 0.442851 14 
0 0.450204 14 
0 0.458721 14 
0 0.467872 14 
0 0.488454 14 
0 0.513091 14 
0 0.524472 14 
0 0.595672 14 
0 0.610896 14 
0 0.618141 14 
0 0.628385 14 
0 0.637739 14 
0 0.662433 14 
0 0.730547 14 
0 0.73335 14 
0 0.735027 14 
0 0.794062 14 
0 0.981171 14 
0 0.988948 14 
0 0.988948 14 
0 1.08787 14 
0 1.13533 14 
0 1.16589 14 
0 1.17326 14 
0 1.17668 14 
0 1.1946 14 
0 1.19468 14 
0 1.19479 14 
0 1.1956 14 
0 1.2759 14 
0 1.27847 14 
0 1.29312 14 
0 1.2952 14 
0 1.29661 14 
0 1.29802 14 
0 1.31695 14 
0 1.33074 14 
0 1.33484 14 
0 inf 14 
0 0.0764004 15 
0 0.101975 15 
0 0.111371 15 
0 0.118901 15 
0 0.128846 15 
0 0.129196 15 
0 0.139403 15 
0 0.164867 15 
0 0.164885 15 
0 0.170312 15 
0 0.17057 15 
0 0.180959 15 
0 0.194319 15 
0 0.198125 15 
0 0.208225 15 
0 0.212134 15 
0 0.218487 15 
0 0.222542 15 
0 0.256439 15 
0 0.268756 15 
0 0.269755 15 
0 0.269784 15 
0 0.273282 15 
0 0.273282 15 
0 0.282987 15 
0 0.285074 15 
0 0.290158 15 
0 0.303216 15 
0 0.307698 15 
0 0.331945 15 
0 0.33276 15 
0 0.34049 15 
0 0.352467 15 
0 0.353188 15 
0 0.364053 15 
0 0.394818 15 
0 0.429247 15 
0 0.437034 15 
0 0.437885 15 
0 0.448668 15 
0 0.45308 15 
0 0.457135 15 
0 0.460766 15 
0 0.488575 15 
0 0.489156 15 
0 0.634512 15 
0 0.656508 15 
0 0.740392 15 
0 0.743527 15 
0 0.743527 15 
0 0.953638 15 
0 0.957647 15 
0 0.958836 15 
0 1.00449 15 
0 1.05515 15 
0 1.0726 15 
0 1.0814 15 
0 1.08852 15 
0 1.10073 15 
0 1.10284 15 
0 1.10618 15 
0 1.11873 15 
0 1.11873 15 
0 1.18625 15 
0 1.27189 15 
0 1.27286 15 
0 1.2735 15 
0 1.27486 15 
0 1.29209 15 
0 1.31432 15 
0 1.3186 15 
0 1.3214 15 
0 1.32578 15 
0 1.32967 15 
0 1.33046 15 
0 inf 15 
0 0.117358 16 
0 0.142644 16 
0 0.159517 16 
0 0.171896 16 
0 0.191021 16 
0 0.201697 16 
0 0.215543 16 
0 0.220074 16 
0 0.224583 16 
0 0.231181 16 
0 0.231855 16 
0 0.234121 16 
0 0.240546 16 
0 0.241493 16 
0 0.242731 16 
0 0.246096 16 
0 0.247535 16 
0 0.248822 16 
0 0.249005 16 
0 0.249554 16 
0 0.253754 16 
0 0.254298 16 
0 0.256266 16 
0 0.26242 16 
0 0.291241 16 
0 0.293906 16 
0 0.31038 16 
0 0.31038 16 
0 0.31082 16 
0 0.321701 16 
0 0.324439 16 
0 0.325701 16 
0 0.332767 16 
0 0.342039 16 
0 0.362747 16 
0 0.429986 16 
0 0.437761 16 
0 0.480775 16 
0 0.551452 16 
0 0.659674 16 
0 0.664838 16 
0 0.666277 16 
0 0.669914 16 
0 0.67302 16 
0 0.702534 16 
0 0.806994 16 
0 0.827254 16 
0 0.839566 16 
0 0.878695 16 
0 0.987325 16 
0 1.02917 16 
0 1.03094 16 
0 1.06113 16 
0 1.18979 16 
0 1.21553 16 
0 1.28252 16 
0 1.28654 16 
0 1.29294 16 
0 1.31275 16 
0 1.31497 16 
0 1.3393 16 
0 1.34216 16 
0 1.34705 16 
0 1.37848 16 
0 1.3798 16 
0 1.38564 16 
0 1.38577 16 
0 1.39404 16 
0 1.40652 16 
0 1.40691 16 
0 1.42203 16 
0 inf 16 
0 0.189894 17 
0 0.211847 17 
0 0.212524 17 
0 0.213168 17 
0 0.2218 17 
0 0.226681 17 
0 0.226817 17 
0 0.226817 17 
0 0.230438 17 
0 0.231426 17 
0 0.236143 17 
0 0.240129 17 
0 0.243151 17 
0 0.250862 17 
0 0.255723 17 
0 0.257148 17 
0 0.257471 17 
0 0.270666 17 
0 0.270666 17 
0 0.275443 17 
0 0.275444 17 
0 0.277424 17 
0 0.302308 17 
0 0.308972 17 
0 0.308972 17 
0 0.30971 17 
0 0.335442 17 
0 0.383334 17 
0 0.39459 17 
0 0.417938 17 
0 0.426579 17 
0 0.486719 17 
0 0.508548 17 
0 0.518925 17 
0 0.633506 17 
0 0.666756 17 
0 0.666824 17 
0 0.667849 17 
0 0.743526 17 
0 0.795161 17 
0 0.822 17 
0 0.822887 17 
0 0.823773 17 
0 0.87313 17 
0 0.998351 17 
0 1.00063 17 
0 1.00268 17 
0 1.07246 17 
0 1.10415 17 
0 1.13448 17 
0 1.13448 17 
0 1.14265 17 
0 1.19128 17 
0 1.19357 17 
0 1.21286 17 
0 1.21493 17 
0 1.27704 17 
0 1.27797 17 
0 1.30739 17 
0 1.31053 17 
0 1.31084 17 
0 1.36409 17 
0 1.36989 17 
0 1.37039 17 
0 1.37149 17 
0 1.37309 17 
0 1.38628 17 
0 inf 17 
0 0.0896243 18 
0 0.115831 18 
0 0.118554 18 
0 0.120463 18 
0 0.142292 18 
0 0.142635 18 
0 0.157214 18 
0 0.169251 18 
0 0.176358 18 
0 0.177645 18 
0 0.188691 18 
0 0.189571 18 
0 0.196653 18 
0 0.201544 18 
0 0.20602 18 
0 0.218276 18 
0 0.262239 18 
0 0.279905 18 
0 0.285069 18 
0 0.291402 18 
0 0.296311 18 
0 0.296312 18 
0 0.319183 18 
0 0.326761 18 
0 0.327875 18 
0 0.333028 18 
0 0.430496 18 
0 0.431974 18 
0 0.449362 18 
0 0.45068 18 
0 0.676331 18 
0 0.67956 18 
0 0.681169 18 
0 0.69259 18 
0 0.798872 18 
0 0.81617 18 
0 0.835607 18 
0 0.839963 18 
0 0.851006 18 
0 0.883039 18 
0 0.883039 18 
0 1.01592 18 
0 1.02036 18 
0 1.02076 18 
0 1.07263 18 
0 1.08131 18 
0 1.09097 18 
0 1.09285 18 
0 1.17509 18 
0 1.18363 18 
0 1.18363 18 
0 1.18375 18 
0 1.21798 18 
0 1.22038 18 
0 1.22101 18 
0 1.27368 18 
0 1.28445 18 
0 1.28859 18 
0 1.30134 18 
0 1.3019 18 
0 1.31376 18 
0 1.31584 18 
0 1.31626 18 
0 inf 18 
0 0.0926372 19 
0 0.0950667 19 
0 0.108512 19 
0 0.120446 19 
0 0.12045 19 
0 0.123807 19 
0 0.179434 19 
0 0.185433 19 
0 0.187633 19 
0 0.189088 19 
0 0.20594 19 
0 0.213549 19 
0 0.21861 19 
0 0.21861 19 
0 0.233736 19 
0 0.25572 19 
0 0.261364 19 
0 0.262756 19 
0 0.296211 19 
0 0.298052 19 
0 0.307691 19 
0 0.317363 19 
0 0.32629 19 
0 0.336494 19 
0 0.338772 19 
0 0.410822 19 
0 0.411709 19 
0 0.537769 19 
0 0.539463 19 
0 0.540139 19 
0 0.658797 19 
0 0.671144 19 
0 0.727416 19 
0 0.729281 19 
0 0.745291 19 
0 0.764452 19 
0 0.774813 19 
0 0.774989 19 
0 0.832803 19 
0 0.837609 19 
0 0.839349 19 
0 0.864956 19 
0 0.869375 19 
0 0.958012 19 
0 1.03895 19 
0 1.06482 19 
0 1.19242 19 
0 1.19254 19 
0 1.19701 19 
0 1.23615 19 
0 1.23648 19 
0 1.27257 19 
0 1.27532 19 
0 1.27532 19 
0 1.27608 19 
0 1.29678 19 
0 1.32489 19 
0 1.32737 19 
0 1.34519 19 
0 inf 19 
0 0.123071 20 
0 0.130629 20 
0 0.130978 20 
0 0.143922 20 
0 0.155486 20 
0 0.163496 20 
0 0.193139 20 
0 0.214613 20 
0 0.216306 20 
0 0.218616 20 
0 0.233155 20 
0 0.234715 20 
0 0.238755 20 
0 0.270456 20 
0 0.294825 20 
0 0.302911 20 
0 0.315738 20 
0 0.317364 20 
0 0.333069 20 
0 0.335482 20 
0 0.335482 20 
0 0.34385 20 
0 0.351029 20 
0 0.352455 20 
0 0.370257 20 
0 0.372834 20 
0 0.372837 20 
0 0.397811 20 
0 0.398384 20 
0 0.499611 20 
0 0.500887 20 
0 0.501524 20 
0 0.50262 20 
0 0.502652 20 
0 0.502892 20 
0 0.601985 20 
0 0.654561 20 
0 0.65769 20 
0 0.828399 20 
0 0.829059 20 
0 0.871674 20 
0 0.948497 20 
0 0.950802 20 
0 0.982642 20 
0 1.12022 20 
0 1.12671 20 
0 1.17648 20 
0 1.2283 20 
0 1.23097 20 
0 1.27217 20 
0 1.27217 20 
0 1.27378 20 
0 1.2991 20 
0 1.30025 20 
0 3.95865 20 
0 inf 20 
