0 0.0219258 1 
0 0.0219258 1 
0 0.0231562 1 
0 0.0271937 1 
0 0.0278626 1 
0 0.028523 1 
0 0.0291625 1 
0 0.0294793 1 
0 0.0297895 1 
0 0.0304056 1 
0 0.0304056 1 
0 0.0310077 1 
0 0.0315944 1 
0 0.0321765 1 
0 0.0333056 1 
0 0.0338506 1 
0 0.0338506 1 
0 0.0357113 1 
0 0.0362298 1 
0 0.0364867 1 
0 0.0364867 1 
0 0.0367392 1 
0 0.0372391 1 
0 0.0374796 1 
0 0.0384604 1 
0 0.0386933 1 
0 0.0398766 1 
0 0.0419112 1 
0 0.0425678 1 
0 0.042997 1 
0 0.0429973 1 
0 0.0442684 1 
0 0.0465085 1 
0 0.0469001 1 
0 0.0476893 1 
0 0.04959 1 
0 0.0497721 1 
0 0.0497724 1 
0 0.0499578 1 
0 0.0501423 1 
0 0.0510564 1 
0 0.0510569 1 
0 0.0519536 1 
0 0.0521314 1 
0 0.0521347 1 
0 0.0523089 1 
0 0.0523089 1 
0 0.052664 1 
0 0.0538685 1 
0 0.0547199 1 
0 0.0552244 1 
0 0.0563848 1 
0 0.056711 1 
0 0.0580079 1 
0 0.0587965 1 
0 0.0594235 1 
0 0.0597354 1 
0 0.0608033 1 
0 0.0612626 1 
0 0.0615645 1 
0 0.0617135 1 
0 0.0623069 1 
0 0.0631865 1 
0 0.0634833 1 
0 0.0640618 1 
0 0.0644973 1 
0 0.0646416 1 
0 0.0650581 1 
0 0.065483 1 
0 0.0657732 1 
0 0.0663354 1 
0 0.0685243 1 
0 0.0697279 1 
0 0.0702587 1 
0 0.0803261 1 
0 0.0813551 1 
0 0.0844767 1 
0 0.0904969 1 
0 0.0908035 1 
0 0.0912115 1 
0 0.0914162 1 
0 0.0917172 1 
0 0.092519 1 
0 0.0968162 1 
0 0.0987072 1 
0 0.0990811 1 
0 0.100099 1 
0 0.116964 1 
0 0.118221 1 
0 0.118695 1 
0 0.129422 1 
0 0.134747 1 
0 0.135558 1 
0 0.142731 1 
0 0.148578 1 
0 0.167305 1 
0 0.172846 1 
0 0.198679 1 
0 0.210729 1 
0 0.26066 1 
0 0.277792 1 
0 0.285176 1 
0 0.325048 1 
0 0.413176 1 
0 0.44934 1 
0 0.494046 1 
0 0.500593 1 
0 0.563909 1 
0 0.580325 1 
0 0.595343 1 
0 0.647219 1 
0 0.663053 1 
0 0.695898 1 
0 0.695917 1 
0 0.696159 1 
0 0.754047 1 
0 0.941285 1 
0 0.950036 1 
0 1.07896 1 
0 1.09034 1 
0 1.19843 1 
0 1.3553 1 
0 1.38627 1 
0 2.15912 1 
0 2.33502 1 
0 2.68041 1 
0 2.81157 1 
0 4.17035 1 
0 4.42898 1 
0 4.50304 1 
0 4.55613 1 
0 inf 1 
0 0.0219239 2 
0 0.0231544 2 
0 0.0231544 2 
0 0.0250714 2 
0 0.026507 2 
0 0.0275319 2 
0 0.0294793 2 
0 0.0304056 2 
0 0.0304056 2 
0 0.0312973 2 
0 0.0318876 2 
0 0.0330289 2 
0 0.0338582 2 
0 0.0338582 2 
0 0.0369807 2 
0 0.036983 2 
0 0.03699 2 
0 0.0377301 2 
0 0.0394094 2 
0 0.0410173 2 
0 0.041909 2 
0 0.043 2 
0 0.0467072 2 
0 0.0469001 2 
0 0.0469018 2 
0 0.0476863 2 
0 0.0480726 2 
0 0.0480755 2 
0 0.0484514 2 
0 0.0486462 2 
0 0.0492128 2 
0 0.0495874 2 
0 0.0506891 2 
0 0.0514205 2 
0 0.0521275 2 
0 0.0533616 2 
0 0.0545546 2 
0 0.0545593 2 
0 0.0565559 2 
0 0.0578464 2 
0 0.0581693 2 
0 0.0597274 2 
0 0.0598873 2 
0 0.0598873 2 
0 0.0601937 2 
0 0.0615641 2 
0 0.06186 2 
0 0.0621644 2 
0 0.0627538 2 
0 0.0634851 2 
0 0.0640639 2 
0 0.066333 2 
0 0.0668863 2 
0 0.0668887 2 
0 0.0668887 2 
0 0.0671667 2 
0 0.0685244 2 
0 0.072072 2 
0 0.0732225 2 
0 0.0770357 2 
0 0.0814663 2 
0 0.082148 2 
0 0.0854551 2 
0 0.0871694 2 
0 0.091917 2 
0 0.092018 2 
0 0.0921192 2 
0 0.0931168 2 
0 0.0947895 2 
0 0.0957601 2 
0 0.101109 2 
0 0.106801 2 
0 0.11261 2 
0 0.114651 2 
0 0.114973 2 
0 0.118535 2 
0 0.123272 2 
0 0.124392 2 
0 0.128634 2 
0 0.136913 2 
0 0.149136 2 
0 0.153296 2 
0 0.154434 2 
0 0.16254 2 
0 0.175773 2 
0 0.195673 2 
0 0.197226 2 
0 0.226134 2 
0 0.262147 2 
0 0.266965 2 
0 0.299284 2 
0 0.302205 2 
0 0.348597 2 
0 0.376245 2 
0 0.396314 2 
0 0.462583 2 
0 0.486664 2 
0 0.520328 2 
0 0.564992 2 
0 0.57768 2 
0 0.579459 2 
0 0.58199 2 
0 0.589032 2 
0 0.661592 2 
0 0.739251 2 
0 0.784336 2 
0 0.814617 2 
0 0.823185 2 
0 0.82971 2 
0 0.842361 2 
0 0.863153 2 
0 0.878442 2 
0 0.883502 2 
0 1.10708 2 
0 1.10854 2 
0 1.8557 2 
0 1.86891 2 
0 1.93891 2 
0 2.04694 2 
0 3.12753 2 
0 3.25358 2 
0 3.46066 2 
0 3.50881 2 
0 3.66659 2 
0 3.66688 2 
0 3.6746 2 
0 3.717 2 
0 inf 2 
0 0.0219258 3 
0 0.0223435 3 
0 0.0231544 3 
0 0.0239414 3 
0 0.0250662 3 
0 0.0250731 3 
0 0.0250731 3 
0 0.0275319 3 
0 0.0275319 3 
0 0.0275334 3 
0 0.0278672 3 
0 0.0307065 3 
0 0.0315968 3 
0 0.0349319 3 
0 0.0351949 3 
0 0.0372377 3 
0 0.0391749 3 
0 0.0398679 3 
0 0.0471017 3 
0 0.0484561 3 
0 0.048649 3 
0 0.0508747 3 
0 0.051417 3 
0 0.0514185 3 
0 0.0533584 3 
0 0.054218 3 
0 0.0547265 3 
0 0.0547269 3 
0 0.056059 3 
0 0.0568805 3 
0 0.057366 3 
0 0.0583245 3 
0 0.0584801 3 
0 0.0584828 3 
0 0.0584863 3 
0 0.0586406 3 
0 0.0587983 3 
0 0.0597312 3 
0 0.0601937 3 
0 0.0614125 3 
0 0.0617166 3 
0 0.0664717 3 
0 0.0679845 3 
0 0.0692012 3 
0 0.0707798 3 
0 0.0752185 3 
0 0.0781134 3 
0 0.0830435 3 
0 0.0937109 3 
0 0.0959534 3 
0 0.0966242 3 
0 0.0973835 3 
0 0.0973859 3 
0 0.0975771 3 
0 0.0997303 3 
0 0.101203 3 
0 0.10193 3 
0 0.101931 3 
0 0.103729 3 
0 0.104084 3 
0 0.104085 3 
0 0.106107 3 
0 0.110462 3 
0 0.115129 3 
0 0.124544 3 
0 0.125354 3 
0 0.136987 3 
0 0.138127 3 
0 0.138664 3 
0 0.138664 3 
0 0.140451 3 
0 0.140781 3 
0 0.149382 3 
0 0.17827 3 
0 0.184089 3 
0 0.215205 3 
0 0.248609 3 
0 0.253898 3 
0 0.29771 3 
0 0.302998 3 
0 0.337659 3 
0 0.365621 3 
0 0.367798 3 
0 0.419166 3 
0 0.460752 3 
0 0.463242 3 
0 0.467669 3 
0 0.482396 3 
0 0.482842 3 
0 0.496042 3 
0 0.547061 3 
0 0.615238 3 
0 0.665107 3 
0 0.672619 3 
0 0.683114 3 
0 0.684892 3 
0 0.692563 3 
0 0.716461 3 
0 0.739519 3 
0 0.751316 3 
0 0.769558 3 
0 0.792622 3 
0 0.795079 3 
0 0.806852 3 
0 0.809069 3 
0 0.8673 3 
0 1.03971 3 
0 1.04506 3 
0 1.10292 3 
0 1.39463 3 
0 1.39732 3 
0 1.39743 3 
0 1.39814 3 
0 1.65603 3 
0 1.80504 3 
0 2.78824 3 
0 2.95281 3 
0 3.24455 3 
0 3.25687 3 
0 3.25759 3 
0 3.49936 3 
0 3.53003 3 
0 3.53422 3 
0 inf 3 
0 0.018741 4 
0 0.02062 4 
0 0.0219238 4 
0 0.0300978 4 
0 0.0313045 4 
0 0.0344 4 
0 0.0346677 4 
0 0.0346677 4 
0 0.0354582 4 
0 0.0396411 4 
0 0.0407846 4 
0 0.0407892 4 
0 0.042342 4 
0 0.0432124 4 
0 0.043422 4 
0 0.0436381 4 
0 0.0438516 4 
0 0.0442686 4 
0 0.0457067 4 
0 0.0457074 4 
0 0.0463121 4 
0 0.047495 4 
0 0.0533606 4 
0 0.0547244 4 
0 0.0560651 4 
0 0.056554 4 
0 0.0583192 4 
0 0.0600421 4 
0 0.0600425 4 
0 0.0609563 4 
0 0.060959 4 
0 0.0623094 4 
0 0.0654825 4 
0 0.0657748 4 
0 0.0697307 4 
0 0.0722055 4 
0 0.0741027 4 
0 0.0742258 4 
0 0.0759486 4 
0 0.0798644 4 
0 0.0803232 4 
0 0.0810113 4 
0 0.0827075 4 
0 0.0828192 4 
0 0.0833734 4 
0 0.0848046 4 
0 0.0879087 4 
0 0.0929165 4 
0 0.0983273 4 
0 0.0992697 4 
0 0.100558 4 
0 0.101207 4 
0 0.102652 4 
0 0.103733 4 
0 0.104353 4 
0 0.107232 4 
0 0.115296 4 
0 0.119777 4 
0 0.120319 4 
0 0.1207 4 
0 0.136577 4 
0 0.140315 4 
0 0.15371 4 
0 0.19277 4 
0 0.254489 4 
0 0.282701 4 
0 0.296805 4 
0 0.305066 4 
0 0.339754 4 
0 0.356698 4 
0 0.398713 4 
0 0.406741 4 
0 0.421367 4 
0 0.42539 4 
0 0.426288 4 
0 0.433459 4 
0 0.497403 4 
0 0.518807 4 
0 0.53743 4 
0 0.550483 4 
0 0.554873 4 
0 0.595393 4 
0 0.617985 4 
0 0.650265 4 
0 0.652279 4 
0 0.653712 4 
0 0.65736 4 
0 0.666955 4 
0 0.672875 4 
0 0.683747 4 
0 0.685476 4 
0 0.706092 4 
0 0.731302 4 
0 0.738848 4 
0 0.747481 4 
0 0.765046 4 
0 0.772441 4 
0 0.920775 4 
0 0.96813 4 
0 0.976153 4 
0 0.977396 4 
0 1.10463 4 
0 1.2704 4 
0 1.56066 4 
0 1.59281 4 
0 1.60089 4 
0 1.60198 4 
0 1.6021 4 
0 1.67728 4 
0 1.67957 4 
0 1.68061 4 
0 1.80204 4 
0 1.83501 4 
0 1.91125 4 
0 1.93107 4 
0 2.89183 4 
0 2.97595 4 
0 2.97822 4 
0 2.97934 4 
0 inf 4 
0 0.0215 5 
0 0.0231555 5 
0 0.0231562 5 
0 0.0250731 5 
0 0.0257995 5 
0 0.0321755 5 
0 0.0359764 5 
0 0.0382114 5 
0 0.0389364 5 
0 0.0416901 5 
0 0.0423489 5 
0 0.0442682 5 
0 0.0490248 5 
0 0.0490249 5 
0 0.0490249 5 
0 0.0497735 5 
0 0.050696 5 
0 0.0514197 5 
0 0.0524816 5 
0 0.052839 5 
0 0.0533585 5 
0 0.0533588 5 
0 0.0537022 5 
0 0.0558908 5 
0 0.055897 5 
0 0.0562206 5 
0 0.0598846 5 
0 0.060346 5 
0 0.0621555 5 
0 0.0695933 5 
0 0.0699909 5 
0 0.0722075 5 
0 0.0728427 5 
0 0.074477 5 
0 0.0748484 5 
0 0.0757068 5 
0 0.0775142 5 
0 0.0777543 5 
0 0.0805601 5 
0 0.0839311 5 
0 0.0890547 5 
0 0.0925188 5 
0 0.0936103 5 
0 0.0936114 5 
0 0.094886 5 
0 0.0959552 5 
0 0.104529 5 
0 0.105934 5 
0 0.106973 5 
0 0.108094 5 
0 0.108436 5 
0 0.10937 5 
0 0.124539 5 
0 0.125136 5 
0 0.136174 5 
0 0.144026 5 
0 0.248087 5 
0 0.291558 5 
0 0.348906 5 
0 0.355868 5 
0 0.371581 5 
0 0.375585 5 
0 0.381683 5 
0 0.39174 5 
0 0.448843 5 
0 0.451083 5 
0 0.506127 5 
0 0.515592 5 
0 0.515968 5 
0 0.541559 5 
0 0.561276 5 
0 0.563803 5 
0 0.571506 5 
0 0.576887 5 
0 0.578809 5 
0 0.604749 5 
0 0.612526 5 
0 0.634347 5 
0 0.636049 5 
0 0.63663 5 
0 0.640873 5 
0 0.64663 5 
0 0.66875 5 
0 0.677348 5 
0 0.67916 5 
0 0.692742 5 
0 0.742141 5 
0 0.744132 5 
0 0.746117 5 
0 0.883031 5 
0 0.907825 5 
0 0.915145 5 
0 0.927536 5 
0 0.927666 5 
0 0.933012 5 
0 0.979357 5 
0 1.04468 5 
0 1.06076 5 
0 1.12303 5 
0 1.13662 5 
0 1.27436 5 
0 1.28513 5 
0 1.79954 5 
0 1.79961 5 
0 1.80035 5 
0 1.8012 5 
0 1.82009 5 
0 1.82322 5 
0 1.87523 5 
0 1.88875 5 
0 1.88932 5 
0 1.89542 5 
0 1.9743 5 
0 1.97465 5 
0 1.97702 5 
0 inf 5 
0 0.0187433 6 
0 0.0231562 6 
0 0.0250731 6 
0 0.0271956 6 
0 0.0275319 6 
0 0.0318896 6 
0 0.0338512 6 
0 0.0367367 6 
0 0.0374852 6 
0 0.0379701 6 
0 0.0379742 6 
0 0.0427764 6 
0 0.044263 6 
0 0.0450965 6 
0 0.0457096 6 
0 0.0467097 6 
0 0.0519534 6 
0 0.052133 6 
0 0.0528362 6 
0 0.0542183 6 
0 0.0568798 6 
0 0.0573671 6 
0 0.0598897 6 
0 0.0624605 6 
0 0.0657735 6 
0 0.0682543 6 
0 0.0686578 6 
0 0.0697318 6 
0 0.0735999 6 
0 0.0755831 6 
0 0.0776289 6 
0 0.0776366 6 
0 0.0777471 6 
0 0.0790527 6 
0 0.0808997 6 
0 0.0810156 6 
0 0.0967192 6 
0 0.0983275 6 
0 0.0994515 6 
0 0.100836 6 
0 0.102203 6 
0 0.105406 6 
0 0.110041 6 
0 0.120544 6 
0 0.12491 6 
0 0.12921 6 
0 0.140186 6 
0 0.161685 6 
0 0.244523 6 
0 0.272422 6 
0 0.280606 6 
0 0.357191 6 
0 0.368343 6 
0 0.387507 6 
0 0.398017 6 
0 0.40167 6 
0 0.408607 6 
0 0.408856 6 
0 0.46836 6 
0 0.470958 6 
0 0.471507 6 
0 0.523201 6 
0 0.524859 6 
0 0.530308 6 
0 0.530865 6 
0 0.533754 6 
0 0.548928 6 
0 0.573061 6 
0 0.596571 6 
0 0.629736 6 
0 0.638121 6 
0 0.639688 6 
0 0.641012 6 
0 0.671969 6 
0 0.677532 6 
0 0.678351 6 
0 0.680296 6 
0 0.703335 6 
0 0.72826 6 
0 0.728831 6 
0 0.729807 6 
0 0.819475 6 
0 0.819567 6 
0 0.829967 6 
0 0.842732 6 
0 0.869684 6 
0 0.870459 6 
0 0.874316 6 
0 0.875119 6 
0 0.937753 6 
0 1.01893 6 
0 1.01984 6 
0 1.03779 6 
0 1.09494 6 
0 1.096 6 
0 1.09777 6 
0 1.10043 6 
0 1.11854 6 
0 1.14869 6 
0 1.31467 6 
0 1.32382 6 
0 1.44624 6 
0 1.46263 6 
0 1.50183 6 
0 1.50446 6 
0 1.57869 6 
0 1.83184 6 
0 2.29816 6 
0 2.29864 6 
0 2.29872 6 
0 2.30655 6 
0 inf 6 
0 0.0231555 7 
0 0.0250726 7 
0 0.0335759 7 
0 0.0364856 7 
0 0.0389352 7 
0 0.0432145 7 
0 0.0442709 7 
0 0.0461121 7 
0 0.0490275 7 
0 0.049582 7 
0 0.0505136 7 
0 0.0515969 7 
0 0.0517703 7 
0 0.0600427 7 
0 0.0611113 7 
0 0.0623098 7 
0 0.0628937 7 
0 0.0661979 7 
0 0.0683898 7 
0 0.0760708 7 
0 0.0791677 7 
0 0.0808997 7 
0 0.0810136 7 
0 0.0853476 7 
0 0.0855655 7 
0 0.0858924 7 
0 0.0913161 7 
0 0.0924225 7 
0 0.0950825 7 
0 0.0954655 7 
0 0.0962384 7 
0 0.0984266 7 
0 0.100288 7 
0 0.107922 7 
0 0.114004 7 
0 0.117749 7 
0 0.120083 7 
0 0.12039 7 
0 0.14732 7 
0 0.147636 7 
0 0.190212 7 
0 0.209761 7 
0 0.241748 7 
0 0.284637 7 
0 0.327431 7 
0 0.333698 7 
0 0.341582 7 
0 0.348732 7 
0 0.34905 7 
0 0.355349 7 
0 0.356775 7 
0 0.385321 7 
0 0.444802 7 
0 0.459558 7 
0 0.45998 7 
0 0.464299 7 
0 0.485579 7 
0 0.48624 7 
0 0.487194 7 
0 0.489271 7 
0 0.491985 7 
0 0.494818 7 
0 0.534481 7 
0 0.566344 7 
0 0.582613 7 
0 0.60922 7 
0 0.618572 7 
0 0.618975 7 
0 0.637837 7 
0 0.639252 7 
0 0.660354 7 
0 0.663483 7 
0 0.66397 7 
0 0.667847 7 
0 0.709965 7 
0 0.728606 7 
0 0.733562 7 
0 0.733763 7 
0 0.736285 7 
0 0.73791 7 
0 0.743153 7 
0 0.744397 7 
0 0.861267 7 
0 0.867566 7 
0 0.869003 7 
0 0.870024 7 
0 0.876932 7 
0 0.877448 7 
0 0.891351 7 
0 0.902944 7 
0 0.979131 7 
0 0.993889 7 
0 1.12631 7 
0 1.17886 7 
0 1.21183 7 
0 1.27757 7 
0 1.31163 7 
0 1.31543 7 
0 1.34573 7 
0 1.41632 7 
0 1.51 7 
0 1.82293 7 
0 1.82945 7 
0 1.83058 7 
0 1.83436 7 
0 1.84691 7 
0 1.86245 7 
0 inf 7 
0 0.0291636 8 
0 0.0297881 8 
0 0.0382188 8 
0 0.0410131 8 
0 0.0436357 8 
0 0.0438492 8 
0 0.0453012 8 
0 0.047685 8 
0 0.0615627 8 
0 0.0615647 8 
0 0.063773 8 
0 0.065064 8 
0 0.0656349 8 
0 0.066196 8 
0 0.0681222 8 
0 0.0683921 8 
0 0.0776365 8 
0 0.0795129 8 
0 0.0823693 8 
0 0.0840339 8 
0 0.0903953 8 
0 0.0942968 8 
0 0.10166 8 
0 0.102655 8 
0 0.11063 8 
0 0.132944 8 
0 0.134943 8 
0 0.138068 8 
0 0.144343 8 
0 0.147137 8 
0 0.164181 8 
0 0.188355 8 
0 0.191278 8 
0 0.201955 8 
0 0.244705 8 
0 0.247409 8 
0 0.247524 8 
0 0.251671 8 
0 0.25398 8 
0 0.270365 8 
0 0.272173 8 
0 0.280049 8 
0 0.282154 8 
0 0.294835 8 
0 0.296461 8 
0 0.35488 8 
0 0.367739 8 
0 0.381196 8 
0 0.383033 8 
0 0.383419 8 
0 0.459501 8 
0 0.464648 8 
0 0.464648 8 
0 0.467656 8 
0 0.468209 8 
0 0.473163 8 
0 0.529872 8 
0 0.534896 8 
0 0.564971 8 
0 0.611462 8 
0 0.615483 8 
0 0.63788 8 
0 0.638082 8 
0 0.638658 8 
0 0.639611 8 
0 0.639948 8 
0 0.642639 8 
0 0.644598 8 
0 0.645459 8 
0 0.647588 8 
0 0.648986 8 
0 0.670062 8 
0 0.710085 8 
0 0.722681 8 
0 0.724826 8 
0 0.724827 8 
0 0.734572 8 
0 0.739301 8 
0 0.745774 8 
0 0.78068 8 
0 0.866266 8 
0 0.866404 8 
0 0.868024 8 
0 0.930698 8 
0 1.01735 8 
0 1.04345 8 
0 1.12748 8 
0 1.15492 8 
0 1.16676 8 
0 1.27615 8 
0 1.30853 8 
0 1.36538 8 
0 1.389 8 
0 1.45968 8 
0 1.51449 8 
0 1.52194 8 
0 1.5495 8 
0 1.74879 8 
0 1.7985 8 
0 1.79856 8 
0 1.80068 8 
0 1.82386 8 
0 1.85713 8 
0 inf 8 
0 0.0160865 9 
0 0.0261559 9 
0 0.0416888 9 
0 0.0434263 9 
0 0.0438488 9 
0 0.0503274 9 
0 0.0515915 9 
0 0.0533595 9 
0 0.0718167 9 
0 0.0738524 9 
0 0.0754563 9 
0 0.0791697 9 
0 0.0792864 9 
0 0.0899863 9 
0 0.0911101 9 
0 0.0912117 9 
0 0.0932161 9 
0 0.0953723 9 
0 0.0992701 9 
0 0.10193 9 
0 0.105145 9 
0 0.11229 9 
0 0.116567 9 
0 0.118454 9 
0 0.121153 9 
0 0.130707 9 
0 0.152749 9 
0 0.196627 9 
0 0.197937 9 
0 0.235158 9 
0 0.236099 9 
0 0.249787 9 
0 0.252006 9 
0 0.259633 9 
0 0.260121 9 
0 0.26076 9 
0 0.271221 9 
0 0.292715 9 
0 0.306203 9 
0 0.312804 9 
0 0.363653 9 
0 0.369972 9 
0 0.382549 9 
0 0.389399 9 
0 0.389707 9 
0 0.430225 9 
0 0.430976 9 
0 0.466515 9 
0 0.506455 9 
0 0.509511 9 
0 0.512334 9 
0 0.533702 9 
0 0.550303 9 
0 0.564939 9 
0 0.603408 9 
0 0.614194 9 
0 0.624427 9 
0 0.626156 9 
0 0.632582 9 
0 0.635192 9 
0 0.637967 9 
0 0.640714 9 
0 0.646916 9 
0 0.648914 9 
0 0.700823 9 
0 0.703533 9 
0 0.703533 9 
0 0.705771 9 
0 0.713879 9 
0 0.721437 9 
0 0.74257 9 
0 0.74799 9 
0 0.771758 9 
0 0.773651 9 
0 0.824567 9 
0 0.856078 9 
0 0.865896 9 
0 0.869907 9 
0 0.871436 9 
0 0.876006 9 
0 0.88415 9 
0 0.884366 9 
0 0.9116 9 
0 0.919153 9 
0 0.926827 9 
0 0.967791 9 
0 1.00587 9 
0 1.07157 9 
0 1.12647 9 
0 1.3136 9 
0 1.31826 9 
0 1.47164 9 
0 1.48678 9 
0 1.60307 9 
0 1.7993 9 
0 1.79942 9 
0 1.80953 9 
0 1.8127 9 
0 1.81279 9 
0 inf 9 
0 0.0327473 10 
0 0.0488336 10 
0 0.053875 10 
0 0.0598822 10 
0 0.0644961 10 
0 0.0690617 10 
0 0.077637 10 
0 0.0790544 10 
0 0.0815787 10 
0 0.0834857 10 
0 0.0963332 10 
0 0.106281 10 
0 0.107493 10 
0 0.112865 10 
0 0.115616 10 
0 0.12267 10 
0 0.124105 10 
0 0.126535 10 
0 0.134468 10 
0 0.140717 10 
0 0.155153 10 
0 0.163965 10 
0 0.175984 10 
0 0.181767 10 
0 0.183387 10 
0 0.192629 10 
0 0.210556 10 
0 0.245729 10 
0 0.274092 10 
0 0.283688 10 
0 0.284291 10 
0 0.292086 10 
0 0.292465 10 
0 0.296702 10 
0 0.301039 10 
0 0.302611 10 
0 0.321403 10 
0 0.333817 10 
0 0.355244 10 
0 0.355527 10 
0 0.429434 10 
0 0.429993 10 
0 0.430423 10 
0 0.430975 10 
0 0.440634 10 
0 0.453746 10 
0 0.45655 10 
0 0.468691 10 
0 0.491222 10 
0 0.491278 10 
0 0.49806 10 
0 0.539781 10 
0 0.552393 10 
0 0.556871 10 
0 0.569048 10 
0 0.582713 10 
0 0.599161 10 
0 0.599531 10 
0 0.61428 10 
0 0.615815 10 
0 0.617568 10 
0 0.626616 10 
0 0.638286 10 
0 0.667169 10 
0 0.667432 10 
0 0.691693 10 
0 0.69184 10 
0 0.737661 10 
0 0.738863 10 
0 0.752781 10 
0 0.840117 10 
0 0.85835 10 
0 0.867566 10 
0 0.867566 10 
0 0.889318 10 
0 0.905311 10 
0 0.964559 10 
0 0.964932 10 
0 0.995336 10 
0 1.13538 10 
0 1.20677 10 
0 1.25266 10 
0 1.25431 10 
0 1.25569 10 
0 1.25655 10 
0 1.32155 10 
0 1.46571 10 
0 1.47013 10 
0 1.60641 10 
0 1.62002 10 
0 1.79967 10 
0 1.80049 10 
0 1.81917 10 
0 1.92536 10 
0 1.92538 10 
0 inf 10 
0 0.0624554 11 
0 0.0671647 11 
0 0.0912096 11 
0 0.094788 11 
0 0.100564 11 
0 0.106715 11 
0 0.118769 11 
0 0.122368 11 
0 0.128353 11 
0 0.130841 11 
0 0.137998 11 
0 0.15178 11 
0 0.156398 11 
0 0.162482 11 
0 0.169502 11 
0 0.174083 11 
0 0.177753 11 
0 0.182171 11 
0 0.190503 11 
0 0.196058 11 
0 0.241671 11 
0 0.273565 11 
0 0.275268 11 
0 0.276107 11 
0 0.27925 11 
0 0.279262 11 
0 0.303212 11 
0 0.317035 11 
0 0.320089 11 
0 0.320368 11 
0 0.322783 11 
0 0.326881 11 
0 0.350343 11 
0 0.351499 11 
0 0.353156 11 
0 0.35347 11 
0 0.363807 11 
0 0.373007 11 
0 0.373007 11 
0 0.3973 11 
0 0.398322 11 
0 0.399365 11 
0 0.416695 11 
0 0.419282 11 
0 0.461168 11 
0 0.461569 11 
0 0.463602 11 
0 0.474248 11 
0 0.503795 11 
0 0.519731 11 
0 0.520045 11 
0 0.536534 11 
0 0.551608 11 
0 0.55268 11 
0 0.556081 11 
0 0.597851 11 
0 0.598542 11 
0 0.598681 11 
0 0.601305 11 
0 0.630307 11 
0 0.634765 11 
0 0.672734 11 
0 0.672912 11 
0 0.727897 11 
0 0.729229 11 
0 0.865123 11 
0 0.86554 11 
0 0.905255 11 
0 0.920934 11 
0 1.05044 11 
0 1.05083 11 
0 1.09999 11 
0 1.15108 11 
0 1.15136 11 
0 1.154 11 
0 1.15407 11 
0 1.16116 11 
0 1.24222 11 
0 1.24298 11 
0 1.27747 11 
0 1.27819 11 
0 1.31459 11 
0 1.42247 11 
0 1.43022 11 
0 1.44164 11 
0 1.44173 11 
0 1.79912 11 
0 1.80121 11 
0 1.8309 11 
0 1.84555 11 
0 1.84569 11 
0 inf 11 
0 0.0636313 12 
0 0.088956 12 
0 0.0932181 12 
0 0.132811 12 
0 0.134745 12 
0 0.15154 12 
0 0.158975 12 
0 0.162648 12 
0 0.167577 12 
0 0.19382 12 
0 0.213215 12 
0 0.220751 12 
0 0.220805 12 
0 0.22293 12 
0 0.249606 12 
0 0.256187 12 
0 0.256487 12 
0 0.268367 12 
0 0.283036 12 
0 0.287011 12 
0 0.293074 12 
0 0.29785 12 
0 0.312578 12 
0 0.327288 12 
0 0.350847 12 
0 0.358373 12 
0 0.36125 12 
0 0.361758 12 
0 0.362652 12 
0 0.383032 12 
0 0.385892 12 
0 0.399454 12 
0 0.401669 12 
0 0.410681 12 
0 0.414015 12 
0 0.429556 12 
0 0.442353 12 
0 0.443021 12 
0 0.457763 12 
0 0.459877 12 
0 0.480407 12 
0 0.482328 12 
0 0.48294 12 
0 0.52647 12 
0 0.531839 12 
0 0.533303 12 
0 0.569445 12 
0 0.570241 12 
0 0.573812 12 
0 0.576112 12 
0 0.576881 12 
0 0.583754 12 
0 0.603348 12 
0 0.612049 12 
0 0.65057 12 
0 0.651974 12 
0 0.667619 12 
0 0.668062 12 
0 0.698564 12 
0 0.732606 12 
0 0.736193 12 
0 0.865262 12 
0 0.865604 12 
0 0.889296 12 
0 0.917291 12 
0 0.929069 12 
0 0.933637 12 
0 0.936796 12 
0 0.937142 12 
0 1.01054 12 
0 1.02257 12 
0 1.02324 12 
0 1.12921 12 
0 1.12943 12 
0 1.13004 12 
0 1.35363 12 
0 1.35993 12 
0 1.38257 12 
0 1.3839 12 
0 1.45288 12 
0 1.46741 12 
0 1.48845 12 
0 1.79752 12 
0 1.79754 12 
0 1.82116 12 
0 1.82149 12 
0 1.82169 12 
0 inf 12 
0 0.0560565 13 
0 0.116724 13 
0 0.126098 13 
0 0.130207 13 
0 0.137661 13 
0 0.158685 13 
0 0.168622 13 
0 0.169007 13 
0 0.191614 13 
0 0.198067 13 
0 0.271074 13 
0 0.271245 13 
0 0.278722 13 
0 0.286316 13 
0 0.297975 13 
0 0.301582 13 
0 0.30781 13 
0 0.308553 13 
0 0.321835 13 
0 0.322409 13 
0 0.325804 13 
0 0.329416 13 
0 0.346916 13 
0 0.347475 13 
0 0.355913 13 
0 0.355914 13 
0 0.360567 13 
0 0.365886 13 
0 0.366606 13 
0 0.407158 13 
0 0.407771 13 
0 0.431815 13 
0 0.453625 13 
0 0.4601 13 
0 0.501464 13 
0 0.50862 13 
0 0.53001 13 
0 0.538086 13 
0 0.568865 13 
0 0.572994 13 
0 0.57454 13 
0 0.578556 13 
0 0.593894 13 
0 0.594687 13 
0 0.594703 13 
0 0.594893 13 
0 0.594983 13 
0 0.599119 13 
0 0.599659 13 
0 0.600839 13 
0 0.604877 13 
0 0.629208 13 
0 0.635402 13 
0 0.651771 13 
0 0.653132 13 
0 0.655886 13 
0 0.731343 13 
0 0.733476 13 
0 0.756964 13 
0 0.827258 13 
0 0.860723 13 
0 0.865016 13 
0 0.866137 13 
0 0.914152 13 
0 0.914394 13 
0 0.91491 13 
0 0.918843 13 
0 0.920452 13 
0 0.921385 13 
0 1.09738 13 
0 1.10044 13 
0 1.10077 13 
0 1.10279 13 
0 1.10461 13 
0 1.10484 13 
0 1.4152 13 
0 1.43321 13 
0 1.43616 13 
0 1.79853 13 
0 1.80049 13 
0 1.80674 13 
0 1.80674 13 
0 1.80691 13 
0 inf 13 
0 0.0789326 14 
0 0.0892695 14 
0 0.0966256 14 
0 0.116484 14 
0 0.151296 14 
0 0.156515 14 
0 0.193679 14 
0 0.204813 14 
0 0.220845 14 
0 0.221509 14 
0 0.223993 14 
0 0.241358 14 
0 0.274192 14 
0 0.277858 14 
0 0.294649 14 
0 0.295651 14 
0 0.295795 14 
0 0.298731 14 
0 0.302787 14 
0 0.304784 14 
0 0.311266 14 
0 0.315992 14 
0 0.322364 14 
0 0.325106 14 
0 0.327486 14 
0 0.332811 14 
0 0.341873 14 
0 0.34526 14 
0 0.345982 14 
0 0.355056 14 
0 0.355602 14 
0 0.357655 14 
0 0.358915 14 
0 0.362809 14 
0 0.36342 14 
0 0.405753 14 
0 0.414586 14 
0 0.415032 14 
0 0.415588 14 
0 0.425988 14 
0 0.456388 14 
0 0.456895 14 
0 0.464915 14 
0 0.544302 14 
0 0.552158 14 
0 0.568036 14 
0 0.568605 14 
0 0.574523 14 
0 0.576997 14 
0 0.585877 14 
0 0.632283 14 
0 0.6337 14 
0 0.634866 14 
0 0.636611 14 
0 0.669818 14 
0 0.687012 14 
0 0.688799 14 
0 0.739776 14 
0 0.740413 14 
0 0.740825 14 
0 0.743962 14 
0 0.785782 14 
0 0.785829 14 
0 0.785888 14 
0 0.870845 14 
0 0.87092 14 
0 0.87092 14 
0 0.871107 14 
0 0.8774 14 
0 0.878242 14 
0 0.878463 14 
0 1.0937 14 
0 1.4729 14 
0 1.47458 14 
0 1.47478 14 
0 1.79836 14 
0 1.83754 14 
0 1.83794 14 
0 1.83796 14 
0 inf 14 
0 0.0563902 15 
0 0.0820321 15 
0 0.0982366 15 
0 0.103908 15 
0 0.128208 15 
0 0.134742 15 
0 0.210955 15 
0 0.22304 15 
0 0.236359 15 
0 0.252872 15 
0 0.25342 15 
0 0.253602 15 
0 0.263832 15 
0 0.267953 15 
0 0.272842 15 
0 0.285052 15 
0 0.28557 15 
0 0.285911 15 
0 0.28604 15 
0 0.29864 15 
0 0.29864 15 
0 0.29884 15 
0 0.301522 15 
0 0.30195 15 
0 0.303873 15 
0 0.304875 15 
0 0.307087 15 
0 0.30847 15 
0 0.315208 15 
0 0.325815 15 
0 0.34665 15 
0 0.349201 15 
0 0.351733 15 
0 0.353201 15 
0 0.354178 15 
0 0.354804 15 
0 0.35626 15 
0 0.356976 15 
0 0.369256 15 
0 0.461349 15 
0 0.463688 15 
0 0.463987 15 
0 0.478973 15 
0 0.486012 15 
0 0.541473 15 
0 0.58311 15 
0 0.583427 15 
0 0.583665 15 
0 0.625672 15 
0 0.628431 15 
0 0.646541 15 
0 0.707684 15 
0 0.743924 15 
0 0.747785 15 
0 0.86397 15 
0 0.871861 15 
0 0.949257 15 
0 0.949579 15 
0 0.950046 15 
0 1.19998 15 
0 1.20001 15 
0 1.20005 15 
0 1.21876 15 
0 1.21897 15 
0 1.21899 15 
0 1.46174 15 
0 1.4721 15 
0 1.47232 15 
0 1.55039 15 
0 1.57044 15 
0 1.5723 15 
0 1.80009 15 
0 1.90838 15 
0 1.9085 15 
0 1.90857 15 
0 inf 15 
0 0.0971919 16 
0 0.132041 16 
0 0.1394 16 
0 0.152503 16 
0 0.192815 16 
0 0.224702 16 
0 0.226668 16 
0 0.259778 16 
0 0.266509 16 
0 0.268306 16 
0 0.268582 16 
0 0.269681 16 
0 0.279005 16 
0 0.284335 16 
0 0.28492 16 
0 0.285017 16 
0 0.29646 16 
0 0.296918 16 
0 0.297291 16 
0 0.299102 16 
0 0.303203 16 
0 0.307727 16 
0 0.308341 16 
0 0.310731 16 
0 0.311561 16 
0 0.340917 16 
0 0.341762 16 
0 0.342437 16 
0 0.342464 16 
0 0.342518 16 
0 0.359634 16 
0 0.361966 16 
0 0.374345 16 
0 0.375208 16 
0 0.391956 16 
0 0.398613 16 
0 0.403773 16 
0 0.405965 16 
0 0.464805 16 
0 0.49459 16 
0 0.507867 16 
0 0.509231 16 
0 0.509285 16 
0 0.539902 16 
0 0.684331 16 
0 0.685174 16 
0 0.739887 16 
0 0.817802 16 
0 0.868205 16 
0 0.903334 16 
0 0.919322 16 
0 0.926303 16 
0 1.07509 16 
0 1.07632 16 
0 1.07643 16 
0 1.10557 16 
0 1.11762 16 
0 1.11835 16 
0 1.12375 16 
0 1.12402 16 
0 1.12447 16 
0 1.38318 16 
0 1.38389 16 
0 1.38413 16 
0 1.38439 16 
0 1.38735 16 
0 1.38799 16 
0 1.80023 16 
0 1.83418 16 
0 1.83444 16 
0 1.83451 16 
0 inf 16 
0 0.064211 17 
0 0.124774 17 
0 0.149567 17 
0 0.159506 17 
0 0.186441 17 
0 0.188168 17 
0 0.270699 17 
0 0.273958 17 
0 0.274059 17 
0 0.291724 17 
0 0.306176 17 
0 0.309747 17 
0 0.312539 17 
0 0.313012 17 
0 0.31313 17 
0 0.31344 17 
0 0.313543 17 
0 0.313676 17 
0 0.313838 17 
0 0.314558 17 
0 0.315292 17 
0 0.317627 17 
0 0.317744 17 
0 0.317976 17 
0 0.319531 17 
0 0.348087 17 
0 0.348326 17 
0 0.348458 17 
0 0.3492 17 
0 0.353856 17 
0 0.354613 17 
0 0.354691 17 
0 0.358244 17 
0 0.49647 17 
0 0.497362 17 
0 0.497976 17 
0 0.498253 17 
0 0.51347 17 
0 0.567111 17 
0 0.568982 17 
0 0.569502 17 
0 0.702127 17 
0 0.75592 17 
0 0.76519 17 
0 0.870333 17 
0 0.936781 17 
0 0.93888 17 
0 0.938959 17 
0 0.954765 17 
0 0.960028 17 
0 0.961644 17 
0 1.11224 17 
0 1.11226 17 
0 1.11279 17 
0 1.17866 17 
0 1.17869 17 
0 1.18041 17 
0 1.42336 17 
0 1.42972 17 
0 1.43369 17 
0 1.48174 17 
0 1.48236 17 
0 1.48353 17 
0 1.80102 17 
0 1.8048 17 
0 1.80503 17 
0 1.80503 17 
0 inf 17 
0 0.0827098 18 
0 0.0917185 18 
0 0.0937124 18 
0 0.133715 18 
0 0.140128 18 
0 0.148768 18 
0 0.164184 18 
0 0.165752 18 
0 0.218148 18 
0 0.274488 18 
0 0.274497 18 
0 0.275572 18 
0 0.27574 18 
0 0.276911 18 
0 0.278235 18 
0 0.295107 18 
0 0.297136 18 
0 0.340076 18 
0 0.340781 18 
0 0.341053 18 
0 0.341134 18 
0 0.352046 18 
0 0.352125 18 
0 0.352912 18 
0 0.352912 18 
0 0.361813 18 
0 0.367742 18 
0 0.36842 18 
0 0.369998 18 
0 0.42491 18 
0 0.427339 18 
0 0.427685 18 
0 0.525561 18 
0 0.526913 18 
0 0.527702 18 
0 0.530008 18 
0 0.545693 18 
0 0.547181 18 
0 0.547317 18 
0 0.775773 18 
0 0.788924 18 
0 0.790048 18 
0 0.877355 18 
0 0.881549 18 
0 0.882356 18 
0 0.888087 18 
0 0.962313 18 
0 0.965181 18 
0 0.973931 18 
0 1.03075 18 
0 1.03376 18 
0 1.11124 18 
0 1.14316 18 
0 1.14749 18 
0 1.56718 18 
0 1.56728 18 
0 1.56735 18 
0 1.59612 18 
0 1.59663 18 
0 1.80865 18 
0 1.80897 18 
0 1.80931 18 
0 1.80931 18 
0 inf 18 
0 0.107064 19 
0 0.120394 19 
0 0.120777 19 
0 0.12763 19 
0 0.129571 19 
0 0.130212 19 
0 0.163789 19 
0 0.166253 19 
0 0.166919 19 
0 0.252995 19 
0 0.253251 19 
0 0.270665 19 
0 0.270972 19 
0 0.270972 19 
0 0.290164 19 
0 0.297966 19 
0 0.299945 19 
0 0.306416 19 
0 0.340356 19 
0 0.341983 19 
0 0.346279 19 
0 0.36686 19 
0 0.367364 19 
0 0.368495 19 
0 0.379321 19 
0 0.38551 19 
0 0.386754 19 
0 0.387352 19 
0 0.540485 19 
0 0.541117 19 
0 0.541169 19 
0 0.541169 19 
0 0.60968 19 
0 0.610346 19 
0 0.611798 19 
0 0.61265 19 
0 0.614864 19 
0 0.614955 19 
0 0.733201 19 
0 0.764172 19 
0 0.791279 19 
0 0.832905 19 
0 0.834402 19 
0 0.845071 19 
0 0.871872 19 
0 0.884745 19 
0 0.885079 19 
0 0.889474 19 
0 0.891498 19 
0 1.00866 19 
0 1.05601 19 
0 1.05618 19 
0 1.06347 19 
0 1.08499 19 
0 1.40088 19 
0 1.47848 19 
0 1.80899 19 
0 1.81012 19 
0 1.81052 19 
0 inf 19 
0 0.103463 20 
0 0.108009 20 
0 0.112042 20 
0 0.113845 20 
0 0.140127 20 
0 0.140128 20 
0 0.140326 20 
0 0.148579 20 
0 0.157224 20 
0 0.214342 20 
0 0.214343 20 
0 0.214472 20 
0 0.276911 20 
0 0.277178 20 
0 0.277711 20 
0 0.308759 20 
0 0.309207 20 
0 0.355323 20 
0 0.355427 20 
0 0.355817 20 
0 0.390965 20 
0 0.390965 20 
0 0.394453 20 
0 0.396791 20 
0 0.397442 20 
0 0.435015 20 
0 0.437137 20 
0 0.468546 20 
0 0.469255 20 
0 0.537103 20 
0 0.537946 20 
0 0.537946 20 
0 0.565348 20 
0 0.56869 20 
0 0.569989 20 
0 0.637343 20 
0 0.638387 20 
0 0.638735 20 
0 0.722491 20 
0 0.82952 20 
0 0.837593 20 
0 0.837769 20 
0 0.88757 20 
0 0.889515 20 
0 0.889723 20 
0 0.986493 20 
0 0.987392 20 
0 1.13625 20 
0 1.13625 20 
0 1.24005 20 
0 1.25408 20 
0 1.39877 20 
0 1.81914 20 
0 1.82001 20 
0 2.43988 20 
0 inf 20 
