5.26563 9.35775 1 
0.568446 1.47529 1 
0.394919 0.44619 1 
0.389129 0.511201 1 
0.358854 0.372504 1 
0.285858 0.293099 1 
0.237264 0.262604 1 
0.199622 0.214022 1 
0.170624 0.196654 1 
0.163595 0.174989 1 
0.158374 0.187265 1 
0.14597 0.174024 1 
0.135854 0.15705 1 
0.127243 0.131137 1 
0.124252 0.164604 1 
0.123558 0.124914 1 
0.11549 0.119779 1 
0.109148 0.128231 1 
0.107606 0.107992 1 
0.101994 0.118005 1 
0.0960636 0.0990733 1 
0.081923 0.0824337 1 
0.0732746 0.0793219 1 
0.0666833 0.0721245 1 
0.0654137 0.0666828 1 
0.0641183 0.0666838 1 
0.0600649 0.0666848 1 
0.058652 0.0641194 1 
0.0572031 0.0641194 1 
6.89767 6.89874 2 
6.89759 6.90436 2 
3.98633 6.9269 2 
0.509261 1.81447 2 
0.391184 0.416625 2 
0.346726 0.383054 2 
0.343072 0.395443 2 
0.337524 0.399663 2 
0.336164 0.348658 2 
0.33164 0.377873 2 
0.331129 0.348659 2 
0.320699 0.369114 2 
0.319659 0.340254 2 
0.244918 0.317027 2 
0.216556 0.228986 2 
0.189931 0.192345 2 
0.171603 0.189487 2 
0.171601 0.175466 2 
0.138903 0.175711 2 
0.131147 0.152996 2 
0.129529 0.133046 2 
0.128228 0.134296 2 
0.118018 0.126256 2 
0.117297 0.11907 2 
0.100336 0.118369 2 
0.0732744 0.0760828 2 
0.0534098 0.0579315 2 
4.70981 5.07937 3 
4.70707 4.99628 3 
3.62534 5.07941 3 
1.52206 1.53085 3 
0.557815 0.566401 3 
0.490511 1.62791 3 
0.30475 0.313833 3 
0.290797 0.297921 3 
0.284237 0.350466 3 
0.267189 0.320838 3 
0.234049 0.283196 3 
0.156778 0.161263 3 
0.151335 0.169135 3 
0.144527 0.152712 3 
0.141896 0.155977 3 
0.141595 0.143071 3 
0.141297 0.145113 3 
0.136156 0.155977 3 
0.127576 0.161002 3 
0.113666 0.116588 3 
0.0868959 0.0873747 3 
0.0749726 0.0777205 3 
3.74313 3.76046 4 
3.74242 3.75993 4 
3.74008 3.76123 4 
1.3043 1.35483 4 
1.3013 1.31601 4 
0.818108 0.984837 4 
0.589868 1.44989 4 
0.352486 0.353321 4 
0.332649 0.349863 4 
0.290659 0.354152 4 
0.289937 0.359909 4 
0.181578 0.182269 4 
0.146833 0.16461 4 
1.24118 1.29119 5 
1.15038 1.24657 5 
1.14863 1.37479 5 
0.273254 0.285273 5 
0.180194 0.200458 5 
0.175952 0.195803 5 
0.175464 0.176893 5 
0.174745 0.175225 5 
0.174268 0.195803 5 
2.25701 2.32086 6 
1.10122 1.12668 6 
1.08951 1.17631 6 
0.949355 1.17938 6 
0.68726 0.700259 6 
0.377533 0.403633 6 
0.157052 0.165634 6 
0.156517 0.159176 6 
0.1549 0.166392 6 
0.152444 0.156783 6 
0.137387 0.145977 6 
0.13305 0.155717 6 
1.47401 1.47989 7 
0.932243 1.00932 7 
0.852032 0.85227 7 
0.848789 1.01707 7 
0.237612 0.267818 7 
0.167643 0.172572 7 
0.160231 0.160483 7 
0.150785 0.174509 7 
1.27133 1.37716 8 
0.999135 1.10433 8 
0.899223 1.15809 8 
0.861447 0.898733 8 
0.815221 0.878723 8 
0.649602 0.662262 8 
0.338645 0.360767 8 
0.280071 0.314901 8 
0.247301 0.258094 8 
0.237263 0.258094 8 
0.195374 0.232436 8 
0.191023 0.205212 8 
0.850005 0.871324 9 
0.812994 0.913504 9 
0.773012 0.791844 9 
0.721962 0.748994 9 
0.673514 0.771288 9 
0.224899 0.236032 9 
0.219252 0.22917 9 
1.20649 1.35552 10 
0.796312 0.91196 10 
0.680446 0.704378 10 
0.502014 0.643307 10 
0.500589 0.516062 10 
0.27554 0.287885 10 
0.210243 0.222434 10 
0.0929613 0.0938594 10 
0.874395 0.916096 11 
0.815643 1.00611 11 
0.810049 1.03762 11 
0.790975 1.00396 11 
0.388055 0.554804 11 
0.361185 0.393103 11 
0.358112 0.358824 11 
0.297361 0.34252 11 
0.253199 0.285688 11 
0.945545 0.973345 12 
0.802086 0.834448 12 
0.493159 0.518209 12 
0.396399 0.41511 12 
0.363574 0.460752 12 
0.35893 0.404434 12 
0.842659 0.914743 13 
0.828604 0.899901 13 
0.606249 0.618174 13 
0.403737 0.439736 13 
1.37783 1.38551 14 
1.37124 1.38523 14 
1.17258 1.17772 14 
0.793328 0.866075 14 
0.790632 0.857021 14 
0.436171 0.462958 14 
1.22147 1.28207 15 
1.22106 1.2959 15 
0.842764 0.844153 15 
0.27201 0.291191 15 
1.02555 1.05718 16 
0.98855 1.01031 16 
0.988192 1.01031 16 
0.844012 1.15302 16 
0.843266 1.06866 16 
0.41503 0.464651 16 
0.571267 0.580083 17 
0.378754 0.385442 17 
0.345387 0.396713 17 
0.228751 0.240231 17 
0.514059 0.560892 19 
0.38491 0.409104 19 
