5.26199 9.12641 1 
0.712819 1.68624 1 
0.506996 0.518054 1 
0.403134 0.431166 1 
0.366872 0.617718 1 
0.252246 0.276417 1 
0.220404 0.220617 1 
0.214363 0.244393 1 
0.0993917 0.102534 1 
0.0686497 0.0699574 1 
0.0645781 0.0737481 1 
0.0476 0.0530141 1 
0.0476 0.0476 1 
0.0476 0.0494674 1 
0.0466383 0.0563211 1 
0.0446655 0.0725179 1 
0.0425815 0.0446613 1 
0.0415105 0.0456688 1 
0.0414967 0.0521432 1 
0.0414967 0.0425747 1 
0.0403899 0.0414967 1 
0.03808 0.0446527 1 
4.21629 6.55946 2 
0.586186 0.648996 2 
0.572721 1.83081 2 
0.398832 0.602415 2 
0.325092 0.33714 2 
0.31603 0.317608 2 
0.307018 0.310536 2 
0.296509 0.310536 2 
0.256694 0.278049 2 
0.209452 0.212662 2 
0.102091 0.106862 2 
0.0966174 0.110612 2 
0.0966174 0.126297 2 
0.0947228 0.119665 2 
0.0824456 0.0898115 2 
0.0673166 0.0693066 2 
0.0645678 0.0652658 2 
0.0530087 0.0546882 2 
0.0530051 0.0555107 2 
0.047612 0.0485427 2 
0.047608 0.0521523 2 
0.047604 0.0485486 2 
0.0476 0.0579079 2 
0.0456668 0.0466505 2 
0.0415036 0.0415036 2 
4.82539 5.32102 3 
4.80632 5.39262 3 
3.68023 5.39316 3 
0.658844 0.717327 3 
0.620074 0.63595 3 
0.611083 0.620711 3 
0.586803 1.60189 3 
0.538209 0.57154 3 
0.477912 0.532202 3 
0.38719 0.57815 3 
0.0867313 0.0913126 3 
0.0824456 0.0862073 3 
0.0785039 0.0835377 3 
0.0779245 0.0952 3 
0.0624268 0.0638621 3 
0.0563295 0.0579178 3 
0.0512816 0.0530141 3 
0.0503751 0.0579079 3 
0.0494808 0.052156 3 
0.0485544 0.0586917 3 
3.84041 3.85885 4 
3.84009 3.85848 4 
3.83938 3.85708 4 
1.36691 1.37705 4 
1.28882 1.35638 4 
0.661712 0.669736 4 
0.62734 1.40741 4 
0.526975 0.599094 4 
0.102091 0.106862 4 
0.090815 0.0993917 4 
0.0818941 0.0877701 4 
0.0712492 0.0731375 4 
0.0693066 0.0743536 4 
0.0446613 0.047608 4 
2.85447 2.91215 5 
2.84756 2.87664 5 
1.22348 1.25066 5 
1.17345 1.25752 5 
1.15926 1.1697 5 
1.14518 1.18997 5 
1.12119 1.20281 5 
0.951844 1.30266 5 
0.0802169 0.0851495 5 
0.0555141 0.0645722 5 
2.09807 2.22296 6 
2.07437 2.14586 6 
2.0307 2.20887 6 
1.86628 2.10676 6 
1.12146 1.13328 6 
1.11701 1.15786 6 
1.01426 1.13393 6 
0.962025 1.21902 6 
0.543736 0.572007 6 
0.0790851 0.0922998 6 
0.0555107 0.0616966 6 
0.0530051 0.0616966 6 
2.19524 2.25562 7 
1.66294 1.67878 7 
1.54698 1.66127 7 
1.24403 1.32814 7 
1.08127 1.08248 7 
0.916532 0.929884 7 
0.912666 1.1517 7 
0.890494 0.923132 7 
0.88832 0.934013 7 
0.871062 0.876132 7 
0.473723 0.501602 7 
0.261422 0.29834 7 
0.261422 0.299552 7 
0.104286 0.108126 7 
0.0898115 0.0961473 7 
0.0446592 0.0466383 7 
1.26545 1.34549 8 
1.20221 1.21953 8 
0.987916 1.03571 8 
0.936781 1.00127 8 
0.86891 0.895927 8 
0.796644 0.876974 8 
0.227102 0.233008 8 
0.223887 0.228887 8 
0.893602 0.975825 9 
0.887895 0.89446 9 
0.861956 0.892177 9 
0.750049 0.932377 9 
0.806362 0.937269 10 
0.778464 0.805358 10 
0.588653 0.757516 10 
0.531523 0.549232 10 
0.412698 0.456875 10 
0.392876 0.409924 10 
1.11859 1.16382 11 
0.96485 0.990807 11 
0.949508 1.02096 11 
0.784092 0.790359 11 
0.701278 0.746967 11 
0.629067 0.810629 11 
0.553899 0.561133 11 
0.541063 0.567791 11 
0.518233 0.631651 11 
0.467856 0.500158 11 
1.17417 1.18935 12 
0.600992 0.646897 12 
0.587646 0.646897 12 
0.574948 0.592651 12 
0.570514 0.600087 12 
0.568527 0.661646 12 
0.494053 0.506903 12 
0.461905 0.522317 12 
0.710784 0.78674 13 
0.422987 0.481699 13 
0.401889 0.404698 13 
0.880779 0.914892 14 
1.04979 1.07031 15 
0.881858 0.95958 15 
0.874577 0.896785 15 
1.14217 1.18631 16 
0.927827 0.99956 16 
0.892644 0.910872 16 
0.736334 0.90603 17 
0.731203 0.86278 18 
0.533143 0.538471 18 
0.783613 0.907024 19 
0.726978 0.905644 20 
