0 0.0258754 1 
0 0.0544535 1 
0 0.0553329 1 
0 0.0570291 1 
0 0.058685 1 
0 0.0602886 1 
0 0.0610777 1 
0 0.0633816 1 
0 0.0633816 1 
0 0.0641369 1 
0 0.0656068 1 
0 0.0656152 1 
0 0.0663312 1 
0 0.0677609 1 
0 0.0677612 1 
0 0.0677665 1 
0 0.06846 1 
0 0.06846 1 
0 0.06846 1 
0 0.0691576 1 
0 0.0698439 1 
0 0.0712022 1 
0 0.0751307 1 
0 0.0763845 1 
0 0.0770084 1 
0 0.0776299 1 
0 0.07824 1 
0 0.081239 1 
0 0.0812416 1 
0 0.0818292 1 
0 0.0818293 1 
0 0.0846991 1 
0 0.0852628 1 
0 0.0858191 1 
0 0.0858191 1 
0 0.086927 1 
0 0.0874749 1 
0 0.0874749 1 
0 0.0874761 1 
0 0.0885621 1 
0 0.0938083 1 
0 0.0943149 1 
0 0.0943187 1 
0 0.0943187 1 
0 0.0948242 1 
0 0.0963314 1 
0 0.0968171 1 
0 0.0973129 1 
0 0.0978032 1 
0 0.0997389 1 
0 0.0997417 1 
0 0.100219 1 
0 0.100696 1 
0 0.101167 1 
0 0.101641 1 
0 0.102106 1 
0 0.103967 1 
0 0.105797 1 
0 0.106694 1 
0 0.108918 1 
0 0.113636 1 
0 0.114055 1 
0 0.114056 1 
0 0.117368 1 
0 0.118585 1 
0 0.124484 1 
0 0.127146 1 
0 0.129747 1 
0 0.131581 1 
0 0.132303 1 
0 0.133027 1 
0 0.133386 1 
0 0.136225 1 
0 0.139003 1 
0 0.139344 1 
0 0.139353 1 
0 0.141731 1 
0 0.142737 1 
0 0.14474 1 
0 0.146058 1 
0 0.147043 1 
0 0.148326 1 
0 0.1534 1 
0 0.154644 1 
0 0.154953 1 
0 0.156482 1 
0 0.158319 1 
0 0.161005 1 
0 0.169118 1 
0 0.169118 1 
0 0.169682 1 
0 0.174131 1 
0 0.17874 1 
0 0.191404 1 
0 0.192901 1 
0 0.206546 1 
0 0.217162 1 
0 0.225166 1 
0 0.253349 1 
0 0.253911 1 
0 0.262804 1 
0 0.299864 1 
0 0.350206 1 
0 0.387148 1 
0 0.389381 1 
0 0.428478 1 
0 0.436996 1 
0 0.439902 1 
0 0.445306 1 
0 0.449056 1 
0 0.450856 1 
0 0.459476 1 
0 0.509715 1 
0 0.509728 1 
0 0.534981 1 
0 0.590149 1 
0 0.718218 1 
0 0.74179 1 
0 0.852535 1 
0 0.881938 1 
0 0.898112 1 
0 0.900459 1 
0 1.27981 1 
0 2.11233 1 
0 2.24805 1 
0 3.09318 1 
0 3.11978 1 
0 4.76245 1 
0 5.08097 1 
0 5.09526 1 
0 5.58143 1 
0 inf 1 
0 0.03912 2 
0 0.03912 2 
0 0.040324 2 
0 0.0426314 2 
0 0.0469039 2 
0 0.047912 2 
0 0.0508204 2 
0 0.0517509 2 
0 0.0517536 2 
0 0.0526669 2 
0 0.053568 2 
0 0.0570287 2 
0 0.0586807 2 
0 0.0594912 2 
0 0.0610767 2 
0 0.0610783 2 
0 0.063384 2 
0 0.0641318 2 
0 0.0656152 2 
0 0.0656152 2 
0 0.0670483 2 
0 0.0677665 2 
0 0.06846 2 
0 0.06846 2 
0 0.06846 2 
0 0.06846 2 
0 0.069155 2 
0 0.0698439 2 
0 0.0698439 2 
0 0.0711995 2 
0 0.0712022 2 
0 0.0712077 2 
0 0.075122 2 
0 0.0776287 2 
0 0.0776294 2 
0 0.0776296 2 
0 0.0818277 2 
0 0.0824078 2 
0 0.0829888 2 
0 0.0829947 2 
0 0.0863771 2 
0 0.0917458 2 
0 0.094317 2 
0 0.10117 2 
0 0.103502 2 
0 0.104882 2 
0 0.107139 2 
0 0.108465 2 
0 0.108472 2 
0 0.11108 2 
0 0.113212 2 
0 0.114054 2 
0 0.114889 2 
0 0.11489 2 
0 0.117772 2 
0 0.118179 2 
0 0.120973 2 
0 0.125249 2 
0 0.126389 2 
0 0.12938 2 
0 0.130118 2 
0 0.131946 2 
0 0.134457 2 
0 0.140032 2 
0 0.142738 2 
0 0.143409 2 
0 0.144076 2 
0 0.148972 2 
0 0.15025 2 
0 0.154953 2 
0 0.164247 2 
0 0.197075 2 
0 0.199959 2 
0 0.203515 2 
0 0.203756 2 
0 0.204454 2 
0 0.20585 2 
0 0.224096 2 
0 0.226007 2 
0 0.227482 2 
0 0.234117 2 
0 0.243922 2 
0 0.258027 2 
0 0.264426 2 
0 0.266961 2 
0 0.285173 2 
0 0.311707 2 
0 0.314801 2 
0 0.327464 2 
0 0.331097 2 
0 0.344127 2 
0 0.36621 2 
0 0.369413 2 
0 0.374988 2 
0 0.38344 2 
0 0.400692 2 
0 0.400695 2 
0 0.404647 2 
0 0.407386 2 
0 0.415838 2 
0 0.459954 2 
0 0.496015 2 
0 0.49947 2 
0 0.519248 2 
0 0.580496 2 
0 0.590303 2 
0 0.629704 2 
0 0.636141 2 
0 0.643077 2 
0 0.691966 2 
0 0.698569 2 
0 0.708823 2 
0 0.718091 2 
0 0.908753 2 
0 1.08265 2 
0 1.80896 2 
0 1.82488 2 
0 1.86268 2 
0 2.54055 2 
0 3.39965 2 
0 3.79311 2 
0 3.79868 2 
0 3.84561 2 
0 3.85604 2 
0 4.43778 2 
0 4.47462 2 
0 4.52934 2 
0 inf 2 
0 0.0365934 3 
0 0.0489 3 
0 0.0498686 3 
0 0.0535675 3 
0 0.0633826 3 
0 0.0656122 3 
0 0.06634 3 
0 0.0677578 3 
0 0.0677578 3 
0 0.0684622 3 
0 0.0705301 3 
0 0.0725316 3 
0 0.0738408 3 
0 0.0757561 3 
0 0.0788499 3 
0 0.0794542 3 
0 0.0812452 3 
0 0.0818297 3 
0 0.0824089 3 
0 0.0824161 3 
0 0.0829919 3 
0 0.0852681 3 
0 0.0858191 3 
0 0.087475 3 
0 0.087475 3 
0 0.087475 3 
0 0.087485 3 
0 0.0885634 3 
0 0.0901681 3 
0 0.0922676 3 
0 0.0978042 3 
0 0.0992575 3 
0 0.101641 3 
0 0.101641 3 
0 0.101644 3 
0 0.102107 3 
0 0.103504 3 
0 0.104423 3 
0 0.104881 3 
0 0.104882 3 
0 0.104883 3 
0 0.105341 3 
0 0.109352 3 
0 0.11194 3 
0 0.115309 3 
0 0.115722 3 
0 0.119383 3 
0 0.121762 3 
0 0.121764 3 
0 0.125627 3 
0 0.129381 3 
0 0.13762 3 
0 0.144403 3 
0 0.144732 3 
0 0.150251 3 
0 0.166558 3 
0 0.169119 3 
0 0.169123 3 
0 0.178742 3 
0 0.18193 3 
0 0.1929 3 
0 0.195123 3 
0 0.205846 3 
0 0.205858 3 
0 0.222599 3 
0 0.223838 3 
0 0.232478 3 
0 0.234933 3 
0 0.245681 3 
0 0.261701 3 
0 0.278682 3 
0 0.286645 3 
0 0.287316 3 
0 0.299542 3 
0 0.302743 3 
0 0.309285 3 
0 0.313427 3 
0 0.313432 3 
0 0.315258 3 
0 0.319091 3 
0 0.324672 3 
0 0.333175 3 
0 0.34357 3 
0 0.344265 3 
0 0.346343 3 
0 0.37779 3 
0 0.386666 3 
0 0.40525 3 
0 0.416425 3 
0 0.483711 3 
0 0.494331 3 
0 0.495729 3 
0 0.49924 3 
0 0.501251 3 
0 0.512296 3 
0 0.565584 3 
0 0.569056 3 
0 0.573725 3 
0 0.574066 3 
0 0.589515 3 
0 0.596386 3 
0 0.608515 3 
0 0.618802 3 
0 0.627278 3 
0 0.706592 3 
0 0.914418 3 
0 0.932301 3 
0 0.990374 3 
0 1.00715 3 
0 1.33968 3 
0 1.34235 3 
0 1.34964 3 
0 1.74114 3 
0 1.77307 3 
0 2.40359 3 
0 2.79993 3 
0 3.12616 3 
0 3.51349 3 
0 3.51534 3 
0 3.51623 3 
0 3.80748 3 
0 3.99947 3 
0 4.03326 3 
0 inf 3 
0 0.0324366 4 
0 0.0324366 4 
0 0.0378783 4 
0 0.040324 4 
0 0.0458723 4 
0 0.0458744 4 
0 0.053568 4 
0 0.0578611 4 
0 0.0648732 4 
0 0.0663312 4 
0 0.0663312 4 
0 0.0670498 4 
0 0.0670557 4 
0 0.0705293 4 
0 0.0705329 4 
0 0.0744832 4 
0 0.0776293 4 
0 0.0800529 4 
0 0.0812407 4 
0 0.08526 4 
0 0.0863746 4 
0 0.0869303 4 
0 0.0891004 4 
0 0.0912218 4 
0 0.0917457 4 
0 0.091752 4 
0 0.0917523 4 
0 0.0943166 4 
0 0.0943178 4 
0 0.0953237 4 
0 0.0973189 4 
0 0.101173 4 
0 0.101637 4 
0 0.103503 4 
0 0.104879 4 
0 0.11065 4 
0 0.123322 4 
0 0.124482 4 
0 0.124865 4 
0 0.133026 4 
0 0.133387 4 
0 0.133745 4 
0 0.13762 4 
0 0.146052 4 
0 0.158307 4 
0 0.163073 4 
0 0.167696 4 
0 0.167979 4 
0 0.173857 4 
0 0.174684 4 
0 0.187366 4 
0 0.190903 4 
0 0.19141 4 
0 0.197795 4 
0 0.208389 4 
0 0.214722 4 
0 0.217158 4 
0 0.223239 4 
0 0.228533 4 
0 0.237966 4 
0 0.242741 4 
0 0.263849 4 
0 0.265874 4 
0 0.267848 4 
0 0.273583 4 
0 0.278009 4 
0 0.27804 4 
0 0.279805 4 
0 0.283123 4 
0 0.292719 4 
0 0.318903 4 
0 0.32383 4 
0 0.326585 4 
0 0.336396 4 
0 0.339043 4 
0 0.403137 4 
0 0.406314 4 
0 0.42932 4 
0 0.437268 4 
0 0.450203 4 
0 0.452761 4 
0 0.49107 4 
0 0.496166 4 
0 0.500618 4 
0 0.505809 4 
0 0.516757 4 
0 0.517411 4 
0 0.538492 4 
0 0.542483 4 
0 0.546949 4 
0 0.55347 4 
0 0.555803 4 
0 0.560943 4 
0 0.561284 4 
0 0.57637 4 
0 0.580586 4 
0 0.60733 4 
0 0.69986 4 
0 0.796846 4 
0 0.817466 4 
0 0.848473 4 
0 0.849825 4 
0 0.852017 4 
0 0.919594 4 
0 1.68837 4 
0 1.80043 4 
0 2.15195 4 
0 2.1841 4 
0 2.27275 4 
0 2.28057 4 
0 2.29734 4 
0 2.53391 4 
0 2.53589 4 
0 2.53708 4 
0 2.60681 4 
0 2.74103 4 
0 3.04776 4 
0 3.05657 4 
0 3.05709 4 
0 inf 4 
0 0.0365945 5 
0 0.0458723 5 
0 0.0570356 5 
0 0.0578593 5 
0 0.0602968 5 
0 0.0633823 5 
0 0.0663312 5 
0 0.0705268 5 
0 0.0738374 5 
0 0.0738395 5 
0 0.0829864 5 
0 0.0874753 5 
0 0.0901698 5 
0 0.0912218 5 
0 0.0922671 5 
0 0.0938122 5 
0 0.0953264 5 
0 0.0968185 5 
0 0.0978 5 
0 0.099738 5 
0 0.100218 5 
0 0.103964 5 
0 0.106242 5 
0 0.106687 5 
0 0.109781 5 
0 0.111081 5 
0 0.11279 5 
0 0.113635 5 
0 0.114895 5 
0 0.116956 5 
0 0.118582 5 
0 0.118985 5 
0 0.12018 5 
0 0.120183 5 
0 0.124483 5 
0 0.131216 5 
0 0.140033 5 
0 0.140714 5 
0 0.153395 5 
0 0.157405 5 
0 0.161889 5 
0 0.164244 5 
0 0.168555 5 
0 0.169115 5 
0 0.16996 5 
0 0.173587 5 
0 0.174131 5 
0 0.174682 5 
0 0.174682 5 
0 0.177401 5 
0 0.182976 5 
0 0.185307 5 
0 0.209938 5 
0 0.215169 5 
0 0.220439 5 
0 0.223883 5 
0 0.236372 5 
0 0.238122 5 
0 0.238122 5 
0 0.240367 5 
0 0.245679 5 
0 0.246996 5 
0 0.251071 5 
0 0.279896 5 
0 0.296518 5 
0 0.308578 5 
0 0.318083 5 
0 0.350627 5 
0 0.378239 5 
0 0.391657 5 
0 0.400351 5 
0 0.40046 5 
0 0.403208 5 
0 0.487119 5 
0 0.489997 5 
0 0.501577 5 
0 0.514724 5 
0 0.52365 5 
0 0.534147 5 
0 0.534237 5 
0 0.535221 5 
0 0.56652 5 
0 0.569898 5 
0 0.574412 5 
0 0.576314 5 
0 0.578303 5 
0 0.579138 5 
0 0.584072 5 
0 0.587619 5 
0 0.6763 5 
0 0.680178 5 
0 0.680389 5 
0 0.6806 5 
0 0.77046 5 
0 0.91331 5 
0 0.924882 5 
0 1.48134 5 
0 1.48909 5 
0 1.69007 5 
0 1.8215 5 
0 1.90866 5 
0 1.90938 5 
0 1.91006 5 
0 1.91303 5 
0 1.91306 5 
0 1.92383 5 
0 1.94404 5 
0 2.00024 5 
0 2.0087 5 
0 2.03796 5 
0 2.04625 5 
0 2.0559 5 
0 2.06055 5 
0 2.0675 5 
0 2.25172 5 
0 inf 5 
0 0.04263 6 
0 0.0426312 6 
0 0.0508195 6 
0 0.0553256 6 
0 0.0618542 6 
0 0.0641325 6 
0 0.0641327 6 
0 0.0744834 6 
0 0.0757561 6 
0 0.0800532 6 
0 0.0800534 6 
0 0.0835606 6 
0 0.0846989 6 
0 0.090169 6 
0 0.0906966 6 
0 0.0953264 6 
0 0.0992642 6 
0 0.101637 6 
0 0.101646 6 
0 0.108031 6 
0 0.108467 6 
0 0.108473 6 
0 0.116959 6 
0 0.118181 6 
0 0.136222 6 
0 0.136926 6 
0 0.140372 6 
0 0.141728 6 
0 0.142744 6 
0 0.148647 6 
0 0.149612 6 
0 0.160405 6 
0 0.16278 6 
0 0.16453 6 
0 0.179807 6 
0 0.181132 6 
0 0.18193 6 
0 0.184798 6 
0 0.185313 6 
0 0.18583 6 
0 0.186085 6 
0 0.21046 6 
0 0.220654 6 
0 0.230413 6 
0 0.237562 6 
0 0.238368 6 
0 0.264436 6 
0 0.268207 6 
0 0.268209 6 
0 0.270157 6 
0 0.272097 6 
0 0.277664 6 
0 0.28177 6 
0 0.299405 6 
0 0.302112 6 
0 0.302743 6 
0 0.306044 6 
0 0.308841 6 
0 0.320076 6 
0 0.339359 6 
0 0.34356 6 
0 0.357479 6 
0 0.359481 6 
0 0.40094 6 
0 0.402187 6 
0 0.408034 6 
0 0.479208 6 
0 0.489079 6 
0 0.494517 6 
0 0.496358 6 
0 0.50599 6 
0 0.507168 6 
0 0.524245 6 
0 0.527246 6 
0 0.531492 6 
0 0.532661 6 
0 0.53855 6 
0 0.538816 6 
0 0.540677 6 
0 0.540765 6 
0 0.560419 6 
0 0.569056 6 
0 0.572825 6 
0 0.592768 6 
0 0.601634 6 
0 0.674349 6 
0 0.725833 6 
0 0.811475 6 
0 0.846778 6 
0 0.912114 6 
0 0.923663 6 
0 0.974132 6 
0 1.16398 6 
0 1.28715 6 
0 1.29751 6 
0 1.29751 6 
0 1.2977 6 
0 1.37608 6 
0 1.40956 6 
0 1.41363 6 
0 1.63622 6 
0 1.70083 6 
0 1.71016 6 
0 1.71024 6 
0 1.7242 6 
0 1.72694 6 
0 1.9274 6 
0 1.93137 6 
0 1.95861 6 
0 1.9639 6 
0 1.97833 6 
0 inf 6 
0 0.064133 7 
0 0.0663319 7 
0 0.0731898 7 
0 0.0800546 7 
0 0.0806545 7 
0 0.0891086 7 
0 0.0927819 7 
0 0.0982932 7 
0 0.103973 7 
0 0.104879 7 
0 0.105338 7 
0 0.106238 7 
0 0.108466 7 
0 0.109784 7 
0 0.109784 7 
0 0.110217 7 
0 0.11065 7 
0 0.116956 7 
0 0.117365 7 
0 0.131215 7 
0 0.146052 7 
0 0.147027 7 
0 0.149287 7 
0 0.15121 7 
0 0.154336 7 
0 0.158304 7 
0 0.158611 7 
0 0.166565 7 
0 0.167982 7 
0 0.169961 7 
0 0.169976 7 
0 0.170818 7 
0 0.189142 7 
0 0.194628 7 
0 0.200918 7 
0 0.20139 7 
0 0.203042 7 
0 0.203747 7 
0 0.211806 7 
0 0.216715 7 
0 0.218263 7 
0 0.222594 7 
0 0.244508 7 
0 0.247034 7 
0 0.247034 7 
0 0.251666 7 
0 0.256745 7 
0 0.259684 7 
0 0.260059 7 
0 0.260627 7 
0 0.271414 7 
0 0.273324 7 
0 0.297134 7 
0 0.297646 7 
0 0.349775 7 
0 0.373705 7 
0 0.394662 7 
0 0.396475 7 
0 0.397441 7 
0 0.422995 7 
0 0.429226 7 
0 0.447726 7 
0 0.456913 7 
0 0.459106 7 
0 0.460666 7 
0 0.475029 7 
0 0.483473 7 
0 0.49249 7 
0 0.506225 7 
0 0.508146 7 
0 0.508898 7 
0 0.509274 7 
0 0.548132 7 
0 0.549103 7 
0 0.551192 7 
0 0.559459 7 
0 0.563007 7 
0 0.568334 7 
0 0.568754 7 
0 0.571104 7 
0 0.708518 7 
0 0.78372 7 
0 0.860444 7 
0 0.91358 7 
0 0.925016 7 
0 0.992161 7 
0 1.00327 7 
0 1.01427 7 
0 1.02999 7 
0 1.03684 7 
0 1.07253 7 
0 1.07956 7 
0 1.10399 7 
0 1.11245 7 
0 1.13696 7 
0 1.149 7 
0 1.60458 7 
0 1.69372 7 
0 1.70006 7 
0 1.70284 7 
0 1.71499 7 
0 1.71758 7 
0 1.92365 7 
0 1.92377 7 
0 1.92504 7 
0 1.93278 7 
0 1.95148 7 
0 inf 7 
0 0.0586805 8 
0 0.0618545 8 
0 0.0641323 8 
0 0.066333 8 
0 0.0718686 8 
0 0.072532 8 
0 0.0824108 8 
0 0.0885621 8 
0 0.0963224 8 
0 0.0987765 8 
0 0.106246 8 
0 0.107581 8 
0 0.11322 8 
0 0.131221 8 
0 0.131583 8 
0 0.134458 8 
0 0.13552 8 
0 0.137624 8 
0 0.140034 8 
0 0.141391 8 
0 0.155875 8 
0 0.159517 8 
0 0.162775 8 
0 0.165401 8 
0 0.172202 8 
0 0.173028 8 
0 0.189406 8 
0 0.19413 8 
0 0.200943 8 
0 0.221736 8 
0 0.227508 8 
0 0.231234 8 
0 0.231864 8 
0 0.231881 8 
0 0.23207 8 
0 0.236553 8 
0 0.237363 8 
0 0.237967 8 
0 0.257652 8 
0 0.26152 8 
0 0.26695 8 
0 0.272089 8 
0 0.290465 8 
0 0.300185 8 
0 0.316728 8 
0 0.322477 8 
0 0.327422 8 
0 0.330823 8 
0 0.331545 8 
0 0.33393 8 
0 0.341334 8 
0 0.414253 8 
0 0.443206 8 
0 0.447448 8 
0 0.448356 8 
0 0.448356 8 
0 0.469222 8 
0 0.478443 8 
0 0.482284 8 
0 0.490831 8 
0 0.492042 8 
0 0.510024 8 
0 0.521155 8 
0 0.546686 8 
0 0.547568 8 
0 0.549399 8 
0 0.551944 8 
0 0.553043 8 
0 0.556192 8 
0 0.557377 8 
0 0.56758 8 
0 0.578119 8 
0 0.599964 8 
0 0.670673 8 
0 0.722663 8 
0 0.76359 8 
0 0.772308 8 
0 0.776938 8 
0 0.777562 8 
0 0.80092 8 
0 0.819727 8 
0 0.872912 8 
0 0.892221 8 
0 0.900878 8 
0 0.902363 8 
0 0.917511 8 
0 0.917511 8 
0 0.956144 8 
0 0.96585 8 
0 1.07274 8 
0 1.07274 8 
0 1.27409 8 
0 1.69944 8 
0 1.70135 8 
0 1.70214 8 
0 1.70215 8 
0 1.77076 8 
0 1.91887 8 
0 1.93285 8 
0 1.93649 8 
0 1.93965 8 
0 1.97405 8 
0 2.19338 8 
0 inf 8 
0 0.0479128 9 
0 0.0751221 9 
0 0.0852629 9 
0 0.0885621 9 
0 0.0912247 9 
0 0.0973124 9 
0 0.0997377 9 
0 0.108914 9 
0 0.118173 9 
0 0.123324 9 
0 0.126387 9 
0 0.131579 9 
0 0.133383 9 
0 0.153402 9 
0 0.154021 9 
0 0.154654 9 
0 0.15587 9 
0 0.16041 9 
0 0.162479 9 
0 0.171088 9 
0 0.171093 9 
0 0.17247 9 
0 0.174134 9 
0 0.175503 9 
0 0.186078 9 
0 0.186595 9 
0 0.198273 9 
0 0.20632 9 
0 0.206322 9 
0 0.226248 9 
0 0.231447 9 
0 0.238566 9 
0 0.245707 9 
0 0.247817 9 
0 0.256188 9 
0 0.264796 9 
0 0.27542 9 
0 0.277007 9 
0 0.28112 9 
0 0.294467 9 
0 0.299494 9 
0 0.30089 9 
0 0.301049 9 
0 0.306598 9 
0 0.311906 9 
0 0.342413 9 
0 0.361077 9 
0 0.367252 9 
0 0.413969 9 
0 0.468845 9 
0 0.471692 9 
0 0.486923 9 
0 0.508037 9 
0 0.50863 9 
0 0.508674 9 
0 0.510138 9 
0 0.512103 9 
0 0.516997 9 
0 0.528301 9 
0 0.53191 9 
0 0.533147 9 
0 0.535028 9 
0 0.535495 9 
0 0.535781 9 
0 0.552118 9 
0 0.553934 9 
0 0.55832 9 
0 0.668223 9 
0 0.698941 9 
0 0.734276 9 
0 0.741084 9 
0 0.744175 9 
0 0.747201 9 
0 0.747394 9 
0 0.756929 9 
0 0.786624 9 
0 0.813926 9 
0 0.844032 9 
0 0.911642 9 
0 0.911676 9 
0 0.911811 9 
0 0.913069 9 
0 0.918911 9 
0 0.921982 9 
0 0.926278 9 
0 0.926691 9 
0 0.94731 9 
0 0.991672 9 
0 1.05873 9 
0 1.68596 9 
0 1.68778 9 
0 1.6993 9 
0 1.71041 9 
0 1.71502 9 
0 1.96198 9 
0 1.96393 9 
0 1.96607 9 
0 1.97829 9 
0 1.98676 9 
0 inf 9 
0 0.0352628 10 
0 0.067761 10 
0 0.0698434 10 
0 0.0698443 10 
0 0.111529 10 
0 0.113212 10 
0 0.113618 10 
0 0.119783 10 
0 0.128636 10 
0 0.131588 10 
0 0.134456 10 
0 0.136221 10 
0 0.151832 10 
0 0.152462 10 
0 0.155576 10 
0 0.158916 10 
0 0.169686 10 
0 0.172473 10 
0 0.177668 10 
0 0.180872 10 
0 0.185083 10 
0 0.190405 10 
0 0.191184 10 
0 0.191184 10 
0 0.19996 10 
0 0.203278 10 
0 0.22807 10 
0 0.228698 10 
0 0.255225 10 
0 0.277649 10 
0 0.290955 10 
0 0.295271 10 
0 0.295272 10 
0 0.302946 10 
0 0.303511 10 
0 0.304129 10 
0 0.30977 10 
0 0.325261 10 
0 0.326432 10 
0 0.341993 10 
0 0.350693 10 
0 0.368292 10 
0 0.373457 10 
0 0.402128 10 
0 0.402485 10 
0 0.404618 10 
0 0.407327 10 
0 0.411068 10 
0 0.417478 10 
0 0.421404 10 
0 0.467565 10 
0 0.493208 10 
0 0.493557 10 
0 0.502395 10 
0 0.503572 10 
0 0.506982 10 
0 0.508823 10 
0 0.513316 10 
0 0.558354 10 
0 0.558355 10 
0 0.565745 10 
0 0.58288 10 
0 0.598028 10 
0 0.601855 10 
0 0.606121 10 
0 0.723618 10 
0 0.74334 10 
0 0.744883 10 
0 0.766559 10 
0 0.773269 10 
0 0.778364 10 
0 0.822955 10 
0 0.831048 10 
0 0.864062 10 
0 0.891016 10 
0 0.891285 10 
0 0.915728 10 
0 0.917563 10 
0 0.91927 10 
0 0.919385 10 
0 0.931221 10 
0 0.957081 10 
0 0.959676 10 
0 1.04216 10 
0 1.04436 10 
0 1.71192 10 
0 1.71293 10 
0 1.71694 10 
0 1.75171 10 
0 1.75179 10 
0 1.95969 10 
0 1.96496 10 
0 1.96989 10 
0 1.97156 10 
0 1.97454 10 
0 inf 10 
0 0.064136 11 
0 0.0829862 11 
0 0.14106 11 
0 0.1454 11 
0 0.150556 11 
0 0.152158 11 
0 0.157415 11 
0 0.158307 11 
0 0.165116 11 
0 0.179289 11 
0 0.180077 11 
0 0.182742 11 
0 0.190907 11 
0 0.200702 11 
0 0.202078 11 
0 0.203513 11 
0 0.212256 11 
0 0.225821 11 
0 0.225821 11 
0 0.22617 11 
0 0.228535 11 
0 0.231396 11 
0 0.23776 11 
0 0.266766 11 
0 0.270012 11 
0 0.274359 11 
0 0.276112 11 
0 0.284306 11 
0 0.292345 11 
0 0.297533 11 
0 0.300367 11 
0 0.300844 11 
0 0.313305 11 
0 0.317529 11 
0 0.318593 11 
0 0.32658 11 
0 0.330079 11 
0 0.332251 11 
0 0.33297 11 
0 0.33965 11 
0 0.34357 11 
0 0.355743 11 
0 0.393528 11 
0 0.394501 11 
0 0.402073 11 
0 0.414428 11 
0 0.414428 11 
0 0.416158 11 
0 0.486924 11 
0 0.487219 11 
0 0.506185 11 
0 0.508301 11 
0 0.515955 11 
0 0.522951 11 
0 0.536405 11 
0 0.538542 11 
0 0.618113 11 
0 0.625158 11 
0 0.625541 11 
0 0.6271 11 
0 0.630415 11 
0 0.687854 11 
0 0.727603 11 
0 0.753213 11 
0 0.753213 11 
0 0.762273 11 
0 0.762587 11 
0 0.800317 11 
0 0.859957 11 
0 0.862622 11 
0 0.877539 11 
0 0.911329 11 
0 0.912795 11 
0 0.915308 11 
0 0.931056 11 
0 0.9372 11 
0 0.938832 11 
0 0.94192 11 
0 0.971284 11 
0 1.6975 11 
0 1.69848 11 
0 1.70888 11 
0 1.71245 11 
0 1.71391 11 
0 1.71431 11 
0 1.72263 11 
0 1.9243 11 
0 1.92469 11 
0 1.93977 11 
0 2.16217 11 
0 2.1648 11 
0 inf 11 
0 0.0391258 12 
0 0.102573 12 
0 0.121367 12 
0 0.127142 12 
0 0.127516 12 
0 0.132664 12 
0 0.139691 12 
0 0.140363 12 
0 0.148325 12 
0 0.150882 12 
0 0.155875 12 
0 0.187593 12 
0 0.214049 12 
0 0.215861 12 
0 0.218427 12 
0 0.221114 12 
0 0.232679 12 
0 0.235292 12 
0 0.242348 12 
0 0.246456 12 
0 0.263872 12 
0 0.264698 12 
0 0.281509 12 
0 0.29845 12 
0 0.299729 12 
0 0.300365 12 
0 0.301769 12 
0 0.30416 12 
0 0.306045 12 
0 0.30711 12 
0 0.317073 12 
0 0.32892 12 
0 0.33354 12 
0 0.338097 12 
0 0.339654 12 
0 0.365689 12 
0 0.375624 12 
0 0.386669 12 
0 0.390177 12 
0 0.392744 12 
0 0.431443 12 
0 0.440221 12 
0 0.473181 12 
0 0.483084 12 
0 0.483084 12 
0 0.496744 12 
0 0.502622 12 
0 0.503153 12 
0 0.505279 12 
0 0.529913 12 
0 0.567904 12 
0 0.57994 12 
0 0.585194 12 
0 0.61052 12 
0 0.650085 12 
0 0.652804 12 
0 0.691791 12 
0 0.707944 12 
0 0.710978 12 
0 0.717682 12 
0 0.726951 12 
0 0.727149 12 
0 0.879258 12 
0 0.880092 12 
0 0.910888 12 
0 0.922708 12 
0 0.922708 12 
0 0.926938 12 
0 0.928199 12 
0 0.930029 12 
0 0.931285 12 
0 0.947577 12 
0 0.952535 12 
0 0.959887 12 
0 0.960037 12 
0 1.04233 12 
0 1.04417 12 
0 1.69067 12 
0 1.69225 12 
0 1.70072 12 
0 1.70072 12 
0 1.70353 12 
0 1.92084 12 
0 1.92164 12 
0 1.9692 12 
0 1.97966 12 
0 1.98186 12 
0 inf 12 
0 0.122546 13 
0 0.133756 13 
0 0.159796 13 
0 0.174988 13 
0 0.178238 13 
0 0.192598 13 
0 0.198466 13 
0 0.199708 13 
0 0.208397 13 
0 0.209533 13 
0 0.214942 13 
0 0.218477 13 
0 0.226849 13 
0 0.23594 13 
0 0.243929 13 
0 0.255579 13 
0 0.271828 13 
0 0.275368 13 
0 0.282695 13 
0 0.29341 13 
0 0.306047 13 
0 0.30931 13 
0 0.313281 13 
0 0.313281 13 
0 0.333539 13 
0 0.349368 13 
0 0.360018 13 
0 0.360552 13 
0 0.367777 13 
0 0.387654 13 
0 0.388028 13 
0 0.388029 13 
0 0.39158 13 
0 0.443473 13 
0 0.450165 13 
0 0.458587 13 
0 0.468334 13 
0 0.468335 13 
0 0.487843 13 
0 0.487904 13 
0 0.488394 13 
0 0.491946 13 
0 0.50986 13 
0 0.513505 13 
0 0.519282 13 
0 0.522278 13 
0 0.528773 13 
0 0.546916 13 
0 0.568411 13 
0 0.572216 13 
0 0.57255 13 
0 0.591613 13 
0 0.617573 13 
0 0.617573 13 
0 0.617574 13 
0 0.709199 13 
0 0.71507 13 
0 0.721859 13 
0 0.722853 13 
0 0.723646 13 
0 0.729177 13 
0 0.77123 13 
0 0.866604 13 
0 0.867654 13 
0 0.869195 13 
0 0.876482 13 
0 0.881053 13 
0 0.918658 13 
0 0.919075 13 
0 0.923731 13 
0 0.92721 13 
0 0.945683 13 
0 0.950526 13 
0 1.6869 13 
0 1.6869 13 
0 1.69135 13 
0 1.69406 13 
0 1.69474 13 
0 1.92886 13 
0 1.92919 13 
0 1.99011 13 
0 1.99626 13 
0 1.9971 13 
0 inf 13 
0 0.0987764 14 
0 0.126403 14 
0 0.128267 14 
0 0.129384 14 
0 0.135172 14 
0 0.147354 14 
0 0.147354 14 
0 0.155876 14 
0 0.165095 14 
0 0.167919 14 
0 0.174407 14 
0 0.176855 14 
0 0.178203 14 
0 0.188373 14 
0 0.192401 14 
0 0.217381 14 
0 0.218956 14 
0 0.220657 14 
0 0.223882 14 
0 0.223882 14 
0 0.227061 14 
0 0.231008 14 
0 0.232682 14 
0 0.251162 14 
0 0.25821 14 
0 0.275422 14 
0 0.280407 14 
0 0.280409 14 
0 0.280749 14 
0 0.280749 14 
0 0.289641 14 
0 0.291803 14 
0 0.299567 14 
0 0.344269 14 
0 0.351552 14 
0 0.382313 14 
0 0.400282 14 
0 0.426111 14 
0 0.438334 14 
0 0.449898 14 
0 0.459468 14 
0 0.459938 14 
0 0.46113 14 
0 0.475996 14 
0 0.483316 14 
0 0.485547 14 
0 0.487744 14 
0 0.505753 14 
0 0.505753 14 
0 0.50963 14 
0 0.514208 14 
0 0.514751 14 
0 0.600601 14 
0 0.70639 14 
0 0.711585 14 
0 0.751286 14 
0 0.755989 14 
0 0.759019 14 
0 0.763344 14 
0 0.844126 14 
0 0.844976 14 
0 0.846333 14 
0 0.851797 14 
0 0.853306 14 
0 0.857667 14 
0 0.858057 14 
0 0.915243 14 
0 0.918581 14 
0 0.928678 14 
0 0.951946 14 
0 1.68735 14 
0 1.68846 14 
0 1.69018 14 
0 1.69132 14 
0 1.69389 14 
0 1.92176 14 
0 1.94118 14 
0 1.94145 14 
0 1.94202 14 
0 inf 14 
0 0.118965 15 
0 0.118981 15 
0 0.133741 15 
0 0.134817 15 
0 0.143078 15 
0 0.144069 15 
0 0.144409 15 
0 0.167692 15 
0 0.184011 15 
0 0.187305 15 
0 0.196038 15 
0 0.198484 15 
0 0.198546 15 
0 0.207935 15 
0 0.208386 15 
0 0.211351 15 
0 0.211361 15 
0 0.211811 15 
0 0.211811 15 
0 0.216491 15 
0 0.217386 15 
0 0.219079 15 
0 0.219079 15 
0 0.232043 15 
0 0.23615 15 
0 0.242344 15 
0 0.251639 15 
0 0.271391 15 
0 0.284885 15 
0 0.307107 15 
0 0.312387 15 
0 0.313762 15 
0 0.314219 15 
0 0.314219 15 
0 0.324967 15 
0 0.368933 15 
0 0.388088 15 
0 0.398364 15 
0 0.399743 15 
0 0.401295 15 
0 0.403197 15 
0 0.406801 15 
0 0.413152 15 
0 0.459784 15 
0 0.480241 15 
0 0.490533 15 
0 0.503859 15 
0 0.504377 15 
0 0.574553 15 
0 0.574553 15 
0 0.591936 15 
0 0.606859 15 
0 0.672726 15 
0 0.726353 15 
0 0.752076 15 
0 0.806098 15 
0 0.820913 15 
0 0.857752 15 
0 0.863087 15 
0 0.868754 15 
0 0.873662 15 
0 0.942022 15 
0 0.989563 15 
0 0.991736 15 
0 1.03234 15 
0 1.03345 15 
0 1.03414 15 
0 1.6929 15 
0 1.75806 15 
0 1.7592 15 
0 1.75977 15 
0 1.92946 15 
0 1.95444 15 
0 1.96272 15 
0 1.9641 15 
0 inf 15 
0 0.0948233 16 
0 0.133749 16 
0 0.145728 16 
0 0.148014 16 
0 0.160699 16 
0 0.1654 16 
0 0.169678 16 
0 0.176318 16 
0 0.187651 16 
0 0.19116 16 
0 0.192615 16 
0 0.192645 16 
0 0.199964 16 
0 0.223645 16 
0 0.231234 16 
0 0.252739 16 
0 0.26379 16 
0 0.265365 16 
0 0.266264 16 
0 0.277054 16 
0 0.278133 16 
0 0.278133 16 
0 0.281551 16 
0 0.282752 16 
0 0.283369 16 
0 0.294088 16 
0 0.301447 16 
0 0.301792 16 
0 0.304207 16 
0 0.30695 16 
0 0.319444 16 
0 0.333395 16 
0 0.353196 16 
0 0.368569 16 
0 0.368958 16 
0 0.37049 16 
0 0.373954 16 
0 0.453763 16 
0 0.50205 16 
0 0.534707 16 
0 0.586823 16 
0 0.590155 16 
0 0.59097 16 
0 0.599881 16 
0 0.601871 16 
0 0.623275 16 
0 0.659733 16 
0 0.660819 16 
0 0.706186 16 
0 0.711584 16 
0 0.712658 16 
0 0.715605 16 
0 0.873806 16 
0 0.898364 16 
0 0.90928 16 
0 0.9286 16 
0 0.933634 16 
0 0.935937 16 
0 0.952742 16 
0 0.954998 16 
0 1.70068 16 
0 1.71578 16 
0 1.74959 16 
0 1.75123 16 
0 1.7521 16 
0 1.76645 16 
0 1.7674 16 
0 1.92857 16 
0 2.14657 16 
0 2.15353 16 
0 2.15467 16 
0 inf 16 
0 0.142423 17 
0 0.147374 17 
0 0.158622 17 
0 0.175712 17 
0 0.202133 17 
0 0.203313 17 
0 0.214307 17 
0 0.217329 17 
0 0.219357 17 
0 0.223056 17 
0 0.226426 17 
0 0.226427 17 
0 0.246452 17 
0 0.246453 17 
0 0.256121 17 
0 0.257053 17 
0 0.280607 17 
0 0.284163 17 
0 0.284164 17 
0 0.285507 17 
0 0.285639 17 
0 0.296122 17 
0 0.29741 17 
0 0.297411 17 
0 0.301246 17 
0 0.302477 17 
0 0.309973 17 
0 0.326439 17 
0 0.336962 17 
0 0.340774 17 
0 0.35688 17 
0 0.35955 17 
0 0.424011 17 
0 0.47673 17 
0 0.56878 17 
0 0.575467 17 
0 0.582488 17 
0 0.583882 17 
0 0.633503 17 
0 0.638017 17 
0 0.646949 17 
0 0.711717 17 
0 0.718073 17 
0 0.719869 17 
0 0.719869 17 
0 0.75042 17 
0 0.834032 17 
0 0.844184 17 
0 0.850332 17 
0 0.921308 17 
0 0.942298 17 
0 0.947111 17 
0 0.948117 17 
0 0.949528 17 
0 0.956907 17 
0 1.11304 17 
0 1.22012 17 
0 1.23229 17 
0 1.23636 17 
0 1.6884 17 
0 1.68883 17 
0 1.68959 17 
0 1.69021 17 
0 1.928 17 
0 2.0212 17 
0 2.02642 17 
0 2.02668 17 
0 inf 17 
0 0.0677631 18 
0 0.120169 18 
0 0.127894 18 
0 0.137969 18 
0 0.137969 18 
0 0.191097 18 
0 0.193442 18 
0 0.194411 18 
0 0.196827 18 
0 0.204914 18 
0 0.208615 18 
0 0.213606 18 
0 0.213777 18 
0 0.217327 18 
0 0.218425 18 
0 0.221128 18 
0 0.26106 18 
0 0.263794 18 
0 0.264516 18 
0 0.268187 18 
0 0.278089 18 
0 0.300364 18 
0 0.300364 18 
0 0.302111 18 
0 0.302111 18 
0 0.342861 18 
0 0.349904 18 
0 0.40034 18 
0 0.468844 18 
0 0.477543 18 
0 0.48868 18 
0 0.497506 18 
0 0.497506 18 
0 0.516514 18 
0 0.518732 18 
0 0.588125 18 
0 0.595801 18 
0 0.611018 18 
0 0.611878 18 
0 0.645283 18 
0 0.648609 18 
0 0.70252 18 
0 0.736033 18 
0 0.737591 18 
0 0.737591 18 
0 0.92032 18 
0 0.92032 18 
0 0.922811 18 
0 0.922967 18 
0 1.0219 18 
0 1.02208 18 
0 1.03172 18 
0 1.09134 18 
0 1.14334 18 
0 1.33502 18 
0 1.69064 18 
0 1.70214 18 
0 1.70214 18 
0 1.70442 18 
0 1.93589 18 
0 1.95903 18 
0 1.97265 18 
0 1.97302 18 
0 inf 18 
0 0.103965 19 
0 0.113215 19 
0 0.142065 19 
0 0.168544 19 
0 0.202106 19 
0 0.203284 19 
0 0.207707 19 
0 0.235943 19 
0 0.236986 19 
0 0.240162 19 
0 0.240917 19 
0 0.240918 19 
0 0.24092 19 
0 0.246302 19 
0 0.247271 19 
0 0.264977 19 
0 0.26874 19 
0 0.28134 19 
0 0.294047 19 
0 0.29423 19 
0 0.301998 19 
0 0.302672 19 
0 0.305815 19 
0 0.309043 19 
0 0.336102 19 
0 0.399506 19 
0 0.482779 19 
0 0.493261 19 
0 0.495973 19 
0 0.498282 19 
0 0.50929 19 
0 0.511302 19 
0 0.518731 19 
0 0.579772 19 
0 0.58959 19 
0 0.592503 19 
0 0.618335 19 
0 0.661327 19 
0 0.663639 19 
0 0.666013 19 
0 0.715537 19 
0 0.716005 19 
0 0.726153 19 
0 0.72911 19 
0 0.859113 19 
0 0.860058 19 
0 0.915663 19 
0 0.916978 19 
0 0.917968 19 
0 0.940829 19 
0 0.941642 19 
0 0.942708 19 
0 1.17331 19 
0 1.68982 19 
0 1.6899 19 
0 1.6899 19 
0 1.92213 19 
0 2.0125 19 
0 2.01281 19 
0 inf 19 
0 0.139 20 
0 0.139001 20 
0 0.140029 20 
0 0.14474 20 
0 0.158614 20 
0 0.166843 20 
0 0.171091 20 
0 0.200942 20 
0 0.211176 20 
0 0.211381 20 
0 0.212248 20 
0 0.212923 20 
0 0.214713 20 
0 0.236559 20 
0 0.240568 20 
0 0.24156 20 
0 0.259139 20 
0 0.265674 20 
0 0.268359 20 
0 0.271373 20 
0 0.326582 20 
0 0.349912 20 
0 0.351611 20 
0 0.353177 20 
0 0.372868 20 
0 0.373765 20 
0 0.376329 20 
0 0.387594 20 
0 0.397949 20 
0 0.401176 20 
0 0.403078 20 
0 0.408738 20 
0 0.4881 20 
0 0.4881 20 
0 0.493556 20 
0 0.504045 20 
0 0.511114 20 
0 0.518545 20 
0 0.586561 20 
0 0.586805 20 
0 0.613753 20 
0 0.77658 20 
0 0.778057 20 
0 0.781638 20 
0 0.784388 20 
0 0.919061 20 
0 0.925286 20 
0 0.930553 20 
0 0.931221 20 
0 1.71357 20 
0 1.71602 20 
0 1.96697 20 
0 1.97098 20 
0 2.17682 20 
0 3.68889 20 
0 inf 20 
