0 0.0123767 1 
0 0.0148771 1 
0 0.0148771 1 
0 0.01652 1 
0 0.0184565 1 
0 0.0189108 1 
0 0.0189108 1 
0 0.0210452 1 
0 0.02261 1 
0 0.0229769 1 
0 0.0240715 1 
0 0.0251021 1 
0 0.0251054 1 
0 0.0254428 1 
0 0.0254428 1 
0 0.0254435 1 
0 0.0254444 1 
0 0.0267423 1 
0 0.0267423 1 
0 0.0276885 1 
0 0.0279992 1 
0 0.0294843 1 
0 0.0303303 1 
0 0.0303369 1 
0 0.0311613 1 
0 0.0314313 1 
0 0.0319689 1 
0 0.032241 1 
0 0.033015 1 
0 0.0335315 1 
0 0.0355032 1 
0 0.0371472 1 
0 0.0373756 1 
0 0.0376096 1 
0 0.0378281 1 
0 0.0380561 1 
0 0.0380572 1 
0 0.0382798 1 
0 0.0382806 1 
0 0.0384963 1 
0 0.0387209 1 
0 0.0391511 1 
0 0.0391585 1 
0 0.0395917 1 
0 0.0400179 1 
0 0.0400181 1 
0 0.0424972 1 
0 0.0446404 1 
0 0.0448348 1 
0 0.0454062 1 
0 0.0490084 1 
0 0.0500432 1 
0 0.0520452 1 
0 0.0525365 1 
0 0.0530181 1 
0 0.0530197 1 
0 0.0531784 1 
0 0.0546009 1 
0 0.0547554 1 
0 0.0549107 1 
0 0.0574885 1 
0 0.0577848 1 
0 0.0621862 1 
0 0.0627316 1 
0 0.0639444 1 
0 0.0659139 1 
0 0.0676951 1 
0 0.0730219 1 
0 0.0740642 1 
0 0.0746369 1 
0 0.0754294 1 
0 0.0754309 1 
0 0.075432 1 
0 0.0789661 1 
0 0.0793948 1 
0 0.0824511 1 
0 0.0870666 1 
0 0.0894832 1 
0 0.091184 1 
0 0.0924739 1 
0 0.0937601 1 
0 0.096537 1 
0 0.0998331 1 
0 0.104013 1 
0 0.105234 1 
0 0.106992 1 
0 0.107552 1 
0 0.11386 1 
0 0.13304 1 
0 0.136074 1 
0 0.143574 1 
0 0.148243 1 
0 0.154544 1 
0 0.170728 1 
0 0.170878 1 
0 0.174428 1 
0 0.177768 1 
0 0.197083 1 
0 0.211023 1 
0 0.2191 1 
0 0.268218 1 
0 0.280207 1 
0 0.341096 1 
0 0.417407 1 
0 0.42701 1 
0 0.501065 1 
0 0.567587 1 
0 0.570411 1 
0 0.584037 1 
0 0.586895 1 
0 0.649662 1 
0 0.652379 1 
0 0.665645 1 
0 0.703858 1 
0 0.70687 1 
0 0.796502 1 
0 0.895792 1 
0 0.972105 1 
0 1.08511 1 
0 1.08911 1 
0 1.23521 1 
0 1.425 1 
0 1.43781 1 
0 2.11103 1 
0 2.32676 1 
0 2.72182 1 
0 2.962 1 
0 4.15254 1 
0 4.25957 1 
0 4.41318 1 
0 4.47122 1 
0 inf 1 
0 0.01238 2 
0 0.014301 2 
0 0.016505 2 
0 0.016515 2 
0 0.020632 2 
0 0.022224 2 
0 0.0237146 2 
0 0.0237146 2 
0 0.0237146 2 
0 0.0240647 2 
0 0.0240678 2 
0 0.024071 2 
0 0.0254347 2 
0 0.0261046 2 
0 0.0267439 2 
0 0.027986 2 
0 0.0291837 2 
0 0.0291865 2 
0 0.0314308 2 
0 0.0335307 2 
0 0.0335359 2 
0 0.0352739 2 
0 0.0371443 2 
0 0.0378281 2 
0 0.038939 2 
0 0.0400181 2 
0 0.040436 2 
0 0.0408625 2 
0 0.0414831 2 
0 0.0424889 2 
0 0.0428981 2 
0 0.0432823 2 
0 0.0434809 2 
0 0.0434809 2 
0 0.0448318 2 
0 0.0448401 2 
0 0.0450218 2 
0 0.0457796 2 
0 0.046517 2 
0 0.0470612 2 
0 0.0477737 2 
0 0.0477738 2 
0 0.0484825 2 
0 0.0491794 2 
0 0.0493571 2 
0 0.0500428 2 
0 0.0517175 2 
0 0.0518813 2 
0 0.0531744 2 
0 0.05318 2 
0 0.0536594 2 
0 0.0555307 2 
0 0.0588073 2 
0 0.0593837 2 
0 0.0631357 2 
0 0.0662967 2 
0 0.0689417 2 
0 0.0695571 2 
0 0.0747514 2 
0 0.0785337 2 
0 0.0797195 2 
0 0.0819298 2 
0 0.082036 2 
0 0.0844867 2 
0 0.0943944 2 
0 0.0974976 2 
0 0.0975926 2 
0 0.0994054 2 
0 0.103187 2 
0 0.105314 2 
0 0.115203 2 
0 0.119765 2 
0 0.121181 2 
0 0.124303 2 
0 0.138497 2 
0 0.139055 2 
0 0.140274 2 
0 0.140275 2 
0 0.147957 2 
0 0.156574 2 
0 0.159381 2 
0 0.171475 2 
0 0.173109 2 
0 0.176954 2 
0 0.181697 2 
0 0.183198 2 
0 0.192621 2 
0 0.226294 2 
0 0.230508 2 
0 0.270178 2 
0 0.271615 2 
0 0.340672 2 
0 0.347948 2 
0 0.364065 2 
0 0.398996 2 
0 0.455509 2 
0 0.544871 2 
0 0.545574 2 
0 0.549792 2 
0 0.560456 2 
0 0.564767 2 
0 0.605286 2 
0 0.613386 2 
0 0.648966 2 
0 0.714096 2 
0 0.81843 2 
0 0.819709 2 
0 0.830797 2 
0 0.835862 2 
0 0.841828 2 
0 0.857892 2 
0 0.870043 2 
0 0.874607 2 
0 1.0847 2 
0 1.10918 2 
0 1.79935 2 
0 1.91456 2 
0 2.04722 2 
0 2.14969 2 
0 2.97893 2 
0 3.26549 2 
0 3.38267 2 
0 3.44039 2 
0 3.5983 2 
0 3.60635 2 
0 3.61092 2 
0 3.6868 2 
0 inf 2 
0 0.0170115 3 
0 0.0170163 3 
0 0.0170163 3 
0 0.0170212 3 
0 0.0202169 3 
0 0.0226113 3 
0 0.0237111 3 
0 0.0264257 3 
0 0.0264308 3 
0 0.0267526 3 
0 0.027986 3 
0 0.0294769 3 
0 0.0297652 3 
0 0.0303337 3 
0 0.0303342 3 
0 0.0311649 3 
0 0.0327628 3 
0 0.0355067 3 
0 0.0355067 3 
0 0.0362153 3 
0 0.0366835 3 
0 0.0373733 3 
0 0.0373778 3 
0 0.0378259 3 
0 0.0380604 3 
0 0.0389364 3 
0 0.0391564 3 
0 0.0408657 3 
0 0.0414821 3 
0 0.043292 3 
0 0.0440673 3 
0 0.0440701 3 
0 0.0455876 3 
0 0.0461542 3 
0 0.0483095 3 
0 0.0483103 3 
0 0.0533327 3 
0 0.0562934 3 
0 0.0592402 3 
0 0.0598094 3 
0 0.0614913 3 
0 0.061908 3 
0 0.0620507 3 
0 0.0627311 3 
0 0.0647338 3 
0 0.0648674 3 
0 0.0653911 3 
0 0.0661654 3 
0 0.0675694 3 
0 0.0675694 3 
0 0.0712509 3 
0 0.0725556 3 
0 0.0802552 3 
0 0.0808873 3 
0 0.0822393 3 
0 0.0847924 3 
0 0.0942113 3 
0 0.113639 3 
0 0.11747 3 
0 0.118052 3 
0 0.118411 3 
0 0.119198 3 
0 0.120335 3 
0 0.129672 3 
0 0.130456 3 
0 0.139967 3 
0 0.143104 3 
0 0.144283 3 
0 0.147328 3 
0 0.14802 3 
0 0.151932 3 
0 0.178483 3 
0 0.187247 3 
0 0.196038 3 
0 0.209238 3 
0 0.229249 3 
0 0.246196 3 
0 0.258408 3 
0 0.271771 3 
0 0.303183 3 
0 0.340465 3 
0 0.365351 3 
0 0.404056 3 
0 0.445093 3 
0 0.464307 3 
0 0.479776 3 
0 0.485433 3 
0 0.498739 3 
0 0.506517 3 
0 0.516102 3 
0 0.547787 3 
0 0.611425 3 
0 0.652151 3 
0 0.662448 3 
0 0.666556 3 
0 0.701511 3 
0 0.708684 3 
0 0.714287 3 
0 0.736396 3 
0 0.762575 3 
0 0.779967 3 
0 0.783734 3 
0 0.788656 3 
0 0.797931 3 
0 0.81655 3 
0 1.00963 3 
0 1.08484 3 
0 1.11118 3 
0 1.20315 3 
0 1.61751 3 
0 1.62858 3 
0 1.63166 3 
0 1.63176 3 
0 1.7215 3 
0 1.7371 3 
0 2.74955 3 
0 2.92541 3 
0 3.17492 3 
0 3.183 3 
0 3.18325 3 
0 3.42305 3 
0 3.56688 3 
0 3.58071 3 
0 inf 3 
0 0.01238 4 
0 0.0148826 4 
0 0.0175127 4 
0 0.0197931 4 
0 0.0226045 4 
0 0.0251021 4 
0 0.0254423 4 
0 0.027067 4 
0 0.0282966 4 
0 0.0300476 4 
0 0.0308874 4 
0 0.0308901 4 
0 0.03116 4 
0 0.0322358 4 
0 0.0324981 4 
0 0.0335317 4 
0 0.0373716 4 
0 0.0373758 4 
0 0.0387215 4 
0 0.0391554 4 
0 0.0440636 4 
0 0.0442641 4 
0 0.0446432 4 
0 0.045408 4 
0 0.0463324 4 
0 0.047773 4 
0 0.0483101 4 
0 0.0503828 4 
0 0.0510546 4 
0 0.051216 4 
0 0.0534994 4 
0 0.0538166 4 
0 0.0555336 4 
0 0.0556819 4 
0 0.0599507 4 
0 0.0602381 4 
0 0.0614977 4 
0 0.0620492 4 
0 0.0625972 4 
0 0.0628645 4 
0 0.0669354 4 
0 0.0681973 4 
0 0.0694369 4 
0 0.0739584 4 
0 0.0807779 4 
0 0.0819261 4 
0 0.0827567 4 
0 0.0840866 4 
0 0.0851902 4 
0 0.0872671 4 
0 0.0878525 4 
0 0.102189 4 
0 0.108186 4 
0 0.119126 4 
0 0.120547 4 
0 0.120547 4 
0 0.135015 4 
0 0.135707 4 
0 0.138806 4 
0 0.139728 4 
0 0.139968 4 
0 0.140216 4 
0 0.143637 4 
0 0.227906 4 
0 0.256995 4 
0 0.268243 4 
0 0.280444 4 
0 0.295932 4 
0 0.335628 4 
0 0.347987 4 
0 0.394117 4 
0 0.398309 4 
0 0.418733 4 
0 0.420664 4 
0 0.458667 4 
0 0.467778 4 
0 0.503013 4 
0 0.512266 4 
0 0.530229 4 
0 0.579227 4 
0 0.593678 4 
0 0.614401 4 
0 0.629632 4 
0 0.636092 4 
0 0.646538 4 
0 0.663103 4 
0 0.663368 4 
0 0.665522 4 
0 0.680926 4 
0 0.68396 4 
0 0.700738 4 
0 0.712291 4 
0 0.722179 4 
0 0.725709 4 
0 0.750755 4 
0 0.770022 4 
0 0.781823 4 
0 0.899551 4 
0 0.913954 4 
0 1.04507 4 
0 1.11 4 
0 1.29075 4 
0 1.30387 4 
0 1.42524 4 
0 1.57597 4 
0 1.57953 4 
0 1.58604 4 
0 1.71994 4 
0 1.74059 4 
0 1.74476 4 
0 1.74509 4 
0 1.74547 4 
0 2.00738 4 
0 2.03751 4 
0 2.05225 4 
0 2.60505 4 
0 2.71714 4 
0 2.71978 4 
0 2.7273 4 
0 inf 4 
0 0.020632 5 
0 0.0237042 5 
0 0.0240671 5 
0 0.0254428 5 
0 0.0254428 5 
0 0.0257774 5 
0 0.0264277 5 
0 0.0264324 5 
0 0.0279958 5 
0 0.0288924 5 
0 0.0332741 5 
0 0.0362213 5 
0 0.0380533 5 
0 0.0400188 5 
0 0.0430897 5 
0 0.0436878 5 
0 0.0442648 5 
0 0.0461469 5 
0 0.047055 5 
0 0.048486 5 
0 0.0486657 5 
0 0.0493546 5 
0 0.0512176 5 
0 0.0512199 5 
0 0.0545995 5 
0 0.0579332 5 
0 0.0580751 5 
0 0.0592365 5 
0 0.0598082 5 
0 0.0603823 5 
0 0.0607984 5 
0 0.0614995 5 
0 0.0631373 5 
0 0.0647364 5 
0 0.0660447 5 
0 0.0662928 5 
0 0.0682043 5 
0 0.0708916 5 
0 0.0727857 5 
0 0.0729059 5 
0 0.0764405 5 
0 0.0798191 5 
0 0.0862832 5 
0 0.0869649 5 
0 0.0882341 5 
0 0.0938492 5 
0 0.0978481 5 
0 0.101189 5 
0 0.10294 5 
0 0.108736 5 
0 0.109126 5 
0 0.122785 5 
0 0.129934 5 
0 0.130653 5 
0 0.146745 5 
0 0.227644 5 
0 0.235117 5 
0 0.286365 5 
0 0.329324 5 
0 0.344321 5 
0 0.355016 5 
0 0.357441 5 
0 0.394014 5 
0 0.406296 5 
0 0.460515 5 
0 0.462373 5 
0 0.467033 5 
0 0.483168 5 
0 0.486244 5 
0 0.505883 5 
0 0.513951 5 
0 0.591546 5 
0 0.594089 5 
0 0.596285 5 
0 0.598887 5 
0 0.607269 5 
0 0.617915 5 
0 0.635171 5 
0 0.635707 5 
0 0.636266 5 
0 0.636457 5 
0 0.669396 5 
0 0.708963 5 
0 0.715189 5 
0 0.718457 5 
0 0.728102 5 
0 0.732965 5 
0 0.736755 5 
0 0.739353 5 
0 0.744621 5 
0 1.05357 5 
0 1.11885 5 
0 1.14259 5 
0 1.16847 5 
0 1.19956 5 
0 1.20021 5 
0 1.20596 5 
0 1.20664 5 
0 1.20709 5 
0 1.30046 5 
0 1.38021 5 
0 1.38417 5 
0 1.73327 5 
0 1.7349 5 
0 1.73751 5 
0 1.73768 5 
0 1.73828 5 
0 1.7399 5 
0 1.87468 5 
0 1.88777 5 
0 1.88792 5 
0 1.89268 5 
0 1.9268 5 
0 1.92878 5 
0 1.94765 5 
0 inf 5 
0 0.0109145 6 
0 0.0116697 6 
0 0.0222235 6 
0 0.0229782 6 
0 0.0264257 6 
0 0.0270696 6 
0 0.0311636 6 
0 0.0332742 6 
0 0.0332744 6 
0 0.0355052 6 
0 0.037382 6 
0 0.0380594 6 
0 0.0398013 6 
0 0.0406565 6 
0 0.0440682 6 
0 0.0470585 6 
0 0.0484854 6 
0 0.0512204 6 
0 0.0525359 6 
0 0.0525404 6 
0 0.0564491 6 
0 0.0567454 6 
0 0.0585219 6 
0 0.0600849 6 
0 0.060796 6 
0 0.0620477 6 
0 0.0642079 6 
0 0.0693127 6 
0 0.069436 6 
0 0.0710124 6 
0 0.0724381 6 
0 0.0725558 6 
0 0.0741777 6 
0 0.0741792 6 
0 0.0763305 6 
0 0.078639 6 
0 0.0799332 6 
0 0.0805659 6 
0 0.0907044 6 
0 0.0931206 6 
0 0.0952945 6 
0 0.118054 6 
0 0.121182 6 
0 0.121182 6 
0 0.124233 6 
0 0.124303 6 
0 0.125327 6 
0 0.190975 6 
0 0.223909 6 
0 0.244825 6 
0 0.267 6 
0 0.340064 6 
0 0.348492 6 
0 0.351978 6 
0 0.3818 6 
0 0.388962 6 
0 0.390601 6 
0 0.41856 6 
0 0.431175 6 
0 0.437975 6 
0 0.438286 6 
0 0.504467 6 
0 0.515132 6 
0 0.523741 6 
0 0.534875 6 
0 0.537402 6 
0 0.56607 6 
0 0.604894 6 
0 0.605457 6 
0 0.605457 6 
0 0.606592 6 
0 0.624197 6 
0 0.62492 6 
0 0.644939 6 
0 0.649257 6 
0 0.653128 6 
0 0.68631 6 
0 0.698152 6 
0 0.72247 6 
0 0.723319 6 
0 0.723319 6 
0 0.739886 6 
0 0.752793 6 
0 0.752895 6 
0 0.754196 6 
0 0.941037 6 
0 1.0505 6 
0 1.05465 6 
0 1.12708 6 
0 1.12745 6 
0 1.12985 6 
0 1.13177 6 
0 1.14722 6 
0 1.14998 6 
0 1.18295 6 
0 1.1856 6 
0 1.18827 6 
0 1.1918 6 
0 1.2286 6 
0 1.25317 6 
0 1.26277 6 
0 1.39715 6 
0 1.40025 6 
0 1.41284 6 
0 1.46509 6 
0 1.5572 6 
0 1.75436 6 
0 2.32013 6 
0 2.32113 6 
0 2.32177 6 
0 2.32943 6 
0 inf 6 
0 0.0288925 7 
0 0.0345299 7 
0 0.0345299 7 
0 0.0373717 7 
0 0.0393743 7 
0 0.0400171 7 
0 0.0408609 7 
0 0.0448377 7 
0 0.0457771 7 
0 0.0475965 7 
0 0.0481299 7 
0 0.0481334 7 
0 0.0491819 7 
0 0.0525381 7 
0 0.0530197 7 
0 0.0550692 7 
0 0.0565931 7 
0 0.0568938 7 
0 0.0606656 7 
0 0.0660362 7 
0 0.0660407 7 
0 0.0664281 7 
0 0.0675683 7 
0 0.0695579 7 
0 0.0714884 7 
0 0.0718531 7 
0 0.075664 7 
0 0.08014 7 
0 0.0809908 7 
0 0.0853873 7 
0 0.0891046 7 
0 0.090244 7 
0 0.0909903 7 
0 0.0932173 7 
0 0.0957314 7 
0 0.0958281 7 
0 0.106512 7 
0 0.109281 7 
0 0.124917 7 
0 0.159453 7 
0 0.179436 7 
0 0.227982 7 
0 0.244529 7 
0 0.270518 7 
0 0.29517 7 
0 0.298184 7 
0 0.305882 7 
0 0.324431 7 
0 0.33044 7 
0 0.334209 7 
0 0.335398 7 
0 0.408258 7 
0 0.424253 7 
0 0.464725 7 
0 0.46511 7 
0 0.47597 7 
0 0.500517 7 
0 0.502517 7 
0 0.507123 7 
0 0.510054 7 
0 0.567174 7 
0 0.5809 7 
0 0.582423 7 
0 0.590641 7 
0 0.598462 7 
0 0.600295 7 
0 0.600679 7 
0 0.606578 7 
0 0.61848 7 
0 0.619087 7 
0 0.630321 7 
0 0.633558 7 
0 0.69862 7 
0 0.700702 7 
0 0.701577 7 
0 0.71896 7 
0 0.733933 7 
0 0.737124 7 
0 0.737181 7 
0 0.739794 7 
0 0.740035 7 
0 0.758796 7 
0 0.804445 7 
0 0.834494 7 
0 0.913139 7 
0 1.02048 7 
0 1.07482 7 
0 1.18425 7 
0 1.18428 7 
0 1.18531 7 
0 1.19718 7 
0 1.20014 7 
0 1.20237 7 
0 1.23982 7 
0 1.24272 7 
0 1.24349 7 
0 1.2634 7 
0 1.26578 7 
0 1.30005 7 
0 1.3668 7 
0 1.50894 7 
0 1.73084 7 
0 1.73146 7 
0 1.73178 7 
0 1.75529 7 
0 1.78601 7 
0 1.83247 7 
0 inf 7 
0 0.0342848 8 
0 0.0342883 8 
0 0.034533 8 
0 0.0352677 8 
0 0.0434861 8 
0 0.046879 8 
0 0.0493604 8 
0 0.0531809 8 
0 0.0534992 8 
0 0.0546019 8 
0 0.0552186 8 
0 0.0628633 8 
0 0.065 8 
0 0.0731437 8 
0 0.074184 8 
0 0.0771074 8 
0 0.0775467 8 
0 0.0792832 8 
0 0.0827584 8 
0 0.0833715 8 
0 0.0847894 8 
0 0.0852911 8 
0 0.0862831 8 
0 0.0896704 8 
0 0.0908999 8 
0 0.0973305 8 
0 0.0979315 8 
0 0.103602 8 
0 0.104426 8 
0 0.112542 8 
0 0.128016 8 
0 0.14499 8 
0 0.165253 8 
0 0.225502 8 
0 0.242224 8 
0 0.243066 8 
0 0.243935 8 
0 0.251771 8 
0 0.272556 8 
0 0.276142 8 
0 0.278102 8 
0 0.302424 8 
0 0.3031 8 
0 0.335982 8 
0 0.343846 8 
0 0.355567 8 
0 0.369026 8 
0 0.371357 8 
0 0.372822 8 
0 0.411458 8 
0 0.459665 8 
0 0.469238 8 
0 0.469365 8 
0 0.482232 8 
0 0.486103 8 
0 0.494854 8 
0 0.502029 8 
0 0.564269 8 
0 0.568905 8 
0 0.574323 8 
0 0.579858 8 
0 0.58475 8 
0 0.600738 8 
0 0.6159 8 
0 0.624702 8 
0 0.639484 8 
0 0.642462 8 
0 0.643204 8 
0 0.655535 8 
0 0.656475 8 
0 0.685649 8 
0 0.689692 8 
0 0.691135 8 
0 0.691191 8 
0 0.693547 8 
0 0.694694 8 
0 0.705722 8 
0 0.733279 8 
0 0.754452 8 
0 0.804458 8 
0 0.906901 8 
0 1.0375 8 
0 1.1535 8 
0 1.15932 8 
0 1.16012 8 
0 1.18085 8 
0 1.18291 8 
0 1.18455 8 
0 1.2217 8 
0 1.2402 8 
0 1.26123 8 
0 1.27526 8 
0 1.36596 8 
0 1.4367 8 
0 1.5243 8 
0 1.53973 8 
0 1.5398 8 
0 1.70995 8 
0 1.71593 8 
0 1.71606 8 
0 1.71847 8 
0 1.74451 8 
0 1.77577 8 
0 inf 8 
0 0.0332742 9 
0 0.0332754 9 
0 0.033532 9 
0 0.0342819 9 
0 0.0426949 9 
0 0.0434904 9 
0 0.0546045 9 
0 0.0555256 9 
0 0.0627321 9 
0 0.0639439 9 
0 0.0657793 9 
0 0.068576 9 
0 0.0725533 9 
0 0.0805661 9 
0 0.0853895 9 
0 0.0981112 9 
0 0.099741 9 
0 0.101014 9 
0 0.102189 9 
0 0.105628 9 
0 0.108416 9 
0 0.109983 9 
0 0.12587 9 
0 0.126943 9 
0 0.129014 9 
0 0.177331 9 
0 0.177572 9 
0 0.181936 9 
0 0.223911 9 
0 0.229415 9 
0 0.231778 9 
0 0.23286 9 
0 0.261303 9 
0 0.263338 9 
0 0.265255 9 
0 0.28283 9 
0 0.285378 9 
0 0.288838 9 
0 0.303336 9 
0 0.304597 9 
0 0.338935 9 
0 0.390659 9 
0 0.397469 9 
0 0.403593 9 
0 0.406704 9 
0 0.457762 9 
0 0.472414 9 
0 0.485147 9 
0 0.503064 9 
0 0.520069 9 
0 0.525029 9 
0 0.527871 9 
0 0.529724 9 
0 0.580019 9 
0 0.582071 9 
0 0.585213 9 
0 0.58626 9 
0 0.594756 9 
0 0.594899 9 
0 0.595199 9 
0 0.616466 9 
0 0.624101 9 
0 0.627478 9 
0 0.637613 9 
0 0.641494 9 
0 0.643588 9 
0 0.67278 9 
0 0.673097 9 
0 0.681755 9 
0 0.684933 9 
0 0.696678 9 
0 0.698151 9 
0 0.707933 9 
0 0.772181 9 
0 0.776109 9 
0 0.859044 9 
0 0.860547 9 
0 0.884688 9 
0 0.889745 9 
0 0.922828 9 
0 0.95334 9 
0 1.03332 9 
0 1.1286 9 
0 1.1806 9 
0 1.18083 9 
0 1.18141 9 
0 1.18463 9 
0 1.19958 9 
0 1.20913 9 
0 1.21453 9 
0 1.26051 9 
0 1.45758 9 
0 1.4685 9 
0 1.71286 9 
0 1.71423 9 
0 1.71464 9 
0 1.72512 9 
0 1.72756 9 
0 1.72851 9 
0 inf 9 
0 0.0303271 10 
0 0.032232 10 
0 0.038503 10 
0 0.0513928 10 
0 0.0531795 10 
0 0.0549101 10 
0 0.0580753 10 
0 0.0668128 10 
0 0.0762184 10 
0 0.0801447 10 
0 0.0879451 10 
0 0.092659 10 
0 0.101272 10 
0 0.114121 10 
0 0.123689 10 
0 0.126613 10 
0 0.129208 10 
0 0.130452 10 
0 0.153213 10 
0 0.161816 10 
0 0.168515 10 
0 0.17702 10 
0 0.180829 10 
0 0.201917 10 
0 0.222228 10 
0 0.226255 10 
0 0.261717 10 
0 0.266473 10 
0 0.267734 10 
0 0.273939 10 
0 0.276144 10 
0 0.277362 10 
0 0.279091 10 
0 0.289866 10 
0 0.318112 10 
0 0.34328 10 
0 0.350262 10 
0 0.364302 10 
0 0.372063 10 
0 0.373092 10 
0 0.437473 10 
0 0.442536 10 
0 0.444093 10 
0 0.44486 10 
0 0.455558 10 
0 0.456252 10 
0 0.458431 10 
0 0.460319 10 
0 0.463069 10 
0 0.478168 10 
0 0.481664 10 
0 0.500552 10 
0 0.528011 10 
0 0.540462 10 
0 0.543714 10 
0 0.551828 10 
0 0.552584 10 
0 0.579633 10 
0 0.579634 10 
0 0.616977 10 
0 0.621397 10 
0 0.65997 10 
0 0.661208 10 
0 0.66633 10 
0 0.677624 10 
0 0.684769 10 
0 0.695287 10 
0 0.70465 10 
0 0.706532 10 
0 0.711881 10 
0 0.724029 10 
0 0.86508 10 
0 0.905217 10 
0 1.0524 10 
0 1.07586 10 
0 1.14073 10 
0 1.17692 10 
0 1.17699 10 
0 1.19195 10 
0 1.22847 10 
0 1.22848 10 
0 1.24147 10 
0 1.24252 10 
0 1.25723 10 
0 1.25723 10 
0 1.2736 10 
0 1.45923 10 
0 1.46264 10 
0 1.50024 10 
0 1.51522 10 
0 1.71723 10 
0 1.72166 10 
0 1.73974 10 
0 1.84169 10 
0 1.8428 10 
0 inf 10 
0 0.0518812 11 
0 0.0538215 11 
0 0.0649987 11 
0 0.0814088 11 
0 0.0835751 11 
0 0.086481 11 
0 0.0959118 11 
0 0.0968028 11 
0 0.100166 11 
0 0.113034 11 
0 0.124441 11 
0 0.14151 11 
0 0.152353 11 
0 0.161443 11 
0 0.167054 11 
0 0.181517 11 
0 0.188837 11 
0 0.190136 11 
0 0.212631 11 
0 0.219108 11 
0 0.230248 11 
0 0.26286 11 
0 0.265851 11 
0 0.269764 11 
0 0.274457 11 
0 0.27807 11 
0 0.27807 11 
0 0.288629 11 
0 0.306895 11 
0 0.317845 11 
0 0.319271 11 
0 0.319849 11 
0 0.320887 11 
0 0.330272 11 
0 0.338332 11 
0 0.380326 11 
0 0.381198 11 
0 0.383671 11 
0 0.409953 11 
0 0.41438 11 
0 0.417961 11 
0 0.426901 11 
0 0.432136 11 
0 0.447092 11 
0 0.447695 11 
0 0.463628 11 
0 0.496656 11 
0 0.503842 11 
0 0.504468 11 
0 0.547787 11 
0 0.549665 11 
0 0.550468 11 
0 0.555873 11 
0 0.563243 11 
0 0.564753 11 
0 0.567684 11 
0 0.624359 11 
0 0.626606 11 
0 0.632667 11 
0 0.652115 11 
0 0.652132 11 
0 0.65218 11 
0 0.65319 11 
0 0.721107 11 
0 0.730123 11 
0 0.778289 11 
0 0.92175 11 
0 1.13864 11 
0 1.13864 11 
0 1.14797 11 
0 1.1539 11 
0 1.17473 11 
0 1.17604 11 
0 1.17668 11 
0 1.17682 11 
0 1.17728 11 
0 1.2038 11 
0 1.21691 11 
0 1.23423 11 
0 1.27384 11 
0 1.30318 11 
0 1.30482 11 
0 1.43346 11 
0 1.43394 11 
0 1.47108 11 
0 1.4822 11 
0 1.71319 11 
0 1.71331 11 
0 1.73952 11 
0 1.75362 11 
0 1.75413 11 
0 inf 11 
0 0.0430993 12 
0 0.0758848 12 
0 0.100252 12 
0 0.105556 12 
0 0.106597 12 
0 0.125906 12 
0 0.135259 12 
0 0.148297 12 
0 0.162028 12 
0 0.176031 12 
0 0.182688 12 
0 0.185304 12 
0 0.189198 12 
0 0.192873 12 
0 0.19683 12 
0 0.198677 12 
0 0.206947 12 
0 0.21975 12 
0 0.244459 12 
0 0.254589 12 
0 0.25609 12 
0 0.264567 12 
0 0.268575 12 
0 0.285746 12 
0 0.324204 12 
0 0.330673 12 
0 0.334151 12 
0 0.346947 12 
0 0.358902 12 
0 0.368183 12 
0 0.370466 12 
0 0.399092 12 
0 0.399092 12 
0 0.421182 12 
0 0.422636 12 
0 0.425941 12 
0 0.42722 12 
0 0.436684 12 
0 0.449176 12 
0 0.466125 12 
0 0.496431 12 
0 0.541847 12 
0 0.547675 12 
0 0.547675 12 
0 0.549154 12 
0 0.553356 12 
0 0.556549 12 
0 0.556549 12 
0 0.558515 12 
0 0.564994 12 
0 0.582234 12 
0 0.599625 12 
0 0.600874 12 
0 0.641678 12 
0 0.648334 12 
0 0.651283 12 
0 0.680599 12 
0 0.685388 12 
0 0.687701 12 
0 0.714521 12 
0 0.732882 12 
0 0.908534 12 
0 0.909883 12 
0 0.910191 12 
0 0.961941 12 
0 0.978933 12 
0 1.12989 12 
0 1.13005 12 
0 1.1323 12 
0 1.17797 12 
0 1.17981 12 
0 1.18525 12 
0 1.22261 12 
0 1.22606 12 
0 1.22628 12 
0 1.22993 12 
0 1.27511 12 
0 1.32124 12 
0 1.32919 12 
0 1.3774 12 
0 1.38824 12 
0 1.48367 12 
0 1.71326 12 
0 1.71446 12 
0 1.74284 12 
0 1.74448 12 
0 1.74453 12 
0 inf 12 
0 0.107785 13 
0 0.120402 13 
0 0.129214 13 
0 0.141628 13 
0 0.175603 13 
0 0.184164 13 
0 0.198936 13 
0 0.217228 13 
0 0.22951 13 
0 0.240065 13 
0 0.251255 13 
0 0.257516 13 
0 0.269177 13 
0 0.30473 13 
0 0.307512 13 
0 0.315886 13 
0 0.316129 13 
0 0.318844 13 
0 0.318844 13 
0 0.320462 13 
0 0.334385 13 
0 0.338091 13 
0 0.338519 13 
0 0.385954 13 
0 0.398888 13 
0 0.40136 13 
0 0.402547 13 
0 0.403425 13 
0 0.404486 13 
0 0.404666 13 
0 0.423166 13 
0 0.450787 13 
0 0.462932 13 
0 0.472564 13 
0 0.510008 13 
0 0.536287 13 
0 0.539328 13 
0 0.540634 13 
0 0.54089 13 
0 0.543463 13 
0 0.546102 13 
0 0.549538 13 
0 0.549561 13 
0 0.551952 13 
0 0.563818 13 
0 0.566695 13 
0 0.631913 13 
0 0.640268 13 
0 0.64177 13 
0 0.642513 13 
0 0.649621 13 
0 0.652095 13 
0 0.653973 13 
0 0.674013 13 
0 0.674013 13 
0 0.674266 13 
0 0.717696 13 
0 0.7486 13 
0 0.757908 13 
0 0.796134 13 
0 0.796209 13 
0 0.797278 13 
0 0.798441 13 
0 0.8191 13 
0 1.10093 13 
0 1.10298 13 
0 1.10646 13 
0 1.10663 13 
0 1.10903 13 
0 1.1146 13 
0 1.17671 13 
0 1.17686 13 
0 1.21795 13 
0 1.2184 13 
0 1.21872 13 
0 1.34475 13 
0 1.3549 13 
0 1.40862 13 
0 1.71428 13 
0 1.71487 13 
0 1.71605 13 
0 1.71621 13 
0 1.7172 13 
0 inf 13 
0 0.0988872 14 
0 0.117792 14 
0 0.120124 14 
0 0.124235 14 
0 0.129206 14 
0 0.160817 14 
0 0.211994 14 
0 0.219465 14 
0 0.229617 14 
0 0.245942 14 
0 0.254898 14 
0 0.264485 14 
0 0.264886 14 
0 0.265949 14 
0 0.278312 14 
0 0.283651 14 
0 0.286277 14 
0 0.289238 14 
0 0.289503 14 
0 0.295369 14 
0 0.298815 14 
0 0.310836 14 
0 0.313791 14 
0 0.316136 14 
0 0.319992 14 
0 0.329823 14 
0 0.340396 14 
0 0.375172 14 
0 0.384766 14 
0 0.388007 14 
0 0.39836 14 
0 0.400434 14 
0 0.404304 14 
0 0.404556 14 
0 0.405291 14 
0 0.470511 14 
0 0.47652 14 
0 0.47768 14 
0 0.498505 14 
0 0.518817 14 
0 0.536399 14 
0 0.53659 14 
0 0.541139 14 
0 0.542291 14 
0 0.54934 14 
0 0.559782 14 
0 0.560284 14 
0 0.566613 14 
0 0.568255 14 
0 0.568614 14 
0 0.56866 14 
0 0.579884 14 
0 0.667463 14 
0 0.671376 14 
0 0.672352 14 
0 0.737688 14 
0 0.752326 14 
0 0.758415 14 
0 0.761138 14 
0 0.823184 14 
0 0.823432 14 
0 0.82458 14 
0 0.918646 14 
0 0.920276 14 
0 0.92183 14 
0 1.09867 14 
0 1.18019 14 
0 1.18201 14 
0 1.18226 14 
0 1.18548 14 
0 1.18548 14 
0 1.49142 14 
0 1.50083 14 
0 1.50137 14 
0 1.71316 14 
0 1.71556 14 
0 1.76167 14 
0 1.76265 14 
0 1.76283 14 
0 inf 14 
0 0.0917363 15 
0 0.0967949 15 
0 0.101023 15 
0 0.106519 15 
0 0.123681 15 
0 0.127223 15 
0 0.14945 15 
0 0.168016 15 
0 0.175421 15 
0 0.231317 15 
0 0.234613 15 
0 0.247699 15 
0 0.26415 15 
0 0.265876 15 
0 0.266388 15 
0 0.26696 15 
0 0.272812 15 
0 0.273332 15 
0 0.27908 15 
0 0.28142 15 
0 0.292237 15 
0 0.292557 15 
0 0.306022 15 
0 0.306914 15 
0 0.309087 15 
0 0.309611 15 
0 0.313096 15 
0 0.31594 15 
0 0.318614 15 
0 0.319468 15 
0 0.323444 15 
0 0.323602 15 
0 0.323997 15 
0 0.353897 15 
0 0.383181 15 
0 0.391885 15 
0 0.392601 15 
0 0.39875 15 
0 0.457333 15 
0 0.457724 15 
0 0.458764 15 
0 0.509257 15 
0 0.52442 15 
0 0.537014 15 
0 0.550194 15 
0 0.554985 15 
0 0.563012 15 
0 0.647856 15 
0 0.647922 15 
0 0.647974 15 
0 0.728325 15 
0 0.762424 15 
0 0.783865 15 
0 0.898095 15 
0 0.948573 15 
0 1.16819 15 
0 1.16819 15 
0 1.16819 15 
0 1.17869 15 
0 1.21005 15 
0 1.2101 15 
0 1.21012 15 
0 1.2443 15 
0 1.24481 15 
0 1.24512 15 
0 1.44099 15 
0 1.45277 15 
0 1.45361 15 
0 1.46203 15 
0 1.4877 15 
0 1.48804 15 
0 1.71498 15 
0 1.82152 15 
0 1.82164 15 
0 1.82187 15 
0 inf 15 
0 0.0470641 16 
0 0.0968871 16 
0 0.108221 16 
0 0.119483 16 
0 0.152215 16 
0 0.234004 16 
0 0.24905 16 
0 0.254689 16 
0 0.257085 16 
0 0.257085 16 
0 0.259624 16 
0 0.261632 16 
0 0.263903 16 
0 0.270186 16 
0 0.273432 16 
0 0.274301 16 
0 0.284425 16 
0 0.285024 16 
0 0.286693 16 
0 0.2906 16 
0 0.290601 16 
0 0.299243 16 
0 0.30012 16 
0 0.301088 16 
0 0.301427 16 
0 0.301512 16 
0 0.311146 16 
0 0.317184 16 
0 0.317962 16 
0 0.31839 16 
0 0.318854 16 
0 0.324021 16 
0 0.324678 16 
0 0.348105 16 
0 0.357735 16 
0 0.357735 16 
0 0.401135 16 
0 0.404182 16 
0 0.409126 16 
0 0.409647 16 
0 0.570618 16 
0 0.570679 16 
0 0.58203 16 
0 0.582497 16 
0 0.582907 16 
0 0.624787 16 
0 0.782428 16 
0 0.867263 16 
0 0.872764 16 
0 0.984901 16 
0 1.06041 16 
0 1.06296 16 
0 1.06649 16 
0 1.0729 16 
0 1.1294 16 
0 1.1294 16 
0 1.12955 16 
0 1.18145 16 
0 1.25157 16 
0 1.25179 16 
0 1.25188 16 
0 1.32542 16 
0 1.32744 16 
0 1.32773 16 
0 1.3305 16 
0 1.33101 16 
0 1.33101 16 
0 1.71819 16 
0 1.74788 16 
0 1.75024 16 
0 1.75034 16 
0 inf 16 
0 0.114828 17 
0 0.133427 17 
0 0.138502 17 
0 0.257648 17 
0 0.259238 17 
0 0.269556 17 
0 0.274069 17 
0 0.274069 17 
0 0.277411 17 
0 0.281064 17 
0 0.281102 17 
0 0.281793 17 
0 0.288296 17 
0 0.29021 17 
0 0.290475 17 
0 0.290797 17 
0 0.307485 17 
0 0.307956 17 
0 0.308177 17 
0 0.308205 17 
0 0.312196 17 
0 0.312769 17 
0 0.314153 17 
0 0.315776 17 
0 0.317666 17 
0 0.323644 17 
0 0.324039 17 
0 0.325298 17 
0 0.373538 17 
0 0.403232 17 
0 0.403422 17 
0 0.403759 17 
0 0.404076 17 
0 0.579207 17 
0 0.583325 17 
0 0.58371 17 
0 0.583792 17 
0 0.584259 17 
0 0.67393 17 
0 0.674195 17 
0 0.674347 17 
0 0.760033 17 
0 0.79993 17 
0 0.806453 17 
0 0.808826 17 
0 0.824843 17 
0 1.05569 17 
0 1.11506 17 
0 1.11859 17 
0 1.11874 17 
0 1.14522 17 
0 1.1456 17 
0 1.14704 17 
0 1.17419 17 
0 1.18034 17 
0 1.18191 17 
0 1.22584 17 
0 1.22803 17 
0 1.22817 17 
0 1.29981 17 
0 1.46596 17 
0 1.61482 17 
0 1.61695 17 
0 1.7195 17 
0 1.72293 17 
0 1.72336 17 
0 1.72338 17 
0 inf 17 
0 0.0465263 18 
0 0.0574945 18 
0 0.0582307 18 
0 0.117758 18 
0 0.120087 18 
0 0.120299 18 
0 0.2142 18 
0 0.227731 18 
0 0.228328 18 
0 0.254759 18 
0 0.255461 18 
0 0.25586 18 
0 0.273874 18 
0 0.275086 18 
0 0.279782 18 
0 0.321697 18 
0 0.32175 18 
0 0.322041 18 
0 0.323824 18 
0 0.324203 18 
0 0.324507 18 
0 0.324743 18 
0 0.325136 18 
0 0.399194 18 
0 0.400903 18 
0 0.401158 18 
0 0.401158 18 
0 0.413263 18 
0 0.413531 18 
0 0.561044 18 
0 0.565324 18 
0 0.565867 18 
0 0.577899 18 
0 0.593074 18 
0 0.599702 18 
0 0.599986 18 
0 0.600043 18 
0 0.614418 18 
0 0.620653 18 
0 0.638084 18 
0 0.638885 18 
0 0.869412 18 
0 0.922683 18 
0 0.925216 18 
0 0.95566 18 
0 0.960895 18 
0 0.975514 18 
0 1.02205 18 
0 1.02543 18 
0 1.02726 18 
0 1.03484 18 
0 1.1843 18 
0 1.18606 18 
0 1.18982 18 
0 1.18991 18 
0 1.54671 18 
0 1.55532 18 
0 1.5676 18 
0 1.68251 18 
0 1.72389 18 
0 1.72565 18 
0 1.72567 18 
0 1.72575 18 
0 inf 18 
0 0.0536637 19 
0 0.0683322 19 
0 0.0754422 19 
0 0.100252 19 
0 0.101603 19 
0 0.106558 19 
0 0.17921 19 
0 0.184134 19 
0 0.187569 19 
0 0.232683 19 
0 0.236999 19 
0 0.237465 19 
0 0.270691 19 
0 0.273445 19 
0 0.274441 19 
0 0.343398 19 
0 0.343522 19 
0 0.343695 19 
0 0.345784 19 
0 0.346572 19 
0 0.346793 19 
0 0.369693 19 
0 0.371898 19 
0 0.374432 19 
0 0.410993 19 
0 0.415527 19 
0 0.415958 19 
0 0.553805 19 
0 0.556613 19 
0 0.557714 19 
0 0.587242 19 
0 0.614442 19 
0 0.614608 19 
0 0.615314 19 
0 0.616964 19 
0 0.61724 19 
0 0.618343 19 
0 0.639817 19 
0 0.669787 19 
0 0.671007 19 
0 0.956801 19 
0 0.960788 19 
0 0.980444 19 
0 0.990739 19 
0 0.992458 19 
0 1.02427 19 
0 1.02815 19 
0 1.1276 19 
0 1.18795 19 
0 1.19107 19 
0 1.1921 19 
0 1.19279 19 
0 1.43676 19 
0 1.47583 19 
0 1.72655 19 
0 1.7284 19 
0 1.72863 19 
0 1.72948 19 
0 1.73434 19 
0 inf 19 
0 0.109395 20 
0 0.110248 20 
0 0.112733 20 
0 0.11296 20 
0 0.114085 20 
0 0.114345 20 
0 0.237651 20 
0 0.242757 20 
0 0.246102 20 
0 0.264436 20 
0 0.268099 20 
0 0.268099 20 
0 0.271258 20 
0 0.272966 20 
0 0.27579 20 
0 0.32146 20 
0 0.321486 20 
0 0.321487 20 
0 0.342914 20 
0 0.344074 20 
0 0.344569 20 
0 0.345487 20 
0 0.345754 20 
0 0.345882 20 
0 0.372591 20 
0 0.390604 20 
0 0.392518 20 
0 0.403413 20 
0 0.406337 20 
0 0.424093 20 
0 0.425636 20 
0 0.427932 20 
0 0.502742 20 
0 0.502996 20 
0 0.503149 20 
0 0.558398 20 
0 0.583135 20 
0 0.617229 20 
0 0.620025 20 
0 0.620697 20 
0 0.633005 20 
0 0.633853 20 
0 0.684147 20 
0 0.685155 20 
0 1.0682 20 
0 1.0684 20 
0 1.08629 20 
0 1.13952 20 
0 1.13959 20 
0 1.19188 20 
0 1.19223 20 
0 1.20335 20 
0 1.33736 20 
0 1.73417 20 
0 1.73419 20 
0 inf 20 
