5.5556 9.67072 1 
0.693542 1.69972 1 
0.368557 0.443343 1 
0.222289 0.227402 1 
0.214269 0.242929 1 
0.214269 0.233698 1 
0.113595 0.117488 1 
0.113153 0.12611 1 
0.11047 0.118758 1 
0.107717 0.112266 1 
0.100013 0.107252 1 
0.097993 0.0995116 1 
0.0954063 0.103454 1 
0.0932845 0.124516 1 
0.0927483 0.0984987 1 
0.0905668 0.0927506 1 
0.0866114 0.0916589 1 
0.084267 0.0916589 1 
0.0787502 0.080009 1 
0.0774715 0.0787505 1 
0.0768178 0.0888889 1 
0.076166 0.080009 1 
0.0755075 0.0830765 1 
0.0741736 0.0806359 1 
0.0663388 0.0761664 1 
0.0624575 0.0714223 1 
0.0608345 0.0624575 1 
4.28337 7.22216 2 
0.55588 2.21566 2 
0.388639 0.395274 2 
0.297027 0.354023 2 
0.264226 0.294999 2 
0.208351 0.219799 2 
0.18764 0.19852 2 
0.184955 0.186038 2 
0.161576 0.173515 2 
0.10818 0.129632 2 
0.105843 0.107252 2 
0.096966 0.101502 2 
0.0932863 0.118758 2 
0.0877607 0.0938208 2 
0.084272 0.084273 2 
0.0836765 0.0922076 2 
0.0812505 0.0883269 2 
0.0774657 0.0824688 2 
0.0748408 0.0774661 2 
0.0741717 0.07747 2 
0.0741714 0.0883286 2 
0.0734944 0.0888931 2 
0.0734943 0.0812516 2 
0.070718 0.07142 2 
0.0655828 0.0670908 2 
0.0616523 0.0812515 2 
0.0600081 0.0670911 2 
4.96757 5.07638 3 
4.96712 5.00126 3 
3.81456 5.07732 3 
0.736851 0.767629 3 
0.559957 2.14724 3 
0.217513 0.237099 3 
0.176092 0.183601 3 
0.167651 0.168247 3 
0.11918 0.122082 3 
0.119179 0.126507 3 
0.110467 0.113593 3 
0.109102 0.11534 3 
0.105372 0.113593 3 
0.101993 0.125714 3 
0.100511 0.111372 3 
0.0985025 0.133808 3 
0.0985016 0.103452 3 
0.0969678 0.112266 3 
0.0969662 0.101008 3 
0.0954027 0.0954034 3 
0.0836768 0.0888914 3 
0.0800085 0.0836768 3 
0.0714222 0.0888915 3 
0.0685633 0.0748409 3 
1.94442 1.96726 4 
0.809018 0.858672 4 
0.757137 2.04156 4 
0.260227 0.285692 4 
0.245594 0.28726 4 
0.126112 0.128079 4 
0.117489 0.127687 4 
0.116203 0.131928 4 
0.104895 0.10818 4 
0.100012 0.101502 4 
0.0922091 0.0938223 4 
0.0866123 0.0888913 4 
0.0836787 0.090566 4 
0.0824729 0.0842729 4 
0.0818625 0.0877583 4 
0.0800108 0.0824729 4 
0.0781122 0.0824729 4 
0.0755073 0.0866115 4 
0.0648154 0.0774661 4 
2.84903 2.97621 5 
2.79228 2.83416 5 
2.72812 2.83591 5 
1.7333 1.77218 5 
1.71196 1.76406 5 
1.08878 1.78962 5 
0.207871 0.216825 5 
0.2035 0.205941 5 
0.202754 0.221391 5 
0.192378 0.22003 5 
0.0932857 0.0943522 5 
0.0830766 0.0900113 5 
0.0818634 0.0888937 5 
0.0781118 0.0954056 5 
0.0714231 0.0818628 5 
1.51144 1.5892 6 
1.49566 1.57644 6 
1.49415 1.58868 6 
0.169726 0.200774 6 
0.134552 0.141789 6 
0.111372 0.113595 6 
0.0800081 0.0984981 6 
0.0714233 0.0800076 6 
1.40426 1.46373 7 
1.34324 1.51673 7 
1.22595 1.31585 7 
1.20988 1.43673 7 
1.18924 1.442 7 
0.297701 0.31245 7 
0.287443 0.30203 7 
0.285865 0.285866 7 
0.221612 0.224527 7 
0.218888 0.219799 7 
0.201272 0.228064 7 
0.143546 0.151016 7 
0.0969646 0.0974795 7 
0.0860318 0.0905635 7 
0.079382 0.0836764 7 
1.59985 1.62969 8 
1.22831 1.40796 8 
1.16952 1.19197 8 
1.11529 1.19033 8 
0.905771 1.28466 8 
0.297697 0.301035 8 
0.240241 0.265178 8 
0.234764 0.235402 8 
0.228939 0.236462 8 
0.226743 0.235826 8 
0.226743 0.24003 8 
0.166754 0.168248 8 
0.128078 0.137496 8 
0.0911139 0.109098 8 
0.08776 0.093285 8 
0.756939 1.11296 9 
0.185497 0.199526 9 
0.163115 0.195985 9 
0.746223 0.97675 10 
0.305819 0.306636 10 
0.271327 0.281459 10 
0.219798 0.221388 10 
0.972689 1.2646 11 
0.95379 1.2056 11 
0.877548 1.00725 11 
0.812507 0.870108 11 
0.332608 0.356556 11 
0.262714 0.291586 11 
1.15326 1.17061 12 
1.08972 1.10823 12 
0.746485 0.759108 12 
0.689725 0.748359 12 
0.523999 0.7686 12 
0.474411 0.638599 12 
0.666268 0.704643 13 
0.454233 0.49655 13 
0.656361 0.698012 14 
1.12388 1.38808 16 
1.11982 1.15014 16 
0.82534 0.906754 17 
0.380048 0.393094 17 
0.450719 0.49645 18 
0.403659 0.436287 19 
