0 0.01307 1 
0 0.016301 1 
0 0.0179625 1 
0 0.0179625 1 
0 0.0184837 1 
0 0.0204348 1 
0 0.0217827 1 
0 0.022214 1 
0 0.0230527 1 
0 0.0234614 1 
0 0.0238618 1 
0 0.0246449 1 
0 0.024645 1 
0 0.0250266 1 
0 0.0254034 1 
0 0.0254036 1 
0 0.0282341 1 
0 0.0288987 1 
0 0.028899 1 
0 0.0292251 1 
0 0.0317172 1 
0 0.0326025 1 
0 0.0334641 1 
0 0.0337469 1 
0 0.033747 1 
0 0.0361935 1 
0 0.03645 1 
0 0.0367098 1 
0 0.0372232 1 
0 0.038477 1 
0 0.0389671 1 
0 0.0389674 1 
0 0.0399262 1 
0 0.0417877 1 
0 0.0422398 1 
0 0.0424636 1 
0 0.0426896 1 
0 0.0442218 1 
0 0.0456934 1 
0 0.0469277 1 
0 0.0473207 1 
0 0.0473316 1 
0 0.0483175 1 
0 0.0483202 1 
0 0.0489022 1 
0 0.0491028 1 
0 0.0496724 1 
0 0.0500539 1 
0 0.0506224 1 
0 0.0511779 1 
0 0.0513637 1 
0 0.0535345 1 
0 0.0535345 1 
0 0.0538866 1 
0 0.0540636 1 
0 0.0554505 1 
0 0.0554521 1 
0 0.0556215 1 
0 0.0563011 1 
0 0.0563026 1 
0 0.0581312 1 
0 0.0614575 1 
0 0.0632913 1 
0 0.0660722 1 
0 0.0669249 1 
0 0.0669282 1 
0 0.0670701 1 
0 0.0690225 1 
0 0.0707876 1 
0 0.0707876 1 
0 0.0717175 1 
0 0.0717212 1 
0 0.0738077 1 
0 0.0745746 1 
0 0.0771999 1 
0 0.07769 1 
0 0.0800928 1 
0 0.0810392 1 
0 0.0810398 1 
0 0.0888603 1 
0 0.0921131 1 
0 0.0921133 1 
0 0.100388 1 
0 0.112855 1 
0 0.113276 1 
0 0.122219 1 
0 0.123071 1 
0 0.139073 1 
0 0.144624 1 
0 0.149528 1 
0 0.156537 1 
0 0.173284 1 
0 0.176967 1 
0 0.177978 1 
0 0.185507 1 
0 0.188248 1 
0 0.191839 1 
0 0.197978 1 
0 0.199693 1 
0 0.201065 1 
0 0.202762 1 
0 0.263428 1 
0 0.285352 1 
0 0.370754 1 
0 0.383554 1 
0 0.407167 1 
0 0.443842 1 
0 0.445614 1 
0 0.462475 1 
0 0.493471 1 
0 0.531132 1 
0 0.553973 1 
0 0.595574 1 
0 0.595581 1 
0 0.596808 1 
0 0.626555 1 
0 0.731711 1 
0 0.752813 1 
0 0.81397 1 
0 1.03635 1 
0 1.19761 1 
0 1.43581 1 
0 1.76124 1 
0 2.18848 1 
0 2.71365 1 
0 2.88397 1 
0 3.36694 1 
0 4.72624 1 
0 4.93124 1 
0 4.96143 1 
0 5.06787 1 
0 inf 1 
0 0.01307 2 
0 0.0150919 2 
0 0.0174263 2 
0 0.0199648 2 
0 0.0257744 2 
0 0.0278961 2 
0 0.0278961 2 
0 0.0295481 2 
0 0.0295483 2 
0 0.0304968 2 
0 0.0317167 2 
0 0.0320148 2 
0 0.0326021 2 
0 0.0331789 2 
0 0.0356659 2 
0 0.0364503 2 
0 0.0364507 2 
0 0.03671 2 
0 0.0372236 2 
0 0.0374774 2 
0 0.0384774 2 
0 0.038725 2 
0 0.0424684 2 
0 0.0439993 2 
0 0.0440066 2 
0 0.0440066 2 
0 0.0448534 2 
0 0.0450647 2 
0 0.0450647 2 
0 0.0458993 2 
0 0.0465159 2 
0 0.0469229 2 
0 0.0475257 2 
0 0.0479219 2 
0 0.0483171 2 
0 0.048515 2 
0 0.0489022 2 
0 0.0508066 2 
0 0.0522799 2 
0 0.0524604 2 
0 0.0535378 2 
0 0.0537124 2 
0 0.0551081 2 
0 0.0551122 2 
0 0.0571387 2 
0 0.0576324 2 
0 0.0581242 2 
0 0.0584495 2 
0 0.0584523 2 
0 0.0654948 2 
0 0.0662158 2 
0 0.0686086 2 
0 0.0694339 2 
0 0.0695704 2 
0 0.0749565 2 
0 0.0759626 2 
0 0.0820838 2 
0 0.0842521 2 
0 0.0873474 2 
0 0.0881081 2 
0 0.101145 2 
0 0.101429 2 
0 0.102543 2 
0 0.102913 2 
0 0.105914 2 
0 0.106628 2 
0 0.111502 2 
0 0.112766 2 
0 0.113439 2 
0 0.120893 2 
0 0.123458 2 
0 0.129312 2 
0 0.130627 2 
0 0.130841 2 
0 0.134066 2 
0 0.135127 2 
0 0.14224 2 
0 0.148956 2 
0 0.1518 2 
0 0.15205 2 
0 0.16952 2 
0 0.17793 2 
0 0.180365 2 
0 0.182406 2 
0 0.189803 2 
0 0.189804 2 
0 0.194545 2 
0 0.196392 2 
0 0.207709 2 
0 0.23974 2 
0 0.271759 2 
0 0.289616 2 
0 0.342234 2 
0 0.36528 2 
0 0.374514 2 
0 0.42425 2 
0 0.463849 2 
0 0.467676 2 
0 0.470083 2 
0 0.472616 2 
0 0.478712 2 
0 0.504925 2 
0 0.541367 2 
0 0.571193 2 
0 0.58261 2 
0 0.588436 2 
0 0.602172 2 
0 0.60947 2 
0 0.621035 2 
0 0.621402 2 
0 0.646529 2 
0 0.659717 2 
0 0.983514 2 
0 1.06558 2 
0 1.38646 2 
0 1.4642 2 
0 1.76874 2 
0 2.28705 2 
0 2.8905 2 
0 3.39149 2 
0 3.76841 2 
0 3.83047 2 
0 3.89711 2 
0 3.97069 2 
0 4.08576 2 
0 4.12749 2 
0 4.14905 2 
0 inf 2 
0 0.0163007 3 
0 0.0184837 3 
0 0.0250273 3 
0 0.025774 3 
0 0.0272076 3 
0 0.0308061 3 
0 0.031112 3 
0 0.0337469 3 
0 0.0345803 3 
0 0.0356598 3 
0 0.0356637 3 
0 0.0374769 3 
0 0.0374773 3 
0 0.039209 3 
0 0.041331 3 
0 0.0422392 3 
0 0.0424635 3 
0 0.0433483 3 
0 0.0437835 3 
0 0.0444321 3 
0 0.0465165 3 
0 0.0467189 3 
0 0.0483178 3 
0 0.0487082 3 
0 0.0496731 3 
0 0.0506198 3 
0 0.051915 3 
0 0.0569687 3 
0 0.0576325 3 
0 0.0590964 3 
0 0.0606804 3 
0 0.0608352 3 
0 0.0619235 3 
0 0.0625296 3 
0 0.0625296 3 
0 0.0634334 3 
0 0.0638808 3 
0 0.06521 3 
0 0.0657837 3 
0 0.0672109 3 
0 0.067211 3 
0 0.0686088 3 
0 0.0714578 3 
0 0.0715866 3 
0 0.0725095 3 
0 0.0755855 3 
0 0.0782985 3 
0 0.082434 3 
0 0.0843684 3 
0 0.0868038 3 
0 0.0870229 3 
0 0.0884339 3 
0 0.0929317 3 
0 0.0998255 3 
0 0.0998255 3 
0 0.103739 3 
0 0.114023 3 
0 0.114443 3 
0 0.118911 3 
0 0.120343 3 
0 0.120497 3 
0 0.1205 3 
0 0.121438 3 
0 0.121986 3 
0 0.12604 3 
0 0.130336 3 
0 0.132001 3 
0 0.133715 3 
0 0.140363 3 
0 0.140432 3 
0 0.155015 3 
0 0.17119 3 
0 0.191247 3 
0 0.19204 3 
0 0.193615 3 
0 0.20998 3 
0 0.218272 3 
0 0.284687 3 
0 0.296249 3 
0 0.300423 3 
0 0.360484 3 
0 0.365436 3 
0 0.374491 3 
0 0.382064 3 
0 0.385137 3 
0 0.405036 3 
0 0.408434 3 
0 0.413054 3 
0 0.441592 3 
0 0.460242 3 
0 0.477734 3 
0 0.483308 3 
0 0.483721 3 
0 0.514251 3 
0 0.520501 3 
0 0.521473 3 
0 0.526436 3 
0 0.537749 3 
0 0.542106 3 
0 0.562693 3 
0 0.57945 3 
0 0.57945 3 
0 0.591697 3 
0 0.61709 3 
0 0.622011 3 
0 0.859409 3 
0 0.975325 3 
0 1.3868 3 
0 1.43764 3 
0 1.84496 3 
0 2.09469 3 
0 2.14037 3 
0 2.27875 3 
0 2.33063 3 
0 2.33774 3 
0 2.33776 3 
0 2.87046 3 
0 2.87229 3 
0 2.87269 3 
0 3.99569 3 
0 4.27617 3 
0 4.4977 3 
0 4.50973 3 
0 inf 3 
0 0.0254031 4 
0 0.0304959 4 
0 0.0304961 4 
0 0.032015 4 
0 0.0328925 4 
0 0.0331798 4 
0 0.0356606 4 
0 0.0374771 4 
0 0.0374777 4 
0 0.0379801 4 
0 0.0387232 4 
0 0.0394509 4 
0 0.039451 4 
0 0.0411004 4 
0 0.0415631 4 
0 0.0422383 4 
0 0.0422384 4 
0 0.0422392 4 
0 0.0422413 4 
0 0.0424634 4 
0 0.0433476 4 
0 0.0442142 4 
0 0.0492899 4 
0 0.0508119 4 
0 0.0522799 4 
0 0.0526415 4 
0 0.0531816 4 
0 0.0542377 4 
0 0.0545883 4 
0 0.0556247 4 
0 0.0557951 4 
0 0.0590967 4 
0 0.0613039 4 
0 0.063284 4 
0 0.0674956 4 
0 0.0727741 4 
0 0.0744483 4 
0 0.075081 4 
0 0.0815048 4 
0 0.083807 4 
0 0.0870239 4 
0 0.0883253 4 
0 0.088861 4 
0 0.0891785 4 
0 0.101803 4 
0 0.102546 4 
0 0.102546 4 
0 0.103281 4 
0 0.104745 4 
0 0.105192 4 
0 0.112429 4 
0 0.11551 4 
0 0.121907 4 
0 0.12399 4 
0 0.125587 4 
0 0.125889 4 
0 0.127467 4 
0 0.130915 4 
0 0.134845 4 
0 0.138045 4 
0 0.139481 4 
0 0.140838 4 
0 0.141106 4 
0 0.14144 4 
0 0.165783 4 
0 0.166412 4 
0 0.16664 4 
0 0.209572 4 
0 0.213702 4 
0 0.31535 4 
0 0.334405 4 
0 0.342234 4 
0 0.36044 4 
0 0.387675 4 
0 0.401719 4 
0 0.417351 4 
0 0.420028 4 
0 0.445372 4 
0 0.462711 4 
0 0.462712 4 
0 0.463757 4 
0 0.469116 4 
0 0.470084 4 
0 0.482568 4 
0 0.495562 4 
0 0.49746 4 
0 0.525913 4 
0 0.528055 4 
0 0.532849 4 
0 0.533599 4 
0 0.534025 4 
0 0.534925 4 
0 0.537456 4 
0 0.54133 4 
0 0.555193 4 
0 0.555994 4 
0 0.564146 4 
0 0.966525 4 
0 1.00413 4 
0 1.05329 4 
0 1.12447 4 
0 1.17139 4 
0 1.17143 4 
0 1.17162 4 
0 1.40817 4 
0 1.45013 4 
0 1.52791 4 
0 2.01934 4 
0 2.03961 4 
0 2.04233 4 
0 2.05004 4 
0 2.10536 4 
0 2.47096 4 
0 2.47132 4 
0 2.47216 4 
0 2.48747 4 
0 2.83864 4 
0 2.84004 4 
0 2.97004 4 
0 inf 4 
0 0.0150916 5 
0 0.0234606 5 
0 0.023865 5 
0 0.025027 5 
0 0.0261397 5 
0 0.0265004 5 
0 0.0268558 5 
0 0.0320141 5 
0 0.0323092 5 
0 0.0340304 5 
0 0.0384772 5 
0 0.0413305 5 
0 0.0420145 5 
0 0.0429085 5 
0 0.0431284 5 
0 0.0448543 5 
0 0.0463096 5 
0 0.0463098 5 
0 0.0463115 5 
0 0.046312 5 
0 0.0477251 5 
0 0.0586125 5 
0 0.0600519 5 
0 0.0602102 5 
0 0.0605248 5 
0 0.063731 5 
0 0.0673521 5 
0 0.0699783 5 
0 0.070653 5 
0 0.0726397 5 
0 0.0729026 5 
0 0.0747031 5 
0 0.0749585 5 
0 0.0752077 5 
0 0.0758357 5 
0 0.0760884 5 
0 0.0768318 5 
0 0.0776903 5 
0 0.0797427 5 
0 0.0810413 5 
0 0.0811551 5 
0 0.0826628 5 
0 0.0840296 5 
0 0.0871347 5 
0 0.10217 5 
0 0.106541 5 
0 0.1076 5 
0 0.108485 5 
0 0.109438 5 
0 0.10979 5 
0 0.10979 5 
0 0.114857 5 
0 0.128576 5 
0 0.131133 5 
0 0.132859 5 
0 0.133501 5 
0 0.144691 5 
0 0.179788 5 
0 0.181368 5 
0 0.185605 5 
0 0.227511 5 
0 0.267413 5 
0 0.358699 5 
0 0.359728 5 
0 0.375352 5 
0 0.411842 5 
0 0.411999 5 
0 0.424526 5 
0 0.425386 5 
0 0.426422 5 
0 0.438221 5 
0 0.441243 5 
0 0.445288 5 
0 0.446034 5 
0 0.451793 5 
0 0.468146 5 
0 0.472806 5 
0 0.476107 5 
0 0.483229 5 
0 0.48417 5 
0 0.491631 5 
0 0.505257 5 
0 0.527014 5 
0 0.532633 5 
0 0.534187 5 
0 0.536242 5 
0 0.536722 5 
0 0.540383 5 
0 0.541978 5 
0 1.01075 5 
0 1.06579 5 
0 1.10883 5 
0 1.14349 5 
0 1.15921 5 
0 1.45644 5 
0 1.47414 5 
0 1.56867 5 
0 1.67452 5 
0 1.73999 5 
0 1.74618 5 
0 1.74645 5 
0 1.75385 5 
0 1.75424 5 
0 1.75838 5 
0 1.80492 5 
0 1.80558 5 
0 1.8062 5 
0 2.13081 5 
0 2.13091 5 
0 2.13171 5 
0 2.13326 5 
0 2.76244 5 
0 2.81332 5 
0 2.81998 5 
0 2.86058 5 
0 inf 5 
0 0.0268566 6 
0 0.029225 6 
0 0.0298674 6 
0 0.0304961 6 
0 0.0304968 6 
0 0.0364501 6 
0 0.03872 6 
0 0.0389666 6 
0 0.0413301 6 
0 0.041559 6 
0 0.0424663 6 
0 0.0437834 6 
0 0.0461061 6 
0 0.0485114 6 
0 0.0496731 6 
0 0.0506178 6 
0 0.0511822 6 
0 0.0515468 6 
0 0.0515481 6 
0 0.0524583 6 
0 0.058285 6 
0 0.0597356 6 
0 0.0613068 6 
0 0.0620709 6 
0 0.0632875 6 
0 0.0640306 6 
0 0.0673527 6 
0 0.0680533 6 
0 0.0723785 6 
0 0.07277 6 
0 0.0743235 6 
0 0.0768309 6 
0 0.0781772 6 
0 0.078298 6 
0 0.0786592 6 
0 0.0797437 6 
0 0.0806898 6 
0 0.0838015 6 
0 0.086149 6 
0 0.0877835 6 
0 0.0988686 6 
0 0.104831 6 
0 0.112432 6 
0 0.113856 6 
0 0.113858 6 
0 0.116165 6 
0 0.116498 6 
0 0.119629 6 
0 0.133146 6 
0 0.179682 6 
0 0.183002 6 
0 0.183963 6 
0 0.207616 6 
0 0.221251 6 
0 0.222152 6 
0 0.310035 6 
0 0.323461 6 
0 0.325799 6 
0 0.33499 6 
0 0.338933 6 
0 0.342277 6 
0 0.359676 6 
0 0.379503 6 
0 0.383321 6 
0 0.434282 6 
0 0.436306 6 
0 0.437284 6 
0 0.450215 6 
0 0.473303 6 
0 0.491427 6 
0 0.493719 6 
0 0.493892 6 
0 0.495466 6 
0 0.50354 6 
0 0.505496 6 
0 0.515945 6 
0 0.520532 6 
0 0.526779 6 
0 0.534349 6 
0 0.53826 6 
0 0.602628 6 
0 0.620377 6 
0 0.69393 6 
0 0.816628 6 
0 0.822936 6 
0 0.836104 6 
0 0.853105 6 
0 0.945308 6 
0 0.950445 6 
0 1.00451 6 
0 1.01601 6 
0 1.01862 6 
0 1.0288 6 
0 1.03684 6 
0 1.10223 6 
0 1.15073 6 
0 1.1715 6 
0 1.50385 6 
0 1.51209 6 
0 1.51825 6 
0 1.51828 6 
0 1.51856 6 
0 1.55052 6 
0 2.04725 6 
0 2.05662 6 
0 2.06371 6 
0 2.16916 6 
0 2.24365 6 
0 2.24704 6 
0 2.27442 6 
0 2.28978 6 
0 inf 6 
0 0.0222141 7 
0 0.0288982 7 
0 0.0301832 7 
0 0.033179 7 
0 0.0377295 7 
0 0.038723 7 
0 0.042908 7 
0 0.0444265 7 
0 0.0508042 7 
0 0.0513635 7 
0 0.0545882 7 
0 0.059096 7 
0 0.0617653 7 
0 0.0644726 7 
0 0.0646208 7 
0 0.0650588 7 
0 0.065497 7 
0 0.0657835 7 
0 0.067214 7 
0 0.0692969 7 
0 0.0721154 7 
0 0.0736782 7 
0 0.0753305 7 
0 0.0759585 7 
0 0.0773268 7 
0 0.0782991 7 
0 0.0792628 7 
0 0.0825481 7 
0 0.0830064 7 
0 0.084819 7 
0 0.0855986 7 
0 0.0860395 7 
0 0.0865866 7 
0 0.0908662 7 
0 0.0915952 7 
0 0.0924203 7 
0 0.106979 7 
0 0.108305 7 
0 0.108393 7 
0 0.109611 7 
0 0.112351 7 
0 0.139822 7 
0 0.142246 7 
0 0.167946 7 
0 0.18215 7 
0 0.182486 7 
0 0.215383 7 
0 0.23356 7 
0 0.237788 7 
0 0.25421 7 
0 0.272689 7 
0 0.279563 7 
0 0.314154 7 
0 0.315631 7 
0 0.360808 7 
0 0.370544 7 
0 0.416929 7 
0 0.431755 7 
0 0.433334 7 
0 0.435896 7 
0 0.446935 7 
0 0.448413 7 
0 0.451113 7 
0 0.457355 7 
0 0.482405 7 
0 0.489265 7 
0 0.503657 7 
0 0.531134 7 
0 0.532562 7 
0 0.533932 7 
0 0.536404 7 
0 0.542738 7 
0 0.54478 7 
0 0.552782 7 
0 0.593298 7 
0 0.779148 7 
0 0.783993 7 
0 0.797472 7 
0 0.797722 7 
0 0.991778 7 
0 0.995604 7 
0 0.995785 7 
0 0.995824 7 
0 0.997531 7 
0 1.03627 7 
0 1.03665 7 
0 1.10867 7 
0 1.10983 7 
0 1.11665 7 
0 1.11665 7 
0 1.12749 7 
0 1.22659 7 
0 1.30205 7 
0 1.30554 7 
0 1.32678 7 
0 1.33322 7 
0 1.37536 7 
0 1.3786 7 
0 1.45177 7 
0 1.45307 7 
0 1.5601 7 
0 1.98119 7 
0 2.02264 7 
0 2.02346 7 
0 2.02442 7 
0 2.02891 7 
0 2.31387 7 
0 inf 7 
0 0.0317162 8 
0 0.0326026 8 
0 0.0408684 8 
0 0.042014 8 
0 0.0452751 8 
0 0.0475234 8 
0 0.0500541 8 
0 0.0530004 8 
0 0.0571391 8 
0 0.0579612 8 
0 0.0631333 8 
0 0.0647681 8 
0 0.0649128 8 
0 0.0684716 8 
0 0.0691597 8 
0 0.0703827 8 
0 0.0727728 8 
0 0.0741911 8 
0 0.0741911 8 
0 0.0800947 8 
0 0.0872453 8 
0 0.0877843 8 
0 0.0877856 8 
0 0.0882184 8 
0 0.0908697 8 
0 0.0915924 8 
0 0.0954491 8 
0 0.105912 8 
0 0.106178 8 
0 0.106181 8 
0 0.113106 8 
0 0.117872 8 
0 0.141848 8 
0 0.142579 8 
0 0.146323 8 
0 0.154735 8 
0 0.160963 8 
0 0.163769 8 
0 0.171333 8 
0 0.172792 8 
0 0.174213 8 
0 0.208688 8 
0 0.211624 8 
0 0.214765 8 
0 0.259997 8 
0 0.265808 8 
0 0.298952 8 
0 0.303364 8 
0 0.307126 8 
0 0.358645 8 
0 0.363041 8 
0 0.391274 8 
0 0.425388 8 
0 0.434413 8 
0 0.444808 8 
0 0.445979 8 
0 0.446341 8 
0 0.459655 8 
0 0.469725 8 
0 0.502385 8 
0 0.503008 8 
0 0.503805 8 
0 0.532031 8 
0 0.545257 8 
0 0.546907 8 
0 0.552364 8 
0 0.626509 8 
0 0.627175 8 
0 0.638953 8 
0 0.695819 8 
0 0.744812 8 
0 0.794789 8 
0 0.795314 8 
0 0.810734 8 
0 0.825041 8 
0 0.825567 8 
0 0.839751 8 
0 0.849524 8 
0 0.9994 8 
0 0.99978 8 
0 0.999913 8 
0 1.00062 8 
0 1.00469 8 
0 1.08184 8 
0 1.08562 8 
0 1.08692 8 
0 1.10256 8 
0 1.17264 8 
0 1.26993 8 
0 1.29175 8 
0 1.308 8 
0 1.30939 8 
0 1.31408 8 
0 1.36565 8 
0 1.36715 8 
0 1.38815 8 
0 1.43078 8 
0 1.43158 8 
0 1.45445 8 
0 1.49286 8 
0 1.49856 8 
0 1.70994 8 
0 1.76189 8 
0 inf 8 
0 0.0422389 9 
0 0.0477245 9 
0 0.0500516 9 
0 0.0524677 9 
0 0.0554567 9 
0 0.0557891 9 
0 0.0608367 9 
0 0.0613029 9 
0 0.0631339 9 
0 0.0641779 9 
0 0.0654946 9 
0 0.078902 9 
0 0.0798579 9 
0 0.0811551 9 
0 0.0811575 9 
0 0.0848147 9 
0 0.0868067 9 
0 0.0890733 9 
0 0.0903446 9 
0 0.0918022 9 
0 0.0978074 9 
0 0.100675 9 
0 0.101895 9 
0 0.118197 9 
0 0.11947 9 
0 0.124981 9 
0 0.132372 9 
0 0.132785 9 
0 0.140089 9 
0 0.160375 9 
0 0.160488 9 
0 0.16475 9 
0 0.168843 9 
0 0.182222 9 
0 0.183881 9 
0 0.183997 9 
0 0.221251 9 
0 0.243449 9 
0 0.257694 9 
0 0.26323 9 
0 0.320941 9 
0 0.359042 9 
0 0.362753 9 
0 0.366397 9 
0 0.419302 9 
0 0.419913 9 
0 0.421548 9 
0 0.43196 9 
0 0.445936 9 
0 0.461828 9 
0 0.470558 9 
0 0.474035 9 
0 0.476062 9 
0 0.47672 9 
0 0.502487 9 
0 0.506643 9 
0 0.511882 9 
0 0.513455 9 
0 0.517354 9 
0 0.524431 9 
0 0.555368 9 
0 0.557806 9 
0 0.573868 9 
0 0.582795 9 
0 0.692787 9 
0 0.714954 9 
0 0.813285 9 
0 0.81565 9 
0 0.870096 9 
0 0.913107 9 
0 0.913108 9 
0 0.939306 9 
0 0.946174 9 
0 0.976143 9 
0 0.977454 9 
0 1.00683 9 
0 1.00886 9 
0 1.01513 9 
0 1.02865 9 
0 1.03688 9 
0 1.04077 9 
0 1.115 9 
0 1.115 9 
0 1.15312 9 
0 1.20564 9 
0 1.20596 9 
0 1.26772 9 
0 1.33187 9 
0 1.33555 9 
0 1.42724 9 
0 1.42732 9 
0 1.45973 9 
0 1.48939 9 
0 1.4926 9 
0 1.50215 9 
0 1.50217 9 
0 1.51596 9 
0 1.93063 9 
0 1.93076 9 
0 inf 9 
0 0.0392095 10 
0 0.0415687 10 
0 0.0417906 10 
0 0.0481194 10 
0 0.0496714 10 
0 0.0530008 10 
0 0.0614642 10 
0 0.0654966 10 
0 0.0673523 10 
0 0.0684751 10 
0 0.0745764 10 
0 0.0830052 10 
0 0.0838012 10 
0 0.0900251 10 
0 0.0973197 10 
0 0.100202 10 
0 0.10883 10 
0 0.121203 10 
0 0.13063 10 
0 0.131147 10 
0 0.141239 10 
0 0.144887 10 
0 0.162954 10 
0 0.167657 10 
0 0.180035 10 
0 0.192945 10 
0 0.196683 10 
0 0.228011 10 
0 0.234081 10 
0 0.238887 10 
0 0.243568 10 
0 0.264625 10 
0 0.305083 10 
0 0.306604 10 
0 0.336644 10 
0 0.35928 10 
0 0.360151 10 
0 0.360467 10 
0 0.363064 10 
0 0.36369 10 
0 0.375656 10 
0 0.376039 10 
0 0.378299 10 
0 0.386241 10 
0 0.389203 10 
0 0.395965 10 
0 0.401928 10 
0 0.439237 10 
0 0.443879 10 
0 0.449033 10 
0 0.453275 10 
0 0.479739 10 
0 0.48126 10 
0 0.516503 10 
0 0.51665 10 
0 0.531174 10 
0 0.53326 10 
0 0.541962 10 
0 0.645314 10 
0 0.645667 10 
0 0.762941 10 
0 0.773061 10 
0 0.776513 10 
0 0.783488 10 
0 0.784622 10 
0 0.872761 10 
0 0.909883 10 
0 0.967687 10 
0 0.968354 10 
0 0.971613 10 
0 0.978442 10 
0 0.979188 10 
0 0.980612 10 
0 0.997414 10 
0 0.998527 10 
0 1.04663 10 
0 1.06462 10 
0 1.06649 10 
0 1.10485 10 
0 1.11297 10 
0 1.12277 10 
0 1.1252 10 
0 1.24727 10 
0 1.29599 10 
0 1.30382 10 
0 1.4361 10 
0 1.43706 10 
0 1.44495 10 
0 1.44572 10 
0 1.45059 10 
0 1.45744 10 
0 1.45753 10 
0 1.55781 10 
0 1.69206 10 
0 1.69406 10 
0 inf 10 
0 0.0285665 11 
0 0.0387327 11 
0 0.0420135 11 
0 0.0465236 11 
0 0.0738069 11 
0 0.0861496 11 
0 0.0946493 11 
0 0.106191 11 
0 0.119944 11 
0 0.121205 11 
0 0.12612 11 
0 0.13064 11 
0 0.133359 11 
0 0.147008 11 
0 0.154121 11 
0 0.155564 11 
0 0.161488 11 
0 0.16862 11 
0 0.174962 11 
0 0.192977 11 
0 0.195324 11 
0 0.212676 11 
0 0.216328 11 
0 0.218423 11 
0 0.219009 11 
0 0.233341 11 
0 0.262013 11 
0 0.286349 11 
0 0.313735 11 
0 0.331497 11 
0 0.332562 11 
0 0.332562 11 
0 0.33509 11 
0 0.336864 11 
0 0.363516 11 
0 0.367971 11 
0 0.386045 11 
0 0.390977 11 
0 0.414014 11 
0 0.444156 11 
0 0.445807 11 
0 0.446998 11 
0 0.449666 11 
0 0.480371 11 
0 0.492149 11 
0 0.494477 11 
0 0.496612 11 
0 0.502765 11 
0 0.505327 11 
0 0.508417 11 
0 0.528559 11 
0 0.529564 11 
0 0.530397 11 
0 0.57775 11 
0 0.585485 11 
0 0.676914 11 
0 0.685188 11 
0 0.687621 11 
0 0.735171 11 
0 0.737238 11 
0 0.768124 11 
0 0.776953 11 
0 0.780791 11 
0 0.900185 11 
0 0.922603 11 
0 0.925243 11 
0 0.936712 11 
0 0.936783 11 
0 0.967246 11 
0 0.968648 11 
0 0.975097 11 
0 0.976118 11 
0 0.979254 11 
0 0.993801 11 
0 0.994231 11 
0 1.0159 11 
0 1.01679 11 
0 1.01679 11 
0 1.03159 11 
0 1.07374 11 
0 1.24548 11 
0 1.293 11 
0 1.29956 11 
0 1.42823 11 
0 1.42853 11 
0 1.42853 11 
0 1.43079 11 
0 1.43095 11 
0 1.44485 11 
0 1.44953 11 
0 1.44954 11 
0 inf 11 
0 0.0802168 12 
0 0.086151 12 
0 0.111412 12 
0 0.118517 12 
0 0.142618 12 
0 0.149466 12 
0 0.153884 12 
0 0.156988 12 
0 0.15708 12 
0 0.170412 12 
0 0.178757 12 
0 0.199362 12 
0 0.201068 12 
0 0.212074 12 
0 0.21461 12 
0 0.250653 12 
0 0.276014 12 
0 0.278649 12 
0 0.288025 12 
0 0.28889 12 
0 0.291217 12 
0 0.291434 12 
0 0.298671 12 
0 0.31857 12 
0 0.32222 12 
0 0.327042 12 
0 0.333497 12 
0 0.333851 12 
0 0.334394 12 
0 0.334633 12 
0 0.337782 12 
0 0.347163 12 
0 0.361229 12 
0 0.362081 12 
0 0.376689 12 
0 0.396246 12 
0 0.415685 12 
0 0.448831 12 
0 0.452753 12 
0 0.453423 12 
0 0.459411 12 
0 0.46195 12 
0 0.462179 12 
0 0.48835 12 
0 0.495224 12 
0 0.526652 12 
0 0.526941 12 
0 0.542298 12 
0 0.567751 12 
0 0.568953 12 
0 0.571865 12 
0 0.586156 12 
0 0.603406 12 
0 0.612939 12 
0 0.619868 12 
0 0.621015 12 
0 0.702186 12 
0 0.702186 12 
0 0.71961 12 
0 0.793247 12 
0 0.796601 12 
0 0.796983 12 
0 0.797446 12 
0 0.811321 12 
0 0.96415 12 
0 0.971826 12 
0 0.995061 12 
0 0.996634 12 
0 0.997576 12 
0 0.998707 12 
0 0.998859 12 
0 1.06211 12 
0 1.06224 12 
0 1.06315 12 
0 1.18928 12 
0 1.20045 12 
0 1.30028 12 
0 1.30285 12 
0 1.30389 12 
0 1.31072 12 
0 1.3203 12 
0 1.32256 12 
0 1.42498 12 
0 1.42593 12 
0 1.47081 12 
0 1.47083 12 
0 1.47102 12 
0 inf 12 
0 0.0502504 13 
0 0.10077 13 
0 0.107866 13 
0 0.13428 13 
0 0.149187 13 
0 0.152212 13 
0 0.159835 13 
0 0.160369 13 
0 0.16862 13 
0 0.199931 13 
0 0.220971 13 
0 0.221746 13 
0 0.227781 13 
0 0.229823 13 
0 0.235262 13 
0 0.254243 13 
0 0.2566 13 
0 0.265325 13 
0 0.271998 13 
0 0.279875 13 
0 0.279977 13 
0 0.28338 13 
0 0.288357 13 
0 0.292704 13 
0 0.292766 13 
0 0.301904 13 
0 0.319396 13 
0 0.322795 13 
0 0.323778 13 
0 0.331884 13 
0 0.333357 13 
0 0.33444 13 
0 0.335212 13 
0 0.337919 13 
0 0.344855 13 
0 0.352288 13 
0 0.373296 13 
0 0.392917 13 
0 0.401187 13 
0 0.408834 13 
0 0.446124 13 
0 0.447759 13 
0 0.448077 13 
0 0.461065 13 
0 0.527671 13 
0 0.537634 13 
0 0.570267 13 
0 0.57226 13 
0 0.572841 13 
0 0.689953 13 
0 0.776024 13 
0 0.790756 13 
0 0.800012 13 
0 0.810228 13 
0 0.852455 13 
0 0.875619 13 
0 0.923392 13 
0 0.938175 13 
0 0.938216 13 
0 0.938246 13 
0 0.964554 13 
0 0.969705 13 
0 0.995347 13 
0 1.00014 13 
0 1.03205 13 
0 1.03223 13 
0 1.03333 13 
0 1.06238 13 
0 1.06266 13 
0 1.06307 13 
0 1.29288 13 
0 1.30893 13 
0 1.42874 13 
0 1.43393 13 
0 1.46204 13 
0 1.4708 13 
0 1.4708 13 
0 1.49733 13 
0 1.49746 13 
0 1.49997 13 
0 1.60872 13 
0 1.60872 13 
0 1.60917 13 
0 inf 13 
0 0.0435737 14 
0 0.0609989 14 
0 0.0697044 14 
0 0.0701132 14 
0 0.139047 14 
0 0.149812 14 
0 0.150102 14 
0 0.151736 14 
0 0.199885 14 
0 0.213368 14 
0 0.237851 14 
0 0.238703 14 
0 0.239642 14 
0 0.244596 14 
0 0.248846 14 
0 0.249875 14 
0 0.253923 14 
0 0.257808 14 
0 0.263155 14 
0 0.263167 14 
0 0.274737 14 
0 0.281341 14 
0 0.293543 14 
0 0.293705 14 
0 0.29538 14 
0 0.295798 14 
0 0.31234 14 
0 0.315485 14 
0 0.315515 14 
0 0.319342 14 
0 0.321321 14 
0 0.322182 14 
0 0.323118 14 
0 0.325925 14 
0 0.334886 14 
0 0.351402 14 
0 0.385206 14 
0 0.410525 14 
0 0.433088 14 
0 0.433439 14 
0 0.434837 14 
0 0.44211 14 
0 0.449223 14 
0 0.51107 14 
0 0.526329 14 
0 0.549615 14 
0 0.55046 14 
0 0.589518 14 
0 0.646591 14 
0 0.648216 14 
0 0.64853 14 
0 0.666878 14 
0 0.79344 14 
0 0.90539 14 
0 0.966137 14 
0 0.988471 14 
0 0.990619 14 
0 0.990772 14 
0 0.993068 14 
0 0.997338 14 
0 1.08969 14 
0 1.08977 14 
0 1.09061 14 
0 1.09192 14 
0 1.17957 14 
0 1.1807 14 
0 1.18071 14 
0 1.31962 14 
0 1.42565 14 
0 1.4285 14 
0 1.44127 14 
0 1.4433 14 
0 1.44335 14 
0 1.44416 14 
0 1.44418 14 
0 1.44434 14 
0 1.80543 14 
0 1.8056 14 
0 1.80564 14 
0 inf 14 
0 0.0672101 15 
0 0.0699836 15 
0 0.0806886 15 
0 0.112854 15 
0 0.136289 15 
0 0.138499 15 
0 0.141549 15 
0 0.147358 15 
0 0.148255 15 
0 0.149314 15 
0 0.154336 15 
0 0.155563 15 
0 0.155868 15 
0 0.173551 15 
0 0.181468 15 
0 0.212432 15 
0 0.21514 15 
0 0.22024 15 
0 0.236168 15 
0 0.252912 15 
0 0.256593 15 
0 0.263067 15 
0 0.273527 15 
0 0.292052 15 
0 0.292053 15 
0 0.297378 15 
0 0.304275 15 
0 0.305768 15 
0 0.31294 15 
0 0.318086 15 
0 0.363612 15 
0 0.365796 15 
0 0.366314 15 
0 0.370308 15 
0 0.371127 15 
0 0.418209 15 
0 0.418209 15 
0 0.418549 15 
0 0.418798 15 
0 0.438887 15 
0 0.460223 15 
0 0.509071 15 
0 0.551256 15 
0 0.566888 15 
0 0.582396 15 
0 0.582454 15 
0 0.636698 15 
0 0.641272 15 
0 0.641746 15 
0 0.794895 15 
0 0.85029 15 
0 0.978521 15 
0 0.979306 15 
0 0.979306 15 
0 0.997904 15 
0 0.998322 15 
0 0.999168 15 
0 0.999215 15 
0 1.00134 15 
0 1.02352 15 
0 1.02384 15 
0 1.02398 15 
0 1.05106 15 
0 1.3195 15 
0 1.33913 15 
0 1.44107 15 
0 1.44303 15 
0 1.44425 15 
0 1.44427 15 
0 1.44462 15 
0 1.44517 15 
0 1.44542 15 
0 1.47991 15 
0 1.47995 15 
0 1.48017 15 
0 inf 15 
0 0.0866989 16 
0 0.0945543 16 
0 0.103007 16 
0 0.121677 16 
0 0.143414 16 
0 0.151863 16 
0 0.157119 16 
0 0.1573 16 
0 0.157541 16 
0 0.159592 16 
0 0.162077 16 
0 0.163822 16 
0 0.166835 16 
0 0.166836 16 
0 0.169376 16 
0 0.215405 16 
0 0.217379 16 
0 0.217509 16 
0 0.223577 16 
0 0.229708 16 
0 0.235818 16 
0 0.25664 16 
0 0.308394 16 
0 0.341819 16 
0 0.342513 16 
0 0.342513 16 
0 0.342513 16 
0 0.343769 16 
0 0.363559 16 
0 0.378075 16 
0 0.388327 16 
0 0.419759 16 
0 0.438025 16 
0 0.457231 16 
0 0.458164 16 
0 0.458288 16 
0 0.45835 16 
0 0.459044 16 
0 0.502509 16 
0 0.688477 16 
0 0.69375 16 
0 0.693969 16 
0 0.792157 16 
0 0.807238 16 
0 0.808636 16 
0 0.83492 16 
0 0.835114 16 
0 0.835136 16 
0 0.863056 16 
0 0.863573 16 
0 0.888119 16 
0 0.995987 16 
0 0.99672 16 
0 0.997387 16 
0 0.99772 16 
0 1.00009 16 
0 1.00577 16 
0 1.0063 16 
0 1.0069 16 
0 1.01871 16 
0 1.05251 16 
0 1.12762 16 
0 1.36279 16 
0 1.38316 16 
0 1.38464 16 
0 1.38519 16 
0 1.44778 16 
0 1.44778 16 
0 1.44794 16 
0 1.4481 16 
0 1.49769 16 
0 inf 16 
0 0.0491056 17 
0 0.0554607 17 
0 0.0554607 17 
0 0.0729084 17 
0 0.11252 17 
0 0.121912 17 
0 0.121913 17 
0 0.129829 17 
0 0.133443 17 
0 0.133514 17 
0 0.133656 17 
0 0.139967 17 
0 0.278676 17 
0 0.282127 17 
0 0.282228 17 
0 0.283403 17 
0 0.31869 17 
0 0.361937 17 
0 0.372638 17 
0 0.379101 17 
0 0.380675 17 
0 0.384743 17 
0 0.386515 17 
0 0.408852 17 
0 0.434588 17 
0 0.440273 17 
0 0.441026 17 
0 0.44165 17 
0 0.442723 17 
0 0.443237 17 
0 0.443494 17 
0 0.446383 17 
0 0.453733 17 
0 0.465041 17 
0 0.46722 17 
0 0.467464 17 
0 0.49574 17 
0 0.507303 17 
0 0.574389 17 
0 0.789569 17 
0 0.836126 17 
0 0.86951 17 
0 0.870645 17 
0 0.871255 17 
0 0.886737 17 
0 0.89522 17 
0 0.897571 17 
0 0.898258 17 
0 0.912144 17 
0 0.920547 17 
0 1.01292 17 
0 1.01294 17 
0 1.01314 17 
0 1.01482 17 
0 1.01579 17 
0 1.01836 17 
0 1.01853 17 
0 1.01854 17 
0 1.34491 17 
0 1.41085 17 
0 1.42298 17 
0 1.42424 17 
0 1.42424 17 
0 1.4474 17 
0 1.44748 17 
0 1.4475 17 
0 1.4475 17 
0 inf 17 
0 0.0540731 18 
0 0.0542483 18 
0 0.0578056 18 
0 0.141175 18 
0 0.153549 18 
0 0.154367 18 
0 0.159609 18 
0 0.16187 18 
0 0.231011 18 
0 0.231011 18 
0 0.231339 18 
0 0.254582 18 
0 0.261945 18 
0 0.275161 18 
0 0.276022 18 
0 0.321623 18 
0 0.329474 18 
0 0.338677 18 
0 0.351001 18 
0 0.360018 18 
0 0.363563 18 
0 0.363798 18 
0 0.364892 18 
0 0.365382 18 
0 0.365515 18 
0 0.365772 18 
0 0.381474 18 
0 0.393413 18 
0 0.397636 18 
0 0.39878 18 
0 0.409487 18 
0 0.436788 18 
0 0.437049 18 
0 0.437375 18 
0 0.450278 18 
0 0.450552 18 
0 0.450636 18 
0 0.465619 18 
0 0.538309 18 
0 0.671642 18 
0 0.677369 18 
0 0.677495 18 
0 0.914695 18 
0 0.937081 18 
0 0.937658 18 
0 1.00539 18 
0 1.0054 18 
0 1.00544 18 
0 1.00653 18 
0 1.02798 18 
0 1.03875 18 
0 1.03879 18 
0 1.0397 18 
0 1.23394 18 
0 1.36944 18 
0 1.45925 18 
0 1.45948 18 
0 1.45961 18 
0 1.45978 18 
0 1.48744 18 
0 1.51054 18 
0 1.51255 18 
0 2.08212 18 
0 inf 18 
0 0.117383 19 
0 0.117465 19 
0 0.121281 19 
0 0.158612 19 
0 0.159508 19 
0 0.160989 19 
0 0.187287 19 
0 0.190104 19 
0 0.190901 19 
0 0.20126 19 
0 0.209576 19 
0 0.210119 19 
0 0.222403 19 
0 0.222492 19 
0 0.225163 19 
0 0.225456 19 
0 0.22571 19 
0 0.33509 19 
0 0.358371 19 
0 0.359006 19 
0 0.359957 19 
0 0.359957 19 
0 0.363876 19 
0 0.364267 19 
0 0.364758 19 
0 0.364993 19 
0 0.365178 19 
0 0.36748 19 
0 0.43207 19 
0 0.432158 19 
0 0.432838 19 
0 0.449856 19 
0 0.452381 19 
0 0.452569 19 
0 0.458711 19 
0 0.540032 19 
0 0.540945 19 
0 0.628883 19 
0 0.62923 19 
0 0.633168 19 
0 0.647509 19 
0 0.929011 19 
0 0.942641 19 
0 0.943607 19 
0 0.98537 19 
0 0.986295 19 
0 0.986766 19 
0 0.987689 19 
0 1.02806 19 
0 1.02995 19 
0 1.03069 19 
0 1.1479 19 
0 1.43675 19 
0 1.45696 19 
0 1.45696 19 
0 1.46071 19 
0 1.5382 19 
0 1.56468 19 
0 1.56472 19 
0 inf 19 
0 0.115592 20 
0 0.115684 20 
0 0.116573 20 
0 0.117958 20 
0 0.124227 20 
0 0.124753 20 
0 0.138799 20 
0 0.14043 20 
0 0.144164 20 
0 0.144361 20 
0 0.145342 20 
0 0.146775 20 
0 0.183499 20 
0 0.193027 20 
0 0.219573 20 
0 0.220302 20 
0 0.221638 20 
0 0.236807 20 
0 0.237328 20 
0 0.335628 20 
0 0.336391 20 
0 0.363847 20 
0 0.365438 20 
0 0.365487 20 
0 0.365513 20 
0 0.366345 20 
0 0.368927 20 
0 0.412082 20 
0 0.435134 20 
0 0.435286 20 
0 0.435395 20 
0 0.446235 20 
0 0.449286 20 
0 0.449287 20 
0 0.539488 20 
0 0.539699 20 
0 0.541962 20 
0 0.656938 20 
0 0.667378 20 
0 0.669267 20 
0 0.963648 20 
0 0.963963 20 
0 0.963963 20 
0 0.976314 20 
0 0.978131 20 
0 0.979325 20 
0 1.04403 20 
0 1.04743 20 
0 1.04747 20 
0 1.44009 20 
0 1.44905 20 
0 1.45078 20 
0 1.5534 20 
0 1.55344 20 
0 3.74046 20 
0 inf 20 
