0 0.0176517 1 
0 0.0216181 1 
0 0.0220157 1 
0 0.0227882 1 
0 0.02426 1 
0 0.0256477 1 
0 0.0259829 1 
0 0.025983 1 
0 0.026961 1 
0 0.0272825 1 
0 0.0275985 1 
0 0.0282158 1 
0 0.0291233 1 
0 0.0294195 1 
0 0.0302853 1 
0 0.0302892 1 
0 0.0302892 1 
0 0.0302935 1 
0 0.0316842 1 
0 0.032228 1 
0 0.0330238 1 
0 0.0343119 1 
0 0.0348102 1 
0 0.0367456 1 
0 0.0369823 1 
0 0.0376704 1 
0 0.0385804 1 
0 0.0394673 1 
0 0.0411819 1 
0 0.0418184 1 
0 0.0418184 1 
0 0.042014 1 
0 0.0422253 1 
0 0.0434374 1 
0 0.044031 1 
0 0.0442214 1 
0 0.0442308 1 
0 0.0449973 1 
0 0.0450019 1 
0 0.0457673 1 
0 0.0472485 1 
0 0.0472556 1 
0 0.0490499 1 
0 0.0492218 1 
0 0.0495721 1 
0 0.0495763 1 
0 0.0502754 1 
0 0.0509494 1 
0 0.0509559 1 
0 0.051296 1 
0 0.0522978 1 
0 0.0527922 1 
0 0.0529558 1 
0 0.0548802 1 
0 0.0556585 1 
0 0.0567467 1 
0 0.0572007 1 
0 0.0573495 1 
0 0.0584013 1 
0 0.0589846 1 
0 0.0589865 1 
0 0.0591333 1 
0 0.0618548 1 
0 0.0618554 1 
0 0.0632356 1 
0 0.0636464 1 
0 0.0651259 1 
0 0.0667027 1 
0 0.0668297 1 
0 0.0673461 1 
0 0.072304 1 
0 0.0785034 1 
0 0.0795944 1 
0 0.0805669 1 
0 0.0808807 1 
0 0.082586 1 
0 0.0890381 1 
0 0.0902999 1 
0 0.0920964 1 
0 0.0948779 1 
0 0.0956035 1 
0 0.0970402 1 
0 0.0993357 1 
0 0.100285 1 
0 0.100459 1 
0 0.111018 1 
0 0.111407 1 
0 0.119212 1 
0 0.132295 1 
0 0.142068 1 
0 0.143891 1 
0 0.151503 1 
0 0.154166 1 
0 0.166473 1 
0 0.173104 1 
0 0.183253 1 
0 0.202506 1 
0 0.206189 1 
0 0.223199 1 
0 0.242029 1 
0 0.252222 1 
0 0.314859 1 
0 0.315461 1 
0 0.400172 1 
0 0.489629 1 
0 0.500173 1 
0 0.519625 1 
0 0.533981 1 
0 0.55466 1 
0 0.58098 1 
0 0.631246 1 
0 0.662528 1 
0 0.694461 1 
0 0.695967 1 
0 0.713028 1 
0 0.740803 1 
0 0.889003 1 
0 0.941678 1 
0 1.04032 1 
0 1.08502 1 
0 1.26035 1 
0 1.29587 1 
0 1.38274 1 
0 2.15709 1 
0 2.23671 1 
0 2.67287 1 
0 2.86938 1 
0 4.2377 1 
0 4.34658 1 
0 4.46551 1 
0 4.53378 1 
0 inf 1 
0 0.0176524 2 
0 0.0199538 2 
0 0.0231651 2 
0 0.0231653 2 
0 0.0235361 2 
0 0.0246144 2 
0 0.02496 2 
0 0.0249637 2 
0 0.0256474 2 
0 0.0259829 2 
0 0.0269599 2 
0 0.0269631 2 
0 0.0285238 2 
0 0.02912 2 
0 0.0294195 2 
0 0.0311343 2 
0 0.0316857 2 
0 0.0355524 2 
0 0.0365089 2 
0 0.0367492 2 
0 0.0367526 2 
0 0.03744 2 
0 0.0376742 2 
0 0.0381325 2 
0 0.0422263 2 
0 0.0424239 2 
0 0.0448046 2 
0 0.0465183 2 
0 0.0468808 2 
0 0.0472555 2 
0 0.04852 2 
0 0.0486991 2 
0 0.049404 2 
0 0.0494046 2 
0 0.0494048 2 
0 0.0516331 2 
0 0.0519658 2 
0 0.0521319 2 
0 0.0521366 2 
0 0.0555013 2 
0 0.0555028 2 
0 0.0555028 2 
0 0.0567495 2 
0 0.0586895 2 
0 0.0592777 2 
0 0.0608569 2 
0 0.0626822 2 
0 0.0637729 2 
0 0.0641774 2 
0 0.0678594 2 
0 0.0683637 2 
0 0.070483 2 
0 0.0778367 2 
0 0.0778412 2 
0 0.0780588 2 
0 0.0830026 2 
0 0.0855654 2 
0 0.0879651 2 
0 0.0880544 2 
0 0.0886509 2 
0 0.0890469 2 
0 0.0910552 2 
0 0.0910579 2 
0 0.0911529 2 
0 0.0914381 2 
0 0.097217 2 
0 0.0972191 2 
0 0.0977514 2 
0 0.100888 2 
0 0.109605 2 
0 0.110705 2 
0 0.114924 2 
0 0.118926 2 
0 0.133268 2 
0 0.135137 2 
0 0.143286 2 
0 0.152248 2 
0 0.154504 2 
0 0.15673 2 
0 0.165695 2 
0 0.170685 2 
0 0.171843 2 
0 0.174199 2 
0 0.180068 2 
0 0.180637 2 
0 0.1833 2 
0 0.207989 2 
0 0.217382 2 
0 0.249009 2 
0 0.275791 2 
0 0.276385 2 
0 0.296778 2 
0 0.327154 2 
0 0.41197 2 
0 0.416063 2 
0 0.45491 2 
0 0.484887 2 
0 0.539053 2 
0 0.541228 2 
0 0.546954 2 
0 0.58824 2 
0 0.591173 2 
0 0.614861 2 
0 0.621341 2 
0 0.715152 2 
0 0.783427 2 
0 0.784044 2 
0 0.794278 2 
0 0.811096 2 
0 0.835532 2 
0 0.836109 2 
0 0.841568 2 
0 0.874236 2 
0 1.13506 2 
0 1.16627 2 
0 1.69479 2 
0 1.8174 2 
0 1.96456 2 
0 2.10325 2 
0 3.1611 2 
0 3.16665 2 
0 3.37695 2 
0 3.53937 2 
0 3.61388 2 
0 3.64425 2 
0 3.71543 2 
0 3.71543 2 
0 inf 2 
0 0.019953 3 
0 0.0199532 3 
0 0.0212145 3 
0 0.0220161 3 
0 0.0231655 3 
0 0.0242568 3 
0 0.0246139 3 
0 0.0263143 3 
0 0.0272832 3 
0 0.0285268 3 
0 0.0294195 3 
0 0.0294195 3 
0 0.0308554 3 
0 0.0327702 3 
0 0.0330215 3 
0 0.0330227 3 
0 0.0330233 3 
0 0.0338009 3 
0 0.0369777 3 
0 0.0376748 3 
0 0.038127 3 
0 0.0385783 3 
0 0.038814 3 
0 0.0403377 3 
0 0.0403399 3 
0 0.0407626 3 
0 0.0422263 3 
0 0.0422314 3 
0 0.0426332 3 
0 0.043235 3 
0 0.0432387 3 
0 0.0461367 3 
0 0.0463346 3 
0 0.0468808 3 
0 0.0474445 3 
0 0.0514564 3 
0 0.0516242 3 
0 0.0521321 3 
0 0.0553526 3 
0 0.0591357 3 
0 0.0624119 3 
0 0.0625385 3 
0 0.0632392 3 
0 0.0645946 3 
0 0.0720642 3 
0 0.0760336 3 
0 0.0769482 3 
0 0.0772814 3 
0 0.0797021 3 
0 0.0870796 3 
0 0.087564 3 
0 0.0878619 3 
0 0.0894244 3 
0 0.090961 3 
0 0.0975721 3 
0 0.103096 3 
0 0.106155 3 
0 0.106723 3 
0 0.111249 3 
0 0.112721 3 
0 0.120803 3 
0 0.122152 3 
0 0.122794 3 
0 0.137111 3 
0 0.14103 3 
0 0.151336 3 
0 0.151336 3 
0 0.160712 3 
0 0.164542 3 
0 0.165224 3 
0 0.165849 3 
0 0.173506 3 
0 0.175437 3 
0 0.182683 3 
0 0.200276 3 
0 0.201084 3 
0 0.261787 3 
0 0.271455 3 
0 0.28515 3 
0 0.306386 3 
0 0.359069 3 
0 0.360684 3 
0 0.387746 3 
0 0.409471 3 
0 0.462572 3 
0 0.471221 3 
0 0.476672 3 
0 0.478898 3 
0 0.480769 3 
0 0.491728 3 
0 0.569475 3 
0 0.592363 3 
0 0.646456 3 
0 0.651259 3 
0 0.663978 3 
0 0.680707 3 
0 0.693617 3 
0 0.707583 3 
0 0.716853 3 
0 0.732444 3 
0 0.756282 3 
0 0.77502 3 
0 0.778416 3 
0 0.784094 3 
0 0.788965 3 
0 0.852902 3 
0 1.0599 3 
0 1.06453 3 
0 1.15587 3 
0 1.56488 3 
0 1.56656 3 
0 1.56753 3 
0 1.56761 3 
0 1.65382 3 
0 1.76224 3 
0 2.64916 3 
0 2.91486 3 
0 3.09479 3 
0 3.10431 3 
0 3.10805 3 
0 3.44987 3 
0 3.46926 3 
0 3.49709 3 
0 inf 3 
0 0.0161142 4 
0 0.0176515 4 
0 0.0208026 4 
0 0.0224058 4 
0 0.0235361 4 
0 0.0275988 4 
0 0.0294195 4 
0 0.0316816 4 
0 0.0332875 4 
0 0.0367465 4 
0 0.039251 4 
0 0.0424277 4 
0 0.0432372 4 
0 0.0432464 4 
0 0.0436429 4 
0 0.044423 4 
0 0.0453863 4 
0 0.0463283 4 
0 0.0472503 4 
0 0.0478043 4 
0 0.0479772 4 
0 0.0479785 4 
0 0.0485135 4 
0 0.0497539 4 
0 0.052462 4 
0 0.0529545 4 
0 0.0534362 4 
0 0.0555013 4 
0 0.0556633 4 
0 0.0597135 4 
0 0.0597141 4 
0 0.0629624 4 
0 0.0632265 4 
0 0.0636446 4 
0 0.0636462 4 
0 0.064863 4 
0 0.0649853 4 
0 0.0699901 4 
0 0.0730113 4 
0 0.0747809 4 
0 0.0788395 4 
0 0.0838231 4 
0 0.0854748 4 
0 0.0855586 4 
0 0.0855586 4 
0 0.0871617 4 
0 0.0905828 4 
0 0.0980241 4 
0 0.09872 4 
0 0.110081 4 
0 0.114924 4 
0 0.125235 4 
0 0.125509 4 
0 0.125509 4 
0 0.131766 4 
0 0.136926 4 
0 0.13818 4 
0 0.139426 4 
0 0.14134 4 
0 0.141887 4 
0 0.145508 4 
0 0.180928 4 
0 0.183537 4 
0 0.195321 4 
0 0.261715 4 
0 0.267092 4 
0 0.300775 4 
0 0.305423 4 
0 0.356482 4 
0 0.361416 4 
0 0.383888 4 
0 0.386527 4 
0 0.417516 4 
0 0.426334 4 
0 0.43068 4 
0 0.435971 4 
0 0.499529 4 
0 0.501677 4 
0 0.521449 4 
0 0.576696 4 
0 0.582469 4 
0 0.584213 4 
0 0.61026 4 
0 0.618994 4 
0 0.625515 4 
0 0.633381 4 
0 0.641919 4 
0 0.667423 4 
0 0.673638 4 
0 0.698803 4 
0 0.702137 4 
0 0.703738 4 
0 0.705764 4 
0 0.707612 4 
0 0.715364 4 
0 0.739595 4 
0 0.748077 4 
0 0.756735 4 
0 0.859213 4 
0 0.910987 4 
0 1.15887 4 
0 1.16349 4 
0 1.28812 4 
0 1.52796 4 
0 1.5843 4 
0 1.59408 4 
0 1.59577 4 
0 1.59579 4 
0 1.66414 4 
0 1.66438 4 
0 1.66729 4 
0 1.75913 4 
0 1.79397 4 
0 1.87325 4 
0 1.9647 4 
0 2.57495 4 
0 2.68028 4 
0 2.68241 4 
0 2.68396 4 
0 inf 4 
0 0.0131567 5 
0 0.0242598 5 
0 0.0322284 5 
0 0.0345601 5 
0 0.0348098 5 
0 0.0403327 5 
0 0.0403327 5 
0 0.0403327 5 
0 0.0403401 5 
0 0.0409757 5 
0 0.0413943 5 
0 0.0413968 5 
0 0.0440296 5 
0 0.0461393 5 
0 0.0467012 5 
0 0.0476247 5 
0 0.0481555 5 
0 0.0481609 5 
0 0.0483469 5 
0 0.0499271 5 
0 0.0502721 5 
0 0.0506139 5 
0 0.0522976 5 
0 0.0524577 5 
0 0.0537609 5 
0 0.0537611 5 
0 0.0540902 5 
0 0.0565851 5 
0 0.0602937 5 
0 0.0641774 5 
0 0.0641884 5 
0 0.0643201 5 
0 0.0647239 5 
0 0.0657859 5 
0 0.0669513 5 
0 0.0754633 5 
0 0.0805653 5 
0 0.0807876 5 
0 0.0817428 5 
0 0.0891328 5 
0 0.0928435 5 
0 0.0939601 5 
0 0.0944153 5 
0 0.0961431 5 
0 0.0977491 5 
0 0.100368 5 
0 0.101488 5 
0 0.125856 5 
0 0.126885 5 
0 0.127768 5 
0 0.128238 5 
0 0.141642 5 
0 0.142073 5 
0 0.155118 5 
0 0.158156 5 
0 0.175787 5 
0 0.273527 5 
0 0.28629 5 
0 0.350252 5 
0 0.366886 5 
0 0.373906 5 
0 0.379124 5 
0 0.390816 5 
0 0.392359 5 
0 0.427153 5 
0 0.445044 5 
0 0.502282 5 
0 0.511839 5 
0 0.511907 5 
0 0.513838 5 
0 0.554194 5 
0 0.560082 5 
0 0.5641 5 
0 0.570583 5 
0 0.576606 5 
0 0.578411 5 
0 0.588506 5 
0 0.600493 5 
0 0.644406 5 
0 0.659644 5 
0 0.661607 5 
0 0.668313 5 
0 0.671208 5 
0 0.679024 5 
0 0.68915 5 
0 0.69257 5 
0 0.693219 5 
0 0.69429 5 
0 0.69699 5 
0 0.723109 5 
0 0.76113 5 
0 0.866306 5 
0 0.929437 5 
0 1.09484 5 
0 1.09762 5 
0 1.11221 5 
0 1.11368 5 
0 1.11585 5 
0 1.11924 5 
0 1.1299 5 
0 1.19979 5 
0 1.31131 5 
0 1.73754 5 
0 1.75434 5 
0 1.75448 5 
0 1.75507 5 
0 1.75538 5 
0 1.75645 5 
0 1.75684 5 
0 1.7647 5 
0 1.77222 5 
0 1.96305 5 
0 2.04317 5 
0 2.11589 5 
0 2.11898 5 
0 inf 5 
0 0.0208034 6 
0 0.0300019 6 
0 0.0302891 6 
0 0.0305794 6 
0 0.0338046 6 
0 0.0376737 6 
0 0.0385815 6 
0 0.040341 6 
0 0.0413965 6 
0 0.0422243 6 
0 0.0430394 6 
0 0.043043 6 
0 0.0432395 6 
0 0.0442284 6 
0 0.0442286 6 
0 0.0501001 6 
0 0.0509537 6 
0 0.0512977 6 
0 0.0517988 6 
0 0.0529618 6 
0 0.0559721 6 
0 0.0614309 6 
0 0.0626814 6 
0 0.0636487 6 
0 0.0645888 6 
0 0.0648596 6 
0 0.0649929 6 
0 0.065248 6 
0 0.0666899 6 
0 0.0719401 6 
0 0.0722963 6 
0 0.0732493 6 
0 0.0750098 6 
0 0.0751239 6 
0 0.079165 6 
0 0.0868722 6 
0 0.0868735 6 
0 0.0875671 6 
0 0.0887463 6 
0 0.100716 6 
0 0.101659 6 
0 0.101914 6 
0 0.102503 6 
0 0.113182 6 
0 0.127082 6 
0 0.158106 6 
0 0.159196 6 
0 0.166273 6 
0 0.196434 6 
0 0.264478 6 
0 0.279748 6 
0 0.360886 6 
0 0.388125 6 
0 0.390014 6 
0 0.411673 6 
0 0.42526 6 
0 0.426641 6 
0 0.429231 6 
0 0.473494 6 
0 0.475642 6 
0 0.479575 6 
0 0.479651 6 
0 0.484476 6 
0 0.49073 6 
0 0.492631 6 
0 0.561728 6 
0 0.569492 6 
0 0.570431 6 
0 0.59108 6 
0 0.621733 6 
0 0.630033 6 
0 0.633663 6 
0 0.635735 6 
0 0.653854 6 
0 0.654502 6 
0 0.657656 6 
0 0.664485 6 
0 0.668428 6 
0 0.669627 6 
0 0.678444 6 
0 0.678665 6 
0 0.679668 6 
0 0.680244 6 
0 0.681766 6 
0 0.681972 6 
0 0.786807 6 
0 0.787653 6 
0 0.880967 6 
0 0.896277 6 
0 1.0669 6 
0 1.07143 6 
0 1.07167 6 
0 1.0728 6 
0 1.11684 6 
0 1.14909 6 
0 1.15044 6 
0 1.15055 6 
0 1.15369 6 
0 1.17377 6 
0 1.19839 6 
0 1.31571 6 
0 1.33586 6 
0 1.52007 6 
0 1.52123 6 
0 1.52675 6 
0 1.62282 6 
0 1.78452 6 
0 2.22573 6 
0 2.22671 6 
0 2.22675 6 
0 2.23103 6 
0 inf 6 
0 0.0337997 7 
0 0.0355475 7 
0 0.0355501 7 
0 0.0374456 7 
0 0.0383595 7 
0 0.0413937 7 
0 0.0442242 7 
0 0.0465154 7 
0 0.0474345 7 
0 0.0479783 7 
0 0.0479869 7 
0 0.0492269 7 
0 0.0495748 7 
0 0.0501004 7 
0 0.0534425 7 
0 0.0564367 7 
0 0.0588398 7 
0 0.0597132 7 
0 0.0598551 7 
0 0.0601462 7 
0 0.0604306 7 
0 0.0605763 7 
0 0.0618519 7 
0 0.063512 7 
0 0.0653897 7 
0 0.0682407 7 
0 0.0713402 7 
0 0.0763675 7 
0 0.0763677 7 
0 0.084346 7 
0 0.097842 7 
0 0.105584 7 
0 0.109685 7 
0 0.109685 7 
0 0.111485 7 
0 0.122786 7 
0 0.133134 7 
0 0.139241 7 
0 0.163332 7 
0 0.18912 7 
0 0.207574 7 
0 0.22686 7 
0 0.264511 7 
0 0.297296 7 
0 0.316372 7 
0 0.325965 7 
0 0.327554 7 
0 0.335608 7 
0 0.367096 7 
0 0.36759 7 
0 0.369 7 
0 0.381989 7 
0 0.455091 7 
0 0.463973 7 
0 0.467541 7 
0 0.469757 7 
0 0.474929 7 
0 0.478238 7 
0 0.484066 7 
0 0.485901 7 
0 0.487751 7 
0 0.490108 7 
0 0.526533 7 
0 0.531115 7 
0 0.532824 7 
0 0.558426 7 
0 0.581669 7 
0 0.588879 7 
0 0.602441 7 
0 0.635178 7 
0 0.644913 7 
0 0.645396 7 
0 0.652393 7 
0 0.658205 7 
0 0.661418 7 
0 0.672967 7 
0 0.686937 7 
0 0.694419 7 
0 0.696013 7 
0 0.70997 7 
0 0.710201 7 
0 0.773061 7 
0 0.794641 7 
0 0.838605 7 
0 0.914303 7 
0 0.939064 7 
0 0.956842 7 
0 0.977885 7 
0 1.0635 7 
0 1.06477 7 
0 1.06526 7 
0 1.08473 7 
0 1.09332 7 
0 1.21628 7 
0 1.32001 7 
0 1.32306 7 
0 1.32728 7 
0 1.35766 7 
0 1.39708 7 
0 1.42243 7 
0 1.65355 7 
0 1.77657 7 
0 1.78259 7 
0 1.78259 7 
0 1.80442 7 
0 1.8113 7 
0 1.81992 7 
0 inf 7 
0 0.0390273 8 
0 0.0461415 8 
0 0.0472569 8 
0 0.0483452 8 
0 0.0514599 8 
0 0.0521368 8 
0 0.0542505 8 
0 0.0545655 8 
0 0.0561215 8 
0 0.0565867 8 
0 0.0567447 8 
0 0.0585392 8 
0 0.0610101 8 
0 0.0615701 8 
0 0.0625479 8 
0 0.0683676 8 
0 0.0688693 8 
0 0.0688696 8 
0 0.076151 8 
0 0.0779424 8 
0 0.0790494 8 
0 0.0795988 8 
0 0.0838346 8 
0 0.0929464 8 
0 0.0934066 8 
0 0.115604 8 
0 0.130247 8 
0 0.140296 8 
0 0.141399 8 
0 0.169469 8 
0 0.191479 8 
0 0.1947 8 
0 0.233255 8 
0 0.234882 8 
0 0.246806 8 
0 0.265425 8 
0 0.266637 8 
0 0.272883 8 
0 0.273686 8 
0 0.279473 8 
0 0.282973 8 
0 0.283625 8 
0 0.314936 8 
0 0.319522 8 
0 0.323187 8 
0 0.328755 8 
0 0.362826 8 
0 0.377944 8 
0 0.378576 8 
0 0.378699 8 
0 0.413859 8 
0 0.413964 8 
0 0.42091 8 
0 0.463623 8 
0 0.485178 8 
0 0.497996 8 
0 0.5 8 
0 0.502564 8 
0 0.537783 8 
0 0.542085 8 
0 0.548229 8 
0 0.548939 8 
0 0.561148 8 
0 0.563945 8 
0 0.587054 8 
0 0.622991 8 
0 0.636474 8 
0 0.648272 8 
0 0.652531 8 
0 0.655509 8 
0 0.662482 8 
0 0.664986 8 
0 0.665299 8 
0 0.666743 8 
0 0.669313 8 
0 0.671361 8 
0 0.671412 8 
0 0.860056 8 
0 0.910821 8 
0 0.926573 8 
0 0.968814 8 
0 0.972746 8 
0 1.06645 8 
0 1.06859 8 
0 1.06896 8 
0 1.11035 8 
0 1.15577 8 
0 1.20842 8 
0 1.21303 8 
0 1.25548 8 
0 1.27636 8 
0 1.35183 8 
0 1.3885 8 
0 1.43128 8 
0 1.46065 8 
0 1.46609 8 
0 1.58064 8 
0 1.611 8 
0 1.75311 8 
0 1.75449 8 
0 1.75801 8 
0 1.78296 8 
0 1.82168 8 
0 inf 8 
0 0.017157 9 
0 0.028523 9 
0 0.0438352 9 
0 0.045199 9 
0 0.0474343 9 
0 0.048157 9 
0 0.0521326 9 
0 0.0585425 9 
0 0.0619965 9 
0 0.0657884 9 
0 0.0681029 9 
0 0.0698686 9 
0 0.0723066 9 
0 0.0759219 9 
0 0.0792685 9 
0 0.0803583 9 
0 0.0805696 9 
0 0.0890406 9 
0 0.0902915 9 
0 0.0905849 9 
0 0.104427 9 
0 0.109847 9 
0 0.116718 9 
0 0.128306 9 
0 0.15309 9 
0 0.154726 9 
0 0.186162 9 
0 0.186719 9 
0 0.198276 9 
0 0.205682 9 
0 0.212635 9 
0 0.233108 9 
0 0.266954 9 
0 0.272354 9 
0 0.290439 9 
0 0.293466 9 
0 0.296867 9 
0 0.315385 9 
0 0.335699 9 
0 0.336728 9 
0 0.350449 9 
0 0.386612 9 
0 0.387328 9 
0 0.387857 9 
0 0.403578 9 
0 0.406399 9 
0 0.406399 9 
0 0.444719 9 
0 0.468804 9 
0 0.477453 9 
0 0.524107 9 
0 0.525905 9 
0 0.529447 9 
0 0.535078 9 
0 0.544252 9 
0 0.558253 9 
0 0.560855 9 
0 0.563331 9 
0 0.58808 9 
0 0.590846 9 
0 0.610449 9 
0 0.616951 9 
0 0.621466 9 
0 0.643512 9 
0 0.649416 9 
0 0.655189 9 
0 0.656257 9 
0 0.670722 9 
0 0.671303 9 
0 0.693521 9 
0 0.697181 9 
0 0.702644 9 
0 0.732654 9 
0 0.771685 9 
0 0.778992 9 
0 0.797803 9 
0 0.8272 9 
0 0.939941 9 
0 0.950423 9 
0 0.958575 9 
0 1.05342 9 
0 1.06625 9 
0 1.06652 9 
0 1.07242 9 
0 1.09616 9 
0 1.10747 9 
0 1.13437 9 
0 1.15695 9 
0 1.15769 9 
0 1.21185 9 
0 1.33282 9 
0 1.42326 9 
0 1.44597 9 
0 1.53908 9 
0 1.75341 9 
0 1.75349 9 
0 1.75983 9 
0 1.76118 9 
0 1.76162 9 
0 inf 9 
0 0.0403341 10 
0 0.042632 10 
0 0.0483361 10 
0 0.0540846 10 
0 0.0565952 10 
0 0.0607209 10 
0 0.0707225 10 
0 0.0718171 10 
0 0.0813162 10 
0 0.083207 10 
0 0.0909638 10 
0 0.0939602 10 
0 0.0964102 10 
0 0.104268 10 
0 0.113635 10 
0 0.116275 10 
0 0.124124 10 
0 0.125231 10 
0 0.130181 10 
0 0.145384 10 
0 0.151846 10 
0 0.151847 10 
0 0.152418 10 
0 0.172656 10 
0 0.182263 10 
0 0.182406 10 
0 0.223048 10 
0 0.264057 10 
0 0.26835 10 
0 0.273112 10 
0 0.275385 10 
0 0.276892 10 
0 0.28179 10 
0 0.282367 10 
0 0.287104 10 
0 0.29727 10 
0 0.346336 10 
0 0.351813 10 
0 0.355024 10 
0 0.35637 10 
0 0.363321 10 
0 0.36654 10 
0 0.379466 10 
0 0.390669 10 
0 0.412931 10 
0 0.455481 10 
0 0.46259 10 
0 0.473227 10 
0 0.476459 10 
0 0.493309 10 
0 0.493309 10 
0 0.497221 10 
0 0.498519 10 
0 0.536791 10 
0 0.543839 10 
0 0.558922 10 
0 0.56001 10 
0 0.571093 10 
0 0.597126 10 
0 0.604924 10 
0 0.60521 10 
0 0.644244 10 
0 0.647581 10 
0 0.647955 10 
0 0.648248 10 
0 0.657933 10 
0 0.679659 10 
0 0.681351 10 
0 0.756114 10 
0 0.872708 10 
0 0.906823 10 
0 0.917753 10 
0 1.02145 10 
0 1.06164 10 
0 1.06398 10 
0 1.06677 10 
0 1.07499 10 
0 1.09228 10 
0 1.09279 10 
0 1.1212 10 
0 1.12129 10 
0 1.13447 10 
0 1.17654 10 
0 1.31824 10 
0 1.3186 10 
0 1.33905 10 
0 1.41278 10 
0 1.42023 10 
0 1.42419 10 
0 1.44883 10 
0 1.75525 10 
0 1.75531 10 
0 1.77345 10 
0 1.86508 10 
0 1.86552 10 
0 inf 10 
0 0.0374414 11 
0 0.0624103 11 
0 0.0811021 11 
0 0.0925663 11 
0 0.0946046 11 
0 0.0976569 11 
0 0.102837 11 
0 0.106735 11 
0 0.108498 11 
0 0.112097 11 
0 0.147912 11 
0 0.152644 11 
0 0.15496 11 
0 0.163705 11 
0 0.16486 11 
0 0.176228 11 
0 0.18278 11 
0 0.188931 11 
0 0.194297 11 
0 0.196522 11 
0 0.209597 11 
0 0.255121 11 
0 0.265919 11 
0 0.266141 11 
0 0.273021 11 
0 0.289158 11 
0 0.30258 11 
0 0.306452 11 
0 0.315491 11 
0 0.325692 11 
0 0.326179 11 
0 0.327054 11 
0 0.327627 11 
0 0.327917 11 
0 0.329139 11 
0 0.331556 11 
0 0.335804 11 
0 0.346396 11 
0 0.348807 11 
0 0.350811 11 
0 0.354127 11 
0 0.35464 11 
0 0.387541 11 
0 0.392538 11 
0 0.412541 11 
0 0.417961 11 
0 0.481861 11 
0 0.4897 11 
0 0.506151 11 
0 0.506629 11 
0 0.525069 11 
0 0.526715 11 
0 0.563349 11 
0 0.571977 11 
0 0.572113 11 
0 0.576093 11 
0 0.584668 11 
0 0.585333 11 
0 0.590494 11 
0 0.616728 11 
0 0.616826 11 
0 0.627213 11 
0 0.63031 11 
0 0.779147 11 
0 0.889446 11 
0 0.908471 11 
0 1.05255 11 
0 1.06449 11 
0 1.06449 11 
0 1.09135 11 
0 1.09404 11 
0 1.15972 11 
0 1.16117 11 
0 1.21191 11 
0 1.21226 11 
0 1.21337 11 
0 1.21396 11 
0 1.21462 11 
0 1.22642 11 
0 1.22777 11 
0 1.25708 11 
0 1.25969 11 
0 1.29049 11 
0 1.33227 11 
0 1.3824 11 
0 1.38244 11 
0 1.75244 11 
0 1.75364 11 
0 1.78192 11 
0 1.80018 11 
0 1.80085 11 
0 inf 11 
0 0.0688618 12 
0 0.0704767 12 
0 0.0866676 12 
0 0.11745 12 
0 0.119294 12 
0 0.127364 12 
0 0.146218 12 
0 0.18049 12 
0 0.180549 12 
0 0.204803 12 
0 0.210067 12 
0 0.227387 12 
0 0.227465 12 
0 0.227655 12 
0 0.25229 12 
0 0.254505 12 
0 0.260555 12 
0 0.266861 12 
0 0.27321 12 
0 0.277543 12 
0 0.30267 12 
0 0.30766 12 
0 0.309152 12 
0 0.323099 12 
0 0.343536 12 
0 0.348723 12 
0 0.354405 12 
0 0.355088 12 
0 0.355303 12 
0 0.35596 12 
0 0.356698 12 
0 0.36747 12 
0 0.371506 12 
0 0.380377 12 
0 0.399722 12 
0 0.412698 12 
0 0.413117 12 
0 0.420484 12 
0 0.45604 12 
0 0.460573 12 
0 0.473415 12 
0 0.479681 12 
0 0.497259 12 
0 0.498093 12 
0 0.504035 12 
0 0.546646 12 
0 0.548923 12 
0 0.55443 12 
0 0.569675 12 
0 0.578984 12 
0 0.583742 12 
0 0.602071 12 
0 0.608862 12 
0 0.60908 12 
0 0.609203 12 
0 0.609932 12 
0 0.612334 12 
0 0.640317 12 
0 0.640966 12 
0 0.869534 12 
0 0.874893 12 
0 0.886461 12 
0 0.886568 12 
0 0.902343 12 
0 0.908652 12 
0 0.943282 12 
0 0.950822 12 
0 1.06788 12 
0 1.06798 12 
0 1.11358 12 
0 1.11863 12 
0 1.11993 12 
0 1.12887 12 
0 1.17837 12 
0 1.1787 12 
0 1.17884 12 
0 1.21399 12 
0 1.37473 12 
0 1.38331 12 
0 1.43813 12 
0 1.50204 12 
0 1.50254 12 
0 1.75182 12 
0 1.75193 12 
0 1.77795 12 
0 1.77836 12 
0 1.77846 12 
0 inf 12 
0 0.0734882 13 
0 0.0919964 13 
0 0.103432 13 
0 0.122008 13 
0 0.124406 13 
0 0.145266 13 
0 0.151273 13 
0 0.173901 13 
0 0.182021 13 
0 0.199267 13 
0 0.226318 13 
0 0.233767 13 
0 0.238243 13 
0 0.250742 13 
0 0.251844 13 
0 0.298149 13 
0 0.317874 13 
0 0.326471 13 
0 0.32768 13 
0 0.330442 13 
0 0.340793 13 
0 0.358296 13 
0 0.359381 13 
0 0.359533 13 
0 0.363563 13 
0 0.363873 13 
0 0.36633 13 
0 0.367999 13 
0 0.370112 13 
0 0.375475 13 
0 0.409053 13 
0 0.432467 13 
0 0.432547 13 
0 0.464488 13 
0 0.471492 13 
0 0.474183 13 
0 0.514593 13 
0 0.522557 13 
0 0.525001 13 
0 0.525134 13 
0 0.532344 13 
0 0.572165 13 
0 0.57289 13 
0 0.57289 13 
0 0.582177 13 
0 0.584373 13 
0 0.584566 13 
0 0.605374 13 
0 0.605554 13 
0 0.605565 13 
0 0.606423 13 
0 0.607064 13 
0 0.608354 13 
0 0.614696 13 
0 0.614808 13 
0 0.66817 13 
0 0.762545 13 
0 0.762681 13 
0 0.768379 13 
0 0.801373 13 
0 0.809901 13 
0 0.906993 13 
0 0.923375 13 
0 1.01868 13 
0 1.02734 13 
0 1.02995 13 
0 1.06404 13 
0 1.06459 13 
0 1.10665 13 
0 1.10703 13 
0 1.10959 13 
0 1.15018 13 
0 1.15608 13 
0 1.15647 13 
0 1.15695 13 
0 1.39674 13 
0 1.4202 13 
0 1.4203 13 
0 1.75672 13 
0 1.75882 13 
0 1.76 13 
0 1.76173 13 
0 1.76409 13 
0 inf 13 
0 0.0516267 14 
0 0.0673364 14 
0 0.0764921 14 
0 0.100289 14 
0 0.107044 14 
0 0.136355 14 
0 0.182971 14 
0 0.202456 14 
0 0.228112 14 
0 0.230181 14 
0 0.244939 14 
0 0.257102 14 
0 0.257315 14 
0 0.270053 14 
0 0.299938 14 
0 0.299938 14 
0 0.30086 14 
0 0.301979 14 
0 0.307242 14 
0 0.30803 14 
0 0.321276 14 
0 0.328611 14 
0 0.333518 14 
0 0.333893 14 
0 0.33423 14 
0 0.338386 14 
0 0.34002 14 
0 0.343262 14 
0 0.343665 14 
0 0.344244 14 
0 0.355749 14 
0 0.356236 14 
0 0.359644 14 
0 0.359932 14 
0 0.359957 14 
0 0.366613 14 
0 0.395059 14 
0 0.408804 14 
0 0.416107 14 
0 0.416419 14 
0 0.416439 14 
0 0.433949 14 
0 0.457748 14 
0 0.487041 14 
0 0.495376 14 
0 0.527338 14 
0 0.528142 14 
0 0.528567 14 
0 0.528682 14 
0 0.569293 14 
0 0.59139 14 
0 0.600081 14 
0 0.600542 14 
0 0.602902 14 
0 0.622062 14 
0 0.672273 14 
0 0.693899 14 
0 0.694485 14 
0 0.710716 14 
0 0.716393 14 
0 0.722708 14 
0 0.761821 14 
0 0.761866 14 
0 0.767311 14 
0 0.915379 14 
0 0.915691 14 
0 0.916627 14 
0 0.917051 14 
0 1.0636 14 
0 1.07108 14 
0 1.07177 14 
0 1.07286 14 
0 1.41405 14 
0 1.41487 14 
0 1.41518 14 
0 1.75456 14 
0 1.78332 14 
0 1.78355 14 
0 1.78414 14 
0 inf 14 
0 0.0589865 15 
0 0.0693687 15 
0 0.0912432 15 
0 0.116723 15 
0 0.129646 15 
0 0.191294 15 
0 0.248621 15 
0 0.257185 15 
0 0.258057 15 
0 0.2634 15 
0 0.270884 15 
0 0.270984 15 
0 0.275434 15 
0 0.27975 15 
0 0.280676 15 
0 0.283073 15 
0 0.283712 15 
0 0.284783 15 
0 0.284935 15 
0 0.288131 15 
0 0.288581 15 
0 0.290113 15 
0 0.301782 15 
0 0.30579 15 
0 0.309348 15 
0 0.315291 15 
0 0.318464 15 
0 0.318763 15 
0 0.320253 15 
0 0.320685 15 
0 0.321613 15 
0 0.323545 15 
0 0.325013 15 
0 0.356881 15 
0 0.358236 15 
0 0.358333 15 
0 0.365138 15 
0 0.381826 15 
0 0.392382 15 
0 0.445129 15 
0 0.457157 15 
0 0.457384 15 
0 0.458461 15 
0 0.490951 15 
0 0.49222 15 
0 0.548323 15 
0 0.569127 15 
0 0.611867 15 
0 0.616896 15 
0 0.617233 15 
0 0.710368 15 
0 0.729517 15 
0 0.795869 15 
0 0.868665 15 
0 0.912568 15 
0 1.03851 15 
0 1.03949 15 
0 1.04039 15 
0 1.06477 15 
0 1.11187 15 
0 1.11739 15 
0 1.11746 15 
0 1.28156 15 
0 1.28253 15 
0 1.28253 15 
0 1.39566 15 
0 1.40722 15 
0 1.41613 15 
0 1.417 15 
0 1.42434 15 
0 1.42473 15 
0 1.75311 15 
0 1.84856 15 
0 1.84856 15 
0 1.8486 15 
0 inf 15 
0 0.125646 16 
0 0.148269 16 
0 0.156509 16 
0 0.178616 16 
0 0.194656 16 
0 0.215468 16 
0 0.242852 16 
0 0.25417 16 
0 0.273367 16 
0 0.27403 16 
0 0.27463 16 
0 0.274788 16 
0 0.299932 16 
0 0.300307 16 
0 0.309728 16 
0 0.30984 16 
0 0.314618 16 
0 0.315832 16 
0 0.316812 16 
0 0.316812 16 
0 0.317222 16 
0 0.318192 16 
0 0.318599 16 
0 0.328667 16 
0 0.329088 16 
0 0.329718 16 
0 0.330557 16 
0 0.331961 16 
0 0.334269 16 
0 0.334658 16 
0 0.358489 16 
0 0.358706 16 
0 0.359958 16 
0 0.363309 16 
0 0.376393 16 
0 0.377151 16 
0 0.377495 16 
0 0.393113 16 
0 0.44514 16 
0 0.498093 16 
0 0.522319 16 
0 0.527709 16 
0 0.529429 16 
0 0.531837 16 
0 0.544697 16 
0 0.562442 16 
0 0.831176 16 
0 0.886624 16 
0 0.925952 16 
0 0.939546 16 
0 0.95376 16 
0 0.956537 16 
0 0.957432 16 
0 1.02332 16 
0 1.06682 16 
0 1.18278 16 
0 1.18307 16 
0 1.18307 16 
0 1.21501 16 
0 1.21681 16 
0 1.21715 16 
0 1.26513 16 
0 1.26561 16 
0 1.26568 16 
0 1.3806 16 
0 1.38116 16 
0 1.38156 16 
0 1.75658 16 
0 1.79496 16 
0 1.79592 16 
0 1.796 16 
0 inf 16 
0 0.0882622 17 
0 0.12016 17 
0 0.152189 17 
0 0.182974 17 
0 0.189114 17 
0 0.195104 17 
0 0.254452 17 
0 0.266309 17 
0 0.266472 17 
0 0.280276 17 
0 0.284962 17 
0 0.296374 17 
0 0.300434 17 
0 0.300693 17 
0 0.308282 17 
0 0.30918 17 
0 0.310548 17 
0 0.311021 17 
0 0.317946 17 
0 0.322514 17 
0 0.322648 17 
0 0.322837 17 
0 0.323318 17 
0 0.326251 17 
0 0.326278 17 
0 0.326278 17 
0 0.334671 17 
0 0.342796 17 
0 0.342973 17 
0 0.343099 17 
0 0.355482 17 
0 0.358585 17 
0 0.358585 17 
0 0.361399 17 
0 0.519827 17 
0 0.520426 17 
0 0.522284 17 
0 0.522285 17 
0 0.555881 17 
0 0.566196 17 
0 0.566196 17 
0 0.56644 17 
0 0.627505 17 
0 0.838446 17 
0 0.840961 17 
0 0.842472 17 
0 0.964947 17 
0 0.965664 17 
0 0.9701 17 
0 0.97059 17 
0 1.06303 17 
0 1.12678 17 
0 1.12715 17 
0 1.12752 17 
0 1.16158 17 
0 1.16293 17 
0 1.16299 17 
0 1.4119 17 
0 1.41227 17 
0 1.41257 17 
0 1.54422 17 
0 1.55568 17 
0 1.55878 17 
0 1.75576 17 
0 1.76247 17 
0 1.76266 17 
0 1.76269 17 
0 inf 17 
0 0.0985428 18 
0 0.103435 18 
0 0.104848 18 
0 0.106161 18 
0 0.110469 18 
0 0.117748 18 
0 0.158429 18 
0 0.165904 18 
0 0.186019 18 
0 0.194036 18 
0 0.251569 18 
0 0.275386 18 
0 0.27617 18 
0 0.277172 18 
0 0.304895 18 
0 0.308956 18 
0 0.310493 18 
0 0.313158 18 
0 0.333052 18 
0 0.335099 18 
0 0.337314 18 
0 0.337544 18 
0 0.362426 18 
0 0.369474 18 
0 0.369475 18 
0 0.370106 18 
0 0.375541 18 
0 0.378023 18 
0 0.37912 18 
0 0.379508 18 
0 0.464271 18 
0 0.490294 18 
0 0.490382 18 
0 0.536493 18 
0 0.538168 18 
0 0.538939 18 
0 0.538939 18 
0 0.56876 18 
0 0.568852 18 
0 0.569445 18 
0 0.617755 18 
0 0.625897 18 
0 0.628547 18 
0 0.890306 18 
0 0.949989 18 
0 0.9534 18 
0 1.07917 18 
0 1.08366 18 
0 1.08371 18 
0 1.12371 18 
0 1.16858 18 
0 1.16882 18 
0 1.16908 18 
0 1.20674 18 
0 1.22818 18 
0 1.39679 18 
0 1.40758 18 
0 1.40775 18 
0 1.49366 18 
0 1.75914 18 
0 1.76021 18 
0 1.76022 18 
0 1.76097 18 
0 inf 18 
0 0.111016 19 
0 0.117454 19 
0 0.119942 19 
0 0.123847 19 
0 0.124475 19 
0 0.127355 19 
0 0.139112 19 
0 0.15517 19 
0 0.15606 19 
0 0.263434 19 
0 0.266958 19 
0 0.268735 19 
0 0.277195 19 
0 0.277694 19 
0 0.277911 19 
0 0.315196 19 
0 0.315726 19 
0 0.315918 19 
0 0.318101 19 
0 0.334203 19 
0 0.33428 19 
0 0.357804 19 
0 0.360622 19 
0 0.360886 19 
0 0.371415 19 
0 0.373428 19 
0 0.377141 19 
0 0.377783 19 
0 0.381521 19 
0 0.571282 19 
0 0.571812 19 
0 0.573188 19 
0 0.585881 19 
0 0.593403 19 
0 0.593418 19 
0 0.593884 19 
0 0.629936 19 
0 0.632186 19 
0 0.637977 19 
0 0.645232 19 
0 0.645232 19 
0 0.73631 19 
0 0.839687 19 
0 0.89534 19 
0 0.949556 19 
0 0.950786 19 
0 1.06875 19 
0 1.07393 19 
0 1.08066 19 
0 1.08102 19 
0 1.10254 19 
0 1.10348 19 
0 1.17751 19 
0 1.1958 19 
0 1.42626 19 
0 1.42707 19 
0 1.76525 19 
0 1.76535 19 
0 1.76541 19 
0 inf 19 
0 0.0659107 20 
0 0.0693659 20 
0 0.0781659 20 
0 0.122506 20 
0 0.129251 20 
0 0.129985 20 
0 0.130377 20 
0 0.130847 20 
0 0.13117 20 
0 0.185039 20 
0 0.185273 20 
0 0.260627 20 
0 0.261555 20 
0 0.302783 20 
0 0.327136 20 
0 0.327347 20 
0 0.376419 20 
0 0.376718 20 
0 0.377085 20 
0 0.391602 20 
0 0.392485 20 
0 0.394179 20 
0 0.40505 20 
0 0.405562 20 
0 0.417822 20 
0 0.419062 20 
0 0.447438 20 
0 0.461831 20 
0 0.562688 20 
0 0.562688 20 
0 0.562701 20 
0 0.56361 20 
0 0.573105 20 
0 0.573287 20 
0 0.588806 20 
0 0.59454 20 
0 0.595339 20 
0 0.639939 20 
0 0.652968 20 
0 0.653431 20 
0 0.681505 20 
0 1.07275 20 
0 1.07276 20 
0 1.07305 20 
0 1.11205 20 
0 1.11401 20 
0 1.1256 20 
0 1.1527 20 
0 1.16709 20 
0 1.17032 20 
0 1.24113 20 
0 1.38514 20 
0 1.77132 20 
0 1.77398 20 
0 1.77405 20 
0 inf 20 
