6.27746 8.41818 1 
0.892465 2.27247 1 
0.324712 0.333657 1 
0.283383 0.340014 1 
0.269164 0.300397 1 
0.26376 0.275991 1 
0.260184 0.265781 1 
0.1279 0.128941 1 
0.121701 0.133699 1 
0.114912 0.136121 1 
0.075965 0.080704 1 
0.0658965 0.070897 1 
0.0614596 0.0737757 1 
0.0589896 0.0604912 1 
0.055888 0.0626624 1 
0.0558827 0.0561483 1 
0.051738 0.060973 1 
0.0511558 0.0520226 1 
0.050868 0.0520243 1 
0.0496853 0.0531554 1 
0.0472312 0.0545369 1 
0.0453032 0.0556168 1 
0.0443075 0.0472308 1 
0.0443068 0.0493851 1 
0.042595 0.0525935 1 
0.041535 0.0505762 1 
0.037388 0.0408108 1 
0.0357614 0.0365842 1 
0.0313282 0.034058 1 
5.99236 6.72677 2 
5.98977 6.71149 2 
5.78784 5.92001 2 
5.02558 6.74036 2 
0.717203 3.04613 2 
0.267002 0.271263 2 
0.247341 0.273392 2 
0.232598 0.281594 2 
0.230216 0.268121 2 
0.204565 0.218215 2 
0.134585 0.134805 2 
0.078466 0.0821683 2 
0.0745773 0.087938 2 
0.0638342 0.0656649 2 
0.0628993 0.0667943 2 
0.0621825 0.0658973 2 
0.0599905 0.0612172 2 
0.0592418 0.0661231 2 
0.0564129 0.0670156 2 
0.0564127 0.0612172 2 
0.0542613 0.0582288 2 
0.0525929 0.0647581 2 
0.0502811 0.0539913 2 
0.05028 0.0542629 2 
0.0496824 0.0553476 2 
0.0490826 0.0571977 2 
0.0481683 0.0487784 2 
0.0481666 0.0493855 2 
0.0472312 0.0528754 2 
0.0465961 0.0508684 2 
0.0446395 0.0446397 2 
0.697371 3.23977 3 
0.266448 0.298416 3 
0.245295 0.257129 3 
0.227688 0.234314 3 
0.107426 0.111501 3 
0.107286 0.110561 3 
0.0858866 0.0990716 3 
0.0759578 0.0821623 3 
0.0741758 0.0799598 3 
0.0638368 0.0640677 3 
0.0633655 0.0670152 3 
0.0534328 0.0640632 3 
0.0472299 0.0481646 3 
0.0462778 0.0475442 3 
0.0443074 0.0496876 3 
0.0432871 0.045953 3 
0.0418898 0.0425939 3 
0.0418897 0.0432871 3 
0.0415334 0.045301 3 
0.0400764 0.0436294 3 
0.722048 3.16973 4 
0.116585 0.125906 4 
0.0858842 0.0928706 4 
0.078468 0.0853663 4 
0.050868 0.0542652 4 
0.0496842 0.056415 4 
0.0469116 0.0523102 4 
0.0429451 0.0436329 4 
1.33686 1.44567 5 
1.24573 2.86012 5 
0.146743 0.148655 5 
0.107429 0.110428 5 
0.105184 0.113614 5 
0.045953 0.0517376 5 
0.0429415 0.0456301 5 
0.042594 0.0465986 5 
2.63161 2.93891 6 
2.62722 2.92656 6 
2.62717 2.90214 6 
2.62632 2.90514 6 
2.52094 2.60985 6 
2.36235 2.54987 6 
2.35843 2.5165 6 
1.39273 2.56046 6 
0.17964 0.19251 6 
0.0879432 0.0881115 6 
2.31032 2.51056 7 
2.31008 2.31093 7 
2.30352 2.32423 7 
2.30336 2.3271 7 
2.29669 2.59091 7 
2.24652 2.28154 7 
2.23357 2.30515 7 
1.8859 2.35125 7 
0.0930345 0.0933493 7 
0.0922322 0.0933493 7 
2.63105 3.01968 8 
2.05408 2.51294 8 
2.00495 2.02628 8 
1.96585 2.1151 8 
1.94945 2.03501 8 
1.94835 2.04538 8 
1.04675 1.06138 8 
0.149458 0.149652 8 
0.104191 0.111497 8 
0.0884435 0.103185 8 
2.1162 2.38004 9 
1.97879 2.05526 9 
1.6754 1.72611 9 
1.64741 1.72884 9 
1.5629 1.80974 9 
0.819366 0.819821 9 
0.422785 0.425934 9 
0.0717275 0.0733734 9 
2.5368 2.64834 10 
2.48666 2.63789 10 
1.80558 2.12688 10 
1.80045 2.15453 10 
1.36127 1.58987 10 
0.231312 0.235331 10 
2.21739 2.76022 11 
2.18515 2.75452 11 
1.7594 1.98072 11 
1.75831 1.97867 11 
1.26424 1.36464 11 
1.37465 1.41227 12 
1.32578 1.38973 12 
1.31117 1.43532 12 
1.31114 1.41205 12 
1.30881 1.43834 12 
1.1092 1.1401 12 
0.600753 0.636719 12 
1.13832 1.19293 13 
1.04556 1.05156 13 
0.925636 0.938351 13 
0.907446 0.986885 13 
0.772692 0.953086 13 
0.509964 0.536292 13 
2.19971 2.27206 14 
1.96547 2.06795 14 
1.24747 1.36401 14 
0.878462 0.897311 14 
0.765441 0.81727 14 
0.715196 0.987042 14 
2.47351 2.5884 15 
1.66651 1.72338 15 
1.66432 1.69782 15 
1.66337 1.72265 15 
0.867351 0.978885 15 
0.828688 0.850581 15 
0.8231 0.950926 15 
0.525182 0.5774 15 
2.4525 2.70123 16 
2.44524 2.70176 16 
1.74457 1.76759 16 
1.74457 1.74472 16 
1.7445 1.77497 16 
0.826839 0.830016 16 
2.05094 2.48846 17 
2.05082 2.48683 17 
1.52674 1.55347 17 
1.49066 1.55922 17 
1.35803 1.49145 17 
1.33213 1.55347 17 
2.06323 2.07003 18 
1.63845 1.66962 18 
1.60479 1.75579 18 
1.50497 1.89893 18 
1.37324 1.42007 19 
1.07698 1.11149 19 
1.12902 1.18163 20 
1.12754 1.29821 20 
0.62121 0.682167 20 
