3.72367 6.52627 1 
1.24218 3.00221 1 
0.171548 0.17735 1 
0.167977 0.190313 1 
0.162908 0.167976 1 
0.147218 0.150677 1 
0.120549 0.121371 1 
0.105485 0.108282 1 
0.0984848 0.0994896 1 
0.0582138 0.0605917 1 
0.0577854 0.0605917 1 
0.0576405 0.0731344 1 
0.0551252 0.0670851 1 
0.0534553 0.0561715 1 
0.0502376 0.0563162 1 
0.0419576 0.0425486 1 
0.0413576 0.0423527 1 
0.0411603 0.0652086 1 
0.0399349 0.0405573 1 
0.0393015 0.0423611 1 
0.0375734 0.0375843 1 
0.0369128 0.038883 1 
4.50871 4.78686 2 
4.50619 4.81358 2 
3.20272 4.81788 2 
0.999704 4.08195 2 
0.180049 0.2022 2 
0.163113 0.178611 2 
0.162553 0.173379 2 
0.153563 0.160545 2 
0.142805 0.160548 2 
0.140585 0.145521 2 
0.131235 0.147721 2 
0.0871152 0.0875911 2 
0.0847045 0.088348 2 
0.0809933 0.0825231 2 
0.0782847 0.0804723 2 
0.0779682 0.0834144 2 
0.0762373 0.0853853 2 
0.0667192 0.0742588 2 
0.066718 0.0701148 2 
0.0500776 0.0502447 2 
0.0371321 0.0380139 2 
3.25081 3.54836 3 
3.22995 3.54038 3 
2.84169 3.55184 3 
0.919956 4.28272 3 
0.186885 0.211091 3 
0.179632 0.185815 3 
0.165437 0.16674 3 
0.160446 0.16654 3 
0.125338 0.134299 3 
0.0850904 0.0983176 3 
0.0789144 0.0838152 3 
0.0350649 0.0373513 3 
1.07018 4.18987 4 
0.185504 0.199061 4 
0.155982 0.157143 4 
0.14968 0.160654 4 
0.133364 0.134539 4 
0.128421 0.138199 4 
0.0921226 0.09461 4 
0.0752549 0.0842072 4 
0.0435147 0.0450126 4 
0.0386683 0.0386694 4 
0.0382365 0.0411624 4 
1.91953 2.06771 5 
1.91565 2.0612 5 
1.91514 2.05988 5 
1.91238 1.97875 5 
1.28907 3.89204 5 
0.181009 0.188563 5 
0.154864 0.156145 5 
0.153517 0.162858 5 
0.140524 0.151935 5 
0.136141 0.1454 5 
0.13003 0.151826 5 
0.11684 0.139269 5 
0.086732 0.100897 5 
3.47522 3.48082 6 
3.31216 3.39726 6 
3.31159 3.42849 6 
2.16926 3.51219 6 
1.95085 2.04966 6 
0.146821 0.161268 6 
0.128874 0.139457 6 
0.117971 0.122734 6 
0.112643 0.119368 6 
2.42744 2.66316 7 
2.39257 2.96717 7 
2.38615 2.74574 7 
2.00932 2.0778 7 
1.93301 2.97594 7 
0.183618 0.188209 7 
0.16748 0.183246 7 
0.136506 0.148842 7 
0.133239 0.150616 7 
0.128996 0.131295 7 
2.23583 3.14855 8 
2.14133 2.54664 8 
2.09929 2.22715 8 
2.04176 2.4368 8 
1.78393 2.66744 8 
0.179911 0.197427 8 
0.144778 0.148175 8 
0.130472 0.134793 8 
0.127903 0.129516 8 
0.0635258 0.0689189 8 
2.33457 2.53188 9 
1.62502 2.38823 9 
1.49498 2.1625 9 
1.4078 2.46696 9 
2.19345 2.22493 10 
2.17442 2.20212 10 
2.06392 2.17624 10 
1.98838 2.06662 10 
1.29773 2.22546 10 
0.139272 0.141702 10 
2.07264 3.04819 11 
2.07241 2.58255 11 
1.92718 2.02574 11 
1.45803 1.95712 11 
0.657882 0.704923 11 
2.11396 2.17184 12 
2.08127 2.10327 12 
2.05932 2.1363 12 
2.046 2.16514 12 
1.61532 1.72153 12 
1.57663 1.58071 12 
1.42374 1.79019 12 
1.29105 1.39301 12 
0.633295 0.64565 12 
0.406486 0.409721 12 
1.62017 1.83644 13 
1.61879 1.84402 13 
1.60499 1.80507 13 
1.44493 1.49769 13 
1.38884 1.48851 13 
1.10284 1.13656 13 
0.983519 0.984851 13 
1.2158 1.30548 14 
1.18895 1.28336 14 
1.17124 1.22886 14 
0.846161 0.987345 14 
1.03327 1.15209 15 
0.947902 1.0699 15 
0.889177 1.00367 15 
1.93646 2.39533 16 
1.93643 2.39468 16 
1.93643 2.39337 16 
0.889675 0.903078 16 
1.84987 2.08136 17 
1.84609 2.08111 17 
1.84609 2.0792 17 
2.13935 2.16582 18 
2.13885 2.16829 18 
2.12583 2.16981 18 
0.898028 0.908433 20 
