4.64849 8.37564 1 
1.01766 2.59458 1 
0.188529 0.219036 1 
0.158909 0.161091 1 
0.143463 0.161819 1 
0.11451 0.123856 1 
0.111133 0.125059 1 
0.107837 0.114609 1 
0.0935042 0.17811 1 
0.0759715 0.0779016 1 
0.0752655 0.0759702 1 
0.0737012 0.0850646 1 
0.07298 0.0755506 1 
0.0704665 0.0732692 1 
0.0697107 0.0860533 1 
0.0692505 0.0768062 1 
0.0661122 0.074276 1 
0.0566079 0.058997 1 
0.0525218 0.0535222 1 
0.049185 0.0547011 1 
0.0467504 0.0535224 1 
0.0462971 0.0487536 1 
0.046297 0.0485355 1 
0.0451329 0.0510931 1 
0.0429681 0.0547011 1 
0.0252305 0.0272527 1 
0.0243753 0.0287669 1 
6.12289 6.23188 2 
6.1186 6.23633 2 
3.93302 6.31501 2 
0.846071 3.44791 2 
0.218654 0.227681 2 
0.213341 0.251717 2 
0.200259 0.20242 2 
0.191486 0.197918 2 
0.188472 0.199305 2 
0.175169 0.256564 2 
0.167741 0.170316 2 
0.165704 0.185695 2 
0.153194 0.171491 2 
0.0870332 0.0932701 2 
0.0738496 0.0851929 2 
0.0704648 0.0712134 2 
0.0675445 0.0769402 2 
0.0670726 0.0947427 2 
0.0624865 0.0841867 2 
0.0624862 0.0694012 2 
0.0550866 0.0566069 2 
0.0548953 0.0558537 2 
0.0474257 0.0588145 2 
0.0341615 0.0365625 2 
0.0315806 0.0328965 2 
0.0298538 0.031243 2 
0.0276387 0.0305559 2 
4.47137 4.75596 3 
4.46758 4.96737 3 
3.61455 4.9676 3 
3.15537 3.27247 3 
0.768825 3.60052 3 
0.21184 0.219138 3 
0.209424 0.242447 3 
0.179657 0.187119 3 
0.178174 0.260338 3 
0.161555 0.163183 3 
0.161027 0.179707 3 
0.144126 0.171431 3 
0.117714 0.1343 3 
0.104536 0.129145 3 
0.10176 0.115071 3 
0.0893229 0.0980436 3 
0.0843126 0.119946 3 
0.0545047 0.0595277 3 
0.0362709 0.0448983 3 
3.0002 3.0897 4 
2.99977 3.08144 4 
2.9985 3.07383 4 
1.0948 3.24664 4 
0.242088 0.243839 4 
0.179477 0.23357 4 
0.172422 0.172481 4 
0.16894 0.226751 4 
0.14176 0.192698 4 
0.139721 0.145887 4 
0.137505 0.140178 4 
0.130859 0.133109 4 
0.108325 0.10988 4 
0.108129 0.112272 4 
0.104032 0.107741 4 
0.102177 0.110074 4 
0.098472 0.149269 4 
0.0851867 0.0938357 4 
0.080582 0.0863058 4 
0.0778996 0.086426 4 
0.077634 0.0892075 4 
0.0756894 0.0769386 4 
0.0709139 0.0804525 4 
2.12306 2.31379 5 
2.02853 2.03744 5 
1.87005 2.90351 5 
0.1605 0.186949 5 
0.151871 0.185524 5 
0.116445 0.141155 5 
0.102796 0.123862 5 
0.09316 0.111319 5 
0.0887265 0.112551 5 
2.64258 2.67979 6 
2.63642 2.67662 6 
2.5939 2.59455 6 
2.03289 2.65618 6 
1.9331 2.08225 6 
0.145448 0.157968 6 
0.132234 0.133035 6 
0.120208 0.12144 6 
0.112362 0.140778 6 
0.112078 0.146395 6 
0.108816 0.109205 6 
0.108713 0.137579 6 
0.106845 0.12144 6 
0.0867915 0.0896789 6 
0.0653067 0.0710635 6 
2.54652 3.0671 7 
2.13234 2.20984 7 
2.12925 2.34652 7 
2.11925 2.21843 7 
2.10426 2.13544 7 
2.07433 2.26813 7 
2.03782 2.05924 7 
1.94945 2.24098 7 
0.137575 0.139117 7 
0.105944 0.125564 7 
0.102071 0.116444 7 
0.101342 0.106446 7 
0.0987991 0.10494 7 
0.0905013 0.114978 7 
0.0838049 0.0907345 7 
0.0811068 0.0882444 7 
1.92039 2.13276 8 
1.91876 2.25386 8 
1.79253 1.97189 8 
1.59352 1.60743 8 
1.32687 1.9738 8 
0.15499 0.184716 8 
0.124885 0.137809 8 
0.112366 0.115983 8 
0.108325 0.129557 8 
0.0854346 0.0969534 8 
2.16565 2.55947 9 
2.16549 2.55939 9 
1.6885 1.69165 9 
1.6387 1.9287 9 
1.16773 1.73356 9 
1.01879 1.02239 9 
0.171553 0.174982 9 
0.154435 0.156617 9 
0.152986 0.20047 9 
0.141905 0.174196 9 
2.12492 2.46631 10 
2.1238 2.35 10 
1.71389 1.89077 10 
1.12455 1.57256 10 
0.182352 0.193307 10 
1.50606 1.53785 11 
1.4369 1.4808 11 
1.42522 1.44441 11 
1.35661 1.42071 11 
1.3201 1.54013 11 
1.20434 1.61089 11 
0.691856 0.724364 11 
0.219764 0.237532 11 
1.49861 1.7228 12 
1.46583 1.71409 12 
1.45992 1.67923 12 
1.01561 1.07276 12 
0.991419 1.11682 12 
0.851661 1.19063 12 
0.820739 1.08771 12 
0.784689 0.794699 12 
0.584129 0.612632 12 
0.222275 0.233807 12 
0.933595 1.01722 13 
0.586921 0.588306 13 
2.21024 2.30361 14 
2.20976 2.3023 14 
2.20919 2.30184 14 
0.211365 0.212111 14 
1.64228 1.85948 15 
1.64153 2.1458 15 
1.64135 2.15002 15 
1.5372 1.62536 16 
1.08042 1.20579 16 
0.420633 0.453708 16 
0.417087 0.450775 16 
0.415047 0.418681 16 
0.254614 0.260225 16 
0.221512 0.234805 16 
1.85945 1.92183 17 
1.81925 1.95537 17 
1.72681 1.82946 17 
1.57328 1.79655 17 
0.681122 0.695021 17 
0.441722 0.458732 17 
0.412457 0.446138 17 
0.411633 0.444537 17 
0.407618 0.439931 17 
1.7475 1.89267 18 
1.67658 1.88883 18 
1.67618 1.88976 18 
1.67317 1.96682 18 
1.05484 1.06259 18 
0.646999 0.679912 18 
1.62414 1.82259 19 
1.62351 1.82289 19 
0.650269 0.78577 19 
0.42815 0.44138 19 
1.65613 1.79247 20 
1.65505 1.79351 20 
0.788288 0.902375 20 
0.294376 0.296888 20 
