0 0.00983715 1 
0 0.0216276 1 
0 0.021998 1 
0 0.0263319 1 
0 0.0263406 1 
0 0.0269422 1 
0 0.0275341 1 
0 0.0284017 1 
0 0.0286763 1 
0 0.0286777 1 
0 0.0286791 1 
0 0.0297821 1 
0 0.030055 1 
0 0.0305865 1 
0 0.0326279 1 
0 0.0331085 1 
0 0.0340731 1 
0 0.0340861 1 
0 0.0343148 1 
0 0.0345491 1 
0 0.0347761 1 
0 0.0347784 1 
0 0.0350134 1 
0 0.0363673 1 
0 0.0368025 1 
0 0.0370268 1 
0 0.0370268 1 
0 0.0378917 1 
0 0.0381022 1 
0 0.0383133 1 
0 0.0397587 1 
0 0.0401627 1 
0 0.0403625 1 
0 0.0409491 1 
0 0.0409577 1 
0 0.0413497 1 
0 0.0413501 1 
0 0.0423135 1 
0 0.0423138 1 
0 0.0423138 1 
0 0.042314 1 
0 0.042314 1 
0 0.0425042 1 
0 0.0428814 1 
0 0.0428817 1 
0 0.0430687 1 
0 0.0434432 1 
0 0.0447228 1 
0 0.0452612 1 
0 0.045793 1 
0 0.0464977 1 
0 0.0478567 1 
0 0.0478608 1 
0 0.0490245 1 
0 0.0498396 1 
0 0.0498412 1 
0 0.051739 1 
0 0.0520569 1 
0 0.0522038 1 
0 0.0529784 1 
0 0.0535833 1 
0 0.0540332 1 
0 0.0544739 1 
0 0.0547705 1 
0 0.05478 1 
0 0.0576435 1 
0 0.0584812 1 
0 0.0586189 1 
0 0.0590248 1 
0 0.0595736 1 
0 0.059843 1 
0 0.0602453 1 
0 0.0602453 1 
0 0.0605097 1 
0 0.0626092 1 
0 0.0635074 1 
0 0.065993 1 
0 0.0712796 1 
0 0.0751362 1 
0 0.0832809 1 
0 0.0848161 1 
0 0.084913 1 
0 0.0885395 1 
0 0.0893558 1 
0 0.0894474 1 
0 0.093502 1 
0 0.109697 1 
0 0.112597 1 
0 0.116473 1 
0 0.125663 1 
0 0.13266 1 
0 0.134531 1 
0 0.144475 1 
0 0.165548 1 
0 0.166422 1 
0 0.175297 1 
0 0.187478 1 
0 0.192361 1 
0 0.219025 1 
0 0.243701 1 
0 0.253344 1 
0 0.297199 1 
0 0.316726 1 
0 0.374119 1 
0 0.496607 1 
0 0.535778 1 
0 0.563448 1 
0 0.579903 1 
0 0.583259 1 
0 0.583601 1 
0 0.630225 1 
0 0.645013 1 
0 0.693671 1 
0 0.694955 1 
0 0.718035 1 
0 0.754765 1 
0 0.899618 1 
0 0.984001 1 
0 1.03677 1 
0 1.09723 1 
0 1.21521 1 
0 1.27228 1 
0 1.36442 1 
0 2.14901 1 
0 2.19359 1 
0 2.70525 1 
0 3.04898 1 
0 4.17195 1 
0 4.219 1 
0 4.40449 1 
0 4.4779 1 
0 inf 1 
0 0.0184045 2 
0 0.0188379 2 
0 0.020074 2 
0 0.0234192 2 
0 0.0250804 2 
0 0.0272394 2 
0 0.0272399 2 
0 0.0272399 2 
0 0.0272401 2 
0 0.0272402 2 
0 0.0272402 2 
0 0.0272458 2 
0 0.0297858 2 
0 0.0297859 2 
0 0.029786 2 
0 0.0300495 2 
0 0.0311113 2 
0 0.0328795 2 
0 0.035472 2 
0 0.035472 2 
0 0.0356971 2 
0 0.0361464 2 
0 0.0361478 2 
0 0.0374585 2 
0 0.0389382 2 
0 0.0389388 2 
0 0.0391455 2 
0 0.040162 2 
0 0.0401628 2 
0 0.0407603 2 
0 0.0413505 2 
0 0.041931 2 
0 0.0419342 2 
0 0.0421228 2 
0 0.0423137 2 
0 0.0432561 2 
0 0.0432563 2 
0 0.0443598 2 
0 0.0443607 2 
0 0.0450823 2 
0 0.0450824 2 
0 0.0457923 2 
0 0.0466645 2 
0 0.0481935 2 
0 0.0495192 2 
0 0.051123 2 
0 0.0526753 2 
0 0.054033 2 
0 0.0550582 2 
0 0.0550626 2 
0 0.0556551 2 
0 0.0556551 2 
0 0.0576435 2 
0 0.0595737 2 
0 0.0603745 2 
0 0.0607759 2 
0 0.0607759 2 
0 0.0623518 2 
0 0.0647623 2 
0 0.0682713 2 
0 0.0712861 2 
0 0.0737299 2 
0 0.0737302 2 
0 0.0739462 2 
0 0.07631 2 
0 0.0764173 2 
0 0.0791066 2 
0 0.0809263 2 
0 0.0827028 2 
0 0.0874391 2 
0 0.0979662 2 
0 0.10829 2 
0 0.126814 2 
0 0.130574 2 
0 0.131927 2 
0 0.134045 2 
0 0.135843 2 
0 0.143298 2 
0 0.14909 2 
0 0.158681 2 
0 0.16892 2 
0 0.175345 2 
0 0.176578 2 
0 0.178029 2 
0 0.1833 2 
0 0.183301 2 
0 0.189657 2 
0 0.215567 2 
0 0.232454 2 
0 0.241347 2 
0 0.244265 2 
0 0.259353 2 
0 0.309985 2 
0 0.421822 2 
0 0.439888 2 
0 0.485208 2 
0 0.517557 2 
0 0.549293 2 
0 0.561616 2 
0 0.567921 2 
0 0.575523 2 
0 0.58167 2 
0 0.583204 2 
0 0.637611 2 
0 0.746723 2 
0 0.778845 2 
0 0.781824 2 
0 0.798193 2 
0 0.825653 2 
0 0.850665 2 
0 0.866425 2 
0 0.875952 2 
0 0.876205 2 
0 1.15242 2 
0 1.17173 2 
0 1.55752 2 
0 1.8687 2 
0 1.96073 2 
0 2.3476 2 
0 2.97513 2 
0 3.25214 2 
0 3.37162 2 
0 3.49243 2 
0 3.55372 2 
0 3.55666 2 
0 3.55898 2 
0 3.71088 2 
0 inf 2 
0 0.0250817 3 
0 0.0266408 3 
0 0.0275306 3 
0 0.0286813 3 
0 0.0297852 3 
0 0.0300504 3 
0 0.0305872 3 
0 0.0308495 3 
0 0.0311095 3 
0 0.0311099 3 
0 0.0318774 3 
0 0.0323807 3 
0 0.0328746 3 
0 0.0338363 3 
0 0.0338363 3 
0 0.034079 3 
0 0.0345488 3 
0 0.0365874 3 
0 0.0365877 3 
0 0.0368096 3 
0 0.0374606 3 
0 0.0385237 3 
0 0.0401635 3 
0 0.0405625 3 
0 0.0415426 3 
0 0.0423128 3 
0 0.043812 3 
0 0.0443598 3 
0 0.0447253 3 
0 0.0450826 3 
0 0.0466626 3 
0 0.0466657 3 
0 0.048026 3 
0 0.0485282 3 
0 0.0506451 3 
0 0.0511207 3 
0 0.0535839 3 
0 0.0559433 3 
0 0.0570815 3 
0 0.0573695 3 
0 0.0576407 3 
0 0.0637601 3 
0 0.065015 3 
0 0.067921 3 
0 0.0701421 3 
0 0.0708239 3 
0 0.0710566 3 
0 0.0722898 3 
0 0.0734025 3 
0 0.076198 3 
0 0.0837667 3 
0 0.0862306 3 
0 0.0893555 3 
0 0.0917599 3 
0 0.0989465 3 
0 0.0999997 3 
0 0.10287 3 
0 0.106028 3 
0 0.107092 3 
0 0.115218 3 
0 0.116815 3 
0 0.121753 3 
0 0.137789 3 
0 0.139009 3 
0 0.139703 3 
0 0.140398 3 
0 0.152932 3 
0 0.15508 3 
0 0.160249 3 
0 0.167055 3 
0 0.169111 3 
0 0.172137 3 
0 0.185576 3 
0 0.19859 3 
0 0.202295 3 
0 0.205811 3 
0 0.236953 3 
0 0.237296 3 
0 0.2445 3 
0 0.254392 3 
0 0.355135 3 
0 0.391298 3 
0 0.396901 3 
0 0.40343 3 
0 0.414548 3 
0 0.452294 3 
0 0.482918 3 
0 0.532774 3 
0 0.53386 3 
0 0.539948 3 
0 0.565359 3 
0 0.588437 3 
0 0.657943 3 
0 0.659053 3 
0 0.677467 3 
0 0.677469 3 
0 0.687379 3 
0 0.700875 3 
0 0.711646 3 
0 0.750725 3 
0 0.762686 3 
0 0.765921 3 
0 0.780806 3 
0 0.786733 3 
0 0.787104 3 
0 0.82719 3 
0 1.00856 3 
0 1.13925 3 
0 1.43556 3 
0 1.67403 3 
0 1.68038 3 
0 1.80229 3 
0 1.82844 3 
0 1.83112 3 
0 1.83118 3 
0 2.40071 3 
0 2.91977 3 
0 2.92024 3 
0 2.92326 3 
0 2.98644 3 
0 3.46802 3 
0 3.5616 3 
0 3.58188 3 
0 inf 3 
0 0.0127004 4 
0 0.0188376 4 
0 0.0295134 4 
0 0.0297861 4 
0 0.0311103 4 
0 0.0336025 4 
0 0.0336025 4 
0 0.0338375 4 
0 0.0340845 4 
0 0.0356982 4 
0 0.0357046 4 
0 0.0368092 4 
0 0.0368092 4 
0 0.0368166 4 
0 0.0374682 4 
0 0.0387316 4 
0 0.0399643 4 
0 0.0405618 4 
0 0.0423078 4 
0 0.0423133 4 
0 0.0430631 4 
0 0.0450821 4 
0 0.0454394 4 
0 0.04718 4 
0 0.0485325 4 
0 0.049024 4 
0 0.0490256 4 
0 0.0491906 4 
0 0.0501641 4 
0 0.0511185 4 
0 0.0512829 4 
0 0.053584 4 
0 0.0535885 4 
0 0.0538838 4 
0 0.0552149 4 
0 0.0553604 4 
0 0.0579218 4 
0 0.0579232 4 
0 0.0580625 4 
0 0.0609101 4 
0 0.0618298 4 
0 0.0619635 4 
0 0.0623522 4 
0 0.0626074 4 
0 0.0626147 4 
0 0.0626147 4 
0 0.0675625 4 
0 0.0794162 4 
0 0.0861387 4 
0 0.0986222 4 
0 0.120085 4 
0 0.120689 4 
0 0.125663 4 
0 0.133141 4 
0 0.136198 4 
0 0.137142 4 
0 0.13755 4 
0 0.138021 4 
0 0.13982 4 
0 0.139936 4 
0 0.143068 4 
0 0.151662 4 
0 0.171057 4 
0 0.194282 4 
0 0.224296 4 
0 0.269902 4 
0 0.286059 4 
0 0.298634 4 
0 0.367724 4 
0 0.369174 4 
0 0.375095 4 
0 0.38359 4 
0 0.40346 4 
0 0.436463 4 
0 0.45074 4 
0 0.456616 4 
0 0.540116 4 
0 0.542934 4 
0 0.549559 4 
0 0.562803 4 
0 0.564118 4 
0 0.570058 4 
0 0.620417 4 
0 0.626697 4 
0 0.651921 4 
0 0.653306 4 
0 0.663661 4 
0 0.666392 4 
0 0.678284 4 
0 0.690336 4 
0 0.696432 4 
0 0.701577 4 
0 0.703519 4 
0 0.714855 4 
0 0.72427 4 
0 0.747423 4 
0 0.749245 4 
0 0.766948 4 
0 0.777459 4 
0 0.910592 4 
0 1.13954 4 
0 1.33485 4 
0 1.52206 4 
0 1.57149 4 
0 1.59943 4 
0 1.6124 4 
0 1.6125 4 
0 1.61254 4 
0 1.73658 4 
0 1.73842 4 
0 1.74062 4 
0 1.79592 4 
0 1.84933 4 
0 1.90509 4 
0 2.04627 4 
0 2.20701 4 
0 2.35893 4 
0 2.36242 4 
0 2.3685 4 
0 inf 4 
0 0.0244303 5 
0 0.0254009 5 
0 0.0260286 5 
0 0.029513 5 
0 0.0297854 5 
0 0.0316256 5 
0 0.0318782 5 
0 0.0340778 5 
0 0.0374614 5 
0 0.0383127 5 
0 0.0397566 5 
0 0.040358 5 
0 0.04076 5 
0 0.0407606 5 
0 0.0409589 5 
0 0.0419323 5 
0 0.0419323 5 
0 0.041933 5 
0 0.0428834 5 
0 0.0430693 5 
0 0.0459676 5 
0 0.0476927 5 
0 0.0485281 5 
0 0.0498403 5 
0 0.0506451 5 
0 0.0519081 5 
0 0.0520569 5 
0 0.053735 5 
0 0.0552149 5 
0 0.0552169 5 
0 0.0576443 5 
0 0.0597111 5 
0 0.0599836 5 
0 0.0599838 5 
0 0.0618304 5 
0 0.0626085 5 
0 0.0702545 5 
0 0.071953 5 
0 0.0725116 5 
0 0.0728476 5 
0 0.075346 5 
0 0.0772526 5 
0 0.0806262 5 
0 0.0871626 5 
0 0.0899856 5 
0 0.0947014 5 
0 0.096138 5 
0 0.098461 5 
0 0.098788 5 
0 0.101444 5 
0 0.102157 5 
0 0.129706 5 
0 0.130944 5 
0 0.147566 5 
0 0.18304 5 
0 0.183302 5 
0 0.218695 5 
0 0.228501 5 
0 0.352581 5 
0 0.357135 5 
0 0.396079 5 
0 0.404633 5 
0 0.408991 5 
0 0.431107 5 
0 0.452971 5 
0 0.457933 5 
0 0.487338 5 
0 0.504174 5 
0 0.529425 5 
0 0.532387 5 
0 0.532887 5 
0 0.53877 5 
0 0.549417 5 
0 0.555886 5 
0 0.557964 5 
0 0.565886 5 
0 0.570994 5 
0 0.635562 5 
0 0.638717 5 
0 0.654343 5 
0 0.655127 5 
0 0.661881 5 
0 0.663159 5 
0 0.666405 5 
0 0.686107 5 
0 0.690291 5 
0 0.694642 5 
0 0.718016 5 
0 0.724178 5 
0 0.725068 5 
0 0.725069 5 
0 0.894481 5 
0 0.99238 5 
0 1.14347 5 
0 1.16167 5 
0 1.19153 5 
0 1.34096 5 
0 1.43727 5 
0 1.44702 5 
0 1.44726 5 
0 1.44753 5 
0 1.44847 5 
0 1.54232 5 
0 1.57117 5 
0 1.57117 5 
0 1.57455 5 
0 1.79854 5 
0 1.79969 5 
0 1.80026 5 
0 1.80034 5 
0 1.80116 5 
0 2.00754 5 
0 2.11189 5 
0 2.18094 5 
0 2.18323 5 
0 inf 5 
0 0.0223613 6 
0 0.0250814 6 
0 0.0295129 6 
0 0.0347827 6 
0 0.037679 6 
0 0.0383125 6 
0 0.0391461 6 
0 0.039961 6 
0 0.0401607 6 
0 0.0405644 6 
0 0.0415445 6 
0 0.0438098 6 
0 0.04454 6 
0 0.0457923 6 
0 0.0476915 6 
0 0.0486942 6 
0 0.0491891 6 
0 0.0493571 6 
0 0.0500002 6 
0 0.0500052 6 
0 0.051123 6 
0 0.0518946 6 
0 0.0531237 6 
0 0.0531357 6 
0 0.0534304 6 
0 0.0534313 6 
0 0.0534328 6 
0 0.0547744 6 
0 0.0566471 6 
0 0.0570815 6 
0 0.061042 6 
0 0.0694427 6 
0 0.0719573 6 
0 0.0763147 6 
0 0.0822098 6 
0 0.0910575 6 
0 0.0957191 6 
0 0.105729 6 
0 0.107016 6 
0 0.118327 6 
0 0.11948 6 
0 0.129642 6 
0 0.130141 6 
0 0.130387 6 
0 0.131314 6 
0 0.142616 6 
0 0.17195 6 
0 0.184747 6 
0 0.204871 6 
0 0.223648 6 
0 0.233707 6 
0 0.28219 6 
0 0.28256 6 
0 0.288073 6 
0 0.363285 6 
0 0.38448 6 
0 0.412505 6 
0 0.415798 6 
0 0.418504 6 
0 0.418735 6 
0 0.447723 6 
0 0.46818 6 
0 0.493894 6 
0 0.500913 6 
0 0.511026 6 
0 0.513241 6 
0 0.516249 6 
0 0.516302 6 
0 0.518298 6 
0 0.526708 6 
0 0.535166 6 
0 0.592406 6 
0 0.600767 6 
0 0.604831 6 
0 0.612331 6 
0 0.614632 6 
0 0.614632 6 
0 0.634408 6 
0 0.634573 6 
0 0.634764 6 
0 0.640646 6 
0 0.703525 6 
0 0.733552 6 
0 0.74785 6 
0 0.753352 6 
0 0.753436 6 
0 0.754206 6 
0 0.755136 6 
0 0.840776 6 
0 1.14771 6 
0 1.15007 6 
0 1.15043 6 
0 1.15088 6 
0 1.16806 6 
0 1.18331 6 
0 1.19052 6 
0 1.29385 6 
0 1.4269 6 
0 1.42765 6 
0 1.42819 6 
0 1.43124 6 
0 1.46684 6 
0 1.53805 6 
0 1.55372 6 
0 1.5541 6 
0 1.71782 6 
0 1.83356 6 
0 2.24963 6 
0 2.25051 6 
0 2.25145 6 
0 2.25806 6 
0 inf 6 
0 0.0281094 7 
0 0.0281152 7 
0 0.0295128 7 
0 0.0318782 7 
0 0.0417411 7 
0 0.0421297 7 
0 0.0428806 7 
0 0.0447233 7 
0 0.0475207 7 
0 0.0496775 7 
0 0.0503231 7 
0 0.0504876 7 
0 0.0512777 7 
0 0.0529776 7 
0 0.053433 7 
0 0.0565167 7 
0 0.0599739 7 
0 0.0613064 7 
0 0.0619569 7 
0 0.0651336 7 
0 0.0661221 7 
0 0.0664798 7 
0 0.0664883 7 
0 0.067801 7 
0 0.0718449 7 
0 0.0833788 7 
0 0.0871622 7 
0 0.0913197 7 
0 0.091759 7 
0 0.0937598 7 
0 0.0958883 7 
0 0.0969739 7 
0 0.100967 7 
0 0.102627 7 
0 0.112028 7 
0 0.124829 7 
0 0.125087 7 
0 0.180646 7 
0 0.182377 7 
0 0.186574 7 
0 0.196682 7 
0 0.215558 7 
0 0.219064 7 
0 0.228217 7 
0 0.236945 7 
0 0.243391 7 
0 0.266965 7 
0 0.283886 7 
0 0.284821 7 
0 0.290207 7 
0 0.336394 7 
0 0.342595 7 
0 0.342995 7 
0 0.35223 7 
0 0.449289 7 
0 0.464962 7 
0 0.470275 7 
0 0.492275 7 
0 0.493306 7 
0 0.497749 7 
0 0.521259 7 
0 0.525227 7 
0 0.534668 7 
0 0.550786 7 
0 0.551591 7 
0 0.560598 7 
0 0.56624 7 
0 0.573501 7 
0 0.576797 7 
0 0.612275 7 
0 0.614155 7 
0 0.615572 7 
0 0.635857 7 
0 0.643071 7 
0 0.650704 7 
0 0.653422 7 
0 0.656525 7 
0 0.688753 7 
0 0.703485 7 
0 0.705841 7 
0 0.71159 7 
0 0.711692 7 
0 0.724781 7 
0 0.887357 7 
0 0.914848 7 
0 1.03696 7 
0 1.05939 7 
0 1.07589 7 
0 1.17201 7 
0 1.22026 7 
0 1.28795 7 
0 1.36262 7 
0 1.38718 7 
0 1.40474 7 
0 1.41987 7 
0 1.42634 7 
0 1.42675 7 
0 1.42833 7 
0 1.43916 7 
0 1.44581 7 
0 1.61213 7 
0 1.79663 7 
0 1.8042 7 
0 1.80621 7 
0 1.80659 7 
0 1.82946 7 
0 1.85301 7 
0 inf 7 
0 0.0331198 8 
0 0.0374636 8 
0 0.0443643 8 
0 0.045974 8 
0 0.0463188 8 
0 0.0485239 8 
0 0.049024 8 
0 0.0528262 8 
0 0.0543304 8 
0 0.054332 8 
0 0.0547778 8 
0 0.0560841 8 
0 0.0570829 8 
0 0.0582013 8 
0 0.0614351 8 
0 0.0628596 8 
0 0.0666013 8 
0 0.0676831 8 
0 0.0843429 8 
0 0.0874391 8 
0 0.0973891 8 
0 0.0977196 8 
0 0.0991931 8 
0 0.0995178 8 
0 0.0998416 8 
0 0.100084 8 
0 0.100165 8 
0 0.100166 8 
0 0.102332 8 
0 0.105115 8 
0 0.171669 8 
0 0.194282 8 
0 0.208689 8 
0 0.215708 8 
0 0.225074 8 
0 0.225076 8 
0 0.22655 8 
0 0.228829 8 
0 0.228829 8 
0 0.239282 8 
0 0.283028 8 
0 0.289352 8 
0 0.294849 8 
0 0.301744 8 
0 0.308862 8 
0 0.340777 8 
0 0.343065 8 
0 0.351163 8 
0 0.352538 8 
0 0.353378 8 
0 0.354841 8 
0 0.360551 8 
0 0.371795 8 
0 0.37199 8 
0 0.398854 8 
0 0.40591 8 
0 0.417662 8 
0 0.449557 8 
0 0.504568 8 
0 0.520873 8 
0 0.537962 8 
0 0.573414 8 
0 0.583454 8 
0 0.585221 8 
0 0.606173 8 
0 0.614655 8 
0 0.615389 8 
0 0.616489 8 
0 0.623295 8 
0 0.62429 8 
0 0.624523 8 
0 0.633282 8 
0 0.635591 8 
0 0.66194 8 
0 0.711631 8 
0 0.715666 8 
0 0.718444 8 
0 0.740061 8 
0 1.01106 8 
0 1.02835 8 
0 1.04145 8 
0 1.06788 8 
0 1.16883 8 
0 1.18243 8 
0 1.18447 8 
0 1.19156 8 
0 1.19727 8 
0 1.32359 8 
0 1.3426 8 
0 1.42591 8 
0 1.42595 8 
0 1.4269 8 
0 1.46115 8 
0 1.47645 8 
0 1.48083 8 
0 1.48304 8 
0 1.59293 8 
0 1.67121 8 
0 1.79045 8 
0 1.79105 8 
0 1.79454 8 
0 1.8268 8 
0 1.8804 8 
0 inf 8 
0 0.018838 9 
0 0.025725 9 
0 0.0331161 9 
0 0.038941 9 
0 0.0532801 9 
0 0.0535864 9 
0 0.0549227 9 
0 0.0566521 9 
0 0.0650075 9 
0 0.0668462 9 
0 0.0692111 9 
0 0.0882699 9 
0 0.0906992 9 
0 0.0921101 9 
0 0.0935864 9 
0 0.0949576 9 
0 0.0958005 9 
0 0.0965562 9 
0 0.097389 9 
0 0.0992115 9 
0 0.101843 9 
0 0.127955 9 
0 0.144756 9 
0 0.184704 9 
0 0.193249 9 
0 0.193749 9 
0 0.200472 9 
0 0.200473 9 
0 0.200892 9 
0 0.202535 9 
0 0.207631 9 
0 0.214321 9 
0 0.224771 9 
0 0.226201 9 
0 0.235523 9 
0 0.252417 9 
0 0.280961 9 
0 0.296386 9 
0 0.307525 9 
0 0.311946 9 
0 0.347305 9 
0 0.347468 9 
0 0.355811 9 
0 0.3655 9 
0 0.391273 9 
0 0.394994 9 
0 0.400106 9 
0 0.409751 9 
0 0.427554 9 
0 0.429586 9 
0 0.433175 9 
0 0.447706 9 
0 0.505778 9 
0 0.521785 9 
0 0.536866 9 
0 0.539056 9 
0 0.544371 9 
0 0.545555 9 
0 0.559642 9 
0 0.559642 9 
0 0.56107 9 
0 0.566694 9 
0 0.566936 9 
0 0.601732 9 
0 0.624621 9 
0 0.625138 9 
0 0.632832 9 
0 0.635109 9 
0 0.661947 9 
0 0.706597 9 
0 0.722776 9 
0 0.726749 9 
0 0.75599 9 
0 0.766271 9 
0 0.769834 9 
0 0.787085 9 
0 0.789019 9 
0 0.944895 9 
0 1.07349 9 
0 1.08311 9 
0 1.08673 9 
0 1.10582 9 
0 1.15342 9 
0 1.17508 9 
0 1.20107 9 
0 1.20109 9 
0 1.37539 9 
0 1.42475 9 
0 1.42475 9 
0 1.42596 9 
0 1.42916 9 
0 1.45233 9 
0 1.46344 9 
0 1.5608 9 
0 1.78799 9 
0 1.78806 9 
0 1.79631 9 
0 1.79716 9 
0 1.79775 9 
0 inf 9 
0 0.0383119 10 
0 0.0452567 10 
0 0.0461416 10 
0 0.0491867 10 
0 0.0577837 10 
0 0.0616973 10 
0 0.0616977 10 
0 0.0664815 10 
0 0.0728476 10 
0 0.0848173 10 
0 0.087551 10 
0 0.0914077 10 
0 0.0927217 10 
0 0.103959 10 
0 0.105808 10 
0 0.119412 10 
0 0.141151 10 
0 0.141835 10 
0 0.145143 10 
0 0.157917 10 
0 0.160794 10 
0 0.184879 10 
0 0.184994 10 
0 0.190575 10 
0 0.195177 10 
0 0.198534 10 
0 0.205853 10 
0 0.208306 10 
0 0.208307 10 
0 0.232976 10 
0 0.244959 10 
0 0.259714 10 
0 0.270907 10 
0 0.28262 10 
0 0.284893 10 
0 0.287065 10 
0 0.314134 10 
0 0.341969 10 
0 0.347954 10 
0 0.348813 10 
0 0.368419 10 
0 0.378428 10 
0 0.379902 10 
0 0.380449 10 
0 0.382757 10 
0 0.402367 10 
0 0.404789 10 
0 0.408276 10 
0 0.420366 10 
0 0.424067 10 
0 0.429533 10 
0 0.45233 10 
0 0.459384 10 
0 0.533486 10 
0 0.536776 10 
0 0.538677 10 
0 0.554597 10 
0 0.557505 10 
0 0.557679 10 
0 0.559116 10 
0 0.625934 10 
0 0.635997 10 
0 0.638188 10 
0 0.638542 10 
0 0.66807 10 
0 0.670721 10 
0 0.767416 10 
0 0.770405 10 
0 0.806428 10 
0 0.923438 10 
0 0.951693 10 
0 0.951862 10 
0 0.996841 10 
0 1.02826 10 
0 1.03253 10 
0 1.04222 10 
0 1.0599 10 
0 1.18275 10 
0 1.18496 10 
0 1.29957 10 
0 1.29974 10 
0 1.32206 10 
0 1.35217 10 
0 1.42097 10 
0 1.42731 10 
0 1.4281 10 
0 1.42861 10 
0 1.43846 10 
0 1.47224 10 
0 1.47233 10 
0 1.78964 10 
0 1.79075 10 
0 1.80239 10 
0 1.9088 10 
0 1.909 10 
0 inf 10 
0 0.0378896 11 
0 0.0464902 11 
0 0.0532777 11 
0 0.0597061 11 
0 0.0777933 11 
0 0.0866993 11 
0 0.0924661 11 
0 0.0934122 11 
0 0.113099 11 
0 0.120019 11 
0 0.13333 11 
0 0.136213 11 
0 0.138851 11 
0 0.14072 11 
0 0.149765 11 
0 0.170111 11 
0 0.173799 11 
0 0.180131 11 
0 0.186297 11 
0 0.197535 11 
0 0.20297 11 
0 0.212097 11 
0 0.219897 11 
0 0.224116 11 
0 0.22484 11 
0 0.232979 11 
0 0.243524 11 
0 0.246781 11 
0 0.259974 11 
0 0.275515 11 
0 0.275566 11 
0 0.29136 11 
0 0.353081 11 
0 0.354668 11 
0 0.356106 11 
0 0.357863 11 
0 0.358273 11 
0 0.360978 11 
0 0.362786 11 
0 0.364218 11 
0 0.364505 11 
0 0.390835 11 
0 0.391824 11 
0 0.412708 11 
0 0.425637 11 
0 0.430188 11 
0 0.447976 11 
0 0.455749 11 
0 0.538302 11 
0 0.538975 11 
0 0.541638 11 
0 0.548153 11 
0 0.548639 11 
0 0.565443 11 
0 0.568175 11 
0 0.578405 11 
0 0.579074 11 
0 0.580951 11 
0 0.595809 11 
0 0.643318 11 
0 0.643656 11 
0 0.646507 11 
0 0.669457 11 
0 0.669457 11 
0 0.948168 11 
0 1.00539 11 
0 1.02071 11 
0 1.03327 11 
0 1.13898 11 
0 1.13959 11 
0 1.17159 11 
0 1.18823 11 
0 1.18831 11 
0 1.19153 11 
0 1.21272 11 
0 1.21372 11 
0 1.21856 11 
0 1.21955 11 
0 1.35332 11 
0 1.37241 11 
0 1.3729 11 
0 1.42252 11 
0 1.4226 11 
0 1.43683 11 
0 1.53286 11 
0 1.53419 11 
0 1.79186 11 
0 1.79203 11 
0 1.82057 11 
0 1.82969 11 
0 1.82973 11 
0 inf 11 
0 0.0703602 12 
0 0.0870781 12 
0 0.090007 12 
0 0.0939309 12 
0 0.102017 12 
0 0.114092 12 
0 0.117646 12 
0 0.122937 12 
0 0.130946 12 
0 0.136022 12 
0 0.150864 12 
0 0.151718 12 
0 0.155218 12 
0 0.175345 12 
0 0.202495 12 
0 0.203092 12 
0 0.206944 12 
0 0.210638 12 
0 0.226376 12 
0 0.227373 12 
0 0.230774 12 
0 0.266578 12 
0 0.269953 12 
0 0.274132 12 
0 0.276359 12 
0 0.287439 12 
0 0.294938 12 
0 0.294938 12 
0 0.302503 12 
0 0.310923 12 
0 0.312347 12 
0 0.362709 12 
0 0.369233 12 
0 0.370301 12 
0 0.371032 12 
0 0.371141 12 
0 0.37459 12 
0 0.380052 12 
0 0.410464 12 
0 0.410641 12 
0 0.473829 12 
0 0.492681 12 
0 0.494446 12 
0 0.511464 12 
0 0.535305 12 
0 0.546023 12 
0 0.551315 12 
0 0.554008 12 
0 0.554226 12 
0 0.557577 12 
0 0.557981 12 
0 0.567812 12 
0 0.572884 12 
0 0.573799 12 
0 0.605691 12 
0 0.606543 12 
0 0.661459 12 
0 0.662915 12 
0 0.664378 12 
0 0.695684 12 
0 0.696205 12 
0 0.726875 12 
0 0.933978 12 
0 0.940251 12 
0 1.01989 12 
0 1.03658 12 
0 1.06458 12 
0 1.14077 12 
0 1.16545 12 
0 1.16551 12 
0 1.166 12 
0 1.18944 12 
0 1.21255 12 
0 1.37853 12 
0 1.40116 12 
0 1.42498 12 
0 1.42643 12 
0 1.46208 12 
0 1.47027 12 
0 1.47031 12 
0 1.51753 12 
0 1.51854 12 
0 1.78742 12 
0 1.78897 12 
0 1.82432 12 
0 1.82503 12 
0 1.8251 12 
0 inf 12 
0 0.118752 13 
0 0.14352 13 
0 0.147623 13 
0 0.157712 13 
0 0.160949 13 
0 0.166519 13 
0 0.170992 13 
0 0.202479 13 
0 0.202573 13 
0 0.204438 13 
0 0.208152 13 
0 0.213538 13 
0 0.219044 13 
0 0.240504 13 
0 0.246101 13 
0 0.269868 13 
0 0.284871 13 
0 0.287627 13 
0 0.302046 13 
0 0.302046 13 
0 0.307664 13 
0 0.314278 13 
0 0.328965 13 
0 0.329333 13 
0 0.352117 13 
0 0.361038 13 
0 0.362109 13 
0 0.383724 13 
0 0.392959 13 
0 0.395577 13 
0 0.402772 13 
0 0.419109 13 
0 0.44117 13 
0 0.44117 13 
0 0.490975 13 
0 0.495016 13 
0 0.521547 13 
0 0.528917 13 
0 0.53091 13 
0 0.533093 13 
0 0.538421 13 
0 0.561939 13 
0 0.562964 13 
0 0.562972 13 
0 0.562972 13 
0 0.571096 13 
0 0.573857 13 
0 0.574026 13 
0 0.597378 13 
0 0.627059 13 
0 0.630574 13 
0 0.631123 13 
0 0.631277 13 
0 0.653855 13 
0 0.6542 13 
0 0.661093 13 
0 0.661227 13 
0 0.661886 13 
0 0.665166 13 
0 0.776046 13 
0 0.802951 13 
0 0.919058 13 
0 0.979335 13 
0 0.982961 13 
0 0.986163 13 
0 1.02437 13 
0 1.04349 13 
0 1.1376 13 
0 1.1376 13 
0 1.13863 13 
0 1.38115 13 
0 1.39282 13 
0 1.3985 13 
0 1.42258 13 
0 1.42293 13 
0 1.46639 13 
0 1.46639 13 
0 1.46693 13 
0 1.79009 13 
0 1.79029 13 
0 1.7931 13 
0 1.79322 13 
0 1.79558 13 
0 inf 13 
0 0.0599708 14 
0 0.0833972 14 
0 0.103962 14 
0 0.127071 14 
0 0.136846 14 
0 0.197045 14 
0 0.200274 14 
0 0.201258 14 
0 0.201417 14 
0 0.207904 14 
0 0.209741 14 
0 0.213429 14 
0 0.213801 14 
0 0.22295 14 
0 0.232653 14 
0 0.233518 14 
0 0.236344 14 
0 0.243434 14 
0 0.248361 14 
0 0.275577 14 
0 0.281225 14 
0 0.281622 14 
0 0.282513 14 
0 0.293166 14 
0 0.299996 14 
0 0.304889 14 
0 0.305058 14 
0 0.306498 14 
0 0.306997 14 
0 0.306998 14 
0 0.307133 14 
0 0.330652 14 
0 0.355549 14 
0 0.36098 14 
0 0.361159 14 
0 0.361605 14 
0 0.36404 14 
0 0.373715 14 
0 0.388853 14 
0 0.433944 14 
0 0.478867 14 
0 0.488935 14 
0 0.488935 14 
0 0.489265 14 
0 0.538287 14 
0 0.547074 14 
0 0.549151 14 
0 0.549895 14 
0 0.58536 14 
0 0.585525 14 
0 0.586351 14 
0 0.590039 14 
0 0.591022 14 
0 0.593202 14 
0 0.616114 14 
0 0.676243 14 
0 0.685208 14 
0 0.694851 14 
0 0.834762 14 
0 0.834849 14 
0 0.839617 14 
0 1.03531 14 
0 1.03547 14 
0 1.03705 14 
0 1.03904 14 
0 1.13333 14 
0 1.40461 14 
0 1.40687 14 
0 1.40738 14 
0 1.42584 14 
0 1.42786 14 
0 1.43115 14 
0 1.43463 14 
0 1.43494 14 
0 1.78795 14 
0 1.78947 14 
0 1.82098 14 
0 1.82182 14 
0 1.82203 14 
0 inf 14 
0 0.0436271 15 
0 0.0560838 15 
0 0.0752413 15 
0 0.124389 15 
0 0.140914 15 
0 0.141146 15 
0 0.19474 15 
0 0.20964 15 
0 0.211457 15 
0 0.211488 15 
0 0.214557 15 
0 0.218362 15 
0 0.220127 15 
0 0.220676 15 
0 0.227976 15 
0 0.247808 15 
0 0.255028 15 
0 0.271592 15 
0 0.282764 15 
0 0.292169 15 
0 0.293491 15 
0 0.302027 15 
0 0.305765 15 
0 0.310171 15 
0 0.322052 15 
0 0.32385 15 
0 0.323975 15 
0 0.324224 15 
0 0.342152 15 
0 0.344297 15 
0 0.349986 15 
0 0.349986 15 
0 0.350343 15 
0 0.353289 15 
0 0.353477 15 
0 0.355363 15 
0 0.355748 15 
0 0.356997 15 
0 0.357448 15 
0 0.358504 15 
0 0.368672 15 
0 0.368869 15 
0 0.374602 15 
0 0.464418 15 
0 0.532275 15 
0 0.54481 15 
0 0.546781 15 
0 0.703963 15 
0 0.703963 15 
0 0.704112 15 
0 0.720351 15 
0 0.770899 15 
0 0.877568 15 
0 0.879688 15 
0 0.880128 15 
0 0.903128 15 
0 0.957975 15 
0 1.04368 15 
0 1.25735 15 
0 1.25738 15 
0 1.25751 15 
0 1.28736 15 
0 1.32452 15 
0 1.32454 15 
0 1.41165 15 
0 1.42297 15 
0 1.42582 15 
0 1.42584 15 
0 1.4618 15 
0 1.46216 15 
0 1.46231 15 
0 1.78864 15 
0 1.89725 15 
0 1.89727 15 
0 1.8974 15 
0 inf 15 
0 0.0555053 16 
0 0.0569365 16 
0 0.0797413 16 
0 0.114233 16 
0 0.130147 16 
0 0.172839 16 
0 0.198796 16 
0 0.212303 16 
0 0.212884 16 
0 0.23253 16 
0 0.23436 16 
0 0.235596 16 
0 0.237472 16 
0 0.276038 16 
0 0.28374 16 
0 0.291817 16 
0 0.292121 16 
0 0.297552 16 
0 0.300572 16 
0 0.302082 16 
0 0.302178 16 
0 0.302802 16 
0 0.303377 16 
0 0.304396 16 
0 0.305242 16 
0 0.32102 16 
0 0.322574 16 
0 0.322949 16 
0 0.328376 16 
0 0.328548 16 
0 0.340908 16 
0 0.341192 16 
0 0.348028 16 
0 0.348051 16 
0 0.351005 16 
0 0.351212 16 
0 0.361126 16 
0 0.361693 16 
0 0.362353 16 
0 0.363575 16 
0 0.363841 16 
0 0.420643 16 
0 0.557946 16 
0 0.586364 16 
0 0.586364 16 
0 0.586474 16 
0 0.83454 16 
0 0.882174 16 
0 0.902741 16 
0 0.903233 16 
0 0.915477 16 
0 0.996475 16 
0 1.00894 16 
0 1.05462 16 
0 1.15984 16 
0 1.15991 16 
0 1.16035 16 
0 1.18718 16 
0 1.18735 16 
0 1.18783 16 
0 1.37598 16 
0 1.37996 16 
0 1.38155 16 
0 1.42487 16 
0 1.55916 16 
0 1.55943 16 
0 1.5598 16 
0 1.79399 16 
0 1.84584 16 
0 1.84848 16 
0 1.84851 16 
0 inf 16 
0 0.14556 17 
0 0.145782 17 
0 0.147323 17 
0 0.178984 17 
0 0.19094 17 
0 0.191404 17 
0 0.192078 17 
0 0.242465 17 
0 0.247485 17 
0 0.286167 17 
0 0.286729 17 
0 0.292936 17 
0 0.293129 17 
0 0.293291 17 
0 0.293459 17 
0 0.293871 17 
0 0.301134 17 
0 0.30978 17 
0 0.31017 17 
0 0.312656 17 
0 0.314713 17 
0 0.323451 17 
0 0.323526 17 
0 0.325019 17 
0 0.325416 17 
0 0.359044 17 
0 0.359425 17 
0 0.359762 17 
0 0.359919 17 
0 0.360505 17 
0 0.360952 17 
0 0.361063 17 
0 0.3618 17 
0 0.463324 17 
0 0.561557 17 
0 0.568826 17 
0 0.570864 17 
0 0.572768 17 
0 0.572895 17 
0 0.57317 17 
0 0.573733 17 
0 0.581881 17 
0 0.705956 17 
0 0.708591 17 
0 0.709319 17 
0 0.891956 17 
0 0.912673 17 
0 0.913335 17 
0 0.916869 17 
0 1.07812 17 
0 1.13268 17 
0 1.14766 17 
0 1.15223 17 
0 1.15223 17 
0 1.2171 17 
0 1.22969 17 
0 1.40725 17 
0 1.40743 17 
0 1.40746 17 
0 1.42283 17 
0 1.49103 17 
0 1.49105 17 
0 1.49116 17 
0 1.79191 17 
0 1.80063 17 
0 1.80092 17 
0 1.801 17 
0 inf 17 
0 0.0763277 18 
0 0.0888317 18 
0 0.0899121 18 
0 0.107321 18 
0 0.108145 18 
0 0.116198 18 
0 0.153091 18 
0 0.187218 18 
0 0.187261 18 
0 0.275218 18 
0 0.275599 18 
0 0.276155 18 
0 0.305401 18 
0 0.306113 18 
0 0.306429 18 
0 0.308331 18 
0 0.337222 18 
0 0.33875 18 
0 0.33875 18 
0 0.33875 18 
0 0.363479 18 
0 0.363686 18 
0 0.369691 18 
0 0.370279 18 
0 0.378585 18 
0 0.37912 18 
0 0.379437 18 
0 0.39176 18 
0 0.394712 18 
0 0.403788 18 
0 0.403807 18 
0 0.403808 18 
0 0.403887 18 
0 0.553593 18 
0 0.569506 18 
0 0.571461 18 
0 0.571461 18 
0 0.571616 18 
0 0.578986 18 
0 0.579056 18 
0 0.579223 18 
0 0.740416 18 
0 0.851479 18 
0 0.903412 18 
0 0.906842 18 
0 1.15105 18 
0 1.15164 18 
0 1.15218 18 
0 1.15218 18 
0 1.25595 18 
0 1.26138 18 
0 1.38115 18 
0 1.3944 18 
0 1.39556 18 
0 1.42921 18 
0 1.43775 18 
0 1.44041 18 
0 1.44045 18 
0 1.50787 18 
0 1.79608 18 
0 1.79647 18 
0 1.79684 18 
0 1.79685 18 
0 inf 18 
0 0.0868094 19 
0 0.0882834 19 
0 0.0917772 19 
0 0.098136 19 
0 0.102083 19 
0 0.103962 19 
0 0.14941 19 
0 0.153668 19 
0 0.157043 19 
0 0.281651 19 
0 0.281848 19 
0 0.282563 19 
0 0.293093 19 
0 0.298005 19 
0 0.300672 19 
0 0.305763 19 
0 0.306 19 
0 0.306 19 
0 0.319572 19 
0 0.325648 19 
0 0.32676 19 
0 0.339929 19 
0 0.359873 19 
0 0.36059 19 
0 0.361484 19 
0 0.398841 19 
0 0.399205 19 
0 0.400113 19 
0 0.444693 19 
0 0.446213 19 
0 0.564531 19 
0 0.571686 19 
0 0.5737 19 
0 0.612679 19 
0 0.613876 19 
0 0.617112 19 
0 0.634344 19 
0 0.63484 19 
0 0.634878 19 
0 0.785807 19 
0 0.864898 19 
0 0.865345 19 
0 1.1517 19 
0 1.15181 19 
0 1.15196 19 
0 1.18839 19 
0 1.2143 19 
0 1.23574 19 
0 1.34126 19 
0 1.36525 19 
0 1.42755 19 
0 1.43713 19 
0 1.44159 19 
0 1.44162 19 
0 1.59848 19 
0 1.79916 19 
0 1.79925 19 
0 1.7993 19 
0 1.79945 19 
0 inf 19 
0 0.0752637 20 
0 0.0852134 20 
0 0.0917767 20 
0 0.113742 20 
0 0.118602 20 
0 0.121888 20 
0 0.16743 20 
0 0.173115 20 
0 0.175382 20 
0 0.21275 20 
0 0.215125 20 
0 0.220311 20 
0 0.277465 20 
0 0.277959 20 
0 0.278567 20 
0 0.27883 20 
0 0.281565 20 
0 0.281566 20 
0 0.338146 20 
0 0.338527 20 
0 0.338741 20 
0 0.370044 20 
0 0.370327 20 
0 0.372629 20 
0 0.386186 20 
0 0.386186 20 
0 0.3875 20 
0 0.419862 20 
0 0.420035 20 
0 0.45281 20 
0 0.454304 20 
0 0.454429 20 
0 0.524177 20 
0 0.536114 20 
0 0.5367 20 
0 0.536775 20 
0 0.53831 20 
0 0.621473 20 
0 0.625161 20 
0 0.625587 20 
0 0.638162 20 
0 0.638174 20 
0 0.638174 20 
0 0.678608 20 
0 1.04114 20 
0 1.04498 20 
0 1.04806 20 
0 1.10402 20 
0 1.18496 20 
0 1.18504 20 
0 1.37956 20 
0 1.43776 20 
0 1.43779 20 
0 1.8015 20 
0 1.80162 20 
0 inf 20 
