0 0.0191011 1 
0 0.0198201 1 
0 0.0218371 1 
0 0.0224695 1 
0 0.0236934 1 
0 0.0242754 1 
0 0.0259523 1 
0 0.0270013 1 
0 0.0270091 1 
0 0.0285221 1 
0 0.029011 1 
0 0.0290129 1 
0 0.029013 1 
0 0.029484 1 
0 0.030434 1 
0 0.0308783 1 
0 0.0317833 1 
0 0.0317833 1 
0 0.0326506 1 
0 0.0335043 1 
0 0.0335043 1 
0 0.0355243 1 
0 0.0355325 1 
0 0.036692 1 
0 0.0374569 1 
0 0.0396356 1 
0 0.0410343 1 
0 0.0417029 1 
0 0.0417032 1 
0 0.0426977 1 
0 0.0433518 1 
0 0.0443114 1 
0 0.0452509 1 
0 0.0467757 1 
0 0.0470748 1 
0 0.047666 1 
0 0.0476661 1 
0 0.0476689 1 
0 0.0479593 1 
0 0.0479624 1 
0 0.0482535 1 
0 0.04883 1 
0 0.049107 1 
0 0.0491142 1 
0 0.0499666 1 
0 0.0499747 1 
0 0.0502465 1 
0 0.0508005 1 
0 0.0513484 1 
0 0.0513509 1 
0 0.0524307 1 
0 0.0526992 1 
0 0.052962 1 
0 0.0537514 1 
0 0.0547853 1 
0 0.0550403 1 
0 0.0555424 1 
0 0.0568 1 
0 0.0577807 1 
0 0.0584988 1 
0 0.058501 1 
0 0.0585071 1 
0 0.0594496 1 
0 0.0594506 1 
0 0.0599199 1 
0 0.0601506 1 
0 0.0603811 1 
0 0.0603942 1 
0 0.0610788 1 
0 0.0613085 1 
0 0.0613085 1 
0 0.0631056 1 
0 0.0661504 1 
0 0.0737652 1 
0 0.0737652 1 
0 0.0815362 1 
0 0.0820483 1 
0 0.0830724 1 
0 0.0857262 1 
0 0.0901894 1 
0 0.0926449 1 
0 0.0936965 1 
0 0.0963569 1 
0 0.102834 1 
0 0.103101 1 
0 0.117596 1 
0 0.118189 1 
0 0.119605 1 
0 0.120426 1 
0 0.129947 1 
0 0.141814 1 
0 0.144653 1 
0 0.147629 1 
0 0.155495 1 
0 0.181929 1 
0 0.194231 1 
0 0.198164 1 
0 0.207025 1 
0 0.211253 1 
0 0.255593 1 
0 0.262205 1 
0 0.274738 1 
0 0.325256 1 
0 0.336344 1 
0 0.391777 1 
0 0.410767 1 
0 0.457794 1 
0 0.460697 1 
0 0.485236 1 
0 0.528727 1 
0 0.528794 1 
0 0.571032 1 
0 0.572188 1 
0 0.572824 1 
0 0.638983 1 
0 0.716415 1 
0 0.793185 1 
0 0.868076 1 
0 0.908576 1 
0 0.97308 1 
0 0.995877 1 
0 1.81124 1 
0 2.13945 1 
0 2.2629 1 
0 2.73325 1 
0 2.86921 1 
0 3.9522 1 
0 4.71768 1 
0 5.97659 1 
0 5.99273 1 
0 6.01649 1 
0 inf 1 
0 0.0191039 2 
0 0.0198148 2 
0 0.021185 2 
0 0.02119 2 
0 0.0218403 2 
0 0.0224719 2 
0 0.0254033 2 
0 0.0285172 2 
0 0.0290129 2 
0 0.0299619 2 
0 0.0322239 2 
0 0.0326471 2 
0 0.03265 2 
0 0.0330793 2 
0 0.034727 2 
0 0.0347292 2 
0 0.0363099 2 
0 0.0367007 2 
0 0.0374577 2 
0 0.0399846 2 
0 0.0399863 2 
0 0.0403338 2 
0 0.0403354 2 
0 0.0406895 2 
0 0.0426999 2 
0 0.0433559 2 
0 0.044312 2 
0 0.0443191 2 
0 0.045872 2 
0 0.0464811 2 
0 0.0467683 2 
0 0.0488397 2 
0 0.0491243 2 
0 0.049126 2 
0 0.0502494 2 
0 0.0521626 2 
0 0.0524302 2 
0 0.052433 2 
0 0.0529652 2 
0 0.0529676 2 
0 0.0537508 2 
0 0.0545288 2 
0 0.0550488 2 
0 0.0555499 2 
0 0.0560565 2 
0 0.0570365 2 
0 0.0572857 2 
0 0.0572876 2 
0 0.0584985 2 
0 0.0587366 2 
0 0.0589794 2 
0 0.0589845 2 
0 0.0594483 2 
0 0.0594501 2 
0 0.0596895 2 
0 0.0639931 2 
0 0.0648654 2 
0 0.066573 2 
0 0.0688512 2 
0 0.070462 2 
0 0.0712492 2 
0 0.0844198 2 
0 0.0895665 2 
0 0.0948864 2 
0 0.103385 2 
0 0.109702 2 
0 0.116037 2 
0 0.117236 2 
0 0.118191 2 
0 0.119014 2 
0 0.121006 2 
0 0.121577 2 
0 0.123076 2 
0 0.129947 2 
0 0.131125 2 
0 0.133777 2 
0 0.134399 2 
0 0.139019 2 
0 0.166303 2 
0 0.16856 2 
0 0.174379 2 
0 0.187478 2 
0 0.194235 2 
0 0.201045 2 
0 0.202712 2 
0 0.205802 2 
0 0.206348 2 
0 0.209521 2 
0 0.231527 2 
0 0.232727 2 
0 0.269359 2 
0 0.306181 2 
0 0.318785 2 
0 0.343467 2 
0 0.376382 2 
0 0.427303 2 
0 0.458545 2 
0 0.459183 2 
0 0.470128 2 
0 0.487271 2 
0 0.528143 2 
0 0.56325 2 
0 0.567862 2 
0 0.613671 2 
0 0.620015 2 
0 0.631604 2 
0 0.680248 2 
0 0.69099 2 
0 0.721062 2 
0 0.722929 2 
0 0.746739 2 
0 0.910477 2 
0 0.951924 2 
0 1.09689 2 
0 1.54329 2 
0 1.77348 2 
0 1.77867 2 
0 2.25974 2 
0 3.50558 2 
0 4.15266 2 
0 4.25571 2 
0 4.38246 2 
0 4.44379 2 
0 4.59155 2 
0 4.63086 2 
0 4.6948 2 
0 4.70191 2 
0 inf 2 
0 0.00916833 3 
0 0.0183453 3 
0 0.0224742 3 
0 0.0248477 3 
0 0.0248485 3 
0 0.0254012 3 
0 0.026482 3 
0 0.026482 3 
0 0.0290056 3 
0 0.0294899 3 
0 0.030427 3 
0 0.0326486 3 
0 0.0339131 3 
0 0.0343238 3 
0 0.0355279 3 
0 0.0355313 3 
0 0.0359204 3 
0 0.0399909 3 
0 0.0403421 3 
0 0.0420419 3 
0 0.0430276 3 
0 0.0433587 3 
0 0.0439939 3 
0 0.0439943 3 
0 0.0443179 3 
0 0.045251 3 
0 0.0464754 3 
0 0.0464765 3 
0 0.0470778 3 
0 0.0476641 3 
0 0.0479575 3 
0 0.0482509 3 
0 0.0482581 3 
0 0.0488328 3 
0 0.0499648 3 
0 0.050249 3 
0 0.0516253 3 
0 0.051626 3 
0 0.0518958 3 
0 0.0540178 3 
0 0.0542742 3 
0 0.0555465 3 
0 0.0558011 3 
0 0.0565481 3 
0 0.0572835 3 
0 0.0577777 3 
0 0.0582622 3 
0 0.0646485 3 
0 0.0728118 3 
0 0.0730077 3 
0 0.073768 3 
0 0.0901927 3 
0 0.0967936 3 
0 0.102287 3 
0 0.102971 3 
0 0.106325 3 
0 0.107236 3 
0 0.107237 3 
0 0.108281 3 
0 0.108411 3 
0 0.11147 3 
0 0.112846 3 
0 0.125109 3 
0 0.144269 3 
0 0.162379 3 
0 0.163929 3 
0 0.164354 3 
0 0.169397 3 
0 0.169555 3 
0 0.169643 3 
0 0.172596 3 
0 0.174695 3 
0 0.187922 3 
0 0.192275 3 
0 0.195529 3 
0 0.211315 3 
0 0.232526 3 
0 0.247625 3 
0 0.294498 3 
0 0.301191 3 
0 0.316126 3 
0 0.338616 3 
0 0.343856 3 
0 0.368129 3 
0 0.387321 3 
0 0.394556 3 
0 0.42958 3 
0 0.431669 3 
0 0.460401 3 
0 0.522212 3 
0 0.532244 3 
0 0.534772 3 
0 0.537733 3 
0 0.559014 3 
0 0.576802 3 
0 0.577622 3 
0 0.607157 3 
0 0.608963 3 
0 0.614097 3 
0 0.632812 3 
0 0.64355 3 
0 0.656062 3 
0 0.657166 3 
0 0.662304 3 
0 0.850275 3 
0 0.949861 3 
0 1.29572 3 
0 1.37614 3 
0 1.5218 3 
0 1.63569 3 
0 1.8849 3 
0 1.88532 3 
0 1.88761 3 
0 2.06975 3 
0 2.27544 3 
0 2.87061 3 
0 2.94231 3 
0 3.56493 3 
0 3.59391 3 
0 3.59866 3 
0 3.83006 3 
0 3.8358 3 
0 3.83778 3 
0 inf 3 
0 0.0158933 4 
0 0.020518 4 
0 0.02119 4 
0 0.021191 4 
0 0.0224742 4 
0 0.026474 4 
0 0.0275261 4 
0 0.0285254 4 
0 0.0290165 4 
0 0.0299601 4 
0 0.0313349 4 
0 0.0322218 4 
0 0.033499 4 
0 0.0351351 4 
0 0.0385579 4 
0 0.0392779 4 
0 0.0396375 4 
0 0.0399863 4 
0 0.0410273 4 
0 0.0417029 4 
0 0.0439969 4 
0 0.044001 4 
0 0.0452454 4 
0 0.0452505 4 
0 0.0452524 4 
0 0.0464755 4 
0 0.0479612 4 
0 0.0510775 4 
0 0.0532266 4 
0 0.0540163 4 
0 0.0542768 4 
0 0.0547891 4 
0 0.0565544 4 
0 0.0580199 4 
0 0.0580204 4 
0 0.0580234 4 
0 0.0582546 4 
0 0.0606185 4 
0 0.0610755 4 
0 0.0646497 4 
0 0.0646514 4 
0 0.0655093 4 
0 0.0669979 4 
0 0.0761988 4 
0 0.0912738 4 
0 0.0927967 4 
0 0.0937025 4 
0 0.115793 4 
0 0.116276 4 
0 0.119952 4 
0 0.123185 4 
0 0.125109 4 
0 0.125553 4 
0 0.143877 4 
0 0.147057 4 
0 0.148196 4 
0 0.160729 4 
0 0.16073 4 
0 0.162378 4 
0 0.168897 4 
0 0.184002 4 
0 0.197457 4 
0 0.199717 4 
0 0.207026 4 
0 0.231284 4 
0 0.259811 4 
0 0.291524 4 
0 0.310765 4 
0 0.320272 4 
0 0.331862 4 
0 0.339849 4 
0 0.343794 4 
0 0.347374 4 
0 0.355992 4 
0 0.363196 4 
0 0.396883 4 
0 0.439788 4 
0 0.480038 4 
0 0.492056 4 
0 0.50223 4 
0 0.505136 4 
0 0.51646 4 
0 0.51874 4 
0 0.526549 4 
0 0.528357 4 
0 0.539701 4 
0 0.55907 4 
0 0.567663 4 
0 0.576801 4 
0 0.584703 4 
0 0.585398 4 
0 0.600952 4 
0 0.603676 4 
0 0.607495 4 
0 0.61301 4 
0 0.652546 4 
0 0.873385 4 
0 0.9341 4 
0 0.954574 4 
0 1.38577 4 
0 1.5196 4 
0 1.61424 4 
0 1.93721 4 
0 1.98518 4 
0 2.05678 4 
0 2.19115 4 
0 2.20605 4 
0 2.20634 4 
0 2.20738 4 
0 2.23156 4 
0 2.36368 4 
0 2.36384 4 
0 2.36606 4 
0 2.36999 4 
0 2.43713 4 
0 2.46683 4 
0 2.47083 4 
0 2.47083 4 
0 2.47088 4 
0 inf 4 
0 0.0167474 5 
0 0.0190972 5 
0 0.0224681 5 
0 0.026484 5 
0 0.0280268 5 
0 0.0285258 5 
0 0.0339075 5 
0 0.0351381 5 
0 0.0399882 5 
0 0.0406844 5 
0 0.0410224 5 
0 0.0417057 5 
0 0.0417057 5 
0 0.0433508 5 
0 0.0473733 5 
0 0.048252 5 
0 0.0485412 5 
0 0.0485448 5 
0 0.048548 5 
0 0.0494006 5 
0 0.0494012 5 
0 0.0502496 5 
0 0.05052 5 
0 0.0560496 5 
0 0.0575339 5 
0 0.057535 5 
0 0.0589697 5 
0 0.06039 5 
0 0.0610832 5 
0 0.0619949 5 
0 0.0622165 5 
0 0.0622167 5 
0 0.0646498 5 
0 0.0682398 5 
0 0.0706634 5 
0 0.07874 5 
0 0.080324 5 
0 0.0808427 5 
0 0.0832413 5 
0 0.0842407 5 
0 0.0871877 5 
0 0.0924977 5 
0 0.0967894 5 
0 0.097512 5 
0 0.111849 5 
0 0.115431 5 
0 0.132091 5 
0 0.132409 5 
0 0.133359 5 
0 0.143879 5 
0 0.145812 5 
0 0.149707 5 
0 0.1512 5 
0 0.15368 5 
0 0.18897 5 
0 0.202511 5 
0 0.232373 5 
0 0.278289 5 
0 0.295497 5 
0 0.297207 5 
0 0.308413 5 
0 0.33571 5 
0 0.340347 5 
0 0.383932 5 
0 0.384014 5 
0 0.397495 5 
0 0.401602 5 
0 0.401704 5 
0 0.402718 5 
0 0.423609 5 
0 0.445963 5 
0 0.445963 5 
0 0.458534 5 
0 0.474691 5 
0 0.511455 5 
0 0.524437 5 
0 0.542309 5 
0 0.546467 5 
0 0.547494 5 
0 0.553277 5 
0 0.553607 5 
0 0.574141 5 
0 0.574629 5 
0 0.579393 5 
0 0.605764 5 
0 0.609181 5 
0 0.611456 5 
0 0.736452 5 
0 0.881359 5 
0 0.919082 5 
0 0.976418 5 
0 1.12296 5 
0 1.24686 5 
0 1.38293 5 
0 1.43125 5 
0 1.43666 5 
0 1.43673 5 
0 1.43842 5 
0 1.70968 5 
0 1.96419 5 
0 1.97853 5 
0 1.97997 5 
0 2.00883 5 
0 2.04505 5 
0 2.04656 5 
0 2.0482 5 
0 2.04999 5 
0 2.05072 5 
0 2.06398 5 
0 2.06913 5 
0 2.08324 5 
0 2.86751 5 
0 2.86782 5 
0 2.86874 5 
0 2.8722 5 
0 inf 5 
0 0.0230852 6 
0 0.0275235 6 
0 0.0351351 6 
0 0.0355315 6 
0 0.035532 6 
0 0.0378255 6 
0 0.0389188 6 
0 0.0417002 6 
0 0.0417099 6 
0 0.0427044 6 
0 0.0430333 6 
0 0.0443131 6 
0 0.0467707 6 
0 0.0488268 6 
0 0.0502467 6 
0 0.051078 6 
0 0.0513507 6 
0 0.0516227 6 
0 0.0547896 6 
0 0.0572911 6 
0 0.0582636 6 
0 0.059687 6 
0 0.060384 6 
0 0.0631138 6 
0 0.0652998 6 
0 0.0684436 6 
0 0.0690621 6 
0 0.0694573 6 
0 0.0712528 6 
0 0.0722351 6 
0 0.0749023 6 
0 0.081536 6 
0 0.0817062 6 
0 0.08589 6 
0 0.0925009 6 
0 0.0937079 6 
0 0.0948898 6 
0 0.0972248 6 
0 0.101737 6 
0 0.106717 6 
0 0.112852 6 
0 0.113225 6 
0 0.120075 6 
0 0.122393 6 
0 0.123646 6 
0 0.136067 6 
0 0.179215 6 
0 0.194591 6 
0 0.231285 6 
0 0.234365 6 
0 0.270606 6 
0 0.29426 6 
0 0.32986 6 
0 0.353618 6 
0 0.364553 6 
0 0.364899 6 
0 0.376233 6 
0 0.382848 6 
0 0.383324 6 
0 0.383551 6 
0 0.390329 6 
0 0.390904 6 
0 0.396405 6 
0 0.400883 6 
0 0.452623 6 
0 0.482137 6 
0 0.515808 6 
0 0.519012 6 
0 0.521842 6 
0 0.527615 6 
0 0.536865 6 
0 0.549906 6 
0 0.56328 6 
0 0.577954 6 
0 0.580278 6 
0 0.580283 6 
0 0.580283 6 
0 0.581052 6 
0 0.581152 6 
0 0.647974 6 
0 0.827148 6 
0 0.900087 6 
0 0.901209 6 
0 0.909758 6 
0 0.912452 6 
0 0.931508 6 
0 0.972991 6 
0 1.23979 6 
0 1.31078 6 
0 1.35733 6 
0 1.37287 6 
0 1.49358 6 
0 1.50391 6 
0 1.53655 6 
0 1.54123 6 
0 1.56041 6 
0 1.56294 6 
0 1.66208 6 
0 1.66236 6 
0 1.66359 6 
0 1.6748 6 
0 1.75313 6 
0 1.9734 6 
0 1.98316 6 
0 2.05221 6 
0 2.0768 6 
0 2.13785 6 
0 2.33813 6 
0 2.33862 6 
0 2.33901 6 
0 2.34284 6 
0 inf 6 
0 0.0218396 7 
0 0.0218403 7 
0 0.0218411 7 
0 0.0334988 7 
0 0.0343223 7 
0 0.0374499 7 
0 0.042044 7 
0 0.044624 7 
0 0.0452494 7 
0 0.0452581 7 
0 0.045566 7 
0 0.0467747 7 
0 0.0491174 7 
0 0.0524324 7 
0 0.0524324 7 
0 0.0524352 7 
0 0.0631115 7 
0 0.0669928 7 
0 0.0700652 7 
0 0.0737688 7 
0 0.0745226 7 
0 0.0774783 7 
0 0.07802 7 
0 0.079267 7 
0 0.0837412 7 
0 0.0871877 7 
0 0.0897307 7 
0 0.0985182 7 
0 0.102033 7 
0 0.104729 7 
0 0.107634 7 
0 0.1088 7 
0 0.111476 7 
0 0.121585 7 
0 0.121927 7 
0 0.13081 7 
0 0.132936 7 
0 0.13709 7 
0 0.137602 7 
0 0.143583 7 
0 0.154048 7 
0 0.218607 7 
0 0.220904 7 
0 0.230291 7 
0 0.232736 7 
0 0.256558 7 
0 0.278046 7 
0 0.294736 7 
0 0.337095 7 
0 0.337926 7 
0 0.35089 7 
0 0.352194 7 
0 0.366833 7 
0 0.372901 7 
0 0.372901 7 
0 0.378762 7 
0 0.384677 7 
0 0.410393 7 
0 0.462888 7 
0 0.471906 7 
0 0.516134 7 
0 0.531986 7 
0 0.535911 7 
0 0.538926 7 
0 0.539446 7 
0 0.542569 7 
0 0.542569 7 
0 0.592285 7 
0 0.593633 7 
0 0.594271 7 
0 0.654987 7 
0 0.666538 7 
0 0.842255 7 
0 0.844348 7 
0 0.85832 7 
0 0.864571 7 
0 0.887392 7 
0 0.889649 7 
0 0.890421 7 
0 0.909443 7 
0 0.910432 7 
0 1.07567 7 
0 1.08067 7 
0 1.08306 7 
0 1.32754 7 
0 1.36557 7 
0 1.37341 7 
0 1.37507 7 
0 1.37591 7 
0 1.37611 7 
0 1.38366 7 
0 1.4007 7 
0 1.40091 7 
0 1.40259 7 
0 1.41724 7 
0 1.42193 7 
0 1.43072 7 
0 1.43106 7 
0 1.44379 7 
0 1.47933 7 
0 1.70703 7 
0 1.9698 7 
0 2.05313 7 
0 2.05313 7 
0 2.05331 7 
0 2.07029 7 
0 2.08301 7 
0 inf 7 
0 0.0290124 8 
0 0.0322179 8 
0 0.0322219 8 
0 0.0330789 8 
0 0.0392816 8 
0 0.0433522 8 
0 0.0439972 8 
0 0.0507987 8 
0 0.0513459 8 
0 0.051354 8 
0 0.0534852 8 
0 0.0534906 8 
0 0.0587347 8 
0 0.0613163 8 
0 0.0650856 8 
0 0.0716512 8 
0 0.0726179 8 
0 0.0751152 8 
0 0.0830697 8 
0 0.0868649 8 
0 0.0920374 8 
0 0.0959232 8 
0 0.100352 8 
0 0.108151 8 
0 0.108278 8 
0 0.114083 8 
0 0.116633 8 
0 0.121926 8 
0 0.128098 8 
0 0.128427 8 
0 0.131662 8 
0 0.141322 8 
0 0.147156 8 
0 0.160362 8 
0 0.203825 8 
0 0.218759 8 
0 0.224895 8 
0 0.226882 8 
0 0.233458 8 
0 0.270553 8 
0 0.297672 8 
0 0.301445 8 
0 0.303531 8 
0 0.304776 8 
0 0.332743 8 
0 0.333921 8 
0 0.35028 8 
0 0.361817 8 
0 0.41649 8 
0 0.422741 8 
0 0.423404 8 
0 0.451227 8 
0 0.47333 8 
0 0.514283 8 
0 0.522651 8 
0 0.522758 8 
0 0.53304 8 
0 0.542365 8 
0 0.547385 8 
0 0.550757 8 
0 0.573579 8 
0 0.580287 8 
0 0.580577 8 
0 0.645654 8 
0 0.762449 8 
0 0.766281 8 
0 0.7703 8 
0 0.77431 8 
0 0.789363 8 
0 0.85123 8 
0 0.856869 8 
0 0.857795 8 
0 0.858483 8 
0 0.867694 8 
0 0.893377 8 
0 0.893566 8 
0 0.894381 8 
0 0.899334 8 
0 0.908436 8 
0 0.924904 8 
0 0.964427 8 
0 1.02465 8 
0 1.05778 8 
0 1.18551 8 
0 1.19691 8 
0 1.26946 8 
0 1.27266 8 
0 1.2861 8 
0 1.29535 8 
0 1.31437 8 
0 1.38553 8 
0 1.3937 8 
0 1.41551 8 
0 1.47004 8 
0 1.478 8 
0 1.54473 8 
0 1.62623 8 
0 1.74151 8 
0 2.0505 8 
0 2.05095 8 
0 2.05192 8 
0 2.07238 8 
0 2.09251 8 
0 inf 8 
0 0.0190939 9 
0 0.0433579 9 
0 0.0439937 9 
0 0.0446268 9 
0 0.0476665 9 
0 0.0476679 9 
0 0.0505229 9 
0 0.0505238 9 
0 0.059453 9 
0 0.0596905 9 
0 0.073577 9 
0 0.0774773 9 
0 0.0796192 9 
0 0.0810198 9 
0 0.0834071 9 
0 0.085726 9 
0 0.0890977 9 
0 0.0900409 9 
0 0.0954778 9 
0 0.0979448 9 
0 0.0979465 9 
0 0.100211 9 
0 0.11086 9 
0 0.123976 9 
0 0.130377 9 
0 0.15916 9 
0 0.169488 9 
0 0.170478 9 
0 0.180629 9 
0 0.181249 9 
0 0.206829 9 
0 0.214317 9 
0 0.225789 9 
0 0.228478 9 
0 0.229486 9 
0 0.293449 9 
0 0.316604 9 
0 0.31815 9 
0 0.370062 9 
0 0.374242 9 
0 0.380708 9 
0 0.387661 9 
0 0.387862 9 
0 0.39412 9 
0 0.407969 9 
0 0.45222 9 
0 0.474189 9 
0 0.492868 9 
0 0.497851 9 
0 0.509426 9 
0 0.516161 9 
0 0.542547 9 
0 0.542883 9 
0 0.580001 9 
0 0.580098 9 
0 0.596521 9 
0 0.607616 9 
0 0.63598 9 
0 0.682772 9 
0 0.686766 9 
0 0.793907 9 
0 0.809225 9 
0 0.811026 9 
0 0.831411 9 
0 0.844289 9 
0 0.848948 9 
0 0.857145 9 
0 0.875301 9 
0 0.877707 9 
0 0.878936 9 
0 0.900338 9 
0 0.900541 9 
0 0.901364 9 
0 0.90211 9 
0 0.903182 9 
0 0.918592 9 
0 0.92375 9 
0 0.938578 9 
0 0.938662 9 
0 0.942168 9 
0 0.946206 9 
0 0.949166 9 
0 0.96593 9 
0 0.992944 9 
0 1.06121 9 
0 1.06548 9 
0 1.17559 9 
0 1.18763 9 
0 1.27667 9 
0 1.37383 9 
0 1.3779 9 
0 1.40162 9 
0 1.42017 9 
0 1.43109 9 
0 2.0508 9 
0 2.05091 9 
0 2.05554 9 
0 2.05554 9 
0 2.05764 9 
0 inf 9 
0 0.0259483 10 
0 0.039986 10 
0 0.0482586 10 
0 0.0488293 10 
0 0.0505274 10 
0 0.0587375 10 
0 0.0642115 10 
0 0.0661513 10 
0 0.0672023 10 
0 0.0690866 10 
0 0.0829246 10 
0 0.0839099 10 
0 0.0844091 10 
0 0.0862193 10 
0 0.0902176 10 
0 0.0973756 10 
0 0.111974 10 
0 0.139123 10 
0 0.142212 10 
0 0.146488 10 
0 0.168073 10 
0 0.176041 10 
0 0.194991 10 
0 0.20744 10 
0 0.214771 10 
0 0.217152 10 
0 0.230434 10 
0 0.239415 10 
0 0.267755 10 
0 0.289002 10 
0 0.289584 10 
0 0.294736 10 
0 0.302403 10 
0 0.30828 10 
0 0.311178 10 
0 0.311361 10 
0 0.342584 10 
0 0.342936 10 
0 0.3431 10 
0 0.355317 10 
0 0.396076 10 
0 0.397349 10 
0 0.398301 10 
0 0.439709 10 
0 0.4488 10 
0 0.473122 10 
0 0.490197 10 
0 0.490398 10 
0 0.512087 10 
0 0.512962 10 
0 0.514638 10 
0 0.578549 10 
0 0.583593 10 
0 0.628966 10 
0 0.644763 10 
0 0.644822 10 
0 0.668409 10 
0 0.68958 10 
0 0.742903 10 
0 0.757392 10 
0 0.761897 10 
0 0.762938 10 
0 0.772154 10 
0 0.820509 10 
0 0.830058 10 
0 0.832756 10 
0 0.842932 10 
0 0.888972 10 
0 0.88905 10 
0 0.90772 10 
0 0.94005 10 
0 0.941317 10 
0 0.969931 10 
0 0.976576 10 
0 0.98623 10 
0 1.01067 10 
0 1.01089 10 
0 1.01727 10 
0 1.01772 10 
0 1.0966 10 
0 1.17129 10 
0 1.17379 10 
0 1.33634 10 
0 1.3548 10 
0 1.385 10 
0 1.38823 10 
0 1.52663 10 
0 1.52825 10 
0 1.62324 10 
0 1.6233 10 
0 2.05924 10 
0 2.05947 10 
0 2.06835 10 
0 2.1128 10 
0 2.11289 10 
0 inf 10 
0 0.0545352 11 
0 0.06468 11 
0 0.0724265 11 
0 0.0894098 11 
0 0.0944417 11 
0 0.0962169 11 
0 0.10049 11 
0 0.105413 11 
0 0.106558 11 
0 0.111347 11 
0 0.126234 11 
0 0.149065 11 
0 0.150731 11 
0 0.159599 11 
0 0.164863 11 
0 0.182399 11 
0 0.193937 11 
0 0.200138 11 
0 0.201386 11 
0 0.226967 11 
0 0.230795 11 
0 0.231103 11 
0 0.247678 11 
0 0.253055 11 
0 0.256723 11 
0 0.266374 11 
0 0.266449 11 
0 0.27123 11 
0 0.293114 11 
0 0.298999 11 
0 0.299748 11 
0 0.327858 11 
0 0.335971 11 
0 0.350025 11 
0 0.356725 11 
0 0.35751 11 
0 0.358575 11 
0 0.38399 11 
0 0.394977 11 
0 0.396253 11 
0 0.418901 11 
0 0.458113 11 
0 0.473818 11 
0 0.473936 11 
0 0.510617 11 
0 0.510946 11 
0 0.515672 11 
0 0.550035 11 
0 0.550264 11 
0 0.639718 11 
0 0.643543 11 
0 0.665709 11 
0 0.674092 11 
0 0.722672 11 
0 0.739932 11 
0 0.806437 11 
0 0.808314 11 
0 0.826571 11 
0 0.829737 11 
0 0.839149 11 
0 0.864083 11 
0 0.864083 11 
0 0.886459 11 
0 0.886775 11 
0 0.925088 11 
0 0.931188 11 
0 0.958312 11 
0 0.958312 11 
0 0.966943 11 
0 0.968939 11 
0 0.969073 11 
0 0.969098 11 
0 0.982566 11 
0 0.983251 11 
0 1.00021 11 
0 1.05291 11 
0 1.10915 11 
0 1.13221 11 
0 1.13621 11 
0 1.22587 11 
0 1.45136 11 
0 1.45185 11 
0 1.51102 11 
0 1.51211 11 
0 1.53835 11 
0 1.53859 11 
0 2.05032 11 
0 2.05179 11 
0 2.0687 11 
0 2.08082 11 
0 2.08087 11 
0 inf 11 
0 0.0686775 12 
0 0.100222 12 
0 0.103892 12 
0 0.105008 12 
0 0.161065 12 
0 0.162903 12 
0 0.17089 12 
0 0.194776 12 
0 0.211118 12 
0 0.228661 12 
0 0.234478 12 
0 0.235014 12 
0 0.24496 12 
0 0.245628 12 
0 0.259348 12 
0 0.267868 12 
0 0.270556 12 
0 0.279939 12 
0 0.281687 12 
0 0.286247 12 
0 0.294559 12 
0 0.29532 12 
0 0.299323 12 
0 0.301604 12 
0 0.303239 12 
0 0.303253 12 
0 0.304545 12 
0 0.308509 12 
0 0.309961 12 
0 0.351744 12 
0 0.351944 12 
0 0.354036 12 
0 0.354036 12 
0 0.356287 12 
0 0.362939 12 
0 0.374346 12 
0 0.46654 12 
0 0.476062 12 
0 0.493011 12 
0 0.498302 12 
0 0.50508 12 
0 0.514992 12 
0 0.522264 12 
0 0.530705 12 
0 0.548922 12 
0 0.548998 12 
0 0.641645 12 
0 0.641885 12 
0 0.726767 12 
0 0.739489 12 
0 0.742714 12 
0 0.749179 12 
0 0.755167 12 
0 0.847861 12 
0 0.859836 12 
0 0.864948 12 
0 0.885501 12 
0 0.890516 12 
0 0.893283 12 
0 0.924616 12 
0 0.925116 12 
0 0.927781 12 
0 0.94087 12 
0 0.941987 12 
0 0.952869 12 
0 0.95334 12 
0 0.95406 12 
0 1.05343 12 
0 1.09453 12 
0 1.09968 12 
0 1.12729 12 
0 1.17353 12 
0 1.18144 12 
0 1.18144 12 
0 1.18186 12 
0 1.18912 12 
0 1.19667 12 
0 1.24649 12 
0 1.24793 12 
0 1.25255 12 
0 1.37401 12 
0 1.41633 12 
0 2.0504 12 
0 2.05062 12 
0 2.07104 12 
0 2.0729 12 
0 2.07298 12 
0 inf 12 
0 0.0688702 13 
0 0.0692869 13 
0 0.100232 13 
0 0.12248 13 
0 0.139527 13 
0 0.139709 13 
0 0.1416 13 
0 0.163161 13 
0 0.164688 13 
0 0.174368 13 
0 0.184684 13 
0 0.19333 13 
0 0.195247 13 
0 0.20744 13 
0 0.234054 13 
0 0.270564 13 
0 0.270927 13 
0 0.275183 13 
0 0.277473 13 
0 0.278281 13 
0 0.284132 13 
0 0.291925 13 
0 0.294173 13 
0 0.296206 13 
0 0.302495 13 
0 0.304365 13 
0 0.304365 13 
0 0.349025 13 
0 0.35646 13 
0 0.368835 13 
0 0.384981 13 
0 0.414896 13 
0 0.476752 13 
0 0.477607 13 
0 0.497511 13 
0 0.497877 13 
0 0.49844 13 
0 0.534651 13 
0 0.534792 13 
0 0.535568 13 
0 0.537137 13 
0 0.544821 13 
0 0.545156 13 
0 0.548924 13 
0 0.570592 13 
0 0.633904 13 
0 0.686225 13 
0 0.72082 13 
0 0.737504 13 
0 0.762831 13 
0 0.825188 13 
0 0.832296 13 
0 0.833306 13 
0 0.835649 13 
0 0.885303 13 
0 0.88562 13 
0 0.905284 13 
0 0.905346 13 
0 0.905904 13 
0 0.926633 13 
0 0.927299 13 
0 0.938903 13 
0 0.940557 13 
0 0.943653 13 
0 0.974214 13 
0 0.97443 13 
0 0.975006 13 
0 1.04554 13 
0 1.04721 13 
0 1.04978 13 
0 1.0732 13 
0 1.09049 13 
0 1.10216 13 
0 1.1206 13 
0 1.39807 13 
0 1.40095 13 
0 1.4011 13 
0 1.51858 13 
0 2.05225 13 
0 2.05226 13 
0 2.05578 13 
0 2.05588 13 
0 2.05799 13 
0 inf 13 
0 0.0565834 14 
0 0.10419 14 
0 0.108126 14 
0 0.128974 14 
0 0.141618 14 
0 0.162026 14 
0 0.188749 14 
0 0.194632 14 
0 0.198599 14 
0 0.213928 14 
0 0.21604 14 
0 0.216794 14 
0 0.226351 14 
0 0.226625 14 
0 0.227181 14 
0 0.228571 14 
0 0.229367 14 
0 0.254916 14 
0 0.254916 14 
0 0.269681 14 
0 0.27134 14 
0 0.281687 14 
0 0.282433 14 
0 0.285838 14 
0 0.288201 14 
0 0.292291 14 
0 0.293266 14 
0 0.296502 14 
0 0.297994 14 
0 0.301513 14 
0 0.301568 14 
0 0.316757 14 
0 0.316758 14 
0 0.318875 14 
0 0.328109 14 
0 0.357285 14 
0 0.357951 14 
0 0.358538 14 
0 0.359357 14 
0 0.435118 14 
0 0.455449 14 
0 0.517681 14 
0 0.586382 14 
0 0.586382 14 
0 0.591526 14 
0 0.621668 14 
0 0.641692 14 
0 0.649902 14 
0 0.694894 14 
0 0.732178 14 
0 0.832051 14 
0 0.836019 14 
0 0.842304 14 
0 0.843035 14 
0 0.843384 14 
0 0.843884 14 
0 0.84435 14 
0 0.886145 14 
0 0.886301 14 
0 0.887631 14 
0 0.88771 14 
0 0.942071 14 
0 0.944525 14 
0 0.945297 14 
0 0.946443 14 
0 1.05286 14 
0 1.05314 14 
0 1.05733 14 
0 1.15778 14 
0 1.16034 14 
0 1.16974 14 
0 1.37525 14 
0 1.40339 14 
0 1.40375 14 
0 1.40456 14 
0 2.0511 14 
0 2.06614 14 
0 2.06614 14 
0 2.06645 14 
0 inf 14 
0 0.0736088 15 
0 0.0822232 15 
0 0.112846 15 
0 0.169464 15 
0 0.177409 15 
0 0.196995 15 
0 0.209583 15 
0 0.209625 15 
0 0.226105 15 
0 0.228326 15 
0 0.238716 15 
0 0.24152 15 
0 0.253216 15 
0 0.254102 15 
0 0.256178 15 
0 0.257773 15 
0 0.268639 15 
0 0.269529 15 
0 0.27046 15 
0 0.27046 15 
0 0.271044 15 
0 0.272519 15 
0 0.274825 15 
0 0.276461 15 
0 0.278072 15 
0 0.27828 15 
0 0.284314 15 
0 0.287021 15 
0 0.291475 15 
0 0.291811 15 
0 0.291973 15 
0 0.294156 15 
0 0.299504 15 
0 0.313067 15 
0 0.316963 15 
0 0.324545 15 
0 0.386377 15 
0 0.387139 15 
0 0.387139 15 
0 0.399827 15 
0 0.52283 15 
0 0.687081 15 
0 0.716364 15 
0 0.72824 15 
0 0.728305 15 
0 0.755835 15 
0 0.811319 15 
0 0.812149 15 
0 0.854961 15 
0 0.882217 15 
0 0.891241 15 
0 0.940259 15 
0 0.98359 15 
0 0.984117 15 
0 0.984288 15 
0 0.995511 15 
0 0.995511 15 
0 0.996793 15 
0 1.16009 15 
0 1.16212 15 
0 1.16242 15 
0 1.21039 15 
0 1.38324 15 
0 1.3931 15 
0 1.39326 15 
0 1.44062 15 
0 1.44948 15 
0 1.4504 15 
0 1.60176 15 
0 1.60228 15 
0 1.60239 15 
0 2.05291 15 
0 2.10522 15 
0 2.10586 15 
0 2.10623 15 
0 inf 15 
0 0.111238 16 
0 0.157625 16 
0 0.180235 16 
0 0.195567 16 
0 0.217564 16 
0 0.21795 16 
0 0.218528 16 
0 0.240093 16 
0 0.244802 16 
0 0.254971 16 
0 0.255356 16 
0 0.262229 16 
0 0.263372 16 
0 0.264942 16 
0 0.265418 16 
0 0.267375 16 
0 0.267586 16 
0 0.275087 16 
0 0.276865 16 
0 0.285791 16 
0 0.285938 16 
0 0.286379 16 
0 0.287943 16 
0 0.288527 16 
0 0.29277 16 
0 0.29277 16 
0 0.296171 16 
0 0.296927 16 
0 0.298435 16 
0 0.298435 16 
0 0.311577 16 
0 0.337052 16 
0 0.337842 16 
0 0.339044 16 
0 0.339209 16 
0 0.371241 16 
0 0.382285 16 
0 0.522319 16 
0 0.709911 16 
0 0.719584 16 
0 0.721298 16 
0 0.758423 16 
0 0.770646 16 
0 0.860162 16 
0 0.895086 16 
0 0.951056 16 
0 0.951704 16 
0 0.951778 16 
0 0.952588 16 
0 1.027 16 
0 1.03136 16 
0 1.03136 16 
0 1.1338 16 
0 1.13436 16 
0 1.1358 16 
0 1.16444 16 
0 1.17752 16 
0 1.24772 16 
0 1.39469 16 
0 1.40762 16 
0 1.40778 16 
0 1.53316 16 
0 1.53408 16 
0 1.53466 16 
0 1.53823 16 
0 1.53918 16 
0 1.53951 16 
0 2.05214 16 
0 2.07227 16 
0 2.07238 16 
0 2.07268 16 
0 inf 16 
0 0.0674416 17 
0 0.116654 17 
0 0.119973 17 
0 0.120555 17 
0 0.130573 17 
0 0.161175 17 
0 0.176541 17 
0 0.179378 17 
0 0.188378 17 
0 0.193402 17 
0 0.194487 17 
0 0.215555 17 
0 0.216335 17 
0 0.231213 17 
0 0.266694 17 
0 0.268424 17 
0 0.270765 17 
0 0.270765 17 
0 0.286624 17 
0 0.287601 17 
0 0.288817 17 
0 0.292486 17 
0 0.29384 17 
0 0.295174 17 
0 0.295364 17 
0 0.295364 17 
0 0.301173 17 
0 0.303261 17 
0 0.306161 17 
0 0.309079 17 
0 0.338407 17 
0 0.338614 17 
0 0.342486 17 
0 0.342486 17 
0 0.393112 17 
0 0.823009 17 
0 0.881675 17 
0 0.892703 17 
0 0.917251 17 
0 0.918764 17 
0 0.921279 17 
0 0.959979 17 
0 0.961424 17 
0 0.962867 17 
0 0.963988 17 
0 1.01701 17 
0 1.03972 17 
0 1.04315 17 
0 1.04363 17 
0 1.06371 17 
0 1.06444 17 
0 1.11879 17 
0 1.12345 17 
0 1.12374 17 
0 1.15291 17 
0 1.15359 17 
0 1.15369 17 
0 1.37973 17 
0 1.38909 17 
0 1.45069 17 
0 1.45232 17 
0 1.45334 17 
0 1.6004 17 
0 2.05218 17 
0 2.05325 17 
0 2.05428 17 
0 2.05445 17 
0 inf 17 
0 0.0622484 18 
0 0.0690831 18 
0 0.0692907 18 
0 0.0704901 18 
0 0.112738 18 
0 0.112823 18 
0 0.114304 18 
0 0.115404 18 
0 0.115889 18 
0 0.128983 18 
0 0.128983 18 
0 0.169568 18 
0 0.184768 18 
0 0.185677 18 
0 0.195423 18 
0 0.278478 18 
0 0.279131 18 
0 0.283321 18 
0 0.285294 18 
0 0.301008 18 
0 0.302124 18 
0 0.303447 18 
0 0.303586 18 
0 0.304897 18 
0 0.304897 18 
0 0.307123 18 
0 0.30858 18 
0 0.320623 18 
0 0.335374 18 
0 0.339365 18 
0 0.386186 18 
0 0.386295 18 
0 0.387491 18 
0 0.38807 18 
0 0.649003 18 
0 0.709393 18 
0 0.872523 18 
0 0.887297 18 
0 0.896255 18 
0 0.903198 18 
0 0.904129 18 
0 0.946057 18 
0 0.947198 18 
0 0.958291 18 
0 0.958306 18 
0 0.958643 18 
0 0.958643 18 
0 0.960657 18 
0 0.960964 18 
0 1.02604 18 
0 1.02823 18 
0 1.02898 18 
0 1.07253 18 
0 1.07968 18 
0 1.21868 18 
0 1.21872 18 
0 1.21914 18 
0 1.40454 18 
0 1.53132 18 
0 1.87331 18 
0 2.05693 18 
0 2.05758 18 
0 2.05774 18 
0 inf 18 
0 0.0741757 19 
0 0.0829245 19 
0 0.0854239 19 
0 0.116735 19 
0 0.11876 19 
0 0.119232 19 
0 0.139533 19 
0 0.147356 19 
0 0.148588 19 
0 0.174859 19 
0 0.18124 19 
0 0.181935 19 
0 0.287997 19 
0 0.288434 19 
0 0.297371 19 
0 0.297795 19 
0 0.29836 19 
0 0.298941 19 
0 0.299441 19 
0 0.310911 19 
0 0.311767 19 
0 0.312486 19 
0 0.313785 19 
0 0.382867 19 
0 0.383123 19 
0 0.389117 19 
0 0.463537 19 
0 0.480622 19 
0 0.481205 19 
0 0.483677 19 
0 0.52366 19 
0 0.532162 19 
0 0.532478 19 
0 0.576204 19 
0 0.711956 19 
0 0.720831 19 
0 0.722496 19 
0 0.726368 19 
0 0.897716 19 
0 0.916011 19 
0 0.916761 19 
0 0.91827 19 
0 0.919382 19 
0 0.940956 19 
0 0.946119 19 
0 0.948562 19 
0 0.958017 19 
0 0.962473 19 
0 0.964293 19 
0 0.975052 19 
0 0.979687 19 
0 0.979816 19 
0 1.02807 19 
0 1.08103 19 
0 1.15998 19 
0 1.37713 19 
0 2.05889 19 
0 2.06585 19 
0 2.06633 19 
0 inf 19 
0 0.0690813 20 
0 0.0720641 20 
0 0.0720642 20 
0 0.148842 20 
0 0.15593 20 
0 0.184994 20 
0 0.187704 20 
0 0.225043 20 
0 0.233405 20 
0 0.247114 20 
0 0.24915 20 
0 0.252505 20 
0 0.255737 20 
0 0.295118 20 
0 0.297955 20 
0 0.297955 20 
0 0.325582 20 
0 0.326657 20 
0 0.388173 20 
0 0.390335 20 
0 0.393626 20 
0 0.394053 20 
0 0.405981 20 
0 0.427519 20 
0 0.45559 20 
0 0.473685 20 
0 0.475547 20 
0 0.477812 20 
0 0.50775 20 
0 0.515524 20 
0 0.520355 20 
0 0.52049 20 
0 0.521674 20 
0 0.669644 20 
0 0.678693 20 
0 0.732642 20 
0 0.853038 20 
0 0.905105 20 
0 0.907396 20 
0 0.907581 20 
0 0.975598 20 
0 0.977337 20 
0 0.978793 20 
0 0.98144 20 
0 0.98154 20 
0 1.05584 20 
0 1.08529 20 
0 1.086 20 
0 1.12826 20 
0 1.37823 20 
0 1.37871 20 
0 1.56117 20 
0 2.06039 20 
0 2.0682 20 
0 2.06822 20 
0 inf 20 
