0 0.0299018 1 
0 0.0325032 1 
0 0.0337326 1 
0 0.0337326 1 
0 0.0349155 1 
0 0.0382479 1 
0 0.041313 1 
0 0.041313 1 
0 0.0441684 1 
0 0.0459681 1 
0 0.0468431 1 
0 0.0501907 1 
0 0.0509972 1 
0 0.0525643 1 
0 0.0525746 1 
0 0.0548359 1 
0 0.0555738 1 
0 0.0555751 1 
0 0.0555835 1 
0 0.0584254 1 
0 0.0611442 1 
0 0.061146 1 
0 0.0618037 1 
0 0.0631057 1 
0 0.0631057 1 
0 0.0631086 1 
0 0.0637522 1 
0 0.0656307 1 
0 0.0662471 1 
0 0.0662471 1 
0 0.0662515 1 
0 0.0662515 1 
0 0.0674629 1 
0 0.0680635 1 
0 0.0680637 1 
0 0.0686557 1 
0 0.0686599 1 
0 0.0686613 1 
0 0.068668 1 
0 0.0692451 1 
0 0.070411 1 
0 0.0704126 1 
0 0.0709905 1 
0 0.0726817 1 
0 0.0726824 1 
0 0.0726824 1 
0 0.0732429 1 
0 0.0743404 1 
0 0.0748848 1 
0 0.0754261 1 
0 0.0770248 1 
0 0.0785978 1 
0 0.0791137 1 
0 0.0791183 1 
0 0.0796201 1 
0 0.0796262 1 
0 0.0869387 1 
0 0.0869401 1 
0 0.0869403 1 
0 0.0874099 1 
0 0.0887916 1 
0 0.0906018 1 
0 0.0923778 1 
0 0.0928209 1 
0 0.0936841 1 
0 0.0941225 1 
0 0.0954134 1 
0 0.0966724 1 
0 0.0970971 1 
0 0.0970975 1 
0 0.0970975 1 
0 0.0995781 1 
0 0.103185 1 
0 0.103189 1 
0 0.108187 1 
0 0.111511 1 
0 0.114755 1 
0 0.119942 1 
0 0.120617 1 
0 0.122291 1 
0 0.122298 1 
0 0.122623 1 
0 0.123283 1 
0 0.12845 1 
0 0.131884 1 
0 0.142261 1 
0 0.145648 1 
0 0.171057 1 
0 0.181434 1 
0 0.188464 1 
0 0.188675 1 
0 0.196896 1 
0 0.209493 1 
0 0.211044 1 
0 0.246404 1 
0 0.252274 1 
0 0.255632 1 
0 0.260669 1 
0 0.271062 1 
0 0.289337 1 
0 0.296261 1 
0 0.351112 1 
0 0.360275 1 
0 0.382702 1 
0 0.398002 1 
0 0.40197 1 
0 0.402778 1 
0 0.408585 1 
0 0.417439 1 
0 0.421991 1 
0 0.426334 1 
0 0.440596 1 
0 0.476652 1 
0 0.493802 1 
0 0.524351 1 
0 0.533668 1 
0 0.618811 1 
0 0.69281 1 
0 0.766399 1 
0 0.804063 1 
0 0.823216 1 
0 0.858744 1 
0 1.30141 1 
0 2.21575 1 
0 2.71824 1 
0 2.79141 1 
0 3.44849 1 
0 3.70228 1 
0 4.96807 1 
0 5.01639 1 
0 5.22278 1 
0 inf 1 
0 0.0285111 2 
0 0.0422905 2 
0 0.0441684 2 
0 0.04508 2 
0 0.045969 2 
0 0.0485482 2 
0 0.0501934 2 
0 0.0525678 2 
0 0.0555722 2 
0 0.056298 2 
0 0.0562993 2 
0 0.0570163 2 
0 0.057019 2 
0 0.0577296 2 
0 0.058424 2 
0 0.0584248 2 
0 0.0584254 2 
0 0.0584347 2 
0 0.0591159 2 
0 0.059799 2 
0 0.0604746 2 
0 0.0604782 2 
0 0.0637527 2 
0 0.0650117 2 
0 0.0656316 2 
0 0.066858 2 
0 0.0680704 2 
0 0.0686558 2 
0 0.0686575 2 
0 0.0692527 2 
0 0.0698374 2 
0 0.0704093 2 
0 0.071556 2 
0 0.0721195 2 
0 0.072124 2 
0 0.0726844 2 
0 0.0743391 2 
0 0.0764941 2 
0 0.0770281 2 
0 0.0796195 2 
0 0.0796209 2 
0 0.0816347 2 
0 0.0831163 2 
0 0.0831169 2 
0 0.0845716 2 
0 0.086938 2 
0 0.0901542 2 
0 0.0906021 2 
0 0.0906027 2 
0 0.0910555 2 
0 0.0914913 2 
0 0.0936943 2 
0 0.0954081 2 
0 0.0958353 2 
0 0.097932 2 
0 0.0983495 2 
0 0.10629 2 
0 0.107056 2 
0 0.109678 2 
0 0.110046 2 
0 0.111877 2 
0 0.111878 2 
0 0.111882 2 
0 0.116156 2 
0 0.120618 2 
0 0.120619 2 
0 0.123944 2 
0 0.133109 2 
0 0.136428 2 
0 0.136724 2 
0 0.142831 2 
0 0.145931 2 
0 0.147311 2 
0 0.168663 2 
0 0.172472 2 
0 0.186723 2 
0 0.206968 2 
0 0.211431 2 
0 0.212384 2 
0 0.226463 2 
0 0.229322 2 
0 0.23509 2 
0 0.237677 2 
0 0.26081 2 
0 0.273003 2 
0 0.296945 2 
0 0.301711 2 
0 0.305589 2 
0 0.308638 2 
0 0.309948 2 
0 0.314236 2 
0 0.315928 2 
0 0.316827 2 
0 0.32393 2 
0 0.330505 2 
0 0.338776 2 
0 0.342812 2 
0 0.355477 2 
0 0.361288 2 
0 0.361407 2 
0 0.369188 2 
0 0.427962 2 
0 0.454199 2 
0 0.53354 2 
0 0.561713 2 
0 0.622915 2 
0 0.625829 2 
0 0.637628 2 
0 0.652722 2 
0 0.655526 2 
0 0.658178 2 
0 0.662611 2 
0 0.687643 2 
0 0.692927 2 
0 1.10902 2 
0 1.92128 2 
0 1.9284 2 
0 2.05528 2 
0 2.53545 2 
0 2.98619 2 
0 3.16401 2 
0 3.17614 2 
0 3.1765 2 
0 3.36325 2 
0 4.3378 2 
0 4.69415 2 
0 4.70073 2 
0 inf 2 
0 0.0337294 3 
0 0.0349147 3 
0 0.0349152 3 
0 0.0360587 3 
0 0.0392939 3 
0 0.0392939 3 
0 0.04508 3 
0 0.0485519 3 
0 0.0533394 3 
0 0.0555727 3 
0 0.0562983 3 
0 0.0584331 3 
0 0.0604752 3 
0 0.0604785 3 
0 0.0604785 3 
0 0.0611455 3 
0 0.0618078 3 
0 0.0631157 3 
0 0.0643849 3 
0 0.0686664 3 
0 0.0692481 3 
0 0.0709862 3 
0 0.0709895 3 
0 0.0709941 3 
0 0.0754253 3 
0 0.0770309 3 
0 0.0785976 3 
0 0.0786017 3 
0 0.0821355 3 
0 0.0855267 3 
0 0.0864703 3 
0 0.0878792 3 
0 0.0892464 3 
0 0.0892476 3 
0 0.091052 3 
0 0.0923829 3 
0 0.0928219 3 
0 0.0936932 3 
0 0.0936943 3 
0 0.0941198 3 
0 0.0979317 3 
0 0.100391 3 
0 0.101994 3 
0 0.102395 3 
0 0.105521 3 
0 0.105907 3 
0 0.105907 3 
0 0.10629 3 
0 0.107429 3 
0 0.107434 3 
0 0.108558 3 
0 0.115457 3 
0 0.115803 3 
0 0.1172 3 
0 0.127495 3 
0 0.136426 3 
0 0.140825 3 
0 0.141973 3 
0 0.168176 3 
0 0.172001 3 
0 0.213724 3 
0 0.220644 3 
0 0.234232 3 
0 0.23475 3 
0 0.235292 3 
0 0.237676 3 
0 0.238017 3 
0 0.24821 3 
0 0.248518 3 
0 0.259103 3 
0 0.262711 3 
0 0.265913 3 
0 0.268805 3 
0 0.270613 3 
0 0.270613 3 
0 0.270613 3 
0 0.273295 3 
0 0.282507 3 
0 0.289329 3 
0 0.299267 3 
0 0.301297 3 
0 0.30252 3 
0 0.306928 3 
0 0.31759 3 
0 0.333653 3 
0 0.334064 3 
0 0.339369 3 
0 0.37215 3 
0 0.397011 3 
0 0.421993 3 
0 0.443688 3 
0 0.446149 3 
0 0.475073 3 
0 0.487985 3 
0 0.506339 3 
0 0.53099 3 
0 0.532596 3 
0 0.538981 3 
0 0.585622 3 
0 0.586838 3 
0 0.605433 3 
0 0.613011 3 
0 0.615193 3 
0 0.620281 3 
0 0.622708 3 
0 0.6786 3 
0 0.753753 3 
0 1.05208 3 
0 1.28061 3 
0 1.28252 3 
0 1.28909 3 
0 1.29278 3 
0 1.71745 3 
0 1.83229 3 
0 1.88229 3 
0 3.11873 3 
0 3.15708 3 
0 3.17755 3 
0 3.17836 3 
0 3.29371 3 
0 3.69497 3 
0 4.5637 3 
0 4.56895 3 
0 inf 3 
0 0.0325038 4 
0 0.03607 4 
0 0.0441639 4 
0 0.0450748 4 
0 0.0477029 4 
0 0.0477033 4 
0 0.0510107 4 
0 0.051786 4 
0 0.0525693 4 
0 0.060477 4 
0 0.0631041 4 
0 0.0668644 4 
0 0.0686601 4 
0 0.0698327 4 
0 0.0698329 4 
0 0.0704123 4 
0 0.0704126 4 
0 0.0726841 4 
0 0.0732444 4 
0 0.0754281 4 
0 0.0791092 4 
0 0.0796215 4 
0 0.0831149 4 
0 0.0831167 4 
0 0.0836046 4 
0 0.0836116 4 
0 0.085532 4 
0 0.0892492 4 
0 0.0928214 4 
0 0.0962565 4 
0 0.0962612 4 
0 0.0966806 4 
0 0.0975165 4 
0 0.0975165 4 
0 0.0975168 4 
0 0.0991693 4 
0 0.101205 4 
0 0.102791 4 
0 0.103968 4 
0 0.103971 4 
0 0.105905 4 
0 0.107431 4 
0 0.108559 4 
0 0.109306 4 
0 0.110045 4 
0 0.116503 4 
0 0.118922 4 
0 0.137024 4 
0 0.139669 4 
0 0.141113 4 
0 0.152462 4 
0 0.154319 4 
0 0.175044 4 
0 0.176898 4 
0 0.176898 4 
0 0.176898 4 
0 0.181435 4 
0 0.190185 4 
0 0.210269 4 
0 0.216366 4 
0 0.216554 4 
0 0.220827 4 
0 0.224643 4 
0 0.230359 4 
0 0.231784 4 
0 0.242417 4 
0 0.24819 4 
0 0.258478 4 
0 0.258635 4 
0 0.26579 4 
0 0.270616 4 
0 0.301975 4 
0 0.335009 4 
0 0.340472 4 
0 0.353097 4 
0 0.358245 4 
0 0.387639 4 
0 0.392246 4 
0 0.408171 4 
0 0.416951 4 
0 0.41762 4 
0 0.437953 4 
0 0.438784 4 
0 0.484437 4 
0 0.495609 4 
0 0.504959 4 
0 0.508004 4 
0 0.547445 4 
0 0.54817 4 
0 0.54817 4 
0 0.548465 4 
0 0.550038 4 
0 0.558906 4 
0 0.559687 4 
0 0.578531 4 
0 0.589732 4 
0 0.590077 4 
0 0.688764 4 
0 0.859409 4 
0 0.953683 4 
0 0.99794 4 
0 1.04755 4 
0 1.16901 4 
0 1.1712 4 
0 1.1712 4 
0 1.59805 4 
0 1.61932 4 
0 1.62004 4 
0 1.62092 4 
0 1.62092 4 
0 1.80676 4 
0 2.10155 4 
0 2.23071 4 
0 2.23689 4 
0 2.23733 4 
0 3.34694 4 
0 3.50227 4 
0 3.5157 4 
0 3.54641 4 
0 inf 4 
0 0.027045 5 
0 0.0382509 5 
0 0.0450792 5 
0 0.046842 5 
0 0.0493757 5 
0 0.0493768 5 
0 0.0533341 5 
0 0.0563058 5 
0 0.0637445 5 
0 0.0643874 5 
0 0.0709847 5 
0 0.0737946 5 
0 0.0770268 5 
0 0.0775467 5 
0 0.078593 5 
0 0.0816391 5 
0 0.0816391 5 
0 0.0869404 5 
0 0.087401 5 
0 0.0874015 5 
0 0.0874053 5 
0 0.0874061 5 
0 0.0901518 5 
0 0.0928238 5 
0 0.0928252 5 
0 0.0945516 5 
0 0.0966843 5 
0 0.099168 5 
0 0.0991719 5 
0 0.103191 5 
0 0.104361 5 
0 0.104751 5 
0 0.106669 5 
0 0.107058 5 
0 0.107429 5 
0 0.108937 5 
0 0.110047 5 
0 0.114388 5 
0 0.114389 5 
0 0.115097 5 
0 0.115101 5 
0 0.11755 5 
0 0.11893 5 
0 0.122953 5 
0 0.125575 5 
0 0.130647 5 
0 0.131883 5 
0 0.134021 5 
0 0.137611 5 
0 0.155631 5 
0 0.163517 5 
0 0.163522 5 
0 0.186734 5 
0 0.225203 5 
0 0.245583 5 
0 0.255893 5 
0 0.260045 5 
0 0.264231 5 
0 0.282418 5 
0 0.288634 5 
0 0.292551 5 
0 0.313466 5 
0 0.31359 5 
0 0.329247 5 
0 0.338045 5 
0 0.338385 5 
0 0.378393 5 
0 0.37968 5 
0 0.381814 5 
0 0.384184 5 
0 0.390998 5 
0 0.392554 5 
0 0.410953 5 
0 0.414612 5 
0 0.424864 5 
0 0.434718 5 
0 0.442938 5 
0 0.451301 5 
0 0.460218 5 
0 0.484102 5 
0 0.48878 5 
0 0.529019 5 
0 0.551789 5 
0 0.551879 5 
0 0.557739 5 
0 0.591827 5 
0 0.599807 5 
0 0.610551 5 
0 0.612942 5 
0 0.706524 5 
0 0.821792 5 
0 0.828592 5 
0 0.845246 5 
0 0.84539 5 
0 0.879552 5 
0 0.902315 5 
0 1.0855 5 
0 1.18197 5 
0 1.33685 5 
0 1.33685 5 
0 1.36656 5 
0 1.58748 5 
0 1.69562 5 
0 1.69572 5 
0 1.696 5 
0 1.71182 5 
0 1.75232 5 
0 1.76913 5 
0 1.78429 5 
0 1.79645 5 
0 1.79654 5 
0 1.79727 5 
0 1.79727 5 
0 1.80728 5 
0 1.81054 5 
0 inf 5 
0 0.0413139 6 
0 0.045082 6 
0 0.0517872 6 
0 0.0548415 6 
0 0.055574 6 
0 0.0555753 6 
0 0.0562999 6 
0 0.0668615 6 
0 0.0759678 6 
0 0.0759705 6 
0 0.0770251 6 
0 0.0770285 6 
0 0.0796198 6 
0 0.0796212 6 
0 0.0811471 6 
0 0.0816387 6 
0 0.083609 6 
0 0.0840951 6 
0 0.088792 6 
0 0.089249 6 
0 0.0901542 6 
0 0.0954067 6 
0 0.0995767 6 
0 0.0999862 6 
0 0.102794 6 
0 0.10781 6 
0 0.110416 6 
0 0.112966 6 
0 0.11789 6 
0 0.118921 6 
0 0.118922 6 
0 0.119263 6 
0 0.124267 6 
0 0.127498 6 
0 0.136126 6 
0 0.143398 6 
0 0.14786 6 
0 0.148134 6 
0 0.193983 6 
0 0.198946 6 
0 0.201783 6 
0 0.211422 6 
0 0.227712 6 
0 0.231962 6 
0 0.234231 6 
0 0.234405 6 
0 0.257687 6 
0 0.258482 6 
0 0.286661 6 
0 0.2899 6 
0 0.304526 6 
0 0.321785 6 
0 0.324676 6 
0 0.326174 6 
0 0.330731 6 
0 0.331708 6 
0 0.334053 6 
0 0.340406 6 
0 0.343261 6 
0 0.354325 6 
0 0.362606 6 
0 0.365169 6 
0 0.372223 6 
0 0.374216 6 
0 0.379703 6 
0 0.38352 6 
0 0.424492 6 
0 0.432553 6 
0 0.433679 6 
0 0.43396 6 
0 0.447934 6 
0 0.470133 6 
0 0.52585 6 
0 0.536074 6 
0 0.548663 6 
0 0.55061 6 
0 0.551028 6 
0 0.55331 6 
0 0.56381 6 
0 0.567763 6 
0 0.567978 6 
0 0.569192 6 
0 0.56955 6 
0 0.5842 6 
0 0.692353 6 
0 0.699846 6 
0 0.756819 6 
0 0.777949 6 
0 0.782111 6 
0 0.783676 6 
0 0.789462 6 
0 0.812316 6 
0 0.851031 6 
0 0.855968 6 
0 0.906692 6 
0 1.04987 6 
0 1.05958 6 
0 1.07667 6 
0 1.07768 6 
0 1.08899 6 
0 1.30495 6 
0 1.59352 6 
0 1.59469 6 
0 1.59476 6 
0 1.59591 6 
0 1.60323 6 
0 1.78906 6 
0 1.80775 6 
0 1.81522 6 
0 1.8349 6 
0 1.85893 6 
0 inf 6 
0 0.0570155 7 
0 0.0662498 7 
0 0.0704105 7 
0 0.0715594 7 
0 0.073795 7 
0 0.0811419 7 
0 0.0836078 7 
0 0.0850504 7 
0 0.0869399 7 
0 0.0892589 7 
0 0.0897022 7 
0 0.0897022 7 
0 0.0897024 7 
0 0.0905989 7 
0 0.0914964 7 
0 0.0945535 7 
0 0.0949822 7 
0 0.0970999 7 
0 0.101605 7 
0 0.106286 7 
0 0.106292 7 
0 0.11115 7 
0 0.112603 7 
0 0.11296 7 
0 0.112966 7 
0 0.116155 7 
0 0.116155 7 
0 0.119604 7 
0 0.122955 7 
0 0.123285 7 
0 0.124276 7 
0 0.128767 7 
0 0.129709 7 
0 0.134932 7 
0 0.171285 7 
0 0.184323 7 
0 0.185422 7 
0 0.206757 7 
0 0.221195 7 
0 0.233352 7 
0 0.23336 7 
0 0.235406 7 
0 0.237629 7 
0 0.23784 7 
0 0.245703 7 
0 0.264806 7 
0 0.281792 7 
0 0.304659 7 
0 0.30877 7 
0 0.311874 7 
0 0.314469 7 
0 0.315114 7 
0 0.317461 7 
0 0.324805 7 
0 0.329154 7 
0 0.376803 7 
0 0.380912 7 
0 0.404923 7 
0 0.41415 7 
0 0.414925 7 
0 0.415619 7 
0 0.415663 7 
0 0.416206 7 
0 0.421488 7 
0 0.421584 7 
0 0.442231 7 
0 0.449231 7 
0 0.488593 7 
0 0.492675 7 
0 0.4976 7 
0 0.498576 7 
0 0.525948 7 
0 0.528993 7 
0 0.545196 7 
0 0.586573 7 
0 0.594487 7 
0 0.598575 7 
0 0.609483 7 
0 0.610051 7 
0 0.615358 7 
0 0.683375 7 
0 0.683672 7 
0 0.703939 7 
0 0.707695 7 
0 0.733642 7 
0 0.733642 7 
0 0.735136 7 
0 0.736229 7 
0 0.748286 7 
0 0.757355 7 
0 0.900142 7 
0 1.12245 7 
0 1.21241 7 
0 1.22706 7 
0 1.23318 7 
0 1.23358 7 
0 1.37412 7 
0 1.58935 7 
0 1.58956 7 
0 1.59119 7 
0 1.60178 7 
0 1.603 7 
0 1.61974 7 
0 1.64847 7 
0 1.67111 7 
0 1.69975 7 
0 1.73028 7 
0 inf 7 
0 0.0371717 8 
0 0.0637474 8 
0 0.0650086 8 
0 0.0650089 8 
0 0.0656342 8 
0 0.0680645 8 
0 0.0704261 8 
0 0.0831186 8 
0 0.0845684 8 
0 0.084571 8 
0 0.0878729 8 
0 0.0979324 8 
0 0.0979328 8 
0 0.102394 8 
0 0.103969 8 
0 0.10436 8 
0 0.104361 8 
0 0.105908 8 
0 0.107429 8 
0 0.109678 8 
0 0.123287 8 
0 0.128137 8 
0 0.151392 8 
0 0.163761 8 
0 0.174821 8 
0 0.187599 8 
0 0.194817 8 
0 0.196275 8 
0 0.200179 8 
0 0.21505 8 
0 0.223758 8 
0 0.224297 8 
0 0.22484 8 
0 0.225383 8 
0 0.241028 8 
0 0.24208 8 
0 0.242244 8 
0 0.243713 8 
0 0.247559 8 
0 0.256261 8 
0 0.258444 8 
0 0.272108 8 
0 0.272557 8 
0 0.278572 8 
0 0.330269 8 
0 0.341394 8 
0 0.353944 8 
0 0.356005 8 
0 0.356347 8 
0 0.377038 8 
0 0.381001 8 
0 0.387762 8 
0 0.395241 8 
0 0.401667 8 
0 0.418028 8 
0 0.423797 8 
0 0.424467 8 
0 0.425464 8 
0 0.427139 8 
0 0.429227 8 
0 0.430456 8 
0 0.446238 8 
0 0.446435 8 
0 0.447601 8 
0 0.457835 8 
0 0.4716 8 
0 0.481388 8 
0 0.516209 8 
0 0.518173 8 
0 0.518957 8 
0 0.534279 8 
0 0.558444 8 
0 0.561927 8 
0 0.565674 8 
0 0.650922 8 
0 0.684398 8 
0 0.71163 8 
0 0.713282 8 
0 0.732367 8 
0 0.73403 8 
0 0.734529 8 
0 0.757993 8 
0 0.787839 8 
0 0.919297 8 
0 0.920681 8 
0 0.926693 8 
0 1.07148 8 
0 1.07167 8 
0 1.07394 8 
0 1.1016 8 
0 1.10348 8 
0 1.50694 8 
0 1.59342 8 
0 1.59731 8 
0 1.60464 8 
0 1.60553 8 
0 1.6384 8 
0 1.64862 8 
0 1.65636 8 
0 1.65841 8 
0 1.69471 8 
0 1.7861 8 
0 1.83418 8 
0 inf 8 
0 0.068066 9 
0 0.0692461 9 
0 0.0785967 9 
0 0.0860075 9 
0 0.0914977 9 
0 0.0941191 9 
0 0.096264 9 
0 0.10039 9 
0 0.101198 9 
0 0.104749 9 
0 0.107051 9 
0 0.112965 9 
0 0.113683 9 
0 0.118236 9 
0 0.126219 9 
0 0.130643 9 
0 0.130958 9 
0 0.132795 9 
0 0.139078 9 
0 0.140826 9 
0 0.141976 9 
0 0.158478 9 
0 0.160014 9 
0 0.163034 9 
0 0.171529 9 
0 0.172703 9 
0 0.177805 9 
0 0.17895 9 
0 0.18432 9 
0 0.209074 9 
0 0.209885 9 
0 0.215056 9 
0 0.217447 9 
0 0.22211 9 
0 0.225907 9 
0 0.234703 9 
0 0.242413 9 
0 0.24853 9 
0 0.252563 9 
0 0.267284 9 
0 0.301314 9 
0 0.306655 9 
0 0.322297 9 
0 0.330267 9 
0 0.336127 9 
0 0.362543 9 
0 0.364019 9 
0 0.364331 9 
0 0.366444 9 
0 0.368531 9 
0 0.373661 9 
0 0.377448 9 
0 0.398655 9 
0 0.404691 9 
0 0.471582 9 
0 0.481999 9 
0 0.483497 9 
0 0.495683 9 
0 0.509685 9 
0 0.512237 9 
0 0.513478 9 
0 0.515005 9 
0 0.515084 9 
0 0.522603 9 
0 0.543479 9 
0 0.584958 9 
0 0.587385 9 
0 0.624736 9 
0 0.67921 9 
0 0.686 9 
0 0.719357 9 
0 0.730288 9 
0 0.731901 9 
0 0.74735 9 
0 0.766583 9 
0 0.767166 9 
0 0.772468 9 
0 0.787245 9 
0 0.798334 9 
0 0.802523 9 
0 0.80387 9 
0 0.812712 9 
0 0.910511 9 
0 1.06596 9 
0 1.07447 9 
0 1.08782 9 
0 1.08789 9 
0 1.08801 9 
0 1.09701 9 
0 1.57927 9 
0 1.58081 9 
0 1.58197 9 
0 1.58236 9 
0 1.58536 9 
0 1.63237 9 
0 1.63602 9 
0 1.65735 9 
0 1.75405 9 
0 1.79146 9 
0 inf 9 
0 0.0816377 10 
0 0.0840902 10 
0 0.0845691 10 
0 0.0962536 10 
0 0.0995619 10 
0 0.102791 10 
0 0.104362 10 
0 0.106295 10 
0 0.11224 10 
0 0.122962 10 
0 0.123945 10 
0 0.124277 10 
0 0.133096 10 
0 0.144806 10 
0 0.149236 10 
0 0.153266 10 
0 0.15583 10 
0 0.163966 10 
0 0.164704 10 
0 0.16574 10 
0 0.173648 10 
0 0.181878 10 
0 0.184101 10 
0 0.19146 10 
0 0.193355 10 
0 0.195237 10 
0 0.19875 10 
0 0.200175 10 
0 0.20439 10 
0 0.238867 10 
0 0.243586 10 
0 0.257218 10 
0 0.258637 10 
0 0.260357 10 
0 0.260515 10 
0 0.281845 10 
0 0.292319 10 
0 0.292874 10 
0 0.293844 10 
0 0.293846 10 
0 0.331634 10 
0 0.332613 10 
0 0.342347 10 
0 0.346943 10 
0 0.364879 10 
0 0.381533 10 
0 0.388592 10 
0 0.390677 10 
0 0.401653 10 
0 0.402865 10 
0 0.403247 10 
0 0.486926 10 
0 0.489363 10 
0 0.491403 10 
0 0.514119 10 
0 0.520886 10 
0 0.52392 10 
0 0.527173 10 
0 0.527404 10 
0 0.531691 10 
0 0.535346 10 
0 0.535729 10 
0 0.538072 10 
0 0.545791 10 
0 0.550239 10 
0 0.586288 10 
0 0.645221 10 
0 0.662192 10 
0 0.702725 10 
0 0.703361 10 
0 0.72481 10 
0 0.760353 10 
0 0.761874 10 
0 0.762754 10 
0 0.764766 10 
0 0.765404 10 
0 0.767163 10 
0 0.780061 10 
0 0.881233 10 
0 0.882707 10 
0 1.0484 10 
0 1.04898 10 
0 1.06988 10 
0 1.1628 10 
0 1.16332 10 
0 1.59952 10 
0 1.5996 10 
0 1.60447 10 
0 1.625 10 
0 1.6274 10 
0 1.73275 10 
0 1.73322 10 
0 1.76267 10 
0 1.86037 10 
0 1.86066 10 
0 inf 10 
0 0.0991737 11 
0 0.105915 11 
0 0.115462 11 
0 0.12263 11 
0 0.13907 11 
0 0.142542 11 
0 0.152731 11 
0 0.166723 11 
0 0.170578 11 
0 0.179185 11 
0 0.188469 11 
0 0.193987 11 
0 0.200331 11 
0 0.201597 11 
0 0.203803 11 
0 0.213149 11 
0 0.218423 11 
0 0.219503 11 
0 0.220287 11 
0 0.220656 11 
0 0.226614 11 
0 0.230346 11 
0 0.231027 11 
0 0.240728 11 
0 0.241207 11 
0 0.24903 11 
0 0.254836 11 
0 0.271812 11 
0 0.272858 11 
0 0.273003 11 
0 0.273304 11 
0 0.273947 11 
0 0.273947 11 
0 0.285256 11 
0 0.285258 11 
0 0.307336 11 
0 0.307336 11 
0 0.311387 11 
0 0.313067 11 
0 0.313197 11 
0 0.315798 11 
0 0.339003 11 
0 0.347177 11 
0 0.379062 11 
0 0.379062 11 
0 0.407791 11 
0 0.42294 11 
0 0.436294 11 
0 0.452867 11 
0 0.455257 11 
0 0.465267 11 
0 0.473406 11 
0 0.473835 11 
0 0.481404 11 
0 0.484097 11 
0 0.493708 11 
0 0.511708 11 
0 0.541894 11 
0 0.570262 11 
0 0.580424 11 
0 0.582942 11 
0 0.64421 11 
0 0.704632 11 
0 0.705497 11 
0 0.716471 11 
0 0.719188 11 
0 0.733125 11 
0 0.734529 11 
0 0.739546 11 
0 0.743601 11 
0 0.867848 11 
0 0.86855 11 
0 1.07795 11 
0 1.079 11 
0 1.0804 11 
0 1.08266 11 
0 1.09886 11 
0 1.12968 11 
0 1.21657 11 
0 1.36613 11 
0 1.36625 11 
0 1.57878 11 
0 1.57906 11 
0 1.57914 11 
0 1.58076 11 
0 1.5929 11 
0 1.61859 11 
0 1.62009 11 
0 1.70299 11 
0 1.81933 11 
0 1.82067 11 
0 inf 11 
0 0.0584122 12 
0 0.0704263 12 
0 0.11295 12 
0 0.128135 12 
0 0.161768 12 
0 0.192734 12 
0 0.216031 12 
0 0.224982 12 
0 0.225163 12 
0 0.227007 12 
0 0.240395 12 
0 0.241094 12 
0 0.243413 12 
0 0.246219 12 
0 0.246878 12 
0 0.251466 12 
0 0.257242 12 
0 0.259264 12 
0 0.260982 12 
0 0.262228 12 
0 0.266732 12 
0 0.273948 12 
0 0.278465 12 
0 0.28352 12 
0 0.299149 12 
0 0.315922 12 
0 0.316693 12 
0 0.317739 12 
0 0.319651 12 
0 0.32716 12 
0 0.327657 12 
0 0.32804 12 
0 0.345777 12 
0 0.356286 12 
0 0.356288 12 
0 0.365092 12 
0 0.370823 12 
0 0.379719 12 
0 0.384608 12 
0 0.391208 12 
0 0.402145 12 
0 0.402259 12 
0 0.424178 12 
0 0.430562 12 
0 0.433666 12 
0 0.440188 12 
0 0.46617 12 
0 0.492343 12 
0 0.492344 12 
0 0.495553 12 
0 0.515608 12 
0 0.547379 12 
0 0.547501 12 
0 0.620948 12 
0 0.629082 12 
0 0.687228 12 
0 0.687406 12 
0 0.698269 12 
0 0.702389 12 
0 0.708884 12 
0 0.717092 12 
0 0.718506 12 
0 0.721117 12 
0 0.728574 12 
0 0.732367 12 
0 0.73486 12 
0 0.755092 12 
0 0.770014 12 
0 0.770805 12 
0 0.816237 12 
0 0.816983 12 
0 0.822821 12 
0 1.04669 12 
0 1.04681 12 
0 1.07834 12 
0 1.07853 12 
0 1.07913 12 
0 1.5873 12 
0 1.58733 12 
0 1.59561 12 
0 1.59561 12 
0 1.60077 12 
0 1.60756 12 
0 1.60839 12 
0 1.7923 12 
0 1.80499 12 
0 1.80531 12 
0 inf 12 
0 0.0855133 13 
0 0.103973 13 
0 0.174823 13 
0 0.174823 13 
0 0.184104 13 
0 0.205733 13 
0 0.215192 13 
0 0.218828 13 
0 0.223423 13 
0 0.229849 13 
0 0.231605 13 
0 0.232306 13 
0 0.238383 13 
0 0.238894 13 
0 0.240037 13 
0 0.244397 13 
0 0.245061 13 
0 0.249182 13 
0 0.260198 13 
0 0.26191 13 
0 0.275506 13 
0 0.275509 13 
0 0.275509 13 
0 0.282066 13 
0 0.284766 13 
0 0.302701 13 
0 0.313602 13 
0 0.316871 13 
0 0.331246 13 
0 0.338288 13 
0 0.342586 13 
0 0.347304 13 
0 0.357341 13 
0 0.36487 13 
0 0.384186 13 
0 0.406496 13 
0 0.406991 13 
0 0.459171 13 
0 0.466451 13 
0 0.480985 13 
0 0.490649 13 
0 0.510497 13 
0 0.537463 13 
0 0.540103 13 
0 0.541888 13 
0 0.542413 13 
0 0.543983 13 
0 0.550695 13 
0 0.554059 13 
0 0.558448 13 
0 0.558827 13 
0 0.571541 13 
0 0.585792 13 
0 0.596453 13 
0 0.59761 13 
0 0.683137 13 
0 0.686045 13 
0 0.686333 13 
0 0.689228 13 
0 0.695801 13 
0 0.705772 13 
0 0.708531 13 
0 0.711278 13 
0 0.735855 13 
0 0.738501 13 
0 0.750349 13 
0 0.752242 13 
0 0.755476 13 
0 1.05943 13 
0 1.05977 13 
0 1.06462 13 
0 1.06584 13 
0 1.0695 13 
0 1.57937 13 
0 1.57999 13 
0 1.58061 13 
0 1.58277 13 
0 1.60057 13 
0 1.60057 13 
0 1.60625 13 
0 1.75467 13 
0 1.76114 13 
0 1.76253 13 
0 inf 13 
0 0.0860142 14 
0 0.0919383 14 
0 0.0995843 14 
0 0.150321 14 
0 0.163963 14 
0 0.167688 14 
0 0.168905 14 
0 0.169375 14 
0 0.170577 14 
0 0.17602 14 
0 0.208701 14 
0 0.211026 14 
0 0.21618 14 
0 0.227718 14 
0 0.237531 14 
0 0.238044 14 
0 0.249662 14 
0 0.257083 14 
0 0.264099 14 
0 0.266401 14 
0 0.266666 14 
0 0.26911 14 
0 0.276114 14 
0 0.280784 14 
0 0.281218 14 
0 0.28194 14 
0 0.28266 14 
0 0.284805 14 
0 0.28713 14 
0 0.289057 14 
0 0.296139 14 
0 0.318482 14 
0 0.326173 14 
0 0.330386 14 
0 0.332101 14 
0 0.333564 14 
0 0.335261 14 
0 0.343771 14 
0 0.349629 14 
0 0.352658 14 
0 0.358352 14 
0 0.389967 14 
0 0.404907 14 
0 0.406184 14 
0 0.411951 14 
0 0.417239 14 
0 0.419388 14 
0 0.430213 14 
0 0.431722 14 
0 0.45828 14 
0 0.488414 14 
0 0.585241 14 
0 0.619252 14 
0 0.619514 14 
0 0.647036 14 
0 0.68178 14 
0 0.682005 14 
0 0.68511 14 
0 0.702609 14 
0 0.735081 14 
0 0.744365 14 
0 0.753049 14 
0 0.757569 14 
0 0.874161 14 
0 0.876529 14 
0 0.876714 14 
0 1.0465 14 
0 1.04747 14 
0 1.10685 14 
0 1.10861 14 
0 1.10861 14 
0 1.58071 14 
0 1.5862 14 
0 1.58648 14 
0 1.58648 14 
0 1.59685 14 
0 1.62115 14 
0 1.62833 14 
0 1.62883 14 
0 inf 14 
0 0.0811191 15 
0 0.102376 15 
0 0.125578 15 
0 0.125897 15 
0 0.130966 15 
0 0.145923 15 
0 0.145923 15 
0 0.168225 15 
0 0.172656 15 
0 0.17827 15 
0 0.18585 15 
0 0.198548 15 
0 0.201581 15 
0 0.209883 15 
0 0.216187 15 
0 0.218046 15 
0 0.225925 15 
0 0.23492 15 
0 0.237672 15 
0 0.238526 15 
0 0.242063 15 
0 0.243945 15 
0 0.247068 15 
0 0.25274 15 
0 0.262982 15 
0 0.266207 15 
0 0.267121 15 
0 0.277274 15 
0 0.277421 15 
0 0.28708 15 
0 0.294396 15 
0 0.301848 15 
0 0.303103 15 
0 0.310868 15 
0 0.312681 15 
0 0.319657 15 
0 0.354178 15 
0 0.368417 15 
0 0.375021 15 
0 0.377159 15 
0 0.377695 15 
0 0.380697 15 
0 0.383865 15 
0 0.430576 15 
0 0.445689 15 
0 0.459074 15 
0 0.459517 15 
0 0.465602 15 
0 0.497886 15 
0 0.545355 15 
0 0.545876 15 
0 0.620751 15 
0 0.649427 15 
0 0.684087 15 
0 0.686479 15 
0 0.690904 15 
0 0.735445 15 
0 0.736274 15 
0 0.738918 15 
0 0.76013 15 
0 0.770812 15 
0 0.795707 15 
0 0.798155 15 
0 1.06188 15 
0 1.15716 15 
0 1.15716 15 
0 1.15727 15 
0 1.5841 15 
0 1.59599 15 
0 1.62039 15 
0 1.62039 15 
0 1.62039 15 
0 1.8318 15 
0 1.84639 15 
0 1.84654 15 
0 inf 15 
0 0.0668402 16 
0 0.0874201 16 
0 0.100779 16 
0 0.153257 16 
0 0.17341 16 
0 0.173594 16 
0 0.187767 16 
0 0.205815 16 
0 0.208313 16 
0 0.209439 16 
0 0.214654 16 
0 0.224644 16 
0 0.225366 16 
0 0.227341 16 
0 0.230183 16 
0 0.230888 16 
0 0.232832 16 
0 0.234924 16 
0 0.237823 16 
0 0.244939 16 
0 0.249027 16 
0 0.259113 16 
0 0.26085 16 
0 0.272162 16 
0 0.276132 16 
0 0.279047 16 
0 0.283097 16 
0 0.290336 16 
0 0.291019 16 
0 0.295727 16 
0 0.310576 16 
0 0.312533 16 
0 0.347691 16 
0 0.348625 16 
0 0.348625 16 
0 0.359939 16 
0 0.384522 16 
0 0.398516 16 
0 0.402574 16 
0 0.423147 16 
0 0.426496 16 
0 0.597604 16 
0 0.606954 16 
0 0.635375 16 
0 0.652047 16 
0 0.658929 16 
0 0.659483 16 
0 0.696858 16 
0 0.701739 16 
0 0.701797 16 
0 0.703821 16 
0 0.734362 16 
0 0.790169 16 
0 0.898887 16 
0 0.899294 16 
0 0.899565 16 
0 1.04999 16 
0 1.073 16 
0 1.07421 16 
0 1.07568 16 
0 1.36574 16 
0 1.39681 16 
0 1.40168 16 
0 1.59639 16 
0 1.62608 16 
0 1.64359 16 
0 1.6613 16 
0 1.6613 16 
0 1.82678 16 
0 1.83003 16 
0 1.83018 16 
0 inf 16 
0 0.110794 17 
0 0.136716 17 
0 0.174995 17 
0 0.183442 17 
0 0.184106 17 
0 0.184106 17 
0 0.187604 17 
0 0.220257 17 
0 0.223917 17 
0 0.231941 17 
0 0.231962 17 
0 0.232639 17 
0 0.244895 17 
0 0.245061 17 
0 0.246879 17 
0 0.24901 17 
0 0.253262 17 
0 0.26085 17 
0 0.261472 17 
0 0.266122 17 
0 0.267188 17 
0 0.267188 17 
0 0.271087 17 
0 0.271509 17 
0 0.273352 17 
0 0.273746 17 
0 0.281012 17 
0 0.28263 17 
0 0.291548 17 
0 0.324955 17 
0 0.374424 17 
0 0.37875 17 
0 0.379179 17 
0 0.383017 17 
0 0.393383 17 
0 0.427148 17 
0 0.427148 17 
0 0.542427 17 
0 0.60718 17 
0 0.611183 17 
0 0.611183 17 
0 0.694406 17 
0 0.6982 17 
0 0.69913 17 
0 0.700292 17 
0 0.742234 17 
0 0.786416 17 
0 0.788159 17 
0 0.788944 17 
0 0.788944 17 
0 1.02613 17 
0 1.03469 17 
0 1.03689 17 
0 1.05393 17 
0 1.0567 17 
0 1.06985 17 
0 1.07046 17 
0 1.1015 17 
0 1.16316 17 
0 1.58858 17 
0 1.58986 17 
0 1.60523 17 
0 1.60543 17 
0 1.60611 17 
0 1.80804 17 
0 1.81766 17 
0 1.82213 17 
0 inf 17 
0 0.14453 18 
0 0.157446 18 
0 0.166231 18 
0 0.166473 18 
0 0.166474 18 
0 0.170098 18 
0 0.172656 18 
0 0.174295 18 
0 0.178215 18 
0 0.182545 18 
0 0.194416 18 
0 0.197732 18 
0 0.203404 18 
0 0.205789 18 
0 0.225905 18 
0 0.226634 18 
0 0.22899 18 
0 0.2346 18 
0 0.237356 18 
0 0.248354 18 
0 0.248354 18 
0 0.249346 18 
0 0.250958 18 
0 0.253101 18 
0 0.270663 18 
0 0.277777 18 
0 0.279527 18 
0 0.284282 18 
0 0.406011 18 
0 0.424957 18 
0 0.430278 18 
0 0.433571 18 
0 0.433571 18 
0 0.466403 18 
0 0.468489 18 
0 0.470826 18 
0 0.573324 18 
0 0.573324 18 
0 0.685215 18 
0 0.685511 18 
0 0.686163 18 
0 0.688351 18 
0 0.786469 18 
0 0.796259 18 
0 0.797894 18 
0 0.801264 18 
0 0.813244 18 
0 0.818128 18 
0 0.819219 18 
0 0.820544 18 
0 1.0587 18 
0 1.06162 18 
0 1.08389 18 
0 1.08449 18 
0 1.08913 18 
0 1.58097 18 
0 1.5831 18 
0 1.58343 18 
0 1.58441 18 
0 1.64701 18 
0 1.69337 18 
0 1.69564 18 
0 1.79905 18 
0 inf 18 
0 0.0754419 19 
0 0.107059 19 
0 0.116162 19 
0 0.123928 19 
0 0.135226 19 
0 0.151394 19 
0 0.152193 19 
0 0.155366 19 
0 0.158465 19 
0 0.160456 19 
0 0.164458 19 
0 0.168365 19 
0 0.193994 19 
0 0.193997 19 
0 0.197113 19 
0 0.247416 19 
0 0.250841 19 
0 0.265612 19 
0 0.270788 19 
0 0.275133 19 
0 0.282134 19 
0 0.28314 19 
0 0.307718 19 
0 0.312436 19 
0 0.355251 19 
0 0.362051 19 
0 0.367442 19 
0 0.368722 19 
0 0.41135 19 
0 0.414597 19 
0 0.416747 19 
0 0.419952 19 
0 0.459161 19 
0 0.469406 19 
0 0.496744 19 
0 0.497889 19 
0 0.515016 19 
0 0.515726 19 
0 0.521992 19 
0 0.696757 19 
0 0.722844 19 
0 0.736296 19 
0 0.753186 19 
0 0.761877 19 
0 0.762357 19 
0 0.7678 19 
0 0.774126 19 
0 0.778365 19 
0 0.778939 19 
0 0.887828 19 
0 1.05358 19 
0 1.05547 19 
0 1.05908 19 
0 1.58246 19 
0 1.59789 19 
0 1.5984 19 
0 1.63619 19 
0 1.74662 19 
0 1.74857 19 
0 inf 19 
0 0.086011 20 
0 0.130653 20 
0 0.130958 20 
0 0.133422 20 
0 0.134016 20 
0 0.142549 20 
0 0.149506 20 
0 0.163217 20 
0 0.171713 20 
0 0.193984 20 
0 0.193984 20 
0 0.195611 20 
0 0.196274 20 
0 0.208328 20 
0 0.215434 20 
0 0.21843 20 
0 0.21898 20 
0 0.277484 20 
0 0.28242 20 
0 0.283138 20 
0 0.327796 20 
0 0.330283 20 
0 0.33174 20 
0 0.335758 20 
0 0.347414 20 
0 0.383234 20 
0 0.387347 20 
0 0.398821 20 
0 0.413732 20 
0 0.424879 20 
0 0.432367 20 
0 0.461408 20 
0 0.464321 20 
0 0.469976 20 
0 0.480817 20 
0 0.487866 20 
0 0.491993 20 
0 0.495286 20 
0 0.530079 20 
0 0.543096 20 
0 0.586496 20 
0 0.588225 20 
0 0.704047 20 
0 0.704566 20 
0 0.73993 20 
0 0.767587 20 
0 0.770176 20 
0 1.07057 20 
0 1.07102 20 
0 1.58851 20 
0 1.60682 20 
0 1.6072 20 
0 1.76221 20 
0 1.76283 20 
0 3.49011 20 
0 inf 20 
