0 0.0336375 1 
0 0.0483996 1 
0 0.0484033 1 
0 0.0484034 1 
0 0.049234 1 
0 0.0500452 1 
0 0.0554035 1 
0 0.0554106 1 
0 0.0554109 1 
0 0.0568476 1 
0 0.0575547 1 
0 0.0582539 1 
0 0.0589407 1 
0 0.0596314 1 
0 0.0602954 1 
0 0.0616234 1 
0 0.0616245 1 
0 0.0629131 1 
0 0.0635605 1 
0 0.063563 1 
0 0.064197 1 
0 0.0648236 1 
0 0.0660532 1 
0 0.066056 1 
0 0.0666624 1 
0 0.0672611 1 
0 0.0684595 1 
0 0.0690353 1 
0 0.0690449 1 
0 0.0713383 1 
0 0.0713466 1 
0 0.0713467 1 
0 0.0719013 1 
0 0.0724661 1 
0 0.0724698 1 
0 0.0730258 1 
0 0.073029 1 
0 0.0735692 1 
0 0.0746635 1 
0 0.0746693 1 
0 0.0773229 1 
0 0.0773233 1 
0 0.077324 1 
0 0.0788726 1 
0 0.0803983 1 
0 0.0803987 1 
0 0.080896 1 
0 0.0818907 1 
0 0.0823799 1 
0 0.0823801 1 
0 0.082873 1 
0 0.0843187 1 
0 0.0880714 1 
0 0.090336 1 
0 0.0907817 1 
0 0.0916725 1 
0 0.0955489 1 
0 0.098056 1 
0 0.102087 1 
0 0.102882 1 
0 0.104052 1 
0 0.104439 1 
0 0.104442 1 
0 0.106736 1 
0 0.106738 1 
0 0.108981 1 
0 0.108984 1 
0 0.112983 1 
0 0.114408 1 
0 0.115113 1 
0 0.117541 1 
0 0.119588 1 
0 0.121601 1 
0 0.127439 1 
0 0.129325 1 
0 0.13057 1 
0 0.134831 1 
0 0.135724 1 
0 0.135733 1 
0 0.137504 1 
0 0.138666 1 
0 0.140123 1 
0 0.141836 1 
0 0.142413 1 
0 0.149065 1 
0 0.152011 1 
0 0.153335 1 
0 0.15903 1 
0 0.160289 1 
0 0.162793 1 
0 0.168163 1 
0 0.169367 1 
0 0.177739 1 
0 0.197958 1 
0 0.201802 1 
0 0.213095 1 
0 0.218524 1 
0 0.231802 1 
0 0.256768 1 
0 0.267556 1 
0 0.289608 1 
0 0.330987 1 
0 0.340038 1 
0 0.381779 1 
0 0.390567 1 
0 0.404792 1 
0 0.413391 1 
0 0.421916 1 
0 0.428332 1 
0 0.467318 1 
0 0.472033 1 
0 0.474513 1 
0 0.479855 1 
0 0.491264 1 
0 0.561203 1 
0 0.651176 1 
0 0.732622 1 
0 0.782242 1 
0 0.866097 1 
0 0.912912 1 
0 0.970926 1 
0 0.984925 1 
0 1.46463 1 
0 2.40386 1 
0 2.43137 1 
0 2.88779 1 
0 2.9126 1 
0 4.25733 1 
0 4.89271 1 
0 4.92106 1 
0 5.17863 1 
0 inf 1 
0 0.0401933 2 
0 0.0458245 2 
0 0.0475687 2 
0 0.0475687 2 
0 0.0524083 2 
0 0.0531703 2 
0 0.0582541 2 
0 0.0589514 2 
0 0.060299 2 
0 0.0609653 2 
0 0.0616238 2 
0 0.0629172 2 
0 0.0629191 2 
0 0.0660537 2 
0 0.0666649 2 
0 0.0684619 2 
0 0.0696233 2 
0 0.0713433 2 
0 0.0730256 2 
0 0.073026 2 
0 0.0730265 2 
0 0.0757448 2 
0 0.0762711 2 
0 0.0762724 2 
0 0.0788772 2 
0 0.0798943 2 
0 0.0813972 2 
0 0.0813973 2 
0 0.0813974 2 
0 0.081398 2 
0 0.0823816 2 
0 0.082386 2 
0 0.082869 2 
0 0.082872 2 
0 0.0828726 2 
0 0.0838403 2 
0 0.0847983 2 
0 0.0852656 2 
0 0.0852761 2 
0 0.0866853 2 
0 0.0880702 2 
0 0.0889793 2 
0 0.0889793 2 
0 0.0894377 2 
0 0.0907837 2 
0 0.0912258 2 
0 0.0925464 2 
0 0.0938428 2 
0 0.0942754 2 
0 0.0959804 2 
0 0.097644 2 
0 0.0980598 2 
0 0.0988756 2 
0 0.0988756 2 
0 0.099285 2 
0 0.102879 2 
0 0.103658 2 
0 0.104055 2 
0 0.105592 2 
0 0.107863 2 
0 0.108237 2 
0 0.111179 2 
0 0.111185 2 
0 0.111539 2 
0 0.117195 2 
0 0.117541 2 
0 0.119927 2 
0 0.133026 2 
0 0.133026 2 
0 0.137495 2 
0 0.150678 2 
0 0.159037 2 
0 0.166482 2 
0 0.167443 2 
0 0.170078 2 
0 0.170788 2 
0 0.172905 2 
0 0.180224 2 
0 0.195496 2 
0 0.208883 2 
0 0.214985 2 
0 0.215361 2 
0 0.240171 2 
0 0.241197 2 
0 0.244186 2 
0 0.26711 2 
0 0.272368 2 
0 0.288337 2 
0 0.317162 2 
0 0.319066 2 
0 0.324722 2 
0 0.32509 2 
0 0.326988 2 
0 0.329531 2 
0 0.329532 2 
0 0.367392 2 
0 0.378283 2 
0 0.395817 2 
0 0.409156 2 
0 0.435051 2 
0 0.444623 2 
0 0.489621 2 
0 0.51212 2 
0 0.622239 2 
0 0.643865 2 
0 0.648194 2 
0 0.652679 2 
0 0.664288 2 
0 0.682007 2 
0 0.693731 2 
0 0.69683 2 
0 0.701381 2 
0 0.720754 2 
0 0.944684 2 
0 1.30015 2 
0 2.00031 2 
0 2.03591 2 
0 2.09659 2 
0 2.10527 2 
0 3.34133 2 
0 3.62328 2 
0 3.72414 2 
0 3.82562 2 
0 3.88223 2 
0 3.93622 2 
0 4.09684 2 
0 4.13556 2 
0 inf 2 
0 0.0458312 3 
0 0.0516367 3 
0 0.0524105 3 
0 0.0524115 3 
0 0.053172 3 
0 0.0582619 3 
0 0.0589441 3 
0 0.0602933 3 
0 0.062916 3 
0 0.0648204 3 
0 0.0654416 3 
0 0.066052 3 
0 0.06606 3 
0 0.0666607 3 
0 0.067867 3 
0 0.067867 3 
0 0.0707756 3 
0 0.0707781 3 
0 0.0730302 3 
0 0.0757411 3 
0 0.0767985 3 
0 0.0783613 3 
0 0.0793828 3 
0 0.0828675 3 
0 0.0857476 3 
0 0.0866855 3 
0 0.0866861 3 
0 0.0885262 3 
0 0.0889783 3 
0 0.0903338 3 
0 0.090335 3 
0 0.0903366 3 
0 0.0929749 3 
0 0.0934095 3 
0 0.0938433 3 
0 0.0942712 3 
0 0.0955499 3 
0 0.0955499 3 
0 0.096394 3 
0 0.0972258 3 
0 0.0980561 3 
0 0.1009 3 
0 0.101299 3 
0 0.102485 3 
0 0.103667 3 
0 0.105969 3 
0 0.106361 3 
0 0.110088 3 
0 0.110452 3 
0 0.115461 3 
0 0.115462 3 
0 0.115468 3 
0 0.115471 3 
0 0.117541 3 
0 0.129317 3 
0 0.135419 3 
0 0.147701 3 
0 0.147748 3 
0 0.148247 3 
0 0.150941 3 
0 0.190474 3 
0 0.194876 3 
0 0.197548 3 
0 0.197754 3 
0 0.206745 3 
0 0.210808 3 
0 0.218521 3 
0 0.218709 3 
0 0.242177 3 
0 0.260217 3 
0 0.262073 3 
0 0.269216 3 
0 0.272811 3 
0 0.292101 3 
0 0.293477 3 
0 0.301628 3 
0 0.303493 3 
0 0.305889 3 
0 0.306143 3 
0 0.307328 3 
0 0.310992 3 
0 0.31217 3 
0 0.325588 3 
0 0.326207 3 
0 0.332375 3 
0 0.343701 3 
0 0.373617 3 
0 0.405088 3 
0 0.414886 3 
0 0.454021 3 
0 0.460422 3 
0 0.485472 3 
0 0.495116 3 
0 0.506085 3 
0 0.544547 3 
0 0.554824 3 
0 0.565552 3 
0 0.566367 3 
0 0.567009 3 
0 0.598858 3 
0 0.640923 3 
0 0.687616 3 
0 0.690912 3 
0 0.713475 3 
0 0.720863 3 
0 0.974981 3 
0 1.0984 3 
0 1.1113 3 
0 1.23156 3 
0 1.55098 3 
0 1.56126 3 
0 1.56126 3 
0 1.7952 3 
0 1.90114 3 
0 2.03034 3 
0 2.83363 3 
0 3.1197 3 
0 3.34141 3 
0 3.34391 3 
0 3.34663 3 
0 3.74359 3 
0 3.78959 3 
0 3.80329 3 
0 inf 3 
0 0.03596 4 
0 0.0458402 4 
0 0.0475706 4 
0 0.050841 4 
0 0.0561369 4 
0 0.062916 4 
0 0.0635562 4 
0 0.0660538 4 
0 0.0684503 4 
0 0.06904 4 
0 0.0702 4 
0 0.0702021 4 
0 0.0702075 4 
0 0.0730258 4 
0 0.0735768 4 
0 0.0773344 4 
0 0.0783629 4 
0 0.0798916 4 
0 0.0808974 4 
0 0.0813952 4 
0 0.0813958 4 
0 0.0838467 4 
0 0.0852766 4 
0 0.0857496 4 
0 0.0866852 4 
0 0.0871563 4 
0 0.0876139 4 
0 0.0894384 4 
0 0.0894398 4 
0 0.0912254 4 
0 0.0916666 4 
0 0.0916702 4 
0 0.0934148 4 
0 0.0934154 4 
0 0.0959741 4 
0 0.0959743 4 
0 0.0963986 4 
0 0.097229 4 
0 0.0972306 4 
0 0.0976436 4 
0 0.0976439 4 
0 0.102104 4 
0 0.103661 4 
0 0.104056 4 
0 0.104436 4 
0 0.105588 4 
0 0.109349 4 
0 0.114418 4 
0 0.117197 4 
0 0.118579 4 
0 0.11959 4 
0 0.122261 4 
0 0.128385 4 
0 0.132412 4 
0 0.144661 4 
0 0.149335 4 
0 0.173607 4 
0 0.175028 4 
0 0.187909 4 
0 0.191106 4 
0 0.210614 4 
0 0.245186 4 
0 0.263893 4 
0 0.267557 4 
0 0.292466 4 
0 0.299465 4 
0 0.319328 4 
0 0.321577 4 
0 0.322345 4 
0 0.325479 4 
0 0.325483 4 
0 0.327317 4 
0 0.328303 4 
0 0.334626 4 
0 0.361462 4 
0 0.392445 4 
0 0.414453 4 
0 0.434252 4 
0 0.442585 4 
0 0.47275 4 
0 0.491673 4 
0 0.49977 4 
0 0.502173 4 
0 0.505946 4 
0 0.510944 4 
0 0.513153 4 
0 0.544261 4 
0 0.550535 4 
0 0.563274 4 
0 0.569055 4 
0 0.572241 4 
0 0.575057 4 
0 0.596893 4 
0 0.59873 4 
0 0.604437 4 
0 0.658147 4 
0 0.680003 4 
0 0.685057 4 
0 0.809404 4 
0 0.877559 4 
0 0.933766 4 
0 0.937868 4 
0 0.937911 4 
0 1.1161 4 
0 1.67415 4 
0 1.73426 4 
0 1.92212 4 
0 1.93538 4 
0 2.01283 4 
0 2.01289 4 
0 2.01449 4 
0 2.14051 4 
0 2.44303 4 
0 2.56279 4 
0 2.98733 4 
0 3.0378 4 
0 3.38784 4 
0 3.39233 4 
0 3.39241 4 
0 inf 4 
0 0.044946 5 
0 0.0449468 5 
0 0.0531776 5 
0 0.0546773 5 
0 0.0561348 5 
0 0.0568465 5 
0 0.0575585 5 
0 0.0666625 5 
0 0.074667 5 
0 0.0773245 5 
0 0.0788758 5 
0 0.0808998 5 
0 0.0813981 5 
0 0.0857535 5 
0 0.0866827 5 
0 0.087149 5 
0 0.0876073 5 
0 0.0889844 5 
0 0.0916702 5 
0 0.0963938 5 
0 0.0976402 5 
0 0.0988755 5 
0 0.0996888 5 
0 0.0996893 5 
0 0.0996902 5 
0 0.101297 5 
0 0.102089 5 
0 0.103661 5 
0 0.104438 5 
0 0.108984 5 
0 0.111186 5 
0 0.115814 5 
0 0.117546 5 
0 0.1206 5 
0 0.122592 5 
0 0.122913 5 
0 0.125195 5 
0 0.130263 5 
0 0.130564 5 
0 0.136915 5 
0 0.137207 5 
0 0.138675 5 
0 0.149052 5 
0 0.15175 5 
0 0.155952 5 
0 0.165258 5 
0 0.16599 5 
0 0.177285 5 
0 0.181557 5 
0 0.187684 5 
0 0.201994 5 
0 0.203227 5 
0 0.213172 5 
0 0.216668 5 
0 0.217598 5 
0 0.218575 5 
0 0.224717 5 
0 0.261601 5 
0 0.26191 5 
0 0.275589 5 
0 0.286439 5 
0 0.287706 5 
0 0.288266 5 
0 0.288267 5 
0 0.305752 5 
0 0.308464 5 
0 0.363347 5 
0 0.366627 5 
0 0.424089 5 
0 0.430243 5 
0 0.441748 5 
0 0.448932 5 
0 0.450727 5 
0 0.455009 5 
0 0.484973 5 
0 0.506144 5 
0 0.510356 5 
0 0.512882 5 
0 0.520937 5 
0 0.556998 5 
0 0.56376 5 
0 0.566262 5 
0 0.567474 5 
0 0.602364 5 
0 0.617351 5 
0 0.632719 5 
0 0.634249 5 
0 0.636284 5 
0 0.694091 5 
0 0.752032 5 
0 0.893598 5 
0 0.897569 5 
0 0.906125 5 
0 0.908129 5 
0 0.909685 5 
0 1.12187 5 
0 1.27563 5 
0 1.29275 5 
0 1.36394 5 
0 1.36557 5 
0 1.39615 5 
0 1.42607 5 
0 1.56801 5 
0 1.93471 5 
0 1.9672 5 
0 1.96948 5 
0 1.97335 5 
0 1.98224 5 
0 2.1427 5 
0 2.14473 5 
0 2.1449 5 
0 2.15195 5 
0 2.28662 5 
0 2.30919 5 
0 2.42106 5 
0 inf 5 
0 0.0524048 6 
0 0.0568511 6 
0 0.0654371 6 
0 0.0678617 6 
0 0.0702042 6 
0 0.0735733 6 
0 0.0752059 6 
0 0.081391 6 
0 0.0838421 6 
0 0.0847951 6 
0 0.0848009 6 
0 0.087152 6 
0 0.088073 6 
0 0.0885272 6 
0 0.0889823 6 
0 0.0889861 6 
0 0.0898879 6 
0 0.0903418 6 
0 0.091226 6 
0 0.0925391 6 
0 0.0938457 6 
0 0.0959677 6 
0 0.0972221 6 
0 0.0988772 6 
0 0.102874 6 
0 0.103664 6 
0 0.104051 6 
0 0.107489 6 
0 0.113339 6 
0 0.128704 6 
0 0.131498 6 
0 0.140409 6 
0 0.141839 6 
0 0.142976 6 
0 0.143822 6 
0 0.145489 6 
0 0.171014 6 
0 0.177514 6 
0 0.177514 6 
0 0.183772 6 
0 0.193206 6 
0 0.200597 6 
0 0.202799 6 
0 0.204381 6 
0 0.205396 6 
0 0.210064 6 
0 0.212168 6 
0 0.213119 6 
0 0.214608 6 
0 0.216106 6 
0 0.217414 6 
0 0.22669 6 
0 0.228993 6 
0 0.236509 6 
0 0.358306 6 
0 0.366335 6 
0 0.373118 6 
0 0.375054 6 
0 0.379775 6 
0 0.388706 6 
0 0.411129 6 
0 0.427503 6 
0 0.44851 6 
0 0.463873 6 
0 0.467343 6 
0 0.467775 6 
0 0.484139 6 
0 0.491816 6 
0 0.494029 6 
0 0.514302 6 
0 0.531927 6 
0 0.534352 6 
0 0.536389 6 
0 0.536766 6 
0 0.576762 6 
0 0.581067 6 
0 0.588401 6 
0 0.58943 6 
0 0.590867 6 
0 0.593732 6 
0 0.601373 6 
0 0.604053 6 
0 0.638388 6 
0 0.639652 6 
0 0.721294 6 
0 0.736082 6 
0 0.75007 6 
0 0.907716 6 
0 0.946241 6 
0 0.959316 6 
0 1.08406 6 
0 1.09779 6 
0 1.10834 6 
0 1.11314 6 
0 1.12182 6 
0 1.12184 6 
0 1.17985 6 
0 1.20453 6 
0 1.43535 6 
0 1.44731 6 
0 1.4475 6 
0 1.45605 6 
0 1.45641 6 
0 1.45674 6 
0 1.47063 6 
0 1.5056 6 
0 1.92678 6 
0 1.94313 6 
0 1.94462 6 
0 1.94487 6 
0 1.95157 6 
0 inf 6 
0 0.063559 7 
0 0.0690444 7 
0 0.0707809 7 
0 0.080394 7 
0 0.0818919 7 
0 0.081892 7 
0 0.083355 7 
0 0.0857459 7 
0 0.087616 7 
0 0.0959827 7 
0 0.0976419 7 
0 0.0984728 7 
0 0.102483 7 
0 0.102881 7 
0 0.103665 7 
0 0.104057 7 
0 0.106737 7 
0 0.107119 7 
0 0.108238 7 
0 0.110823 7 
0 0.112629 7 
0 0.122592 7 
0 0.128067 7 
0 0.128706 7 
0 0.130263 7 
0 0.138378 7 
0 0.1477 7 
0 0.153342 7 
0 0.155427 7 
0 0.161606 7 
0 0.173834 7 
0 0.177504 7 
0 0.183551 7 
0 0.187036 7 
0 0.187904 7 
0 0.192789 7 
0 0.201199 7 
0 0.217033 7 
0 0.217591 7 
0 0.221282 7 
0 0.229692 7 
0 0.238836 7 
0 0.24687 7 
0 0.247676 7 
0 0.247676 7 
0 0.258883 7 
0 0.259933 7 
0 0.262139 7 
0 0.277613 7 
0 0.29574 7 
0 0.296337 7 
0 0.300668 7 
0 0.382418 7 
0 0.395994 7 
0 0.396528 7 
0 0.402169 7 
0 0.40787 7 
0 0.41745 7 
0 0.439787 7 
0 0.442808 7 
0 0.454957 7 
0 0.469304 7 
0 0.472044 7 
0 0.474184 7 
0 0.478172 7 
0 0.480952 7 
0 0.483972 7 
0 0.518794 7 
0 0.525372 7 
0 0.5266 7 
0 0.555401 7 
0 0.582605 7 
0 0.587371 7 
0 0.608651 7 
0 0.608652 7 
0 0.616134 7 
0 0.619685 7 
0 0.620319 7 
0 0.620319 7 
0 0.620319 7 
0 0.736562 7 
0 0.853747 7 
0 0.914552 7 
0 0.961335 7 
0 1.0807 7 
0 1.10131 7 
0 1.11394 7 
0 1.1142 7 
0 1.12717 7 
0 1.12832 7 
0 1.1335 7 
0 1.14425 7 
0 1.14921 7 
0 1.14987 7 
0 1.14996 7 
0 1.16051 7 
0 1.16203 7 
0 1.16297 7 
0 1.16315 7 
0 1.17656 7 
0 1.19439 7 
0 1.52272 7 
0 1.92386 7 
0 1.9336 7 
0 1.93592 7 
0 1.94192 7 
0 1.94317 7 
0 inf 7 
0 0.0589404 8 
0 0.0684539 8 
0 0.0684541 8 
0 0.0813925 8 
0 0.081397 8 
0 0.0852713 8 
0 0.0934123 8 
0 0.0968119 8 
0 0.101699 8 
0 0.102888 8 
0 0.107105 8 
0 0.109352 8 
0 0.110828 8 
0 0.112994 8 
0 0.115112 8 
0 0.12026 8 
0 0.121264 8 
0 0.124555 8 
0 0.129332 8 
0 0.13088 8 
0 0.136913 8 
0 0.139538 8 
0 0.142976 8 
0 0.144665 8 
0 0.152015 8 
0 0.158255 8 
0 0.169415 8 
0 0.169417 8 
0 0.179828 8 
0 0.193 8 
0 0.198972 8 
0 0.210809 8 
0 0.210809 8 
0 0.211372 8 
0 0.220731 8 
0 0.227808 8 
0 0.235254 8 
0 0.237817 8 
0 0.249267 8 
0 0.254037 8 
0 0.254038 8 
0 0.270704 8 
0 0.271747 8 
0 0.273672 8 
0 0.305379 8 
0 0.313216 8 
0 0.353341 8 
0 0.403797 8 
0 0.411695 8 
0 0.434253 8 
0 0.452136 8 
0 0.460974 8 
0 0.462813 8 
0 0.463249 8 
0 0.470354 8 
0 0.471383 8 
0 0.488044 8 
0 0.493626 8 
0 0.503047 8 
0 0.517302 8 
0 0.522956 8 
0 0.556039 8 
0 0.5593 8 
0 0.560166 8 
0 0.564063 8 
0 0.567786 8 
0 0.567787 8 
0 0.57542 8 
0 0.575699 8 
0 0.575699 8 
0 0.582408 8 
0 0.585647 8 
0 0.694578 8 
0 0.710914 8 
0 0.754062 8 
0 0.754544 8 
0 0.755666 8 
0 0.781099 8 
0 0.79376 8 
0 0.878926 8 
0 0.889265 8 
0 0.913685 8 
0 0.962028 8 
0 0.987905 8 
0 1.00218 8 
0 1.00668 8 
0 1.03637 8 
0 1.07092 8 
0 1.0944 8 
0 1.09569 8 
0 1.09617 8 
0 1.14016 8 
0 1.16621 8 
0 1.17079 8 
0 1.1904 8 
0 1.26148 8 
0 1.54983 8 
0 1.86175 8 
0 1.93661 8 
0 1.93905 8 
0 1.94067 8 
0 1.94261 8 
0 1.97079 8 
0 inf 8 
0 0.0582579 9 
0 0.0762683 9 
0 0.0803974 9 
0 0.0843059 9 
0 0.086686 9 
0 0.0912229 9 
0 0.0921072 9 
0 0.104053 9 
0 0.10673 9 
0 0.110088 9 
0 0.116853 9 
0 0.127125 9 
0 0.127436 9 
0 0.129328 9 
0 0.132414 9 
0 0.133619 9 
0 0.136621 9 
0 0.142121 9 
0 0.15147 9 
0 0.15147 9 
0 0.154391 9 
0 0.156978 9 
0 0.168397 9 
0 0.170542 9 
0 0.172191 9 
0 0.18962 9 
0 0.195495 9 
0 0.204604 9 
0 0.210616 9 
0 0.222009 9 
0 0.233886 9 
0 0.242322 9 
0 0.246173 9 
0 0.246487 9 
0 0.246488 9 
0 0.251678 9 
0 0.277308 9 
0 0.278212 9 
0 0.314516 9 
0 0.314744 9 
0 0.336242 9 
0 0.341802 9 
0 0.356958 9 
0 0.405486 9 
0 0.408772 9 
0 0.410539 9 
0 0.425638 9 
0 0.446209 9 
0 0.449367 9 
0 0.449816 9 
0 0.485221 9 
0 0.486689 9 
0 0.488925 9 
0 0.496349 9 
0 0.497324 9 
0 0.497325 9 
0 0.518988 9 
0 0.599133 9 
0 0.604769 9 
0 0.606984 9 
0 0.608048 9 
0 0.613408 9 
0 0.615183 9 
0 0.621066 9 
0 0.634214 9 
0 0.637744 9 
0 0.6478 9 
0 0.657729 9 
0 0.700762 9 
0 0.726391 9 
0 0.729886 9 
0 0.741269 9 
0 0.74987 9 
0 0.760849 9 
0 0.779948 9 
0 0.842192 9 
0 0.853348 9 
0 0.898276 9 
0 0.952712 9 
0 0.953028 9 
0 0.953528 9 
0 0.983586 9 
0 0.999392 9 
0 1.00181 9 
0 1.04465 9 
0 1.04632 9 
0 1.06547 9 
0 1.10975 9 
0 1.11525 9 
0 1.12292 9 
0 1.12333 9 
0 1.13279 9 
0 1.18941 9 
0 1.18941 9 
0 1.91711 9 
0 1.91863 9 
0 1.91947 9 
0 1.9221 9 
0 1.92343 9 
0 inf 9 
0 0.0602734 10 
0 0.0719071 10 
0 0.0793859 10 
0 0.0996913 10 
0 0.11009 10 
0 0.112274 10 
0 0.118569 10 
0 0.122919 10 
0 0.128386 10 
0 0.137212 10 
0 0.146604 10 
0 0.167919 10 
0 0.170071 10 
0 0.172665 10 
0 0.187526 10 
0 0.191739 10 
0 0.192622 10 
0 0.193835 10 
0 0.201429 10 
0 0.202798 10 
0 0.206536 10 
0 0.207175 10 
0 0.213681 10 
0 0.217546 10 
0 0.220232 10 
0 0.220233 10 
0 0.223668 10 
0 0.225646 10 
0 0.231979 10 
0 0.237482 10 
0 0.240688 10 
0 0.246816 10 
0 0.256448 10 
0 0.260631 10 
0 0.268164 10 
0 0.282105 10 
0 0.282257 10 
0 0.303226 10 
0 0.368654 10 
0 0.376355 10 
0 0.380216 10 
0 0.390679 10 
0 0.413212 10 
0 0.419781 10 
0 0.419879 10 
0 0.436036 10 
0 0.437886 10 
0 0.4507 10 
0 0.483972 10 
0 0.485201 10 
0 0.486945 10 
0 0.526118 10 
0 0.531998 10 
0 0.537978 10 
0 0.574297 10 
0 0.586199 10 
0 0.590787 10 
0 0.59188 10 
0 0.596446 10 
0 0.601505 10 
0 0.608248 10 
0 0.609111 10 
0 0.624362 10 
0 0.626495 10 
0 0.641807 10 
0 0.708084 10 
0 0.71405 10 
0 0.715586 10 
0 0.76048 10 
0 0.768717 10 
0 0.801085 10 
0 0.812652 10 
0 0.827486 10 
0 0.845071 10 
0 0.909293 10 
0 0.919191 10 
0 0.950219 10 
0 0.9667 10 
0 0.989621 10 
0 0.990967 10 
0 1.06518 10 
0 1.07481 10 
0 1.12072 10 
0 1.15153 10 
0 1.15783 10 
0 1.15964 10 
0 1.15966 10 
0 1.16522 10 
0 1.21764 10 
0 1.21764 10 
0 1.93402 10 
0 1.93446 10 
0 1.94514 10 
0 2.0035 10 
0 2.00521 10 
0 inf 10 
0 0.0828759 11 
0 0.0976501 11 
0 0.129017 11 
0 0.129625 11 
0 0.133928 11 
0 0.15832 11 
0 0.161604 11 
0 0.167197 11 
0 0.187693 11 
0 0.195277 11 
0 0.19795 11 
0 0.206746 11 
0 0.206746 11 
0 0.213091 11 
0 0.219287 11 
0 0.222685 11 
0 0.222686 11 
0 0.223953 11 
0 0.230076 11 
0 0.235051 11 
0 0.238032 11 
0 0.238321 11 
0 0.242243 11 
0 0.243033 11 
0 0.247524 11 
0 0.260666 11 
0 0.262967 11 
0 0.263139 11 
0 0.272354 11 
0 0.275555 11 
0 0.284784 11 
0 0.296454 11 
0 0.316735 11 
0 0.319956 11 
0 0.325553 11 
0 0.341813 11 
0 0.380443 11 
0 0.401315 11 
0 0.40209 11 
0 0.409084 11 
0 0.413881 11 
0 0.41691 11 
0 0.423125 11 
0 0.423136 11 
0 0.42933 11 
0 0.468524 11 
0 0.471875 11 
0 0.4902 11 
0 0.537821 11 
0 0.539021 11 
0 0.548677 11 
0 0.572451 11 
0 0.582744 11 
0 0.583228 11 
0 0.616694 11 
0 0.628568 11 
0 0.660799 11 
0 0.703226 11 
0 0.703226 11 
0 0.720131 11 
0 0.7219 11 
0 0.72349 11 
0 0.738006 11 
0 0.741283 11 
0 0.744252 11 
0 0.744881 11 
0 0.762292 11 
0 0.771144 11 
0 0.830629 11 
0 0.869272 11 
0 0.924469 11 
0 0.926738 11 
0 0.963099 11 
0 0.963307 11 
0 0.964105 11 
0 0.974773 11 
0 1.10969 11 
0 1.11198 11 
0 1.13233 11 
0 1.13632 11 
0 1.16788 11 
0 1.18786 11 
0 1.45976 11 
0 1.46017 11 
0 1.91343 11 
0 1.91358 11 
0 1.92288 11 
0 1.92405 11 
0 1.92556 11 
0 1.95914 11 
0 1.95928 11 
0 inf 11 
0 0.0200303 12 
0 0.0746476 12 
0 0.132465 12 
0 0.138721 12 
0 0.162556 12 
0 0.165554 12 
0 0.173186 12 
0 0.182455 12 
0 0.182664 12 
0 0.207322 12 
0 0.207933 12 
0 0.220025 12 
0 0.222219 12 
0 0.223231 12 
0 0.223634 12 
0 0.238804 12 
0 0.241856 12 
0 0.250555 12 
0 0.250931 12 
0 0.256146 12 
0 0.258184 12 
0 0.273979 12 
0 0.294994 12 
0 0.300194 12 
0 0.30037 12 
0 0.303863 12 
0 0.304644 12 
0 0.315729 12 
0 0.332101 12 
0 0.342441 12 
0 0.342794 12 
0 0.34546 12 
0 0.349529 12 
0 0.351017 12 
0 0.35206 12 
0 0.366773 12 
0 0.378174 12 
0 0.392419 12 
0 0.448169 12 
0 0.453279 12 
0 0.472138 12 
0 0.475124 12 
0 0.481881 12 
0 0.493885 12 
0 0.568638 12 
0 0.57034 12 
0 0.573108 12 
0 0.573179 12 
0 0.57564 12 
0 0.579464 12 
0 0.642551 12 
0 0.650605 12 
0 0.654875 12 
0 0.669705 12 
0 0.685558 12 
0 0.696637 12 
0 0.697795 12 
0 0.708125 12 
0 0.713581 12 
0 0.717195 12 
0 0.738785 12 
0 0.775439 12 
0 0.863772 12 
0 0.87879 12 
0 0.936149 12 
0 0.936796 12 
0 0.958516 12 
0 0.958811 12 
0 0.958811 12 
0 0.983078 12 
0 0.983571 12 
0 0.990268 12 
0 1.05911 12 
0 1.07004 12 
0 1.08896 12 
0 1.08896 12 
0 1.12252 12 
0 1.12281 12 
0 1.12324 12 
0 1.16163 12 
0 1.16277 12 
0 1.16496 12 
0 1.92449 12 
0 1.92659 12 
0 1.92726 12 
0 1.92887 12 
0 1.93204 12 
0 inf 12 
0 0.118216 13 
0 0.145777 13 
0 0.165546 13 
0 0.169404 13 
0 0.171075 13 
0 0.172198 13 
0 0.198166 13 
0 0.213312 13 
0 0.220933 13 
0 0.221672 13 
0 0.23073 13 
0 0.238969 13 
0 0.240818 13 
0 0.242821 13 
0 0.272189 13 
0 0.273071 13 
0 0.296718 13 
0 0.298212 13 
0 0.312418 13 
0 0.321973 13 
0 0.323579 13 
0 0.349179 13 
0 0.350213 13 
0 0.351019 13 
0 0.398456 13 
0 0.399059 13 
0 0.403889 13 
0 0.404895 13 
0 0.405989 13 
0 0.432017 13 
0 0.435177 13 
0 0.436206 13 
0 0.439625 13 
0 0.439625 13 
0 0.502884 13 
0 0.516681 13 
0 0.527123 13 
0 0.540818 13 
0 0.543054 13 
0 0.545217 13 
0 0.545439 13 
0 0.549637 13 
0 0.560975 13 
0 0.565565 13 
0 0.566787 13 
0 0.569986 13 
0 0.579046 13 
0 0.597474 13 
0 0.598082 13 
0 0.599364 13 
0 0.611629 13 
0 0.653958 13 
0 0.692505 13 
0 0.699933 13 
0 0.702643 13 
0 0.702815 13 
0 0.711099 13 
0 0.715003 13 
0 0.71771 13 
0 0.723596 13 
0 0.873033 13 
0 0.894655 13 
0 0.930459 13 
0 0.930675 13 
0 0.933341 13 
0 0.935719 13 
0 0.940005 13 
0 0.982159 13 
0 0.984255 13 
0 0.984419 13 
0 1.09352 13 
0 1.09385 13 
0 1.10928 13 
0 1.10983 13 
0 1.11161 13 
0 1.16778 13 
0 1.16829 13 
0 1.17247 13 
0 1.91591 13 
0 1.91599 13 
0 1.92564 13 
0 1.92591 13 
0 1.92665 13 
0 inf 13 
0 0.17729 14 
0 0.194634 14 
0 0.195126 14 
0 0.205953 14 
0 0.208718 14 
0 0.213097 14 
0 0.214609 14 
0 0.216854 14 
0 0.217042 14 
0 0.220028 14 
0 0.22864 14 
0 0.230555 14 
0 0.234743 14 
0 0.234917 14 
0 0.238329 14 
0 0.240906 14 
0 0.253902 14 
0 0.260487 14 
0 0.266795 14 
0 0.28581 14 
0 0.288484 14 
0 0.288888 14 
0 0.299613 14 
0 0.345342 14 
0 0.372982 14 
0 0.37344 14 
0 0.375713 14 
0 0.388729 14 
0 0.392314 14 
0 0.394777 14 
0 0.396632 14 
0 0.396637 14 
0 0.410239 14 
0 0.411124 14 
0 0.421124 14 
0 0.428742 14 
0 0.431841 14 
0 0.432122 14 
0 0.434344 14 
0 0.434809 14 
0 0.458862 14 
0 0.460905 14 
0 0.467865 14 
0 0.504164 14 
0 0.554246 14 
0 0.562351 14 
0 0.58316 14 
0 0.60457 14 
0 0.606073 14 
0 0.61517 14 
0 0.616481 14 
0 0.640977 14 
0 0.681629 14 
0 0.681629 14 
0 0.682789 14 
0 0.774594 14 
0 0.792484 14 
0 0.800599 14 
0 0.871825 14 
0 0.873353 14 
0 0.874601 14 
0 0.934802 14 
0 0.957823 14 
0 0.979253 14 
0 0.979707 14 
0 0.98609 14 
0 0.9874 14 
0 0.997818 14 
0 1.09695 14 
0 1.09756 14 
0 1.14071 14 
0 1.14538 14 
0 1.14623 14 
0 1.64633 14 
0 1.91738 14 
0 1.91806 14 
0 1.92279 14 
0 1.92499 14 
0 1.93036 14 
0 inf 14 
0 0.0603005 15 
0 0.0660528 15 
0 0.0788772 15 
0 0.0843216 15 
0 0.0866846 15 
0 0.0907665 15 
0 0.146613 15 
0 0.161091 15 
0 0.163046 15 
0 0.172893 15 
0 0.176831 15 
0 0.193 15 
0 0.209847 15 
0 0.221694 15 
0 0.229555 15 
0 0.233049 15 
0 0.234035 15 
0 0.234035 15 
0 0.238323 15 
0 0.244056 15 
0 0.247304 15 
0 0.26485 15 
0 0.267988 15 
0 0.271747 15 
0 0.273663 15 
0 0.279361 15 
0 0.284112 15 
0 0.284396 15 
0 0.285915 15 
0 0.289743 15 
0 0.290718 15 
0 0.330386 15 
0 0.374523 15 
0 0.375991 15 
0 0.37984 15 
0 0.391159 15 
0 0.395833 15 
0 0.401781 15 
0 0.408968 15 
0 0.429767 15 
0 0.466653 15 
0 0.469416 15 
0 0.532021 15 
0 0.581769 15 
0 0.601167 15 
0 0.602779 15 
0 0.607253 15 
0 0.613407 15 
0 0.643434 15 
0 0.652597 15 
0 0.681368 15 
0 0.685471 15 
0 0.759271 15 
0 0.75975 15 
0 0.790415 15 
0 0.791181 15 
0 0.792203 15 
0 0.803984 15 
0 0.823986 15 
0 0.826189 15 
0 0.927827 15 
0 0.975517 15 
0 1.00638 15 
0 1.00682 15 
0 1.14573 15 
0 1.15074 15 
0 1.19534 15 
0 1.19686 15 
0 1.197 15 
0 1.19713 15 
0 1.19747 15 
0 1.91555 15 
0 1.99201 15 
0 1.99215 15 
0 1.99229 15 
0 inf 15 
0 0.0942585 16 
0 0.0964012 16 
0 0.108613 16 
0 0.170304 16 
0 0.175494 16 
0 0.177554 16 
0 0.183816 16 
0 0.190684 16 
0 0.192179 16 
0 0.200629 16 
0 0.226294 16 
0 0.232146 16 
0 0.236625 16 
0 0.236798 16 
0 0.239343 16 
0 0.241528 16 
0 0.284947 16 
0 0.287942 16 
0 0.288571 16 
0 0.289448 16 
0 0.295214 16 
0 0.295625 16 
0 0.297026 16 
0 0.29839 16 
0 0.3001 16 
0 0.301622 16 
0 0.309553 16 
0 0.324208 16 
0 0.338981 16 
0 0.343248 16 
0 0.346993 16 
0 0.357075 16 
0 0.363208 16 
0 0.400961 16 
0 0.404573 16 
0 0.409338 16 
0 0.443281 16 
0 0.470426 16 
0 0.501366 16 
0 0.502006 16 
0 0.57731 16 
0 0.67116 16 
0 0.675831 16 
0 0.678218 16 
0 0.679824 16 
0 0.682339 16 
0 0.682671 16 
0 0.682872 16 
0 0.682931 16 
0 0.683286 16 
0 0.785566 16 
0 0.78885 16 
0 0.79614 16 
0 0.95647 16 
0 0.958736 16 
0 0.995572 16 
0 0.999945 16 
0 1.09437 16 
0 1.16761 16 
0 1.16761 16 
0 1.16927 16 
0 1.49878 16 
0 1.49954 16 
0 1.50107 16 
0 1.64576 16 
0 1.6645 16 
0 1.66462 16 
0 1.93101 16 
0 1.95795 16 
0 1.96411 16 
0 1.96648 16 
0 inf 16 
0 0.200624 17 
0 0.215761 17 
0 0.217067 17 
0 0.217255 17 
0 0.228267 17 
0 0.228267 17 
0 0.228797 17 
0 0.231492 17 
0 0.232702 17 
0 0.234696 17 
0 0.238362 17 
0 0.255014 17 
0 0.273556 17 
0 0.275261 17 
0 0.277078 17 
0 0.281859 17 
0 0.28286 17 
0 0.285095 17 
0 0.288308 17 
0 0.291359 17 
0 0.292206 17 
0 0.295077 17 
0 0.299963 17 
0 0.301172 17 
0 0.304022 17 
0 0.307589 17 
0 0.308637 17 
0 0.338967 17 
0 0.343196 17 
0 0.369088 17 
0 0.369635 17 
0 0.371816 17 
0 0.440536 17 
0 0.564001 17 
0 0.682577 17 
0 0.683287 17 
0 0.683908 17 
0 0.684085 17 
0 0.685623 17 
0 0.688618 17 
0 0.688762 17 
0 0.691046 17 
0 0.707431 17 
0 0.715382 17 
0 0.718142 17 
0 0.718143 17 
0 0.724922 17 
0 0.744657 17 
0 0.953406 17 
0 0.964292 17 
0 0.967965 17 
0 0.97109 17 
0 0.972088 17 
0 1.09318 17 
0 1.11236 17 
0 1.11595 17 
0 1.12633 17 
0 1.29664 17 
0 1.3041 17 
0 1.30472 17 
0 1.34377 17 
0 1.34377 17 
0 1.34398 17 
0 1.91926 17 
0 1.92472 17 
0 1.92699 17 
0 1.92701 17 
0 inf 17 
0 0.14304 18 
0 0.143041 18 
0 0.146097 18 
0 0.147489 18 
0 0.155733 18 
0 0.181823 18 
0 0.189439 18 
0 0.204578 18 
0 0.205955 18 
0 0.207713 18 
0 0.221481 18 
0 0.223481 18 
0 0.2242 18 
0 0.231281 18 
0 0.232523 18 
0 0.233737 18 
0 0.236638 18 
0 0.241535 18 
0 0.243221 18 
0 0.243851 18 
0 0.244678 18 
0 0.269803 18 
0 0.3323 18 
0 0.332907 18 
0 0.335205 18 
0 0.349829 18 
0 0.499747 18 
0 0.537152 18 
0 0.543506 18 
0 0.562781 18 
0 0.616233 18 
0 0.621781 18 
0 0.622041 18 
0 0.62456 18 
0 0.691479 18 
0 0.717179 18 
0 0.718305 18 
0 0.723099 18 
0 0.72566 18 
0 0.725716 18 
0 0.731488 18 
0 0.733473 18 
0 0.739616 18 
0 0.858077 18 
0 0.858406 18 
0 1.04512 18 
0 1.05604 18 
0 1.05816 18 
0 1.05861 18 
0 1.05941 18 
0 1.07936 18 
0 1.08205 18 
0 1.1033 18 
0 1.11069 18 
0 1.11102 18 
0 1.12315 18 
0 1.12477 18 
0 1.12488 18 
0 1.54443 18 
0 1.92161 18 
0 1.92172 18 
0 1.92231 18 
0 1.92363 18 
0 inf 18 
0 0.139264 19 
0 0.140706 19 
0 0.143829 19 
0 0.171013 19 
0 0.171013 19 
0 0.179316 19 
0 0.194658 19 
0 0.196312 19 
0 0.209216 19 
0 0.210755 19 
0 0.214742 19 
0 0.214835 19 
0 0.239841 19 
0 0.265882 19 
0 0.267095 19 
0 0.271633 19 
0 0.303581 19 
0 0.306828 19 
0 0.30689 19 
0 0.311532 19 
0 0.324797 19 
0 0.335477 19 
0 0.342626 19 
0 0.358755 19 
0 0.39853 19 
0 0.447667 19 
0 0.452603 19 
0 0.45403 19 
0 0.514483 19 
0 0.519873 19 
0 0.521967 19 
0 0.552212 19 
0 0.556793 19 
0 0.568434 19 
0 0.573449 19 
0 0.631324 19 
0 0.632092 19 
0 0.698685 19 
0 0.705212 19 
0 0.706128 19 
0 0.708127 19 
0 0.709017 19 
0 0.728604 19 
0 0.730598 19 
0 0.732586 19 
0 1.02468 19 
0 1.03547 19 
0 1.0532 19 
0 1.11096 19 
0 1.12188 19 
0 1.12486 19 
0 1.12648 19 
0 1.22272 19 
0 1.22717 19 
0 1.71473 19 
0 1.91774 19 
0 1.91795 19 
0 1.91818 19 
0 1.91841 19 
0 inf 19 
0 0.13662 20 
0 0.138964 20 
0 0.155169 20 
0 0.159026 20 
0 0.159027 20 
0 0.162849 20 
0 0.184216 20 
0 0.198312 20 
0 0.212373 20 
0 0.21258 20 
0 0.21315 20 
0 0.220767 20 
0 0.256641 20 
0 0.259593 20 
0 0.264549 20 
0 0.265311 20 
0 0.267413 20 
0 0.300415 20 
0 0.301623 20 
0 0.306802 20 
0 0.308775 20 
0 0.334406 20 
0 0.335005 20 
0 0.348254 20 
0 0.349528 20 
0 0.383686 20 
0 0.393665 20 
0 0.395712 20 
0 0.43962 20 
0 0.4451 20 
0 0.445651 20 
0 0.461935 20 
0 0.474114 20 
0 0.486137 20 
0 0.487051 20 
0 0.490357 20 
0 0.576749 20 
0 0.580102 20 
0 0.703572 20 
0 0.708436 20 
0 0.746702 20 
0 0.747783 20 
0 0.750474 20 
0 0.756266 20 
0 0.756853 20 
0 0.948304 20 
0 0.951026 20 
0 1.11794 20 
0 1.1187 20 
0 1.15842 20 
0 1.15894 20 
0 1.94294 20 
0 1.94304 20 
0 2.18712 20 
0 3.20506 20 
0 inf 20 
