0 0.0173672 1 
0 0.0182113 1 
0 0.0182173 1 
0 0.0205497 1 
0 0.0212704 1 
0 0.0239304 1 
0 0.0239326 1 
0 0.0245606 1 
0 0.0251671 1 
0 0.0263335 1 
0 0.0269001 1 
0 0.0269005 1 
0 0.0290606 1 
0 0.0305779 1 
0 0.0305781 1 
0 0.0347337 1 
0 0.0351665 1 
0 0.0364256 1 
0 0.0364256 1 
0 0.036837 1 
0 0.03684 1 
0 0.0392201 1 
0 0.0403563 1 
0 0.0407286 1 
0 0.0407338 1 
0 0.0432448 1 
0 0.0446164 1 
0 0.0446166 1 
0 0.0449538 1 
0 0.0452881 1 
0 0.0456154 1 
0 0.0456166 1 
0 0.0459484 1 
0 0.04595 1 
0 0.0459542 1 
0 0.0459565 1 
0 0.0462737 1 
0 0.0469231 1 
0 0.0469243 1 
0 0.0475615 1 
0 0.0478764 1 
0 0.0481914 1 
0 0.0485023 1 
0 0.0488126 1 
0 0.0488137 1 
0 0.0497311 1 
0 0.0497321 1 
0 0.0509299 1 
0 0.0512247 1 
0 0.0515188 1 
0 0.0521014 1 
0 0.0529623 1 
0 0.0532471 1 
0 0.0532476 1 
0 0.0535314 1 
0 0.0546434 1 
0 0.0551933 1 
0 0.055737 1 
0 0.0562737 1 
0 0.0565441 1 
0 0.0578603 1 
0 0.0583782 1 
0 0.0586352 1 
0 0.0588942 1 
0 0.0626154 1 
0 0.0628571 1 
0 0.0645147 1 
0 0.0654435 1 
0 0.0683765 1 
0 0.0683766 1 
0 0.0690323 1 
0 0.0709748 1 
0 0.0776695 1 
0 0.07825 1 
0 0.0818381 1 
0 0.0841871 1 
0 0.0866608 1 
0 0.090576 1 
0 0.0957581 1 
0 0.101419 1 
0 0.10304 1 
0 0.103181 1 
0 0.105639 1 
0 0.110248 1 
0 0.119068 1 
0 0.123414 1 
0 0.125954 1 
0 0.125954 1 
0 0.138283 1 
0 0.141626 1 
0 0.145618 1 
0 0.179309 1 
0 0.190955 1 
0 0.217955 1 
0 0.218988 1 
0 0.222949 1 
0 0.253462 1 
0 0.26085 1 
0 0.271891 1 
0 0.282929 1 
0 0.288522 1 
0 0.299298 1 
0 0.30837 1 
0 0.348076 1 
0 0.384036 1 
0 0.415687 1 
0 0.432958 1 
0 0.441942 1 
0 0.459409 1 
0 0.505011 1 
0 0.514869 1 
0 0.527874 1 
0 0.534177 1 
0 0.551442 1 
0 0.595034 1 
0 0.694672 1 
0 0.775514 1 
0 0.800089 1 
0 0.853449 1 
0 0.914365 1 
0 0.955891 1 
0 1.78628 1 
0 2.13771 1 
0 2.17765 1 
0 2.69179 1 
0 2.94307 1 
0 4.22336 1 
0 4.28923 1 
0 5.85072 1 
0 5.88733 1 
0 5.90243 1 
0 inf 1 
0 0.01647 2 
0 0.01647 2 
0 0.0173609 2 
0 0.0205417 2 
0 0.0360128 2 
0 0.0364266 2 
0 0.0392209 2 
0 0.0407261 2 
0 0.0407368 2 
0 0.0418316 2 
0 0.0449533 2 
0 0.0449537 2 
0 0.0462732 2 
0 0.0462768 2 
0 0.0478775 2 
0 0.0485029 2 
0 0.0497327 2 
0 0.0500338 2 
0 0.0500345 2 
0 0.0500371 2 
0 0.0506333 2 
0 0.0512277 2 
0 0.0523901 2 
0 0.0526764 2 
0 0.0526766 2 
0 0.0526769 2 
0 0.0526801 2 
0 0.0526801 2 
0 0.0535282 2 
0 0.0540889 2 
0 0.0546447 2 
0 0.0557391 2 
0 0.0562751 2 
0 0.0565436 2 
0 0.0570752 2 
0 0.0575996 2 
0 0.0586393 2 
0 0.0596551 2 
0 0.0596551 2 
0 0.0596571 2 
0 0.0599095 2 
0 0.0599096 2 
0 0.0606599 2 
0 0.0609087 2 
0 0.060909 2 
0 0.0626157 2 
0 0.063101 2 
0 0.0635735 2 
0 0.0635741 2 
0 0.0645139 2 
0 0.0654458 2 
0 0.0663591 2 
0 0.0674816 2 
0 0.0699043 2 
0 0.0707585 2 
0 0.0711868 2 
0 0.0724507 2 
0 0.0782477 2 
0 0.0797745 2 
0 0.0801472 2 
0 0.0801519 2 
0 0.0810856 2 
0 0.0825671 2 
0 0.0999152 2 
0 0.103476 2 
0 0.104785 2 
0 0.114016 2 
0 0.125234 2 
0 0.129381 2 
0 0.129384 2 
0 0.132604 2 
0 0.133958 2 
0 0.146854 2 
0 0.148285 2 
0 0.149801 2 
0 0.153283 2 
0 0.154657 2 
0 0.154851 2 
0 0.157072 2 
0 0.159271 2 
0 0.177956 2 
0 0.177964 2 
0 0.178726 2 
0 0.219322 2 
0 0.222336 2 
0 0.234162 2 
0 0.24002 2 
0 0.241831 2 
0 0.246954 2 
0 0.253523 2 
0 0.268767 2 
0 0.328322 2 
0 0.342866 2 
0 0.354475 2 
0 0.409176 2 
0 0.42299 2 
0 0.42692 2 
0 0.46236 2 
0 0.469318 2 
0 0.473402 2 
0 0.477056 2 
0 0.491767 2 
0 0.591793 2 
0 0.607179 2 
0 0.639124 2 
0 0.639902 2 
0 0.646623 2 
0 0.646927 2 
0 0.660635 2 
0 0.677304 2 
0 0.679382 2 
0 0.885763 2 
0 0.925185 2 
0 0.944805 2 
0 1.55584 2 
0 1.8676 2 
0 1.96314 2 
0 2.20095 2 
0 3.74814 2 
0 3.75048 2 
0 4.08814 2 
0 4.19826 2 
0 4.25564 2 
0 4.34318 2 
0 4.58267 2 
0 4.69757 2 
0 4.94279 2 
0 inf 2 
0 0.0212704 3 
0 0.0219675 3 
0 0.0257589 3 
0 0.0305776 3 
0 0.0305782 3 
0 0.0355922 3 
0 0.0407294 3 
0 0.0410979 3 
0 0.0418243 3 
0 0.0418243 3 
0 0.0418252 3 
0 0.0432437 3 
0 0.0439355 3 
0 0.0446157 3 
0 0.0449533 3 
0 0.0449549 3 
0 0.0456226 3 
0 0.0466004 3 
0 0.0469227 3 
0 0.0509293 3 
0 0.0515221 3 
0 0.0529561 3 
0 0.0538143 3 
0 0.0543668 3 
0 0.0546441 3 
0 0.054919 3 
0 0.0554656 3 
0 0.0557362 3 
0 0.0557377 3 
0 0.0581243 3 
0 0.058894 3 
0 0.0611566 3 
0 0.0616477 3 
0 0.0618918 3 
0 0.0656738 3 
0 0.0663601 3 
0 0.0668123 3 
0 0.0674875 3 
0 0.0681528 3 
0 0.070115 3 
0 0.0701174 3 
0 0.0705483 3 
0 0.0707574 3 
0 0.0716092 3 
0 0.071816 3 
0 0.071817 3 
0 0.0749034 3 
0 0.0755011 3 
0 0.0772782 3 
0 0.0797754 3 
0 0.0823786 3 
0 0.0852574 3 
0 0.0897385 3 
0 0.103037 3 
0 0.108596 3 
0 0.115979 3 
0 0.118557 3 
0 0.13007 3 
0 0.133286 3 
0 0.136639 3 
0 0.137959 3 
0 0.146024 3 
0 0.159741 3 
0 0.165035 3 
0 0.16927 3 
0 0.17105 3 
0 0.176855 3 
0 0.178553 3 
0 0.179311 3 
0 0.179732 3 
0 0.18131 3 
0 0.186241 3 
0 0.192687 3 
0 0.192689 3 
0 0.194169 3 
0 0.196089 3 
0 0.24301 3 
0 0.269834 3 
0 0.272501 3 
0 0.317458 3 
0 0.318153 3 
0 0.333611 3 
0 0.333703 3 
0 0.343055 3 
0 0.352343 3 
0 0.358355 3 
0 0.413864 3 
0 0.4335 3 
0 0.441207 3 
0 0.444582 3 
0 0.457083 3 
0 0.484974 3 
0 0.520203 3 
0 0.523732 3 
0 0.527803 3 
0 0.531636 3 
0 0.569154 3 
0 0.576385 3 
0 0.586224 3 
0 0.588185 3 
0 0.608142 3 
0 0.608817 3 
0 0.626905 3 
0 0.627893 3 
0 0.734817 3 
0 0.875248 3 
0 1.4822 3 
0 1.54553 3 
0 1.84675 3 
0 1.86285 3 
0 2.02996 3 
0 2.24156 3 
0 2.40094 3 
0 2.40342 3 
0 2.40487 3 
0 2.6524 3 
0 3.03256 3 
0 3.03683 3 
0 3.04032 3 
0 3.04928 3 
0 4.04868 3 
0 4.05121 3 
0 4.05308 3 
0 inf 3 
0 0.0212704 4 
0 0.039603 4 
0 0.0449537 4 
0 0.0459489 4 
0 0.0469238 4 
0 0.0509287 4 
0 0.0512237 4 
0 0.0512256 4 
0 0.0523889 4 
0 0.0529623 4 
0 0.0529636 4 
0 0.0529649 4 
0 0.0532487 4 
0 0.05381 4 
0 0.0543669 4 
0 0.0549191 4 
0 0.0554681 4 
0 0.0565408 4 
0 0.0570734 4 
0 0.0570751 4 
0 0.0573387 4 
0 0.0616466 4 
0 0.0616492 4 
0 0.061652 4 
0 0.0628622 4 
0 0.0630985 4 
0 0.0638102 4 
0 0.0656747 4 
0 0.0665855 4 
0 0.0677083 4 
0 0.0690317 4 
0 0.0690333 4 
0 0.0699005 4 
0 0.0699032 4 
0 0.0701198 4 
0 0.0701205 4 
0 0.0711835 4 
0 0.0732711 4 
0 0.0742911 4 
0 0.0751011 4 
0 0.0755016 4 
0 0.0782485 4 
0 0.0818281 4 
0 0.0915687 4 
0 0.100968 4 
0 0.108594 4 
0 0.110659 4 
0 0.114675 4 
0 0.121072 4 
0 0.123778 4 
0 0.123781 4 
0 0.124145 4 
0 0.135641 4 
0 0.140772 4 
0 0.141408 4 
0 0.141515 4 
0 0.145815 4 
0 0.161994 4 
0 0.163385 4 
0 0.176851 4 
0 0.184041 4 
0 0.184042 4 
0 0.190485 4 
0 0.233954 4 
0 0.243075 4 
0 0.258704 4 
0 0.280037 4 
0 0.284633 4 
0 0.307393 4 
0 0.311085 4 
0 0.318073 4 
0 0.330384 4 
0 0.34144 4 
0 0.375476 4 
0 0.382902 4 
0 0.386469 4 
0 0.402692 4 
0 0.41449 4 
0 0.420628 4 
0 0.430817 4 
0 0.461404 4 
0 0.482956 4 
0 0.486373 4 
0 0.488821 4 
0 0.498654 4 
0 0.519246 4 
0 0.530274 4 
0 0.531338 4 
0 0.534988 4 
0 0.537765 4 
0 0.583054 4 
0 0.586001 4 
0 0.586138 4 
0 0.590922 4 
0 0.590929 4 
0 0.598739 4 
0 0.843664 4 
0 0.882011 4 
0 1.11058 4 
0 1.2395 4 
0 1.27456 4 
0 1.54332 4 
0 1.64787 4 
0 1.65449 4 
0 1.65634 4 
0 1.70021 4 
0 2.02243 4 
0 2.2146 4 
0 2.22443 4 
0 2.22464 4 
0 2.22465 4 
0 2.76531 4 
0 2.76581 4 
0 2.76597 4 
0 2.76599 4 
0 2.86417 4 
0 2.86611 4 
0 2.87109 4 
0 2.90346 4 
0 inf 4 
0 0.0145259 5 
0 0.0334065 5 
0 0.0355907 5 
0 0.0372488 5 
0 0.0407295 5 
0 0.0418245 5 
0 0.0469223 5 
0 0.0478825 5 
0 0.0481909 5 
0 0.0481962 5 
0 0.0488185 5 
0 0.0506329 5 
0 0.0523896 5 
0 0.0546442 5 
0 0.0546452 5 
0 0.0551919 5 
0 0.055194 5 
0 0.0588931 5 
0 0.0606595 5 
0 0.0638073 5 
0 0.0647485 5 
0 0.0665853 5 
0 0.0668142 5 
0 0.0681531 5 
0 0.0685929 5 
0 0.0738883 5 
0 0.0746981 5 
0 0.0748995 5 
0 0.0766897 5 
0 0.0772776 5 
0 0.0790138 5 
0 0.0797744 5 
0 0.0814583 5 
0 0.0827448 5 
0 0.0938422 5 
0 0.100519 5 
0 0.107337 5 
0 0.108458 5 
0 0.112952 5 
0 0.116634 5 
0 0.117663 5 
0 0.118177 5 
0 0.123538 5 
0 0.124994 5 
0 0.126199 5 
0 0.12996 5 
0 0.130888 5 
0 0.134411 5 
0 0.136747 5 
0 0.137845 5 
0 0.13839 5 
0 0.139477 5 
0 0.1521 5 
0 0.159643 5 
0 0.161614 5 
0 0.185271 5 
0 0.269721 5 
0 0.280572 5 
0 0.292077 5 
0 0.305174 5 
0 0.319005 5 
0 0.332022 5 
0 0.332325 5 
0 0.346407 5 
0 0.356324 5 
0 0.356655 5 
0 0.370084 5 
0 0.415884 5 
0 0.417425 5 
0 0.422894 5 
0 0.42659 5 
0 0.427998 5 
0 0.428104 5 
0 0.430285 5 
0 0.430364 5 
0 0.436295 5 
0 0.495821 5 
0 0.502978 5 
0 0.504113 5 
0 0.504504 5 
0 0.509068 5 
0 0.528671 5 
0 0.544827 5 
0 0.545353 5 
0 0.552297 5 
0 0.576238 5 
0 0.615198 5 
0 0.615663 5 
0 0.716312 5 
0 0.844641 5 
0 0.910212 5 
0 1.22339 5 
0 1.4677 5 
0 1.49373 5 
0 1.50924 5 
0 1.52395 5 
0 1.53229 5 
0 1.56384 5 
0 1.64497 5 
0 1.64571 5 
0 1.6494 5 
0 1.65349 5 
0 1.89847 5 
0 2.14344 5 
0 2.18185 5 
0 2.18395 5 
0 2.20925 5 
0 2.23452 5 
0 2.25946 5 
0 2.2595 5 
0 2.26007 5 
0 2.4381 5 
0 2.4383 5 
0 2.43999 5 
0 2.4413 5 
0 inf 5 
0 0.0257576 6 
0 0.0280019 6 
0 0.0280038 6 
0 0.028537 6 
0 0.0355918 6 
0 0.0360144 6 
0 0.0410978 6 
0 0.0418269 6 
0 0.0472426 6 
0 0.0497309 6 
0 0.0509294 6 
0 0.0529614 6 
0 0.0529622 6 
0 0.0575995 6 
0 0.0586386 6 
0 0.0586408 6 
0 0.0588934 6 
0 0.0594077 6 
0 0.0618915 6 
0 0.0621341 6 
0 0.0628569 6 
0 0.064752 6 
0 0.0696851 6 
0 0.0701155 6 
0 0.070331 6 
0 0.0709703 6 
0 0.0764942 6 
0 0.0766927 6 
0 0.0797769 6 
0 0.085434 6 
0 0.0854346 6 
0 0.0863124 6 
0 0.0895703 6 
0 0.101713 6 
0 0.10289 6 
0 0.10333 6 
0 0.115462 6 
0 0.117533 6 
0 0.118556 6 
0 0.122181 6 
0 0.124509 6 
0 0.131691 6 
0 0.145504 6 
0 0.153282 6 
0 0.160494 6 
0 0.168293 6 
0 0.168293 6 
0 0.212697 6 
0 0.226643 6 
0 0.258879 6 
0 0.27178 6 
0 0.283919 6 
0 0.31429 6 
0 0.332873 6 
0 0.367991 6 
0 0.371407 6 
0 0.374003 6 
0 0.374007 6 
0 0.37432 6 
0 0.375009 6 
0 0.375647 6 
0 0.379013 6 
0 0.413869 6 
0 0.415166 6 
0 0.427777 6 
0 0.436726 6 
0 0.440131 6 
0 0.465204 6 
0 0.486855 6 
0 0.491786 6 
0 0.493256 6 
0 0.498578 6 
0 0.507763 6 
0 0.50984 6 
0 0.512671 6 
0 0.512671 6 
0 0.564966 6 
0 0.571337 6 
0 0.572603 6 
0 0.57722 6 
0 0.842626 6 
0 0.892219 6 
0 0.897559 6 
0 0.902994 6 
0 0.904779 6 
0 1.09477 6 
0 1.20512 6 
0 1.20994 6 
0 1.21194 6 
0 1.21903 6 
0 1.21977 6 
0 1.22972 6 
0 1.31854 6 
0 1.32879 6 
0 1.35108 6 
0 1.35573 6 
0 1.50805 6 
0 1.56771 6 
0 1.86161 6 
0 1.86935 6 
0 1.87009 6 
0 1.8771 6 
0 1.89416 6 
0 1.93321 6 
0 2.08007 6 
0 2.08299 6 
0 2.08426 6 
0 2.40634 6 
0 2.40707 6 
0 2.41467 6 
0 2.42441 6 
0 inf 6 
0 0.0329533 7 
0 0.0376507 7 
0 0.0392199 7 
0 0.0435901 7 
0 0.0435904 7 
0 0.0435907 7 
0 0.0452881 7 
0 0.0575993 7 
0 0.061647 7 
0 0.0623773 7 
0 0.0645143 7 
0 0.0668124 7 
0 0.0696853 7 
0 0.0732735 7 
0 0.0751014 7 
0 0.0776657 7 
0 0.077668 7 
0 0.0790154 7 
0 0.0790193 7 
0 0.0816418 7 
0 0.0818272 7 
0 0.0820109 7 
0 0.0850793 7 
0 0.0854305 7 
0 0.0871866 7 
0 0.0936842 7 
0 0.10578 7 
0 0.107899 7 
0 0.108735 7 
0 0.111204 7 
0 0.119063 7 
0 0.11919 7 
0 0.125597 7 
0 0.127622 7 
0 0.128562 7 
0 0.133619 7 
0 0.138502 7 
0 0.138721 7 
0 0.139584 7 
0 0.170309 7 
0 0.206512 7 
0 0.212771 7 
0 0.230603 7 
0 0.235351 7 
0 0.240736 7 
0 0.260186 7 
0 0.277437 7 
0 0.28882 7 
0 0.298324 7 
0 0.326112 7 
0 0.327727 7 
0 0.329791 7 
0 0.335773 7 
0 0.348628 7 
0 0.348931 7 
0 0.359235 7 
0 0.360534 7 
0 0.360702 7 
0 0.396417 7 
0 0.396419 7 
0 0.397672 7 
0 0.414051 7 
0 0.415329 7 
0 0.420057 7 
0 0.484896 7 
0 0.489848 7 
0 0.492794 7 
0 0.492866 7 
0 0.501306 7 
0 0.539095 7 
0 0.54417 7 
0 0.544834 7 
0 0.561324 7 
0 0.567868 7 
0 0.56808 7 
0 0.697376 7 
0 0.701705 7 
0 0.837093 7 
0 0.837093 7 
0 0.882231 7 
0 1.03696 7 
0 1.10139 7 
0 1.10222 7 
0 1.11023 7 
0 1.15612 7 
0 1.2011 7 
0 1.20284 7 
0 1.20415 7 
0 1.21237 7 
0 1.21407 7 
0 1.21804 7 
0 1.4915 7 
0 1.49296 7 
0 1.52239 7 
0 1.63044 7 
0 1.67412 7 
0 1.73986 7 
0 1.85463 7 
0 1.85466 7 
0 1.864 7 
0 1.88776 7 
0 1.88802 7 
0 1.9058 7 
0 1.9062 7 
0 1.91716 7 
0 1.92096 7 
0 1.93492 7 
0 inf 7 
0 0.0428936 8 
0 0.0435908 8 
0 0.0469231 8 
0 0.0481925 8 
0 0.0529631 8 
0 0.0581219 8 
0 0.0586375 8 
0 0.0616453 8 
0 0.0665876 8 
0 0.0683748 8 
0 0.0685946 8 
0 0.0718208 8 
0 0.079965 8 
0 0.0827454 8 
0 0.0832856 8 
0 0.0861344 8 
0 0.0974763 8 
0 0.0979316 8 
0 0.100964 8 
0 0.103618 8 
0 0.107054 8 
0 0.107055 8 
0 0.10762 8 
0 0.108318 8 
0 0.119016 8 
0 0.1202 8 
0 0.124271 8 
0 0.132376 8 
0 0.137848 8 
0 0.141623 8 
0 0.141624 8 
0 0.152496 8 
0 0.175891 8 
0 0.190168 8 
0 0.201695 8 
0 0.209038 8 
0 0.217122 8 
0 0.23188 8 
0 0.239991 8 
0 0.240808 8 
0 0.264069 8 
0 0.267857 8 
0 0.26982 8 
0 0.274746 8 
0 0.288265 8 
0 0.298072 8 
0 0.324798 8 
0 0.325603 8 
0 0.339976 8 
0 0.344209 8 
0 0.344209 8 
0 0.369171 8 
0 0.41195 8 
0 0.418291 8 
0 0.422361 8 
0 0.422825 8 
0 0.423916 8 
0 0.449165 8 
0 0.454538 8 
0 0.484417 8 
0 0.488151 8 
0 0.490696 8 
0 0.4922 8 
0 0.503198 8 
0 0.515554 8 
0 0.538309 8 
0 0.539204 8 
0 0.568061 8 
0 0.568061 8 
0 0.57618 8 
0 0.597393 8 
0 0.823122 8 
0 0.827506 8 
0 0.850292 8 
0 0.891716 8 
0 0.917818 8 
0 1.12613 8 
0 1.15292 8 
0 1.19116 8 
0 1.19983 8 
0 1.20144 8 
0 1.20291 8 
0 1.22096 8 
0 1.24535 8 
0 1.25861 8 
0 1.31151 8 
0 1.42177 8 
0 1.42434 8 
0 1.42584 8 
0 1.48971 8 
0 1.54624 8 
0 1.54863 8 
0 1.5494 8 
0 1.561 8 
0 1.57574 8 
0 1.62552 8 
0 1.84728 8 
0 1.85051 8 
0 1.85344 8 
0 1.87157 8 
0 1.88917 8 
0 1.92319 8 
0 2.05782 8 
0 inf 8 
0 0.0418247 9 
0 0.0418287 9 
0 0.0435924 9 
0 0.0554647 9 
0 0.0701129 9 
0 0.0734789 9 
0 0.0808987 9 
0 0.0852566 9 
0 0.0910708 9 
0 0.0943267 9 
0 0.0967005 9 
0 0.103481 9 
0 0.10663 9 
0 0.108178 9 
0 0.109156 9 
0 0.110115 9 
0 0.110523 9 
0 0.112013 9 
0 0.115069 9 
0 0.115459 9 
0 0.119188 9 
0 0.121198 9 
0 0.125793 9 
0 0.13883 9 
0 0.145403 9 
0 0.148864 9 
0 0.150671 9 
0 0.158476 9 
0 0.174513 9 
0 0.206805 9 
0 0.207322 9 
0 0.218925 9 
0 0.2321 9 
0 0.265891 9 
0 0.2699 9 
0 0.271682 9 
0 0.293597 9 
0 0.297224 9 
0 0.297424 9 
0 0.302055 9 
0 0.319052 9 
0 0.3228 9 
0 0.32573 9 
0 0.341515 9 
0 0.366708 9 
0 0.398732 9 
0 0.402432 9 
0 0.405308 9 
0 0.413872 9 
0 0.414723 9 
0 0.419191 9 
0 0.421623 9 
0 0.422988 9 
0 0.43151 9 
0 0.441461 9 
0 0.445421 9 
0 0.447043 9 
0 0.460153 9 
0 0.495944 9 
0 0.499579 9 
0 0.50699 9 
0 0.516644 9 
0 0.561284 9 
0 0.561885 9 
0 0.563938 9 
0 0.601842 9 
0 0.731813 9 
0 0.840045 9 
0 0.84139 9 
0 0.891806 9 
0 0.893832 9 
0 0.903629 9 
0 0.917101 9 
0 0.975551 9 
0 0.985701 9 
0 1.02998 9 
0 1.03861 9 
0 1.16817 9 
0 1.20561 9 
0 1.20631 9 
0 1.20912 9 
0 1.20952 9 
0 1.21111 9 
0 1.2706 9 
0 1.37726 9 
0 1.54058 9 
0 1.54156 9 
0 1.55398 9 
0 1.56605 9 
0 1.56605 9 
0 1.65088 9 
0 1.7535 9 
0 1.86059 9 
0 1.86059 9 
0 1.86655 9 
0 1.86803 9 
0 1.87679 9 
0 1.88524 9 
0 1.9303 9 
0 inf 9 
0 0.0355902 10 
0 0.0435905 10 
0 0.0581206 10 
0 0.0606593 10 
0 0.0609064 10 
0 0.0849053 10 
0 0.0854283 10 
0 0.0909088 10 
0 0.0909093 10 
0 0.0941674 10 
0 0.0999179 10 
0 0.100368 10 
0 0.10901 10 
0 0.109837 10 
0 0.110931 10 
0 0.117154 10 
0 0.125232 10 
0 0.125321 10 
0 0.130386 10 
0 0.132268 10 
0 0.141053 10 
0 0.14311 10 
0 0.148481 10 
0 0.155888 10 
0 0.184509 10 
0 0.203185 10 
0 0.208914 10 
0 0.229482 10 
0 0.232615 10 
0 0.261642 10 
0 0.275128 10 
0 0.278853 10 
0 0.279117 10 
0 0.281007 10 
0 0.289855 10 
0 0.293834 10 
0 0.301709 10 
0 0.317108 10 
0 0.318224 10 
0 0.320005 10 
0 0.330712 10 
0 0.331068 10 
0 0.373839 10 
0 0.376087 10 
0 0.378864 10 
0 0.380274 10 
0 0.412362 10 
0 0.412399 10 
0 0.413249 10 
0 0.427896 10 
0 0.450257 10 
0 0.465069 10 
0 0.465167 10 
0 0.481542 10 
0 0.483043 10 
0 0.496055 10 
0 0.506435 10 
0 0.50803 10 
0 0.534045 10 
0 0.535483 10 
0 0.546583 10 
0 0.827288 10 
0 0.844896 10 
0 0.850588 10 
0 0.868432 10 
0 0.86845 10 
0 0.906975 10 
0 0.959462 10 
0 0.960169 10 
0 0.985106 10 
0 0.986531 10 
0 1.0006 10 
0 1.16338 10 
0 1.16457 10 
0 1.21106 10 
0 1.21136 10 
0 1.22671 10 
0 1.22765 10 
0 1.22792 10 
0 1.28047 10 
0 1.28318 10 
0 1.28435 10 
0 1.30179 10 
0 1.54688 10 
0 1.54735 10 
0 1.56619 10 
0 1.61145 10 
0 1.61159 10 
0 1.84307 10 
0 1.84335 10 
0 1.86803 10 
0 1.89017 10 
0 1.89081 10 
0 1.96447 10 
0 1.96468 10 
0 inf 10 
0 0.0599103 11 
0 0.0665902 11 
0 0.0685902 11 
0 0.0888965 11 
0 0.0928781 11 
0 0.106915 11 
0 0.108409 11 
0 0.11229 11 
0 0.115065 11 
0 0.120326 11 
0 0.143069 11 
0 0.153777 11 
0 0.163436 11 
0 0.172446 11 
0 0.188903 11 
0 0.194559 11 
0 0.197322 11 
0 0.203036 11 
0 0.214054 11 
0 0.224162 11 
0 0.229035 11 
0 0.244931 11 
0 0.245587 11 
0 0.247003 11 
0 0.258045 11 
0 0.260778 11 
0 0.27092 11 
0 0.27092 11 
0 0.272514 11 
0 0.278414 11 
0 0.281431 11 
0 0.285239 11 
0 0.289547 11 
0 0.305677 11 
0 0.310617 11 
0 0.315786 11 
0 0.317311 11 
0 0.3182 11 
0 0.321016 11 
0 0.321157 11 
0 0.349384 11 
0 0.370482 11 
0 0.37231 11 
0 0.402901 11 
0 0.40659 11 
0 0.425476 11 
0 0.43279 11 
0 0.432929 11 
0 0.444667 11 
0 0.447013 11 
0 0.456123 11 
0 0.456222 11 
0 0.543093 11 
0 0.544009 11 
0 0.65024 11 
0 0.654946 11 
0 0.6608 11 
0 0.724043 11 
0 0.829941 11 
0 0.840503 11 
0 0.849149 11 
0 0.875282 11 
0 0.877089 11 
0 0.90737 11 
0 0.90737 11 
0 0.911399 11 
0 0.976269 11 
0 1.12978 11 
0 1.13221 11 
0 1.13361 11 
0 1.13915 11 
0 1.14221 11 
0 1.20631 11 
0 1.20896 11 
0 1.20986 11 
0 1.21057 11 
0 1.22931 11 
0 1.26329 11 
0 1.26339 11 
0 1.54797 11 
0 1.54859 11 
0 1.56392 11 
0 1.56412 11 
0 1.56844 11 
0 1.84339 11 
0 1.84398 11 
0 1.87774 11 
0 1.88082 11 
0 1.88808 11 
0 2.02054 11 
0 2.02159 11 
0 inf 11 
0 0.0570786 12 
0 0.0674943 12 
0 0.10333 12 
0 0.107066 12 
0 0.113182 12 
0 0.116768 12 
0 0.118301 12 
0 0.122401 12 
0 0.139803 12 
0 0.152196 12 
0 0.166664 12 
0 0.17897 12 
0 0.18281 12 
0 0.188732 12 
0 0.189764 12 
0 0.200645 12 
0 0.219311 12 
0 0.222962 12 
0 0.23543 12 
0 0.24083 12 
0 0.248657 12 
0 0.259723 12 
0 0.262554 12 
0 0.263414 12 
0 0.263471 12 
0 0.272552 12 
0 0.274317 12 
0 0.277976 12 
0 0.295637 12 
0 0.300645 12 
0 0.31077 12 
0 0.338709 12 
0 0.339598 12 
0 0.356248 12 
0 0.359283 12 
0 0.361802 12 
0 0.361802 12 
0 0.369433 12 
0 0.377615 12 
0 0.39126 12 
0 0.430588 12 
0 0.439428 12 
0 0.451348 12 
0 0.463475 12 
0 0.465974 12 
0 0.478591 12 
0 0.504418 12 
0 0.513434 12 
0 0.52275 12 
0 0.533317 12 
0 0.773073 12 
0 0.804021 12 
0 0.813841 12 
0 0.817466 12 
0 0.819621 12 
0 0.82923 12 
0 0.83032 12 
0 0.861019 12 
0 0.87631 12 
0 0.876366 12 
0 0.876741 12 
0 0.880328 12 
0 0.880538 12 
0 0.974374 12 
0 0.997576 12 
0 1.11664 12 
0 1.12626 12 
0 1.15533 12 
0 1.19787 12 
0 1.20175 12 
0 1.20175 12 
0 1.21022 12 
0 1.2256 12 
0 1.2256 12 
0 1.22702 12 
0 1.41001 12 
0 1.41871 12 
0 1.54227 12 
0 1.54321 12 
0 1.55377 12 
0 1.55377 12 
0 1.55801 12 
0 1.84698 12 
0 1.84882 12 
0 1.91889 12 
0 1.92172 12 
0 1.92172 12 
0 inf 12 
0 0.0732723 13 
0 0.0904211 13 
0 0.0960813 13 
0 0.140845 13 
0 0.157069 13 
0 0.174793 13 
0 0.199507 13 
0 0.205197 13 
0 0.211135 13 
0 0.218177 13 
0 0.221525 13 
0 0.225081 13 
0 0.231511 13 
0 0.232464 13 
0 0.253851 13 
0 0.256687 13 
0 0.258474 13 
0 0.258618 13 
0 0.2605 13 
0 0.264328 13 
0 0.270322 13 
0 0.270768 13 
0 0.272116 13 
0 0.285162 13 
0 0.287269 13 
0 0.295187 13 
0 0.307194 13 
0 0.307391 13 
0 0.376426 13 
0 0.38919 13 
0 0.414522 13 
0 0.420837 13 
0 0.426005 13 
0 0.427457 13 
0 0.43303 13 
0 0.436361 13 
0 0.443547 13 
0 0.467043 13 
0 0.478402 13 
0 0.478402 13 
0 0.490604 13 
0 0.506485 13 
0 0.515563 13 
0 0.523324 13 
0 0.523756 13 
0 0.529483 13 
0 0.546463 13 
0 0.547675 13 
0 0.612164 13 
0 0.612262 13 
0 0.617244 13 
0 0.61895 13 
0 0.696244 13 
0 0.740263 13 
0 0.746465 13 
0 0.869595 13 
0 0.89965 13 
0 0.920594 13 
0 0.920987 13 
0 0.921903 13 
0 1.06081 13 
0 1.06923 13 
0 1.11778 13 
0 1.14153 13 
0 1.14248 13 
0 1.19899 13 
0 1.19959 13 
0 1.21662 13 
0 1.21687 13 
0 1.21766 13 
0 1.47951 13 
0 1.53979 13 
0 1.54057 13 
0 1.54374 13 
0 1.54402 13 
0 1.54702 13 
0 1.58747 13 
0 1.74086 13 
0 1.84014 13 
0 1.84059 13 
0 1.89886 13 
0 1.89902 13 
0 1.89918 13 
0 inf 13 
0 0.110665 14 
0 0.117789 14 
0 0.119269 14 
0 0.139147 14 
0 0.14045 14 
0 0.154849 14 
0 0.169271 14 
0 0.19611 14 
0 0.212771 14 
0 0.213609 14 
0 0.216415 14 
0 0.222204 14 
0 0.232917 14 
0 0.234659 14 
0 0.235311 14 
0 0.235568 14 
0 0.236028 14 
0 0.245241 14 
0 0.247372 14 
0 0.253346 14 
0 0.255095 14 
0 0.259807 14 
0 0.261748 14 
0 0.270415 14 
0 0.272213 14 
0 0.286658 14 
0 0.289985 14 
0 0.298765 14 
0 0.309801 14 
0 0.319073 14 
0 0.331662 14 
0 0.333652 14 
0 0.335416 14 
0 0.344985 14 
0 0.34564 14 
0 0.355493 14 
0 0.355875 14 
0 0.35651 14 
0 0.362881 14 
0 0.394577 14 
0 0.419587 14 
0 0.473234 14 
0 0.47333 14 
0 0.479314 14 
0 0.499599 14 
0 0.509423 14 
0 0.535405 14 
0 0.537204 14 
0 0.602103 14 
0 0.69089 14 
0 0.711106 14 
0 0.750838 14 
0 0.871639 14 
0 0.876349 14 
0 1.00586 14 
0 1.00609 14 
0 1.00848 14 
0 1.15291 14 
0 1.15714 14 
0 1.15804 14 
0 1.19923 14 
0 1.20055 14 
0 1.2028 14 
0 1.20311 14 
0 1.2038 14 
0 1.43227 14 
0 1.53943 14 
0 1.55646 14 
0 1.60911 14 
0 1.60971 14 
0 1.60981 14 
0 1.84275 14 
0 1.84498 14 
0 1.84561 14 
0 1.84613 14 
0 1.84657 14 
0 1.87909 14 
0 1.88554 14 
0 1.88647 14 
0 inf 14 
0 0.0747017 15 
0 0.107342 15 
0 0.116596 15 
0 0.122558 15 
0 0.124994 15 
0 0.153376 15 
0 0.177707 15 
0 0.189849 15 
0 0.193219 15 
0 0.195083 15 
0 0.205621 15 
0 0.209688 15 
0 0.214465 15 
0 0.227638 15 
0 0.229615 15 
0 0.246024 15 
0 0.249026 15 
0 0.249429 15 
0 0.258465 15 
0 0.263299 15 
0 0.266332 15 
0 0.267084 15 
0 0.268603 15 
0 0.270657 15 
0 0.27405 15 
0 0.274105 15 
0 0.274709 15 
0 0.279923 15 
0 0.280084 15 
0 0.288145 15 
0 0.288354 15 
0 0.288832 15 
0 0.304866 15 
0 0.308018 15 
0 0.308065 15 
0 0.309724 15 
0 0.347626 15 
0 0.355284 15 
0 0.355284 15 
0 0.35799 15 
0 0.422951 15 
0 0.431475 15 
0 0.432418 15 
0 0.435894 15 
0 0.602362 15 
0 0.711917 15 
0 0.821262 15 
0 0.870513 15 
0 0.873471 15 
0 0.926245 15 
0 0.926831 15 
0 0.926831 15 
0 0.930745 15 
0 1.15088 15 
0 1.15509 15 
0 1.15583 15 
0 1.15583 15 
0 1.15876 15 
0 1.16317 15 
0 1.16317 15 
0 1.20936 15 
0 1.2672 15 
0 1.2729 15 
0 1.27375 15 
0 1.54164 15 
0 1.5948 15 
0 1.59494 15 
0 1.59555 15 
0 1.84303 15 
0 1.8768 15 
0 1.87739 15 
0 1.8792 15 
0 1.93997 15 
0 1.9409 15 
0 1.94165 15 
0 inf 15 
0 0.0581206 16 
0 0.0774723 16 
0 0.110202 16 
0 0.117023 16 
0 0.129849 16 
0 0.145 16 
0 0.183219 16 
0 0.207606 16 
0 0.215781 16 
0 0.221574 16 
0 0.221574 16 
0 0.228608 16 
0 0.258676 16 
0 0.260188 16 
0 0.261113 16 
0 0.26334 16 
0 0.2666 16 
0 0.26832 16 
0 0.268517 16 
0 0.268741 16 
0 0.270084 16 
0 0.270809 16 
0 0.271671 16 
0 0.279987 16 
0 0.280628 16 
0 0.280628 16 
0 0.282193 16 
0 0.282193 16 
0 0.286729 16 
0 0.287989 16 
0 0.292561 16 
0 0.292561 16 
0 0.310524 16 
0 0.310571 16 
0 0.312702 16 
0 0.312703 16 
0 0.329607 16 
0 0.336696 16 
0 0.368819 16 
0 0.411491 16 
0 0.411601 16 
0 0.693644 16 
0 0.76314 16 
0 0.771571 16 
0 0.880898 16 
0 0.883292 16 
0 0.883497 16 
0 0.885202 16 
0 0.925566 16 
0 1.02715 16 
0 1.116 16 
0 1.13008 16 
0 1.13073 16 
0 1.22281 16 
0 1.26817 16 
0 1.26918 16 
0 1.26983 16 
0 1.28751 16 
0 1.28874 16 
0 1.28974 16 
0 1.54066 16 
0 1.56112 16 
0 1.56113 16 
0 1.56189 16 
0 1.85007 16 
0 1.86495 16 
0 1.87318 16 
0 1.87363 16 
0 2.04219 16 
0 2.04548 16 
0 2.04574 16 
0 inf 16 
0 0.117797 17 
0 0.120163 17 
0 0.136385 17 
0 0.137377 17 
0 0.160213 17 
0 0.168112 17 
0 0.169362 17 
0 0.169629 17 
0 0.221333 17 
0 0.222353 17 
0 0.233275 17 
0 0.234243 17 
0 0.253018 17 
0 0.254444 17 
0 0.260245 17 
0 0.261113 17 
0 0.279217 17 
0 0.279917 17 
0 0.280079 17 
0 0.280079 17 
0 0.28234 17 
0 0.283767 17 
0 0.284139 17 
0 0.284256 17 
0 0.28545 17 
0 0.288207 17 
0 0.288354 17 
0 0.288677 17 
0 0.288812 17 
0 0.289229 17 
0 0.296643 17 
0 0.29984 17 
0 0.450861 17 
0 0.470905 17 
0 0.604986 17 
0 0.828586 17 
0 0.83484 17 
0 0.835129 17 
0 0.893307 17 
0 0.894168 17 
0 0.899599 17 
0 0.899615 17 
0 0.914624 17 
0 0.919262 17 
0 0.919311 17 
0 0.944978 17 
0 1.00739 17 
0 1.09664 17 
0 1.09889 17 
0 1.13052 17 
0 1.13935 17 
0 1.14545 17 
0 1.20105 17 
0 1.22828 17 
0 1.22828 17 
0 1.22926 17 
0 1.54203 17 
0 1.54675 17 
0 1.54679 17 
0 1.54757 17 
0 1.87624 17 
0 1.90698 17 
0 1.90852 17 
0 1.90863 17 
0 1.95442 17 
0 1.96042 17 
0 1.96118 17 
0 inf 17 
0 0.0663636 18 
0 0.0699051 18 
0 0.0699061 18 
0 0.104296 18 
0 0.115805 18 
0 0.123907 18 
0 0.130429 18 
0 0.13043 18 
0 0.158575 18 
0 0.212203 18 
0 0.221877 18 
0 0.221877 18 
0 0.269749 18 
0 0.274019 18 
0 0.276648 18 
0 0.277522 18 
0 0.277684 18 
0 0.280279 18 
0 0.295633 18 
0 0.306109 18 
0 0.306847 18 
0 0.306847 18 
0 0.335687 18 
0 0.336224 18 
0 0.339705 18 
0 0.339749 18 
0 0.340635 18 
0 0.375668 18 
0 0.375668 18 
0 0.399245 18 
0 0.416079 18 
0 0.478141 18 
0 0.478394 18 
0 0.626705 18 
0 0.654627 18 
0 0.725608 18 
0 0.751962 18 
0 0.751982 18 
0 0.882444 18 
0 0.883664 18 
0 0.887353 18 
0 0.891734 18 
0 0.89457 18 
0 0.89457 18 
0 1.10424 18 
0 1.13361 18 
0 1.20475 18 
0 1.2114 18 
0 1.21221 18 
0 1.21523 18 
0 1.2273 18 
0 1.22731 18 
0 1.24271 18 
0 1.55217 18 
0 1.55301 18 
0 1.55325 18 
0 1.55345 18 
0 1.68404 18 
0 1.85771 18 
0 1.86627 18 
0 1.87504 18 
0 1.87554 18 
0 1.90832 18 
0 inf 18 
0 0.0546486 19 
0 0.0568146 19 
0 0.0692545 19 
0 0.108546 19 
0 0.121523 19 
0 0.123014 19 
0 0.156694 19 
0 0.163477 19 
0 0.168115 19 
0 0.198757 19 
0 0.203481 19 
0 0.208243 19 
0 0.269748 19 
0 0.275938 19 
0 0.276429 19 
0 0.287552 19 
0 0.29623 19 
0 0.29623 19 
0 0.320705 19 
0 0.323654 19 
0 0.329564 19 
0 0.363833 19 
0 0.364454 19 
0 0.365859 19 
0 0.431101 19 
0 0.435876 19 
0 0.43598 19 
0 0.440283 19 
0 0.441753 19 
0 0.444645 19 
0 0.45656 19 
0 0.500697 19 
0 0.504425 19 
0 0.505053 19 
0 0.513992 19 
0 0.607044 19 
0 0.611006 19 
0 0.697517 19 
0 0.906198 19 
0 0.908077 19 
0 0.90967 19 
0 0.975779 19 
0 0.978742 19 
0 0.986579 19 
0 1.14834 19 
0 1.20135 19 
0 1.2054 19 
0 1.2054 19 
0 1.20566 19 
0 1.54739 19 
0 1.54749 19 
0 1.54827 19 
0 1.84896 19 
0 1.86911 19 
0 1.86927 19 
0 1.88045 19 
0 1.88065 19 
0 2.03274 19 
0 3.06316 19 
0 inf 19 
0 0.112019 20 
0 0.11269 20 
0 0.120403 20 
0 0.12531 20 
0 0.126795 20 
0 0.126865 20 
0 0.209197 20 
0 0.210634 20 
0 0.219057 20 
0 0.231783 20 
0 0.231848 20 
0 0.232563 20 
0 0.307303 20 
0 0.310113 20 
0 0.314747 20 
0 0.314747 20 
0 0.315009 20 
0 0.315057 20 
0 0.316727 20 
0 0.317347 20 
0 0.321641 20 
0 0.341984 20 
0 0.342398 20 
0 0.344445 20 
0 0.344839 20 
0 0.345773 20 
0 0.350736 20 
0 0.357482 20 
0 0.392551 20 
0 0.396792 20 
0 0.407846 20 
0 0.412046 20 
0 0.4131 20 
0 0.415542 20 
0 0.418472 20 
0 0.41894 20 
0 0.503588 20 
0 0.506543 20 
0 0.506573 20 
0 0.542067 20 
0 0.543401 20 
0 0.723764 20 
0 0.875196 20 
0 0.907308 20 
0 0.907706 20 
0 0.907706 20 
0 1.13038 20 
0 1.22917 20 
0 1.22943 20 
0 1.56558 20 
0 1.56558 20 
0 1.86796 20 
0 1.86796 20 
0 1.87679 20 
0 1.87836 20 
0 inf 20 
