5.17839 9.17066 1 
0.70002 1.69378 1 
0.43617 0.440736 1 
0.359299 0.596667 1 
0.287171 0.433812 1 
0.222316 0.230537 1 
0.184569 0.199352 1 
0.167105 0.176062 1 
0.159985 0.161147 1 
0.131576 0.157344 1 
0.0925398 0.0979132 1 
0.0654377 0.0884263 1 
0.0501333 0.0528388 1 
0.0501275 0.0501313 1 
0.0491977 0.0639988 1 
0.0491957 0.0528388 1 
0.0472629 0.0570766 1 
0.0472568 0.0771725 1 
0.0431472 0.0452518 1 
4.28815 6.44299 2 
0.602974 1.64071 2 
0.504635 0.528858 2 
0.462179 0.550749 2 
0.306909 0.628126 2 
0.294211 0.3141 2 
0.238082 0.254887 2 
0.154059 0.19295 2 
0.11972 0.121261 2 
0.0979181 0.101644 2 
0.0950131 0.121261 2 
0.0734804 0.0759639 2 
0.072206 0.07411 2 
0.0654348 0.0661439 2 
0.0570817 0.0728307 2 
0.048232 0.048234 2 
0.0462652 0.0462693 2 
0.0442218 0.0462735 2 
4.5729 5.12805 3 
4.56964 5.11993 3 
4.54677 5.01778 3 
3.65345 5.13003 3 
1.38359 1.38918 3 
1.02369 1.04563 3 
0.658864 0.681915 3 
0.592439 0.616685 3 
0.57482 1.54914 3 
0.477723 0.490224 3 
0.358645 0.631667 3 
0.0777847 0.0777847 3 
0.0661425 0.0682245 3 
0.0654392 0.0689078 3 
0.0602562 0.0617808 3 
0.0554194 0.0578867 3 
0.0554194 0.0578833 3 
3.64376 4.35666 4 
3.64351 3.81022 4 
3.64345 4.3769 4 
3.6413 4.37441 4 
1.32736 1.33128 4 
1.29114 1.29563 4 
1.28499 1.32609 4 
1.27419 1.32862 4 
0.708291 1.40853 4 
0.399065 0.408862 4 
0.158819 0.164579 4 
0.110005 0.112512 4 
0.0950222 0.0974365 4 
0.0945299 0.118157 4 
0.0889502 0.0915247 4 
0.0708991 0.0740996 4 
0.0570766 0.0586905 4 
0.05372 0.0554228 4 
1.1426 1.18544 5 
1.10077 1.25935 5 
1.09045 1.23147 5 
1.06559 1.25935 5 
1.0215 1.30295 5 
0.279115 0.281763 5 
0.276434 0.281762 5 
0.18254 0.194392 5 
0.0930415 0.0979122 5 
0.0873712 0.0889469 5 
0.0829869 0.0889469 5 
0.0675343 0.0682202 5 
0.0654421 0.0661425 5 
0.0632625 0.0722033 5 
1.54982 1.89484 6 
1.13975 1.15074 6 
1.12142 1.13195 6 
0.994293 1.07649 6 
0.945936 1.16118 6 
0.19392 0.220418 6 
0.192471 0.20214 6 
0.191992 0.21851 6 
0.188807 0.20214 6 
0.0829939 0.0899888 6 
0.0759702 0.0812934 6 
0.0734791 0.0765794 6 
0.0702352 0.0783773 6 
1.37134 1.44216 7 
1.23081 1.34346 7 
1.10885 1.11085 7 
1.07661 1.10522 7 
0.901108 0.93949 7 
0.896029 0.93081 7 
0.894132 1.06488 7 
0.209375 0.216799 7 
0.207589 0.216799 7 
0.182288 0.218735 7 
0.181265 0.220642 7 
0.0715488 0.078381 7 
1.57991 1.61421 8 
1.29208 1.57149 8 
1.2331 1.3787 8 
1.22395 1.27884 8 
1.09647 1.10712 8 
1.00251 1.00673 8 
0.971589 0.975212 8 
0.910917 0.953838 8 
0.874636 0.884949 8 
0.840977 0.855832 8 
0.769689 0.773138 8 
0.289264 0.289713 8 
0.182031 0.182542 8 
0.0741061 0.0846613 8 
1.55585 1.77972 9 
1.5537 1.81101 9 
1.04782 1.38313 9 
0.784956 0.863017 9 
0.7527 0.848047 9 
0.666876 0.725758 9 
0.301239 0.301985 9 
0.268065 0.276394 9 
0.262262 0.2739 9 
0.244443 0.25959 9 
1.77154 1.91573 10 
1.77133 1.89317 10 
1.16105 1.53214 10 
0.841883 0.903992 10 
0.815034 0.823777 10 
0.650686 0.843815 10 
0.567235 0.727926 10 
0.433604 0.467402 10 
0.31306 0.328016 10 
0.246543 0.248191 10 
1.18032 1.19954 11 
1.10604 1.19954 11 
1.07012 1.18843 11 
0.580534 0.830024 11 
0.531666 0.626049 11 
1.125 1.14101 12 
1.10484 1.12188 12 
0.700156 0.707041 12 
0.553708 0.577082 12 
0.550757 0.607174 12 
0.547279 0.599769 12 
0.536634 0.708355 12 
1.19183 1.28344 13 
1.19147 1.27648 13 
1.19147 1.29858 13 
0.865214 0.866884 13 
0.799 0.821973 13 
0.74142 0.751884 13 
0.739158 0.771923 13 
0.907734 0.941217 14 
0.892279 0.905232 14 
0.687344 0.716841 14 
1.53681 1.65363 15 
1.53654 1.65739 15 
1.52441 1.64612 15 
0.98249 1.04015 15 
0.939876 0.961571 15 
0.808839 0.820499 15 
0.394024 0.403592 15 
1.21126 1.42516 16 
1.21126 1.52523 16 
1.15461 1.50446 16 
1.09817 1.10834 16 
1.09122 1.09909 16 
1.04466 1.05478 16 
0.300016 0.301266 16 
0.300016 0.30617 16 
1.24252 1.32658 17 
1.05035 1.05521 17 
0.817883 0.836053 17 
1.14242 1.21865 18 
1.14053 1.15927 18 
1.13955 1.1598 18 
1.00177 1.15919 18 
0.768791 0.909075 18 
0.279455 0.299199 18 
0.27812 0.300286 18 
0.276779 0.29816 18 
1.11282 1.25293 19 
1.08954 1.2559 19 
1.15739 1.3555 20 
1.15739 1.35468 20 
