4.6371 8.39398 1 
1.01356 2.59591 1 
0.195103 0.22225 1 
0.172184 0.180147 1 
0.153744 0.20924 1 
0.137667 0.148312 1 
0.116303 0.120111 1 
0.116188 0.118 1 
0.100558 0.106565 1 
0.100029 0.13446 1 
0.0870085 0.0898518 1 
0.080372 0.0843901 1 
0.0802061 0.0802074 1 
0.0722189 0.0749123 1 
0.0644647 0.0749123 1 
0.0544484 0.0608751 1 
0.0529708 0.0734836 1 
0.0430462 0.0454394 1 
0.0405118 0.0442583 1 
0.0348951 0.0352723 1 
0.0333465 0.0391858 1 
0.0304382 0.0329441 1 
3.96727 6.15503 2 
0.830179 3.46435 2 
0.259452 0.274474 2 
0.237896 0.240165 2 
0.227138 0.244048 2 
0.226027 0.236165 2 
0.209497 0.224023 2 
0.209052 0.24583 2 
0.20078 0.209937 2 
0.199593 0.252156 2 
0.190434 0.220094 2 
0.146519 0.147867 2 
0.130058 0.145337 2 
0.126548 0.194012 2 
0.0827996 0.0828001 2 
0.08004 0.0916055 2 
0.0790382 0.08086 2 
0.077857 0.0790379 2 
0.076138 0.0788702 2 
0.0752645 0.0783663 2 
0.0709186 0.0734845 2 
0.0709183 0.0835964 2 
0.0656855 0.0742013 2 
0.0638467 0.0701673 2 
0.0561247 0.0773458 2 
0.0558886 0.061525 2 
0.055173 0.0646713 2 
0.0514496 0.0532175 2 
0.0488098 0.0542058 2 
0.0468727 0.0514497 2 
0.0317159 0.0341251 2 
4.74403 4.95254 3 
4.73967 5.0428 3 
3.68545 5.04829 3 
0.77619 3.54147 3 
0.278349 0.280202 3 
0.225911 0.247334 3 
0.214492 0.253675 3 
0.201445 0.221712 3 
0.195103 0.199663 3 
0.190227 0.237671 3 
0.18855 0.190712 3 
0.187417 0.201834 3 
0.158327 0.240661 3 
0.155032 0.201966 3 
0.154604 0.219614 3 
0.123372 0.128419 3 
0.078702 0.0907324 3 
0.0766583 0.0828006 3 
0.0694096 0.0813473 3 
0.0662887 0.0856291 3 
0.0662875 0.0766575 3 
0.0613085 0.065887 3 
0.0417959 0.0421106 3 
3.10575 3.32452 4 
3.10502 3.31681 4 
3.10451 3.31329 4 
1.1563 3.27073 4 
0.278592 0.286365 4 
0.232435 0.238336 4 
0.216327 0.225317 4 
0.189595 0.194826 4 
0.188755 0.191813 4 
0.178155 0.185366 4 
0.178154 0.193745 4 
0.171642 0.19043 4 
0.131169 0.133769 4 
0.0694049 0.0795391 4 
0.0549329 0.0604393 4 
0.0527198 0.0558887 4 
2.94194 2.9454 5 
1.94952 2.9609 5 
0.223015 0.259244 5 
0.191816 0.227542 5 
0.182916 0.19449 5 
0.179849 0.185358 5 
0.0968013 0.100425 5 
0.0835934 0.0876162 5 
2.58277 2.65975 6 
2.58238 2.70302 6 
2.53866 2.55225 6 
1.93202 2.7034 6 
0.159908 0.175075 6 
0.156223 0.163267 6 
0.153919 0.160733 6 
0.1423 0.15114 6 
0.124862 0.13137 6 
0.073124 0.0798717 6 
2.69418 3.0604 7 
2.27146 2.44826 7 
1.91278 2.19804 7 
1.86658 2.28429 7 
1.72386 2.27857 7 
1.56414 1.9006 7 
1.45642 1.74058 7 
1.42035 1.72822 7 
0.192367 0.214797 7 
0.0994973 0.103793 7 
2.73281 2.73974 8 
1.96598 2.32955 8 
1.94703 1.98818 8 
1.70378 2.03073 8 
1.64984 1.75491 8 
1.2597 2.00216 8 
0.215227 0.21749 8 
0.151579 0.161472 8 
0.107797 0.118666 8 
0.0773417 0.0795333 8 
2.35376 2.55553 9 
2.35345 2.55329 9 
1.67313 1.69987 9 
1.47042 1.85828 9 
1.30098 1.70141 9 
0.677693 0.684967 9 
0.192092 0.210248 9 
0.107677 0.110351 9 
0.101216 0.10277 9 
0.100555 0.100558 9 
2.16103 2.23853 10 
2.16034 2.29058 10 
1.59539 1.92418 10 
1.45367 1.47395 10 
1.36725 1.50034 10 
1.53752 1.71813 11 
1.47167 1.71548 11 
1.4716 1.77046 11 
1.36683 1.61831 11 
1.18762 1.21738 11 
0.40477 0.434459 11 
0.237002 0.239006 11 
1.46671 1.62806 12 
1.4661 1.61756 12 
1.44803 1.57389 12 
1.01811 1.12304 12 
0.998832 1.07856 12 
0.985488 1.02794 12 
0.792441 1.13917 12 
0.401422 0.403226 12 
1.65772 1.71964 13 
1.65642 1.71378 13 
1.6558 1.71489 13 
1.12107 1.12125 13 
1.10292 1.13545 13 
1.06601 1.08272 13 
0.918441 1.00358 13 
0.843726 0.850413 13 
0.618059 0.639687 13 
0.666247 0.675551 14 
1.61444 1.97319 15 
1.61263 2.03011 15 
1.61214 2.03017 15 
1.39721 1.41393 15 
0.397945 0.402581 15 
1.6178 1.67774 16 
1.48145 1.76992 16 
1.46959 1.77321 16 
1.43274 1.45903 16 
1.35412 1.64874 16 
0.410615 0.419317 16 
0.409065 0.418464 16 
1.65858 1.8058 17 
1.59424 1.89365 17 
1.5327 1.76796 17 
1.41726 1.46503 17 
1.36133 1.71393 17 
0.329955 0.334191 17 
1.61992 1.85671 18 
1.48283 1.85267 18 
1.48169 1.85301 18 
1.47785 1.87745 18 
1.49671 1.81044 19 
1.49636 1.81146 19 
1.58384 1.7905 20 
1.58273 1.7905 20 
