7.78587 9.93469 1 
0.517557 1.18684 1 
0.374459 0.427275 1 
0.368015 0.416522 1 
0.212033 0.222903 1 
0.21027 0.262607 1 
0.203046 0.22122 1 
0.202438 0.206694 1 
0.19235 0.217394 1 
0.187772 0.193319 1 
0.175618 0.195555 1 
0.174563 0.196825 1 
0.165598 0.21335 1 
0.161222 0.167467 1 
0.159085 0.170042 1 
0.159082 0.176854 1 
0.158889 0.16839 1 
0.157901 0.16295 1 
0.157711 0.168018 1 
0.153511 0.168216 1 
0.152908 0.153516 1 
0.152093 0.16295 1 
0.14626 0.160647 1 
0.145194 0.179302 1 
0.144547 0.150452 1 
0.142597 0.150452 1 
0.14084 0.148156 1 
0.138838 0.164279 1 
0.135209 0.137039 1 
0.134748 0.142383 1 
0.134519 0.139961 1 
0.130527 0.136123 1 
0.128126 0.133358 1 
0.125676 0.127396 1 
0.121141 0.132186 1 
0.119852 0.127396 1 
0.119852 0.137494 1 
0.112903 0.113177 1 
0.111803 0.120112 1 
0.0431908 0.0439056 1 
0.0409722 0.0431888 1 
0.0361369 0.0439058 1 
0.0334558 0.0334563 1 
7.16728 7.50972 2 
7.16631 7.57264 2 
6.87572 7.57387 2 
0.449035 1.52017 2 
0.343095 0.343184 2 
0.30316 0.313052 2 
0.281685 0.315033 2 
0.230037 0.264139 2 
0.178432 0.194277 2 
0.176855 0.216103 2 
0.17509 0.194277 2 
0.167832 0.192994 2 
0.151476 0.191053 2 
0.144112 0.157509 2 
0.140614 0.161802 2 
0.139515 0.156528 2 
0.137493 0.138841 2 
0.13498 0.146895 2 
0.134289 0.149411 2 
0.0984917 0.119331 2 
0.0905992 0.106385 2 
0.0696439 0.073128 2 
0.0492444 0.0511059 2 
0.0424669 0.0466498 2 
0.392276 1.53643 3 
0.3296 0.331008 3 
0.269614 0.277123 3 
0.254061 0.266364 3 
0.253818 0.262842 3 
0.230578 0.342912 3 
0.164847 0.187604 3 
0.161994 0.162375 3 
0.159664 0.175438 3 
0.14668 0.162189 3 
0.142376 0.16653 3 
0.139292 0.160449 3 
0.138842 0.14562 3 
0.137943 0.141503 3 
0.0929736 0.102511 3 
0.0645463 0.0664452 3 
0.0635746 0.0635766 3 
3.39897 3.45573 4 
1.28325 1.29295 4 
1.27743 1.30878 4 
0.403818 1.33733 4 
0.314538 0.33623 4 
0.287583 0.343731 4 
0.266136 0.281464 4 
0.253812 0.35045 4 
0.207739 0.265549 4 
0.159091 0.169496 4 
0.154524 0.17703 4 
0.136131 0.145834 4 
0.0784601 0.084926 4 
1.08585 1.18763 5 
1.08083 1.18616 5 
0.821356 1.19931 5 
0.488651 0.494035 5 
0.322734 0.342458 5 
0.303676 0.327136 5 
0.289416 0.296523 5 
0.2829 0.335952 5 
0.278913 0.279136 5 
0.257829 0.271569 5 
0.184767 0.19934 5 
0.170771 0.182388 5 
0.144978 0.173124 5 
0.137942 0.15573 5 
0.0885148 0.0926312 5 
0.0819487 0.0952768 5 
2.98027 3.29035 6 
2.86506 3.35106 6 
2.75299 3.07628 6 
2.7423 3.07442 6 
1.06824 1.11642 6 
1.05196 1.07932 6 
1.04912 1.07771 6 
0.990035 1.09853 6 
0.990035 1.09289 6 
0.302749 0.315917 6 
0.295578 0.299653 6 
0.201046 0.203806 6 
0.189745 0.190396 6 
0.145188 0.162946 6 
0.142598 0.158104 6 
0.118808 0.118811 6 
0.863271 0.976927 7 
0.805939 0.977691 7 
0.207284 0.224155 7 
0.158884 0.167466 7 
0.152909 0.169678 7 
0.150245 0.15271 7 
1.84826 2.03556 8 
0.892832 0.925811 8 
0.840768 0.909178 8 
0.840444 0.910582 8 
0.172764 0.185768 8 
0.16597 0.169312 8 
0.162758 0.190893 8 
0.157709 0.169866 8 
0.150654 0.178772 8 
0.850916 0.851827 9 
0.80692 0.898478 9 
0.403474 0.406245 9 
0.273937 0.278244 9 
0.216235 0.223064 9 
0.191055 0.202275 9 
0.175265 0.218108 9 
0.158111 0.160639 9 
1.5914 1.63435 10 
1.5471 1.6149 10 
0.812414 0.817073 10 
0.721054 0.745678 10 
0.138167 0.140402 10 
1.54969 1.61217 11 
1.54689 1.60619 11 
0.686371 0.688133 11 
0.608474 0.621062 11 
0.572943 0.646285 11 
0.250503 0.261419 11 
0.201046 0.202892 11 
0.147742 0.151683 11 
0.726854 0.7362 12 
0.580707 0.617655 12 
0.5353 0.538482 12 
0.479407 0.516317 12 
0.210982 0.211858 12 
0.779881 0.80038 13 
0.510137 0.542563 13 
0.496853 0.5122 13 
0.468782 0.469507 13 
0.465654 0.506527 13 
0.307337 0.342915 13 
0.300696 0.335209 13 
0.257918 0.267396 13 
0.742005 0.804914 14 
0.479663 0.577541 14 
0.250751 0.2798 14 
1.53846 1.61905 15 
0.770661 0.782663 15 
0.355026 0.409525 15 
1.74532 1.74917 16 
1.71538 1.73286 16 
0.21423 0.226506 16 
1.24558 1.25305 18 
0.248938 0.260699 20 
