0 0.0146953 1 
0 0.0157261 1 
0 0.0229172 1 
0 0.0260659 1 
0 0.0283309 1 
0 0.0294075 1 
0 0.0319276 1 
0 0.0324033 1 
0 0.032405 1 
0 0.0338054 1 
0 0.0342579 1 
0 0.0351456 1 
0 0.0364426 1 
0 0.0372708 1 
0 0.0376965 1 
0 0.0380996 1 
0 0.0380998 1 
0 0.039297 1 
0 0.0412138 1 
0 0.0423243 1 
0 0.043043 1 
0 0.0430443 1 
0 0.0433994 1 
0 0.0437541 1 
0 0.0448045 1 
0 0.0451478 1 
0 0.0461583 1 
0 0.0464968 1 
0 0.0474825 1 
0 0.047483 1 
0 0.047801 1 
0 0.0500167 1 
0 0.0503247 1 
0 0.0503248 1 
0 0.0509331 1 
0 0.0527194 1 
0 0.0527251 1 
0 0.0538825 1 
0 0.0541665 1 
0 0.0541719 1 
0 0.054444 1 
0 0.0547341 1 
0 0.0550169 1 
0 0.0552891 1 
0 0.0552931 1 
0 0.0552968 1 
0 0.0552981 1 
0 0.0558566 1 
0 0.0561272 1 
0 0.0561285 1 
0 0.0577563 1 
0 0.0580184 1 
0 0.0593341 1 
0 0.059337 1 
0 0.0593373 1 
0 0.0603648 1 
0 0.0603676 1 
0 0.061386 1 
0 0.0616354 1 
0 0.0621385 1 
0 0.0633618 1 
0 0.0633631 1 
0 0.0645704 1 
0 0.0655184 1 
0 0.0659902 1 
0 0.0669189 1 
0 0.0669205 1 
0 0.0676084 1 
0 0.0680697 1 
0 0.0691893 1 
0 0.0707346 1 
0 0.0709526 1 
0 0.0783916 1 
0 0.0801488 1 
0 0.0864561 1 
0 0.0887518 1 
0 0.0887536 1 
0 0.0899552 1 
0 0.092826 1 
0 0.104119 1 
0 0.112116 1 
0 0.112388 1 
0 0.119453 1 
0 0.125876 1 
0 0.132798 1 
0 0.13487 1 
0 0.143417 1 
0 0.149018 1 
0 0.150564 1 
0 0.151278 1 
0 0.151794 1 
0 0.1526 1 
0 0.153001 1 
0 0.166258 1 
0 0.172455 1 
0 0.180081 1 
0 0.195372 1 
0 0.204341 1 
0 0.239356 1 
0 0.244905 1 
0 0.254615 1 
0 0.277869 1 
0 0.283207 1 
0 0.338728 1 
0 0.3968 1 
0 0.418055 1 
0 0.447161 1 
0 0.450869 1 
0 0.494 1 
0 0.523835 1 
0 0.551739 1 
0 0.561983 1 
0 0.575024 1 
0 0.583946 1 
0 0.589197 1 
0 0.739908 1 
0 0.771051 1 
0 0.779734 1 
0 0.851658 1 
0 0.865201 1 
0 1.16256 1 
0 1.66219 1 
0 2.41192 1 
0 2.42331 1 
0 2.65991 1 
0 2.87249 1 
0 3.86317 1 
0 4.65089 1 
0 5.74805 1 
0 6.00733 1 
0 6.00736 1 
0 inf 1 
0 0.0260659 2 
0 0.0260659 2 
0 0.0304424 2 
0 0.0342579 2 
0 0.0342579 2 
0 0.0346998 2 
0 0.0347046 2 
0 0.0355811 2 
0 0.0355811 2 
0 0.035585 2 
0 0.0355873 2 
0 0.0360144 2 
0 0.0376876 2 
0 0.0376953 2 
0 0.0381026 2 
0 0.0396923 2 
0 0.0426811 2 
0 0.043759 2 
0 0.0437593 2 
0 0.0441085 2 
0 0.046492 2 
0 0.0464956 2 
0 0.0471452 2 
0 0.0478067 2 
0 0.0484469 2 
0 0.0493902 2 
0 0.0497044 2 
0 0.0503244 2 
0 0.0515354 2 
0 0.0515388 2 
0 0.0518359 2 
0 0.0535964 2 
0 0.0552945 2 
0 0.0552989 2 
0 0.0564022 2 
0 0.0572169 2 
0 0.0572175 2 
0 0.0572204 2 
0 0.0574818 2 
0 0.0574864 2 
0 0.0582836 2 
0 0.0582843 2 
0 0.0593306 2 
0 0.0593355 2 
0 0.0593385 2 
0 0.0595936 2 
0 0.0601123 2 
0 0.0606185 2 
0 0.0611311 2 
0 0.0616282 2 
0 0.0621315 2 
0 0.0633589 2 
0 0.064805 2 
0 0.0655116 2 
0 0.0669189 2 
0 0.0682825 2 
0 0.0700764 2 
0 0.0702963 2 
0 0.0724598 2 
0 0.0726745 2 
0 0.0774095 2 
0 0.077808 2 
0 0.0837353 2 
0 0.0851878 2 
0 0.0880428 2 
0 0.103372 2 
0 0.10961 2 
0 0.113624 2 
0 0.118675 2 
0 0.122265 2 
0 0.142232 2 
0 0.14385 2 
0 0.145877 2 
0 0.147974 2 
0 0.14974 2 
0 0.152402 2 
0 0.154005 2 
0 0.154314 2 
0 0.155509 2 
0 0.162501 2 
0 0.173622 2 
0 0.18042 2 
0 0.195931 2 
0 0.202291 2 
0 0.210156 2 
0 0.210453 2 
0 0.211619 2 
0 0.212273 2 
0 0.219987 2 
0 0.220197 2 
0 0.238772 2 
0 0.311314 2 
0 0.328016 2 
0 0.353934 2 
0 0.405072 2 
0 0.444549 2 
0 0.46966 2 
0 0.472181 2 
0 0.473671 2 
0 0.47414 2 
0 0.483311 2 
0 0.530485 2 
0 0.612702 2 
0 0.618755 2 
0 0.640701 2 
0 0.64301 2 
0 0.665323 2 
0 0.685062 2 
0 0.693653 2 
0 0.704992 2 
0 0.709021 2 
0 0.747209 2 
0 1.10296 2 
0 1.14776 2 
0 1.487 2 
0 1.84642 2 
0 2.0898 2 
0 2.2087 2 
0 3.40289 2 
0 3.66597 2 
0 4.09833 2 
0 4.21407 2 
0 4.27578 2 
0 4.50846 2 
0 4.69627 2 
0 4.9196 2 
0 5.13486 2 
0 inf 2 
0 0.0207929 3 
0 0.0215188 3 
0 0.0248472 3 
0 0.027792 3 
0 0.0288675 3 
0 0.0294077 3 
0 0.0328745 3 
0 0.0328782 3 
0 0.0333413 3 
0 0.0342531 3 
0 0.0346966 3 
0 0.0360175 3 
0 0.0380912 3 
0 0.0408364 3 
0 0.0408412 3 
0 0.0423233 3 
0 0.0423238 3 
0 0.0437607 3 
0 0.0451445 3 
0 0.045145 3 
0 0.050016 3 
0 0.050016 3 
0 0.0500171 3 
0 0.0518351 3 
0 0.0527236 3 
0 0.0530153 3 
0 0.0538804 3 
0 0.0541655 3 
0 0.0541667 3 
0 0.0552958 3 
0 0.0590732 3 
0 0.0593383 3 
0 0.0595898 3 
0 0.0603694 3 
0 0.0608721 3 
0 0.0626278 3 
0 0.0633646 3 
0 0.0643303 3 
0 0.0648076 3 
0 0.0669166 3 
0 0.0676041 3 
0 0.0676091 3 
0 0.0682923 3 
0 0.0707366 3 
0 0.0707384 3 
0 0.0739314 3 
0 0.0780019 3 
0 0.0784016 3 
0 0.0791757 3 
0 0.080726 3 
0 0.0807272 3 
0 0.0822412 3 
0 0.0941485 3 
0 0.12087 3 
0 0.12176 3 
0 0.123272 3 
0 0.128303 3 
0 0.129028 3 
0 0.129977 3 
0 0.13373 3 
0 0.134071 3 
0 0.134073 3 
0 0.150567 3 
0 0.154011 3 
0 0.154615 3 
0 0.170476 3 
0 0.178959 3 
0 0.184653 3 
0 0.184985 3 
0 0.187226 3 
0 0.193789 3 
0 0.198438 3 
0 0.202291 3 
0 0.204566 3 
0 0.205094 3 
0 0.20779 3 
0 0.21667 3 
0 0.217099 3 
0 0.247354 3 
0 0.286357 3 
0 0.337439 3 
0 0.338303 3 
0 0.349059 3 
0 0.37949 3 
0 0.382131 3 
0 0.38711 3 
0 0.398724 3 
0 0.41469 3 
0 0.419429 3 
0 0.480325 3 
0 0.48732 3 
0 0.509559 3 
0 0.523889 3 
0 0.54932 3 
0 0.554691 3 
0 0.569368 3 
0 0.575629 3 
0 0.591718 3 
0 0.603524 3 
0 0.607222 3 
0 0.635433 3 
0 0.642148 3 
0 0.651318 3 
0 0.656347 3 
0 0.742378 3 
0 0.779233 3 
0 1.32048 3 
0 1.48047 3 
0 1.53462 3 
0 2.08348 3 
0 2.08921 3 
0 2.47444 3 
0 2.5407 3 
0 2.63795 3 
0 2.64284 3 
0 2.64413 3 
0 2.6805 3 
0 2.6829 3 
0 2.69283 3 
0 3.27188 3 
0 4.04568 3 
0 4.05038 3 
0 4.05352 3 
0 inf 3 
0 0.02779 4 
0 0.0304385 4 
0 0.0324029 4 
0 0.0328843 4 
0 0.036019 4 
0 0.0380912 4 
0 0.0400674 4 
0 0.0408344 4 
0 0.0426874 4 
0 0.0454862 4 
0 0.0454922 4 
0 0.0461583 4 
0 0.0464975 4 
0 0.0468233 4 
0 0.0468302 4 
0 0.0481248 4 
0 0.0497072 4 
0 0.0512371 4 
0 0.0515333 4 
0 0.0518329 4 
0 0.0527231 4 
0 0.0541624 4 
0 0.054167 4 
0 0.0566715 4 
0 0.0572194 4 
0 0.0574909 4 
0 0.0580173 4 
0 0.0585526 4 
0 0.0588076 4 
0 0.0588103 4 
0 0.0601104 4 
0 0.060626 4 
0 0.0613805 4 
0 0.0616381 4 
0 0.0623797 4 
0 0.0631169 4 
0 0.066454 4 
0 0.0702915 4 
0 0.070727 4 
0 0.0709589 4 
0 0.0732996 4 
0 0.0774106 4 
0 0.0778031 4 
0 0.0778057 4 
0 0.0785919 4 
0 0.0899508 4 
0 0.108048 4 
0 0.117104 4 
0 0.117763 4 
0 0.121633 4 
0 0.124386 4 
0 0.126245 4 
0 0.131747 4 
0 0.131976 4 
0 0.132916 4 
0 0.134761 4 
0 0.138603 4 
0 0.152296 4 
0 0.180933 4 
0 0.186648 4 
0 0.199756 4 
0 0.210889 4 
0 0.217022 4 
0 0.217022 4 
0 0.228596 4 
0 0.253702 4 
0 0.295838 4 
0 0.298191 4 
0 0.298399 4 
0 0.328217 4 
0 0.330607 4 
0 0.336933 4 
0 0.347547 4 
0 0.355759 4 
0 0.357718 4 
0 0.3591 4 
0 0.417924 4 
0 0.441535 4 
0 0.448199 4 
0 0.458763 4 
0 0.466723 4 
0 0.486249 4 
0 0.497014 4 
0 0.522235 4 
0 0.529896 4 
0 0.535937 4 
0 0.539362 4 
0 0.547349 4 
0 0.560797 4 
0 0.561579 4 
0 0.563364 4 
0 0.563987 4 
0 0.568243 4 
0 0.62383 4 
0 0.625733 4 
0 0.648802 4 
0 0.752543 4 
0 0.778978 4 
0 1.1122 4 
0 1.19358 4 
0 1.24574 4 
0 1.47824 4 
0 1.58671 4 
0 1.59025 4 
0 1.59466 4 
0 1.75622 4 
0 1.93054 4 
0 2.35057 4 
0 2.35638 4 
0 2.35643 4 
0 2.35674 4 
0 2.57373 4 
0 2.57373 4 
0 2.58875 4 
0 2.72752 4 
0 2.87005 4 
0 2.95731 4 
0 2.95741 4 
0 2.95747 4 
0 inf 4 
0 0.0309406 5 
0 0.0324095 5 
0 0.0372767 5 
0 0.0380923 5 
0 0.0408308 5 
0 0.0419524 5 
0 0.0419546 5 
0 0.0430444 5 
0 0.0434004 5 
0 0.0441034 5 
0 0.0444602 5 
0 0.0444615 5 
0 0.0448023 5 
0 0.0461588 5 
0 0.0461594 5 
0 0.049078 5 
0 0.0500128 5 
0 0.0506266 5 
0 0.0521319 5 
0 0.0550097 5 
0 0.0580213 5 
0 0.0611302 5 
0 0.0623796 5 
0 0.0633592 5 
0 0.0633727 5 
0 0.0664564 5 
0 0.066692 5 
0 0.0671425 5 
0 0.0691903 5 
0 0.0716018 5 
0 0.0720357 5 
0 0.0724601 5 
0 0.0730952 5 
0 0.0733054 5 
0 0.0733059 5 
0 0.0844678 5 
0 0.0972207 5 
0 0.103824 5 
0 0.104565 5 
0 0.105594 5 
0 0.108059 5 
0 0.118414 5 
0 0.118933 5 
0 0.12439 5 
0 0.129261 5 
0 0.132096 5 
0 0.133262 5 
0 0.135217 5 
0 0.148081 5 
0 0.149019 5 
0 0.149738 5 
0 0.150662 5 
0 0.151787 5 
0 0.167277 5 
0 0.186233 5 
0 0.197735 5 
0 0.244397 5 
0 0.253032 5 
0 0.283279 5 
0 0.289734 5 
0 0.299535 5 
0 0.315809 5 
0 0.318459 5 
0 0.342906 5 
0 0.351928 5 
0 0.398279 5 
0 0.408375 5 
0 0.417796 5 
0 0.425994 5 
0 0.443628 5 
0 0.459311 5 
0 0.460132 5 
0 0.461304 5 
0 0.468011 5 
0 0.492142 5 
0 0.492393 5 
0 0.51628 5 
0 0.522964 5 
0 0.530179 5 
0 0.531148 5 
0 0.5404 5 
0 0.541428 5 
0 0.543818 5 
0 0.553435 5 
0 0.557521 5 
0 0.577639 5 
0 0.577959 5 
0 0.579027 5 
0 0.79078 5 
0 0.908578 5 
0 0.91934 5 
0 1.11965 5 
0 1.3566 5 
0 1.36349 5 
0 1.37733 5 
0 1.38454 5 
0 1.50122 5 
0 1.57202 5 
0 1.65414 5 
0 1.65501 5 
0 1.65897 5 
0 1.66358 5 
0 1.73994 5 
0 2.06636 5 
0 2.09143 5 
0 2.0932 5 
0 2.09385 5 
0 2.39726 5 
0 2.4308 5 
0 2.43406 5 
0 2.44447 5 
0 2.71788 5 
0 2.71822 5 
0 2.7186 5 
0 2.72022 5 
0 inf 5 
0 0.0222345 6 
0 0.0304388 6 
0 0.0304419 6 
0 0.0347036 6 
0 0.0364423 6 
0 0.0376898 6 
0 0.0423233 6 
0 0.0490786 6 
0 0.0496997 6 
0 0.05388 6 
0 0.0564001 6 
0 0.0569428 6 
0 0.0585495 6 
0 0.0601129 6 
0 0.0603677 6 
0 0.0618799 6 
0 0.0626285 6 
0 0.0626334 6 
0 0.0633667 6 
0 0.0694123 6 
0 0.0696322 6 
0 0.069853 6 
0 0.072672 6 
0 0.0737237 6 
0 0.0763934 6 
0 0.0779939 6 
0 0.0783967 6 
0 0.0812974 6 
0 0.0812974 6 
0 0.0873388 6 
0 0.0885728 6 
0 0.0997224 6 
0 0.102322 6 
0 0.105588 6 
0 0.111565 6 
0 0.113077 6 
0 0.116439 6 
0 0.133152 6 
0 0.13545 6 
0 0.145349 6 
0 0.150461 6 
0 0.156298 6 
0 0.160206 6 
0 0.16069 6 
0 0.161548 6 
0 0.167003 6 
0 0.189927 6 
0 0.196482 6 
0 0.211032 6 
0 0.220832 6 
0 0.260074 6 
0 0.287488 6 
0 0.311142 6 
0 0.337442 6 
0 0.339035 6 
0 0.34049 6 
0 0.341983 6 
0 0.358621 6 
0 0.369247 6 
0 0.37633 6 
0 0.382839 6 
0 0.425605 6 
0 0.443211 6 
0 0.444624 6 
0 0.453326 6 
0 0.461529 6 
0 0.465427 6 
0 0.475491 6 
0 0.498758 6 
0 0.501568 6 
0 0.501568 6 
0 0.515412 6 
0 0.518867 6 
0 0.526314 6 
0 0.528071 6 
0 0.535043 6 
0 0.572887 6 
0 0.5973 6 
0 0.603371 6 
0 0.605517 6 
0 0.772142 6 
0 0.959 6 
0 0.973243 6 
0 0.973244 6 
0 1.11657 6 
0 1.1166 6 
0 1.11771 6 
0 1.11916 6 
0 1.11991 6 
0 1.14221 6 
0 1.14299 6 
0 1.33064 6 
0 1.49158 6 
0 1.53702 6 
0 1.53858 6 
0 1.54184 6 
0 1.55078 6 
0 1.6324 6 
0 1.63687 6 
0 1.64192 6 
0 1.65048 6 
0 1.6763 6 
0 1.67713 6 
0 1.98032 6 
0 2.21326 6 
0 2.21409 6 
0 2.21516 6 
0 2.24253 6 
0 2.26454 6 
0 2.30619 6 
0 2.30624 6 
0 inf 6 
0 0.0288808 7 
0 0.031922 7 
0 0.046498 7 
0 0.0500154 7 
0 0.0512362 7 
0 0.0524268 7 
0 0.0550134 7 
0 0.0555753 7 
0 0.0564081 7 
0 0.0572227 7 
0 0.061389 7 
0 0.0621318 7 
0 0.062871 7 
0 0.0671485 7 
0 0.0671489 7 
0 0.0682931 7 
0 0.0718154 7 
0 0.0751806 7 
0 0.0759973 7 
0 0.0783916 7 
0 0.0785862 7 
0 0.0789871 7 
0 0.0797641 7 
0 0.0824246 7 
0 0.0829916 7 
0 0.0860886 7 
0 0.0913192 7 
0 0.0929943 7 
0 0.0972077 7 
0 0.098627 7 
0 0.125626 7 
0 0.130217 7 
0 0.131276 7 
0 0.133724 7 
0 0.135213 7 
0 0.138264 7 
0 0.143848 7 
0 0.158946 7 
0 0.168018 7 
0 0.190738 7 
0 0.199601 7 
0 0.21249 7 
0 0.233443 7 
0 0.283669 7 
0 0.289945 7 
0 0.290426 7 
0 0.290584 7 
0 0.291803 7 
0 0.297682 7 
0 0.300584 7 
0 0.307441 7 
0 0.336958 7 
0 0.363959 7 
0 0.375825 7 
0 0.378405 7 
0 0.398779 7 
0 0.405206 7 
0 0.405688 7 
0 0.405879 7 
0 0.4268 7 
0 0.441535 7 
0 0.506351 7 
0 0.509125 7 
0 0.511093 7 
0 0.513468 7 
0 0.513829 7 
0 0.516144 7 
0 0.517624 7 
0 0.544984 7 
0 0.596673 7 
0 0.605076 7 
0 0.605306 7 
0 0.673428 7 
0 0.674458 7 
0 0.692911 7 
0 0.918465 7 
0 0.924733 7 
0 0.925083 7 
0 0.929807 7 
0 0.931139 7 
0 0.944986 7 
0 0.955722 7 
0 0.959253 7 
0 0.980982 7 
0 1.09815 7 
0 1.10164 7 
0 1.10375 7 
0 1.10626 7 
0 1.11588 7 
0 1.11588 7 
0 1.17573 7 
0 1.50759 7 
0 1.51005 7 
0 1.51235 7 
0 1.54547 7 
0 1.54771 7 
0 1.55954 7 
0 1.67323 7 
0 1.67559 7 
0 1.69169 7 
0 1.7198 7 
0 1.90714 7 
0 1.91857 7 
0 1.91953 7 
0 1.91979 7 
0 1.93966 7 
0 2.22518 7 
0 inf 7 
0 0.0400711 8 
0 0.0503206 8 
0 0.0538786 8 
0 0.0541699 8 
0 0.0555677 8 
0 0.0603713 8 
0 0.0659826 8 
0 0.0707294 8 
0 0.0716024 8 
0 0.0720307 8 
0 0.0728834 8 
0 0.0776019 8 
0 0.0820544 8 
0 0.0835424 8 
0 0.0848289 8 
0 0.0869819 8 
0 0.0919868 8 
0 0.0941481 8 
0 0.0957682 8 
0 0.0984803 8 
0 0.100339 8 
0 0.102476 8 
0 0.114573 8 
0 0.117096 8 
0 0.117493 8 
0 0.130334 8 
0 0.133259 8 
0 0.134529 8 
0 0.140591 8 
0 0.181363 8 
0 0.182545 8 
0 0.185221 8 
0 0.185815 8 
0 0.188211 8 
0 0.195382 8 
0 0.197343 8 
0 0.224779 8 
0 0.257159 8 
0 0.261021 8 
0 0.271871 8 
0 0.271871 8 
0 0.287564 8 
0 0.288208 8 
0 0.293389 8 
0 0.302263 8 
0 0.317844 8 
0 0.361797 8 
0 0.375 8 
0 0.385362 8 
0 0.398598 8 
0 0.402949 8 
0 0.403718 8 
0 0.429253 8 
0 0.44129 8 
0 0.460667 8 
0 0.478908 8 
0 0.503207 8 
0 0.505136 8 
0 0.510519 8 
0 0.512587 8 
0 0.533403 8 
0 0.535715 8 
0 0.535859 8 
0 0.552594 8 
0 0.582071 8 
0 0.587248 8 
0 0.587642 8 
0 0.646733 8 
0 0.656003 8 
0 0.665938 8 
0 0.666927 8 
0 0.782649 8 
0 0.898133 8 
0 0.90997 8 
0 0.933392 8 
0 0.951392 8 
0 1.02786 8 
0 1.04726 8 
0 1.09895 8 
0 1.10288 8 
0 1.10298 8 
0 1.13653 8 
0 1.18476 8 
0 1.21828 8 
0 1.30164 8 
0 1.36769 8 
0 1.41366 8 
0 1.44334 8 
0 1.48601 8 
0 1.48857 8 
0 1.48959 8 
0 1.49754 8 
0 1.49825 8 
0 1.50243 8 
0 1.51058 8 
0 1.51104 8 
0 1.60836 8 
0 1.61711 8 
0 1.64114 8 
0 1.70549 8 
0 1.71633 8 
0 1.86804 8 
0 2.09461 8 
0 inf 8 
0 0.0471522 9 
0 0.0608743 9 
0 0.0628784 9 
0 0.0662211 9 
0 0.0676023 9 
0 0.0696306 9 
0 0.0709517 9 
0 0.0753847 9 
0 0.0795668 9 
0 0.0797593 9 
0 0.0851902 9 
0 0.098478 9 
0 0.099566 9 
0 0.100311 9 
0 0.104705 9 
0 0.104709 9 
0 0.107615 9 
0 0.117498 9 
0 0.129856 9 
0 0.13418 9 
0 0.139268 9 
0 0.150566 9 
0 0.156988 9 
0 0.1615 9 
0 0.165045 9 
0 0.171247 9 
0 0.184983 9 
0 0.192913 9 
0 0.198282 9 
0 0.199525 9 
0 0.250695 9 
0 0.260973 9 
0 0.262792 9 
0 0.278496 9 
0 0.281031 9 
0 0.281031 9 
0 0.287326 9 
0 0.302309 9 
0 0.310922 9 
0 0.315661 9 
0 0.318389 9 
0 0.318826 9 
0 0.340372 9 
0 0.340508 9 
0 0.347993 9 
0 0.354806 9 
0 0.414876 9 
0 0.420789 9 
0 0.426728 9 
0 0.429506 9 
0 0.446647 9 
0 0.46864 9 
0 0.469923 9 
0 0.519737 9 
0 0.523666 9 
0 0.525521 9 
0 0.544286 9 
0 0.579013 9 
0 0.587485 9 
0 0.614543 9 
0 0.640663 9 
0 0.649639 9 
0 0.662367 9 
0 0.730765 9 
0 0.73518 9 
0 0.745702 9 
0 0.765737 9 
0 0.769866 9 
0 0.771069 9 
0 0.789573 9 
0 0.866414 9 
0 0.887822 9 
0 0.943758 9 
0 0.967304 9 
0 0.980116 9 
0 1.09887 9 
0 1.09984 9 
0 1.1033 9 
0 1.10776 9 
0 1.10804 9 
0 1.12066 9 
0 1.24392 9 
0 1.27441 9 
0 1.37284 9 
0 1.40848 9 
0 1.48023 9 
0 1.48028 9 
0 1.48561 9 
0 1.50137 9 
0 1.50375 9 
0 1.51154 9 
0 1.51252 9 
0 1.51504 9 
0 1.53978 9 
0 1.54818 9 
0 1.95884 9 
0 2.02161 9 
0 2.10228 9 
0 2.14762 9 
0 inf 9 
0 0.0294113 10 
0 0.0500182 10 
0 0.0593342 10 
0 0.060363 10 
0 0.0694104 10 
0 0.0735122 10 
0 0.0739336 10 
0 0.0994104 10 
0 0.100957 10 
0 0.103973 10 
0 0.110028 10 
0 0.111975 10 
0 0.113488 10 
0 0.123018 10 
0 0.131511 10 
0 0.132097 10 
0 0.133956 10 
0 0.137686 10 
0 0.140481 10 
0 0.144918 10 
0 0.172324 10 
0 0.173129 10 
0 0.182229 10 
0 0.182232 10 
0 0.184399 10 
0 0.197734 10 
0 0.202692 10 
0 0.231284 10 
0 0.232681 10 
0 0.247041 10 
0 0.256364 10 
0 0.279151 10 
0 0.281186 10 
0 0.290425 10 
0 0.298606 10 
0 0.318243 10 
0 0.327426 10 
0 0.346088 10 
0 0.350742 10 
0 0.357492 10 
0 0.357837 10 
0 0.360171 10 
0 0.398771 10 
0 0.399022 10 
0 0.399324 10 
0 0.407295 10 
0 0.408317 10 
0 0.409404 10 
0 0.409772 10 
0 0.442653 10 
0 0.444141 10 
0 0.454858 10 
0 0.455536 10 
0 0.514924 10 
0 0.516571 10 
0 0.517267 10 
0 0.552909 10 
0 0.553244 10 
0 0.597874 10 
0 0.603555 10 
0 0.746961 10 
0 0.753117 10 
0 0.76814 10 
0 0.802546 10 
0 0.80461 10 
0 0.835227 10 
0 0.83877 10 
0 0.850984 10 
0 0.944487 10 
0 0.956871 10 
0 0.986208 10 
0 1.12099 10 
0 1.12116 10 
0 1.12775 10 
0 1.18532 10 
0 1.18747 10 
0 1.18845 10 
0 1.21444 10 
0 1.23157 10 
0 1.46311 10 
0 1.46353 10 
0 1.47652 10 
0 1.47702 10 
0 1.49891 10 
0 1.50149 10 
0 1.50436 10 
0 1.53762 10 
0 1.56042 10 
0 1.56047 10 
0 1.56502 10 
0 1.59086 10 
0 1.69389 10 
0 1.69449 10 
0 2.08814 10 
0 2.08821 10 
0 inf 10 
0 0.0484488 11 
0 0.0590733 11 
0 0.0716013 11 
0 0.0759946 11 
0 0.0793797 11 
0 0.0793823 11 
0 0.0820215 11 
0 0.096415 11 
0 0.119844 11 
0 0.120993 11 
0 0.135899 11 
0 0.139602 11 
0 0.144386 11 
0 0.15082 11 
0 0.160874 11 
0 0.18204 11 
0 0.187082 11 
0 0.202309 11 
0 0.210119 11 
0 0.219085 11 
0 0.229892 11 
0 0.232222 11 
0 0.236304 11 
0 0.237153 11 
0 0.251454 11 
0 0.258703 11 
0 0.259414 11 
0 0.269421 11 
0 0.280212 11 
0 0.282626 11 
0 0.282987 11 
0 0.284378 11 
0 0.285721 11 
0 0.299635 11 
0 0.311324 11 
0 0.311671 11 
0 0.314102 11 
0 0.34008 11 
0 0.346021 11 
0 0.351702 11 
0 0.373049 11 
0 0.389447 11 
0 0.392488 11 
0 0.441744 11 
0 0.461399 11 
0 0.462302 11 
0 0.484812 11 
0 0.485194 11 
0 0.500473 11 
0 0.536635 11 
0 0.54122 11 
0 0.603221 11 
0 0.603222 11 
0 0.736845 11 
0 0.737348 11 
0 0.746702 11 
0 0.770114 11 
0 0.770274 11 
0 0.770935 11 
0 0.788385 11 
0 0.791512 11 
0 0.796181 11 
0 0.925284 11 
0 0.958321 11 
0 1.04839 11 
0 1.05393 11 
0 1.09477 11 
0 1.09594 11 
0 1.09601 11 
0 1.11106 11 
0 1.11892 11 
0 1.1279 11 
0 1.16201 11 
0 1.16284 11 
0 1.22119 11 
0 1.23852 11 
0 1.24084 11 
0 1.31533 11 
0 1.31689 11 
0 1.48592 11 
0 1.48924 11 
0 1.49541 11 
0 1.49603 11 
0 1.51896 11 
0 1.51916 11 
0 1.51916 11 
0 1.56634 11 
0 1.72478 11 
0 1.72492 11 
0 2.10152 11 
0 2.1044 11 
0 inf 11 
0 0.0880115 12 
0 0.0934861 12 
0 0.0961 12 
0 0.100497 12 
0 0.105443 12 
0 0.106611 12 
0 0.11984 12 
0 0.149427 12 
0 0.151226 12 
0 0.173888 12 
0 0.174949 12 
0 0.183245 12 
0 0.18617 12 
0 0.203133 12 
0 0.209718 12 
0 0.210893 12 
0 0.221255 12 
0 0.232751 12 
0 0.236111 12 
0 0.25817 12 
0 0.263139 12 
0 0.264094 12 
0 0.269293 12 
0 0.273392 12 
0 0.27794 12 
0 0.283375 12 
0 0.306212 12 
0 0.306212 12 
0 0.328063 12 
0 0.328628 12 
0 0.342253 12 
0 0.344278 12 
0 0.349856 12 
0 0.352717 12 
0 0.356545 12 
0 0.357718 12 
0 0.360813 12 
0 0.366708 12 
0 0.431228 12 
0 0.436955 12 
0 0.443097 12 
0 0.468085 12 
0 0.468316 12 
0 0.481862 12 
0 0.486328 12 
0 0.540022 12 
0 0.545144 12 
0 0.614675 12 
0 0.620062 12 
0 0.632684 12 
0 0.737788 12 
0 0.741358 12 
0 0.742783 12 
0 0.743199 12 
0 0.75128 12 
0 0.838583 12 
0 0.83919 12 
0 0.913974 12 
0 0.914329 12 
0 0.949924 12 
0 1.04168 12 
0 1.04737 12 
0 1.04756 12 
0 1.08496 12 
0 1.10201 12 
0 1.1024 12 
0 1.12707 12 
0 1.13633 12 
0 1.13649 12 
0 1.14117 12 
0 1.17946 12 
0 1.22971 12 
0 1.26299 12 
0 1.29371 12 
0 1.41169 12 
0 1.47593 12 
0 1.47629 12 
0 1.48396 12 
0 1.48586 12 
0 1.4868 12 
0 1.50964 12 
0 1.50993 12 
0 1.6011 12 
0 1.6123 12 
0 1.61233 12 
0 1.61623 12 
0 1.65292 12 
0 inf 12 
0 0.110429 13 
0 0.138766 13 
0 0.144812 13 
0 0.180076 13 
0 0.187059 13 
0 0.188214 13 
0 0.198054 13 
0 0.202155 13 
0 0.208161 13 
0 0.221044 13 
0 0.221953 13 
0 0.23028 13 
0 0.24013 13 
0 0.253823 13 
0 0.257501 13 
0 0.261509 13 
0 0.27776 13 
0 0.281225 13 
0 0.281733 13 
0 0.282048 13 
0 0.285653 13 
0 0.308022 13 
0 0.308022 13 
0 0.33056 13 
0 0.332783 13 
0 0.332795 13 
0 0.338899 13 
0 0.345525 13 
0 0.380954 13 
0 0.382289 13 
0 0.400751 13 
0 0.472611 13 
0 0.473753 13 
0 0.473916 13 
0 0.474216 13 
0 0.480909 13 
0 0.484786 13 
0 0.487036 13 
0 0.519768 13 
0 0.521573 13 
0 0.523704 13 
0 0.540422 13 
0 0.540879 13 
0 0.551705 13 
0 0.588291 13 
0 0.59519 13 
0 0.604067 13 
0 0.616022 13 
0 0.618025 13 
0 0.672084 13 
0 0.723087 13 
0 0.737914 13 
0 0.740316 13 
0 0.786972 13 
0 0.792565 13 
0 0.792623 13 
0 0.812387 13 
0 0.813678 13 
0 0.814892 13 
0 0.81669 13 
0 1.09607 13 
0 1.10012 13 
0 1.11296 13 
0 1.11325 13 
0 1.11352 13 
0 1.14556 13 
0 1.16851 13 
0 1.20277 13 
0 1.4231 13 
0 1.43072 13 
0 1.47826 13 
0 1.47874 13 
0 1.47874 13 
0 1.47946 13 
0 1.48124 13 
0 1.49628 13 
0 1.50308 13 
0 1.56071 13 
0 1.56121 13 
0 1.56142 13 
0 1.77965 13 
0 2.01529 13 
0 2.04308 13 
0 inf 13 
0 0.0797606 14 
0 0.116421 14 
0 0.118537 14 
0 0.1563 14 
0 0.167461 14 
0 0.188807 14 
0 0.193708 14 
0 0.232616 14 
0 0.235197 14 
0 0.240641 14 
0 0.249035 14 
0 0.249224 14 
0 0.249398 14 
0 0.254553 14 
0 0.263215 14 
0 0.264542 14 
0 0.264542 14 
0 0.264833 14 
0 0.269678 14 
0 0.278089 14 
0 0.283864 14 
0 0.29244 14 
0 0.293425 14 
0 0.296371 14 
0 0.311068 14 
0 0.311313 14 
0 0.313045 14 
0 0.332086 14 
0 0.332519 14 
0 0.364764 14 
0 0.365611 14 
0 0.365611 14 
0 0.371405 14 
0 0.383932 14 
0 0.38565 14 
0 0.451016 14 
0 0.485736 14 
0 0.493715 14 
0 0.50439 14 
0 0.526996 14 
0 0.590463 14 
0 0.605344 14 
0 0.616958 14 
0 0.62492 14 
0 0.625513 14 
0 0.629283 14 
0 0.630668 14 
0 0.661565 14 
0 0.668253 14 
0 0.676591 14 
0 0.681414 14 
0 0.710808 14 
0 0.738291 14 
0 0.743729 14 
0 0.897325 14 
0 0.897325 14 
0 0.902457 14 
0 1.09765 14 
0 1.09798 14 
0 1.09798 14 
0 1.09832 14 
0 1.10068 14 
0 1.26197 14 
0 1.26274 14 
0 1.26314 14 
0 1.47427 14 
0 1.47519 14 
0 1.49939 14 
0 1.50201 14 
0 1.50423 14 
0 1.50694 14 
0 1.50759 14 
0 1.53295 14 
0 1.53307 14 
0 1.53355 14 
0 1.7049 14 
0 2.10099 14 
0 2.10125 14 
0 2.10187 14 
0 inf 14 
0 0.0662271 15 
0 0.0921636 15 
0 0.137138 15 
0 0.140649 15 
0 0.15391 15 
0 0.18306 15 
0 0.187331 15 
0 0.196648 15 
0 0.207571 15 
0 0.223684 15 
0 0.226768 15 
0 0.228868 15 
0 0.232382 15 
0 0.239421 15 
0 0.241855 15 
0 0.245411 15 
0 0.24574 15 
0 0.259894 15 
0 0.259959 15 
0 0.26922 15 
0 0.269921 15 
0 0.275345 15 
0 0.285151 15 
0 0.285639 15 
0 0.290783 15 
0 0.29474 15 
0 0.29474 15 
0 0.294853 15 
0 0.309421 15 
0 0.313094 15 
0 0.316872 15 
0 0.319541 15 
0 0.32017 15 
0 0.324429 15 
0 0.327226 15 
0 0.365744 15 
0 0.367922 15 
0 0.37693 15 
0 0.379218 15 
0 0.381764 15 
0 0.385427 15 
0 0.432599 15 
0 0.597746 15 
0 0.606041 15 
0 0.690645 15 
0 0.728605 15 
0 0.734011 15 
0 0.786655 15 
0 0.786753 15 
0 0.787047 15 
0 0.843283 15 
0 0.867587 15 
0 1.10913 15 
0 1.16037 15 
0 1.17684 15 
0 1.18214 15 
0 1.18652 15 
0 1.19809 15 
0 1.19836 15 
0 1.3658 15 
0 1.36597 15 
0 1.36633 15 
0 1.4751 15 
0 1.47861 15 
0 1.47995 15 
0 1.5005 15 
0 1.54044 15 
0 1.54049 15 
0 1.54239 15 
0 1.65967 15 
0 1.66009 15 
0 1.66295 15 
0 2.08599 15 
0 2.08646 15 
0 2.08682 15 
0 inf 15 
0 0.0592931 16 
0 0.0964127 16 
0 0.111293 16 
0 0.112254 16 
0 0.113353 16 
0 0.138716 16 
0 0.177595 16 
0 0.210521 16 
0 0.247727 16 
0 0.247727 16 
0 0.254796 16 
0 0.257689 16 
0 0.257748 16 
0 0.258168 16 
0 0.260549 16 
0 0.26055 16 
0 0.261268 16 
0 0.261564 16 
0 0.262271 16 
0 0.271819 16 
0 0.273459 16 
0 0.278553 16 
0 0.279881 16 
0 0.281171 16 
0 0.281885 16 
0 0.28457 16 
0 0.288393 16 
0 0.290305 16 
0 0.298437 16 
0 0.299264 16 
0 0.29942 16 
0 0.303579 16 
0 0.304331 16 
0 0.30509 16 
0 0.306364 16 
0 0.319201 16 
0 0.32137 16 
0 0.449905 16 
0 0.506239 16 
0 0.506726 16 
0 0.656472 16 
0 0.737887 16 
0 0.751187 16 
0 0.773369 16 
0 0.775463 16 
0 0.777193 16 
0 0.796793 16 
0 0.868991 16 
0 0.946093 16 
0 1.06213 16 
0 1.06676 16 
0 1.06846 16 
0 1.06862 16 
0 1.09943 16 
0 1.1808 16 
0 1.18324 16 
0 1.1834 16 
0 1.38569 16 
0 1.39679 16 
0 1.39723 16 
0 1.47979 16 
0 1.48786 16 
0 1.48844 16 
0 1.49143 16 
0 1.50254 16 
0 1.77669 16 
0 1.77724 16 
0 1.77726 16 
0 2.08061 16 
0 2.08941 16 
0 2.09014 16 
0 inf 16 
0 0.138717 17 
0 0.148346 17 
0 0.180726 17 
0 0.182765 17 
0 0.19084 17 
0 0.19522 17 
0 0.210151 17 
0 0.211688 17 
0 0.212271 17 
0 0.212875 17 
0 0.212875 17 
0 0.24358 17 
0 0.255052 17 
0 0.256081 17 
0 0.256081 17 
0 0.256983 17 
0 0.277264 17 
0 0.280586 17 
0 0.291438 17 
0 0.29669 17 
0 0.29745 17 
0 0.297468 17 
0 0.2989 17 
0 0.306402 17 
0 0.30732 17 
0 0.307409 17 
0 0.307609 17 
0 0.310656 17 
0 0.313379 17 
0 0.314706 17 
0 0.316285 17 
0 0.321467 17 
0 0.321707 17 
0 0.652606 17 
0 0.746898 17 
0 0.74822 17 
0 0.749519 17 
0 0.750014 17 
0 0.873999 17 
0 0.922742 17 
0 0.929346 17 
0 0.929982 17 
0 0.931736 17 
0 0.932367 17 
0 0.960682 17 
0 0.964276 17 
0 0.964276 17 
0 0.993148 17 
0 1.10946 17 
0 1.11643 17 
0 1.11696 17 
0 1.12543 17 
0 1.12553 17 
0 1.21614 17 
0 1.26394 17 
0 1.26446 17 
0 1.48304 17 
0 1.48759 17 
0 1.48766 17 
0 1.48953 17 
0 1.51861 17 
0 1.57707 17 
0 1.59003 17 
0 1.59018 17 
0 2.08781 17 
0 2.12332 17 
0 2.12616 17 
0 inf 17 
0 0.0871603 18 
0 0.0928264 18 
0 0.0939842 18 
0 0.127193 18 
0 0.12744 18 
0 0.129483 18 
0 0.197991 18 
0 0.208014 18 
0 0.212077 18 
0 0.21461 18 
0 0.236045 18 
0 0.24026 18 
0 0.250407 18 
0 0.254795 18 
0 0.262217 18 
0 0.262452 18 
0 0.315746 18 
0 0.321837 18 
0 0.324846 18 
0 0.325415 18 
0 0.326463 18 
0 0.327454 18 
0 0.32802 18 
0 0.329522 18 
0 0.33126 18 
0 0.332748 18 
0 0.424984 18 
0 0.458813 18 
0 0.459318 18 
0 0.480515 18 
0 0.7299 18 
0 0.734119 18 
0 0.755697 18 
0 0.757302 18 
0 0.764029 18 
0 0.76421 18 
0 0.764635 18 
0 0.765617 18 
0 0.766725 18 
0 0.768344 18 
0 0.770271 18 
0 0.89802 18 
0 0.91377 18 
0 0.918686 18 
0 1.10043 18 
0 1.10155 18 
0 1.10205 18 
0 1.1042 18 
0 1.22292 18 
0 1.28923 18 
0 1.31022 18 
0 1.31362 18 
0 1.33442 18 
0 1.48292 18 
0 1.484 18 
0 1.48458 18 
0 1.48467 18 
0 1.51182 18 
0 1.51855 18 
0 1.52124 18 
0 1.52221 18 
0 2.12446 18 
0 2.12451 18 
0 inf 18 
0 0.1211 19 
0 0.122999 19 
0 0.127802 19 
0 0.133436 19 
0 0.154812 19 
0 0.158264 19 
0 0.164011 19 
0 0.166813 19 
0 0.16984 19 
0 0.177422 19 
0 0.178117 19 
0 0.182229 19 
0 0.266597 19 
0 0.266655 19 
0 0.26781 19 
0 0.332063 19 
0 0.333364 19 
0 0.334474 19 
0 0.337037 19 
0 0.337266 19 
0 0.3385 19 
0 0.353311 19 
0 0.353617 19 
0 0.357483 19 
0 0.455331 19 
0 0.457665 19 
0 0.457766 19 
0 0.478731 19 
0 0.49117 19 
0 0.500914 19 
0 0.50113 19 
0 0.519947 19 
0 0.520927 19 
0 0.521194 19 
0 0.782338 19 
0 0.782384 19 
0 0.7836 19 
0 0.784546 19 
0 0.786106 19 
0 0.787362 19 
0 0.929698 19 
0 0.930196 19 
0 0.933791 19 
0 1.05257 19 
0 1.10918 19 
0 1.11007 19 
0 1.11057 19 
0 1.11069 19 
0 1.2309 19 
0 1.4944 19 
0 1.49477 19 
0 1.49477 19 
0 1.52207 19 
0 1.5359 19 
0 1.53966 19 
0 1.53977 19 
0 2.0885 19 
0 2.08896 19 
0 3.30318 19 
0 inf 19 
0 0.0613426 20 
0 0.0650093 20 
0 0.08202 20 
0 0.0862709 20 
0 0.0862709 20 
0 0.0918218 20 
0 0.197832 20 
0 0.203373 20 
0 0.209436 20 
0 0.215379 20 
0 0.216023 20 
0 0.220482 20 
0 0.276027 20 
0 0.276863 20 
0 0.277589 20 
0 0.280031 20 
0 0.280638 20 
0 0.310919 20 
0 0.311366 20 
0 0.314916 20 
0 0.315562 20 
0 0.320225 20 
0 0.32138 20 
0 0.360635 20 
0 0.36451 20 
0 0.365525 20 
0 0.431577 20 
0 0.43412 20 
0 0.444741 20 
0 0.446638 20 
0 0.448879 20 
0 0.449302 20 
0 0.449679 20 
0 0.456783 20 
0 0.508526 20 
0 0.514363 20 
0 0.516519 20 
0 0.521873 20 
0 0.792964 20 
0 0.793041 20 
0 0.793256 20 
0 0.801129 20 
0 0.801745 20 
0 0.882998 20 
0 0.989654 20 
0 1.12429 20 
0 1.12473 20 
0 1.24597 20 
0 1.49829 20 
0 1.49836 20 
0 1.49858 20 
0 1.5341 20 
0 1.53415 20 
0 2.07916 20 
0 2.08181 20 
0 inf 20 
