0 0.0389804 1 
0 0.0430964 1 
0 0.0450094 1 
0 0.0450094 1 
0 0.0450175 1 
0 0.04594 1 
0 0.04594 1 
0 0.0486119 1 
0 0.0486176 1 
0 0.0511552 1 
0 0.0527873 1 
0 0.0558858 1 
0 0.0566412 1 
0 0.0595457 1 
0 0.061635 1 
0 0.0681373 1 
0 0.0687476 1 
0 0.0711596 1 
0 0.071758 1 
0 0.0729232 1 
0 0.0752014 1 
0 0.0757657 1 
0 0.0763213 1 
0 0.0768676 1 
0 0.0774176 1 
0 0.0779632 1 
0 0.0795646 1 
0 0.0800948 1 
0 0.0800959 1 
0 0.0801005 1 
0 0.0801005 1 
0 0.0811458 1 
0 0.0826864 1 
0 0.0826892 1 
0 0.0826893 1 
0 0.0837095 1 
0 0.0842049 1 
0 0.0847059 1 
0 0.0866707 1 
0 0.0871692 1 
0 0.0876438 1 
0 0.0895443 1 
0 0.0895556 1 
0 0.0900167 1 
0 0.0909521 1 
0 0.0932427 1 
0 0.0936876 1 
0 0.0945897 1 
0 0.0945931 1 
0 0.0945939 1 
0 0.0967913 1 
0 0.0967913 1 
0 0.0980886 1 
0 0.0989552 1 
0 0.0993799 1 
0 0.0997995 1 
0 0.101891 1 
0 0.103537 1 
0 0.103541 1 
0 0.10476 1 
0 0.106749 1 
0 0.106751 1 
0 0.106752 1 
0 0.107144 1 
0 0.108314 1 
0 0.111391 1 
0 0.11365 1 
0 0.114386 1 
0 0.115116 1 
0 0.122578 1 
0 0.128957 1 
0 0.129605 1 
0 0.133459 1 
0 0.134085 1 
0 0.136275 1 
0 0.137209 1 
0 0.13964 1 
0 0.142336 1 
0 0.143806 1 
0 0.144687 1 
0 0.147287 1 
0 0.147861 1 
0 0.149563 1 
0 0.159395 1 
0 0.160715 1 
0 0.160716 1 
0 0.167908 1 
0 0.169168 1 
0 0.172621 1 
0 0.174562 1 
0 0.175289 1 
0 0.17577 1 
0 0.181904 1 
0 0.194464 1 
0 0.215464 1 
0 0.220691 1 
0 0.222593 1 
0 0.257419 1 
0 0.258239 1 
0 0.266441 1 
0 0.279579 1 
0 0.291414 1 
0 0.293555 1 
0 0.315201 1 
0 0.386981 1 
0 0.399103 1 
0 0.408932 1 
0 0.412421 1 
0 0.415888 1 
0 0.418087 1 
0 0.440452 1 
0 0.446175 1 
0 0.465069 1 
0 0.465225 1 
0 0.487738 1 
0 0.607706 1 
0 0.715722 1 
0 0.738073 1 
0 0.835888 1 
0 0.850276 1 
0 0.859803 1 
0 0.880362 1 
0 1.39935 1 
0 2.23363 1 
0 2.29238 1 
0 3.04204 1 
0 3.08305 1 
0 4.51088 1 
0 4.86187 1 
0 4.9091 1 
0 5.31992 1 
0 inf 1 
0 0.0389805 2 
0 0.045948 2 
0 0.0486213 2 
0 0.0503175 2 
0 0.0503211 2 
0 0.0527804 2 
0 0.0527873 2 
0 0.0535659 2 
0 0.0535745 2 
0 0.054357 2 
0 0.060943 2 
0 0.0656129 2 
0 0.0687583 2 
0 0.0693645 2 
0 0.0699719 2 
0 0.0699798 2 
0 0.0711635 2 
0 0.0717519 2 
0 0.0717647 2 
0 0.0735037 2 
0 0.0746341 2 
0 0.0763222 2 
0 0.0774126 2 
0 0.0790322 2 
0 0.0795635 2 
0 0.079575 2 
0 0.0800914 2 
0 0.0801028 2 
0 0.081139 2 
0 0.0811423 2 
0 0.0821722 2 
0 0.0831968 2 
0 0.0832007 2 
0 0.0837051 2 
0 0.0842038 2 
0 0.0842038 2 
0 0.0856929 2 
0 0.087165 2 
0 0.0881276 2 
0 0.095037 2 
0 0.0963552 2 
0 0.0976703 2 
0 0.101478 2 
0 0.103943 2 
0 0.105959 2 
0 0.109865 2 
0 0.109867 2 
0 0.111013 2 
0 0.112523 2 
0 0.114386 2 
0 0.115118 2 
0 0.115485 2 
0 0.11694 2 
0 0.121195 2 
0 0.121542 2 
0 0.12155 2 
0 0.122579 2 
0 0.122921 2 
0 0.123261 2 
0 0.126977 2 
0 0.126977 2 
0 0.128303 2 
0 0.129605 2 
0 0.130253 2 
0 0.130576 2 
0 0.131869 2 
0 0.131869 2 
0 0.132508 2 
0 0.1344 2 
0 0.135968 2 
0 0.139942 2 
0 0.145264 2 
0 0.148712 2 
0 0.152355 2 
0 0.154832 2 
0 0.166398 2 
0 0.17164 2 
0 0.180972 2 
0 0.188961 2 
0 0.216444 2 
0 0.224103 2 
0 0.233694 2 
0 0.235318 2 
0 0.252957 2 
0 0.275923 2 
0 0.276701 2 
0 0.30011 2 
0 0.32509 2 
0 0.326412 2 
0 0.330241 2 
0 0.330242 2 
0 0.33632 2 
0 0.341306 2 
0 0.373208 2 
0 0.374583 2 
0 0.377833 2 
0 0.384469 2 
0 0.392608 2 
0 0.405822 2 
0 0.40748 2 
0 0.428662 2 
0 0.480232 2 
0 0.48074 2 
0 0.532206 2 
0 0.576363 2 
0 0.577032 2 
0 0.603054 2 
0 0.616339 2 
0 0.654864 2 
0 0.676976 2 
0 0.690858 2 
0 0.719647 2 
0 0.74218 2 
0 0.794062 2 
0 1.19356 2 
0 1.89047 2 
0 1.89612 2 
0 2.01425 2 
0 2.38674 2 
0 3.45036 2 
0 3.49301 2 
0 3.86667 2 
0 3.92608 2 
0 3.93403 2 
0 4.05883 2 
0 4.13109 2 
0 4.20313 2 
0 inf 2 
0 0.0275633 3 
0 0.0468482 3 
0 0.0494767 3 
0 0.0573867 3 
0 0.05811 3 
0 0.0581163 3 
0 0.0595457 3 
0 0.0595457 3 
0 0.0602552 3 
0 0.0616338 3 
0 0.0623134 3 
0 0.0636546 3 
0 0.0636586 3 
0 0.0649661 3 
0 0.0675148 3 
0 0.0675215 3 
0 0.0681319 3 
0 0.0681374 3 
0 0.0729182 3 
0 0.0729182 3 
0 0.0740693 3 
0 0.0763174 3 
0 0.0774114 3 
0 0.0779632 3 
0 0.0811446 3 
0 0.0826866 3 
0 0.0842114 3 
0 0.0847103 3 
0 0.0876419 3 
0 0.0914202 3 
0 0.0963588 3 
0 0.0963588 3 
0 0.0963598 3 
0 0.0989487 3 
0 0.100227 3 
0 0.100648 3 
0 0.102314 3 
0 0.10354 3 
0 0.113268 3 
0 0.115484 3 
0 0.115858 3 
0 0.117658 3 
0 0.119436 3 
0 0.123604 3 
0 0.123606 3 
0 0.130576 3 
0 0.140538 3 
0 0.146426 3 
0 0.147286 3 
0 0.147865 3 
0 0.148997 3 
0 0.15069 3 
0 0.155374 3 
0 0.158871 3 
0 0.166655 3 
0 0.1709 3 
0 0.173836 3 
0 0.175534 3 
0 0.179804 3 
0 0.181898 3 
0 0.185132 3 
0 0.186718 3 
0 0.187166 3 
0 0.196839 3 
0 0.198953 3 
0 0.200654 3 
0 0.22655 3 
0 0.230393 3 
0 0.242029 3 
0 0.24636 3 
0 0.268458 3 
0 0.278067 3 
0 0.27943 3 
0 0.28109 3 
0 0.283179 3 
0 0.28318 3 
0 0.286293 3 
0 0.287766 3 
0 0.289373 3 
0 0.30737 3 
0 0.308439 3 
0 0.313998 3 
0 0.315606 3 
0 0.327034 3 
0 0.336825 3 
0 0.358081 3 
0 0.36267 3 
0 0.384133 3 
0 0.427716 3 
0 0.478399 3 
0 0.484518 3 
0 0.523077 3 
0 0.529422 3 
0 0.53036 3 
0 0.530747 3 
0 0.531712 3 
0 0.535742 3 
0 0.539292 3 
0 0.555527 3 
0 0.573635 3 
0 0.578028 3 
0 0.585509 3 
0 0.600946 3 
0 0.657047 3 
0 0.742919 3 
0 0.776856 3 
0 1.09869 3 
0 1.13724 3 
0 1.29205 3 
0 1.57686 3 
0 1.57911 3 
0 1.57943 3 
0 1.80887 3 
0 1.81908 3 
0 2.19509 3 
0 2.82651 3 
0 2.96085 3 
0 3.36112 3 
0 3.36828 3 
0 3.36829 3 
0 3.80683 3 
0 3.82645 3 
0 3.83435 3 
0 inf 3 
0 0.0389781 4 
0 0.0468443 4 
0 0.0477373 4 
0 0.0494748 4 
0 0.0573787 4 
0 0.0573787 4 
0 0.0588275 4 
0 0.0588338 4 
0 0.0656144 4 
0 0.066245 4 
0 0.0693618 4 
0 0.0699732 4 
0 0.0699732 4 
0 0.0723431 4 
0 0.0746426 4 
0 0.0746433 4 
0 0.0752075 4 
0 0.0763138 4 
0 0.0779585 4 
0 0.0790391 4 
0 0.0800994 4 
0 0.0871592 4 
0 0.0890787 4 
0 0.0914132 4 
0 0.0914182 4 
0 0.0932446 4 
0 0.0980992 4 
0 0.100224 4 
0 0.103129 4 
0 0.105955 4 
0 0.105963 4 
0 0.111768 4 
0 0.11438 4 
0 0.122233 4 
0 0.122925 4 
0 0.12361 4 
0 0.124292 4 
0 0.127967 4 
0 0.128298 4 
0 0.13155 4 
0 0.132184 4 
0 0.132184 4 
0 0.13597 4 
0 0.136273 4 
0 0.136888 4 
0 0.136893 4 
0 0.138119 4 
0 0.146422 4 
0 0.15887 4 
0 0.166145 4 
0 0.172133 4 
0 0.194464 4 
0 0.206055 4 
0 0.210913 4 
0 0.2133 4 
0 0.215074 4 
0 0.222227 4 
0 0.223545 4 
0 0.225214 4 
0 0.229119 4 
0 0.229134 4 
0 0.234237 4 
0 0.241512 4 
0 0.242906 4 
0 0.26549 4 
0 0.278525 4 
0 0.279127 4 
0 0.27963 4 
0 0.28747 4 
0 0.290392 4 
0 0.302206 4 
0 0.311198 4 
0 0.314268 4 
0 0.322346 4 
0 0.326909 4 
0 0.338965 4 
0 0.348278 4 
0 0.385104 4 
0 0.389141 4 
0 0.390549 4 
0 0.399536 4 
0 0.475095 4 
0 0.477852 4 
0 0.479713 4 
0 0.493014 4 
0 0.52323 4 
0 0.531784 4 
0 0.531792 4 
0 0.541758 4 
0 0.547117 4 
0 0.547117 4 
0 0.564146 4 
0 0.570174 4 
0 0.574816 4 
0 0.602431 4 
0 0.604389 4 
0 0.665942 4 
0 0.734049 4 
0 0.751953 4 
0 1.00556 4 
0 1.0313 4 
0 1.03616 4 
0 1.03697 4 
0 1.10333 4 
0 1.75364 4 
0 1.78239 4 
0 1.81914 4 
0 1.82938 4 
0 2.17117 4 
0 2.17467 4 
0 2.17467 4 
0 2.26201 4 
0 2.29919 4 
0 2.40009 4 
0 2.65238 4 
0 2.77469 4 
0 3.23275 4 
0 3.24296 4 
0 3.24322 4 
0 inf 4 
0 0.0535745 5 
0 0.0623149 5 
0 0.0643157 5 
0 0.0675093 5 
0 0.0675215 5 
0 0.0705663 5 
0 0.0717647 5 
0 0.0734975 5 
0 0.0768652 5 
0 0.0785018 5 
0 0.0795629 5 
0 0.0826856 5 
0 0.0831947 5 
0 0.0832013 5 
0 0.0876408 5 
0 0.0900167 5 
0 0.0904917 5 
0 0.0909523 5 
0 0.0945916 5 
0 0.0954803 5 
0 0.0972323 5 
0 0.0980934 5 
0 0.0998069 5 
0 0.111767 5 
0 0.112521 5 
0 0.1129 5 
0 0.113278 5 
0 0.113279 5 
0 0.113279 5 
0 0.114392 5 
0 0.114744 5 
0 0.114747 5 
0 0.118021 5 
0 0.121539 5 
0 0.12597 5 
0 0.126307 5 
0 0.140846 5 
0 0.141738 5 
0 0.144393 5 
0 0.147001 5 
0 0.148718 5 
0 0.148718 5 
0 0.154557 5 
0 0.157796 5 
0 0.159664 5 
0 0.166391 5 
0 0.166898 5 
0 0.167909 5 
0 0.16791 5 
0 0.170899 5 
0 0.173108 5 
0 0.179571 5 
0 0.224423 5 
0 0.231338 5 
0 0.243475 5 
0 0.25246 5 
0 0.260667 5 
0 0.282435 5 
0 0.290676 5 
0 0.306098 5 
0 0.316584 5 
0 0.321872 5 
0 0.324484 5 
0 0.330285 5 
0 0.333422 5 
0 0.340196 5 
0 0.365327 5 
0 0.382696 5 
0 0.416707 5 
0 0.426318 5 
0 0.426318 5 
0 0.434254 5 
0 0.490784 5 
0 0.497338 5 
0 0.509656 5 
0 0.510639 5 
0 0.512299 5 
0 0.513614 5 
0 0.527525 5 
0 0.529369 5 
0 0.530397 5 
0 0.53226 5 
0 0.537903 5 
0 0.541799 5 
0 0.569151 5 
0 0.570538 5 
0 0.576008 5 
0 0.585312 5 
0 0.719647 5 
0 0.73721 5 
0 0.821219 5 
0 0.821682 5 
0 0.822298 5 
0 0.830773 5 
0 0.911063 5 
0 1.12173 5 
0 1.39349 5 
0 1.45708 5 
0 1.49814 5 
0 1.50881 5 
0 1.51195 5 
0 1.51418 5 
0 1.5173 5 
0 1.76036 5 
0 1.82746 5 
0 1.85649 5 
0 1.85677 5 
0 1.85895 5 
0 1.94194 5 
0 1.9735 5 
0 1.97374 5 
0 1.97598 5 
0 1.9898 5 
0 2.09707 5 
0 2.23903 5 
0 inf 5 
0 0.0389842 6 
0 0.04595 6 
0 0.059538 6 
0 0.0595441 6 
0 0.0649591 6 
0 0.0649676 6 
0 0.0668927 6 
0 0.068137 6 
0 0.0681427 6 
0 0.072338 6 
0 0.076315 6 
0 0.0779562 6 
0 0.0847027 6 
0 0.0856983 6 
0 0.0895484 6 
0 0.0900162 6 
0 0.0932447 6 
0 0.0985257 6 
0 0.10948 6 
0 0.109866 6 
0 0.112898 6 
0 0.116576 6 
0 0.116576 6 
0 0.123602 6 
0 0.125296 6 
0 0.131549 6 
0 0.131867 6 
0 0.135657 6 
0 0.139636 6 
0 0.142035 6 
0 0.14439 6 
0 0.145559 6 
0 0.147856 6 
0 0.148714 6 
0 0.154282 6 
0 0.155642 6 
0 0.156454 6 
0 0.17601 6 
0 0.188518 6 
0 0.189411 6 
0 0.194466 6 
0 0.195547 6 
0 0.198762 6 
0 0.201085 6 
0 0.201085 6 
0 0.236571 6 
0 0.240814 6 
0 0.244962 6 
0 0.248212 6 
0 0.259539 6 
0 0.265974 6 
0 0.267996 6 
0 0.271922 6 
0 0.274864 6 
0 0.295975 6 
0 0.301217 6 
0 0.343494 6 
0 0.352707 6 
0 0.355093 6 
0 0.392518 6 
0 0.393912 6 
0 0.395196 6 
0 0.415195 6 
0 0.450009 6 
0 0.482508 6 
0 0.500485 6 
0 0.503175 6 
0 0.506935 6 
0 0.506943 6 
0 0.511494 6 
0 0.523709 6 
0 0.526304 6 
0 0.526304 6 
0 0.530141 6 
0 0.530508 6 
0 0.535556 6 
0 0.537727 6 
0 0.550424 6 
0 0.556297 6 
0 0.556601 6 
0 0.568752 6 
0 0.6908 6 
0 0.702915 6 
0 0.710553 6 
0 0.745177 6 
0 0.759815 6 
0 0.780005 6 
0 0.891731 6 
0 0.89575 6 
0 0.941147 6 
0 0.956052 6 
0 1.10344 6 
0 1.18352 6 
0 1.40534 6 
0 1.40679 6 
0 1.4111 6 
0 1.4111 6 
0 1.4209 6 
0 1.4224 6 
0 1.42288 6 
0 1.42418 6 
0 1.42634 6 
0 1.45277 6 
0 1.46537 6 
0 1.46886 6 
0 1.52056 6 
0 1.76449 6 
0 1.76711 6 
0 1.76957 6 
0 1.77017 6 
0 1.77402 6 
0 inf 6 
0 0.0558874 7 
0 0.060943 7 
0 0.0629845 7 
0 0.0795658 7 
0 0.0852052 7 
0 0.0871585 7 
0 0.087646 7 
0 0.0904858 7 
0 0.0904902 7 
0 0.0923375 7 
0 0.0997986 7 
0 0.0998022 7 
0 0.103944 7 
0 0.103947 7 
0 0.107541 7 
0 0.109486 7 
0 0.111014 7 
0 0.112526 7 
0 0.114383 7 
0 0.115121 7 
0 0.117305 7 
0 0.118723 7 
0 0.126644 7 
0 0.126973 7 
0 0.128294 7 
0 0.134715 7 
0 0.138428 7 
0 0.142339 7 
0 0.142632 7 
0 0.143514 7 
0 0.157805 7 
0 0.160716 7 
0 0.171144 7 
0 0.176236 7 
0 0.190729 7 
0 0.195761 7 
0 0.198972 7 
0 0.23869 7 
0 0.240987 7 
0 0.245669 7 
0 0.248748 7 
0 0.250065 7 
0 0.250423 7 
0 0.260679 7 
0 0.262278 7 
0 0.26641 7 
0 0.272672 7 
0 0.274869 7 
0 0.292556 7 
0 0.295998 7 
0 0.309383 7 
0 0.319064 7 
0 0.351185 7 
0 0.374901 7 
0 0.378932 7 
0 0.406342 7 
0 0.410681 7 
0 0.433977 7 
0 0.441974 7 
0 0.472176 7 
0 0.498717 7 
0 0.507739 7 
0 0.512037 7 
0 0.514256 7 
0 0.515486 7 
0 0.520698 7 
0 0.52125 7 
0 0.522141 7 
0 0.530878 7 
0 0.549576 7 
0 0.556298 7 
0 0.558661 7 
0 0.575337 7 
0 0.576216 7 
0 0.684282 7 
0 0.695464 7 
0 0.698033 7 
0 0.709369 7 
0 0.713581 7 
0 0.720702 7 
0 0.732785 7 
0 0.794267 7 
0 0.889746 7 
0 0.925119 7 
0 0.969762 7 
0 1.0578 7 
0 1.06189 7 
0 1.08478 7 
0 1.11389 7 
0 1.12007 7 
0 1.12728 7 
0 1.13534 7 
0 1.1635 7 
0 1.17269 7 
0 1.17499 7 
0 1.21328 7 
0 1.40246 7 
0 1.41576 7 
0 1.42159 7 
0 1.42784 7 
0 1.47364 7 
0 1.48364 7 
0 1.74857 7 
0 1.75667 7 
0 1.76185 7 
0 1.76682 7 
0 1.76682 7 
0 inf 7 
0 0.0503277 8 
0 0.0790292 8 
0 0.081148 8 
0 0.0895544 8 
0 0.091877 8 
0 0.0932417 8 
0 0.0945911 8 
0 0.0945959 8 
0 0.109484 8 
0 0.128294 8 
0 0.131866 8 
0 0.13565 8 
0 0.13627 8 
0 0.138425 8 
0 0.141733 8 
0 0.143224 8 
0 0.143518 8 
0 0.144388 8 
0 0.146717 8 
0 0.147013 8 
0 0.15236 8 
0 0.154286 8 
0 0.164867 8 
0 0.16614 8 
0 0.170902 8 
0 0.173839 8 
0 0.174565 8 
0 0.176962 8 
0 0.178157 8 
0 0.203369 8 
0 0.216204 8 
0 0.219113 8 
0 0.221983 8 
0 0.223173 8 
0 0.230422 8 
0 0.230607 8 
0 0.247381 8 
0 0.248438 8 
0 0.259538 8 
0 0.261471 8 
0 0.265316 8 
0 0.266427 8 
0 0.272392 8 
0 0.275622 8 
0 0.292424 8 
0 0.29729 8 
0 0.297291 8 
0 0.302219 8 
0 0.320387 8 
0 0.32065 8 
0 0.456816 8 
0 0.479705 8 
0 0.489457 8 
0 0.491618 8 
0 0.492125 8 
0 0.501588 8 
0 0.501872 8 
0 0.503324 8 
0 0.503736 8 
0 0.512546 8 
0 0.524101 8 
0 0.553783 8 
0 0.558433 8 
0 0.564447 8 
0 0.57158 8 
0 0.572742 8 
0 0.582573 8 
0 0.584886 8 
0 0.590275 8 
0 0.696217 8 
0 0.703387 8 
0 0.704951 8 
0 0.709807 8 
0 0.712988 8 
0 0.778486 8 
0 0.78711 8 
0 0.808118 8 
0 0.809788 8 
0 0.818654 8 
0 0.839316 8 
0 0.844779 8 
0 0.845929 8 
0 0.876528 8 
0 0.947441 8 
0 0.953213 8 
0 0.966086 8 
0 0.985048 8 
0 1.00209 8 
0 1.03864 8 
0 1.10367 8 
0 1.12514 8 
0 1.16676 8 
0 1.39352 8 
0 1.40679 8 
0 1.41074 8 
0 1.45617 8 
0 1.73155 8 
0 1.75438 8 
0 1.75467 8 
0 1.7594 8 
0 1.76221 8 
0 1.82546 8 
0 1.86213 8 
0 inf 8 
0 0.0774186 9 
0 0.0826989 9 
0 0.0954822 9 
0 0.0963676 9 
0 0.0985268 9 
0 0.103943 9 
0 0.10675 9 
0 0.10948 9 
0 0.11177 9 
0 0.115485 9 
0 0.119435 9 
0 0.122922 9 
0 0.128626 9 
0 0.131547 9 
0 0.148997 9 
0 0.14984 9 
0 0.153739 9 
0 0.162012 9 
0 0.164866 9 
0 0.164866 9 
0 0.166896 9 
0 0.174794 9 
0 0.176011 9 
0 0.179572 9 
0 0.186925 9 
0 0.196829 9 
0 0.209903 9 
0 0.225617 9 
0 0.226159 9 
0 0.233503 9 
0 0.240647 9 
0 0.243255 9 
0 0.247566 9 
0 0.2551 9 
0 0.25672 9 
0 0.268028 9 
0 0.274693 9 
0 0.275778 9 
0 0.27731 9 
0 0.280648 9 
0 0.28557 9 
0 0.297148 9 
0 0.329124 9 
0 0.332061 9 
0 0.346977 9 
0 0.412068 9 
0 0.429575 9 
0 0.449452 9 
0 0.4782 9 
0 0.486773 9 
0 0.502991 9 
0 0.503984 9 
0 0.505085 9 
0 0.524288 9 
0 0.53046 9 
0 0.531562 9 
0 0.532277 9 
0 0.540908 9 
0 0.560903 9 
0 0.57481 9 
0 0.577155 9 
0 0.591243 9 
0 0.642679 9 
0 0.644122 9 
0 0.67498 9 
0 0.706026 9 
0 0.710614 9 
0 0.723568 9 
0 0.738292 9 
0 0.738521 9 
0 0.746886 9 
0 0.747281 9 
0 0.750371 9 
0 0.760218 9 
0 0.776262 9 
0 0.776751 9 
0 0.835346 9 
0 0.836544 9 
0 0.843158 9 
0 0.897195 9 
0 0.921923 9 
0 0.931081 9 
0 0.952283 9 
0 0.95876 9 
0 0.96998 9 
0 1.03139 9 
0 1.03732 9 
0 1.10638 9 
0 1.10715 9 
0 1.39349 9 
0 1.39361 9 
0 1.39531 9 
0 1.43482 9 
0 1.43615 9 
0 1.74874 9 
0 1.74911 9 
0 1.75229 9 
0 1.76129 9 
0 1.76388 9 
0 inf 9 
0 0.0768656 10 
0 0.0816624 10 
0 0.0950329 10 
0 0.0954797 10 
0 0.0985269 10 
0 0.0997866 10 
0 0.103109 10 
0 0.105154 10 
0 0.107538 10 
0 0.111019 10 
0 0.11288 10 
0 0.115121 10 
0 0.12863 10 
0 0.129282 10 
0 0.14114 10 
0 0.143225 10 
0 0.179571 10 
0 0.192047 10 
0 0.20002 10 
0 0.205861 10 
0 0.210467 10 
0 0.213878 10 
0 0.21388 10 
0 0.214637 10 
0 0.219353 10 
0 0.244341 10 
0 0.251622 10 
0 0.252458 10 
0 0.257097 10 
0 0.263104 10 
0 0.273824 10 
0 0.275473 10 
0 0.276086 10 
0 0.28589 10 
0 0.292131 10 
0 0.295585 10 
0 0.296873 10 
0 0.310083 10 
0 0.361049 10 
0 0.370592 10 
0 0.379594 10 
0 0.388419 10 
0 0.400688 10 
0 0.411001 10 
0 0.444413 10 
0 0.467495 10 
0 0.467856 10 
0 0.476083 10 
0 0.506073 10 
0 0.510344 10 
0 0.516547 10 
0 0.516629 10 
0 0.517245 10 
0 0.519181 10 
0 0.529911 10 
0 0.557444 10 
0 0.572522 10 
0 0.598343 10 
0 0.604727 10 
0 0.607123 10 
0 0.643237 10 
0 0.705786 10 
0 0.706324 10 
0 0.719354 10 
0 0.719354 10 
0 0.723914 10 
0 0.728462 10 
0 0.728462 10 
0 0.72949 10 
0 0.729837 10 
0 0.736523 10 
0 0.749463 10 
0 0.752161 10 
0 0.781178 10 
0 0.786567 10 
0 0.876704 10 
0 0.882844 10 
0 0.912449 10 
0 0.933209 10 
0 0.934158 10 
0 1.00667 10 
0 1.00801 10 
0 1.1076 10 
0 1.20651 10 
0 1.20763 10 
0 1.44946 10 
0 1.45048 10 
0 1.47363 10 
0 1.47375 10 
0 1.48729 10 
0 1.76936 10 
0 1.77012 10 
0 1.77612 10 
0 1.81232 10 
0 1.82124 10 
0 inf 10 
0 0.0681412 11 
0 0.0821755 11 
0 0.0871418 11 
0 0.0959263 11 
0 0.110625 11 
0 0.114015 11 
0 0.137186 11 
0 0.147 11 
0 0.151244 11 
0 0.17862 11 
0 0.18237 11 
0 0.186253 11 
0 0.195968 11 
0 0.199453 11 
0 0.20256 11 
0 0.207877 11 
0 0.209565 11 
0 0.216823 11 
0 0.229174 11 
0 0.24064 11 
0 0.260192 11 
0 0.260838 11 
0 0.262607 11 
0 0.267408 11 
0 0.267409 11 
0 0.272555 11 
0 0.274251 11 
0 0.278811 11 
0 0.278975 11 
0 0.28034 11 
0 0.281072 11 
0 0.287916 11 
0 0.300958 11 
0 0.303359 11 
0 0.321702 11 
0 0.328967 11 
0 0.332684 11 
0 0.347317 11 
0 0.347698 11 
0 0.361135 11 
0 0.374535 11 
0 0.376334 11 
0 0.426487 11 
0 0.432314 11 
0 0.481032 11 
0 0.484597 11 
0 0.487299 11 
0 0.493923 11 
0 0.497917 11 
0 0.499609 11 
0 0.51006 11 
0 0.518267 11 
0 0.525665 11 
0 0.526868 11 
0 0.546798 11 
0 0.54834 11 
0 0.562674 11 
0 0.656808 11 
0 0.686695 11 
0 0.687125 11 
0 0.702435 11 
0 0.751352 11 
0 0.753315 11 
0 0.754205 11 
0 0.783194 11 
0 0.784319 11 
0 0.784534 11 
0 0.805152 11 
0 0.838611 11 
0 0.848688 11 
0 0.851815 11 
0 0.912771 11 
0 0.912771 11 
0 0.928497 11 
0 0.930357 11 
0 0.943332 11 
0 1.14065 11 
0 1.14098 11 
0 1.16843 11 
0 1.39706 11 
0 1.39899 11 
0 1.43474 11 
0 1.71747 11 
0 1.71826 11 
0 1.72873 11 
0 1.72885 11 
0 1.76182 11 
0 1.76182 11 
0 1.7635 11 
0 1.7635 11 
0 1.76467 11 
0 inf 11 
0 0.127952 12 
0 0.157523 12 
0 0.168136 12 
0 0.16964 12 
0 0.174784 12 
0 0.175047 12 
0 0.181421 12 
0 0.189396 12 
0 0.1942 12 
0 0.214093 12 
0 0.218728 12 
0 0.223203 12 
0 0.223543 12 
0 0.244476 12 
0 0.259541 12 
0 0.264577 12 
0 0.267118 12 
0 0.267234 12 
0 0.269911 12 
0 0.27302 12 
0 0.27913 12 
0 0.285551 12 
0 0.290971 12 
0 0.291079 12 
0 0.293143 12 
0 0.293857 12 
0 0.296726 12 
0 0.307335 12 
0 0.30967 12 
0 0.310496 12 
0 0.314003 12 
0 0.315219 12 
0 0.319591 12 
0 0.322741 12 
0 0.325093 12 
0 0.326277 12 
0 0.359023 12 
0 0.371269 12 
0 0.371616 12 
0 0.388029 12 
0 0.44501 12 
0 0.504657 12 
0 0.508057 12 
0 0.508406 12 
0 0.508855 12 
0 0.510956 12 
0 0.515087 12 
0 0.531387 12 
0 0.536599 12 
0 0.559329 12 
0 0.568237 12 
0 0.573609 12 
0 0.695968 12 
0 0.697422 12 
0 0.70561 12 
0 0.709426 12 
0 0.714165 12 
0 0.754506 12 
0 0.763207 12 
0 0.765861 12 
0 0.766687 12 
0 0.767179 12 
0 0.800354 12 
0 0.82136 12 
0 0.84829 12 
0 0.906273 12 
0 0.906878 12 
0 0.911384 12 
0 0.911616 12 
0 0.914159 12 
0 0.917558 12 
0 0.921413 12 
0 1.0308 12 
0 1.03423 12 
0 1.10237 12 
0 1.10256 12 
0 1.10562 12 
0 1.40544 12 
0 1.40607 12 
0 1.45225 12 
0 1.45251 12 
0 1.46748 12 
0 1.74633 12 
0 1.74693 12 
0 1.75694 12 
0 1.76001 12 
0 1.76219 12 
0 inf 12 
0 0.129255 13 
0 0.137176 13 
0 0.164624 13 
0 0.169399 13 
0 0.173572 13 
0 0.175265 13 
0 0.203016 13 
0 0.206111 13 
0 0.212102 13 
0 0.229871 13 
0 0.237988 13 
0 0.258233 13 
0 0.262127 13 
0 0.262167 13 
0 0.263742 13 
0 0.265002 13 
0 0.268659 13 
0 0.273481 13 
0 0.275326 13 
0 0.275782 13 
0 0.286261 13 
0 0.301233 13 
0 0.304439 13 
0 0.305414 13 
0 0.3105 13 
0 0.3113 13 
0 0.318539 13 
0 0.31867 13 
0 0.320796 13 
0 0.325865 13 
0 0.332683 13 
0 0.344511 13 
0 0.357018 13 
0 0.376361 13 
0 0.40738 13 
0 0.408308 13 
0 0.457726 13 
0 0.459287 13 
0 0.474128 13 
0 0.484875 13 
0 0.486007 13 
0 0.491611 13 
0 0.494261 13 
0 0.49868 13 
0 0.512819 13 
0 0.513559 13 
0 0.528603 13 
0 0.542549 13 
0 0.544335 13 
0 0.558118 13 
0 0.577612 13 
0 0.654844 13 
0 0.682935 13 
0 0.684971 13 
0 0.709445 13 
0 0.70992 13 
0 0.711345 13 
0 0.733024 13 
0 0.734233 13 
0 0.746147 13 
0 0.746826 13 
0 0.766074 13 
0 0.882252 13 
0 0.882969 13 
0 0.907125 13 
0 0.917633 13 
0 0.927606 13 
0 0.929677 13 
0 0.931129 13 
0 0.936166 13 
0 1.113 13 
0 1.12713 13 
0 1.1331 13 
0 1.39386 13 
0 1.39386 13 
0 1.42563 13 
0 1.42859 13 
0 1.43048 13 
0 1.75674 13 
0 1.75868 13 
0 1.76355 13 
0 1.76565 13 
0 1.77131 13 
0 inf 13 
0 0.134088 14 
0 0.157508 14 
0 0.158841 14 
0 0.166388 14 
0 0.170145 14 
0 0.173837 14 
0 0.180737 14 
0 0.180737 14 
0 0.185576 14 
0 0.188513 14 
0 0.190945 14 
0 0.192508 14 
0 0.207069 14 
0 0.213094 14 
0 0.221653 14 
0 0.224492 14 
0 0.233749 14 
0 0.236782 14 
0 0.242385 14 
0 0.256104 14 
0 0.264852 14 
0 0.27115 14 
0 0.273012 14 
0 0.273473 14 
0 0.274881 14 
0 0.276851 14 
0 0.280339 14 
0 0.286443 14 
0 0.289518 14 
0 0.292717 14 
0 0.29658 14 
0 0.307754 14 
0 0.30938 14 
0 0.316542 14 
0 0.319611 14 
0 0.320774 14 
0 0.320775 14 
0 0.321586 14 
0 0.394109 14 
0 0.406643 14 
0 0.420422 14 
0 0.422335 14 
0 0.428782 14 
0 0.464325 14 
0 0.467946 14 
0 0.484563 14 
0 0.485868 14 
0 0.486649 14 
0 0.504822 14 
0 0.507738 14 
0 0.667705 14 
0 0.667705 14 
0 0.670543 14 
0 0.70093 14 
0 0.715363 14 
0 0.736691 14 
0 0.750042 14 
0 0.75904 14 
0 0.759882 14 
0 0.761093 14 
0 0.870631 14 
0 0.871179 14 
0 0.875032 14 
0 0.878787 14 
0 0.885152 14 
0 0.886152 14 
0 0.887768 14 
0 0.964008 14 
0 0.976061 14 
0 0.976536 14 
0 1.09965 14 
0 1.39401 14 
0 1.45355 14 
0 1.45772 14 
0 1.46189 14 
0 1.74845 14 
0 1.75378 14 
0 1.75715 14 
0 1.75772 14 
0 inf 14 
0 0.0729005 15 
0 0.112522 15 
0 0.114753 15 
0 0.146712 15 
0 0.14729 15 
0 0.147572 15 
0 0.148428 15 
0 0.155074 15 
0 0.164578 15 
0 0.170655 15 
0 0.176462 15 
0 0.199824 15 
0 0.199824 15 
0 0.200008 15 
0 0.200018 15 
0 0.204831 15 
0 0.204831 15 
0 0.212107 15 
0 0.219923 15 
0 0.226544 15 
0 0.226912 15 
0 0.233525 15 
0 0.234416 15 
0 0.236251 15 
0 0.240635 15 
0 0.243252 15 
0 0.253615 15 
0 0.265796 15 
0 0.27409 15 
0 0.274132 15 
0 0.281257 15 
0 0.336091 15 
0 0.351386 15 
0 0.378288 15 
0 0.378815 15 
0 0.389164 15 
0 0.389598 15 
0 0.425048 15 
0 0.42851 15 
0 0.428876 15 
0 0.476254 15 
0 0.48382 15 
0 0.487467 15 
0 0.531381 15 
0 0.534233 15 
0 0.534233 15 
0 0.623544 15 
0 0.677718 15 
0 0.684108 15 
0 0.687915 15 
0 0.695668 15 
0 0.699838 15 
0 0.700501 15 
0 0.700746 15 
0 0.705787 15 
0 0.7336 15 
0 0.780249 15 
0 0.873139 15 
0 0.875456 15 
0 0.876589 15 
0 0.876998 15 
0 0.947171 15 
0 0.963474 15 
0 0.980668 15 
0 1.20196 15 
0 1.20248 15 
0 1.20459 15 
0 1.39625 15 
0 1.44354 15 
0 1.44748 15 
0 1.45019 15 
0 1.74954 15 
0 1.80864 15 
0 1.80913 15 
0 1.8119 15 
0 inf 15 
0 0.122575 16 
0 0.134386 16 
0 0.145246 16 
0 0.153457 16 
0 0.156437 16 
0 0.170877 16 
0 0.173816 16 
0 0.177668 16 
0 0.18028 16 
0 0.201559 16 
0 0.205279 16 
0 0.2081 16 
0 0.223745 16 
0 0.229687 16 
0 0.232063 16 
0 0.235652 16 
0 0.236208 16 
0 0.236903 16 
0 0.236903 16 
0 0.237615 16 
0 0.239236 16 
0 0.246191 16 
0 0.254279 16 
0 0.259535 16 
0 0.272127 16 
0 0.277199 16 
0 0.277199 16 
0 0.290062 16 
0 0.290106 16 
0 0.321588 16 
0 0.325761 16 
0 0.347211 16 
0 0.383914 16 
0 0.423734 16 
0 0.437841 16 
0 0.440447 16 
0 0.47297 16 
0 0.474307 16 
0 0.474752 16 
0 0.476528 16 
0 0.543126 16 
0 0.553169 16 
0 0.673272 16 
0 0.693118 16 
0 0.698264 16 
0 0.73933 16 
0 0.741895 16 
0 0.743259 16 
0 0.743429 16 
0 0.824815 16 
0 0.826042 16 
0 0.826451 16 
0 0.915405 16 
0 0.93537 16 
0 0.955111 16 
0 0.966265 16 
0 0.970449 16 
0 1.11811 16 
0 1.11845 16 
0 1.11996 16 
0 1.39016 16 
0 1.67373 16 
0 1.67491 16 
0 1.67498 16 
0 1.67589 16 
0 1.7025 16 
0 1.70409 16 
0 1.75991 16 
0 1.81748 16 
0 1.82302 16 
0 1.82497 16 
0 inf 16 
0 0.117281 17 
0 0.150394 17 
0 0.177654 17 
0 0.182346 17 
0 0.183958 17 
0 0.190276 17 
0 0.191382 17 
0 0.198073 17 
0 0.198073 17 
0 0.200008 17 
0 0.21137 17 
0 0.213755 17 
0 0.214678 17 
0 0.215231 17 
0 0.215525 17 
0 0.218442 17 
0 0.221642 17 
0 0.224468 17 
0 0.238344 17 
0 0.240648 17 
0 0.24959 17 
0 0.25008 17 
0 0.256932 17 
0 0.265483 17 
0 0.275788 17 
0 0.277162 17 
0 0.280178 17 
0 0.281531 17 
0 0.294167 17 
0 0.333442 17 
0 0.379722 17 
0 0.382049 17 
0 0.382602 17 
0 0.490924 17 
0 0.491869 17 
0 0.512543 17 
0 0.515989 17 
0 0.517949 17 
0 0.70549 17 
0 0.73337 17 
0 0.740187 17 
0 0.747958 17 
0 0.748861 17 
0 0.837601 17 
0 0.851594 17 
0 0.85199 17 
0 0.893327 17 
0 0.938537 17 
0 0.965841 17 
0 0.966496 17 
0 1.10882 17 
0 1.11429 17 
0 1.11973 17 
0 1.20653 17 
0 1.21409 17 
0 1.22103 17 
0 1.28607 17 
0 1.29157 17 
0 1.29206 17 
0 1.42669 17 
0 1.57567 17 
0 1.58457 17 
0 1.58475 17 
0 1.74751 17 
0 1.74925 17 
0 1.74944 17 
0 1.75005 17 
0 inf 17 
0 0.0816408 18 
0 0.14526 18 
0 0.146977 18 
0 0.149555 18 
0 0.153453 18 
0 0.16433 18 
0 0.170894 18 
0 0.179561 18 
0 0.180244 18 
0 0.182593 18 
0 0.183964 18 
0 0.184651 18 
0 0.209753 18 
0 0.210468 18 
0 0.213653 18 
0 0.22937 18 
0 0.234788 18 
0 0.235685 18 
0 0.240443 18 
0 0.250311 18 
0 0.250755 18 
0 0.254763 18 
0 0.272898 18 
0 0.272898 18 
0 0.347452 18 
0 0.354189 18 
0 0.354189 18 
0 0.356682 18 
0 0.358328 18 
0 0.411915 18 
0 0.417109 18 
0 0.495798 18 
0 0.496734 18 
0 0.498769 18 
0 0.498769 18 
0 0.584705 18 
0 0.656585 18 
0 0.678773 18 
0 0.709311 18 
0 0.743887 18 
0 0.754466 18 
0 0.759329 18 
0 0.761549 18 
0 0.763818 18 
0 0.763862 18 
0 1.03247 18 
0 1.03268 18 
0 1.03268 18 
0 1.04492 18 
0 1.09688 18 
0 1.09792 18 
0 1.10528 18 
0 1.15607 18 
0 1.19759 18 
0 1.39122 18 
0 1.39667 18 
0 1.39679 18 
0 1.47575 18 
0 1.75224 18 
0 1.75453 18 
0 1.76295 18 
0 1.76316 18 
0 2.0745 18 
0 inf 18 
0 0.0751814 19 
0 0.0890525 19 
0 0.119416 19 
0 0.120129 19 
0 0.140834 19 
0 0.157522 19 
0 0.158588 19 
0 0.160973 19 
0 0.161492 19 
0 0.191384 19 
0 0.192264 19 
0 0.192921 19 
0 0.207934 19 
0 0.209753 19 
0 0.219199 19 
0 0.253829 19 
0 0.254661 19 
0 0.257789 19 
0 0.322231 19 
0 0.331155 19 
0 0.34057 19 
0 0.340571 19 
0 0.347935 19 
0 0.358805 19 
0 0.408105 19 
0 0.413454 19 
0 0.468545 19 
0 0.476139 19 
0 0.481756 19 
0 0.485554 19 
0 0.497321 19 
0 0.50121 19 
0 0.504984 19 
0 0.512863 19 
0 0.547805 19 
0 0.549037 19 
0 0.550189 19 
0 0.58021 19 
0 0.697109 19 
0 0.704174 19 
0 0.739141 19 
0 0.741022 19 
0 0.741541 19 
0 0.748408 19 
0 0.75239 19 
0 0.769759 19 
0 0.772004 19 
0 0.772386 19 
0 0.912922 19 
0 0.947129 19 
0 0.988944 19 
0 1.10562 19 
0 1.10928 19 
0 1.40056 19 
0 1.50343 19 
0 1.5047 19 
0 1.74787 19 
0 1.75421 19 
0 1.75482 19 
0 inf 19 
0 0.0811219 20 
0 0.0885867 20 
0 0.131853 20 
0 0.16815 20 
0 0.172853 20 
0 0.18073 20 
0 0.187154 20 
0 0.187154 20 
0 0.18984 20 
0 0.192046 20 
0 0.194013 20 
0 0.196606 20 
0 0.214528 20 
0 0.221499 20 
0 0.236962 20 
0 0.240462 20 
0 0.260352 20 
0 0.262773 20 
0 0.271038 20 
0 0.271039 20 
0 0.339075 20 
0 0.340438 20 
0 0.340438 20 
0 0.381261 20 
0 0.381588 20 
0 0.45184 20 
0 0.452864 20 
0 0.45482 20 
0 0.481718 20 
0 0.482457 20 
0 0.483768 20 
0 0.485857 20 
0 0.494175 20 
0 0.495199 20 
0 0.56459 20 
0 0.564963 20 
0 0.698576 20 
0 0.701638 20 
0 0.729317 20 
0 0.734852 20 
0 0.743821 20 
0 0.743878 20 
0 0.778363 20 
0 0.77858 20 
0 0.924351 20 
0 0.925447 20 
0 1.10393 20 
0 1.1076 20 
0 1.41182 20 
0 1.48817 20 
0 1.49634 20 
0 1.78446 20 
0 1.78777 20 
0 1.99652 20 
0 2.21151 20 
0 inf 20 
