8.34767 8.36385 1 
5.91362 8.60034 1 
2.27553 2.27616 1 
0.888691 2.20785 1 
0.34913 0.361137 1 
0.150208 0.173131 1 
0.125442 0.133696 1 
0.111595 0.16702 1 
0.0866095 0.0915482 1 
0.0862713 0.0924935 1 
0.085931 0.0939182 1 
0.0854183 0.0871148 1 
0.0850696 0.0860968 1 
0.0843796 0.0915482 1 
0.0835073 0.0869447 1 
0.0826218 0.0972784 1 
0.074616 0.0850696 1 
0.0734244 0.0744153 1 
0.0718057 0.088944 1 
0.0588045 0.05905 1 
0.0504933 0.0570358 1 
0.0311025 0.032485 1 
0.0301468 0.0333689 1 
6.35537 6.39042 2 
6.3553 6.4287 2 
4.90523 6.43108 2 
0.714598 2.98498 2 
0.234387 0.248351 2 
0.22978 0.24099 2 
0.220139 0.247938 2 
0.188135 0.202822 2 
0.185937 0.200573 2 
0.184837 0.240868 2 
0.177391 0.179364 2 
0.153197 0.187511 2 
0.130699 0.135217 2 
0.123203 0.128668 2 
0.119823 0.132813 2 
0.116982 0.122726 2 
0.0891107 0.093596 2 
0.0843812 0.0857618 2 
0.0836851 0.0855841 2 
0.0813776 0.0908952 2 
0.073421 0.07382 2 
0.0680345 0.0744145 2 
0.0642688 0.0660768 2 
0.0631293 0.0699549 2 
0.0452872 0.0478127 2 
0.0433025 0.0452824 2 
0.674854 3.20747 3 
0.219008 0.237187 3 
0.217196 0.228499 3 
0.21228 0.237616 3 
0.211036 0.225736 3 
0.200353 0.21841 3 
0.187045 0.189922 3 
0.163019 0.180181 3 
0.0992258 0.117351 3 
0.0978811 0.114445 3 
0.0916998 0.106351 3 
0.0847223 0.105379 3 
0.078071 0.0799256 3 
0.0761687 0.086949 3 
0.058044 0.073431 3 
0.0557312 0.0585531 3 
0.0554721 0.0602813 3 
0.0516301 0.0549361 3 
3.13641 3.3294 4 
3.13637 3.33037 4 
3.13637 3.33099 4 
3.13626 3.19665 4 
0.794901 3.02807 4 
0.207823 0.214139 4 
0.203614 0.203832 4 
0.20101 0.211455 4 
0.0949956 0.105794 4 
0.0776944 0.0869522 4 
0.0718125 0.0738222 4 
0.0662949 0.0662958 4 
0.0626607 0.0716033 4 
0.052201 0.0530379 4 
2.86579 3.40722 5 
2.86419 3.37434 5 
2.86365 3.39998 5 
2.86358 3.40137 5 
2.72943 2.73662 5 
1.10286 2.79047 5 
0.193585 0.209224 5 
0.180342 0.190842 5 
0.168582 0.173969 5 
0.11884 0.121521 5 
0.0638199 0.0640497 5 
0.0562523 0.0583034 5 
0.0557269 0.0621872 5 
0.0481129 0.0533105 5 
2.33678 2.52192 6 
2.30764 2.51578 6 
2.30497 2.51951 6 
2.3023 2.5169 6 
1.95284 2.00351 6 
1.71342 2.51198 6 
1.2791 1.32767 6 
0.175147 0.190837 6 
0.16401 0.16543 6 
0.142286 0.146754 6 
0.138856 0.155952 6 
0.119329 0.127176 6 
0.103417 0.114954 6 
0.101124 0.1051 6 
0.0763613 0.0891056 6 
2.1935 2.32286 7 
2.10993 2.14726 7 
2.04809 2.16913 7 
2.04432 2.16206 7 
2.02644 2.15554 7 
2.01292 2.15554 7 
1.84205 2.2984 7 
1.8408 2.18831 7 
1.83718 2.21954 7 
0.21557 0.218874 7 
0.132261 0.137898 7 
0.121401 0.122719 7 
0.108528 0.112635 7 
0.0835062 0.0889497 7 
0.0665169 0.0740207 7 
2.64213 2.79825 8 
1.91585 1.92954 8 
1.72672 1.73184 8 
1.64121 1.99426 8 
1.59492 1.91794 8 
1.4572 1.99143 8 
0.101268 0.111851 8 
0.0978804 0.112895 8 
1.95404 2.08572 9 
1.90861 2.0462 9 
1.71313 1.90298 9 
1.46349 1.73527 9 
1.44125 2.01669 9 
1.07764 1.67847 9 
0.142809 0.15234 9 
0.137154 0.174059 9 
0.929092 1.54368 10 
0.110672 0.1161 10 
0.106483 0.108929 10 
2.39142 2.45388 11 
2.32318 2.4539 11 
1.24325 1.25579 11 
1.0653 1.4704 11 
1.36994 1.4954 12 
1.36676 1.57187 12 
1.25109 1.35643 12 
1.25109 1.294 12 
1.132 1.43255 12 
0.516 0.543873 12 
0.281367 0.326753 12 
1.16396 1.27245 13 
1.11542 1.14087 13 
1.04691 1.36603 13 
1.04068 1.34267 13 
1.00224 1.05487 13 
0.994845 1.05835 13 
0.983357 1.07154 13 
0.812129 0.948145 13 
0.612024 0.619374 13 
0.449708 0.473767 13 
0.299871 0.311246 13 
1.5972 1.59768 14 
0.937421 0.966884 14 
0.889086 1.00888 14 
0.849206 0.865981 14 
0.836429 0.934422 14 
0.783599 0.793818 14 
0.772747 0.933497 14 
0.763574 0.788726 14 
0.749792 0.75316 14 
0.740666 0.743419 14 
0.395641 0.414741 14 
0.299087 0.31938 14 
0.968389 0.983064 15 
0.883581 0.936786 15 
0.528271 0.552605 15 
0.377595 0.425784 15 
2.48282 2.59493 16 
2.47327 2.585 16 
1.91676 2.18599 17 
1.90765 2.1729 17 
1.2906 1.30255 17 
1.29047 1.30255 17 
1.29025 1.30121 17 
1.36311 1.42322 18 
