0 0.0211976 1 
0 0.0246637 1 
0 0.0262237 1 
0 0.0262237 1 
0 0.0272078 1 
0 0.0329355 1 
0 0.038822 1 
0 0.0408164 1 
0 0.0430294 1 
0 0.0430294 1 
0 0.0445368 1 
0 0.0454224 1 
0 0.0457101 1 
0 0.0457112 1 
0 0.0459979 1 
0 0.0474145 1 
0 0.0476955 1 
0 0.0479684 1 
0 0.0487876 1 
0 0.0498641 1 
0 0.0511696 1 
0 0.0519412 1 
0 0.0521929 1 
0 0.0529487 1 
0 0.0529506 1 
0 0.0544269 1 
0 0.0549119 1 
0 0.0551499 1 
0 0.0551508 1 
0 0.0553901 1 
0 0.0570362 1 
0 0.0574995 1 
0 0.059975 1 
0 0.0610602 1 
0 0.061922 1 
0 0.0619266 1 
0 0.0621406 1 
0 0.0638107 1 
0 0.0640266 1 
0 0.0644408 1 
0 0.0648483 1 
0 0.065255 1 
0 0.0652555 1 
0 0.0654579 1 
0 0.0656564 1 
0 0.0656607 1 
0 0.0660598 1 
0 0.0662545 1 
0 0.0672505 1 
0 0.0680336 1 
0 0.0682207 1 
0 0.0688053 1 
0 0.0688053 1 
0 0.0697607 1 
0 0.0701378 1 
0 0.0703265 1 
0 0.0706969 1 
0 0.0708887 1 
0 0.0723655 1 
0 0.0725479 1 
0 0.0750563 1 
0 0.0801682 1 
0 0.0806554 1 
0 0.0806608 1 
0 0.083872 1 
0 0.0843486 1 
0 0.0904019 1 
0 0.0912743 1 
0 0.0927126 1 
0 0.092855 1 
0 0.092855 1 
0 0.0937075 1 
0 0.0952459 1 
0 0.105018 1 
0 0.10627 1 
0 0.106767 1 
0 0.107754 1 
0 0.115342 1 
0 0.116138 1 
0 0.116822 1 
0 0.117723 1 
0 0.11828 1 
0 0.124494 1 
0 0.132119 1 
0 0.132122 1 
0 0.132317 1 
0 0.143906 1 
0 0.150376 1 
0 0.151598 1 
0 0.157923 1 
0 0.161155 1 
0 0.163927 1 
0 0.16449 1 
0 0.17234 1 
0 0.1728 1 
0 0.176363 1 
0 0.180069 1 
0 0.184497 1 
0 0.199043 1 
0 0.216056 1 
0 0.242799 1 
0 0.260864 1 
0 0.266331 1 
0 0.293286 1 
0 0.346178 1 
0 0.35529 1 
0 0.356932 1 
0 0.366078 1 
0 0.369541 1 
0 0.393667 1 
0 0.404855 1 
0 0.420607 1 
0 0.421488 1 
0 0.426837 1 
0 0.435556 1 
0 0.51795 1 
0 0.520179 1 
0 0.553458 1 
0 0.580243 1 
0 0.793536 1 
0 1.70764 1 
0 1.78077 1 
0 2.36474 1 
0 2.5827 1 
0 2.87151 1 
0 3.10232 1 
0 3.69015 1 
0 5.77101 1 
0 6.25083 1 
0 6.6277 1 
0 6.66803 1 
0 inf 1 
0 0.0199133 2 
0 0.0224148 2 
0 0.0299882 2 
0 0.0317013 2 
0 0.034873 2 
0 0.0363651 2 
0 0.0363693 2 
0 0.0414613 2 
0 0.0417797 2 
0 0.0454179 2 
0 0.045419 2 
0 0.0468485 2 
0 0.0476891 2 
0 0.0498599 2 
0 0.049862 2 
0 0.0501252 2 
0 0.0519407 2 
0 0.0519412 2 
0 0.0521931 2 
0 0.054183 2 
0 0.054672 2 
0 0.0551502 2 
0 0.0558641 2 
0 0.0563358 2 
0 0.0572664 2 
0 0.0575008 2 
0 0.0579552 2 
0 0.0595326 2 
0 0.0595341 2 
0 0.0595371 2 
0 0.0629863 2 
0 0.0638203 2 
0 0.0638206 2 
0 0.0642298 2 
0 0.0664628 2 
0 0.066856 2 
0 0.0670538 2 
0 0.0682252 2 
0 0.0714456 2 
0 0.0725473 2 
0 0.0725485 2 
0 0.0752321 2 
0 0.0754088 2 
0 0.0755838 2 
0 0.0773133 2 
0 0.0783323 2 
0 0.0795045 2 
0 0.0808248 2 
0 0.0811525 2 
0 0.0813143 2 
0 0.0814739 2 
0 0.0814778 2 
0 0.0838732 2 
0 0.084657 2 
0 0.086054 2 
0 0.0918572 2 
0 0.0927088 2 
0 0.0928529 2 
0 0.0939854 2 
0 0.0960728 2 
0 0.0981214 2 
0 0.115684 2 
0 0.116138 2 
0 0.124064 2 
0 0.135968 2 
0 0.13809 2 
0 0.140752 2 
0 0.143353 2 
0 0.14967 2 
0 0.151946 2 
0 0.154199 2 
0 0.155901 2 
0 0.158841 2 
0 0.164485 2 
0 0.164569 2 
0 0.168618 2 
0 0.169712 2 
0 0.179562 2 
0 0.182186 2 
0 0.18371 2 
0 0.184777 2 
0 0.190557 2 
0 0.190975 2 
0 0.191454 2 
0 0.196706 2 
0 0.199705 2 
0 0.201225 2 
0 0.214152 2 
0 0.224399 2 
0 0.247977 2 
0 0.25231 2 
0 0.262759 2 
0 0.294887 2 
0 0.29556 2 
0 0.300093 2 
0 0.339818 2 
0 0.34094 2 
0 0.354441 2 
0 0.369651 2 
0 0.369686 2 
0 0.379698 2 
0 0.392468 2 
0 0.405855 2 
0 0.413354 2 
0 0.416276 2 
0 0.420526 2 
0 0.423626 2 
0 0.430747 2 
0 0.511193 2 
0 0.517748 2 
0 0.52155 2 
0 0.730341 2 
0 1.44598 2 
0 1.57639 2 
0 1.62842 2 
0 1.75595 2 
0 2.00919 2 
0 2.36967 2 
0 2.84986 2 
0 4.09828 2 
0 4.16271 2 
0 4.50558 2 
0 4.56273 2 
0 5.29748 2 
0 5.57042 2 
0 5.61969 2 
0 5.76789 2 
0 inf 2 
0 0.0304171 3 
0 0.0348758 3 
0 0.0352527 3 
0 0.035254 3 
0 0.0404958 3 
0 0.049066 3 
0 0.0498619 3 
0 0.0511747 3 
0 0.0526969 3 
0 0.0526972 3 
0 0.0551548 3 
0 0.0558685 3 
0 0.0570366 3 
0 0.0588632 3 
0 0.0588632 3 
0 0.0588635 3 
0 0.0593025 3 
0 0.059971 3 
0 0.0621383 3 
0 0.0623525 3 
0 0.0623564 3 
0 0.0631995 3 
0 0.0636125 3 
0 0.0656563 3 
0 0.0656571 3 
0 0.0674469 3 
0 0.0676366 3 
0 0.0701386 3 
0 0.0708874 3 
0 0.0739915 3 
0 0.0741655 3 
0 0.0745297 3 
0 0.0747022 3 
0 0.0774891 3 
0 0.0781666 3 
0 0.0793383 3 
0 0.0793419 3 
0 0.0808158 3 
0 0.0813129 3 
0 0.0830792 3 
0 0.0845084 3 
0 0.0883325 3 
0 0.0889261 3 
0 0.0901066 3 
0 0.0912751 3 
0 0.0971649 3 
0 0.0999885 3 
0 0.108488 3 
0 0.111374 3 
0 0.112439 3 
0 0.112554 3 
0 0.119839 3 
0 0.120164 3 
0 0.123099 3 
0 0.129083 3 
0 0.133911 3 
0 0.147259 3 
0 0.151953 3 
0 0.159841 3 
0 0.161488 3 
0 0.163195 3 
0 0.164327 3 
0 0.16577 3 
0 0.170331 3 
0 0.171416 3 
0 0.171416 3 
0 0.173789 3 
0 0.175153 3 
0 0.175683 3 
0 0.184349 3 
0 0.199181 3 
0 0.217151 3 
0 0.22452 3 
0 0.228719 3 
0 0.239563 3 
0 0.239569 3 
0 0.240008 3 
0 0.255018 3 
0 0.262606 3 
0 0.273681 3 
0 0.275625 3 
0 0.27792 3 
0 0.280413 3 
0 0.281169 3 
0 0.288867 3 
0 0.294801 3 
0 0.296679 3 
0 0.305184 3 
0 0.305227 3 
0 0.312951 3 
0 0.321301 3 
0 0.328552 3 
0 0.34722 3 
0 0.347551 3 
0 0.36067 3 
0 0.398661 3 
0 0.41425 3 
0 0.414251 3 
0 0.426273 3 
0 0.436855 3 
0 0.438102 3 
0 0.478495 3 
0 0.481844 3 
0 0.4974 3 
0 0.73074 3 
0 1.3059 3 
0 1.40871 3 
0 1.60756 3 
0 1.86251 3 
0 1.86998 3 
0 1.89773 3 
0 2.3433 3 
0 2.40488 3 
0 2.88463 3 
0 2.88676 3 
0 2.88821 3 
0 2.91429 3 
0 2.97054 3 
0 2.97641 3 
0 4.63422 3 
0 4.6675 3 
0 4.67352 3 
0 4.67606 3 
0 inf 3 
0 0.0224162 4 
0 0.023568 4 
0 0.0308561 4 
0 0.0325266 4 
0 0.0363651 4 
0 0.0381397 4 
0 0.0388205 4 
0 0.0395063 4 
0 0.0395071 4 
0 0.0404908 4 
0 0.0411421 4 
0 0.0424134 4 
0 0.043638 4 
0 0.0511685 4 
0 0.0511701 4 
0 0.0549126 4 
0 0.0556281 4 
0 0.0565696 4 
0 0.0565699 4 
0 0.056571 4 
0 0.0593119 4 
0 0.0595324 4 
0 0.0612862 4 
0 0.0640302 4 
0 0.0662648 4 
0 0.0693838 4 
0 0.0695709 4 
0 0.0708906 4 
0 0.0723706 4 
0 0.0730925 4 
0 0.0730941 4 
0 0.0818017 4 
0 0.0868207 4 
0 0.0871199 4 
0 0.0877288 4 
0 0.0941246 4 
0 0.0999886 4 
0 0.103371 4 
0 0.107509 4 
0 0.110654 4 
0 0.11078 4 
0 0.112437 4 
0 0.11761 4 
0 0.122351 4 
0 0.12332 4 
0 0.125446 4 
0 0.127126 4 
0 0.129184 4 
0 0.131414 4 
0 0.136648 4 
0 0.137028 4 
0 0.155899 4 
0 0.164004 4 
0 0.165289 4 
0 0.166559 4 
0 0.17002 4 
0 0.177549 4 
0 0.177857 4 
0 0.179555 4 
0 0.192355 4 
0 0.200173 4 
0 0.200765 4 
0 0.200961 4 
0 0.201946 4 
0 0.206418 4 
0 0.208137 4 
0 0.208901 4 
0 0.2106 4 
0 0.213407 4 
0 0.215474 4 
0 0.236477 4 
0 0.262534 4 
0 0.263289 4 
0 0.264539 4 
0 0.267789 4 
0 0.270913 4 
0 0.314133 4 
0 0.325592 4 
0 0.346483 4 
0 0.349936 4 
0 0.353377 4 
0 0.356001 4 
0 0.357118 4 
0 0.372931 4 
0 0.387328 4 
0 0.388522 4 
0 0.392016 4 
0 0.397558 4 
0 0.40003 4 
0 0.402523 4 
0 0.41008 4 
0 0.410144 4 
0 0.432874 4 
0 0.433011 4 
0 0.436161 4 
0 0.441585 4 
0 0.751553 4 
0 1.09406 4 
0 1.33184 4 
0 1.36041 4 
0 1.5842 4 
0 1.62293 4 
0 1.76002 4 
0 1.88176 4 
0 1.95031 4 
0 1.95183 4 
0 1.95213 4 
0 2.16109 4 
0 2.18074 4 
0 2.18231 4 
0 2.18328 4 
0 2.74665 4 
0 2.75709 4 
0 2.78002 4 
0 2.78397 4 
0 2.84359 4 
0 2.84739 4 
0 2.84755 4 
0 2.84806 4 
0 inf 4 
0 0.0241222 5 
0 0.0317018 5 
0 0.0329327 5 
0 0.0344993 5 
0 0.0359977 5 
0 0.0398343 5 
0 0.040493 5 
0 0.0471391 5 
0 0.053696 5 
0 0.0593132 5 
0 0.0599755 5 
0 0.0623471 5 
0 0.0644353 5 
0 0.0648506 5 
0 0.0658602 5 
0 0.0662598 5 
0 0.06745 5 
0 0.0688059 5 
0 0.0688063 5 
0 0.0703212 5 
0 0.0727305 5 
0 0.0745198 5 
0 0.074525 5 
0 0.0761055 5 
0 0.077989 5 
0 0.0796735 5 
0 0.0816416 5 
0 0.0862078 5 
0 0.086361 5 
0 0.0892234 5 
0 0.0906894 5 
0 0.092993 5 
0 0.0932815 5 
0 0.0979844 5 
0 0.101823 5 
0 0.106394 5 
0 0.109815 5 
0 0.111251 5 
0 0.112203 5 
0 0.112318 5 
0 0.121373 5 
0 0.123961 5 
0 0.124815 5 
0 0.135282 5 
0 0.138953 5 
0 0.139988 5 
0 0.15505 5 
0 0.157336 5 
0 0.161568 5 
0 0.162225 5 
0 0.163922 5 
0 0.166886 5 
0 0.170177 5 
0 0.171106 5 
0 0.171339 5 
0 0.172876 5 
0 0.173186 5 
0 0.173719 5 
0 0.174094 5 
0 0.176351 5 
0 0.196971 5 
0 0.209966 5 
0 0.243424 5 
0 0.262858 5 
0 0.273336 5 
0 0.274116 5 
0 0.274164 5 
0 0.297234 5 
0 0.297234 5 
0 0.309543 5 
0 0.313491 5 
0 0.314964 5 
0 0.336176 5 
0 0.344687 5 
0 0.369925 5 
0 0.371103 5 
0 0.372348 5 
0 0.372811 5 
0 0.377113 5 
0 0.380465 5 
0 0.385137 5 
0 0.385746 5 
0 0.389379 5 
0 0.392974 5 
0 0.420331 5 
0 0.446006 5 
0 0.450255 5 
0 0.450343 5 
0 0.67868 5 
0 0.768733 5 
0 1.20663 5 
0 1.21994 5 
0 1.23081 5 
0 1.30428 5 
0 1.33451 5 
0 1.49148 5 
0 1.61345 5 
0 1.73899 5 
0 1.76768 5 
0 2.12125 5 
0 2.13799 5 
0 2.13957 5 
0 2.14239 5 
0 2.28043 5 
0 2.28098 5 
0 2.2811 5 
0 2.2863 5 
0 2.52231 5 
0 2.54804 5 
0 2.54866 5 
0 2.54872 5 
0 3.27882 5 
0 3.29597 5 
0 3.29754 5 
0 3.33731 5 
0 inf 5 
0 0.0316953 6 
0 0.0348745 6 
0 0.0457105 6 
0 0.0465732 6 
0 0.0490634 6 
0 0.0541848 6 
0 0.0577306 6 
0 0.0586351 6 
0 0.0590883 6 
0 0.0601946 6 
0 0.0621452 6 
0 0.065052 6 
0 0.0660559 6 
0 0.0708937 6 
0 0.0730908 6 
0 0.0732728 6 
0 0.0747022 6 
0 0.0755799 6 
0 0.0759302 6 
0 0.0781653 6 
0 0.0788358 6 
0 0.0790068 6 
0 0.0809869 6 
0 0.0816338 6 
0 0.081636 6 
0 0.0865181 6 
0 0.0917094 6 
0 0.0958012 6 
0 0.0974373 6 
0 0.0989189 6 
0 0.103624 6 
0 0.103624 6 
0 0.103625 6 
0 0.108602 6 
0 0.115918 6 
0 0.116706 6 
0 0.117728 6 
0 0.121048 6 
0 0.1299 6 
0 0.130006 6 
0 0.152124 6 
0 0.153685 6 
0 0.15445 6 
0 0.154451 6 
0 0.158177 6 
0 0.16279 6 
0 0.163197 6 
0 0.168689 6 
0 0.17041 6 
0 0.173558 6 
0 0.173792 6 
0 0.188185 6 
0 0.188254 6 
0 0.190766 6 
0 0.195493 6 
0 0.220626 6 
0 0.227445 6 
0 0.22901 6 
0 0.252149 6 
0 0.256929 6 
0 0.264891 6 
0 0.269592 6 
0 0.28432 6 
0 0.295565 6 
0 0.304208 6 
0 0.306378 6 
0 0.31257 6 
0 0.315745 6 
0 0.326915 6 
0 0.327059 6 
0 0.356184 6 
0 0.358737 6 
0 0.363598 6 
0 0.36534 6 
0 0.366063 6 
0 0.388862 6 
0 0.412602 6 
0 0.414967 6 
0 0.414999 6 
0 0.469853 6 
0 0.527587 6 
0 0.536562 6 
0 0.568421 6 
0 0.606786 6 
0 0.708404 6 
0 0.736519 6 
0 0.736521 6 
0 0.813835 6 
0 0.826956 6 
0 1.30695 6 
0 1.34604 6 
0 1.45486 6 
0 1.62737 6 
0 1.71869 6 
0 1.74412 6 
0 1.83678 6 
0 1.84184 6 
0 1.84184 6 
0 1.85353 6 
0 2.06145 6 
0 2.06188 6 
0 2.06492 6 
0 2.07234 6 
0 2.64756 6 
0 2.6491 6 
0 2.64934 6 
0 2.65507 6 
0 2.70328 6 
0 2.70578 6 
0 2.73139 6 
0 2.83479 6 
0 inf 6 
0 0.0126009 7 
0 0.0241228 7 
0 0.0348765 7 
0 0.043028 7 
0 0.0433339 7 
0 0.0465656 7 
0 0.0465665 7 
0 0.0476921 7 
0 0.0586361 7 
0 0.0619307 7 
0 0.0672505 7 
0 0.0693808 7 
0 0.0699462 7 
0 0.0788316 7 
0 0.0788369 7 
0 0.0805 7 
0 0.0809858 7 
0 0.0845005 7 
0 0.0877275 7 
0 0.0892241 7 
0 0.0967587 7 
0 0.0985188 7 
0 0.100251 7 
0 0.105766 7 
0 0.106639 7 
0 0.112081 7 
0 0.112438 7 
0 0.113025 7 
0 0.113491 7 
0 0.113837 7 
0 0.114881 7 
0 0.115454 7 
0 0.117948 7 
0 0.118949 7 
0 0.120275 7 
0 0.121261 7 
0 0.127536 7 
0 0.133315 7 
0 0.135774 7 
0 0.151955 7 
0 0.160579 7 
0 0.160828 7 
0 0.161487 7 
0 0.170951 7 
0 0.173257 7 
0 0.187975 7 
0 0.18812 7 
0 0.191322 7 
0 0.201359 7 
0 0.221194 7 
0 0.222148 7 
0 0.249009 7 
0 0.253608 7 
0 0.258218 7 
0 0.263179 7 
0 0.277272 7 
0 0.293113 7 
0 0.294762 7 
0 0.318516 7 
0 0.319718 7 
0 0.324176 7 
0 0.324216 7 
0 0.335854 7 
0 0.342335 7 
0 0.364244 7 
0 0.378483 7 
0 0.37929 7 
0 0.379805 7 
0 0.384034 7 
0 0.384099 7 
0 0.3878 7 
0 0.402525 7 
0 0.416672 7 
0 0.41718 7 
0 0.423066 7 
0 0.447543 7 
0 0.471853 7 
0 0.489465 7 
0 0.499377 7 
0 0.744135 7 
0 0.787844 7 
0 1.31607 7 
0 1.35637 7 
0 1.496 7 
0 1.49614 7 
0 1.49666 7 
0 1.49984 7 
0 1.60907 7 
0 1.62177 7 
0 1.68087 7 
0 1.68709 7 
0 1.70158 7 
0 1.72705 7 
0 1.72705 7 
0 1.72859 7 
0 1.73403 7 
0 1.74236 7 
0 1.75292 7 
0 1.77404 7 
0 1.812 7 
0 1.85829 7 
0 1.85895 7 
0 2.07205 7 
0 2.4597 7 
0 2.46207 7 
0 2.46366 7 
0 2.464 7 
0 inf 7 
0 0.0241245 8 
0 0.0495958 8 
0 0.0529438 8 
0 0.0610636 8 
0 0.0771439 8 
0 0.0800063 8 
0 0.0813159 8 
0 0.0818008 8 
0 0.0865182 8 
0 0.0869727 8 
0 0.0881812 8 
0 0.0924294 8 
0 0.0938514 8 
0 0.0944043 8 
0 0.0956619 8 
0 0.0997248 8 
0 0.108855 8 
0 0.110056 8 
0 0.111844 8 
0 0.114538 8 
0 0.115682 8 
0 0.116932 8 
0 0.117611 8 
0 0.118729 8 
0 0.119168 8 
0 0.120611 8 
0 0.122353 8 
0 0.123209 8 
0 0.126604 8 
0 0.131217 8 
0 0.131219 8 
0 0.140559 8 
0 0.143257 8 
0 0.143443 8 
0 0.150637 8 
0 0.151779 8 
0 0.15204 8 
0 0.163031 8 
0 0.172874 8 
0 0.183632 8 
0 0.187477 8 
0 0.198513 8 
0 0.19951 8 
0 0.216695 8 
0 0.229267 8 
0 0.230188 8 
0 0.25146 8 
0 0.25254 8 
0 0.257551 8 
0 0.260054 8 
0 0.287204 8 
0 0.289589 8 
0 0.299697 8 
0 0.314764 8 
0 0.32273 8 
0 0.332197 8 
0 0.334956 8 
0 0.335114 8 
0 0.338506 8 
0 0.356728 8 
0 0.360328 8 
0 0.366384 8 
0 0.378172 8 
0 0.386302 8 
0 0.386304 8 
0 0.393324 8 
0 0.419634 8 
0 0.427588 8 
0 0.428422 8 
0 0.442494 8 
0 0.503232 8 
0 0.837271 8 
0 1.12006 8 
0 1.16985 8 
0 1.17014 8 
0 1.18176 8 
0 1.2019 8 
0 1.26416 8 
0 1.28359 8 
0 1.33216 8 
0 1.35063 8 
0 1.36314 8 
0 1.36504 8 
0 1.37428 8 
0 1.49671 8 
0 1.52777 8 
0 1.5522 8 
0 1.58593 8 
0 1.5875 8 
0 1.62398 8 
0 1.62974 8 
0 1.64467 8 
0 1.65208 8 
0 1.68183 8 
0 1.71551 8 
0 1.71662 8 
0 1.72682 8 
0 1.72902 8 
0 1.73221 8 
0 1.73245 8 
0 1.73307 8 
0 1.7344 8 
0 1.74634 8 
0 inf 8 
0 0.032109 9 
0 0.0556327 9 
0 0.0563349 9 
0 0.05909 9 
0 0.0662597 9 
0 0.081141 9 
0 0.0816336 9 
0 0.0841888 9 
0 0.088777 9 
0 0.0909827 9 
0 0.102983 9 
0 0.108854 9 
0 0.110539 9 
0 0.113486 9 
0 0.117719 9 
0 0.119401 9 
0 0.124065 9 
0 0.127432 9 
0 0.128671 9 
0 0.128772 9 
0 0.131014 9 
0 0.135184 9 
0 0.135968 9 
0 0.141025 9 
0 0.142706 9 
0 0.147087 9 
0 0.149582 9 
0 0.155135 9 
0 0.162137 9 
0 0.162707 9 
0 0.174022 9 
0 0.183413 9 
0 0.186422 9 
0 0.190003 9 
0 0.198994 9 
0 0.207591 9 
0 0.212105 9 
0 0.213834 9 
0 0.214575 9 
0 0.219275 9 
0 0.219723 9 
0 0.220026 9 
0 0.261677 9 
0 0.26344 9 
0 0.264011 9 
0 0.273537 9 
0 0.279769 9 
0 0.328215 9 
0 0.328335 9 
0 0.337803 9 
0 0.340493 9 
0 0.341712 9 
0 0.371492 9 
0 0.375754 9 
0 0.379812 9 
0 0.385756 9 
0 0.45575 9 
0 0.455779 9 
0 0.483255 9 
0 0.507992 9 
0 0.539013 9 
0 0.549616 9 
0 0.586233 9 
0 0.595626 9 
0 0.617943 9 
0 0.752799 9 
0 0.780014 9 
0 0.780692 9 
0 0.961737 9 
0 0.964414 9 
0 0.971687 9 
0 0.979968 9 
0 0.995761 9 
0 1.13573 9 
0 1.1487 9 
0 1.26676 9 
0 1.29326 9 
0 1.30753 9 
0 1.31278 9 
0 1.31387 9 
0 1.31528 9 
0 1.31784 9 
0 1.60107 9 
0 1.6016 9 
0 1.60207 9 
0 1.60681 9 
0 1.60977 9 
0 1.61365 9 
0 1.61398 9 
0 1.71844 9 
0 1.73166 9 
0 1.73413 9 
0 1.74796 9 
0 1.75639 9 
0 1.75774 9 
0 1.78117 9 
0 1.78117 9 
0 1.89315 9 
0 1.89326 9 
0 inf 9 
0 0.0377804 10 
0 0.0606309 10 
0 0.0699502 10 
0 0.0786649 10 
0 0.0793301 10 
0 0.0881779 10 
0 0.0889245 10 
0 0.0893757 10 
0 0.090399 10 
0 0.097299 10 
0 0.0977128 10 
0 0.0998527 10 
0 0.103755 10 
0 0.10836 10 
0 0.117724 10 
0 0.126183 10 
0 0.137823 10 
0 0.139613 10 
0 0.140555 10 
0 0.142433 10 
0 0.144269 10 
0 0.149494 10 
0 0.150288 10 
0 0.169512 10 
0 0.171065 10 
0 0.171259 10 
0 0.17889 10 
0 0.188316 10 
0 0.199234 10 
0 0.223755 10 
0 0.225194 10 
0 0.228554 10 
0 0.245024 10 
0 0.252101 10 
0 0.26301 10 
0 0.263813 10 
0 0.272537 10 
0 0.281841 10 
0 0.283366 10 
0 0.287675 10 
0 0.288641 10 
0 0.30724 10 
0 0.325179 10 
0 0.32603 10 
0 0.334364 10 
0 0.343081 10 
0 0.349497 10 
0 0.361976 10 
0 0.373483 10 
0 0.385548 10 
0 0.412877 10 
0 0.412909 10 
0 0.413797 10 
0 0.44192 10 
0 0.469516 10 
0 0.47289 10 
0 0.514159 10 
0 0.587725 10 
0 0.58914 10 
0 0.710656 10 
0 0.715403 10 
0 0.725181 10 
0 0.725673 10 
0 0.72642 10 
0 0.731047 10 
0 0.733359 10 
0 0.822168 10 
0 0.93081 10 
0 0.983979 10 
0 0.984852 10 
0 1.02727 10 
0 1.05882 10 
0 1.07533 10 
0 1.30443 10 
0 1.30625 10 
0 1.31433 10 
0 1.32984 10 
0 1.32999 10 
0 1.58815 10 
0 1.58815 10 
0 1.60225 10 
0 1.60357 10 
0 1.60657 10 
0 1.60686 10 
0 1.61422 10 
0 1.61576 10 
0 1.64525 10 
0 1.67064 10 
0 1.71007 10 
0 1.71024 10 
0 1.74081 10 
0 1.74108 10 
0 1.74417 10 
0 1.74539 10 
0 1.75446 10 
0 inf 10 
0 0.0606286 11 
0 0.0684166 11 
0 0.0701357 11 
0 0.071446 11 
0 0.0788371 11 
0 0.0793395 11 
0 0.0841883 11 
0 0.0918506 11 
0 0.0960752 11 
0 0.131216 11 
0 0.132121 11 
0 0.139612 11 
0 0.142746 11 
0 0.153341 11 
0 0.156406 11 
0 0.157255 11 
0 0.157542 11 
0 0.180947 11 
0 0.202409 11 
0 0.204747 11 
0 0.210656 11 
0 0.21092 11 
0 0.212344 11 
0 0.219263 11 
0 0.223662 11 
0 0.231335 11 
0 0.237571 11 
0 0.240952 11 
0 0.253797 11 
0 0.257092 11 
0 0.269194 11 
0 0.270102 11 
0 0.278185 11 
0 0.298415 11 
0 0.306288 11 
0 0.307855 11 
0 0.308569 11 
0 0.309909 11 
0 0.310066 11 
0 0.31577 11 
0 0.34172 11 
0 0.345716 11 
0 0.348881 11 
0 0.380299 11 
0 0.381002 11 
0 0.381314 11 
0 0.386185 11 
0 0.40882 11 
0 0.409766 11 
0 0.424467 11 
0 0.444769 11 
0 0.447822 11 
0 0.448176 11 
0 0.449838 11 
0 0.640912 11 
0 0.65436 11 
0 0.723264 11 
0 0.736184 11 
0 0.736763 11 
0 0.757444 11 
0 0.76223 11 
0 0.788436 11 
0 0.790095 11 
0 0.7916 11 
0 0.840743 11 
0 0.86505 11 
0 1.12803 11 
0 1.13735 11 
0 1.23576 11 
0 1.24574 11 
0 1.30996 11 
0 1.31004 11 
0 1.33255 11 
0 1.3371 11 
0 1.33897 11 
0 1.38817 11 
0 1.58363 11 
0 1.5863 11 
0 1.59448 11 
0 1.59567 11 
0 1.61311 11 
0 1.61436 11 
0 1.61662 11 
0 1.61832 11 
0 1.61845 11 
0 1.61988 11 
0 1.72502 11 
0 1.72517 11 
0 1.73507 11 
0 1.73508 11 
0 1.73508 11 
0 inf 11 
0 0.0786639 12 
0 0.088177 12 
0 0.0901073 12 
0 0.101589 12 
0 0.107621 12 
0 0.11302 12 
0 0.121262 12 
0 0.149052 12 
0 0.155648 12 
0 0.159485 12 
0 0.159586 12 
0 0.161831 12 
0 0.170987 12 
0 0.171724 12 
0 0.187767 12 
0 0.195645 12 
0 0.199765 12 
0 0.203775 12 
0 0.205521 12 
0 0.209776 12 
0 0.212289 12 
0 0.216483 12 
0 0.226514 12 
0 0.228984 12 
0 0.229848 12 
0 0.245883 12 
0 0.255485 12 
0 0.25595 12 
0 0.260001 12 
0 0.260609 12 
0 0.261494 12 
0 0.270181 12 
0 0.271351 12 
0 0.295924 12 
0 0.302391 12 
0 0.304166 12 
0 0.305983 12 
0 0.311256 12 
0 0.311397 12 
0 0.319348 12 
0 0.355799 12 
0 0.356947 12 
0 0.358133 12 
0 0.382692 12 
0 0.407321 12 
0 0.429818 12 
0 0.430802 12 
0 0.435075 12 
0 0.504439 12 
0 0.557422 12 
0 0.572936 12 
0 0.57735 12 
0 0.63527 12 
0 0.650618 12 
0 0.679211 12 
0 0.692003 12 
0 0.697242 12 
0 0.73016 12 
0 0.73325 12 
0 0.815257 12 
0 0.815387 12 
0 0.823776 12 
0 1.16546 12 
0 1.21888 12 
0 1.30355 12 
0 1.30396 12 
0 1.30708 12 
0 1.31695 12 
0 1.31823 12 
0 1.31933 12 
0 1.31936 12 
0 1.572 12 
0 1.58319 12 
0 1.58319 12 
0 1.59771 12 
0 1.59988 12 
0 1.60174 12 
0 1.6037 12 
0 1.60717 12 
0 1.61521 12 
0 1.61566 12 
0 1.61735 12 
0 1.72432 12 
0 1.72481 12 
0 1.7263 12 
0 1.72735 12 
0 1.72878 12 
0 inf 12 
0 0.0503855 13 
0 0.066445 13 
0 0.0734485 13 
0 0.122893 13 
0 0.149691 13 
0 0.186378 13 
0 0.186487 13 
0 0.187471 13 
0 0.208396 13 
0 0.20908 13 
0 0.212011 13 
0 0.217243 13 
0 0.220989 13 
0 0.221288 13 
0 0.222635 13 
0 0.222864 13 
0 0.223542 13 
0 0.232337 13 
0 0.261268 13 
0 0.265486 13 
0 0.268314 13 
0 0.271452 13 
0 0.272377 13 
0 0.272483 13 
0 0.294087 13 
0 0.295701 13 
0 0.308156 13 
0 0.308353 13 
0 0.313616 13 
0 0.31485 13 
0 0.317815 13 
0 0.321102 13 
0 0.321322 13 
0 0.342348 13 
0 0.342464 13 
0 0.348045 13 
0 0.372952 13 
0 0.372952 13 
0 0.380672 13 
0 0.401106 13 
0 0.403907 13 
0 0.414266 13 
0 0.42465 13 
0 0.425489 13 
0 0.591999 13 
0 0.594206 13 
0 0.594828 13 
0 0.595073 13 
0 0.599833 13 
0 0.630825 13 
0 0.655499 13 
0 0.659922 13 
0 0.660804 13 
0 0.728074 13 
0 0.74417 13 
0 0.756786 13 
0 0.757415 13 
0 0.757642 13 
0 1.0224 13 
0 1.04189 13 
0 1.30566 13 
0 1.30566 13 
0 1.31438 13 
0 1.31763 13 
0 1.31772 13 
0 1.5829 13 
0 1.59756 13 
0 1.59877 13 
0 1.59952 13 
0 1.61649 13 
0 1.61661 13 
0 1.61814 13 
0 1.62791 13 
0 1.62859 13 
0 1.7279 13 
0 1.7279 13 
0 1.73644 13 
0 1.7375 13 
0 1.74085 13 
0 1.74546 13 
0 1.81938 13 
0 1.81956 13 
0 1.82322 13 
0 inf 13 
0 0.0398335 14 
0 0.0730794 14 
0 0.119946 14 
0 0.138374 14 
0 0.140881 14 
0 0.14163 14 
0 0.142282 14 
0 0.149205 14 
0 0.150902 14 
0 0.183157 14 
0 0.184237 14 
0 0.190352 14 
0 0.192771 14 
0 0.196307 14 
0 0.196307 14 
0 0.209962 14 
0 0.212853 14 
0 0.232111 14 
0 0.241327 14 
0 0.242305 14 
0 0.243642 14 
0 0.249647 14 
0 0.258802 14 
0 0.259567 14 
0 0.259571 14 
0 0.264011 14 
0 0.277379 14 
0 0.295161 14 
0 0.313749 14 
0 0.316736 14 
0 0.321756 14 
0 0.323665 14 
0 0.34751 14 
0 0.359086 14 
0 0.383313 14 
0 0.400549 14 
0 0.401473 14 
0 0.403182 14 
0 0.404231 14 
0 0.412932 14 
0 0.432144 14 
0 0.435163 14 
0 0.60876 14 
0 0.6609 14 
0 0.712786 14 
0 0.71462 14 
0 0.719745 14 
0 0.725599 14 
0 0.725599 14 
0 0.732276 14 
0 0.742498 14 
0 0.743549 14 
0 0.743549 14 
0 0.746176 14 
0 0.75077 14 
0 0.75522 14 
0 0.888066 14 
0 1.30336 14 
0 1.31229 14 
0 1.31232 14 
0 1.31242 14 
0 1.57651 14 
0 1.593 14 
0 1.60008 14 
0 1.60589 14 
0 1.60923 14 
0 1.60972 14 
0 1.61321 14 
0 1.72293 14 
0 1.72852 14 
0 1.74742 14 
0 1.74753 14 
0 1.74754 14 
0 1.75673 14 
0 1.77396 14 
0 1.77429 14 
0 1.78219 14 
0 1.78248 14 
0 1.78337 14 
0 inf 14 
0 0.0521893 15 
0 0.0701385 15 
0 0.100643 15 
0 0.129996 15 
0 0.13142 15 
0 0.139325 15 
0 0.140743 15 
0 0.157291 15 
0 0.157963 15 
0 0.158508 15 
0 0.172264 15 
0 0.172297 15 
0 0.176659 15 
0 0.177067 15 
0 0.190132 15 
0 0.191519 15 
0 0.193716 15 
0 0.194602 15 
0 0.200167 15 
0 0.201026 15 
0 0.216974 15 
0 0.217095 15 
0 0.22078 15 
0 0.221643 15 
0 0.239786 15 
0 0.249624 15 
0 0.249995 15 
0 0.302333 15 
0 0.306079 15 
0 0.323388 15 
0 0.364471 15 
0 0.365195 15 
0 0.370687 15 
0 0.379996 15 
0 0.380552 15 
0 0.395904 15 
0 0.489626 15 
0 0.489707 15 
0 0.491001 15 
0 0.510195 15 
0 0.592629 15 
0 0.596892 15 
0 0.610816 15 
0 0.619346 15 
0 0.638513 15 
0 0.640794 15 
0 0.69103 15 
0 0.725873 15 
0 0.767287 15 
0 0.768372 15 
0 0.768372 15 
0 0.772766 15 
0 0.811903 15 
0 0.877383 15 
0 0.901059 15 
0 0.938947 15 
0 1.30354 15 
0 1.31935 15 
0 1.32034 15 
0 1.32126 15 
0 1.58783 15 
0 1.60239 15 
0 1.60318 15 
0 1.60335 15 
0 1.60424 15 
0 1.6126 15 
0 1.61608 15 
0 1.66858 15 
0 1.66874 15 
0 1.66883 15 
0 1.7269 15 
0 1.73239 15 
0 1.73359 15 
0 1.73432 15 
0 1.83177 15 
0 inf 15 
0 0.0524437 16 
0 0.0634051 16 
0 0.0672526 16 
0 0.110537 16 
0 0.11873 16 
0 0.120281 16 
0 0.120389 16 
0 0.122243 16 
0 0.122349 16 
0 0.131818 16 
0 0.147798 16 
0 0.182404 16 
0 0.187015 16 
0 0.192864 16 
0 0.204317 16 
0 0.20615 16 
0 0.206151 16 
0 0.20759 16 
0 0.215153 16 
0 0.21644 16 
0 0.225986 16 
0 0.229868 16 
0 0.23267 16 
0 0.244454 16 
0 0.254244 16 
0 0.276564 16 
0 0.29106 16 
0 0.293549 16 
0 0.355268 16 
0 0.355379 16 
0 0.355826 16 
0 0.373946 16 
0 0.375472 16 
0 0.384348 16 
0 0.391169 16 
0 0.392687 16 
0 0.396607 16 
0 0.41075 16 
0 0.474784 16 
0 0.56174 16 
0 0.568854 16 
0 0.619154 16 
0 0.666966 16 
0 0.671944 16 
0 0.672652 16 
0 0.746222 16 
0 0.748167 16 
0 0.750426 16 
0 0.750549 16 
0 0.750708 16 
0 0.841247 16 
0 0.874951 16 
0 1.21702 16 
0 1.21892 16 
0 1.32874 16 
0 1.33362 16 
0 1.35503 16 
0 1.35803 16 
0 1.61414 16 
0 1.6142 16 
0 1.61433 16 
0 1.61436 16 
0 1.6228 16 
0 1.62908 16 
0 1.62995 16 
0 1.63149 16 
0 1.73 16 
0 1.73168 16 
0 1.73196 16 
0 1.73199 16 
0 1.7877 16 
0 inf 16 
0 0.0457038 17 
0 0.0795054 17 
0 0.0909833 17 
0 0.0911285 17 
0 0.0935608 17 
0 0.0945448 17 
0 0.119952 17 
0 0.128156 17 
0 0.221224 17 
0 0.222416 17 
0 0.223684 17 
0 0.224569 17 
0 0.224745 17 
0 0.248106 17 
0 0.250018 17 
0 0.268598 17 
0 0.298857 17 
0 0.298898 17 
0 0.299785 17 
0 0.300973 17 
0 0.309425 17 
0 0.310619 17 
0 0.3422 17 
0 0.344971 17 
0 0.345086 17 
0 0.347963 17 
0 0.35476 17 
0 0.382795 17 
0 0.388964 17 
0 0.388964 17 
0 0.389969 17 
0 0.43404 17 
0 0.457716 17 
0 0.491966 17 
0 0.4954 17 
0 0.499706 17 
0 0.50107 17 
0 0.50195 17 
0 0.511799 17 
0 0.517661 17 
0 0.518375 17 
0 0.594353 17 
0 0.679899 17 
0 0.743353 17 
0 0.743941 17 
0 0.74662 17 
0 0.747328 17 
0 0.909059 17 
0 0.955777 17 
0 0.966703 17 
0 1.30749 17 
0 1.31301 17 
0 1.31607 17 
0 1.31796 17 
0 1.60731 17 
0 1.60916 17 
0 1.60945 17 
0 1.60948 17 
0 1.67857 17 
0 1.67886 17 
0 1.6792 17 
0 1.68188 17 
0 1.73179 17 
0 1.73248 17 
0 1.73249 17 
0 1.73371 17 
0 1.75992 17 
0 inf 17 
0 0.0869696 18 
0 0.0883278 18 
0 0.0886241 18 
0 0.122884 18 
0 0.135961 18 
0 0.154535 18 
0 0.154961 18 
0 0.189655 18 
0 0.215934 18 
0 0.223459 18 
0 0.23876 18 
0 0.239424 18 
0 0.24135 18 
0 0.27623 18 
0 0.289188 18 
0 0.291151 18 
0 0.291151 18 
0 0.294983 18 
0 0.294986 18 
0 0.358188 18 
0 0.358742 18 
0 0.359221 18 
0 0.35992 18 
0 0.361094 18 
0 0.364592 18 
0 0.373906 18 
0 0.379777 18 
0 0.385274 18 
0 0.388555 18 
0 0.426766 18 
0 0.476119 18 
0 0.49161 18 
0 0.519077 18 
0 0.531449 18 
0 0.532518 18 
0 0.540811 18 
0 0.541667 18 
0 0.542642 18 
0 0.561857 18 
0 0.738487 18 
0 0.738505 18 
0 0.738505 18 
0 0.742774 18 
0 0.879531 18 
0 0.887337 18 
0 1.18031 18 
0 1.3112 18 
0 1.3112 18 
0 1.31443 18 
0 1.60685 18 
0 1.60739 18 
0 1.60741 18 
0 1.60766 18 
0 1.68565 18 
0 1.71134 18 
0 1.71177 18 
0 1.71295 18 
0 1.74418 18 
0 1.74797 18 
0 1.75041 18 
0 1.75189 18 
0 1.75638 18 
0 2.13159 18 
0 inf 18 
0 0.12202 19 
0 0.124169 19 
0 0.127843 19 
0 0.129901 19 
0 0.160913 19 
0 0.162224 19 
0 0.180508 19 
0 0.180508 19 
0 0.182549 19 
0 0.183632 19 
0 0.191113 19 
0 0.2026 19 
0 0.229093 19 
0 0.235751 19 
0 0.239756 19 
0 0.261677 19 
0 0.272034 19 
0 0.272374 19 
0 0.282013 19 
0 0.30395 19 
0 0.304819 19 
0 0.305469 19 
0 0.316482 19 
0 0.319973 19 
0 0.322607 19 
0 0.345834 19 
0 0.388248 19 
0 0.392179 19 
0 0.392988 19 
0 0.395825 19 
0 0.398986 19 
0 0.412831 19 
0 0.41395 19 
0 0.418274 19 
0 0.490322 19 
0 0.571187 19 
0 0.628903 19 
0 0.632991 19 
0 0.748173 19 
0 0.748791 19 
0 0.751471 19 
0 0.954485 19 
0 1.30359 19 
0 1.30359 19 
0 1.30714 19 
0 1.60386 19 
0 1.60598 19 
0 1.6064 19 
0 1.70358 19 
0 1.73548 19 
0 1.73558 19 
0 1.73585 19 
0 1.73591 19 
0 1.74857 19 
0 1.74871 19 
0 1.76086 19 
0 1.76592 19 
0 1.88796 19 
0 3.00345 19 
0 inf 19 
0 0.0798379 20 
0 0.0806629 20 
0 0.10012 20 
0 0.101042 20 
0 0.105274 20 
0 0.119175 20 
0 0.130099 20 
0 0.131919 20 
0 0.136552 20 
0 0.175681 20 
0 0.178592 20 
0 0.178667 20 
0 0.178816 20 
0 0.187621 20 
0 0.187833 20 
0 0.237206 20 
0 0.242225 20 
0 0.245048 20 
0 0.260055 20 
0 0.277519 20 
0 0.278091 20 
0 0.27885 20 
0 0.302682 20 
0 0.316608 20 
0 0.325421 20 
0 0.327773 20 
0 0.328334 20 
0 0.328334 20 
0 0.328418 20 
0 0.33309 20 
0 0.382794 20 
0 0.388316 20 
0 0.388827 20 
0 0.433186 20 
0 0.433186 20 
0 0.435044 20 
0 0.459235 20 
0 0.497148 20 
0 0.508184 20 
0 0.508262 20 
0 0.726638 20 
0 0.728583 20 
0 0.729236 20 
0 0.965516 20 
0 1.31169 20 
0 1.31221 20 
0 1.31236 20 
0 1.61262 20 
0 1.61262 20 
0 1.67046 20 
0 1.67082 20 
0 1.75352 20 
0 1.75372 20 
0 1.76034 20 
0 1.76045 20 
0 inf 20 
