0 0.0262275 1 
0 0.0262279 1 
0 0.0262279 1 
0 0.0283292 1 
0 0.0283296 1 
0 0.0283296 1 
0 0.0302852 1 
0 0.0302854 1 
0 0.0321213 1 
0 0.0321217 1 
0 0.0370911 1 
0 0.0370911 1 
0 0.0370912 1 
0 0.0400623 1 
0 0.0414693 1 
0 0.045427 1 
0 0.0454276 1 
0 0.0466716 1 
0 0.0478845 1 
0 0.049067 1 
0 0.0490674 1 
0 0.0502222 1 
0 0.0502226 1 
0 0.0524554 1 
0 0.0524554 1 
0 0.0535368 1 
0 0.054596 1 
0 0.0545966 1 
0 0.0545974 1 
0 0.0545976 1 
0 0.0556368 1 
0 0.0586464 1 
0 0.0605708 1 
0 0.0633454 1 
0 0.0633455 1 
0 0.0668647 1 
0 0.0668727 1 
0 0.0693914 1 
0 0.0702134 1 
0 0.071024 1 
0 0.0749514 1 
0 0.0764656 1 
0 0.0786802 1 
0 0.078683 1 
0 0.0786833 1 
0 0.0794086 1 
0 0.086322 1 
0 0.0876513 1 
0 0.0933401 1 
0 0.0933481 1 
0 0.0939559 1 
0 0.0957663 1 
0 0.0975475 1 
0 0.0987175 1 
0 0.108665 1 
0 0.108668 1 
0 0.110237 1 
0 0.111273 1 
0 0.111791 1 
0 0.113313 1 
0 0.114333 1 
0 0.114829 1 
0 0.116808 1 
0 0.120192 1 
0 0.120666 1 
0 0.122075 1 
0 0.122553 1 
0 0.123486 1 
0 0.127596 1 
0 0.128041 1 
0 0.128495 1 
0 0.129377 1 
0 0.134589 1 
0 0.135015 1 
0 0.137124 1 
0 0.141641 1 
0 0.142457 1 
0 0.153309 1 
0 0.157368 1 
0 0.159896 1 
0 0.169969 1 
0 0.171653 1 
0 0.185764 1 
0 0.19392 1 
0 0.195093 1 
0 0.200889 1 
0 0.20231 1 
0 0.20982 1 
0 0.211999 1 
0 0.21943 1 
0 0.222032 1 
0 0.237745 1 
0 0.239184 1 
0 0.252253 1 
0 0.265751 1 
0 0.265755 1 
0 0.268113 1 
0 0.288703 1 
0 0.298275 1 
0 0.311806 1 
0 0.313816 1 
0 0.31582 1 
0 0.330198 1 
0 0.335734 1 
0 0.36042 1 
0 0.365151 1 
0 0.379925 1 
0 0.398338 1 
0 0.398621 1 
0 0.411671 1 
0 0.422792 1 
0 0.44743 1 
0 0.447432 1 
0 0.4677 1 
0 0.525216 1 
0 0.534294 1 
0 0.607874 1 
0 0.610603 1 
0 0.672353 1 
0 0.772014 1 
0 1.11399 1 
0 1.56508 1 
0 1.65875 1 
0 2.00964 1 
0 2.54066 1 
0 3.23682 1 
0 3.26262 1 
0 4.63528 1 
0 5.09032 1 
0 5.14836 1 
0 5.73083 1 
0 inf 1 
0 0.0262277 2 
0 0.0283287 2 
0 0.028329 2 
0 0.028329 2 
0 0.0283297 2 
0 0.0302857 2 
0 0.0370919 2 
0 0.0428296 2 
0 0.0441476 2 
0 0.045427 2 
0 0.045428 2 
0 0.0466717 2 
0 0.0466719 2 
0 0.0466719 2 
0 0.0466728 2 
0 0.0478844 2 
0 0.0490671 2 
0 0.0502194 2 
0 0.0502201 2 
0 0.0502212 2 
0 0.0502221 2 
0 0.0502224 2 
0 0.051351 2 
0 0.0513511 2 
0 0.052455 2 
0 0.0545967 2 
0 0.0545969 2 
0 0.0566582 2 
0 0.0576603 2 
0 0.0596156 2 
0 0.061509 2 
0 0.0624339 2 
0 0.0677184 2 
0 0.0726193 2 
0 0.0734041 2 
0 0.0741803 2 
0 0.0741807 2 
0 0.0786826 2 
0 0.081545 2 
0 0.0829374 2 
0 0.0836257 2 
0 0.0927329 2 
0 0.0951689 2 
0 0.0998685 2 
0 0.100443 2 
0 0.100445 2 
0 0.10158 2 
0 0.10381 2 
0 0.104359 2 
0 0.107075 2 
0 0.111275 2 
0 0.114823 2 
0 0.115321 2 
0 0.118262 2 
0 0.119235 2 
0 0.123489 2 
0 0.123489 2 
0 0.128041 2 
0 0.129814 2 
0 0.13459 2 
0 0.138787 2 
0 0.139192 2 
0 0.140019 2 
0 0.141238 2 
0 0.142049 2 
0 0.14524 2 
0 0.149139 2 
0 0.162385 2 
0 0.170986 2 
0 0.174958 2 
0 0.174963 2 
0 0.176594 2 
0 0.194804 2 
0 0.197723 2 
0 0.21522 2 
0 0.217867 2 
0 0.221776 2 
0 0.223325 2 
0 0.227142 2 
0 0.227387 2 
0 0.243698 2 
0 0.255187 2 
0 0.255639 2 
0 0.27757 2 
0 0.28065 2 
0 0.281261 2 
0 0.283681 2 
0 0.284706 2 
0 0.29244 2 
0 0.294595 2 
0 0.300189 2 
0 0.301142 2 
0 0.304737 2 
0 0.314193 2 
0 0.336389 2 
0 0.35172 2 
0 0.360085 2 
0 0.373992 2 
0 0.386242 2 
0 0.386982 2 
0 0.403344 2 
0 0.468553 2 
0 0.469529 2 
0 0.48529 2 
0 0.490447 2 
0 0.497063 2 
0 0.50802 2 
0 0.517852 2 
0 0.523581 2 
0 0.549221 2 
0 0.550779 2 
0 0.720647 2 
0 0.904009 2 
0 1.36783 2 
0 1.39656 2 
0 1.45066 2 
0 1.6419 2 
0 2.14986 2 
0 2.90493 2 
0 3.49142 2 
0 3.78453 2 
0 3.9507 2 
0 4.03199 2 
0 4.04455 2 
0 4.32227 2 
0 4.47559 2 
0 4.49418 2 
0 inf 2 
0 0.0302849 3 
0 0.0338593 3 
0 0.0338599 3 
0 0.0400633 3 
0 0.0414697 3 
0 0.0441482 3 
0 0.0454272 3 
0 0.0466719 3 
0 0.046672 3 
0 0.0466723 3 
0 0.0478843 3 
0 0.0478844 3 
0 0.0490675 3 
0 0.0502216 3 
0 0.0502221 3 
0 0.0535369 3 
0 0.0545972 3 
0 0.055637 3 
0 0.0596162 3 
0 0.0596167 3 
0 0.0651301 3 
0 0.0660052 3 
0 0.0668674 3 
0 0.0668675 3 
0 0.0726209 3 
0 0.0794082 3 
0 0.0815496 3 
0 0.0829346 3 
0 0.084991 3 
0 0.0856576 3 
0 0.0856608 3 
0 0.08764 3 
0 0.0895799 3 
0 0.0895817 3 
0 0.0895842 3 
0 0.0908538 3 
0 0.0933433 3 
0 0.0951643 3 
0 0.097556 3 
0 0.0998717 3 
0 0.106004 3 
0 0.10707 3 
0 0.113312 3 
0 0.115322 3 
0 0.117288 3 
0 0.124414 3 
0 0.127142 3 
0 0.127591 3 
0 0.132873 3 
0 0.138367 3 
0 0.138785 3 
0 0.149136 3 
0 0.151804 3 
0 0.156273 3 
0 0.165529 3 
0 0.168959 3 
0 0.169977 3 
0 0.170314 3 
0 0.178847 3 
0 0.193326 3 
0 0.200326 3 
0 0.202876 3 
0 0.210637 3 
0 0.217604 3 
0 0.225111 3 
0 0.229149 3 
0 0.233116 3 
0 0.234319 3 
0 0.235807 3 
0 0.23629 3 
0 0.237018 3 
0 0.242284 3 
0 0.242514 3 
0 0.243911 3 
0 0.244166 3 
0 0.251566 3 
0 0.254512 3 
0 0.268963 3 
0 0.270458 3 
0 0.271928 3 
0 0.296732 3 
0 0.299464 3 
0 0.300386 3 
0 0.311256 3 
0 0.316414 3 
0 0.320505 3 
0 0.3223 3 
0 0.335199 3 
0 0.340614 3 
0 0.356894 3 
0 0.417595 3 
0 0.418279 3 
0 0.420593 3 
0 0.421845 3 
0 0.439654 3 
0 0.440048 3 
0 0.445895 3 
0 0.447562 3 
0 0.456159 3 
0 0.460162 3 
0 0.473426 3 
0 0.519946 3 
0 0.559661 3 
0 0.769502 3 
0 0.869884 3 
0 1.00867 3 
0 1.09379 3 
0 1.25902 3 
0 1.31384 3 
0 1.47239 3 
0 1.6457 3 
0 1.66168 3 
0 1.66193 3 
0 2.10603 3 
0 2.6926 3 
0 2.99736 3 
0 3.41372 3 
0 3.61095 3 
0 3.64958 3 
0 3.66955 3 
0 3.67025 3 
0 4.00604 3 
0 4.01466 3 
0 inf 3 
0 0.0338595 4 
0 0.0370918 4 
0 0.0400638 4 
0 0.0414691 4 
0 0.0414693 4 
0 0.0414698 4 
0 0.0466725 4 
0 0.0478842 4 
0 0.0490667 4 
0 0.0502213 4 
0 0.0513505 4 
0 0.0513509 4 
0 0.0524519 4 
0 0.0524551 4 
0 0.0545972 4 
0 0.0556369 4 
0 0.0566545 4 
0 0.0566572 4 
0 0.0596166 4 
0 0.0624341 4 
0 0.0642428 4 
0 0.0668681 4 
0 0.0677191 4 
0 0.0693919 4 
0 0.0702131 4 
0 0.0794021 4 
0 0.0794061 4 
0 0.0829399 4 
0 0.0902236 4 
0 0.0957694 4 
0 0.0963632 4 
0 0.0969575 4 
0 0.0987136 4 
0 0.101575 4 
0 0.101577 4 
0 0.102145 4 
0 0.103816 4 
0 0.108667 4 
0 0.108671 4 
0 0.110757 4 
0 0.111272 4 
0 0.114821 4 
0 0.116311 4 
0 0.129819 4 
0 0.133305 4 
0 0.140018 4 
0 0.16274 4 
0 0.166914 4 
0 0.173316 4 
0 0.183906 4 
0 0.184529 4 
0 0.186077 4 
0 0.188522 4 
0 0.198304 4 
0 0.208725 4 
0 0.208997 4 
0 0.210377 4 
0 0.223321 4 
0 0.242044 4 
0 0.246017 4 
0 0.247658 4 
0 0.250654 4 
0 0.252477 4 
0 0.256973 4 
0 0.266181 4 
0 0.266389 4 
0 0.272392 4 
0 0.275495 4 
0 0.291863 4 
0 0.292654 4 
0 0.294207 4 
0 0.297116 4 
0 0.30095 4 
0 0.310708 4 
0 0.329323 4 
0 0.33638 4 
0 0.337909 4 
0 0.353992 4 
0 0.358653 4 
0 0.371372 4 
0 0.374307 4 
0 0.385907 4 
0 0.396483 4 
0 0.39807 4 
0 0.407872 4 
0 0.416646 4 
0 0.417059 4 
0 0.424271 4 
0 0.437692 4 
0 0.439262 4 
0 0.442382 4 
0 0.447421 4 
0 0.449466 4 
0 0.453528 4 
0 0.674053 4 
0 0.732719 4 
0 0.844785 4 
0 0.872408 4 
0 0.88082 4 
0 1.16225 4 
0 1.16345 4 
0 1.22887 4 
0 1.22901 4 
0 1.22961 4 
0 1.24238 4 
0 2.02224 4 
0 2.09739 4 
0 2.12884 4 
0 2.34106 4 
0 2.55695 4 
0 2.61444 4 
0 2.61455 4 
0 2.61597 4 
0 3.04193 4 
0 3.32309 4 
0 3.36669 4 
0 3.4075 4 
0 3.4079 4 
0 3.40831 4 
0 inf 4 
0 0.0355121 5 
0 0.037091 5 
0 0.0400636 5 
0 0.0454273 5 
0 0.0466731 5 
0 0.0502216 5 
0 0.0513503 5 
0 0.0545966 5 
0 0.0545967 5 
0 0.0545972 5 
0 0.0556374 5 
0 0.0566584 5 
0 0.0596155 5 
0 0.062434 5 
0 0.0642446 5 
0 0.0660044 5 
0 0.0718311 5 
0 0.0801266 5 
0 0.0822415 5 
0 0.0836259 5 
0 0.0849841 5 
0 0.087643 5 
0 0.0908523 5 
0 0.0969586 5 
0 0.0975469 5 
0 0.102142 5 
0 0.103809 5 
0 0.107606 5 
0 0.112294 5 
0 0.122078 5 
0 0.122083 5 
0 0.123943 5 
0 0.128041 5 
0 0.132876 5 
0 0.138782 5 
0 0.139603 5 
0 0.139609 5 
0 0.143656 5 
0 0.152555 5 
0 0.155533 5 
0 0.157366 5 
0 0.161321 5 
0 0.169316 5 
0 0.170986 5 
0 0.172319 5 
0 0.174956 5 
0 0.175935 5 
0 0.175937 5 
0 0.180125 5 
0 0.181713 5 
0 0.186998 5 
0 0.187304 5 
0 0.195392 5 
0 0.214417 5 
0 0.220215 5 
0 0.222038 5 
0 0.238462 5 
0 0.242041 5 
0 0.242752 5 
0 0.24789 5 
0 0.291666 5 
0 0.29186 5 
0 0.297118 5 
0 0.308492 5 
0 0.312348 5 
0 0.32371 5 
0 0.325668 5 
0 0.328109 5 
0 0.328109 5 
0 0.331771 5 
0 0.332634 5 
0 0.33639 5 
0 0.337061 5 
0 0.360074 5 
0 0.360725 5 
0 0.364348 5 
0 0.364506 5 
0 0.364506 5 
0 0.379165 5 
0 0.39385 5 
0 0.396895 5 
0 0.407169 5 
0 0.460694 5 
0 0.466873 5 
0 0.468711 5 
0 0.468833 5 
0 0.663061 5 
0 0.688444 5 
0 0.779405 5 
0 0.819555 5 
0 0.901797 5 
0 1.01186 5 
0 1.01322 5 
0 1.01751 5 
0 1.02554 5 
0 1.17129 5 
0 1.24863 5 
0 1.36467 5 
0 1.37384 5 
0 1.37413 5 
0 1.3743 5 
0 1.3748 5 
0 1.90535 5 
0 1.97489 5 
0 2.01083 5 
0 2.02899 5 
0 2.0326 5 
0 2.04646 5 
0 2.10666 5 
0 2.22085 5 
0 2.22788 5 
0 2.23812 5 
0 2.53066 5 
0 2.60557 5 
0 2.62907 5 
0 inf 5 
0 0.0283288 6 
0 0.0355128 6 
0 0.0400633 6 
0 0.0490664 6 
0 0.0502156 6 
0 0.0513503 6 
0 0.0513512 6 
0 0.0586467 6 
0 0.0651303 6 
0 0.0668672 6 
0 0.0668674 6 
0 0.0668678 6 
0 0.0677187 6 
0 0.070212 6 
0 0.0718286 6 
0 0.0902214 6 
0 0.0998714 6 
0 0.10436 6 
0 0.106533 6 
0 0.109718 6 
0 0.110234 6 
0 0.111271 6 
0 0.11179 6 
0 0.115824 6 
0 0.123943 6 
0 0.124407 6 
0 0.126691 6 
0 0.13026 6 
0 0.135438 6 
0 0.136284 6 
0 0.139192 6 
0 0.142855 6 
0 0.142855 6 
0 0.145243 6 
0 0.145637 6 
0 0.147593 6 
0 0.149518 6 
0 0.149519 6 
0 0.152184 6 
0 0.155182 6 
0 0.155534 6 
0 0.157002 6 
0 0.159535 6 
0 0.167252 6 
0 0.170984 6 
0 0.183282 6 
0 0.184836 6 
0 0.186075 6 
0 0.189431 6 
0 0.199454 6 
0 0.205978 6 
0 0.206792 6 
0 0.206792 6 
0 0.215481 6 
0 0.225892 6 
0 0.228164 6 
0 0.228643 6 
0 0.299425 6 
0 0.305482 6 
0 0.310332 6 
0 0.312908 6 
0 0.325129 6 
0 0.331586 6 
0 0.33245 6 
0 0.332967 6 
0 0.335356 6 
0 0.343469 6 
0 0.399781 6 
0 0.402507 6 
0 0.406335 6 
0 0.407462 6 
0 0.412756 6 
0 0.413311 6 
0 0.416627 6 
0 0.437166 6 
0 0.441731 6 
0 0.447533 6 
0 0.470532 6 
0 0.611154 6 
0 0.734268 6 
0 0.782561 6 
0 0.791472 6 
0 0.805447 6 
0 0.810413 6 
0 0.810414 6 
0 0.811544 6 
0 0.83995 6 
0 0.960697 6 
0 1.14521 6 
0 1.19355 6 
0 1.20339 6 
0 1.20454 6 
0 1.20568 6 
0 1.21137 6 
0 1.23161 6 
0 1.2436 6 
0 1.25002 6 
0 1.29814 6 
0 1.45563 6 
0 1.45764 6 
0 1.4647 6 
0 1.46943 6 
0 1.66167 6 
0 1.74693 6 
0 1.79531 6 
0 1.79627 6 
0 1.80095 6 
0 1.80553 6 
0 1.80705 6 
0 1.82985 6 
0 1.83901 6 
0 inf 6 
0 0.0370914 7 
0 0.0513559 7 
0 0.0545966 7 
0 0.0566573 7 
0 0.0566579 7 
0 0.0566583 7 
0 0.0586467 7 
0 0.0605692 7 
0 0.0642436 7 
0 0.0651305 7 
0 0.0764657 7 
0 0.0815434 7 
0 0.0836258 7 
0 0.0889328 7 
0 0.0927271 7 
0 0.0969582 7 
0 0.112803 7 
0 0.115815 7 
0 0.124405 7 
0 0.125784 7 
0 0.127132 7 
0 0.127615 7 
0 0.128926 7 
0 0.130689 7 
0 0.134584 7 
0 0.134591 7 
0 0.135009 7 
0 0.135012 7 
0 0.135017 7 
0 0.135863 7 
0 0.136285 7 
0 0.13878 7 
0 0.139611 7 
0 0.142855 7 
0 0.155536 7 
0 0.156631 7 
0 0.170986 7 
0 0.173312 7 
0 0.177256 7 
0 0.178851 7 
0 0.179804 7 
0 0.179824 7 
0 0.186698 7 
0 0.187301 7 
0 0.19094 7 
0 0.192743 7 
0 0.193919 7 
0 0.206803 7 
0 0.217865 7 
0 0.220994 7 
0 0.289492 7 
0 0.294025 7 
0 0.295954 7 
0 0.296539 7 
0 0.312165 7 
0 0.322116 7 
0 0.336216 7 
0 0.337577 7 
0 0.342131 7 
0 0.349584 7 
0 0.370788 7 
0 0.375702 7 
0 0.375702 7 
0 0.381108 7 
0 0.38216 7 
0 0.38693 7 
0 0.401212 7 
0 0.485398 7 
0 0.486265 7 
0 0.497069 7 
0 0.501661 7 
0 0.652946 7 
0 0.664346 7 
0 0.666007 7 
0 0.716568 7 
0 0.786361 7 
0 0.803166 7 
0 0.8413 7 
0 0.844567 7 
0 0.868658 7 
0 0.877522 7 
0 0.891624 7 
0 0.95058 7 
0 0.96929 7 
0 1.0213 7 
0 1.03402 7 
0 1.08049 7 
0 1.10541 7 
0 1.1147 7 
0 1.13752 7 
0 1.1502 7 
0 1.15731 7 
0 1.16181 7 
0 1.16459 7 
0 1.17165 7 
0 1.18047 7 
0 1.18203 7 
0 1.19708 7 
0 1.28734 7 
0 1.31553 7 
0 1.478 7 
0 1.759 7 
0 1.80457 7 
0 1.80695 7 
0 1.80838 7 
0 1.83407 7 
0 1.96157 7 
0 inf 7 
0 0.0262273 8 
0 0.0414701 8 
0 0.0502218 8 
0 0.0596166 8 
0 0.0660044 8 
0 0.0902182 8 
0 0.0951692 8 
0 0.0981274 8 
0 0.0992909 8 
0 0.104909 8 
0 0.108136 8 
0 0.113313 8 
0 0.116306 8 
0 0.130701 8 
0 0.131574 8 
0 0.132902 8 
0 0.136703 8 
0 0.142046 8 
0 0.14245 8 
0 0.143656 8 
0 0.147203 8 
0 0.147595 8 
0 0.14798 8 
0 0.149903 8 
0 0.154049 8 
0 0.162399 8 
0 0.162743 8 
0 0.165171 8 
0 0.165536 8 
0 0.166574 8 
0 0.166924 8 
0 0.167249 8 
0 0.173646 8 
0 0.175616 8 
0 0.17562 8 
0 0.181396 8 
0 0.18822 8 
0 0.189737 8 
0 0.198017 8 
0 0.217598 8 
0 0.234096 8 
0 0.262096 8 
0 0.26665 8 
0 0.266826 8 
0 0.270703 8 
0 0.274241 8 
0 0.29009 8 
0 0.303794 8 
0 0.329844 8 
0 0.330712 8 
0 0.330717 8 
0 0.335014 8 
0 0.338261 8 
0 0.342456 8 
0 0.353087 8 
0 0.358167 8 
0 0.359445 8 
0 0.402781 8 
0 0.427634 8 
0 0.42964 8 
0 0.43335 8 
0 0.434407 8 
0 0.493236 8 
0 0.520897 8 
0 0.53651 8 
0 0.548799 8 
0 0.583104 8 
0 0.694487 8 
0 0.778521 8 
0 0.778849 8 
0 0.781754 8 
0 0.78417 8 
0 0.78551 8 
0 0.804237 8 
0 0.805105 8 
0 0.808584 8 
0 0.811989 8 
0 0.812765 8 
0 0.816977 8 
0 0.825223 8 
0 0.86957 8 
0 0.927234 8 
0 0.941989 8 
0 0.948729 8 
0 0.964804 8 
0 0.9702 8 
0 0.972297 8 
0 0.99297 8 
0 1.00073 8 
0 1.00827 8 
0 1.09564 8 
0 1.09889 8 
0 1.13934 8 
0 1.13979 8 
0 1.1602 8 
0 1.18661 8 
0 1.18762 8 
0 1.18931 8 
0 1.7804 8 
0 1.78657 8 
0 1.78686 8 
0 1.81501 8 
0 1.82609 8 
0 inf 8 
0 0.0321222 9 
0 0.0660103 9 
0 0.0702124 9 
0 0.0726203 9 
0 0.0786733 9 
0 0.0836704 9 
0 0.0889413 9 
0 0.0895789 9 
0 0.0895914 9 
0 0.0963558 9 
0 0.0969557 9 
0 0.10214 9 
0 0.103792 9 
0 0.114314 9 
0 0.130257 9 
0 0.140039 9 
0 0.14004 9 
0 0.142851 9 
0 0.144452 9 
0 0.146038 9 
0 0.147988 9 
0 0.164487 9 
0 0.173641 9 
0 0.180125 9 
0 0.180125 9 
0 0.181715 9 
0 0.183596 9 
0 0.185141 9 
0 0.186386 9 
0 0.196273 9 
0 0.197139 9 
0 0.201175 9 
0 0.203718 9 
0 0.224069 9 
0 0.226106 9 
0 0.229396 9 
0 0.241329 9 
0 0.246077 9 
0 0.262932 9 
0 0.268152 9 
0 0.316358 9 
0 0.317452 9 
0 0.320141 9 
0 0.326005 9 
0 0.351096 9 
0 0.367025 9 
0 0.369516 9 
0 0.39472 9 
0 0.399899 9 
0 0.405749 9 
0 0.406746 9 
0 0.413455 9 
0 0.420058 9 
0 0.423321 9 
0 0.51765 9 
0 0.578192 9 
0 0.594495 9 
0 0.595651 9 
0 0.610129 9 
0 0.623972 9 
0 0.633646 9 
0 0.634445 9 
0 0.68147 9 
0 0.690513 9 
0 0.772335 9 
0 0.777269 9 
0 0.778226 9 
0 0.781167 9 
0 0.781685 9 
0 0.782784 9 
0 0.786527 9 
0 0.795801 9 
0 0.798607 9 
0 0.800807 9 
0 0.834116 9 
0 0.846138 9 
0 0.847019 9 
0 0.86159 9 
0 0.862654 9 
0 0.935668 9 
0 0.936587 9 
0 0.955794 9 
0 0.955794 9 
0 0.973327 9 
0 0.975485 9 
0 0.981014 9 
0 0.981482 9 
0 1.13853 9 
0 1.13974 9 
0 1.14616 9 
0 1.21133 9 
0 1.21152 9 
0 1.28444 9 
0 1.28515 9 
0 1.78416 9 
0 1.7856 9 
0 1.79109 9 
0 1.8306 9 
0 1.8306 9 
0 inf 9 
0 0.0668551 10 
0 0.084964 10 
0 0.089583 10 
0 0.0921065 10 
0 0.0969559 10 
0 0.0992895 10 
0 0.0998691 10 
0 0.108664 10 
0 0.114849 10 
0 0.131136 10 
0 0.131157 10 
0 0.135865 10 
0 0.149155 10 
0 0.155164 10 
0 0.158092 10 
0 0.165878 10 
0 0.178218 10 
0 0.18266 10 
0 0.18761 10 
0 0.203979 10 
0 0.20426 10 
0 0.220478 10 
0 0.237544 10 
0 0.237544 10 
0 0.238942 10 
0 0.243934 10 
0 0.249512 10 
0 0.260299 10 
0 0.263804 10 
0 0.264452 10 
0 0.294223 10 
0 0.297311 10 
0 0.300378 10 
0 0.309227 10 
0 0.317266 10 
0 0.323532 10 
0 0.332276 10 
0 0.332795 10 
0 0.332955 10 
0 0.340962 10 
0 0.343472 10 
0 0.356244 10 
0 0.358658 10 
0 0.360086 10 
0 0.398398 10 
0 0.408983 10 
0 0.41108 10 
0 0.414008 10 
0 0.414008 10 
0 0.462649 10 
0 0.528473 10 
0 0.551991 10 
0 0.555305 10 
0 0.574909 10 
0 0.575614 10 
0 0.58313 10 
0 0.600992 10 
0 0.61022 10 
0 0.615598 10 
0 0.65156 10 
0 0.67465 10 
0 0.676686 10 
0 0.678463 10 
0 0.779331 10 
0 0.779993 10 
0 0.781904 10 
0 0.782784 10 
0 0.818086 10 
0 0.819765 10 
0 0.827838 10 
0 0.849721 10 
0 0.850784 10 
0 0.850851 10 
0 0.854771 10 
0 0.855106 10 
0 0.876645 10 
0 0.879777 10 
0 0.898678 10 
0 0.898678 10 
0 0.898678 10 
0 1.14521 10 
0 1.14881 10 
0 1.17154 10 
0 1.17617 10 
0 1.17734 10 
0 1.19509 10 
0 1.24716 10 
0 1.24739 10 
0 1.40792 10 
0 1.40857 10 
0 1.84267 10 
0 1.84304 10 
0 1.86309 10 
0 1.90339 10 
0 1.90384 10 
0 inf 10 
0 0.0633341 11 
0 0.0801019 11 
0 0.0876852 11 
0 0.114319 11 
0 0.116311 11 
0 0.122551 11 
0 0.127164 11 
0 0.137951 11 
0 0.142035 11 
0 0.16483 11 
0 0.172316 11 
0 0.173975 11 
0 0.177229 11 
0 0.181084 11 
0 0.206771 11 
0 0.209554 11 
0 0.212265 11 
0 0.221495 11 
0 0.232137 11 
0 0.232421 11 
0 0.238267 11 
0 0.25019 11 
0 0.250426 11 
0 0.261179 11 
0 0.270876 11 
0 0.295198 11 
0 0.301719 11 
0 0.319612 11 
0 0.321044 11 
0 0.326877 11 
0 0.339433 11 
0 0.346949 11 
0 0.354952 11 
0 0.383525 11 
0 0.386648 11 
0 0.386796 11 
0 0.390483 11 
0 0.394867 11 
0 0.39747 11 
0 0.40184 11 
0 0.402916 11 
0 0.407873 11 
0 0.410098 11 
0 0.423311 11 
0 0.442513 11 
0 0.464648 11 
0 0.496441 11 
0 0.496903 11 
0 0.521152 11 
0 0.522569 11 
0 0.55192 11 
0 0.555651 11 
0 0.564963 11 
0 0.569813 11 
0 0.663599 11 
0 0.665325 11 
0 0.694083 11 
0 0.698114 11 
0 0.778544 11 
0 0.778889 11 
0 0.780309 11 
0 0.791736 11 
0 0.796014 11 
0 0.821745 11 
0 0.823746 11 
0 0.827079 11 
0 0.827564 11 
0 0.848422 11 
0 0.85348 11 
0 0.874812 11 
0 0.875009 11 
0 0.875336 11 
0 0.876383 11 
0 0.878148 11 
0 0.892503 11 
0 0.971081 11 
0 1.00969 11 
0 1.0102 11 
0 1.15732 11 
0 1.15811 11 
0 1.16702 11 
0 1.16702 11 
0 1.18845 11 
0 1.23774 11 
0 1.23813 11 
0 1.23924 11 
0 1.78891 11 
0 1.79559 11 
0 1.84108 11 
0 1.84133 11 
0 1.84692 11 
0 inf 11 
0 0.0466577 12 
0 0.0786703 12 
0 0.0843104 12 
0 0.111771 12 
0 0.141673 12 
0 0.145646 12 
0 0.147583 12 
0 0.165881 12 
0 0.185152 12 
0 0.186665 12 
0 0.186694 12 
0 0.188826 12 
0 0.190929 12 
0 0.196555 12 
0 0.198883 12 
0 0.20146 12 
0 0.208176 12 
0 0.228643 12 
0 0.229941 12 
0 0.236528 12 
0 0.246503 12 
0 0.254282 12 
0 0.254514 12 
0 0.266396 12 
0 0.277149 12 
0 0.289503 12 
0 0.294022 12 
0 0.298089 12 
0 0.30247 12 
0 0.308289 12 
0 0.308846 12 
0 0.318892 12 
0 0.327234 12 
0 0.367963 12 
0 0.390049 12 
0 0.395304 12 
0 0.410108 12 
0 0.413443 12 
0 0.414003 12 
0 0.414413 12 
0 0.417719 12 
0 0.435185 12 
0 0.444322 12 
0 0.44548 12 
0 0.445481 12 
0 0.51503 12 
0 0.51503 12 
0 0.575523 12 
0 0.577305 12 
0 0.687775 12 
0 0.690768 12 
0 0.755136 12 
0 0.756728 12 
0 0.765165 12 
0 0.767205 12 
0 0.768101 12 
0 0.77911 12 
0 0.779478 12 
0 0.783804 12 
0 0.785776 12 
0 0.791376 12 
0 0.793112 12 
0 0.793112 12 
0 0.796244 12 
0 0.804391 12 
0 0.806313 12 
0 0.807458 12 
0 0.808876 12 
0 0.81198 12 
0 0.872224 12 
0 0.873209 12 
0 0.910515 12 
0 0.918226 12 
0 0.919536 12 
0 0.924324 12 
0 0.928937 12 
0 0.957645 12 
0 1.1355 12 
0 1.1355 12 
0 1.13555 12 
0 1.13636 12 
0 1.15254 12 
0 1.78993 12 
0 1.79009 12 
0 1.81264 12 
0 1.81491 12 
0 1.82295 12 
0 inf 12 
0 0.0895813 13 
0 0.097587 13 
0 0.105995 13 
0 0.110739 13 
0 0.155534 13 
0 0.158093 13 
0 0.159902 13 
0 0.176595 13 
0 0.176595 13 
0 0.176596 13 
0 0.184221 13 
0 0.185455 13 
0 0.185763 13 
0 0.185763 13 
0 0.203136 13 
0 0.209818 13 
0 0.238025 13 
0 0.254063 13 
0 0.258979 13 
0 0.259902 13 
0 0.266183 13 
0 0.266412 13 
0 0.283902 13 
0 0.288511 13 
0 0.290877 13 
0 0.299609 13 
0 0.299614 13 
0 0.304739 13 
0 0.377497 13 
0 0.385452 13 
0 0.390488 13 
0 0.391658 13 
0 0.412756 13 
0 0.447021 13 
0 0.456161 13 
0 0.486805 13 
0 0.497403 13 
0 0.506988 13 
0 0.507326 13 
0 0.522568 13 
0 0.526625 13 
0 0.526625 13 
0 0.537407 13 
0 0.56575 13 
0 0.644306 13 
0 0.650833 13 
0 0.655046 13 
0 0.679895 13 
0 0.688591 13 
0 0.693816 13 
0 0.694988 13 
0 0.699184 13 
0 0.720423 13 
0 0.771939 13 
0 0.77283 13 
0 0.772911 13 
0 0.776161 13 
0 0.780212 13 
0 0.780213 13 
0 0.781314 13 
0 0.795775 13 
0 0.796567 13 
0 0.798292 13 
0 0.864243 13 
0 0.870806 13 
0 0.870806 13 
0 0.874331 13 
0 0.931919 13 
0 0.932411 13 
0 0.932964 13 
0 0.98945 13 
0 1.06533 13 
0 1.07737 13 
0 1.144 13 
0 1.14776 13 
0 1.17943 13 
0 1.17943 13 
0 1.18317 13 
0 1.77927 13 
0 1.77927 13 
0 1.77998 13 
0 1.7804 13 
0 1.78101 13 
0 inf 13 
0 0.077941 14 
0 0.0939374 14 
0 0.100479 14 
0 0.141236 14 
0 0.155166 14 
0 0.157731 14 
0 0.167602 14 
0 0.168964 14 
0 0.189424 14 
0 0.194807 14 
0 0.197119 14 
0 0.228393 14 
0 0.24882 14 
0 0.252267 14 
0 0.255638 14 
0 0.256534 14 
0 0.258754 14 
0 0.260111 14 
0 0.277362 14 
0 0.279011 14 
0 0.28065 14 
0 0.283882 14 
0 0.283898 14 
0 0.291673 14 
0 0.292828 14 
0 0.302661 14 
0 0.316545 14 
0 0.353988 14 
0 0.395886 14 
0 0.399346 14 
0 0.441603 14 
0 0.449073 14 
0 0.45919 14 
0 0.461805 14 
0 0.463786 14 
0 0.466847 14 
0 0.506981 14 
0 0.557711 14 
0 0.589067 14 
0 0.60104 14 
0 0.607183 14 
0 0.650416 14 
0 0.66463 14 
0 0.664717 14 
0 0.665923 14 
0 0.670042 14 
0 0.671323 14 
0 0.786289 14 
0 0.811051 14 
0 0.811121 14 
0 0.826472 14 
0 0.829013 14 
0 0.833724 14 
0 0.853479 14 
0 0.858836 14 
0 0.878996 14 
0 0.879127 14 
0 0.879192 14 
0 0.8803 14 
0 0.884393 14 
0 0.895432 14 
0 0.90454 14 
0 1.14451 14 
0 1.14511 14 
0 1.18525 14 
0 1.18588 14 
0 1.1893 14 
0 1.24303 14 
0 1.26755 14 
0 1.26795 14 
0 1.26795 14 
0 1.27508 14 
0 1.27871 14 
0 1.80648 14 
0 1.80791 14 
0 1.84107 14 
0 1.91136 14 
0 1.93473 14 
0 1.93535 14 
0 inf 14 
0 0.100436 15 
0 0.123943 15 
0 0.136695 15 
0 0.138782 15 
0 0.141656 15 
0 0.142866 15 
0 0.198279 15 
0 0.200318 15 
0 0.202569 15 
0 0.208427 15 
0 0.209 15 
0 0.211474 15 
0 0.215989 15 
0 0.230439 15 
0 0.233405 15 
0 0.23822 15 
0 0.263586 15 
0 0.286918 15 
0 0.289895 15 
0 0.294606 15 
0 0.295772 15 
0 0.298662 15 
0 0.300193 15 
0 0.301904 15 
0 0.302094 15 
0 0.307951 15 
0 0.310336 15 
0 0.31694 15 
0 0.317273 15 
0 0.359138 15 
0 0.408563 15 
0 0.453514 15 
0 0.458167 15 
0 0.460787 15 
0 0.469659 15 
0 0.471731 15 
0 0.50924 15 
0 0.622679 15 
0 0.632639 15 
0 0.642678 15 
0 0.659609 15 
0 0.66601 15 
0 0.667386 15 
0 0.67124 15 
0 0.71177 15 
0 0.780878 15 
0 0.780878 15 
0 0.784393 15 
0 0.792678 15 
0 0.810294 15 
0 0.847882 15 
0 0.849706 15 
0 0.851121 15 
0 0.87671 15 
0 0.877233 15 
0 0.877604 15 
0 0.881405 15 
0 0.882964 15 
0 0.882965 15 
0 1.14456 15 
0 1.14486 15 
0 1.14491 15 
0 1.15204 15 
0 1.23567 15 
0 1.23734 15 
0 1.23757 15 
0 1.23919 15 
0 1.26191 15 
0 1.29066 15 
0 1.29425 15 
0 1.80283 15 
0 1.88791 15 
0 1.90652 15 
0 1.90679 15 
0 2.6561 15 
0 inf 15 
0 0.0772056 16 
0 0.0933189 16 
0 0.0957655 16 
0 0.096366 16 
0 0.106027 16 
0 0.107069 16 
0 0.117286 16 
0 0.123013 16 
0 0.126236 16 
0 0.14446 16 
0 0.155172 16 
0 0.157008 16 
0 0.180765 16 
0 0.186357 16 
0 0.190915 16 
0 0.194485 16 
0 0.208428 16 
0 0.208453 16 
0 0.211448 16 
0 0.214961 16 
0 0.21576 16 
0 0.249088 16 
0 0.26166 16 
0 0.271972 16 
0 0.281661 16 
0 0.291477 16 
0 0.366099 16 
0 0.366725 16 
0 0.38008 16 
0 0.380231 16 
0 0.41922 16 
0 0.476442 16 
0 0.478364 16 
0 0.481231 16 
0 0.508339 16 
0 0.544819 16 
0 0.571486 16 
0 0.664892 16 
0 0.67218 16 
0 0.672606 16 
0 0.675073 16 
0 0.675412 16 
0 0.719786 16 
0 0.776899 16 
0 0.780441 16 
0 0.782561 16 
0 0.784316 16 
0 0.784828 16 
0 0.787825 16 
0 0.788116 16 
0 0.827373 16 
0 0.868528 16 
0 0.878735 16 
0 0.879452 16 
0 0.888531 16 
0 0.892872 16 
0 0.894476 16 
0 0.895132 16 
0 0.902866 16 
0 0.998193 16 
0 1.00009 16 
0 1.00123 16 
0 1.13958 16 
0 1.18854 16 
0 1.18873 16 
0 1.20306 16 
0 1.25319 16 
0 1.78069 16 
0 1.79147 16 
0 1.79198 16 
0 1.87908 16 
0 inf 16 
0 0.0779427 17 
0 0.0829313 17 
0 0.0850341 17 
0 0.0856602 17 
0 0.0882879 17 
0 0.100486 17 
0 0.10761 17 
0 0.117279 17 
0 0.131605 17 
0 0.155899 17 
0 0.178839 17 
0 0.179798 17 
0 0.181712 17 
0 0.199466 17 
0 0.229398 17 
0 0.240183 17 
0 0.240183 17 
0 0.288139 17 
0 0.304346 17 
0 0.309389 17 
0 0.32599 17 
0 0.350235 17 
0 0.397624 17 
0 0.397768 17 
0 0.399063 17 
0 0.409712 17 
0 0.412227 17 
0 0.456915 17 
0 0.48926 17 
0 0.517171 17 
0 0.52953 17 
0 0.555643 17 
0 0.563835 17 
0 0.575278 17 
0 0.577467 17 
0 0.59362 17 
0 0.599386 17 
0 0.712021 17 
0 0.714913 17 
0 0.715795 17 
0 0.74129 17 
0 0.751299 17 
0 0.763453 17 
0 0.779919 17 
0 0.785289 17 
0 0.793355 17 
0 0.801951 17 
0 0.80345 17 
0 0.804235 17 
0 0.846616 17 
0 0.850872 17 
0 0.86165 17 
0 0.862714 17 
0 0.866409 17 
0 0.881472 17 
0 0.881472 17 
0 0.886724 17 
0 0.90363 17 
0 1.00664 17 
0 1.14014 17 
0 1.1424 17 
0 1.1424 17 
0 1.14641 17 
0 1.78442 17 
0 1.79003 17 
0 1.79003 17 
0 1.79041 17 
0 inf 17 
0 0.0975403 18 
0 0.0986955 18 
0 0.102178 18 
0 0.102681 18 
0 0.110739 18 
0 0.110791 18 
0 0.127625 18 
0 0.151064 18 
0 0.190955 18 
0 0.289324 18 
0 0.300214 18 
0 0.305864 18 
0 0.308291 18 
0 0.308663 18 
0 0.323733 18 
0 0.332304 18 
0 0.332822 18 
0 0.338795 18 
0 0.349912 18 
0 0.35122 18 
0 0.36057 18 
0 0.40604 18 
0 0.406182 18 
0 0.409548 18 
0 0.413443 18 
0 0.420049 18 
0 0.423447 18 
0 0.522686 18 
0 0.583722 18 
0 0.623972 18 
0 0.660536 18 
0 0.679803 18 
0 0.680478 18 
0 0.68315 18 
0 0.68315 18 
0 0.686265 18 
0 0.686498 18 
0 0.688795 18 
0 0.705312 18 
0 0.776162 18 
0 0.77911 18 
0 0.780213 18 
0 0.784829 18 
0 0.800593 18 
0 0.810485 18 
0 0.825256 18 
0 0.897692 18 
0 0.923026 18 
0 0.974074 18 
0 0.97421 18 
0 0.974544 18 
0 0.97562 18 
0 0.976149 18 
0 0.978771 18 
0 1.11573 18 
0 1.14476 18 
0 1.14476 18 
0 1.14531 18 
0 1.14556 18 
0 1.79176 18 
0 1.79253 18 
0 1.79364 18 
0 1.79703 18 
0 inf 18 
0 0.0801242 19 
0 0.0957562 19 
0 0.0957601 19 
0 0.0957601 19 
0 0.123019 19 
0 0.124869 19 
0 0.133306 19 
0 0.136302 19 
0 0.151805 19 
0 0.15627 19 
0 0.166923 19 
0 0.200317 19 
0 0.214681 19 
0 0.275084 19 
0 0.275916 19 
0 0.278398 19 
0 0.292451 19 
0 0.30847 19 
0 0.310698 19 
0 0.314906 19 
0 0.336219 19 
0 0.354469 19 
0 0.358329 19 
0 0.361673 19 
0 0.398807 19 
0 0.401773 19 
0 0.411496 19 
0 0.412345 19 
0 0.423321 19 
0 0.432962 19 
0 0.463148 19 
0 0.528354 19 
0 0.592696 19 
0 0.772163 19 
0 0.772237 19 
0 0.772429 19 
0 0.775392 19 
0 0.775909 19 
0 0.789271 19 
0 0.80765 19 
0 0.811615 19 
0 0.815068 19 
0 0.889493 19 
0 0.891038 19 
0 0.891231 19 
0 0.914504 19 
0 0.915068 19 
0 1.16328 19 
0 1.16525 19 
0 1.16565 19 
0 1.18267 19 
0 1.18267 19 
0 1.26424 19 
0 1.79878 19 
0 1.79888 19 
0 1.80692 19 
0 2.10786 19 
0 2.43668 19 
0 3.42213 19 
0 inf 19 
0 0.079409 20 
0 0.0895819 20 
0 0.0908561 20 
0 0.0998695 20 
0 0.101577 20 
0 0.116801 20 
0 0.131574 20 
0 0.141665 20 
0 0.142873 20 
0 0.145243 20 
0 0.14761 20 
0 0.161325 20 
0 0.16657 20 
0 0.193328 20 
0 0.202593 20 
0 0.238465 20 
0 0.29068 20 
0 0.303797 20 
0 0.315096 20 
0 0.320142 20 
0 0.321393 20 
0 0.321749 20 
0 0.323177 20 
0 0.336892 20 
0 0.336892 20 
0 0.341118 20 
0 0.371372 20 
0 0.375054 20 
0 0.399494 20 
0 0.404059 20 
0 0.404485 20 
0 0.409557 20 
0 0.414427 20 
0 0.420595 20 
0 0.491013 20 
0 0.67022 20 
0 0.670643 20 
0 0.67201 20 
0 0.77933 20 
0 0.826243 20 
0 0.829567 20 
0 0.8508 20 
0 0.8508 20 
0 0.886517 20 
0 0.898677 20 
0 0.901734 20 
0 0.905857 20 
0 1.17036 20 
0 1.17388 20 
0 1.19509 20 
0 1.19662 20 
0 1.26632 20 
0 1.86251 20 
0 1.863 20 
0 2.66949 20 
0 inf 20 
