4.53088 8.06812 1 
1.21843 1.22693 1 
1.04677 2.67527 1 
0.18822 0.194688 1 
0.176228 0.201506 1 
0.169118 0.174039 1 
0.163911 0.211003 1 
0.0971388 0.162182 1 
0.082883 0.0851546 1 
0.0744313 0.0757802 1 
0.0689346 0.0751843 1 
0.0681112 0.0813694 1 
0.067448 0.0695829 1 
0.0629573 0.0679462 1 
0.0575377 0.0768138 1 
0.0565496 0.0573406 1 
0.0530563 0.061692 1 
0.0476924 0.0493175 1 
0.0440084 0.0442637 1 
0.0416418 0.0442637 1 
0.0408235 0.0419125 1 
0.0397047 0.0432348 1 
0.0351986 0.0408262 1 
0.032534 0.037064 1 
0.0276714 0.0296366 1 
3.98928 6.22194 2 
0.863068 3.55684 2 
0.22655 0.234366 2 
0.221723 0.247773 2 
0.179204 0.210682 2 
0.140776 0.155453 2 
0.106114 0.10884 2 
0.105262 0.106751 2 
0.10483 0.132282 2 
0.0762253 0.0813701 2 
0.0708656 0.0756291 2 
0.0700673 0.0840913 2 
0.069745 0.0719699 2 
0.0676134 0.0695835 2 
0.0524178 0.0534756 2 
0.0457646 0.0457651 2 
0.0388444 0.0442639 2 
0.032186 0.0348733 2 
4.51783 4.91364 3 
4.51302 4.91772 3 
4.10419 4.12209 3 
3.39723 4.92085 3 
0.77778 3.6661 3 
0.224855 0.232629 3 
0.208697 0.257621 3 
0.175843 0.184407 3 
0.12284 0.151412 3 
0.119772 0.138028 3 
0.108213 0.127425 3 
0.105475 0.113795 3 
0.0796914 0.0984063 3 
0.0684419 0.0702282 3 
0.0677788 0.070225 3 
0.0602144 0.0682736 3 
0.0553418 0.0555453 3 
0.0551402 0.0624139 3 
0.0545239 0.0590834 3 
0.053269 0.0543161 3 
0.0530569 0.062777 3 
0.0476929 0.0532692 3 
3.15358 3.24418 4 
3.0374 3.64235 4 
2.99928 3.42295 4 
2.89475 3.6929 4 
1.04486 3.34609 4 
0.207617 0.239685 4 
0.188215 0.199313 4 
0.148181 0.153773 4 
0.126899 0.131341 4 
0.126632 0.13762 4 
0.113494 0.127512 4 
0.0872465 0.108735 4 
0.0751844 0.0886552 4 
0.0682769 0.0750344 4 
0.0666072 0.0730573 4 
0.0590825 0.059651 4 
0.059082 0.0687699 4 
0.0569474 0.0581217 4 
0.0567489 0.0571452 4 
0.0486279 0.0585071 4 
2.0003 2.99731 5 
0.171566 0.204339 5 
0.15574 0.1775 5 
0.132279 0.135558 5 
0.12979 0.145419 5 
0.128831 0.144798 5 
0.12511 0.146882 5 
0.103752 0.114193 5 
0.0985206 0.110482 5 
0.0966745 0.10156 5 
0.0836898 0.0995441 5 
0.077106 0.0859458 5 
0.0682765 0.0721254 5 
0.0655827 0.0703842 5 
0.0517633 0.0559483 5 
0.0499921 0.0605872 5 
2.73768 2.80468 6 
2.72984 2.79967 6 
2.66251 2.67458 6 
2.58094 2.66911 6 
1.71511 2.67683 6 
0.144876 0.153116 6 
0.11478 0.148634 6 
0.103754 0.122837 6 
0.087759 0.094316 6 
0.0694218 0.0763727 6 
2.87722 2.92828 7 
2.58545 3.05319 7 
2.3366 2.42759 7 
1.96763 2.36428 7 
1.95309 2.28367 7 
1.784 2.31391 7 
1.68412 1.85128 7 
1.43921 1.69237 7 
1.41758 1.67641 7 
0.142843 0.144798 7 
0.106749 0.139734 7 
0.105048 0.115266 7 
0.103101 0.103427 7 
0.0840916 0.0842256 7 
0.0707101 0.0832849 7 
2.35409 2.36736 8 
2.15938 2.17964 8 
2.1473 2.18112 8 
2.14416 2.3527 8 
1.98427 2.0334 8 
1.56604 2.07971 8 
1.48119 1.66265 8 
1.26987 2.06205 8 
0.412539 0.434484 8 
0.132115 0.143077 8 
0.125196 0.143939 8 
0.120428 0.122287 8 
0.120338 0.138764 8 
2.61384 2.63877 9 
2.61381 2.64858 9 
2.54835 2.84034 9 
2.54831 2.84037 9 
1.54525 1.72912 9 
1.25851 1.78856 9 
0.139814 0.169117 9 
0.125106 0.125645 9 
0.097486 0.102441 9 
0.0875048 0.0999949 9 
0.0771066 0.0796923 9 
1.75355 1.84429 10 
1.24128 1.52191 10 
0.268737 0.273268 10 
1.74116 1.7817 11 
1.7409 1.77715 11 
1.33861 1.38529 11 
1.33431 1.60963 11 
1.31195 1.4829 11 
1.23482 1.27893 11 
0.633518 0.646686 11 
1.4505 1.51688 12 
1.44802 1.51925 12 
1.44748 1.54065 12 
1.06203 1.08279 12 
1.03886 1.14865 12 
0.841759 1.13487 12 
0.809938 1.21159 12 
0.572974 0.596544 12 
1.14505 1.15443 13 
1.13668 1.20374 13 
1.13649 1.20751 13 
0.972586 1.03903 13 
0.377518 0.38128 13 
2.56636 2.65254 14 
2.56634 2.65273 14 
2.56634 2.65362 14 
1.89375 1.96379 15 
1.89375 1.95801 15 
1.8929 1.95733 15 
1.52221 1.71596 16 
1.2971 1.78479 16 
1.29702 1.35115 16 
1.28978 1.40844 16 
1.1635 1.47824 16 
0.571242 0.611316 16 
1.31279 1.45893 17 
1.31111 1.45807 17 
1.29952 1.44594 17 
1.28056 1.43888 17 
1.26547 1.27191 17 
1.53 1.70782 18 
1.52927 1.70744 18 
1.52907 1.70855 18 
1.52197 1.69223 18 
1.68866 1.77072 19 
1.68866 1.77095 19 
1.08349 1.10301 19 
0.581678 0.633457 19 
0.509281 0.51252 19 
0.707424 0.762536 20 
0.446213 0.456367 20 
