4.73833 7.50917 1 
1.09926 2.67189 1 
0.217851 0.251004 1 
0.211523 0.228579 1 
0.124747 0.125585 1 
0.123839 0.135681 1 
0.0794241 0.0825171 1 
0.0771547 0.0795305 1 
0.0743819 0.0766307 1 
0.0665749 0.0694298 1 
0.0647286 0.0747055 1 
0.061128 0.0676593 1 
0.0609993 0.0630869 1 
0.0575856 0.0655912 1 
0.0570194 0.0571596 1 
0.0561671 0.0571627 1 
0.0560158 0.0925057 1 
0.0554355 0.0642231 1 
0.0548544 0.0561693 1 
0.0531962 0.0554344 1 
0.0522848 0.0525936 1 
0.0494231 0.062696 1 
0.0489313 0.0551456 1 
0.0489311 0.0542589 1 
0.0486018 0.0620519 1 
0.0482642 0.0604628 1 
0.0480947 0.0626965 1 
0.0477571 0.0487629 1 
0.0438717 0.0505534 1 
0.0427507 0.0444255 1 
0.0417982 0.0446047 1 
0.0331716 0.0379469 1 
5.44034 5.63765 2 
5.41641 5.6587 2 
3.87262 5.66636 2 
0.896361 3.57719 2 
0.207394 0.228612 2 
0.198182 0.215276 2 
0.190143 0.222045 2 
0.186875 0.231706 2 
0.101032 0.109038 2 
0.0901184 0.101666 2 
0.0785047 0.0822288 2 
0.0735077 0.0887597 2 
0.0689637 0.0712707 2 
0.0678909 0.0871003 2 
0.0642254 0.0650991 2 
0.0641 0.0668178 2 
0.0609961 0.0630813 2 
0.0604638 0.0615197 2 
0.0567388 0.0676589 2 
0.0567358 0.0714962 2 
0.0532059 0.0592465 2 
0.0507185 0.0538117 2 
0.0507176 0.0544067 2 
0.0484315 0.0555834 2 
0.0460334 0.0558717 2 
0.0453288 0.0472466 2 
0.0398121 0.0429406 2 
3.5183 3.96614 3 
3.51747 3.95592 3 
3.44493 3.91055 3 
0.804906 3.81518 3 
0.182813 0.185798 3 
0.172985 0.185406 3 
0.161281 0.17942 3 
0.0854181 0.0944133 3 
0.0709264 0.0797262 3 
0.0643522 0.0673004 3 
0.0626964 0.0654703 3 
0.0621787 0.0642295 3 
0.0565949 0.0667002 3 
0.0554395 0.0654704 3 
0.0545579 0.0558735 3 
0.0516581 0.0654654 3 
0.0515034 0.0577257 3 
0.0502304 0.0629549 3 
0.906397 3.78791 4 
0.176005 0.189674 4 
0.176004 0.19551 4 
0.175037 0.191709 4 
0.167722 0.170162 4 
0.0885697 0.08921 4 
0.0582831 0.0601976 4 
0.056305 0.0578628 4 
0.0472495 0.0494285 4 
0.0423716 0.0436907 4 
3.43894 3.44245 5 
1.27528 3.45616 5 
0.176323 0.177056 5 
0.125194 0.12995 5 
0.0901095 0.0973611 5 
0.0810374 0.085513 5 
0.0595192 0.0630851 5 
0.0593836 0.0658391 5 
0.0584232 0.0676572 5 
0.0584213 0.064726 5 
0.0567332 0.0694278 5 
0.0481006 0.0490998 5 
0.0470743 0.0490998 5 
3.06506 3.08527 6 
2.77016 3.08549 6 
2.76946 2.98093 6 
2.70221 2.78617 6 
2.08474 2.25527 6 
1.98515 2.21627 6 
1.97271 2.20483 6 
1.96673 2.20213 6 
1.92459 3.11005 6 
1.80461 1.86249 6 
0.16007 0.165876 6 
0.0766325 0.0771566 6 
0.0743759 0.0836841 6 
0.0742696 0.0793238 6 
0.0729449 0.0743785 6 
0.0711505 0.0727286 6 
0.0705869 0.0816334 6 
0.0680172 0.075353 6 
0.0666971 0.0716092 6 
0.0645964 0.0647264 6 
2.42736 2.51402 7 
1.95119 2.48025 7 
1.94692 2.42357 7 
1.90885 2.73547 7 
1.90686 2.74092 7 
0.0868226 0.0886634 7 
0.0838849 0.0961114 7 
0.0681365 0.0774678 7 
2.71291 2.96626 8 
1.69618 2.30601 8 
1.66586 2.39331 8 
1.388 2.39517 8 
0.0680176 0.074486 8 
2.43879 2.50492 9 
2.11431 2.27722 9 
1.53421 2.03173 9 
1.33038 2.09178 9 
1.27087 2.14172 9 
0.646793 0.654502 9 
0.612283 0.630539 9 
0.232125 0.232472 9 
0.069077 0.0803366 9 
0.0686065 0.0686072 9 
1.98536 2.12309 10 
1.93374 2.00003 10 
1.27179 1.90186 10 
0.104106 0.105801 10 
0.0736058 0.0774678 10 
0.0697754 0.0811414 10 
2.48643 2.61255 11 
2.4836 2.92488 11 
1.64998 1.66908 11 
1.62142 1.68256 11 
1.27189 1.6933 11 
0.515932 0.536102 11 
0.238824 0.258245 11 
2.32598 2.3654 12 
1.70094 1.82357 12 
1.69344 1.8214 12 
1.34547 1.38708 12 
1.34004 1.45769 12 
1.22565 1.54251 12 
1.14225 1.39543 12 
0.665102 0.68937 12 
0.47188 0.499652 12 
1.57318 1.68675 13 
1.54973 1.64523 13 
1.53867 1.63497 13 
1.17473 1.22721 13 
1.14235 1.15857 13 
0.991507 1.01014 13 
0.973529 0.998014 13 
0.836589 1.01043 13 
0.81504 1.02412 13 
0.569001 0.57918 13 
0.464174 0.477142 13 
1.04354 1.04443 14 
1.00748 1.05499 14 
0.98026 0.985814 14 
0.840517 0.947652 14 
0.706905 0.946829 14 
0.640375 0.668498 14 
0.931639 1.02299 15 
0.917538 1.10327 15 
0.899072 0.952937 15 
2.2225 2.25351 16 
2.22157 2.25319 16 
2.2076 2.24515 16 
1.08917 1.09375 16 
1.45526 1.49386 18 
1.43849 1.47459 18 
