4.72223 7.35462 1 
1.14607 2.79732 1 
0.161224 0.164399 1 
0.109385 0.12842 1 
0.0907594 0.147592 1 
0.0874904 0.0876846 1 
0.0755486 0.0761018 1 
0.0662854 0.0703065 1 
0.0653986 0.106545 1 
0.052242 0.0562308 1 
0.0443134 0.0459704 1 
0.0429775 0.048437 1 
0.0425885 0.0431705 1 
0.041401 0.0491211 1 
0.0393389 0.0407922 1 
0.0386974 0.0425842 1 
0.0386962 0.042781 1 
0.0384802 0.0425868 1 
5.3876 5.55877 2 
5.37349 5.38344 2 
3.69194 5.56119 2 
0.91318 3.72463 2 
0.217588 0.22599 2 
0.166257 0.225844 2 
0.0938302 0.0970534 2 
0.0936535 0.108319 2 
0.0815875 0.0829085 2 
0.0751061 0.0870148 2 
0.0711281 0.0839011 2 
0.0395484 0.0407934 2 
3.73016 4.01664 3 
3.72974 4.02972 3 
3.72701 4.0187 3 
0.841965 3.90925 3 
0.227967 0.255636 3 
0.0414006 0.0443131 3 
0.041399 0.0443132 3 
0.831072 3.80987 4 
0.290927 0.307419 4 
0.240303 0.257098 4 
0.147083 0.171871 4 
0.144058 0.149608 4 
0.0914007 0.091767 4 
0.0880661 0.0886289 4 
0.0419977 0.047045 4 
0.0403834 0.0454264 4 
1.86801 1.89902 5 
1.72086 1.77087 5 
1.1471 3.4206 5 
0.294313 0.313268 5 
0.149217 0.150331 5 
0.146064 0.157678 5 
0.0484368 0.0506238 5 
0.0435557 0.0487826 5 
0.0418011 0.0487826 5 
2.70071 3.0089 6 
2.69664 2.89879 6 
2.68762 2.71476 6 
1.65159 3.07555 6 
1.59868 1.61234 6 
0.046153 0.046512 6 
2.10587 2.41336 7 
2.0614 2.5315 7 
2.05736 2.60153 7 
2.022 2.64624 7 
1.88338 1.94939 7 
0.060642 0.0637155 7 
2.52771 3.08922 8 
1.77952 2.26331 8 
1.73835 1.82905 8 
1.71921 2.27671 8 
1.46449 2.32809 8 
0.263395 0.301182 8 
0.0860615 0.0868304 8 
2.10803 2.20061 9 
1.68263 2.12605 9 
1.62645 1.89498 9 
1.50577 1.52201 9 
1.15163 2.08878 9 
0.281979 0.295129 9 
1.90408 2.16427 10 
1.90381 2.21543 10 
1.4398 1.61475 10 
1.05731 1.85022 10 
2.1456 2.54496 11 
2.14552 2.44942 11 
1.51695 1.6009 11 
1.44952 1.66097 11 
1.24893 1.69218 11 
0.685925 0.727195 11 
1.75989 1.82826 12 
1.63335 1.7386 12 
1.63333 1.70596 12 
1.60206 1.63653 12 
1.56062 1.70596 12 
1.52656 1.82805 12 
1.49406 1.76464 12 
1.39681 1.63613 12 
1.25937 1.36252 12 
0.568839 0.625305 12 
0.27007 0.275535 12 
1.49939 1.67537 13 
1.4786 1.65452 13 
1.13079 1.13383 13 
1.12 1.14117 13 
1.06119 1.16351 13 
1.03228 1.03438 13 
0.861427 0.942489 13 
0.84174 0.944536 13 
0.721461 0.728267 13 
0.569176 0.591274 13 
2.10383 2.12337 14 
2.09904 2.11759 14 
0.961466 0.96695 14 
0.8952 0.980668 14 
0.867657 1.01863 14 
0.850985 0.862409 14 
0.843973 0.924908 14 
0.651286 0.655867 14 
1.75818 1.89553 15 
1.75805 1.89412 15 
1.75754 1.86932 15 
0.95724 1.02575 15 
0.957058 1.0453 15 
0.946778 1.04298 15 
1.38847 1.65372 17 
1.38566 1.7505 17 
1.38343 1.74864 17 
2.04342 2.05812 18 
2.03904 2.06094 18 
1.91329 2.05672 18 
1.76245 1.82127 18 
1.74739 1.86146 18 
1.74623 2.01232 18 
1.61509 1.68789 18 
0.891742 0.919696 19 
1.47863 1.58848 20 
1.47671 1.584 20 
0.733941 0.753994 20 
