0 0.0112603 1 
0 0.0159261 1 
0 0.016486 1 
0 0.0180572 1 
0 0.0195087 1 
0 0.0199684 1 
0 0.0233111 1 
0 0.0236964 1 
0 0.0258873 1 
0 0.0262356 1 
0 0.0275811 1 
0 0.0285497 1 
0 0.0288656 1 
0 0.0291745 1 
0 0.0300902 1 
0 0.0300902 1 
0 0.0306935 1 
0 0.0332438 1 
0 0.0340465 1 
0 0.0348369 1 
0 0.0358641 1 
0 0.0366109 1 
0 0.0373456 1 
0 0.0373478 1 
0 0.0378311 1 
0 0.0385375 1 
0 0.0394702 1 
0 0.0396958 1 
0 0.0399238 1 
0 0.0403748 1 
0 0.0403751 1 
0 0.0403754 1 
0 0.0412629 1 
0 0.0416924 1 
0 0.0421316 1 
0 0.0429824 1 
0 0.0429829 1 
0 0.0438179 1 
0 0.0454411 1 
0 0.0456406 1 
0 0.0458379 1 
0 0.0481469 1 
0 0.0481548 1 
0 0.0492658 1 
0 0.0492672 1 
0 0.049451 1 
0 0.0499959 1 
0 0.0503571 1 
0 0.0522965 1 
0 0.0522969 1 
0 0.0528136 1 
0 0.0533264 1 
0 0.0536618 1 
0 0.0556507 1 
0 0.057255 1 
0 0.0577276 1 
0 0.0580433 1 
0 0.0592788 1 
0 0.059886 1 
0 0.0606356 1 
0 0.0609365 1 
0 0.0610841 1 
0 0.0616725 1 
0 0.0628412 1 
0 0.0635534 1 
0 0.063982 1 
0 0.0639823 1 
0 0.0657964 1 
0 0.0668862 1 
0 0.0676945 1 
0 0.0684923 1 
0 0.0684923 1 
0 0.0688884 1 
0 0.0694135 1 
0 0.0704481 1 
0 0.0704495 1 
0 0.0705791 1 
0 0.0712163 1 
0 0.071344 1 
0 0.0718498 1 
0 0.0751775 1 
0 0.075656 1 
0 0.0758917 1 
0 0.0760106 1 
0 0.0812001 1 
0 0.083618 1 
0 0.0850055 1 
0 0.106237 1 
0 0.110734 1 
0 0.112519 1 
0 0.113643 1 
0 0.13166 1 
0 0.147311 1 
0 0.151905 1 
0 0.176201 1 
0 0.177072 1 
0 0.185125 1 
0 0.185898 1 
0 0.205877 1 
0 0.214742 1 
0 0.227363 1 
0 0.239129 1 
0 0.339199 1 
0 0.348546 1 
0 0.383659 1 
0 0.412442 1 
0 0.421365 1 
0 0.473306 1 
0 0.492431 1 
0 0.527139 1 
0 0.545779 1 
0 0.547523 1 
0 0.550763 1 
0 0.56958 1 
0 0.572365 1 
0 0.574381 1 
0 0.677498 1 
0 0.683544 1 
0 0.783259 1 
0 0.813827 1 
0 1.33408 1 
0 1.492 1 
0 1.54168 1 
0 2.13551 1 
0 3.0464 1 
0 3.05154 1 
0 3.12258 1 
0 4.47807 1 
0 5.04479 1 
0 5.09708 1 
0 5.29608 1 
0 inf 1 
0 0.0180595 2 
0 0.0195087 2 
0 0.0199675 2 
0 0.0248186 2 
0 0.0265785 2 
0 0.0265787 2 
0 0.0269173 2 
0 0.0272526 2 
0 0.0275771 2 
0 0.028551 2 
0 0.0291745 2 
0 0.0294838 2 
0 0.0306905 2 
0 0.0315624 2 
0 0.031848 2 
0 0.0324114 2 
0 0.0329668 2 
0 0.0332391 2 
0 0.0335115 2 
0 0.0356083 2 
0 0.0385386 2 
0 0.0396948 2 
0 0.0399223 2 
0 0.0399293 2 
0 0.0403812 2 
0 0.0405985 2 
0 0.0414824 2 
0 0.0423466 2 
0 0.0429824 2 
0 0.0438231 2 
0 0.0454405 2 
0 0.0464271 2 
0 0.0466217 2 
0 0.0470085 2 
0 0.0472001 2 
0 0.0472048 2 
0 0.047583 2 
0 0.0475835 2 
0 0.0490821 2 
0 0.0515998 2 
0 0.0515999 2 
0 0.0521282 2 
0 0.052303 2 
0 0.0529884 2 
0 0.0534984 2 
0 0.054333 2 
0 0.0563002 2 
0 0.056783 2 
0 0.05694 2 
0 0.0580443 2 
0 0.0604875 2 
0 0.064122 2 
0 0.0657957 2 
0 0.0670231 2 
0 0.0686267 2 
0 0.0688859 2 
0 0.0694132 2 
0 0.0695403 2 
0 0.0696726 2 
0 0.0703164 2 
0 0.0703167 2 
0 0.0704478 2 
0 0.0714662 2 
0 0.0718514 2 
0 0.0730984 2 
0 0.0754149 2 
0 0.0773098 2 
0 0.0850108 2 
0 0.0870119 2 
0 0.0894773 2 
0 0.0919732 2 
0 0.0934347 2 
0 0.0942124 2 
0 0.118865 2 
0 0.137514 2 
0 0.139282 2 
0 0.143886 2 
0 0.14817 2 
0 0.156434 2 
0 0.158956 2 
0 0.161279 2 
0 0.163888 2 
0 0.169066 2 
0 0.172569 2 
0 0.18231 2 
0 0.194242 2 
0 0.194242 2 
0 0.2041 2 
0 0.204766 2 
0 0.232091 2 
0 0.289721 2 
0 0.299712 2 
0 0.323122 2 
0 0.392644 2 
0 0.431383 2 
0 0.439198 2 
0 0.445332 2 
0 0.44575 2 
0 0.456807 2 
0 0.468724 2 
0 0.486207 2 
0 0.526917 2 
0 0.54081 2 
0 0.542068 2 
0 0.581603 2 
0 0.583235 2 
0 0.609391 2 
0 0.618593 2 
0 0.620273 2 
0 0.625289 2 
0 0.629855 2 
0 0.630545 2 
0 0.653339 2 
0 1.22538 2 
0 1.39647 2 
0 1.75302 2 
0 1.77253 2 
0 2.49434 2 
0 2.97204 2 
0 3.60137 2 
0 3.61681 2 
0 3.74437 2 
0 3.98288 2 
0 4.01768 2 
0 4.15225 2 
0 4.20708 2 
0 4.31145 2 
0 inf 2 
0 0.0248169 3 
0 0.0262416 3 
0 0.0279149 3 
0 0.0288694 3 
0 0.0300932 3 
0 0.0303945 3 
0 0.0306963 3 
0 0.032126 3 
0 0.0335109 3 
0 0.033781 3 
0 0.0356078 3 
0 0.0358615 3 
0 0.0361117 3 
0 0.037588 3 
0 0.038302 3 
0 0.0383029 3 
0 0.0387724 3 
0 0.0392427 3 
0 0.0396978 3 
0 0.0399252 3 
0 0.0412625 3 
0 0.0429826 3 
0 0.0429826 3 
0 0.0446394 3 
0 0.0471984 3 
0 0.0472003 3 
0 0.0481501 3 
0 0.0481502 3 
0 0.0485291 3 
0 0.049085 3 
0 0.0515986 3 
0 0.0515991 3 
0 0.0521229 3 
0 0.0529898 3 
0 0.0561447 3 
0 0.0563022 3 
0 0.0594304 3 
0 0.0600391 3 
0 0.0607857 3 
0 0.060786 3 
0 0.062403 3 
0 0.0648226 3 
0 0.0662078 3 
0 0.0675561 3 
0 0.0690179 3 
0 0.0692809 3 
0 0.0705744 3 
0 0.070576 3 
0 0.0712157 3 
0 0.0720986 3 
0 0.0724771 3 
0 0.0751734 3 
0 0.0760146 3 
0 0.0777822 3 
0 0.077899 3 
0 0.0782425 3 
0 0.0791663 3 
0 0.0792793 3 
0 0.0832947 3 
0 0.0841553 3 
0 0.0851186 3 
0 0.0890714 3 
0 0.095546 3 
0 0.102321 3 
0 0.110242 3 
0 0.110488 3 
0 0.11459 3 
0 0.119468 3 
0 0.121497 3 
0 0.124809 3 
0 0.155852 3 
0 0.158502 3 
0 0.171247 3 
0 0.192784 3 
0 0.211089 3 
0 0.21394 3 
0 0.272376 3 
0 0.291091 3 
0 0.294969 3 
0 0.297127 3 
0 0.306007 3 
0 0.31795 3 
0 0.361845 3 
0 0.362672 3 
0 0.369969 3 
0 0.406152 3 
0 0.407941 3 
0 0.410264 3 
0 0.433827 3 
0 0.474953 3 
0 0.480016 3 
0 0.481242 3 
0 0.509962 3 
0 0.526156 3 
0 0.526398 3 
0 0.532323 3 
0 0.532486 3 
0 0.534105 3 
0 0.549977 3 
0 0.569004 3 
0 0.569325 3 
0 0.58043 3 
0 0.582963 3 
0 0.604506 3 
0 0.613386 3 
0 1.16268 3 
0 1.19164 3 
0 1.21431 3 
0 1.23809 3 
0 1.68523 3 
0 1.69428 3 
0 1.69709 3 
0 1.69715 3 
0 2.23938 3 
0 2.26113 3 
0 3.404 3 
0 3.59618 3 
0 3.6411 3 
0 3.98636 3 
0 3.99194 3 
0 3.99655 3 
0 3.99666 3 
0 4.06063 3 
0 inf 3 
0 0.0248176 4 
0 0.0312759 4 
0 0.0315663 4 
0 0.0326947 4 
0 0.0350953 4 
0 0.0350953 4 
0 0.0361128 4 
0 0.0368575 4 
0 0.0371025 4 
0 0.039006 4 
0 0.0401486 4 
0 0.0401499 4 
0 0.0401523 4 
0 0.0412627 4 
0 0.0416976 4 
0 0.0436091 4 
0 0.0438171 4 
0 0.0442283 4 
0 0.0444332 4 
0 0.0444334 4 
0 0.0464288 4 
0 0.0477751 4 
0 0.0477754 4 
0 0.0485249 4 
0 0.0494503 4 
0 0.0505402 4 
0 0.0549996 4 
0 0.0574158 4 
0 0.0574158 4 
0 0.0588191 4 
0 0.0601855 4 
0 0.0616732 4 
0 0.0616739 4 
0 0.0635551 4 
0 0.066749 4 
0 0.0683579 4 
0 0.0683591 4 
0 0.0691519 4 
0 0.0724768 4 
0 0.073591 4 
0 0.0740862 4 
0 0.0760124 4 
0 0.076016 4 
0 0.0769597 4 
0 0.081086 4 
0 0.0823097 4 
0 0.0845839 4 
0 0.0846911 4 
0 0.0871177 4 
0 0.0930504 4 
0 0.0957284 4 
0 0.0978831 4 
0 0.0999011 4 
0 0.10089 4 
0 0.101252 4 
0 0.108008 4 
0 0.110984 4 
0 0.113006 4 
0 0.116711 4 
0 0.131176 4 
0 0.133638 4 
0 0.13364 4 
0 0.136655 4 
0 0.153451 4 
0 0.161327 4 
0 0.191559 4 
0 0.197477 4 
0 0.201608 4 
0 0.289251 4 
0 0.297192 4 
0 0.335127 4 
0 0.351029 4 
0 0.351206 4 
0 0.355705 4 
0 0.380208 4 
0 0.387746 4 
0 0.405279 4 
0 0.40813 4 
0 0.421727 4 
0 0.432497 4 
0 0.452194 4 
0 0.452195 4 
0 0.485927 4 
0 0.495779 4 
0 0.503484 4 
0 0.505199 4 
0 0.51792 4 
0 0.518364 4 
0 0.520893 4 
0 0.521707 4 
0 0.532288 4 
0 0.534191 4 
0 0.547367 4 
0 0.56598 4 
0 0.577998 4 
0 0.58672 4 
0 0.603856 4 
0 0.6075 4 
0 1.10942 4 
0 1.23988 4 
0 1.48663 4 
0 1.57499 4 
0 1.57522 4 
0 1.57568 4 
0 1.69193 4 
0 1.77317 4 
0 1.93506 4 
0 2.06353 4 
0 2.06526 4 
0 2.06577 4 
0 2.06816 4 
0 2.15752 4 
0 2.17176 4 
0 2.24444 4 
0 2.61801 4 
0 2.61984 4 
0 2.62737 4 
0 2.87752 4 
0 2.96291 4 
0 inf 4 
0 0.0159234 5 
0 0.032967 5 
0 0.035861 5 
0 0.0358672 5 
0 0.0366135 5 
0 0.0371024 5 
0 0.038774 5 
0 0.039468 5 
0 0.0396968 5 
0 0.0429815 5 
0 0.0464316 5 
0 0.0481511 5 
0 0.050534 5 
0 0.0514241 5 
0 0.0515989 5 
0 0.0521249 5 
0 0.0529859 5 
0 0.0543367 5 
0 0.0549982 5 
0 0.0549995 5 
0 0.0561399 5 
0 0.0578837 5 
0 0.0580425 5 
0 0.0586666 5 
0 0.0594295 5 
0 0.0594299 5 
0 0.0594305 5 
0 0.0629825 5 
0 0.0657945 5 
0 0.0662062 5 
0 0.0668913 5 
0 0.0688885 5 
0 0.0694152 5 
0 0.0725983 5 
0 0.0726051 5 
0 0.0730951 5 
0 0.0770801 5 
0 0.0788195 5 
0 0.0819748 5 
0 0.0836131 5 
0 0.083941 5 
0 0.0877371 5 
0 0.0887645 5 
0 0.0896826 5 
0 0.0898821 5 
0 0.0947899 5 
0 0.0947899 5 
0 0.0974254 5 
0 0.0980761 5 
0 0.101251 5 
0 0.103291 5 
0 0.107917 5 
0 0.115698 5 
0 0.12503 5 
0 0.130272 5 
0 0.130341 5 
0 0.132274 5 
0 0.17309 5 
0 0.18086 5 
0 0.195351 5 
0 0.285976 5 
0 0.286449 5 
0 0.308216 5 
0 0.340662 5 
0 0.380361 5 
0 0.392752 5 
0 0.393098 5 
0 0.399678 5 
0 0.402048 5 
0 0.430586 5 
0 0.431559 5 
0 0.43295 5 
0 0.434449 5 
0 0.450956 5 
0 0.454053 5 
0 0.45797 5 
0 0.461143 5 
0 0.471691 5 
0 0.479783 5 
0 0.479783 5 
0 0.492711 5 
0 0.506537 5 
0 0.51527 5 
0 0.518987 5 
0 0.519109 5 
0 0.52106 5 
0 0.545391 5 
0 0.549756 5 
0 0.550547 5 
0 0.593312 5 
0 0.820192 5 
0 0.842792 5 
0 0.843136 5 
0 0.848616 5 
0 1.13404 5 
0 1.16865 5 
0 1.24591 5 
0 1.40466 5 
0 1.41593 5 
0 1.45952 5 
0 1.48669 5 
0 1.68908 5 
0 2.02819 5 
0 2.03019 5 
0 2.03398 5 
0 2.03462 5 
0 2.0359 5 
0 2.03682 5 
0 2.0386 5 
0 2.06068 5 
0 2.21177 5 
0 2.62129 5 
0 2.62299 5 
0 2.62615 5 
0 2.6263 5 
0 inf 5 
0 0.0291771 6 
0 0.029178 6 
0 0.0291794 6 
0 0.0363615 6 
0 0.03854 6 
0 0.0396965 6 
0 0.0396967 6 
0 0.0414824 6 
0 0.0481507 6 
0 0.0499963 6 
0 0.0503575 6 
0 0.0514225 6 
0 0.0514259 6 
0 0.0515995 6 
0 0.0516022 6 
0 0.0528127 6 
0 0.0536647 6 
0 0.053665 6 
0 0.0563032 6 
0 0.0567818 6 
0 0.0572567 6 
0 0.0580401 6 
0 0.0580441 6 
0 0.0606418 6 
0 0.0609387 6 
0 0.0616772 6 
0 0.0651025 6 
0 0.0653807 6 
0 0.0684875 6 
0 0.0701883 6 
0 0.0722241 6 
0 0.0750542 6 
0 0.0768432 6 
0 0.0768438 6 
0 0.0782425 6 
0 0.0842636 6 
0 0.0891736 6 
0 0.0941143 6 
0 0.0944017 6 
0 0.0954525 6 
0 0.0960134 6 
0 0.0962071 6 
0 0.101611 6 
0 0.103902 6 
0 0.106477 6 
0 0.116238 6 
0 0.116239 6 
0 0.116784 6 
0 0.11717 6 
0 0.13214 6 
0 0.154864 6 
0 0.189704 6 
0 0.189706 6 
0 0.264479 6 
0 0.286039 6 
0 0.286476 6 
0 0.287232 6 
0 0.289342 6 
0 0.299822 6 
0 0.314228 6 
0 0.315335 6 
0 0.316754 6 
0 0.320139 6 
0 0.367641 6 
0 0.373702 6 
0 0.375443 6 
0 0.377562 6 
0 0.377943 6 
0 0.380239 6 
0 0.380734 6 
0 0.389673 6 
0 0.399859 6 
0 0.441693 6 
0 0.445333 6 
0 0.460661 6 
0 0.46177 6 
0 0.470637 6 
0 0.490856 6 
0 0.494775 6 
0 0.508592 6 
0 0.511481 6 
0 0.512047 6 
0 0.548106 6 
0 0.555995 6 
0 0.555995 6 
0 0.734733 6 
0 1.03706 6 
0 1.03838 6 
0 1.06123 6 
0 1.16322 6 
0 1.16692 6 
0 1.32414 6 
0 1.60957 6 
0 1.63625 6 
0 1.64538 6 
0 1.65482 6 
0 1.67371 6 
0 1.67403 6 
0 1.67411 6 
0 1.67705 6 
0 1.70402 6 
0 1.77063 6 
0 1.86609 6 
0 1.89231 6 
0 1.89752 6 
0 1.9834 6 
0 2.06622 6 
0 2.06688 6 
0 2.06863 6 
0 2.12599 6 
0 2.23348 6 
0 inf 6 
0 0.0335097 7 
0 0.0337812 7 
0 0.0348317 7 
0 0.0356078 7 
0 0.0366095 7 
0 0.0368546 7 
0 0.0373453 7 
0 0.0408263 7 
0 0.0408269 7 
0 0.0414856 7 
0 0.0454399 7 
0 0.0533269 7 
0 0.0538339 7 
0 0.0566207 7 
0 0.0598805 7 
0 0.0609366 7 
0 0.063838 7 
0 0.0676913 7 
0 0.0683612 7 
0 0.0687555 7 
0 0.069931 7 
0 0.0707057 7 
0 0.0714703 7 
0 0.0726003 7 
0 0.0729758 7 
0 0.0763692 7 
0 0.0768412 7 
0 0.0818635 7 
0 0.0823044 7 
0 0.0828518 7 
0 0.0854412 7 
0 0.0893789 7 
0 0.0898818 7 
0 0.0917738 7 
0 0.0935312 7 
0 0.0943061 7 
0 0.0952627 7 
0 0.099265 7 
0 0.114124 7 
0 0.114362 7 
0 0.115152 7 
0 0.116631 7 
0 0.119466 7 
0 0.123051 7 
0 0.202807 7 
0 0.203836 7 
0 0.236989 7 
0 0.240592 7 
0 0.257234 7 
0 0.26362 7 
0 0.268594 7 
0 0.270074 7 
0 0.275195 7 
0 0.284448 7 
0 0.289313 7 
0 0.343673 7 
0 0.346297 7 
0 0.362426 7 
0 0.363657 7 
0 0.36504 7 
0 0.366831 7 
0 0.398066 7 
0 0.414034 7 
0 0.414153 7 
0 0.447953 7 
0 0.449503 7 
0 0.453419 7 
0 0.465091 7 
0 0.465714 7 
0 0.490691 7 
0 0.515365 7 
0 0.518257 7 
0 0.527145 7 
0 0.541521 7 
0 0.546732 7 
0 0.548584 7 
0 0.594939 7 
0 0.606135 7 
0 0.782872 7 
0 0.82399 7 
0 0.851191 7 
0 0.873374 7 
0 0.948641 7 
0 0.992837 7 
0 1.16402 7 
0 1.22667 7 
0 1.27804 7 
0 1.28093 7 
0 1.3036 7 
0 1.30405 7 
0 1.35382 7 
0 1.41203 7 
0 1.42314 7 
0 1.44236 7 
0 1.62296 7 
0 1.63717 7 
0 1.70708 7 
0 1.76572 7 
0 1.76785 7 
0 1.80277 7 
0 1.80284 7 
0 1.90408 7 
0 1.91122 7 
0 1.91292 7 
0 1.92284 7 
0 1.99148 7 
0 2.16077 7 
0 inf 7 
0 0.0285471 8 
0 0.0356083 8 
0 0.035609 8 
0 0.0403735 8 
0 0.046621 8 
0 0.0558157 8 
0 0.0572586 8 
0 0.0639804 8 
0 0.0668873 8 
0 0.0670222 8 
0 0.0674235 8 
0 0.0683569 8 
0 0.0683612 8 
0 0.0710883 8 
0 0.0745695 8 
0 0.0749312 8 
0 0.0761362 8 
0 0.0799585 8 
0 0.0808669 8 
0 0.0811995 8 
0 0.081313 8 
0 0.0816464 8 
0 0.085014 8 
0 0.0860638 8 
0 0.0861794 8 
0 0.0918689 8 
0 0.0944951 8 
0 0.0978878 8 
0 0.0994471 8 
0 0.108091 8 
0 0.109748 8 
0 0.113247 8 
0 0.1134 8 
0 0.113482 8 
0 0.113805 8 
0 0.118786 8 
0 0.123497 8 
0 0.15752 8 
0 0.15752 8 
0 0.160548 8 
0 0.163066 8 
0 0.185555 8 
0 0.257503 8 
0 0.266516 8 
0 0.281926 8 
0 0.28613 8 
0 0.286461 8 
0 0.287141 8 
0 0.290479 8 
0 0.30214 8 
0 0.307842 8 
0 0.311588 8 
0 0.3458 8 
0 0.355192 8 
0 0.356076 8 
0 0.357294 8 
0 0.36587 8 
0 0.367168 8 
0 0.378715 8 
0 0.38759 8 
0 0.401712 8 
0 0.447119 8 
0 0.457198 8 
0 0.502468 8 
0 0.504052 8 
0 0.51406 8 
0 0.515959 8 
0 0.519098 8 
0 0.524374 8 
0 0.538318 8 
0 0.550335 8 
0 0.683108 8 
0 0.691543 8 
0 0.736567 8 
0 0.766132 8 
0 0.77794 8 
0 0.80172 8 
0 0.808738 8 
0 0.869205 8 
0 0.923208 8 
0 0.966652 8 
0 1.17754 8 
0 1.19371 8 
0 1.20251 8 
0 1.21767 8 
0 1.27957 8 
0 1.28039 8 
0 1.31311 8 
0 1.42081 8 
0 1.42417 8 
0 1.43227 8 
0 1.43539 8 
0 1.45718 8 
0 1.46306 8 
0 1.47725 8 
0 1.51337 8 
0 1.52416 8 
0 1.59057 8 
0 1.9154 8 
0 1.91574 8 
0 1.93021 8 
0 1.93066 8 
0 1.93557 8 
0 inf 8 
0 0.0318442 9 
0 0.0410418 9 
0 0.0440241 9 
0 0.0456446 9 
0 0.0507102 9 
0 0.0522964 9 
0 0.0534873 9 
0 0.0567866 9 
0 0.0594293 9 
0 0.0667526 9 
0 0.0667529 9 
0 0.0680904 9 
0 0.0761352 9 
0 0.0763725 9 
0 0.0828544 9 
0 0.0902818 9 
0 0.0905857 9 
0 0.0939195 9 
0 0.100356 9 
0 0.106056 9 
0 0.106574 9 
0 0.109508 9 
0 0.110244 9 
0 0.112036 9 
0 0.113163 9 
0 0.113721 9 
0 0.114676 9 
0 0.117248 9 
0 0.120976 9 
0 0.141796 9 
0 0.148534 9 
0 0.169587 9 
0 0.185112 9 
0 0.191984 9 
0 0.2103 9 
0 0.222725 9 
0 0.227241 9 
0 0.277327 9 
0 0.286191 9 
0 0.286191 9 
0 0.287322 9 
0 0.287804 9 
0 0.288329 9 
0 0.292301 9 
0 0.296504 9 
0 0.308307 9 
0 0.375996 9 
0 0.401306 9 
0 0.410069 9 
0 0.413237 9 
0 0.425695 9 
0 0.443785 9 
0 0.450533 9 
0 0.468244 9 
0 0.473777 9 
0 0.483708 9 
0 0.501602 9 
0 0.509604 9 
0 0.510191 9 
0 0.51093 9 
0 0.513656 9 
0 0.513656 9 
0 0.51978 9 
0 0.531085 9 
0 0.540326 9 
0 0.540637 9 
0 0.57503 9 
0 0.575219 9 
0 0.603042 9 
0 0.712075 9 
0 0.719952 9 
0 0.766996 9 
0 0.78846 9 
0 0.964018 9 
0 0.980901 9 
0 1.02917 9 
0 1.04184 9 
0 1.10564 9 
0 1.16235 9 
0 1.16639 9 
0 1.17188 9 
0 1.1746 9 
0 1.20629 9 
0 1.2071 9 
0 1.24345 9 
0 1.27327 9 
0 1.27336 9 
0 1.44802 9 
0 1.45004 9 
0 1.58057 9 
0 1.7363 9 
0 1.73693 9 
0 1.79701 9 
0 1.79894 9 
0 1.91631 9 
0 1.91681 9 
0 1.98041 9 
0 2.16631 9 
0 2.16672 9 
0 inf 9 
0 0.0141119 10 
0 0.0236975 10 
0 0.0450413 10 
0 0.0575746 10 
0 0.0600375 10 
0 0.0607883 10 
0 0.0618275 10 
0 0.0645483 10 
0 0.0672923 10 
0 0.0724638 10 
0 0.0744456 10 
0 0.0769597 10 
0 0.0871164 10 
0 0.0897748 10 
0 0.100631 10 
0 0.10214 10 
0 0.10416 10 
0 0.113798 10 
0 0.115849 10 
0 0.125159 10 
0 0.135526 10 
0 0.140704 10 
0 0.151971 10 
0 0.163278 10 
0 0.203881 10 
0 0.214982 10 
0 0.221825 10 
0 0.231735 10 
0 0.239816 10 
0 0.244268 10 
0 0.268222 10 
0 0.269838 10 
0 0.280533 10 
0 0.281186 10 
0 0.28906 10 
0 0.296999 10 
0 0.321592 10 
0 0.329785 10 
0 0.353161 10 
0 0.359558 10 
0 0.370661 10 
0 0.372424 10 
0 0.379647 10 
0 0.379647 10 
0 0.385713 10 
0 0.385814 10 
0 0.40004 10 
0 0.432362 10 
0 0.440112 10 
0 0.446389 10 
0 0.462338 10 
0 0.462338 10 
0 0.466763 10 
0 0.469549 10 
0 0.469672 10 
0 0.472134 10 
0 0.491688 10 
0 0.50029 10 
0 0.509457 10 
0 0.509884 10 
0 0.536422 10 
0 0.537634 10 
0 0.539601 10 
0 0.543551 10 
0 0.544747 10 
0 0.688534 10 
0 0.71372 10 
0 0.725663 10 
0 0.806887 10 
0 0.807078 10 
0 0.813514 10 
0 0.814048 10 
0 0.834679 10 
0 1.11256 10 
0 1.16446 10 
0 1.16508 10 
0 1.20569 10 
0 1.20684 10 
0 1.22133 10 
0 1.22353 10 
0 1.22413 10 
0 1.25292 10 
0 1.25309 10 
0 1.41967 10 
0 1.41984 10 
0 1.42007 10 
0 1.42697 10 
0 1.64011 10 
0 1.68486 10 
0 1.68589 10 
0 1.91944 10 
0 1.92366 10 
0 2.00282 10 
0 2.04704 10 
0 2.04746 10 
0 inf 10 
0 0.0199611 11 
0 0.0385291 11 
0 0.0485273 11 
0 0.0621141 11 
0 0.0633996 11 
0 0.0634069 11 
0 0.0675577 11 
0 0.0801813 11 
0 0.0914815 11 
0 0.0964897 11 
0 0.09806 11 
0 0.105797 11 
0 0.129017 11 
0 0.149508 11 
0 0.154453 11 
0 0.176503 11 
0 0.1833 11 
0 0.194984 11 
0 0.201994 11 
0 0.203794 11 
0 0.20486 11 
0 0.205119 11 
0 0.205549 11 
0 0.237002 11 
0 0.24244 11 
0 0.256384 11 
0 0.274523 11 
0 0.274893 11 
0 0.277922 11 
0 0.28109 11 
0 0.291769 11 
0 0.309745 11 
0 0.311458 11 
0 0.313921 11 
0 0.31831 11 
0 0.32421 11 
0 0.32421 11 
0 0.362781 11 
0 0.364572 11 
0 0.367541 11 
0 0.374947 11 
0 0.376032 11 
0 0.385663 11 
0 0.396422 11 
0 0.404431 11 
0 0.462354 11 
0 0.469571 11 
0 0.47243 11 
0 0.472876 11 
0 0.47515 11 
0 0.506641 11 
0 0.507659 11 
0 0.507873 11 
0 0.508872 11 
0 0.515897 11 
0 0.538173 11 
0 0.548572 11 
0 0.590979 11 
0 0.592629 11 
0 0.592675 11 
0 0.60099 11 
0 0.722888 11 
0 0.727624 11 
0 0.738005 11 
0 0.850014 11 
0 0.85876 11 
0 0.859687 11 
0 0.891965 11 
0 0.892128 11 
0 0.907274 11 
0 0.911507 11 
0 1.00262 11 
0 1.00982 11 
0 1.09028 11 
0 1.13353 11 
0 1.14511 11 
0 1.20814 11 
0 1.2085 11 
0 1.21969 11 
0 1.2228 11 
0 1.22295 11 
0 1.41729 11 
0 1.42775 11 
0 1.5948 11 
0 1.59714 11 
0 1.59725 11 
0 1.91301 11 
0 1.91857 11 
0 1.96156 11 
0 1.96221 11 
0 1.9625 11 
0 inf 11 
0 0.0456316 12 
0 0.0652387 12 
0 0.0777704 12 
0 0.0933419 12 
0 0.106902 12 
0 0.108083 12 
0 0.144262 12 
0 0.158955 12 
0 0.166039 12 
0 0.196459 12 
0 0.20174 12 
0 0.210428 12 
0 0.219217 12 
0 0.220864 12 
0 0.224301 12 
0 0.226127 12 
0 0.251463 12 
0 0.26751 12 
0 0.268897 12 
0 0.269782 12 
0 0.270219 12 
0 0.273208 12 
0 0.273503 12 
0 0.273668 12 
0 0.273671 12 
0 0.274302 12 
0 0.277121 12 
0 0.301477 12 
0 0.306008 12 
0 0.315351 12 
0 0.317134 12 
0 0.317333 12 
0 0.31764 12 
0 0.318121 12 
0 0.325873 12 
0 0.359538 12 
0 0.366931 12 
0 0.377372 12 
0 0.389559 12 
0 0.389838 12 
0 0.395451 12 
0 0.395932 12 
0 0.396928 12 
0 0.398943 12 
0 0.421492 12 
0 0.435007 12 
0 0.456356 12 
0 0.457068 12 
0 0.461217 12 
0 0.462785 12 
0 0.464194 12 
0 0.464448 12 
0 0.497491 12 
0 0.530393 12 
0 0.546541 12 
0 0.635904 12 
0 0.651119 12 
0 0.653104 12 
0 0.666396 12 
0 0.702236 12 
0 0.702803 12 
0 0.703164 12 
0 0.730725 12 
0 0.774199 12 
0 0.810331 12 
0 0.824458 12 
0 0.837006 12 
0 1.0809 12 
0 1.08654 12 
0 1.20189 12 
0 1.204 12 
0 1.20447 12 
0 1.2049 12 
0 1.20947 12 
0 1.28914 12 
0 1.28924 12 
0 1.29079 12 
0 1.41856 12 
0 1.43213 12 
0 1.44085 12 
0 1.44147 12 
0 1.44912 12 
0 1.91412 12 
0 1.91427 12 
0 1.9145 12 
0 1.91715 12 
0 1.91731 12 
0 inf 12 
0 0.0538212 13 
0 0.0972318 13 
0 0.106314 13 
0 0.110972 13 
0 0.188707 13 
0 0.196449 13 
0 0.198756 13 
0 0.19974 13 
0 0.200975 13 
0 0.220946 13 
0 0.223595 13 
0 0.24823 13 
0 0.264354 13 
0 0.266018 13 
0 0.267141 13 
0 0.268943 13 
0 0.270053 13 
0 0.271028 13 
0 0.271613 13 
0 0.272885 13 
0 0.274456 13 
0 0.277493 13 
0 0.278284 13 
0 0.282643 13 
0 0.283411 13 
0 0.287022 13 
0 0.305303 13 
0 0.305972 13 
0 0.305972 13 
0 0.309254 13 
0 0.311092 13 
0 0.315944 13 
0 0.31692 13 
0 0.323177 13 
0 0.328616 13 
0 0.33093 13 
0 0.365954 13 
0 0.365961 13 
0 0.366771 13 
0 0.36682 13 
0 0.367343 13 
0 0.368918 13 
0 0.393762 13 
0 0.408007 13 
0 0.423873 13 
0 0.457113 13 
0 0.511035 13 
0 0.522619 13 
0 0.525109 13 
0 0.532762 13 
0 0.548837 13 
0 0.611542 13 
0 0.611542 13 
0 0.614615 13 
0 0.649703 13 
0 0.781911 13 
0 0.796926 13 
0 0.818365 13 
0 0.832289 13 
0 0.834956 13 
0 0.838231 13 
0 0.891645 13 
0 1.17822 13 
0 1.18148 13 
0 1.18163 13 
0 1.20708 13 
0 1.21408 13 
0 1.22142 13 
0 1.22268 13 
0 1.22331 13 
0 1.27662 13 
0 1.27686 13 
0 1.27708 13 
0 1.40987 13 
0 1.42288 13 
0 1.59048 13 
0 1.59147 13 
0 1.59322 13 
0 1.9128 13 
0 1.91796 13 
0 2.03819 13 
0 2.03821 13 
0 2.03952 13 
0 inf 13 
0 0.0337803 14 
0 0.0556534 14 
0 0.0770688 14 
0 0.0788127 14 
0 0.113075 14 
0 0.130073 14 
0 0.206969 14 
0 0.208091 14 
0 0.21261 14 
0 0.219671 14 
0 0.220001 14 
0 0.22033 14 
0 0.220494 14 
0 0.229577 14 
0 0.238743 14 
0 0.256666 14 
0 0.257308 14 
0 0.259724 14 
0 0.260664 14 
0 0.268744 14 
0 0.275003 14 
0 0.276284 14 
0 0.276422 14 
0 0.283139 14 
0 0.285475 14 
0 0.285475 14 
0 0.306445 14 
0 0.308331 14 
0 0.308772 14 
0 0.308859 14 
0 0.323373 14 
0 0.325277 14 
0 0.327093 14 
0 0.32904 14 
0 0.329178 14 
0 0.33135 14 
0 0.348952 14 
0 0.351542 14 
0 0.354082 14 
0 0.354082 14 
0 0.355918 14 
0 0.415954 14 
0 0.456898 14 
0 0.46524 14 
0 0.525348 14 
0 0.527481 14 
0 0.52803 14 
0 0.531808 14 
0 0.58575 14 
0 0.587357 14 
0 0.587849 14 
0 0.589695 14 
0 0.744482 14 
0 0.760457 14 
0 0.788234 14 
0 0.800915 14 
0 0.820155 14 
0 0.899655 14 
0 1.06456 14 
0 1.16669 14 
0 1.16678 14 
0 1.16691 14 
0 1.20546 14 
0 1.21265 14 
0 1.22632 14 
0 1.22649 14 
0 1.22754 14 
0 1.43185 14 
0 1.62923 14 
0 1.63016 14 
0 1.6303 14 
0 1.66876 14 
0 1.69653 14 
0 1.69691 14 
0 1.697 14 
0 1.92118 14 
0 2.09612 14 
0 2.09614 14 
0 2.09633 14 
0 inf 14 
0 0.0272539 15 
0 0.0534821 15 
0 0.0534843 15 
0 0.055646 15 
0 0.0559648 15 
0 0.0567685 15 
0 0.0841594 15 
0 0.0886634 15 
0 0.111634 15 
0 0.179833 15 
0 0.184312 15 
0 0.203068 15 
0 0.204623 15 
0 0.207613 15 
0 0.207705 15 
0 0.226366 15 
0 0.227524 15 
0 0.228045 15 
0 0.228046 15 
0 0.234469 15 
0 0.235432 15 
0 0.257103 15 
0 0.263396 15 
0 0.288741 15 
0 0.295541 15 
0 0.305835 15 
0 0.321362 15 
0 0.321559 15 
0 0.324392 15 
0 0.324475 15 
0 0.325882 15 
0 0.326411 15 
0 0.327463 15 
0 0.329201 15 
0 0.399514 15 
0 0.401232 15 
0 0.401954 15 
0 0.413446 15 
0 0.426152 15 
0 0.428446 15 
0 0.442712 15 
0 0.449181 15 
0 0.540581 15 
0 0.584934 15 
0 0.585167 15 
0 0.585213 15 
0 0.585445 15 
0 0.669365 15 
0 0.768065 15 
0 0.768372 15 
0 0.768455 15 
0 0.768561 15 
0 0.771257 15 
0 0.822533 15 
0 0.823722 15 
0 1.06434 15 
0 1.06699 15 
0 1.0674 15 
0 1.11912 15 
0 1.2302 15 
0 1.23222 15 
0 1.23226 15 
0 1.23282 15 
0 1.24781 15 
0 1.25039 15 
0 1.25198 15 
0 1.27349 15 
0 1.44899 15 
0 1.67499 15 
0 1.67512 15 
0 1.67544 15 
0 1.92579 15 
0 1.97984 15 
0 1.98039 15 
0 1.98081 15 
0 inf 15 
0 0.0297789 16 
0 0.041907 16 
0 0.0695375 16 
0 0.070443 16 
0 0.0712222 16 
0 0.0802928 16 
0 0.0815345 16 
0 0.0888589 16 
0 0.112273 16 
0 0.153517 16 
0 0.153858 16 
0 0.199831 16 
0 0.20387 16 
0 0.204535 16 
0 0.208351 16 
0 0.217626 16 
0 0.240983 16 
0 0.242672 16 
0 0.243191 16 
0 0.243637 16 
0 0.246299 16 
0 0.24751 16 
0 0.259047 16 
0 0.261448 16 
0 0.303399 16 
0 0.310685 16 
0 0.315832 16 
0 0.318032 16 
0 0.323598 16 
0 0.362668 16 
0 0.362669 16 
0 0.362868 16 
0 0.363274 16 
0 0.363642 16 
0 0.437602 16 
0 0.44916 16 
0 0.464292 16 
0 0.551926 16 
0 0.587234 16 
0 0.58765 16 
0 0.587989 16 
0 0.58822 16 
0 0.68454 16 
0 0.707159 16 
0 0.730237 16 
0 0.756545 16 
0 0.763636 16 
0 0.764489 16 
0 0.764808 16 
0 0.780777 16 
0 0.897143 16 
0 0.899768 16 
0 0.900422 16 
0 0.901859 16 
0 0.913112 16 
0 0.963691 16 
0 1.09919 16 
0 1.09968 16 
0 1.22987 16 
0 1.23075 16 
0 1.2311 16 
0 1.23249 16 
0 1.23296 16 
0 1.46009 16 
0 1.4946 16 
0 1.49633 16 
0 1.49692 16 
0 1.93024 16 
0 1.93511 16 
0 1.93562 16 
0 1.93568 16 
0 inf 16 
0 0.0574119 17 
0 0.0823014 17 
0 0.0837141 17 
0 0.0879337 17 
0 0.0880398 17 
0 0.0895696 17 
0 0.0921632 17 
0 0.0926538 17 
0 0.216382 17 
0 0.217843 17 
0 0.218494 17 
0 0.21994 17 
0 0.221786 17 
0 0.2226 17 
0 0.232366 17 
0 0.233339 17 
0 0.261499 17 
0 0.290077 17 
0 0.293229 17 
0 0.294216 17 
0 0.294462 17 
0 0.29523 17 
0 0.29712 17 
0 0.297486 17 
0 0.303423 17 
0 0.304258 17 
0 0.385312 17 
0 0.400674 17 
0 0.439282 17 
0 0.450372 17 
0 0.450533 17 
0 0.452778 17 
0 0.456737 17 
0 0.457867 17 
0 0.459051 17 
0 0.460686 17 
0 0.471898 17 
0 0.499867 17 
0 0.500446 17 
0 0.567045 17 
0 0.567364 17 
0 0.567683 17 
0 0.60937 17 
0 0.610142 17 
0 0.610439 17 
0 0.616639 17 
0 0.812674 17 
0 0.822515 17 
0 0.826951 17 
0 0.831283 17 
0 0.839731 17 
0 0.843171 17 
0 0.843519 17 
0 0.874449 17 
0 1.18043 17 
0 1.23155 17 
0 1.23173 17 
0 1.23182 17 
0 1.23299 17 
0 1.50497 17 
0 1.51554 17 
0 1.52125 17 
0 1.52163 17 
0 1.94917 17 
0 1.95223 17 
0 1.95282 17 
0 1.95303 17 
0 inf 17 
0 0.0667447 18 
0 0.0674194 18 
0 0.0709531 18 
0 0.0819664 18 
0 0.112274 18 
0 0.131241 18 
0 0.132135 18 
0 0.192415 18 
0 0.256128 18 
0 0.256727 18 
0 0.256833 18 
0 0.259359 18 
0 0.274551 18 
0 0.274848 18 
0 0.279131 18 
0 0.281604 18 
0 0.285437 18 
0 0.285437 18 
0 0.326921 18 
0 0.329937 18 
0 0.354044 18 
0 0.373022 18 
0 0.376284 18 
0 0.376285 18 
0 0.376501 18 
0 0.392511 18 
0 0.393962 18 
0 0.399713 18 
0 0.402455 18 
0 0.410807 18 
0 0.411864 18 
0 0.413426 18 
0 0.445252 18 
0 0.445923 18 
0 0.445923 18 
0 0.449265 18 
0 0.450291 18 
0 0.451838 18 
0 0.545795 18 
0 0.54719 18 
0 0.548527 18 
0 0.572473 18 
0 0.5729 18 
0 0.573073 18 
0 0.573784 18 
0 0.700492 18 
0 0.949038 18 
0 1.01084 18 
0 1.01192 18 
0 1.09992 18 
0 1.17139 18 
0 1.24249 18 
0 1.24266 18 
0 1.24275 18 
0 1.24278 18 
0 1.55418 18 
0 1.57692 18 
0 1.57738 18 
0 1.69029 18 
0 1.97831 18 
0 1.9794 18 
0 1.97948 18 
0 1.97955 18 
0 inf 18 
0 0.0999064 19 
0 0.106905 19 
0 0.10959 19 
0 0.110241 19 
0 0.116394 19 
0 0.118485 19 
0 0.190516 19 
0 0.192409 19 
0 0.193114 19 
0 0.206088 19 
0 0.207577 19 
0 0.208056 19 
0 0.253783 19 
0 0.257608 19 
0 0.258029 19 
0 0.297005 19 
0 0.298375 19 
0 0.299375 19 
0 0.323313 19 
0 0.354439 19 
0 0.355026 19 
0 0.367476 19 
0 0.395555 19 
0 0.398589 19 
0 0.399406 19 
0 0.400425 19 
0 0.403501 19 
0 0.408499 19 
0 0.408854 19 
0 0.412241 19 
0 0.412241 19 
0 0.444926 19 
0 0.445333 19 
0 0.445638 19 
0 0.448659 19 
0 0.449144 19 
0 0.44995 19 
0 0.47364 19 
0 0.562732 19 
0 0.566693 19 
0 0.566821 19 
0 0.566965 19 
0 0.588525 19 
0 0.732162 19 
0 1.11975 19 
0 1.13402 19 
0 1.13459 19 
0 1.17039 19 
0 1.17224 19 
0 1.22525 19 
0 1.22726 19 
0 1.22732 19 
0 1.22762 19 
0 1.60217 19 
0 1.62206 19 
0 1.62211 19 
0 1.98348 19 
0 1.99825 19 
0 1.99829 19 
0 inf 19 
0 0.0976144 20 
0 0.10054 20 
0 0.100629 20 
0 0.101165 20 
0 0.104252 20 
0 0.109419 20 
0 0.109421 20 
0 0.112038 20 
0 0.130557 20 
0 0.206617 20 
0 0.21035 20 
0 0.210955 20 
0 0.218792 20 
0 0.225318 20 
0 0.227718 20 
0 0.231191 20 
0 0.266764 20 
0 0.266798 20 
0 0.267577 20 
0 0.281185 20 
0 0.282054 20 
0 0.283175 20 
0 0.369487 20 
0 0.370662 20 
0 0.372003 20 
0 0.396402 20 
0 0.396676 20 
0 0.39679 20 
0 0.413174 20 
0 0.414159 20 
0 0.428094 20 
0 0.436328 20 
0 0.4446 20 
0 0.445516 20 
0 0.446166 20 
0 0.450573 20 
0 0.450874 20 
0 0.451436 20 
0 0.539601 20 
0 0.539602 20 
0 0.541061 20 
0 0.541188 20 
0 0.784177 20 
0 1.09499 20 
0 1.09532 20 
0 1.17132 20 
0 1.1819 20 
0 1.2207 20 
0 1.22079 20 
0 1.63319 20 
0 1.63322 20 
0 1.99833 20 
0 1.99876 20 
0 2.32353 20 
0 3.32985 20 
0 inf 20 
