4.44557 8.05761 1 
0.985039 2.50859 1 
0.222081 0.275403 1 
0.219399 0.247944 1 
0.204892 0.210591 1 
0.20431 0.394565 1 
0.200405 0.209556 1 
0.155931 0.199023 1 
0.136715 0.150003 1 
0.135776 0.151505 1 
0.0688223 0.101401 1 
0.038722 0.0392312 1 
0.0374336 0.0382165 1 
0.0349758 0.0352641 1 
0.0346916 0.0360867 1 
0.0314139 0.0402313 1 
0.0310986 0.0320298 1 
0.0304639 0.0347019 1 
0.0301327 0.0346967 1 
0.0301298 0.0368971 1 
0.0297963 0.0338324 1 
0.0243371 0.0270239 1 
5.7369 5.93076 2 
5.7369 5.97175 2 
3.69175 5.9883 2 
0.826311 3.31745 2 
0.40983 0.410046 2 
0.40547 0.441989 2 
0.276687 0.291418 2 
0.261128 0.264249 2 
0.260678 0.269567 2 
0.189314 0.402044 2 
0.164377 0.188169 2 
0.161715 0.166878 2 
0.154732 0.163653 2 
0.0731338 0.105036 2 
0.0352653 0.035815 2 
0.0346903 0.0409565 2 
0.032649 0.0360892 2 
0.0294667 0.0310986 2 
0.0270173 0.0270223 2 
4.04069 4.45236 3 
4.03686 4.46555 3 
3.47311 4.46905 3 
3.12361 3.56083 3 
0.748241 3.44587 3 
0.537887 0.53915 3 
0.537204 0.541174 3 
0.313827 0.318631 3 
0.241949 0.274648 3 
0.226485 0.235539 3 
0.201439 0.323668 3 
0.15066 0.206808 3 
0.0561935 0.0587671 3 
0.0554858 0.0568886 3 
0.0459548 0.0567253 3 
0.0346993 0.03582 3 
3.11677 3.12399 4 
1.56186 1.56505 4 
1.23109 3.13717 4 
0.566762 0.589948 4 
0.55895 0.571229 4 
0.299928 0.350206 4 
0.284325 0.284634 4 
0.267621 0.285327 4 
0.262599 0.289684 4 
0.196476 0.251546 4 
0.193187 0.194612 4 
0.0301327 0.0346916 4 
0.0294667 0.0335358 4 
2.70753 2.73705 5 
2.31447 2.36679 5 
1.85105 2.7631 5 
0.614071 0.629233 5 
0.55623 0.653577 5 
0.231275 0.234829 5 
0.229298 0.231142 5 
0.223631 0.244584 5 
0.20747 0.230677 5 
0.18864 0.197033 5 
2.4071 2.45212 6 
2.36743 2.37138 6 
2.20798 2.53313 6 
1.96453 2.16345 6 
0.642748 0.652409 6 
0.636373 0.638202 6 
0.246997 0.255055 6 
0.15203 0.158258 6 
2.53521 2.99584 7 
2.14369 2.18173 7 
2.0801 2.2171 7 
2.07437 2.31016 7 
1.98917 2.40732 7 
1.9836 2.18536 7 
1.98096 2.06465 7 
0.707069 0.715289 7 
0.65546 0.698764 7 
0.649701 0.666156 7 
0.310253 0.314078 7 
2.09688 2.23505 8 
1.94052 2.01275 8 
1.9209 2.15123 8 
1.8925 1.91111 8 
1.88026 2.0251 8 
1.82911 2.31382 8 
1.24818 2.01867 8 
0.660137 0.675998 8 
0.649457 0.694646 8 
2.52912 2.69097 9 
2.44911 2.49756 9 
2.21609 2.73161 9 
2.20861 2.7323 9 
1.97979 2.15302 9 
1.6265 1.6371 9 
1.24406 1.69909 9 
0.681035 0.695143 9 
0.677122 0.678612 9 
0.646295 0.732837 9 
2.35836 2.36161 10 
2.31214 2.52422 10 
2.23446 2.46633 10 
1.34192 1.42119 10 
1.24623 1.7474 10 
0.727385 0.803038 10 
1.36402 1.67832 11 
1.30759 1.56856 11 
1.30593 1.5287 11 
1.22207 1.3773 11 
1.19413 1.2158 11 
1.09918 1.41363 11 
1.06353 1.14476 11 
1.00617 1.08569 11 
0.699244 0.701407 11 
0.54528 0.553688 11 
1.60599 1.75302 12 
1.52961 1.75681 12 
1.49735 1.75411 12 
0.844252 1.11529 12 
0.805884 1.23862 12 
0.700842 0.713246 12 
2.09814 2.14163 13 
2.01851 2.12075 13 
2.01835 2.11987 13 
2.01569 2.12362 13 
1.25754 1.25774 13 
1.22126 1.23021 13 
0.600803 0.63264 13 
1.95465 2.34782 14 
1.95405 2.34831 14 
1.93457 2.35065 14 
1.93797 2.05342 15 
1.93542 2.05255 15 
1.88867 2.03916 15 
0.500766 0.510299 15 
1.53251 1.58005 16 
1.48695 1.56213 16 
1.32773 1.47582 16 
1.32768 1.39573 16 
1.03066 1.14386 16 
0.535963 0.547198 16 
0.535357 0.549771 16 
0.530945 0.560143 17 
1.99601 1.99857 18 
1.99214 2.07613 19 
1.99182 2.07483 19 
1.98051 2.10307 19 
2.03245 2.08248 20 
2.03204 2.17206 20 
