0 0.0259956 1 
0 0.03107 1 
0 0.0310735 1 
0 0.0354287 1 
0 0.0367629 1 
0 0.0367629 1 
0 0.038056 1 
0 0.0416835 1 
0 0.0416885 1 
0 0.0428335 1 
0 0.0439425 1 
0 0.0439425 1 
0 0.0460889 1 
0 0.0460889 1 
0 0.0460894 1 
0 0.0460904 1 
0 0.0471257 1 
0 0.0481368 1 
0 0.0491345 1 
0 0.0500994 1 
0 0.0510582 1 
0 0.0519958 1 
0 0.0529183 1 
0 0.0538204 1 
0 0.0547045 1 
0 0.0547072 1 
0 0.0547105 1 
0 0.0555854 1 
0 0.0572888 1 
0 0.0581328 1 
0 0.0589602 1 
0 0.0597681 1 
0 0.0597695 1 
0 0.0597695 1 
0 0.0597695 1 
0 0.059772 1 
0 0.0605728 1 
0 0.0613597 1 
0 0.061364 1 
0 0.063681 1 
0 0.065181 1 
0 0.0666438 1 
0 0.0673654 1 
0 0.0741857 1 
0 0.0754744 1 
0 0.0754767 1 
0 0.080431 1 
0 0.0816215 1 
0 0.0850993 1 
0 0.0862235 1 
0 0.086781 1 
0 0.0873419 1 
0 0.0911241 1 
0 0.0972754 1 
0 0.0992437 1 
0 0.102113 1 
0 0.103056 1 
0 0.103991 1 
0 0.104457 1 
0 0.104914 1 
0 0.105378 1 
0 0.106285 1 
0 0.10719 1 
0 0.107638 1 
0 0.108977 1 
0 0.110732 1 
0 0.110735 1 
0 0.111168 1 
0 0.115008 1 
0 0.131469 1 
0 0.131469 1 
0 0.135447 1 
0 0.140002 1 
0 0.143078 1 
0 0.161763 1 
0 0.16906 1 
0 0.173288 1 
0 0.174127 1 
0 0.180115 1 
0 0.184878 1 
0 0.193798 1 
0 0.197499 1 
0 0.197992 1 
0 0.21052 1 
0 0.219282 1 
0 0.221689 1 
0 0.222561 1 
0 0.232114 1 
0 0.233154 1 
0 0.233359 1 
0 0.237256 1 
0 0.237464 1 
0 0.237866 1 
0 0.250329 1 
0 0.257365 1 
0 0.26272 1 
0 0.264943 1 
0 0.265855 1 
0 0.266943 1 
0 0.266943 1 
0 0.270357 1 
0 0.280346 1 
0 0.282926 1 
0 0.293806 1 
0 0.301272 1 
0 0.33003 1 
0 0.365004 1 
0 0.379411 1 
0 0.401313 1 
0 0.405865 1 
0 0.406084 1 
0 0.425596 1 
0 0.433682 1 
0 0.438555 1 
0 0.476653 1 
0 0.485178 1 
0 0.608916 1 
0 0.627966 1 
0 0.693713 1 
0 0.705626 1 
0 0.710485 1 
0 1.07827 1 
0 1.50487 1 
0 2.37409 1 
0 2.82913 1 
0 2.85157 1 
0 2.87638 1 
0 3.93585 1 
0 4.7853 1 
0 4.79976 1 
0 5.02963 1 
0 inf 1 
0 0.0259973 2 
0 0.0310697 2 
0 0.0354276 2 
0 0.0367655 2 
0 0.0367655 2 
0 0.0393035 2 
0 0.0393064 2 
0 0.03931 2 
0 0.0428301 2 
0 0.0450289 2 
0 0.0460872 2 
0 0.0460882 2 
0 0.0460891 2 
0 0.0460899 2 
0 0.0471249 2 
0 0.050102 2 
0 0.0501032 2 
0 0.0501053 2 
0 0.0519937 2 
0 0.0538204 2 
0 0.0547022 2 
0 0.0547085 2 
0 0.0572917 2 
0 0.0597703 2 
0 0.0605723 2 
0 0.0613644 2 
0 0.068782 2 
0 0.0694789 2 
0 0.0728779 2 
0 0.0748342 2 
0 0.0748344 2 
0 0.0754767 2 
0 0.0767435 2 
0 0.0767458 2 
0 0.0786096 2 
0 0.0786097 2 
0 0.0816174 2 
0 0.0822112 2 
0 0.0827972 2 
0 0.0845236 2 
0 0.0845284 2 
0 0.0856602 2 
0 0.0867818 2 
0 0.0867822 2 
0 0.0895179 2 
0 0.0895181 2 
0 0.0905909 2 
0 0.0911297 2 
0 0.0926993 2 
0 0.0932199 2 
0 0.0937325 2 
0 0.0952676 2 
0 0.0992451 2 
0 0.103531 2 
0 0.1103 2 
0 0.114176 2 
0 0.12075 2 
0 0.122328 2 
0 0.13862 2 
0 0.144084 2 
0 0.150317 2 
0 0.160859 2 
0 0.168769 2 
0 0.176604 2 
0 0.18092 2 
0 0.181716 2 
0 0.181987 2 
0 0.186182 2 
0 0.190535 2 
0 0.199938 2 
0 0.203051 2 
0 0.206587 2 
0 0.207091 2 
0 0.212115 2 
0 0.216844 2 
0 0.22212 2 
0 0.223856 2 
0 0.225366 2 
0 0.228127 2 
0 0.232325 2 
0 0.233776 2 
0 0.235622 2 
0 0.241091 2 
0 0.241097 2 
0 0.242091 2 
0 0.244074 2 
0 0.254696 2 
0 0.255268 2 
0 0.25605 2 
0 0.257551 2 
0 0.264947 2 
0 0.267662 2 
0 0.277262 2 
0 0.291014 2 
0 0.337 2 
0 0.34402 2 
0 0.36805 2 
0 0.373234 2 
0 0.381294 2 
0 0.425605 2 
0 0.445013 2 
0 0.486862 2 
0 0.489242 2 
0 0.493625 2 
0 0.503044 2 
0 0.503331 2 
0 0.520622 2 
0 0.536483 2 
0 0.537309 2 
0 0.546679 2 
0 0.546685 2 
0 0.56142 2 
0 0.570872 2 
0 0.937904 2 
0 1.18037 2 
0 2.02142 2 
0 2.06244 2 
0 2.09576 2 
0 2.46961 2 
0 2.87075 2 
0 3.30654 2 
0 3.468 2 
0 3.50162 2 
0 3.50823 2 
0 3.84847 2 
0 4.26464 2 
0 4.31576 2 
0 inf 2 
0 0.024067 3 
0 0.0367645 3 
0 0.046088 3 
0 0.0471186 3 
0 0.0471243 3 
0 0.0501061 3 
0 0.0538197 3 
0 0.0572923 3 
0 0.0613624 3 
0 0.0629165 3 
0 0.0629168 3 
0 0.0629174 3 
0 0.0629202 3 
0 0.0629208 3 
0 0.0644328 3 
0 0.0651803 3 
0 0.0666427 3 
0 0.0666436 3 
0 0.0687857 3 
0 0.069482 3 
0 0.0708584 3 
0 0.0722062 3 
0 0.0748334 3 
0 0.0779933 3 
0 0.0779935 3 
0 0.0779935 3 
0 0.0779989 3 
0 0.0798245 3 
0 0.0804303 3 
0 0.0804315 3 
0 0.0804317 3 
0 0.0827972 3 
0 0.0845292 3 
0 0.0850983 3 
0 0.0889811 3 
0 0.0932194 3 
0 0.0937361 3 
0 0.0937362 3 
0 0.0942454 3 
0 0.0957729 3 
0 0.0957732 3 
0 0.0962765 3 
0 0.0992364 3 
0 0.101169 3 
0 0.106284 3 
0 0.109423 3 
0 0.116684 3 
0 0.125446 3 
0 0.137567 3 
0 0.146409 3 
0 0.146736 3 
0 0.147717 3 
0 0.153805 3 
0 0.15598 3 
0 0.160565 3 
0 0.161762 3 
0 0.168769 3 
0 0.171047 3 
0 0.174123 3 
0 0.17714 3 
0 0.179581 3 
0 0.181456 3 
0 0.184096 3 
0 0.190031 3 
0 0.195287 3 
0 0.1975 3 
0 0.1975 3 
0 0.200415 3 
0 0.209137 3 
0 0.210976 3 
0 0.213976 3 
0 0.214606 3 
0 0.21994 3 
0 0.220349 3 
0 0.231069 3 
0 0.258646 3 
0 0.262928 3 
0 0.269103 3 
0 0.270712 3 
0 0.271071 3 
0 0.274227 3 
0 0.281244 3 
0 0.282726 3 
0 0.2829 3 
0 0.286611 3 
0 0.327523 3 
0 0.3286 3 
0 0.342517 3 
0 0.362764 3 
0 0.397694 3 
0 0.410218 3 
0 0.438897 3 
0 0.441183 3 
0 0.446704 3 
0 0.469219 3 
0 0.469472 3 
0 0.47566 3 
0 0.481652 3 
0 0.485966 3 
0 0.487779 3 
0 0.521918 3 
0 0.534337 3 
0 0.543386 3 
0 0.547193 3 
0 0.562586 3 
0 0.564829 3 
0 0.911009 3 
0 1.07936 3 
0 1.13915 3 
0 1.14212 3 
0 1.16293 3 
0 1.16323 3 
0 1.87527 3 
0 1.91553 3 
0 2.20752 3 
0 2.94302 3 
0 3.30445 3 
0 3.44067 3 
0 3.46397 3 
0 3.50308 3 
0 3.50426 3 
0 4.21285 3 
0 4.21341 3 
0 inf 3 
0 0.0310729 4 
0 0.0460876 4 
0 0.0481409 4 
0 0.0510551 4 
0 0.0529177 4 
0 0.0529182 4 
0 0.0538186 4 
0 0.0538189 4 
0 0.0572967 4 
0 0.0581314 4 
0 0.0581322 4 
0 0.0621423 4 
0 0.062147 4 
0 0.0651792 4 
0 0.0651798 4 
0 0.0666416 4 
0 0.0666461 4 
0 0.0728709 4 
0 0.0748338 4 
0 0.0754762 4 
0 0.0754762 4 
0 0.0779926 4 
0 0.0779933 4 
0 0.0779975 4 
0 0.0816219 4 
0 0.0845276 4 
0 0.0845277 4 
0 0.0862206 4 
0 0.0873347 4 
0 0.0878851 4 
0 0.0889784 4 
0 0.090058 4 
0 0.0942458 4 
0 0.0952659 4 
0 0.095267 4 
0 0.095268 4 
0 0.0992379 4 
0 0.119545 4 
0 0.121941 4 
0 0.123513 4 
0 0.129621 4 
0 0.129984 4 
0 0.13966 4 
0 0.14103 4 
0 0.141372 4 
0 0.141715 4 
0 0.149342 4 
0 0.151587 4 
0 0.152546 4 
0 0.154118 4 
0 0.154119 4 
0 0.154121 4 
0 0.168769 4 
0 0.189269 4 
0 0.190531 4 
0 0.200178 4 
0 0.201406 4 
0 0.20305 4 
0 0.21438 4 
0 0.215507 4 
0 0.216849 4 
0 0.220372 4 
0 0.224934 4 
0 0.226426 4 
0 0.229606 4 
0 0.230234 4 
0 0.234804 4 
0 0.235213 4 
0 0.240296 4 
0 0.242087 4 
0 0.255287 4 
0 0.278984 4 
0 0.279813 4 
0 0.285952 4 
0 0.287847 4 
0 0.310711 4 
0 0.336128 4 
0 0.341256 4 
0 0.351548 4 
0 0.352529 4 
0 0.3536 4 
0 0.365806 4 
0 0.41768 4 
0 0.433561 4 
0 0.442381 4 
0 0.44335 4 
0 0.452405 4 
0 0.458762 4 
0 0.460667 4 
0 0.495506 4 
0 0.50232 4 
0 0.509192 4 
0 0.510234 4 
0 0.555173 4 
0 0.560016 4 
0 0.56063 4 
0 0.573296 4 
0 0.760751 4 
0 0.929623 4 
0 0.984269 4 
0 1.05918 4 
0 1.18007 4 
0 1.18052 4 
0 1.18154 4 
0 1.55862 4 
0 1.72605 4 
0 1.74009 4 
0 1.74286 4 
0 1.74319 4 
0 1.83905 4 
0 1.85866 4 
0 2.20097 4 
0 2.75312 4 
0 2.93903 4 
0 3.04759 4 
0 3.04773 4 
0 3.05328 4 
0 3.49621 4 
0 3.59124 4 
0 inf 4 
0 0.0294773 5 
0 0.0367661 5 
0 0.0405139 5 
0 0.0450313 5 
0 0.0519924 5 
0 0.0597696 5 
0 0.064434 5 
0 0.0644389 5 
0 0.0666425 5 
0 0.0666432 5 
0 0.0694788 5 
0 0.0722111 5 
0 0.0741867 5 
0 0.0779942 5 
0 0.0779942 5 
0 0.0798269 5 
0 0.0816281 5 
0 0.0839543 5 
0 0.0856595 5 
0 0.0856622 5 
0 0.0856631 5 
0 0.0873371 5 
0 0.087339 5 
0 0.0932184 5 
0 0.0952677 5 
0 0.0977699 5 
0 0.0992372 5 
0 0.10021 5 
0 0.10399 5 
0 0.113743 5 
0 0.114166 5 
0 0.115847 5 
0 0.117504 5 
0 0.120349 5 
0 0.126985 5 
0 0.128496 5 
0 0.129987 5 
0 0.129988 5 
0 0.135443 5 
0 0.136159 5 
0 0.137914 5 
0 0.137922 5 
0 0.138618 5 
0 0.141717 5 
0 0.151594 5 
0 0.1702 5 
0 0.171045 5 
0 0.171048 5 
0 0.17133 5 
0 0.174119 5 
0 0.175228 5 
0 0.1755 5 
0 0.1755 5 
0 0.181985 5 
0 0.182773 5 
0 0.19356 5 
0 0.199932 5 
0 0.233772 5 
0 0.237263 5 
0 0.248995 5 
0 0.257365 5 
0 0.269859 5 
0 0.270574 5 
0 0.299694 5 
0 0.31057 5 
0 0.314724 5 
0 0.328695 5 
0 0.330308 5 
0 0.333797 5 
0 0.349078 5 
0 0.353883 5 
0 0.365538 5 
0 0.38501 5 
0 0.402243 5 
0 0.407506 5 
0 0.408353 5 
0 0.410794 5 
0 0.413974 5 
0 0.418611 5 
0 0.419187 5 
0 0.45232 5 
0 0.460458 5 
0 0.46777 5 
0 0.494419 5 
0 0.50019 5 
0 0.510222 5 
0 0.517457 5 
0 0.518854 5 
0 0.526413 5 
0 0.57016 5 
0 0.650171 5 
0 0.650839 5 
0 0.659095 5 
0 0.675792 5 
0 0.934448 5 
0 0.957387 5 
0 1.07636 5 
0 1.44021 5 
0 1.52527 5 
0 1.60953 5 
0 1.60974 5 
0 1.61145 5 
0 1.72692 5 
0 1.85327 5 
0 1.85392 5 
0 1.85515 5 
0 1.86301 5 
0 1.90597 5 
0 1.9702 5 
0 1.97461 5 
0 1.98193 5 
0 2.10697 5 
0 2.38057 5 
0 2.40183 5 
0 2.65021 5 
0 inf 5 
0 0.0380567 6 
0 0.0471241 6 
0 0.0471248 6 
0 0.0538167 6 
0 0.0547096 6 
0 0.0555806 6 
0 0.0581338 6 
0 0.0581348 6 
0 0.0605698 6 
0 0.0651797 6 
0 0.0666429 6 
0 0.0701764 6 
0 0.0754764 6 
0 0.0767424 6 
0 0.0779925 6 
0 0.0779967 6 
0 0.0798262 6 
0 0.0804274 6 
0 0.0816194 6 
0 0.081625 6 
0 0.084524 6 
0 0.0851003 6 
0 0.0851007 6 
0 0.0867808 6 
0 0.087335 6 
0 0.0873366 6 
0 0.0937408 6 
0 0.0957728 6 
0 0.0997271 6 
0 0.107641 6 
0 0.109861 6 
0 0.11332 6 
0 0.117091 6 
0 0.118322 6 
0 0.12034 6 
0 0.120344 6 
0 0.123902 6 
0 0.125067 6 
0 0.136516 6 
0 0.136867 6 
0 0.141715 6 
0 0.148695 6 
0 0.150629 6 
0 0.15159 6 
0 0.160862 6 
0 0.169913 6 
0 0.171328 6 
0 0.187473 6 
0 0.197746 6 
0 0.197746 6 
0 0.213047 6 
0 0.230235 6 
0 0.230626 6 
0 0.241085 6 
0 0.241098 6 
0 0.243855 6 
0 0.249931 6 
0 0.250111 6 
0 0.252428 6 
0 0.257541 6 
0 0.259658 6 
0 0.261879 6 
0 0.264264 6 
0 0.273551 6 
0 0.274781 6 
0 0.300116 6 
0 0.355913 6 
0 0.388108 6 
0 0.400827 6 
0 0.412112 6 
0 0.414914 6 
0 0.425457 6 
0 0.444995 6 
0 0.448041 6 
0 0.454035 6 
0 0.460686 6 
0 0.474411 6 
0 0.496205 6 
0 0.501207 6 
0 0.505809 6 
0 0.508328 6 
0 0.56406 6 
0 0.582751 6 
0 0.585973 6 
0 0.5943 6 
0 0.729474 6 
0 0.908097 6 
0 0.999102 6 
0 1.07653 6 
0 1.07991 6 
0 1.08194 6 
0 1.08902 6 
0 1.09123 6 
0 1.14339 6 
0 1.2157 6 
0 1.27308 6 
0 1.28195 6 
0 1.29316 6 
0 1.30417 6 
0 1.31732 6 
0 1.32328 6 
0 1.35157 6 
0 1.36492 6 
0 1.46177 6 
0 1.48914 6 
0 1.64109 6 
0 1.80879 6 
0 1.82196 6 
0 1.83928 6 
0 1.85004 6 
0 2.0397 6 
0 inf 6 
0 0.0471274 7 
0 0.0597727 7 
0 0.072871 7 
0 0.0748347 7 
0 0.0754735 7 
0 0.0798226 7 
0 0.0798281 7 
0 0.084532 7 
0 0.0862218 7 
0 0.0895229 7 
0 0.0932229 7 
0 0.0957748 7 
0 0.0997272 7 
0 0.108976 7 
0 0.108979 7 
0 0.1103 7 
0 0.112037 7 
0 0.112464 7 
0 0.112465 7 
0 0.114169 7 
0 0.115849 7 
0 0.117503 7 
0 0.118729 7 
0 0.119135 7 
0 0.120745 7 
0 0.12622 7 
0 0.126221 7 
0 0.129619 7 
0 0.144419 7 
0 0.147068 7 
0 0.149345 7 
0 0.152543 7 
0 0.159051 7 
0 0.171607 7 
0 0.184874 7 
0 0.187989 7 
0 0.188994 7 
0 0.189007 7 
0 0.192054 7 
0 0.196019 7 
0 0.199921 7 
0 0.204904 7 
0 0.215062 7 
0 0.220161 7 
0 0.222987 7 
0 0.222992 7 
0 0.238275 7 
0 0.240688 7 
0 0.253174 7 
0 0.263297 7 
0 0.277759 7 
0 0.280525 7 
0 0.280525 7 
0 0.301106 7 
0 0.312588 7 
0 0.318555 7 
0 0.328366 7 
0 0.350311 7 
0 0.35341 7 
0 0.354092 7 
0 0.358212 7 
0 0.371175 7 
0 0.40203 7 
0 0.402762 7 
0 0.405378 7 
0 0.405378 7 
0 0.408121 7 
0 0.408122 7 
0 0.430566 7 
0 0.437705 7 
0 0.443816 7 
0 0.446419 7 
0 0.468183 7 
0 0.519647 7 
0 0.522274 7 
0 0.523473 7 
0 0.523842 7 
0 0.536739 7 
0 0.546049 7 
0 0.547715 7 
0 0.550971 7 
0 0.838256 7 
0 0.882033 7 
0 0.924838 7 
0 0.925102 7 
0 0.937483 7 
0 0.937535 7 
0 0.939747 7 
0 0.943435 7 
0 1.08729 7 
0 1.14896 7 
0 1.24199 7 
0 1.24416 7 
0 1.24521 7 
0 1.25579 7 
0 1.32109 7 
0 1.3271 7 
0 1.32972 7 
0 1.34618 7 
0 1.56285 7 
0 1.61366 7 
0 1.62587 7 
0 1.65661 7 
0 1.66498 7 
0 1.71844 7 
0 1.7425 7 
0 1.88076 7 
0 inf 7 
0 0.0636842 8 
0 0.0651797 8 
0 0.0748383 8 
0 0.076111 8 
0 0.0804327 8 
0 0.0810304 8 
0 0.0828043 8 
0 0.0952705 8 
0 0.0992403 8 
0 0.107188 8 
0 0.108536 8 
0 0.113324 8 
0 0.113751 8 
0 0.120342 8 
0 0.126981 8 
0 0.131835 8 
0 0.133289 8 
0 0.134368 8 
0 0.134727 8 
0 0.137214 8 
0 0.138625 8 
0 0.138959 8 
0 0.140355 8 
0 0.140685 8 
0 0.141038 8 
0 0.142397 8 
0 0.146732 8 
0 0.146733 8 
0 0.154438 8 
0 0.155988 8 
0 0.159052 8 
0 0.167913 8 
0 0.180654 8 
0 0.196276 8 
0 0.197957 8 
0 0.221689 8 
0 0.235641 8 
0 0.23725 8 
0 0.23767 8 
0 0.242905 8 
0 0.251292 8 
0 0.279806 8 
0 0.280353 8 
0 0.281896 8 
0 0.282926 8 
0 0.296425 8 
0 0.308703 8 
0 0.31733 8 
0 0.317481 8 
0 0.320509 8 
0 0.324971 8 
0 0.337543 8 
0 0.348096 8 
0 0.352359 8 
0 0.368057 8 
0 0.369497 8 
0 0.378282 8 
0 0.379771 8 
0 0.382723 8 
0 0.390589 8 
0 0.396805 8 
0 0.396805 8 
0 0.420328 8 
0 0.428519 8 
0 0.428883 8 
0 0.447502 8 
0 0.44844 8 
0 0.478384 8 
0 0.487545 8 
0 0.497983 8 
0 0.506728 8 
0 0.519209 8 
0 0.596322 8 
0 0.599551 8 
0 0.601495 8 
0 0.640074 8 
0 0.697696 8 
0 0.726037 8 
0 0.748546 8 
0 0.754283 8 
0 0.7581 8 
0 0.986508 8 
0 1.00878 8 
0 1.05877 8 
0 1.07205 8 
0 1.07528 8 
0 1.07546 8 
0 1.08012 8 
0 1.08083 8 
0 1.1267 8 
0 1.13595 8 
0 1.18585 8 
0 1.28406 8 
0 1.28722 8 
0 1.2932 8 
0 1.31154 8 
0 1.32484 8 
0 1.4444 8 
0 1.62239 8 
0 1.6307 8 
0 1.6333 8 
0 1.67647 8 
0 1.72103 8 
0 inf 8 
0 0.0597697 9 
0 0.0659124 9 
0 0.0722043 9 
0 0.0779942 9 
0 0.0987489 9 
0 0.104916 9 
0 0.106738 9 
0 0.113746 9 
0 0.115432 9 
0 0.119135 9 
0 0.122702 9 
0 0.12391 9 
0 0.125453 9 
0 0.126607 9 
0 0.127363 9 
0 0.129993 9 
0 0.131095 9 
0 0.13256 9 
0 0.134371 9 
0 0.138621 9 
0 0.145085 9 
0 0.145724 9 
0 0.146071 9 
0 0.146741 9 
0 0.148697 9 
0 0.153176 9 
0 0.153467 9 
0 0.158745 9 
0 0.171046 9 
0 0.185917 9 
0 0.202091 9 
0 0.203764 9 
0 0.205882 9 
0 0.214384 9 
0 0.22106 9 
0 0.222583 9 
0 0.225574 9 
0 0.250908 9 
0 0.277377 9 
0 0.286143 9 
0 0.318101 9 
0 0.320973 9 
0 0.326939 9 
0 0.355234 9 
0 0.361685 9 
0 0.362885 9 
0 0.364217 9 
0 0.367663 9 
0 0.368564 9 
0 0.374945 9 
0 0.377877 9 
0 0.379407 9 
0 0.386465 9 
0 0.386501 9 
0 0.389115 9 
0 0.391452 9 
0 0.392929 9 
0 0.404434 9 
0 0.417455 9 
0 0.418264 9 
0 0.431923 9 
0 0.432481 9 
0 0.463708 9 
0 0.475143 9 
0 0.478542 9 
0 0.492854 9 
0 0.493173 9 
0 0.504691 9 
0 0.508123 9 
0 0.649426 9 
0 0.657472 9 
0 0.675321 9 
0 0.68572 9 
0 0.87976 9 
0 0.892347 9 
0 0.917345 9 
0 0.917766 9 
0 0.946759 9 
0 0.955642 9 
0 0.994023 9 
0 1.05744 9 
0 1.05854 9 
0 1.0716 9 
0 1.08168 9 
0 1.09324 9 
0 1.11706 9 
0 1.11706 9 
0 1.12002 9 
0 1.12023 9 
0 1.28161 9 
0 1.28346 9 
0 1.3032 9 
0 1.39094 9 
0 1.39118 9 
0 1.62744 9 
0 1.63233 9 
0 1.65462 9 
0 1.69917 9 
0 1.70396 9 
0 inf 9 
0 0.0471249 10 
0 0.0613653 10 
0 0.101173 10 
0 0.103064 10 
0 0.104916 10 
0 0.108096 10 
0 0.11668 10 
0 0.117089 10 
0 0.121142 10 
0 0.123513 10 
0 0.12548 10 
0 0.129618 10 
0 0.12999 10 
0 0.135796 10 
0 0.145083 10 
0 0.14676 10 
0 0.166752 10 
0 0.172728 10 
0 0.181181 10 
0 0.185139 10 
0 0.187218 10 
0 0.189276 10 
0 0.199692 10 
0 0.209165 10 
0 0.212576 10 
0 0.219304 10 
0 0.222771 10 
0 0.240691 10 
0 0.246047 10 
0 0.249159 10 
0 0.252637 10 
0 0.281355 10 
0 0.282412 10 
0 0.285443 10 
0 0.300301 10 
0 0.304749 10 
0 0.304921 10 
0 0.309932 10 
0 0.313648 10 
0 0.320222 10 
0 0.321682 10 
0 0.34247 10 
0 0.357944 10 
0 0.366352 10 
0 0.369482 10 
0 0.372087 10 
0 0.380821 10 
0 0.388875 10 
0 0.388875 10 
0 0.394278 10 
0 0.39489 10 
0 0.435787 10 
0 0.453388 10 
0 0.457113 10 
0 0.479656 10 
0 0.479993 10 
0 0.48036 10 
0 0.480898 10 
0 0.50622 10 
0 0.542477 10 
0 0.545513 10 
0 0.54595 10 
0 0.547362 10 
0 0.549476 10 
0 0.553069 10 
0 0.585959 10 
0 0.607545 10 
0 0.704063 10 
0 0.719056 10 
0 0.719057 10 
0 0.777104 10 
0 0.909258 10 
0 0.913338 10 
0 0.927864 10 
0 0.928228 10 
0 0.929684 10 
0 1.03389 10 
0 1.05607 10 
0 1.06391 10 
0 1.06413 10 
0 1.07411 10 
0 1.07734 10 
0 1.0782 10 
0 1.29514 10 
0 1.29544 10 
0 1.34284 10 
0 1.35583 10 
0 1.35924 10 
0 1.42299 10 
0 1.42302 10 
0 1.59774 10 
0 1.59895 10 
0 1.66327 10 
0 1.85762 10 
0 1.85889 10 
0 inf 10 
0 0.0916643 11 
0 0.10306 11 
0 0.11077 11 
0 0.124682 11 
0 0.127357 11 
0 0.129615 11 
0 0.132205 11 
0 0.134385 11 
0 0.136156 11 
0 0.141374 11 
0 0.141404 11 
0 0.145079 11 
0 0.147721 11 
0 0.166755 11 
0 0.187988 11 
0 0.189227 11 
0 0.19993 11 
0 0.204235 11 
0 0.207982 11 
0 0.211671 11 
0 0.213256 11 
0 0.225186 11 
0 0.22859 11 
0 0.233563 11 
0 0.249749 11 
0 0.257366 11 
0 0.259049 11 
0 0.26979 11 
0 0.27842 11 
0 0.280344 11 
0 0.283063 11 
0 0.287276 11 
0 0.287276 11 
0 0.290636 11 
0 0.293804 11 
0 0.298993 11 
0 0.298993 11 
0 0.302357 11 
0 0.322768 11 
0 0.397321 11 
0 0.397809 11 
0 0.402039 11 
0 0.40503 11 
0 0.406932 11 
0 0.420796 11 
0 0.42137 11 
0 0.425021 11 
0 0.450816 11 
0 0.452099 11 
0 0.454112 11 
0 0.463703 11 
0 0.465883 11 
0 0.465883 11 
0 0.465983 11 
0 0.497749 11 
0 0.515457 11 
0 0.547371 11 
0 0.553607 11 
0 0.557777 11 
0 0.565937 11 
0 0.568236 11 
0 0.574068 11 
0 0.674504 11 
0 0.684452 11 
0 0.82283 11 
0 0.827749 11 
0 0.860851 11 
0 0.874708 11 
0 0.875094 11 
0 0.90377 11 
0 0.907346 11 
0 0.91244 11 
0 0.9136 11 
0 0.914817 11 
0 0.915608 11 
0 0.924891 11 
0 1.05899 11 
0 1.06191 11 
0 1.06227 11 
0 1.06577 11 
0 1.06902 11 
0 1.30165 11 
0 1.30254 11 
0 1.3407 11 
0 1.3407 11 
0 1.36921 11 
0 1.61413 11 
0 1.61601 11 
0 1.71537 11 
0 1.71616 11 
0 1.71951 11 
0 inf 11 
0 0.0937478 12 
0 0.103063 12 
0 0.113321 12 
0 0.125044 12 
0 0.131095 12 
0 0.133291 12 
0 0.148694 12 
0 0.154118 12 
0 0.160871 12 
0 0.168763 12 
0 0.200216 12 
0 0.215322 12 
0 0.215526 12 
0 0.222128 12 
0 0.226433 12 
0 0.235627 12 
0 0.238849 12 
0 0.244246 12 
0 0.244248 12 
0 0.246244 12 
0 0.25244 12 
0 0.256047 12 
0 0.259976 12 
0 0.26162 12 
0 0.262014 12 
0 0.262168 12 
0 0.264368 12 
0 0.26712 12 
0 0.270176 12 
0 0.277061 12 
0 0.281212 12 
0 0.295888 12 
0 0.301268 12 
0 0.311158 12 
0 0.311358 12 
0 0.316279 12 
0 0.342768 12 
0 0.374551 12 
0 0.377505 12 
0 0.380445 12 
0 0.410573 12 
0 0.416661 12 
0 0.423331 12 
0 0.423673 12 
0 0.423673 12 
0 0.429564 12 
0 0.439767 12 
0 0.439767 12 
0 0.443267 12 
0 0.448776 12 
0 0.466096 12 
0 0.46662 12 
0 0.474006 12 
0 0.477962 12 
0 0.483188 12 
0 0.504978 12 
0 0.508119 12 
0 0.526872 12 
0 0.557601 12 
0 0.562944 12 
0 0.570186 12 
0 0.69111 12 
0 0.699718 12 
0 0.701097 12 
0 0.728481 12 
0 0.766898 12 
0 0.768219 12 
0 0.913073 12 
0 0.915132 12 
0 0.977567 12 
0 1.00868 12 
0 1.00987 12 
0 1.06214 12 
0 1.06232 12 
0 1.06677 12 
0 1.06799 12 
0 1.07672 12 
0 1.26844 12 
0 1.27136 12 
0 1.29789 12 
0 1.29793 12 
0 1.29819 12 
0 1.60323 12 
0 1.60332 12 
0 1.66491 12 
0 1.66839 12 
0 1.67093 12 
0 inf 12 
0 0.0786185 13 
0 0.12504 13 
0 0.130361 13 
0 0.130366 13 
0 0.164152 13 
0 0.166166 13 
0 0.166758 13 
0 0.196327 13 
0 0.198041 13 
0 0.199211 13 
0 0.200462 13 
0 0.205416 13 
0 0.206162 13 
0 0.212113 13 
0 0.21371 13 
0 0.215953 13 
0 0.223174 13 
0 0.226609 13 
0 0.23169 13 
0 0.245823 13 
0 0.249527 13 
0 0.250876 13 
0 0.253213 13 
0 0.259579 13 
0 0.264551 13 
0 0.272664 13 
0 0.280344 13 
0 0.287826 13 
0 0.292482 13 
0 0.295928 13 
0 0.301083 13 
0 0.301083 13 
0 0.303001 13 
0 0.304927 13 
0 0.312589 13 
0 0.330456 13 
0 0.361704 13 
0 0.369751 13 
0 0.37536 13 
0 0.378411 13 
0 0.404993 13 
0 0.409168 13 
0 0.419169 13 
0 0.423561 13 
0 0.42866 13 
0 0.429558 13 
0 0.431352 13 
0 0.468145 13 
0 0.509021 13 
0 0.521718 13 
0 0.549925 13 
0 0.558543 13 
0 0.563963 13 
0 0.579336 13 
0 0.579669 13 
0 0.593123 13 
0 0.593123 13 
0 0.619756 13 
0 0.663679 13 
0 0.665068 13 
0 0.707676 13 
0 0.707881 13 
0 0.712774 13 
0 0.917977 13 
0 0.933569 13 
0 0.971378 13 
0 0.972719 13 
0 0.980087 13 
0 1.05566 13 
0 1.05566 13 
0 1.1521 13 
0 1.15348 13 
0 1.15649 13 
0 1.27758 13 
0 1.27807 13 
0 1.28841 13 
0 1.30609 13 
0 1.31346 13 
0 1.61843 13 
0 1.62105 13 
0 1.62391 13 
0 1.62554 13 
0 1.6415 13 
0 inf 13 
0 0.13684 14 
0 0.169064 14 
0 0.179043 14 
0 0.183032 14 
0 0.187946 14 
0 0.2023 14 
0 0.207286 14 
0 0.209602 14 
0 0.210292 14 
0 0.211431 14 
0 0.213934 14 
0 0.214159 14 
0 0.217776 14 
0 0.222982 14 
0 0.235868 14 
0 0.243089 14 
0 0.246413 14 
0 0.24778 14 
0 0.249945 14 
0 0.252027 14 
0 0.255854 14 
0 0.257772 14 
0 0.262522 14 
0 0.262524 14 
0 0.262567 14 
0 0.263822 14 
0 0.266357 14 
0 0.271811 14 
0 0.272463 14 
0 0.273348 14 
0 0.282751 14 
0 0.283092 14 
0 0.285166 14 
0 0.304908 14 
0 0.305066 14 
0 0.335082 14 
0 0.335514 14 
0 0.338502 14 
0 0.37929 14 
0 0.380428 14 
0 0.388608 14 
0 0.418166 14 
0 0.523186 14 
0 0.533052 14 
0 0.533613 14 
0 0.537934 14 
0 0.538195 14 
0 0.540344 14 
0 0.544094 14 
0 0.55429 14 
0 0.555073 14 
0 0.61647 14 
0 0.66615 14 
0 0.686987 14 
0 0.690701 14 
0 0.690911 14 
0 0.773156 14 
0 0.906759 14 
0 0.913074 14 
0 0.921128 14 
0 0.921914 14 
0 0.92228 14 
0 1.05383 14 
0 1.05479 14 
0 1.07204 14 
0 1.07254 14 
0 1.07299 14 
0 1.31713 14 
0 1.36893 14 
0 1.39436 14 
0 1.40677 14 
0 1.50513 14 
0 1.54342 14 
0 1.54354 14 
0 1.61143 14 
0 1.84083 14 
0 1.87188 14 
0 1.87212 14 
0 1.87297 14 
0 inf 14 
0 0.0804287 15 
0 0.0905904 15 
0 0.135796 15 
0 0.154407 15 
0 0.181175 15 
0 0.19628 15 
0 0.198238 15 
0 0.199211 15 
0 0.203756 15 
0 0.213256 15 
0 0.216814 15 
0 0.22191 15 
0 0.223215 15 
0 0.234824 15 
0 0.243681 15 
0 0.243681 15 
0 0.245068 15 
0 0.249364 15 
0 0.251837 15 
0 0.252253 15 
0 0.255644 15 
0 0.257338 15 
0 0.259021 15 
0 0.26804 15 
0 0.268566 15 
0 0.268566 15 
0 0.29136 15 
0 0.292187 15 
0 0.297103 15 
0 0.299811 15 
0 0.303532 15 
0 0.304427 15 
0 0.304445 15 
0 0.305076 15 
0 0.311964 15 
0 0.314887 15 
0 0.319154 15 
0 0.360628 15 
0 0.373231 15 
0 0.387478 15 
0 0.390342 15 
0 0.440986 15 
0 0.511527 15 
0 0.51986 15 
0 0.521343 15 
0 0.566683 15 
0 0.570504 15 
0 0.571856 15 
0 0.573205 15 
0 0.637946 15 
0 0.674791 15 
0 0.675365 15 
0 0.690285 15 
0 0.708543 15 
0 0.810194 15 
0 0.873761 15 
0 0.912649 15 
0 0.913283 15 
0 0.913336 15 
0 0.913495 15 
0 1.063 15 
0 1.06395 15 
0 1.06445 15 
0 1.06504 15 
0 1.17747 15 
0 1.18971 15 
0 1.19068 15 
0 1.27102 15 
0 1.38084 15 
0 1.38084 15 
0 1.38084 15 
0 1.60332 15 
0 1.84429 15 
0 1.85369 15 
0 1.85471 15 
0 inf 15 
0 0.0900659 16 
0 0.129992 16 
0 0.152857 16 
0 0.153155 16 
0 0.158449 16 
0 0.167334 16 
0 0.168202 16 
0 0.169867 16 
0 0.172451 16 
0 0.197018 16 
0 0.201623 16 
0 0.21052 16 
0 0.21052 16 
0 0.215077 16 
0 0.220598 16 
0 0.232965 16 
0 0.24211 16 
0 0.263662 16 
0 0.270182 16 
0 0.272817 16 
0 0.313024 16 
0 0.32036 16 
0 0.322163 16 
0 0.336663 16 
0 0.342351 16 
0 0.346834 16 
0 0.349471 16 
0 0.3544 16 
0 0.356717 16 
0 0.365821 16 
0 0.370117 16 
0 0.373391 16 
0 0.406814 16 
0 0.407288 16 
0 0.409652 16 
0 0.424809 16 
0 0.463727 16 
0 0.505185 16 
0 0.517349 16 
0 0.536049 16 
0 0.537937 16 
0 0.556876 16 
0 0.559558 16 
0 0.562264 16 
0 0.56377 16 
0 0.563979 16 
0 0.568328 16 
0 0.574833 16 
0 0.633383 16 
0 0.746455 16 
0 0.753919 16 
0 0.754687 16 
0 0.852293 16 
0 0.925094 16 
0 0.925929 16 
0 0.925929 16 
0 0.927023 16 
0 1.00564 16 
0 1.01065 16 
0 1.06268 16 
0 1.07595 16 
0 1.0794 16 
0 1.0803 16 
0 1.28856 16 
0 1.29529 16 
0 1.30302 16 
0 1.30357 16 
0 1.6192 16 
0 1.65841 16 
0 1.67094 16 
0 1.67302 16 
0 inf 16 
0 0.0889843 17 
0 0.0927051 17 
0 0.0992428 17 
0 0.135778 17 
0 0.138941 17 
0 0.14242 17 
0 0.148027 17 
0 0.204467 17 
0 0.207015 17 
0 0.207513 17 
0 0.20821 17 
0 0.213051 17 
0 0.218177 17 
0 0.279114 17 
0 0.306038 17 
0 0.319899 17 
0 0.334361 17 
0 0.337379 17 
0 0.347947 17 
0 0.348778 17 
0 0.350848 17 
0 0.351003 17 
0 0.355513 17 
0 0.360769 17 
0 0.381438 17 
0 0.38247 17 
0 0.390464 17 
0 0.390834 17 
0 0.393788 17 
0 0.408588 17 
0 0.411061 17 
0 0.419777 17 
0 0.468576 17 
0 0.470395 17 
0 0.470754 17 
0 0.471472 17 
0 0.489063 17 
0 0.489753 17 
0 0.566666 17 
0 0.582544 17 
0 0.584383 17 
0 0.585374 17 
0 0.586032 17 
0 0.588481 17 
0 0.667961 17 
0 0.674009 17 
0 0.675075 17 
0 0.691685 17 
0 0.748527 17 
0 0.761887 17 
0 0.774706 17 
0 0.932596 17 
0 0.940792 17 
0 0.944479 17 
0 0.944735 17 
0 1.07998 17 
0 1.07998 17 
0 1.08069 17 
0 1.09348 17 
0 1.28372 17 
0 1.28913 17 
0 1.29197 17 
0 1.29253 17 
0 1.62397 17 
0 1.6296 17 
0 1.64006 17 
0 1.64015 17 
0 inf 17 
0 0.0780028 18 
0 0.0822235 18 
0 0.0916599 18 
0 0.0916617 18 
0 0.1329 18 
0 0.138591 18 
0 0.149324 18 
0 0.195005 18 
0 0.195746 18 
0 0.198989 18 
0 0.204925 18 
0 0.205653 18 
0 0.211441 18 
0 0.213033 18 
0 0.264915 18 
0 0.285438 18 
0 0.289969 18 
0 0.313826 18 
0 0.314901 18 
0 0.329291 18 
0 0.349608 18 
0 0.352232 18 
0 0.353608 18 
0 0.353736 18 
0 0.354136 18 
0 0.355361 18 
0 0.35875 18 
0 0.389222 18 
0 0.402401 18 
0 0.403 18 
0 0.407764 18 
0 0.413408 18 
0 0.423097 18 
0 0.478664 18 
0 0.479593 18 
0 0.483304 18 
0 0.484401 18 
0 0.510297 18 
0 0.562703 18 
0 0.603017 18 
0 0.662308 18 
0 0.662308 18 
0 0.662309 18 
0 0.664948 18 
0 0.67037 18 
0 0.677362 18 
0 0.947166 18 
0 0.976529 18 
0 0.985093 18 
0 0.985828 18 
0 1.03937 18 
0 1.06862 18 
0 1.07029 18 
0 1.07029 18 
0 1.07043 18 
0 1.30165 18 
0 1.30298 18 
0 1.30406 18 
0 1.30443 18 
0 1.62889 18 
0 1.65474 18 
0 1.66208 18 
0 1.84879 18 
0 inf 18 
0 0.105833 19 
0 0.109863 19 
0 0.109864 19 
0 0.134729 19 
0 0.137917 19 
0 0.154743 19 
0 0.158137 19 
0 0.176603 19 
0 0.193831 19 
0 0.197775 19 
0 0.201613 19 
0 0.205437 19 
0 0.240496 19 
0 0.240496 19 
0 0.246838 19 
0 0.295253 19 
0 0.296069 19 
0 0.320214 19 
0 0.322017 19 
0 0.327223 19 
0 0.333368 19 
0 0.35017 19 
0 0.352916 19 
0 0.355642 19 
0 0.358337 19 
0 0.362755 19 
0 0.363835 19 
0 0.389346 19 
0 0.391801 19 
0 0.394154 19 
0 0.410591 19 
0 0.413622 19 
0 0.416662 19 
0 0.41805 19 
0 0.467254 19 
0 0.468904 19 
0 0.474635 19 
0 0.58365 19 
0 0.585632 19 
0 0.585632 19 
0 0.67786 19 
0 0.734729 19 
0 0.829768 19 
0 0.830698 19 
0 0.92651 19 
0 0.930099 19 
0 0.931965 19 
0 0.932432 19 
0 1.0815 19 
0 1.09721 19 
0 1.11629 19 
0 1.11681 19 
0 1.12628 19 
0 1.32334 19 
0 1.32451 19 
0 1.32698 19 
0 1.68205 19 
0 1.6825 19 
0 1.68408 19 
0 inf 19 
0 0.112037 20 
0 0.119947 20 
0 0.122732 20 
0 0.138965 20 
0 0.141374 20 
0 0.153489 20 
0 0.155983 20 
0 0.18145 20 
0 0.186437 20 
0 0.193554 20 
0 0.210984 20 
0 0.217295 20 
0 0.22897 20 
0 0.24266 20 
0 0.245036 20 
0 0.254347 20 
0 0.274099 20 
0 0.282582 20 
0 0.284471 20 
0 0.285826 20 
0 0.288165 20 
0 0.289333 20 
0 0.298689 20 
0 0.309779 20 
0 0.315969 20 
0 0.323368 20 
0 0.348235 20 
0 0.351134 20 
0 0.355904 20 
0 0.355904 20 
0 0.356988 20 
0 0.360632 20 
0 0.397444 20 
0 0.402155 20 
0 0.466943 20 
0 0.470241 20 
0 0.475956 20 
0 0.503049 20 
0 0.514059 20 
0 0.515185 20 
0 0.55123 20 
0 0.553066 20 
0 0.654966 20 
0 0.774117 20 
0 0.774179 20 
0 0.926041 20 
0 0.926666 20 
0 1.07474 20 
0 1.07618 20 
0 1.34259 20 
0 1.34312 20 
0 1.66202 20 
0 1.66225 20 
0 2.85151 20 
0 2.86635 20 
0 inf 20 
