0 0.0185158 1 
0 0.0185161 1 
0 0.0199953 1 
0 0.0204705 1 
0 0.0218218 1 
0 0.0222513 1 
0 0.0234931 1 
0 0.0234964 1 
0 0.0234994 1 
0 0.0235023 1 
0 0.023899 1 
0 0.024299 1 
0 0.0265462 1 
0 0.026547 1 
0 0.0265473 1 
0 0.026903 1 
0 0.0282829 1 
0 0.0299223 1 
0 0.0308553 1 
0 0.0320638 1 
0 0.0320666 1 
0 0.0320702 1 
0 0.032367 1 
0 0.033235 1 
0 0.0340855 1 
0 0.0387909 1 
0 0.040475 1 
0 0.0413998 1 
0 0.0414037 1 
0 0.0418603 1 
0 0.0423099 1 
0 0.0432073 1 
0 0.0436421 1 
0 0.0436427 1 
0 0.0438592 1 
0 0.0440804 1 
0 0.0445078 1 
0 0.04493 1 
0 0.0449317 1 
0 0.0459769 1 
0 0.0467987 1 
0 0.0468016 1 
0 0.0468041 1 
0 0.0470003 1 
0 0.0474114 1 
0 0.0478089 1 
0 0.0478107 1 
0 0.0478116 1 
0 0.0482039 1 
0 0.0482094 1 
0 0.0486008 1 
0 0.0491853 1 
0 0.0503271 1 
0 0.0505251 1 
0 0.0508927 1 
0 0.0514546 1 
0 0.0546798 1 
0 0.0548581 1 
0 0.0550351 1 
0 0.0558915 1 
0 0.0567377 1 
0 0.0585532 1 
0 0.0591965 1 
0 0.0612575 1 
0 0.061717 1 
0 0.062483 1 
0 0.0648812 1 
0 0.0678928 1 
0 0.0681735 1 
0 0.0707766 1 
0 0.0710438 1 
0 0.0711796 1 
0 0.071711 1 
0 0.0718466 1 
0 0.0726359 1 
0 0.0735444 1 
0 0.0810635 1 
0 0.0833835 1 
0 0.0834918 1 
0 0.0877216 1 
0 0.0904992 1 
0 0.0949109 1 
0 0.0969041 1 
0 0.103826 1 
0 0.10392 1 
0 0.107878 1 
0 0.108496 1 
0 0.11066 1 
0 0.11928 1 
0 0.121807 1 
0 0.121962 1 
0 0.1252 1 
0 0.129611 1 
0 0.135425 1 
0 0.139454 1 
0 0.15049 1 
0 0.1559 1 
0 0.177918 1 
0 0.223386 1 
0 0.236395 1 
0 0.263949 1 
0 0.265647 1 
0 0.341141 1 
0 0.363725 1 
0 0.379676 1 
0 0.400307 1 
0 0.430493 1 
0 0.470826 1 
0 0.500412 1 
0 0.532196 1 
0 0.540052 1 
0 0.541004 1 
0 0.548457 1 
0 0.54946 1 
0 0.566963 1 
0 0.595124 1 
0 0.681935 1 
0 0.730407 1 
0 0.785523 1 
0 0.840444 1 
0 1.43025 1 
0 1.50275 1 
0 1.55924 1 
0 2.18821 1 
0 2.97852 1 
0 3.0769 1 
0 3.12941 1 
0 4.64045 1 
0 5.11368 1 
0 5.12418 1 
0 5.31567 1 
0 inf 1 
0 0.015115 2 
0 0.0151185 2 
0 0.0199997 2 
0 0.0213804 2 
0 0.0226783 2 
0 0.0239026 2 
0 0.0242988 2 
0 0.0246883 2 
0 0.0246957 2 
0 0.0254482 2 
0 0.0265444 2 
0 0.0272602 2 
0 0.0279414 2 
0 0.0279473 2 
0 0.0282833 2 
0 0.0296078 2 
0 0.030236 2 
0 0.030551 2 
0 0.0317709 2 
0 0.0317718 2 
0 0.0323663 2 
0 0.0340811 2 
0 0.0365163 2 
0 0.0367791 2 
0 0.0380475 2 
0 0.0385404 2 
0 0.0395146 2 
0 0.0418639 2 
0 0.042309 2 
0 0.042533 2 
0 0.0442934 2 
0 0.0465994 2 
0 0.0468016 2 
0 0.0472069 2 
0 0.047809 2 
0 0.0489933 2 
0 0.0512689 2 
0 0.0516351 2 
0 0.0516386 2 
0 0.0521919 2 
0 0.0525518 2 
0 0.0555519 2 
0 0.0562282 2 
0 0.0577311 2 
0 0.0582311 2 
0 0.0618736 2 
0 0.0635442 2 
0 0.0660411 2 
0 0.0660457 2 
0 0.066184 2 
0 0.0666156 2 
0 0.0680317 2 
0 0.068033 2 
0 0.0681707 2 
0 0.0701079 2 
0 0.0703649 2 
0 0.0718391 2 
0 0.0727749 2 
0 0.0765892 2 
0 0.077459 2 
0 0.0797563 2 
0 0.0831514 2 
0 0.0836034 2 
0 0.0927831 2 
0 0.0947184 2 
0 0.0950141 2 
0 0.0950154 2 
0 0.0951153 2 
0 0.0955151 2 
0 0.104191 2 
0 0.105467 2 
0 0.106004 2 
0 0.10672 2 
0 0.124593 2 
0 0.126487 2 
0 0.129032 2 
0 0.13877 2 
0 0.14921 2 
0 0.153805 2 
0 0.160828 2 
0 0.161712 2 
0 0.166872 2 
0 0.174681 2 
0 0.215929 2 
0 0.219517 2 
0 0.219647 2 
0 0.23138 2 
0 0.243851 2 
0 0.247572 2 
0 0.250357 2 
0 0.282941 2 
0 0.309838 2 
0 0.321335 2 
0 0.380976 2 
0 0.429437 2 
0 0.433656 2 
0 0.435493 2 
0 0.458719 2 
0 0.462915 2 
0 0.466205 2 
0 0.467401 2 
0 0.470111 2 
0 0.553744 2 
0 0.579412 2 
0 0.599413 2 
0 0.605537 2 
0 0.619457 2 
0 0.625336 2 
0 0.626471 2 
0 0.627116 2 
0 0.627707 2 
0 0.651353 2 
0 0.652869 2 
0 1.24377 2 
0 1.3218 2 
0 1.74814 2 
0 1.85006 2 
0 2.5359 2 
0 2.79133 2 
0 3.61148 2 
0 3.67659 2 
0 3.68579 2 
0 3.97397 2 
0 4.0112 2 
0 4.27432 2 
0 4.29711 2 
0 4.41897 2 
0 inf 2 
0 0.0218214 3 
0 0.021823 3 
0 0.0239012 3 
0 0.0239041 3 
0 0.0254459 3 
0 0.0254468 3 
0 0.0265499 3 
0 0.0269021 3 
0 0.0282833 3 
0 0.0295978 3 
0 0.0332428 3 
0 0.0340809 3 
0 0.0365136 3 
0 0.036772 3 
0 0.0375404 3 
0 0.0375416 3 
0 0.0382912 3 
0 0.0382927 3 
0 0.03879 3 
0 0.0395225 3 
0 0.0434257 3 
0 0.043636 3 
0 0.0438543 3 
0 0.0440784 3 
0 0.0449375 3 
0 0.0457662 3 
0 0.0465895 3 
0 0.0466006 3 
0 0.0476042 3 
0 0.0487874 3 
0 0.0487973 3 
0 0.0489938 3 
0 0.0489943 3 
0 0.0489943 3 
0 0.0497653 3 
0 0.0507082 3 
0 0.0508922 3 
0 0.0514596 3 
0 0.0541568 3 
0 0.0550283 3 
0 0.0595197 3 
0 0.0621817 3 
0 0.063842 3 
0 0.0650223 3 
0 0.0673257 3 
0 0.0678925 3 
0 0.0745779 3 
0 0.0757168 3 
0 0.076469 3 
0 0.0808269 3 
0 0.082116 3 
0 0.0831463 3 
0 0.0872868 3 
0 0.0894385 3 
0 0.0920658 3 
0 0.0944086 3 
0 0.105283 3 
0 0.110147 3 
0 0.114889 3 
0 0.118555 3 
0 0.118962 3 
0 0.120788 3 
0 0.123587 3 
0 0.125811 3 
0 0.135717 3 
0 0.13746 3 
0 0.137945 3 
0 0.141217 3 
0 0.146375 3 
0 0.150292 3 
0 0.152494 3 
0 0.192569 3 
0 0.199946 3 
0 0.227855 3 
0 0.229852 3 
0 0.229852 3 
0 0.256828 3 
0 0.291204 3 
0 0.29257 3 
0 0.317608 3 
0 0.331405 3 
0 0.347893 3 
0 0.347894 3 
0 0.387046 3 
0 0.387492 3 
0 0.394065 3 
0 0.419214 3 
0 0.444293 3 
0 0.446676 3 
0 0.473362 3 
0 0.497796 3 
0 0.511517 3 
0 0.511792 3 
0 0.512311 3 
0 0.54473 3 
0 0.552505 3 
0 0.553385 3 
0 0.572259 3 
0 0.574153 3 
0 0.575252 3 
0 0.580759 3 
0 0.582598 3 
0 0.592455 3 
0 0.597702 3 
0 0.628045 3 
0 1.03586 3 
0 1.19976 3 
0 1.30685 3 
0 1.43908 3 
0 1.674 3 
0 1.76938 3 
0 1.77098 3 
0 1.77194 3 
0 1.91036 3 
0 2.2352 3 
0 3.31265 3 
0 3.74677 3 
0 3.82338 3 
0 3.88419 3 
0 3.94389 3 
0 3.94477 3 
0 4.11619 3 
0 4.11697 3 
0 inf 3 
0 0.0254459 4 
0 0.026903 4 
0 0.0269031 4 
0 0.0289505 4 
0 0.0296031 4 
0 0.0311733 4 
0 0.0326567 4 
0 0.0340852 4 
0 0.0343633 4 
0 0.0354529 4 
0 0.0354544 4 
0 0.0399983 4 
0 0.0409411 4 
0 0.0411773 4 
0 0.0423171 4 
0 0.0425378 4 
0 0.0445115 4 
0 0.04918 4 
0 0.0491843 4 
0 0.0503328 4 
0 0.0516357 4 
0 0.052184 4 
0 0.052184 4 
0 0.0523733 4 
0 0.0527293 4 
0 0.0527359 4 
0 0.053808 4 
0 0.0543397 4 
0 0.0560611 4 
0 0.0560613 4 
0 0.0560648 4 
0 0.0565685 4 
0 0.0569009 4 
0 0.0582167 4 
0 0.0583941 4 
0 0.0620281 4 
0 0.0621797 4 
0 0.0659014 4 
0 0.066186 4 
0 0.066903 4 
0 0.069006 4 
0 0.0696903 4 
0 0.0747044 4 
0 0.0889069 4 
0 0.0892278 4 
0 0.0903902 4 
0 0.0932961 4 
0 0.0977776 4 
0 0.0977817 4 
0 0.101974 4 
0 0.106369 4 
0 0.109193 4 
0 0.116698 4 
0 0.117998 4 
0 0.118877 4 
0 0.119516 4 
0 0.122038 4 
0 0.124901 4 
0 0.129322 4 
0 0.130787 4 
0 0.133168 4 
0 0.156929 4 
0 0.172652 4 
0 0.184437 4 
0 0.199803 4 
0 0.218864 4 
0 0.218864 4 
0 0.223896 4 
0 0.311765 4 
0 0.326506 4 
0 0.330312 4 
0 0.333001 4 
0 0.364698 4 
0 0.389589 4 
0 0.40055 4 
0 0.41554 4 
0 0.416912 4 
0 0.416966 4 
0 0.445103 4 
0 0.472048 4 
0 0.480624 4 
0 0.484257 4 
0 0.493604 4 
0 0.494891 4 
0 0.502056 4 
0 0.512815 4 
0 0.513145 4 
0 0.530957 4 
0 0.538979 4 
0 0.544831 4 
0 0.556116 4 
0 0.560162 4 
0 0.564074 4 
0 0.565085 4 
0 0.573118 4 
0 0.592374 4 
0 0.620954 4 
0 0.829001 4 
0 1.05714 4 
0 1.32579 4 
0 1.66067 4 
0 1.67796 4 
0 1.71842 4 
0 1.73613 4 
0 1.76364 4 
0 1.80153 4 
0 1.80158 4 
0 1.8016 4 
0 1.82219 4 
0 1.82319 4 
0 1.82487 4 
0 1.93928 4 
0 2.2556 4 
0 2.29275 4 
0 2.62889 4 
0 2.62988 4 
0 3.07444 4 
0 3.07802 4 
0 3.08116 4 
0 inf 4 
0 0.0185144 5 
0 0.0199992 5 
0 0.0199992 5 
0 0.0204647 5 
0 0.0218216 5 
0 0.0226768 5 
0 0.0279439 5 
0 0.0375408 5 
0 0.0375426 5 
0 0.0375472 5 
0 0.0380408 5 
0 0.0385433 5 
0 0.0414024 5 
0 0.0436478 5 
0 0.0447171 5 
0 0.0449331 5 
0 0.0449346 5 
0 0.0455598 5 
0 0.0455599 5 
0 0.0455665 5 
0 0.0466004 5 
0 0.0476128 5 
0 0.0518189 5 
0 0.0553748 5 
0 0.0555444 5 
0 0.0555451 5 
0 0.0562274 5 
0 0.0593568 5 
0 0.0606289 5 
0 0.0632458 5 
0 0.0695512 5 
0 0.0701003 5 
0 0.0711822 5 
0 0.072377 5 
0 0.0759693 5 
0 0.0763378 5 
0 0.0768422 5 
0 0.0778271 5 
0 0.0785602 5 
0 0.0815276 5 
0 0.0818853 5 
0 0.0830335 5 
0 0.0839453 5 
0 0.0854078 5 
0 0.0866281 5 
0 0.0871757 5 
0 0.0897589 5 
0 0.0920636 5 
0 0.0972902 5 
0 0.103187 5 
0 0.123138 5 
0 0.12336 5 
0 0.127839 5 
0 0.149217 5 
0 0.149217 5 
0 0.151434 5 
0 0.17647 5 
0 0.176846 5 
0 0.207061 5 
0 0.301466 5 
0 0.312101 5 
0 0.320794 5 
0 0.322422 5 
0 0.340136 5 
0 0.403659 5 
0 0.412536 5 
0 0.412548 5 
0 0.414343 5 
0 0.417582 5 
0 0.418471 5 
0 0.426149 5 
0 0.438818 5 
0 0.446397 5 
0 0.448471 5 
0 0.449319 5 
0 0.472327 5 
0 0.479611 5 
0 0.482994 5 
0 0.486473 5 
0 0.493051 5 
0 0.51858 5 
0 0.520122 5 
0 0.520945 5 
0 0.524818 5 
0 0.561889 5 
0 0.569916 5 
0 0.570785 5 
0 0.607997 5 
0 0.67947 5 
0 0.694578 5 
0 0.922045 5 
0 0.941829 5 
0 0.942001 5 
0 0.944252 5 
0 1.04529 5 
0 1.32978 5 
0 1.33605 5 
0 1.47215 5 
0 1.59757 5 
0 1.60556 5 
0 1.677 5 
0 1.68413 5 
0 1.6957 5 
0 1.76711 5 
0 1.86488 5 
0 1.86672 5 
0 1.90257 5 
0 1.95664 5 
0 1.95686 5 
0 1.95799 5 
0 1.96525 5 
0 2.69733 5 
0 2.69733 5 
0 2.70095 5 
0 2.70452 5 
0 inf 5 
0 0.0226735 6 
0 0.0243056 6 
0 0.0258222 6 
0 0.0269054 6 
0 0.0292701 6 
0 0.0370283 6 
0 0.03855 6 
0 0.0395187 6 
0 0.0395216 6 
0 0.0425396 6 
0 0.0429802 6 
0 0.0434205 6 
0 0.0436437 6 
0 0.0440714 6 
0 0.0440781 6 
0 0.0445044 6 
0 0.0455662 6 
0 0.0476117 6 
0 0.0520104 6 
0 0.0532743 6 
0 0.0536244 6 
0 0.0538064 6 
0 0.0546848 6 
0 0.0546876 6 
0 0.0557175 6 
0 0.0562262 6 
0 0.058393 6 
0 0.0624807 6 
0 0.0688688 6 
0 0.0710438 6 
0 0.0715844 6 
0 0.0718512 6 
0 0.0752134 6 
0 0.0759678 6 
0 0.0762165 6 
0 0.0768386 6 
0 0.0783122 6 
0 0.0849592 6 
0 0.102437 6 
0 0.104829 6 
0 0.105918 6 
0 0.114309 6 
0 0.118318 6 
0 0.128724 6 
0 0.129829 6 
0 0.134511 6 
0 0.134511 6 
0 0.135927 6 
0 0.136277 6 
0 0.136277 6 
0 0.198224 6 
0 0.201272 6 
0 0.250233 6 
0 0.262038 6 
0 0.302527 6 
0 0.308358 6 
0 0.320353 6 
0 0.33283 6 
0 0.346371 6 
0 0.35882 6 
0 0.365449 6 
0 0.369181 6 
0 0.375302 6 
0 0.403403 6 
0 0.404508 6 
0 0.409844 6 
0 0.409961 6 
0 0.441936 6 
0 0.450845 6 
0 0.472531 6 
0 0.486663 6 
0 0.487777 6 
0 0.51685 6 
0 0.528701 6 
0 0.533373 6 
0 0.536541 6 
0 0.537037 6 
0 0.537852 6 
0 0.540678 6 
0 0.573921 6 
0 0.613393 6 
0 0.620969 6 
0 0.623052 6 
0 0.652397 6 
0 0.659191 6 
0 0.765203 6 
0 1.02499 6 
0 1.03579 6 
0 1.19967 6 
0 1.206 6 
0 1.34381 6 
0 1.40488 6 
0 1.63426 6 
0 1.66252 6 
0 1.66364 6 
0 1.66464 6 
0 1.69131 6 
0 1.69522 6 
0 1.72191 6 
0 1.72932 6 
0 1.73016 6 
0 1.7415 6 
0 1.74814 6 
0 1.77959 6 
0 1.78039 6 
0 1.81043 6 
0 1.84851 6 
0 2.08456 6 
0 2.09483 6 
0 2.11911 6 
0 2.17849 6 
0 inf 6 
0 0.0265504 7 
0 0.0295984 7 
0 0.0332401 7 
0 0.0335183 7 
0 0.03879 7 
0 0.0392839 7 
0 0.0395228 7 
0 0.0414041 7 
0 0.0459763 7 
0 0.0463996 7 
0 0.0495655 7 
0 0.0507126 7 
0 0.0512634 7 
0 0.0514528 7 
0 0.0562302 7 
0 0.059362 7 
0 0.0596817 7 
0 0.062026 7 
0 0.0638398 7 
0 0.0645828 7 
0 0.0691431 7 
0 0.0757088 7 
0 0.0757102 7 
0 0.0763345 7 
0 0.0763376 7 
0 0.0779454 7 
0 0.0794032 7 
0 0.0798815 7 
0 0.0803492 7 
0 0.0900775 7 
0 0.0958205 7 
0 0.103829 7 
0 0.104925 7 
0 0.104925 7 
0 0.107345 7 
0 0.108493 7 
0 0.109628 7 
0 0.112542 7 
0 0.113379 7 
0 0.118964 7 
0 0.119123 7 
0 0.123904 7 
0 0.127758 7 
0 0.210072 7 
0 0.224952 7 
0 0.245663 7 
0 0.248036 7 
0 0.252639 7 
0 0.268959 7 
0 0.290176 7 
0 0.292139 7 
0 0.322304 7 
0 0.334394 7 
0 0.335758 7 
0 0.365142 7 
0 0.378834 7 
0 0.392584 7 
0 0.403378 7 
0 0.40472 7 
0 0.407886 7 
0 0.431468 7 
0 0.454929 7 
0 0.459883 7 
0 0.46007 7 
0 0.479772 7 
0 0.502465 7 
0 0.504641 7 
0 0.510216 7 
0 0.565658 7 
0 0.571937 7 
0 0.5732 7 
0 0.600619 7 
0 0.608966 7 
0 0.611847 7 
0 0.615127 7 
0 0.621275 7 
0 0.688766 7 
0 0.803861 7 
0 0.834294 7 
0 0.836468 7 
0 0.903124 7 
0 0.904979 7 
0 0.9232 7 
0 1.03957 7 
0 1.15588 7 
0 1.1731 7 
0 1.17394 7 
0 1.19144 7 
0 1.19182 7 
0 1.32574 7 
0 1.33193 7 
0 1.56088 7 
0 1.56329 7 
0 1.56941 7 
0 1.60599 7 
0 1.64992 7 
0 1.7078 7 
0 1.74373 7 
0 1.74395 7 
0 1.74773 7 
0 1.80289 7 
0 1.80897 7 
0 1.80981 7 
0 1.81399 7 
0 1.86615 7 
0 1.95169 7 
0 1.97743 7 
0 inf 7 
0 0.0279457 8 
0 0.0308625 8 
0 0.0323712 8 
0 0.0416335 8 
0 0.0512716 8 
0 0.0523665 8 
0 0.0557218 8 
0 0.058717 8 
0 0.0614089 8 
0 0.0674721 8 
0 0.0681724 8 
0 0.070911 8 
0 0.0727653 8 
0 0.0753463 8 
0 0.0783182 8 
0 0.0815261 8 
0 0.0822224 8 
0 0.0822224 8 
0 0.084964 8 
0 0.0857408 8 
0 0.0860754 8 
0 0.0879369 8 
0 0.0892274 8 
0 0.0945119 8 
0 0.0970997 8 
0 0.0994213 8 
0 0.0997115 8 
0 0.106095 8 
0 0.106899 8 
0 0.107438 8 
0 0.107523 8 
0 0.111951 8 
0 0.115055 8 
0 0.11694 8 
0 0.118804 8 
0 0.149845 8 
0 0.198176 8 
0 0.201791 8 
0 0.205578 8 
0 0.215842 8 
0 0.22326 8 
0 0.238862 8 
0 0.246845 8 
0 0.282125 8 
0 0.290636 8 
0 0.303427 8 
0 0.325275 8 
0 0.325441 8 
0 0.327046 8 
0 0.37665 8 
0 0.38485 8 
0 0.394601 8 
0 0.403221 8 
0 0.404083 8 
0 0.418063 8 
0 0.421827 8 
0 0.433429 8 
0 0.475905 8 
0 0.486422 8 
0 0.487204 8 
0 0.502778 8 
0 0.5058 8 
0 0.538562 8 
0 0.539428 8 
0 0.545739 8 
0 0.589765 8 
0 0.614663 8 
0 0.614679 8 
0 0.627907 8 
0 0.631353 8 
0 0.638747 8 
0 0.695835 8 
0 0.712269 8 
0 0.767144 8 
0 0.811659 8 
0 0.85308 8 
0 0.8544 8 
0 0.903596 8 
0 0.941508 8 
0 0.958929 8 
0 1.05665 8 
0 1.07606 8 
0 1.09833 8 
0 1.10043 8 
0 1.16942 8 
0 1.25477 8 
0 1.30048 8 
0 1.32088 8 
0 1.38875 8 
0 1.40453 8 
0 1.49023 8 
0 1.55036 8 
0 1.55723 8 
0 1.5675 8 
0 1.56867 8 
0 1.5943 8 
0 1.59518 8 
0 1.60704 8 
0 1.65975 8 
0 1.65984 8 
0 1.67441 8 
0 1.68846 8 
0 1.68851 8 
0 inf 8 
0 0.0346436 9 
0 0.0357244 9 
0 0.0362511 9 
0 0.0362547 9 
0 0.0451407 9 
0 0.0555368 9 
0 0.0620239 9 
0 0.0645829 9 
0 0.0717065 9 
0 0.0747007 9 
0 0.0758356 9 
0 0.0772106 9 
0 0.0774584 9 
0 0.0787918 9 
0 0.0789203 9 
0 0.0825751 9 
0 0.0888001 9 
0 0.0945174 9 
0 0.0971973 9 
0 0.10019 9 
0 0.109017 9 
0 0.111007 9 
0 0.119919 9 
0 0.120552 9 
0 0.123826 9 
0 0.145665 9 
0 0.150358 9 
0 0.155038 9 
0 0.157479 9 
0 0.173854 9 
0 0.178553 9 
0 0.192913 9 
0 0.201085 9 
0 0.212338 9 
0 0.216525 9 
0 0.243735 9 
0 0.289313 9 
0 0.290284 9 
0 0.290496 9 
0 0.295487 9 
0 0.318292 9 
0 0.323602 9 
0 0.332454 9 
0 0.402034 9 
0 0.406198 9 
0 0.429611 9 
0 0.441741 9 
0 0.442021 9 
0 0.467894 9 
0 0.471381 9 
0 0.480861 9 
0 0.482285 9 
0 0.483846 9 
0 0.487669 9 
0 0.523152 9 
0 0.524316 9 
0 0.540148 9 
0 0.558865 9 
0 0.573207 9 
0 0.618602 9 
0 0.620032 9 
0 0.621367 9 
0 0.64138 9 
0 0.650348 9 
0 0.659799 9 
0 0.660111 9 
0 0.712988 9 
0 0.721863 9 
0 0.722923 9 
0 0.745126 9 
0 0.750268 9 
0 0.778065 9 
0 0.778273 9 
0 0.907177 9 
0 0.926949 9 
0 1.00116 9 
0 1.029 9 
0 1.03485 9 
0 1.03816 9 
0 1.04447 9 
0 1.0492 9 
0 1.05102 9 
0 1.1389 9 
0 1.15207 9 
0 1.33601 9 
0 1.37291 9 
0 1.37305 9 
0 1.56996 9 
0 1.57287 9 
0 1.63581 9 
0 1.66043 9 
0 1.66107 9 
0 1.68055 9 
0 1.72644 9 
0 1.7271 9 
0 1.7883 9 
0 1.78837 9 
0 1.85667 9 
0 1.85727 9 
0 inf 9 
0 0.0242972 10 
0 0.025448 10 
0 0.0382933 10 
0 0.0429723 10 
0 0.0523703 10 
0 0.0580641 10 
0 0.0626393 10 
0 0.0642898 10 
0 0.0713129 10 
0 0.0718412 10 
0 0.0719784 10 
0 0.0788003 10 
0 0.0815183 10 
0 0.0816412 10 
0 0.0838364 10 
0 0.0856332 10 
0 0.0859655 10 
0 0.0975884 10 
0 0.0977795 10 
0 0.128208 10 
0 0.131935 10 
0 0.160599 10 
0 0.161834 10 
0 0.170953 10 
0 0.206461 10 
0 0.220725 10 
0 0.234493 10 
0 0.247041 10 
0 0.248272 10 
0 0.260182 10 
0 0.269757 10 
0 0.280558 10 
0 0.293641 10 
0 0.324078 10 
0 0.324454 10 
0 0.325867 10 
0 0.360367 10 
0 0.365063 10 
0 0.366548 10 
0 0.38035 10 
0 0.398493 10 
0 0.407205 10 
0 0.412167 10 
0 0.414012 10 
0 0.465423 10 
0 0.466162 10 
0 0.466486 10 
0 0.473539 10 
0 0.476723 10 
0 0.52531 10 
0 0.525962 10 
0 0.536466 10 
0 0.551157 10 
0 0.557754 10 
0 0.561241 10 
0 0.561444 10 
0 0.565349 10 
0 0.597226 10 
0 0.611681 10 
0 0.612614 10 
0 0.614664 10 
0 0.619472 10 
0 0.663829 10 
0 0.700414 10 
0 0.718839 10 
0 0.723964 10 
0 0.7247 10 
0 0.733003 10 
0 0.733263 10 
0 0.760214 10 
0 0.827308 10 
0 0.942016 10 
0 0.94242 10 
0 1.03883 10 
0 1.04245 10 
0 1.07183 10 
0 1.10039 10 
0 1.12432 10 
0 1.13754 10 
0 1.13754 10 
0 1.3199 10 
0 1.32126 10 
0 1.32138 10 
0 1.45562 10 
0 1.45621 10 
0 1.56492 10 
0 1.56706 10 
0 1.66253 10 
0 1.66279 10 
0 1.66365 10 
0 1.67506 10 
0 1.6759 10 
0 1.6767 10 
0 1.73557 10 
0 1.73656 10 
0 inf 10 
0 0.044285 11 
0 0.0486015 11 
0 0.0583878 11 
0 0.0644276 11 
0 0.0802362 11 
0 0.0807008 11 
0 0.0834929 11 
0 0.0839482 11 
0 0.0868532 11 
0 0.101694 11 
0 0.105286 11 
0 0.107698 11 
0 0.112461 11 
0 0.118791 11 
0 0.166129 11 
0 0.169328 11 
0 0.206735 11 
0 0.20688 11 
0 0.219475 11 
0 0.220557 11 
0 0.233034 11 
0 0.234908 11 
0 0.237287 11 
0 0.24246 11 
0 0.263378 11 
0 0.265251 11 
0 0.282978 11 
0 0.289557 11 
0 0.319698 11 
0 0.320616 11 
0 0.324695 11 
0 0.334264 11 
0 0.339803 11 
0 0.368234 11 
0 0.382344 11 
0 0.392692 11 
0 0.392692 11 
0 0.395721 11 
0 0.398843 11 
0 0.412919 11 
0 0.457854 11 
0 0.463184 11 
0 0.469696 11 
0 0.498789 11 
0 0.49896 11 
0 0.502214 11 
0 0.507738 11 
0 0.513281 11 
0 0.558129 11 
0 0.562411 11 
0 0.573257 11 
0 0.579058 11 
0 0.588881 11 
0 0.593785 11 
0 0.594682 11 
0 0.604468 11 
0 0.608403 11 
0 0.609295 11 
0 0.644259 11 
0 0.651315 11 
0 0.651359 11 
0 0.720175 11 
0 0.732573 11 
0 0.73485 11 
0 0.791708 11 
0 0.824065 11 
0 0.859515 11 
0 0.861949 11 
0 0.887364 11 
0 0.887366 11 
0 0.887506 11 
0 1.02721 11 
0 1.02899 11 
0 1.04885 11 
0 1.06056 11 
0 1.08048 11 
0 1.10634 11 
0 1.10683 11 
0 1.30454 11 
0 1.3048 11 
0 1.32162 11 
0 1.55928 11 
0 1.56065 11 
0 1.61363 11 
0 1.61782 11 
0 1.61787 11 
0 1.66031 11 
0 1.66141 11 
0 1.66244 11 
0 1.66281 11 
0 1.66413 11 
0 inf 11 
0 0.041633 12 
0 0.0819883 12 
0 0.0847396 12 
0 0.0921576 12 
0 0.12543 12 
0 0.126402 12 
0 0.144411 12 
0 0.145148 12 
0 0.153114 12 
0 0.196445 12 
0 0.201274 12 
0 0.208889 12 
0 0.212559 12 
0 0.214157 12 
0 0.215009 12 
0 0.237689 12 
0 0.265582 12 
0 0.278194 12 
0 0.278502 12 
0 0.297532 12 
0 0.300413 12 
0 0.303067 12 
0 0.308199 12 
0 0.312804 12 
0 0.317608 12 
0 0.324488 12 
0 0.328454 12 
0 0.343656 12 
0 0.347184 12 
0 0.347726 12 
0 0.349354 12 
0 0.371826 12 
0 0.383352 12 
0 0.39028 12 
0 0.396909 12 
0 0.405104 12 
0 0.405457 12 
0 0.409319 12 
0 0.410993 12 
0 0.413642 12 
0 0.424676 12 
0 0.437161 12 
0 0.443629 12 
0 0.488462 12 
0 0.488676 12 
0 0.493509 12 
0 0.50586 12 
0 0.532074 12 
0 0.551726 12 
0 0.561465 12 
0 0.56529 12 
0 0.569143 12 
0 0.576775 12 
0 0.610653 12 
0 0.611276 12 
0 0.616301 12 
0 0.617413 12 
0 0.618523 12 
0 0.694697 12 
0 0.735632 12 
0 0.736098 12 
0 0.738938 12 
0 0.757184 12 
0 0.802334 12 
0 0.809798 12 
0 0.826644 12 
0 0.827024 12 
0 1.03524 12 
0 1.037 12 
0 1.07425 12 
0 1.07985 12 
0 1.08369 12 
0 1.08437 12 
0 1.11325 12 
0 1.1572 12 
0 1.1607 12 
0 1.17893 12 
0 1.56275 12 
0 1.56392 12 
0 1.56679 12 
0 1.56917 12 
0 1.57034 12 
0 1.65919 12 
0 1.66112 12 
0 1.67592 12 
0 1.67642 12 
0 1.67646 12 
0 inf 12 
0 0.080227 13 
0 0.108481 13 
0 0.108481 13 
0 0.114892 13 
0 0.116043 13 
0 0.190239 13 
0 0.207978 13 
0 0.212372 13 
0 0.215929 13 
0 0.217168 13 
0 0.225431 13 
0 0.227237 13 
0 0.249804 13 
0 0.252459 13 
0 0.262667 13 
0 0.263065 13 
0 0.263274 13 
0 0.271648 13 
0 0.28092 13 
0 0.28854 13 
0 0.290353 13 
0 0.294521 13 
0 0.295845 13 
0 0.298403 13 
0 0.304125 13 
0 0.306528 13 
0 0.31276 13 
0 0.315378 13 
0 0.327139 13 
0 0.328805 13 
0 0.361787 13 
0 0.361866 13 
0 0.361866 13 
0 0.369985 13 
0 0.37071 13 
0 0.370916 13 
0 0.433948 13 
0 0.477761 13 
0 0.481501 13 
0 0.485696 13 
0 0.4859 13 
0 0.548281 13 
0 0.577962 13 
0 0.608513 13 
0 0.61031 13 
0 0.647254 13 
0 0.649564 13 
0 0.649623 13 
0 0.649623 13 
0 0.655059 13 
0 0.65864 13 
0 0.658856 13 
0 0.659434 13 
0 0.713002 13 
0 0.717751 13 
0 0.725555 13 
0 0.725712 13 
0 0.752793 13 
0 0.761085 13 
0 0.761285 13 
0 0.775236 13 
0 0.783302 13 
0 1.05515 13 
0 1.05673 13 
0 1.05723 13 
0 1.0674 13 
0 1.13573 13 
0 1.2108 13 
0 1.21186 13 
0 1.21414 13 
0 1.37097 13 
0 1.37109 13 
0 1.3722 13 
0 1.55892 13 
0 1.56524 13 
0 1.65986 13 
0 1.66119 13 
0 1.69488 13 
0 1.6949 13 
0 1.69507 13 
0 1.72584 13 
0 1.72584 13 
0 1.72673 13 
0 inf 13 
0 0.0700956 14 
0 0.074313 14 
0 0.0939029 14 
0 0.0963169 14 
0 0.116111 14 
0 0.19871 14 
0 0.209408 14 
0 0.213454 14 
0 0.214167 14 
0 0.22181 14 
0 0.22488 14 
0 0.229485 14 
0 0.249874 14 
0 0.256017 14 
0 0.262047 14 
0 0.26865 14 
0 0.274057 14 
0 0.274369 14 
0 0.275477 14 
0 0.277029 14 
0 0.283709 14 
0 0.302876 14 
0 0.315106 14 
0 0.315136 14 
0 0.315468 14 
0 0.31586 14 
0 0.322607 14 
0 0.323845 14 
0 0.323845 14 
0 0.329873 14 
0 0.337749 14 
0 0.340999 14 
0 0.362495 14 
0 0.408699 14 
0 0.439233 14 
0 0.442884 14 
0 0.482894 14 
0 0.486846 14 
0 0.551192 14 
0 0.580911 14 
0 0.586786 14 
0 0.593137 14 
0 0.597935 14 
0 0.59997 14 
0 0.601508 14 
0 0.609013 14 
0 0.609085 14 
0 0.611893 14 
0 0.61485 14 
0 0.616853 14 
0 0.72191 14 
0 0.724752 14 
0 0.751852 14 
0 0.774654 14 
0 0.777697 14 
0 0.778578 14 
0 0.807404 14 
0 1.03666 14 
0 1.03906 14 
0 1.03931 14 
0 1.05129 14 
0 1.07653 14 
0 1.18208 14 
0 1.32804 14 
0 1.32847 14 
0 1.32907 14 
0 1.55867 14 
0 1.56654 14 
0 1.65915 14 
0 1.66492 14 
0 1.6784 14 
0 1.67853 14 
0 1.68053 14 
0 1.69493 14 
0 1.69508 14 
0 1.69511 14 
0 1.79327 14 
0 1.79444 14 
0 1.79491 14 
0 inf 14 
0 0.0550319 15 
0 0.0573938 15 
0 0.0666189 15 
0 0.11464 15 
0 0.116524 15 
0 0.11808 15 
0 0.118147 15 
0 0.118147 15 
0 0.1333 15 
0 0.162482 15 
0 0.204466 15 
0 0.209393 15 
0 0.209571 15 
0 0.210297 15 
0 0.210884 15 
0 0.227071 15 
0 0.228534 15 
0 0.247882 15 
0 0.247882 15 
0 0.249759 15 
0 0.250667 15 
0 0.255936 15 
0 0.317788 15 
0 0.319223 15 
0 0.321126 15 
0 0.323491 15 
0 0.330309 15 
0 0.330655 15 
0 0.331633 15 
0 0.332236 15 
0 0.334568 15 
0 0.346925 15 
0 0.353643 15 
0 0.414416 15 
0 0.43629 15 
0 0.48189 15 
0 0.54689 15 
0 0.5544 15 
0 0.586222 15 
0 0.591645 15 
0 0.591661 15 
0 0.591693 15 
0 0.591838 15 
0 0.612878 15 
0 0.663903 15 
0 0.689897 15 
0 0.690518 15 
0 0.690766 15 
0 0.691812 15 
0 0.694792 15 
0 0.695326 15 
0 0.872375 15 
0 0.929168 15 
0 0.930028 15 
0 1.05176 15 
0 1.12272 15 
0 1.1254 15 
0 1.12813 15 
0 1.15468 15 
0 1.15659 15 
0 1.15678 15 
0 1.21707 15 
0 1.2676 15 
0 1.30083 15 
0 1.32345 15 
0 1.32385 15 
0 1.32392 15 
0 1.57285 15 
0 1.65492 15 
0 1.65492 15 
0 1.65499 15 
0 1.66857 15 
0 1.67154 15 
0 1.67156 15 
0 1.67198 15 
0 inf 15 
0 0.0638391 16 
0 0.0743194 16 
0 0.0856293 16 
0 0.102624 16 
0 0.107333 16 
0 0.111177 16 
0 0.116695 16 
0 0.119429 16 
0 0.121096 16 
0 0.121954 16 
0 0.125954 16 
0 0.138689 16 
0 0.21179 16 
0 0.216255 16 
0 0.220682 16 
0 0.225124 16 
0 0.225969 16 
0 0.227579 16 
0 0.228219 16 
0 0.231643 16 
0 0.231931 16 
0 0.233364 16 
0 0.240214 16 
0 0.241204 16 
0 0.364959 16 
0 0.364959 16 
0 0.365481 16 
0 0.366392 16 
0 0.428249 16 
0 0.434072 16 
0 0.438205 16 
0 0.477682 16 
0 0.540961 16 
0 0.598644 16 
0 0.604464 16 
0 0.604668 16 
0 0.604668 16 
0 0.604731 16 
0 0.627513 16 
0 0.632712 16 
0 0.635356 16 
0 0.636554 16 
0 0.667981 16 
0 0.691413 16 
0 0.691636 16 
0 0.723865 16 
0 0.791497 16 
0 0.805617 16 
0 0.806893 16 
0 0.812901 16 
0 0.814633 16 
0 0.947944 16 
0 1.02772 16 
0 1.04771 16 
0 1.05712 16 
0 1.05731 16 
0 1.11177 16 
0 1.13161 16 
0 1.13188 16 
0 1.32052 16 
0 1.32059 16 
0 1.32097 16 
0 1.32099 16 
0 1.59272 16 
0 1.60503 16 
0 1.6059 16 
0 1.60617 16 
0 1.67355 16 
0 1.67415 16 
0 1.67438 16 
0 1.6746 16 
0 inf 16 
0 0.0565549 17 
0 0.0964051 17 
0 0.10654 17 
0 0.109887 17 
0 0.11152 17 
0 0.116774 17 
0 0.116775 17 
0 0.119357 17 
0 0.146564 17 
0 0.21817 17 
0 0.219041 17 
0 0.220428 17 
0 0.220558 17 
0 0.223145 17 
0 0.223146 17 
0 0.223786 17 
0 0.225057 17 
0 0.295391 17 
0 0.296164 17 
0 0.296292 17 
0 0.305034 17 
0 0.431181 17 
0 0.434723 17 
0 0.434986 17 
0 0.469227 17 
0 0.475765 17 
0 0.483764 17 
0 0.483764 17 
0 0.489593 17 
0 0.540761 17 
0 0.566006 17 
0 0.61154 17 
0 0.624211 17 
0 0.625414 17 
0 0.62616 17 
0 0.632033 17 
0 0.635416 17 
0 0.638734 17 
0 0.639047 17 
0 0.64012 17 
0 0.663266 17 
0 0.670025 17 
0 0.691261 17 
0 0.700838 17 
0 0.714913 17 
0 0.784893 17 
0 0.787328 17 
0 0.788343 17 
0 0.79912 17 
0 0.830519 17 
0 0.850036 17 
0 0.858231 17 
0 0.859816 17 
0 0.976202 17 
0 1.05716 17 
0 1.32586 17 
0 1.3267 17 
0 1.32676 17 
0 1.32679 17 
0 1.61063 17 
0 1.61701 17 
0 1.6173 17 
0 1.6174 17 
0 1.67432 17 
0 1.67457 17 
0 1.67478 17 
0 1.67498 17 
0 inf 17 
0 0.0974802 18 
0 0.0981622 18 
0 0.101217 18 
0 0.131793 18 
0 0.152871 18 
0 0.158678 18 
0 0.223625 18 
0 0.226165 18 
0 0.22688 18 
0 0.287509 18 
0 0.289589 18 
0 0.293995 18 
0 0.321712 18 
0 0.323396 18 
0 0.32726 18 
0 0.329493 18 
0 0.405096 18 
0 0.406504 18 
0 0.406574 18 
0 0.433538 18 
0 0.433889 18 
0 0.434153 18 
0 0.473316 18 
0 0.47404 18 
0 0.475324 18 
0 0.527315 18 
0 0.528962 18 
0 0.559674 18 
0 0.566159 18 
0 0.566693 18 
0 0.568008 18 
0 0.586729 18 
0 0.586908 18 
0 0.587475 18 
0 0.587475 18 
0 0.591883 18 
0 0.613327 18 
0 0.617538 18 
0 0.626655 18 
0 0.627491 18 
0 0.65381 18 
0 0.657225 18 
0 0.657441 18 
0 0.657442 18 
0 0.671981 18 
0 0.945883 18 
0 1.04074 18 
0 1.04107 18 
0 1.04225 18 
0 1.04257 18 
0 1.04278 18 
0 1.33559 18 
0 1.33581 18 
0 1.33606 18 
0 1.33651 18 
0 1.63081 18 
0 1.63368 18 
0 1.6337 18 
0 1.63383 18 
0 1.67939 18 
0 1.68023 18 
0 1.68059 18 
0 1.68082 18 
0 inf 18 
0 0.0908173 19 
0 0.0909221 19 
0 0.0909223 19 
0 0.125811 19 
0 0.128657 19 
0 0.129908 19 
0 0.202077 19 
0 0.202078 19 
0 0.202408 19 
0 0.231917 19 
0 0.234855 19 
0 0.23518 19 
0 0.239617 19 
0 0.239974 19 
0 0.240806 19 
0 0.324249 19 
0 0.324454 19 
0 0.325597 19 
0 0.340635 19 
0 0.352724 19 
0 0.405025 19 
0 0.40648 19 
0 0.40655 19 
0 0.427811 19 
0 0.428812 19 
0 0.428834 19 
0 0.475905 19 
0 0.476085 19 
0 0.476245 19 
0 0.522475 19 
0 0.554949 19 
0 0.582932 19 
0 0.588056 19 
0 0.588945 19 
0 0.623437 19 
0 0.624124 19 
0 0.625999 19 
0 0.633258 19 
0 0.652062 19 
0 0.67557 19 
0 0.682222 19 
0 0.684104 19 
0 0.684549 19 
0 1.04496 19 
0 1.04715 19 
0 1.09374 19 
0 1.09402 19 
0 1.31987 19 
0 1.31999 19 
0 1.32065 19 
0 1.6365 19 
0 1.66463 19 
0 1.66611 19 
0 1.66685 19 
0 1.6875 19 
0 1.68765 19 
0 1.68838 19 
0 1.98986 19 
0 2.04116 19 
0 inf 19 
0 0.0921726 20 
0 0.0954216 20 
0 0.101513 20 
0 0.108494 20 
0 0.109281 20 
0 0.122044 20 
0 0.123595 20 
0 0.141755 20 
0 0.143091 20 
0 0.206368 20 
0 0.209073 20 
0 0.210027 20 
0 0.212102 20 
0 0.213534 20 
0 0.213757 20 
0 0.242702 20 
0 0.242976 20 
0 0.245214 20 
0 0.245859 20 
0 0.246957 20 
0 0.321506 20 
0 0.322689 20 
0 0.323161 20 
0 0.40648 20 
0 0.406972 20 
0 0.407603 20 
0 0.436646 20 
0 0.436646 20 
0 0.43682 20 
0 0.473135 20 
0 0.473135 20 
0 0.473296 20 
0 0.558365 20 
0 0.558638 20 
0 0.558995 20 
0 0.587943 20 
0 0.590319 20 
0 0.601112 20 
0 0.663255 20 
0 0.665262 20 
0 0.668124 20 
0 0.681376 20 
0 0.68234 20 
0 0.709614 20 
0 1.05516 20 
0 1.05835 20 
0 1.05891 20 
0 1.05907 20 
0 1.31837 20 
0 1.3184 20 
0 1.3184 20 
0 1.66267 20 
0 1.66271 20 
0 1.67728 20 
0 1.67772 20 
0 inf 20 
