0 0.0215725 1 
0 0.0215725 1 
0 0.0255249 1 
0 0.0261341 1 
0 0.0267128 1 
0 0.0272873 1 
0 0.027858 1 
0 0.030001 1 
0 0.0329526 1 
0 0.033425 1 
0 0.0347846 1 
0 0.0347846 1 
0 0.0352357 1 
0 0.0356717 1 
0 0.0369562 1 
0 0.0373707 1 
0 0.0377826 1 
0 0.0377835 1 
0 0.0409446 1 
0 0.0413123 1 
0 0.0416887 1 
0 0.0416954 1 
0 0.0427866 1 
0 0.0435031 1 
0 0.0445663 1 
0 0.0472725 1 
0 0.0479208 1 
0 0.0482468 1 
0 0.0482549 1 
0 0.0488765 1 
0 0.04888 1 
0 0.0491986 1 
0 0.0495129 1 
0 0.0495129 1 
0 0.0519574 1 
0 0.0519674 1 
0 0.052262 1 
0 0.0528462 1 
0 0.053436 1 
0 0.0559888 1 
0 0.0562651 1 
0 0.0565392 1 
0 0.0573525 1 
0 0.0581611 1 
0 0.0586959 1 
0 0.0594769 1 
0 0.0594769 1 
0 0.0594769 1 
0 0.0597356 1 
0 0.0617817 1 
0 0.0620278 1 
0 0.0656804 1 
0 0.0673026 1 
0 0.068454 1 
0 0.0702435 1 
0 0.0711138 1 
0 0.0711211 1 
0 0.0743161 1 
0 0.0743228 1 
0 0.0747335 1 
0 0.0749516 1 
0 0.075359 1 
0 0.0759771 1 
0 0.0761723 1 
0 0.0761723 1 
0 0.0771898 1 
0 0.0773908 1 
0 0.0805385 1 
0 0.082058 1 
0 0.0820628 1 
0 0.0820628 1 
0 0.0852175 1 
0 0.0859393 1 
0 0.086481 1 
0 0.0880807 1 
0 0.0932189 1 
0 0.0937123 1 
0 0.0940472 1 
0 0.0945391 1 
0 0.0950311 1 
0 0.09536 1 
0 0.0968154 1 
0 0.0996519 1 
0 0.103172 1 
0 0.103173 1 
0 0.104812 1 
0 0.105695 1 
0 0.112523 1 
0 0.115111 1 
0 0.121287 1 
0 0.136794 1 
0 0.137021 1 
0 0.160585 1 
0 0.182732 1 
0 0.189815 1 
0 0.19249 1 
0 0.193778 1 
0 0.199691 1 
0 0.205434 1 
0 0.2288 1 
0 0.24473 1 
0 0.259263 1 
0 0.306992 1 
0 0.38245 1 
0 0.39336 1 
0 0.393411 1 
0 0.410681 1 
0 0.469359 1 
0 0.51132 1 
0 0.525284 1 
0 0.542135 1 
0 0.557591 1 
0 0.582023 1 
0 0.585804 1 
0 0.624824 1 
0 0.705723 1 
0 0.719915 1 
0 0.751744 1 
0 0.846786 1 
0 0.872213 1 
0 1.17067 1 
0 1.67572 1 
0 2.31888 1 
0 2.34429 1 
0 2.65109 1 
0 2.87805 1 
0 3.79764 1 
0 4.68189 1 
0 5.70955 1 
0 5.92204 1 
0 5.94307 1 
0 inf 1 
0 0.0249098 2 
0 0.0267211 2 
0 0.0300065 2 
0 0.0310158 2 
0 0.0338909 2 
0 0.0338958 2 
0 0.0343374 2 
0 0.0343374 2 
0 0.0361024 2 
0 0.0377864 2 
0 0.0377879 2 
0 0.0381875 2 
0 0.0390043 2 
0 0.0397876 2 
0 0.0409337 2 
0 0.0424317 2 
0 0.0435108 2 
0 0.0456071 2 
0 0.0459314 2 
0 0.0466139 2 
0 0.0485696 2 
0 0.0488766 2 
0 0.0495172 2 
0 0.0504484 2 
0 0.0507451 2 
0 0.051667 2 
0 0.0519633 2 
0 0.0542948 2 
0 0.054303 2 
0 0.0545757 2 
0 0.0548642 2 
0 0.0551564 2 
0 0.0554228 2 
0 0.0565398 2 
0 0.0581526 2 
0 0.0586864 2 
0 0.0589478 2 
0 0.0594872 2 
0 0.0615381 2 
0 0.0620258 2 
0 0.0635174 2 
0 0.0647201 2 
0 0.0649683 2 
0 0.0668417 2 
0 0.0682216 2 
0 0.06846 2 
0 0.0689036 2 
0 0.0722046 2 
0 0.0728487 2 
0 0.0734878 2 
0 0.0743243 2 
0 0.0759751 2 
0 0.0769872 2 
0 0.0791726 2 
0 0.0873704 2 
0 0.091535 2 
0 0.092044 2 
0 0.0922143 2 
0 0.0947028 2 
0 0.0976046 2 
0 0.0998085 2 
0 0.100427 2 
0 0.100589 2 
0 0.101346 2 
0 0.105402 2 
0 0.107151 2 
0 0.112937 2 
0 0.114165 2 
0 0.118301 2 
0 0.121024 2 
0 0.123438 2 
0 0.128851 2 
0 0.148855 2 
0 0.149786 2 
0 0.150618 2 
0 0.151123 2 
0 0.152459 2 
0 0.160201 2 
0 0.166652 2 
0 0.167865 2 
0 0.180169 2 
0 0.184006 2 
0 0.188004 2 
0 0.19553 2 
0 0.196084 2 
0 0.214315 2 
0 0.219604 2 
0 0.228055 2 
0 0.228259 2 
0 0.228737 2 
0 0.242238 2 
0 0.308487 2 
0 0.310837 2 
0 0.367655 2 
0 0.379293 2 
0 0.380679 2 
0 0.399187 2 
0 0.467582 2 
0 0.506553 2 
0 0.520869 2 
0 0.545733 2 
0 0.559129 2 
0 0.567689 2 
0 0.607694 2 
0 0.654823 2 
0 0.656914 2 
0 0.674487 2 
0 0.675953 2 
0 0.69047 2 
0 0.695176 2 
0 0.704504 2 
0 0.70473 2 
0 1.07353 2 
0 1.11917 2 
0 1.52905 2 
0 1.89843 2 
0 1.96598 2 
0 2.1691 2 
0 3.2981 2 
0 3.58896 2 
0 4.00782 2 
0 4.13592 2 
0 4.1913 2 
0 4.48882 2 
0 4.71591 2 
0 4.87501 2 
0 5.10257 2 
0 inf 2 
0 0.0273057 3 
0 0.0284015 3 
0 0.0361054 3 
0 0.0393859 3 
0 0.0427931 3 
0 0.0427957 3 
0 0.0435108 3 
0 0.0435159 3 
0 0.0438633 3 
0 0.047603 3 
0 0.0482515 3 
0 0.0485581 3 
0 0.0492065 3 
0 0.0495072 3 
0 0.0501389 3 
0 0.0504484 3 
0 0.0510558 3 
0 0.0513529 3 
0 0.0522651 3 
0 0.0528417 3 
0 0.0540073 3 
0 0.0557121 3 
0 0.0570814 3 
0 0.0570833 3 
0 0.0581525 3 
0 0.0589483 3 
0 0.0597374 3 
0 0.0620259 3 
0 0.0627716 3 
0 0.0627769 3 
0 0.0635142 3 
0 0.0640003 3 
0 0.0642416 3 
0 0.0656734 3 
0 0.066386 3 
0 0.0673145 3 
0 0.0675475 3 
0 0.0700202 3 
0 0.0706904 3 
0 0.0709055 3 
0 0.0726423 3 
0 0.0728478 3 
0 0.0777922 3 
0 0.0783838 3 
0 0.0791771 3 
0 0.0831827 3 
0 0.0873713 3 
0 0.0880806 3 
0 0.0905168 3 
0 0.0930479 3 
0 0.101809 3 
0 0.102561 3 
0 0.104368 3 
0 0.105403 3 
0 0.105841 3 
0 0.108305 3 
0 0.113212 3 
0 0.116852 3 
0 0.11804 3 
0 0.122556 3 
0 0.122556 3 
0 0.122682 3 
0 0.131952 3 
0 0.154281 3 
0 0.164969 3 
0 0.166561 3 
0 0.173504 3 
0 0.193622 3 
0 0.194019 3 
0 0.202394 3 
0 0.20286 3 
0 0.20717 3 
0 0.209772 3 
0 0.215319 3 
0 0.227088 3 
0 0.2288 3 
0 0.235883 3 
0 0.257458 3 
0 0.272247 3 
0 0.277524 3 
0 0.341112 3 
0 0.343306 3 
0 0.352897 3 
0 0.363663 3 
0 0.364847 3 
0 0.370604 3 
0 0.425349 3 
0 0.4439 3 
0 0.458087 3 
0 0.45994 3 
0 0.466474 3 
0 0.482808 3 
0 0.535736 3 
0 0.558724 3 
0 0.565614 3 
0 0.568444 3 
0 0.569859 3 
0 0.583785 3 
0 0.583972 3 
0 0.588164 3 
0 0.603781 3 
0 0.62204 3 
0 0.659252 3 
0 0.687569 3 
0 0.698343 3 
0 0.773302 3 
0 1.31807 3 
0 1.42298 3 
0 1.52197 3 
0 1.95286 3 
0 2.06556 3 
0 2.49751 3 
0 2.55164 3 
0 2.60963 3 
0 2.6154 3 
0 2.62118 3 
0 2.6315 3 
0 2.6404 3 
0 2.64134 3 
0 3.32066 3 
0 4.07543 3 
0 4.08046 3 
0 4.08179 3 
0 inf 3 
0 0.0267211 4 
0 0.038186 4 
0 0.0381918 4 
0 0.0393864 4 
0 0.0393878 4 
0 0.0393907 4 
0 0.0397778 4 
0 0.0416941 4 
0 0.0416941 4 
0 0.0431515 4 
0 0.0431605 4 
0 0.0438597 4 
0 0.0485639 4 
0 0.0504451 4 
0 0.0537169 4 
0 0.0557011 4 
0 0.0581563 4 
0 0.0602598 4 
0 0.0605096 4 
0 0.062532 4 
0 0.0627876 4 
0 0.0635155 4 
0 0.064734 4 
0 0.0661465 4 
0 0.0670791 4 
0 0.0679973 4 
0 0.0700194 4 
0 0.0711295 4 
0 0.0713377 4 
0 0.0734871 4 
0 0.0741198 4 
0 0.0753584 4 
0 0.0769872 4 
0 0.078979 4 
0 0.0791702 4 
0 0.0807273 4 
0 0.0833732 4 
0 0.084113 4 
0 0.0868367 4 
0 0.0913634 4 
0 0.0990249 4 
0 0.0990266 4 
0 0.099647 4 
0 0.100274 4 
0 0.102718 4 
0 0.104066 4 
0 0.107445 4 
0 0.110578 4 
0 0.120255 4 
0 0.15478 4 
0 0.155878 4 
0 0.156374 4 
0 0.165259 4 
0 0.166557 4 
0 0.167866 4 
0 0.171435 4 
0 0.177388 4 
0 0.177469 4 
0 0.17809 4 
0 0.179568 4 
0 0.180848 4 
0 0.185597 4 
0 0.185685 4 
0 0.187432 4 
0 0.253857 4 
0 0.276861 4 
0 0.281746 4 
0 0.28897 4 
0 0.290259 4 
0 0.292187 4 
0 0.310683 4 
0 0.36745 4 
0 0.379102 4 
0 0.380191 4 
0 0.402521 4 
0 0.407473 4 
0 0.436403 4 
0 0.440662 4 
0 0.483023 4 
0 0.485404 4 
0 0.485877 4 
0 0.49251 4 
0 0.500633 4 
0 0.523258 4 
0 0.527704 4 
0 0.535775 4 
0 0.539212 4 
0 0.552045 4 
0 0.554224 4 
0 0.555967 4 
0 0.563058 4 
0 0.564931 4 
0 0.568467 4 
0 0.570588 4 
0 0.611987 4 
0 0.635445 4 
0 0.695245 4 
0 0.767098 4 
0 1.14318 4 
0 1.16128 4 
0 1.23041 4 
0 1.50214 4 
0 1.50928 4 
0 1.5119 4 
0 1.52317 4 
0 1.62081 4 
0 1.88463 4 
0 2.25474 4 
0 2.26019 4 
0 2.26046 4 
0 2.2609 4 
0 2.49632 4 
0 2.4998 4 
0 2.51666 4 
0 2.62605 4 
0 2.77532 4 
0 2.85494 4 
0 2.85598 4 
0 2.85659 4 
0 inf 4 
0 0.0284062 5 
0 0.0405584 5 
0 0.0459447 5 
0 0.0466199 5 
0 0.0479194 5 
0 0.0491956 5 
0 0.0495099 5 
0 0.049514 5 
0 0.0522598 5 
0 0.0534329 5 
0 0.053436 5 
0 0.0540082 5 
0 0.0540084 5 
0 0.0581583 5 
0 0.0597437 5 
0 0.0625418 5 
0 0.0627769 5 
0 0.0635166 5 
0 0.0644913 5 
0 0.0654445 5 
0 0.0691251 5 
0 0.0695837 5 
0 0.0706785 5 
0 0.0706876 5 
0 0.0711255 5 
0 0.071995 5 
0 0.0726381 5 
0 0.0775884 5 
0 0.0777851 5 
0 0.0791712 5 
0 0.0814885 5 
0 0.0853995 5 
0 0.0873656 5 
0 0.0873657 5 
0 0.0875503 5 
0 0.0896449 5 
0 0.0911921 5 
0 0.106428 5 
0 0.111835 5 
0 0.111968 5 
0 0.118306 5 
0 0.119862 5 
0 0.122557 5 
0 0.123814 5 
0 0.131481 5 
0 0.132536 5 
0 0.134398 5 
0 0.136685 5 
0 0.143764 5 
0 0.145479 5 
0 0.153874 5 
0 0.155081 5 
0 0.158155 5 
0 0.159808 5 
0 0.163556 5 
0 0.172869 5 
0 0.28312 5 
0 0.292534 5 
0 0.295146 5 
0 0.298603 5 
0 0.359638 5 
0 0.364428 5 
0 0.364737 5 
0 0.367273 5 
0 0.381768 5 
0 0.404241 5 
0 0.413665 5 
0 0.418127 5 
0 0.42984 5 
0 0.430992 5 
0 0.437824 5 
0 0.464451 5 
0 0.467847 5 
0 0.481166 5 
0 0.483398 5 
0 0.506458 5 
0 0.509426 5 
0 0.510127 5 
0 0.510765 5 
0 0.521913 5 
0 0.522145 5 
0 0.523214 5 
0 0.545534 5 
0 0.551404 5 
0 0.552528 5 
0 0.567202 5 
0 0.574136 5 
0 0.577369 5 
0 0.778279 5 
0 0.838845 5 
0 0.946383 5 
0 1.1466 5 
0 1.23467 5 
0 1.25359 5 
0 1.25655 5 
0 1.30366 5 
0 1.42253 5 
0 1.54197 5 
0 1.67164 5 
0 1.67212 5 
0 1.67886 5 
0 1.68177 5 
0 1.70013 5 
0 1.9957 5 
0 2.01552 5 
0 2.01642 5 
0 2.01736 5 
0 2.4969 5 
0 2.52558 5 
0 2.52906 5 
0 2.53905 5 
0 2.73866 5 
0 2.73932 5 
0 2.74168 5 
0 2.74385 5 
0 inf 5 
0 0.0242808 6 
0 0.0369501 6 
0 0.0389917 6 
0 0.0401693 6 
0 0.0435172 6 
0 0.0445655 6 
0 0.0462679 6 
0 0.055434 6 
0 0.0597415 6 
0 0.0600057 6 
0 0.0600065 6 
0 0.0607743 6 
0 0.060778 6 
0 0.0615264 6 
0 0.0622861 6 
0 0.0640004 6 
0 0.0689023 6 
0 0.0715591 6 
0 0.0717702 6 
0 0.0722035 6 
0 0.0724226 6 
0 0.0730598 6 
0 0.0734856 6 
0 0.0736913 6 
0 0.0745267 6 
0 0.0751476 6 
0 0.0767819 6 
0 0.0777931 6 
0 0.0785858 6 
0 0.0791718 6 
0 0.0795682 6 
0 0.0807227 6 
0 0.0811149 6 
0 0.0915358 6 
0 0.0920456 6 
0 0.0966458 6 
0 0.101043 6 
0 0.110577 6 
0 0.111553 6 
0 0.113482 6 
0 0.118701 6 
0 0.13171 6 
0 0.15825 6 
0 0.160584 6 
0 0.180255 6 
0 0.183833 6 
0 0.189241 6 
0 0.196087 6 
0 0.199835 6 
0 0.249752 6 
0 0.254949 6 
0 0.264976 6 
0 0.275994 6 
0 0.277616 6 
0 0.344106 6 
0 0.36478 6 
0 0.365766 6 
0 0.371873 6 
0 0.427204 6 
0 0.436072 6 
0 0.43625 6 
0 0.43767 6 
0 0.460088 6 
0 0.478417 6 
0 0.491341 6 
0 0.500674 6 
0 0.502208 6 
0 0.513016 6 
0 0.516825 6 
0 0.520326 6 
0 0.52107 6 
0 0.521221 6 
0 0.52225 6 
0 0.523052 6 
0 0.52407 6 
0 0.526452 6 
0 0.52717 6 
0 0.533442 6 
0 0.535676 6 
0 0.538565 6 
0 0.721911 6 
0 0.907184 6 
0 0.92393 6 
0 0.92653 6 
0 1.08481 6 
0 1.15254 6 
0 1.15499 6 
0 1.15916 6 
0 1.1607 6 
0 1.16186 6 
0 1.20325 6 
0 1.35974 6 
0 1.40076 6 
0 1.4063 6 
0 1.40895 6 
0 1.43319 6 
0 1.51615 6 
0 1.53676 6 
0 1.66976 6 
0 1.67974 6 
0 1.69147 6 
0 1.71824 6 
0 1.74515 6 
0 1.865 6 
0 2.2217 6 
0 2.22265 6 
0 2.22489 6 
0 2.25026 6 
0 2.26123 6 
0 2.29666 6 
0 2.29718 6 
0 inf 6 
0 0.0427918 7 
0 0.0435092 7 
0 0.0516643 7 
0 0.0542973 7 
0 0.0573531 7 
0 0.0573544 7 
0 0.0576262 7 
0 0.0625286 7 
0 0.0644886 7 
0 0.0654362 7 
0 0.0654431 7 
0 0.0717728 7 
0 0.0728413 7 
0 0.0734879 7 
0 0.0789729 7 
0 0.0789801 7 
0 0.0811111 7 
0 0.0853974 7 
0 0.0855788 7 
0 0.0861209 7 
0 0.0866642 7 
0 0.0878977 7 
0 0.0925428 7 
0 0.0925523 7 
0 0.0945396 7 
0 0.0963244 7 
0 0.104364 7 
0 0.1054 7 
0 0.105401 7 
0 0.106724 7 
0 0.108594 7 
0 0.110157 7 
0 0.114275 7 
0 0.120255 7 
0 0.142681 7 
0 0.151024 7 
0 0.151433 7 
0 0.15608 7 
0 0.159522 7 
0 0.165255 7 
0 0.173801 7 
0 0.238564 7 
0 0.250386 7 
0 0.251613 7 
0 0.254381 7 
0 0.256213 7 
0 0.256998 7 
0 0.26479 7 
0 0.265835 7 
0 0.336819 7 
0 0.375015 7 
0 0.393133 7 
0 0.393724 7 
0 0.396708 7 
0 0.405174 7 
0 0.415013 7 
0 0.417696 7 
0 0.424767 7 
0 0.430027 7 
0 0.453258 7 
0 0.454967 7 
0 0.474267 7 
0 0.482872 7 
0 0.503497 7 
0 0.503589 7 
0 0.559999 7 
0 0.571543 7 
0 0.573998 7 
0 0.574134 7 
0 0.574134 7 
0 0.57436 7 
0 0.599114 7 
0 0.782663 7 
0 0.805022 7 
0 0.814279 7 
0 0.845849 7 
0 0.855625 7 
0 0.856767 7 
0 0.868581 7 
0 0.963715 7 
0 0.974667 7 
0 0.975251 7 
0 0.984644 7 
0 1.01989 7 
0 1.09134 7 
0 1.10342 7 
0 1.13287 7 
0 1.13517 7 
0 1.13779 7 
0 1.15221 7 
0 1.15274 7 
0 1.37287 7 
0 1.37603 7 
0 1.38054 7 
0 1.43675 7 
0 1.43719 7 
0 1.60388 7 
0 1.60511 7 
0 1.60664 7 
0 1.61955 7 
0 1.70528 7 
0 1.82698 7 
0 1.95267 7 
0 1.95315 7 
0 1.95315 7 
0 1.98367 7 
0 2.08279 7 
0 inf 7 
0 0.0427876 8 
0 0.0475978 8 
0 0.0568043 8 
0 0.0600007 8 
0 0.0605112 8 
0 0.0642479 8 
0 0.069796 8 
0 0.0743227 8 
0 0.0787803 8 
0 0.0809221 8 
0 0.0831889 8 
0 0.0868419 8 
0 0.0899993 8 
0 0.0920448 8 
0 0.0951943 8 
0 0.0964943 8 
0 0.0982432 8 
0 0.0997788 8 
0 0.101958 8 
0 0.103317 8 
0 0.103919 8 
0 0.104813 8 
0 0.105104 8 
0 0.125924 8 
0 0.127562 8 
0 0.133469 8 
0 0.137359 8 
0 0.137697 8 
0 0.140384 8 
0 0.151231 8 
0 0.154321 8 
0 0.159124 8 
0 0.164971 8 
0 0.165198 8 
0 0.165254 8 
0 0.213422 8 
0 0.214944 8 
0 0.222564 8 
0 0.250432 8 
0 0.251988 8 
0 0.255838 8 
0 0.28262 8 
0 0.297495 8 
0 0.302268 8 
0 0.364567 8 
0 0.384383 8 
0 0.403676 8 
0 0.404904 8 
0 0.41836 8 
0 0.42695 8 
0 0.46157 8 
0 0.461655 8 
0 0.480509 8 
0 0.48585 8 
0 0.488612 8 
0 0.494625 8 
0 0.494844 8 
0 0.501577 8 
0 0.502783 8 
0 0.503306 8 
0 0.523131 8 
0 0.524642 8 
0 0.52541 8 
0 0.552618 8 
0 0.553964 8 
0 0.558066 8 
0 0.614322 8 
0 0.675407 8 
0 0.699258 8 
0 0.750255 8 
0 0.762725 8 
0 0.773392 8 
0 0.825529 8 
0 0.835382 8 
0 0.842612 8 
0 0.852165 8 
0 0.969587 8 
0 1.07457 8 
0 1.12871 8 
0 1.13324 8 
0 1.13532 8 
0 1.13668 8 
0 1.14839 8 
0 1.19462 8 
0 1.23939 8 
0 1.3701 8 
0 1.37246 8 
0 1.37867 8 
0 1.39877 8 
0 1.413 8 
0 1.4241 8 
0 1.47877 8 
0 1.53508 8 
0 1.53511 8 
0 1.53597 8 
0 1.54026 8 
0 1.54556 8 
0 1.64205 8 
0 1.65799 8 
0 1.68024 8 
0 1.68598 8 
0 1.72658 8 
0 1.96904 8 
0 inf 8 
0 0.0625329 9 
0 0.0693559 9 
0 0.0706877 9 
0 0.0736952 9 
0 0.0741177 9 
0 0.0777901 9 
0 0.0783863 9 
0 0.079376 9 
0 0.0822521 9 
0 0.0837381 9 
0 0.0843033 9 
0 0.0886051 9 
0 0.0903395 9 
0 0.0911995 9 
0 0.0942055 9 
0 0.0958419 9 
0 0.108933 9 
0 0.109022 9 
0 0.114168 9 
0 0.118408 9 
0 0.130163 9 
0 0.130645 9 
0 0.131241 9 
0 0.146846 9 
0 0.146846 9 
0 0.162921 9 
0 0.164029 9 
0 0.164972 9 
0 0.168078 9 
0 0.181643 9 
0 0.242139 9 
0 0.253523 9 
0 0.259332 9 
0 0.280254 9 
0 0.293291 9 
0 0.307044 9 
0 0.32521 9 
0 0.326868 9 
0 0.327863 9 
0 0.331394 9 
0 0.361459 9 
0 0.363202 9 
0 0.384644 9 
0 0.386253 9 
0 0.40206 9 
0 0.411217 9 
0 0.417505 9 
0 0.418989 9 
0 0.424873 9 
0 0.430641 9 
0 0.45677 9 
0 0.475038 9 
0 0.475691 9 
0 0.479227 9 
0 0.508726 9 
0 0.509492 9 
0 0.512373 9 
0 0.593856 9 
0 0.593856 9 
0 0.601565 9 
0 0.678281 9 
0 0.738551 9 
0 0.740565 9 
0 0.741506 9 
0 0.76739 9 
0 0.768441 9 
0 0.769832 9 
0 0.850269 9 
0 0.855065 9 
0 0.861335 9 
0 0.868321 9 
0 0.878426 9 
0 0.879546 9 
0 0.924333 9 
0 0.991725 9 
0 1.07536 9 
0 1.13504 9 
0 1.13633 9 
0 1.13688 9 
0 1.13708 9 
0 1.14266 9 
0 1.23962 9 
0 1.2516 9 
0 1.33038 9 
0 1.37608 9 
0 1.37743 9 
0 1.40938 9 
0 1.41439 9 
0 1.41828 9 
0 1.42243 9 
0 1.5198 9 
0 1.52078 9 
0 1.53107 9 
0 1.56317 9 
0 1.56342 9 
0 1.87687 9 
0 1.88677 9 
0 1.98461 9 
0 2.0403 9 
0 inf 9 
0 0.0504519 10 
0 0.0559878 10 
0 0.0637613 10 
0 0.0641978 10 
0 0.0642433 10 
0 0.0713441 10 
0 0.0722104 10 
0 0.0724203 10 
0 0.0816805 10 
0 0.0850302 10 
0 0.0967111 10 
0 0.108163 10 
0 0.113889 10 
0 0.119343 10 
0 0.120515 10 
0 0.138713 10 
0 0.14287 10 
0 0.151719 10 
0 0.165909 10 
0 0.171098 10 
0 0.182305 10 
0 0.189575 10 
0 0.195944 10 
0 0.200638 10 
0 0.202728 10 
0 0.202793 10 
0 0.21714 10 
0 0.25 10 
0 0.26413 10 
0 0.26413 10 
0 0.293823 10 
0 0.295459 10 
0 0.298845 10 
0 0.300555 10 
0 0.310965 10 
0 0.318597 10 
0 0.31871 10 
0 0.327869 10 
0 0.346982 10 
0 0.350186 10 
0 0.352371 10 
0 0.362732 10 
0 0.372744 10 
0 0.381669 10 
0 0.391941 10 
0 0.416654 10 
0 0.42604 10 
0 0.465616 10 
0 0.47371 10 
0 0.477996 10 
0 0.482868 10 
0 0.485943 10 
0 0.496705 10 
0 0.496954 10 
0 0.504653 10 
0 0.505728 10 
0 0.517903 10 
0 0.521039 10 
0 0.692472 10 
0 0.693479 10 
0 0.701716 10 
0 0.705421 10 
0 0.715158 10 
0 0.775024 10 
0 0.778448 10 
0 0.847106 10 
0 0.847399 10 
0 0.865161 10 
0 0.874762 10 
0 0.948724 10 
0 0.974267 10 
0 1.09109 10 
0 1.10802 10 
0 1.11902 10 
0 1.13591 10 
0 1.13592 10 
0 1.15155 10 
0 1.22828 10 
0 1.22915 10 
0 1.36 10 
0 1.36013 10 
0 1.39033 10 
0 1.48532 10 
0 1.48582 10 
0 1.52198 10 
0 1.52563 10 
0 1.52621 10 
0 1.5393 10 
0 1.55703 10 
0 1.59389 10 
0 1.59408 10 
0 1.60132 10 
0 1.60346 10 
0 1.95854 10 
0 1.95942 10 
0 inf 10 
0 0.0649679 11 
0 0.0784606 11 
0 0.0807983 11 
0 0.0822161 11 
0 0.101812 11 
0 0.103471 11 
0 0.12012 11 
0 0.130686 11 
0 0.139825 11 
0 0.141485 11 
0 0.142171 11 
0 0.14279 11 
0 0.164404 11 
0 0.16851 11 
0 0.176 11 
0 0.179924 11 
0 0.195037 11 
0 0.206175 11 
0 0.240001 11 
0 0.242062 11 
0 0.244354 11 
0 0.245558 11 
0 0.247447 11 
0 0.249005 11 
0 0.250823 11 
0 0.252303 11 
0 0.260519 11 
0 0.262199 11 
0 0.278033 11 
0 0.287115 11 
0 0.288133 11 
0 0.295505 11 
0 0.29952 11 
0 0.351752 11 
0 0.36112 11 
0 0.366562 11 
0 0.36887 11 
0 0.375643 11 
0 0.385257 11 
0 0.39006 11 
0 0.390501 11 
0 0.405201 11 
0 0.416522 11 
0 0.41864 11 
0 0.429309 11 
0 0.464309 11 
0 0.46642 11 
0 0.466708 11 
0 0.469702 11 
0 0.476988 11 
0 0.527924 11 
0 0.528365 11 
0 0.681148 11 
0 0.686688 11 
0 0.688155 11 
0 0.71164 11 
0 0.720847 11 
0 0.742406 11 
0 0.744409 11 
0 0.746075 11 
0 0.881439 11 
0 0.887845 11 
0 0.88884 11 
0 1.01588 11 
0 1.03842 11 
0 1.04267 11 
0 1.06198 11 
0 1.1162 11 
0 1.11844 11 
0 1.12868 11 
0 1.13013 11 
0 1.14745 11 
0 1.20054 11 
0 1.20302 11 
0 1.21093 11 
0 1.24743 11 
0 1.25 11 
0 1.36073 11 
0 1.36146 11 
0 1.42743 11 
0 1.44192 11 
0 1.44198 11 
0 1.52293 11 
0 1.52339 11 
0 1.53222 11 
0 1.5344 11 
0 1.53647 11 
0 1.65345 11 
0 1.65381 11 
0 1.98431 11 
0 1.98869 11 
0 inf 11 
0 0.0927803 12 
0 0.100949 12 
0 0.113865 12 
0 0.11549 12 
0 0.131239 12 
0 0.134852 12 
0 0.141298 12 
0 0.164521 12 
0 0.171175 12 
0 0.210355 12 
0 0.216467 12 
0 0.219382 12 
0 0.222 12 
0 0.229221 12 
0 0.247696 12 
0 0.24876 12 
0 0.249508 12 
0 0.252709 12 
0 0.26528 12 
0 0.265455 12 
0 0.277915 12 
0 0.279146 12 
0 0.281943 12 
0 0.288297 12 
0 0.292602 12 
0 0.310759 12 
0 0.330325 12 
0 0.337057 12 
0 0.337113 12 
0 0.344804 12 
0 0.368246 12 
0 0.372644 12 
0 0.389772 12 
0 0.390607 12 
0 0.392153 12 
0 0.428412 12 
0 0.428593 12 
0 0.435408 12 
0 0.442303 12 
0 0.473384 12 
0 0.476813 12 
0 0.480392 12 
0 0.499469 12 
0 0.512731 12 
0 0.515628 12 
0 0.526811 12 
0 0.540959 12 
0 0.547749 12 
0 0.685951 12 
0 0.685951 12 
0 0.690518 12 
0 0.691529 12 
0 0.694761 12 
0 0.72087 12 
0 0.736521 12 
0 0.93586 12 
0 0.96531 12 
0 0.979474 12 
0 0.982406 12 
0 0.986788 12 
0 0.988438 12 
0 0.993014 12 
0 0.994902 12 
0 1.06966 12 
0 1.11535 12 
0 1.12267 12 
0 1.12664 12 
0 1.13077 12 
0 1.13176 12 
0 1.14801 12 
0 1.14819 12 
0 1.14953 12 
0 1.2272 12 
0 1.22836 12 
0 1.35619 12 
0 1.3724 12 
0 1.37768 12 
0 1.48304 12 
0 1.48304 12 
0 1.48442 12 
0 1.51668 12 
0 1.51747 12 
0 1.52468 12 
0 1.52504 12 
0 1.5252 12 
0 1.61109 12 
0 1.65273 12 
0 inf 12 
0 0.0793371 13 
0 0.0923505 13 
0 0.122978 13 
0 0.130688 13 
0 0.158288 13 
0 0.167026 13 
0 0.174765 13 
0 0.180357 13 
0 0.181452 13 
0 0.190718 13 
0 0.194499 13 
0 0.218051 13 
0 0.221495 13 
0 0.225299 13 
0 0.225299 13 
0 0.225397 13 
0 0.245679 13 
0 0.258126 13 
0 0.276772 13 
0 0.282268 13 
0 0.2909 13 
0 0.295399 13 
0 0.31001 13 
0 0.335685 13 
0 0.358642 13 
0 0.35952 13 
0 0.3629 13 
0 0.420683 13 
0 0.42727 13 
0 0.44258 13 
0 0.45075 13 
0 0.454923 13 
0 0.4625 13 
0 0.476671 13 
0 0.476935 13 
0 0.481884 13 
0 0.485213 13 
0 0.488863 13 
0 0.490082 13 
0 0.490366 13 
0 0.511188 13 
0 0.51934 13 
0 0.519549 13 
0 0.521486 13 
0 0.60606 13 
0 0.645605 13 
0 0.661347 13 
0 0.663595 13 
0 0.683518 13 
0 0.686169 13 
0 0.707858 13 
0 0.722503 13 
0 0.7324 13 
0 0.755165 13 
0 0.757135 13 
0 0.757197 13 
0 0.776271 13 
0 0.856492 13 
0 0.878391 13 
0 0.879398 13 
0 0.882849 13 
0 1.12622 13 
0 1.12622 13 
0 1.13072 13 
0 1.13662 13 
0 1.13716 13 
0 1.13847 13 
0 1.15296 13 
0 1.18375 13 
0 1.32095 13 
0 1.36266 13 
0 1.36539 13 
0 1.43424 13 
0 1.43427 13 
0 1.43453 13 
0 1.51727 13 
0 1.51861 13 
0 1.52097 13 
0 1.52102 13 
0 1.52115 13 
0 1.70719 13 
0 1.76673 13 
0 1.93557 13 
0 inf 13 
0 0.0851771 14 
0 0.0854681 14 
0 0.123055 14 
0 0.125806 14 
0 0.155183 14 
0 0.156773 14 
0 0.188189 14 
0 0.218262 14 
0 0.218969 14 
0 0.224904 14 
0 0.226633 14 
0 0.228717 14 
0 0.228718 14 
0 0.231263 14 
0 0.247001 14 
0 0.24847 14 
0 0.251486 14 
0 0.256431 14 
0 0.258268 14 
0 0.259706 14 
0 0.266868 14 
0 0.26878 14 
0 0.270131 14 
0 0.280256 14 
0 0.283964 14 
0 0.293502 14 
0 0.296664 14 
0 0.319318 14 
0 0.335767 14 
0 0.342437 14 
0 0.347788 14 
0 0.348336 14 
0 0.355949 14 
0 0.361786 14 
0 0.382839 14 
0 0.39074 14 
0 0.392642 14 
0 0.393273 14 
0 0.456998 14 
0 0.498212 14 
0 0.530785 14 
0 0.533439 14 
0 0.53434 14 
0 0.567848 14 
0 0.59582 14 
0 0.608196 14 
0 0.65124 14 
0 0.651549 14 
0 0.684589 14 
0 0.687975 14 
0 0.705672 14 
0 0.710673 14 
0 0.716141 14 
0 0.740558 14 
0 0.741562 14 
0 0.746256 14 
0 0.821917 14 
0 0.824086 14 
0 0.826718 14 
0 1.12836 14 
0 1.13077 14 
0 1.13077 14 
0 1.131 14 
0 1.24056 14 
0 1.27607 14 
0 1.27771 14 
0 1.36381 14 
0 1.36812 14 
0 1.36836 14 
0 1.36881 14 
0 1.5157 14 
0 1.51582 14 
0 1.58119 14 
0 1.58139 14 
0 1.58143 14 
0 1.62298 14 
0 1.96147 14 
0 1.96644 14 
0 1.96644 14 
0 inf 14 
0 0.0624863 15 
0 0.0894725 15 
0 0.0983031 15 
0 0.121412 15 
0 0.122933 15 
0 0.178452 15 
0 0.198606 15 
0 0.200394 15 
0 0.215473 15 
0 0.223728 15 
0 0.225193 15 
0 0.225756 15 
0 0.227971 15 
0 0.233767 15 
0 0.235206 15 
0 0.236325 15 
0 0.239794 15 
0 0.242738 15 
0 0.24517 15 
0 0.249841 15 
0 0.250182 15 
0 0.253232 15 
0 0.257668 15 
0 0.259684 15 
0 0.263123 15 
0 0.263602 15 
0 0.264737 15 
0 0.269886 15 
0 0.270287 15 
0 0.275963 15 
0 0.293502 15 
0 0.3138 15 
0 0.331918 15 
0 0.332619 15 
0 0.352889 15 
0 0.355644 15 
0 0.356558 15 
0 0.35708 15 
0 0.360582 15 
0 0.390101 15 
0 0.422571 15 
0 0.461733 15 
0 0.462036 15 
0 0.509088 15 
0 0.566081 15 
0 0.69569 15 
0 0.702114 15 
0 0.721489 15 
0 0.781682 15 
0 0.782377 15 
0 0.782674 15 
0 0.786179 15 
0 0.872236 15 
0 1.04767 15 
0 1.09841 15 
0 1.0997 15 
0 1.13599 15 
0 1.21309 15 
0 1.22226 15 
0 1.22226 15 
0 1.36378 15 
0 1.3929 15 
0 1.39485 15 
0 1.39512 15 
0 1.4374 15 
0 1.52675 15 
0 1.57003 15 
0 1.57087 15 
0 1.57103 15 
0 1.59753 15 
0 1.59797 15 
0 1.59809 15 
0 1.95769 15 
0 1.95769 15 
0 1.95782 15 
0 inf 15 
0 0.0814597 16 
0 0.122093 16 
0 0.158857 16 
0 0.171192 16 
0 0.218163 16 
0 0.221061 16 
0 0.224888 16 
0 0.226676 16 
0 0.232114 16 
0 0.234894 16 
0 0.245687 16 
0 0.246066 16 
0 0.256501 16 
0 0.257123 16 
0 0.267223 16 
0 0.26846 16 
0 0.271906 16 
0 0.272989 16 
0 0.274554 16 
0 0.277709 16 
0 0.277709 16 
0 0.278147 16 
0 0.279927 16 
0 0.28104 16 
0 0.281346 16 
0 0.286059 16 
0 0.287358 16 
0 0.287358 16 
0 0.287358 16 
0 0.287417 16 
0 0.325542 16 
0 0.362001 16 
0 0.3623 16 
0 0.366686 16 
0 0.36808 16 
0 0.421202 16 
0 0.446904 16 
0 0.481842 16 
0 0.483333 16 
0 0.484135 16 
0 0.686579 16 
0 0.689035 16 
0 0.693009 16 
0 0.693076 16 
0 0.694687 16 
0 0.751247 16 
0 0.765401 16 
0 0.807718 16 
0 0.940148 16 
0 0.942916 16 
0 0.945989 16 
0 1.00175 16 
0 1.01586 16 
0 1.12945 16 
0 1.22249 16 
0 1.22409 16 
0 1.22471 16 
0 1.36034 16 
0 1.4572 16 
0 1.46554 16 
0 1.46769 16 
0 1.5233 16 
0 1.52933 16 
0 1.53067 16 
0 1.53127 16 
0 1.62923 16 
0 1.63086 16 
0 1.63157 16 
0 1.95137 16 
0 1.95667 16 
0 1.95715 16 
0 inf 16 
0 0.0834425 17 
0 0.0963879 17 
0 0.104042 17 
0 0.118875 17 
0 0.120433 17 
0 0.16205 17 
0 0.179234 17 
0 0.190564 17 
0 0.191224 17 
0 0.19634 17 
0 0.230167 17 
0 0.230167 17 
0 0.232783 17 
0 0.233381 17 
0 0.234943 17 
0 0.235601 17 
0 0.237895 17 
0 0.237896 17 
0 0.24069 17 
0 0.240947 17 
0 0.241912 17 
0 0.290688 17 
0 0.293429 17 
0 0.293588 17 
0 0.294063 17 
0 0.294064 17 
0 0.294504 17 
0 0.294873 17 
0 0.295768 17 
0 0.365964 17 
0 0.367023 17 
0 0.373809 17 
0 0.373934 17 
0 0.399909 17 
0 0.709098 17 
0 0.713026 17 
0 0.713722 17 
0 0.71433 17 
0 0.777931 17 
0 0.924978 17 
0 0.938369 17 
0 0.941588 17 
0 0.941588 17 
0 0.973614 17 
0 0.982862 17 
0 0.989658 17 
0 1.14605 17 
0 1.14929 17 
0 1.15518 17 
0 1.15539 17 
0 1.26511 17 
0 1.27618 17 
0 1.27843 17 
0 1.3516 17 
0 1.39021 17 
0 1.39544 17 
0 1.43645 17 
0 1.46358 17 
0 1.48658 17 
0 1.4878 17 
0 1.52007 17 
0 1.52717 17 
0 1.52741 17 
0 1.52745 17 
0 2.00261 17 
0 2.0054 17 
0 2.00551 17 
0 inf 17 
0 0.0772674 18 
0 0.0890263 18 
0 0.0890264 18 
0 0.0988432 18 
0 0.127498 18 
0 0.135975 18 
0 0.172809 18 
0 0.175385 18 
0 0.175385 18 
0 0.176444 18 
0 0.178281 18 
0 0.181309 18 
0 0.183689 18 
0 0.22165 18 
0 0.221999 18 
0 0.224779 18 
0 0.226428 18 
0 0.283329 18 
0 0.288269 18 
0 0.295341 18 
0 0.29618 18 
0 0.303841 18 
0 0.306484 18 
0 0.309307 18 
0 0.309308 18 
0 0.369257 18 
0 0.371141 18 
0 0.372477 18 
0 0.373269 18 
0 0.507079 18 
0 0.51862 18 
0 0.519577 18 
0 0.720246 18 
0 0.73367 18 
0 0.733902 18 
0 0.734177 18 
0 0.831121 18 
0 0.8347 18 
0 0.873362 18 
0 0.88968 18 
0 0.89224 18 
0 0.904712 18 
0 0.913468 18 
0 0.915097 18 
0 1.13554 18 
0 1.1435 18 
0 1.14524 18 
0 1.14524 18 
0 1.15692 18 
0 1.19127 18 
0 1.30246 18 
0 1.30246 18 
0 1.30725 18 
0 1.3862 18 
0 1.40321 18 
0 1.41599 18 
0 1.41876 18 
0 1.52791 18 
0 1.52984 18 
0 1.53021 18 
0 1.53041 18 
0 2.00764 18 
0 2.06144 18 
0 inf 18 
0 0.0941794 19 
0 0.0969442 19 
0 0.0969442 19 
0 0.135356 19 
0 0.146795 19 
0 0.148027 19 
0 0.15631 19 
0 0.15631 19 
0 0.173886 19 
0 0.18096 19 
0 0.183684 19 
0 0.184775 19 
0 0.249882 19 
0 0.250439 19 
0 0.252106 19 
0 0.293607 19 
0 0.29366 19 
0 0.295293 19 
0 0.370648 19 
0 0.370649 19 
0 0.37265 19 
0 0.401974 19 
0 0.409518 19 
0 0.409934 19 
0 0.409935 19 
0 0.424682 19 
0 0.424792 19 
0 0.424792 19 
0 0.429089 19 
0 0.431073 19 
0 0.431253 19 
0 0.527205 19 
0 0.53131 19 
0 0.531515 19 
0 0.575073 19 
0 0.712542 19 
0 0.714781 19 
0 0.714976 19 
0 0.714976 19 
0 0.734564 19 
0 0.823338 19 
0 0.885044 19 
0 0.888193 19 
0 0.914604 19 
0 0.919477 19 
0 0.966538 19 
0 0.995627 19 
0 1.09221 19 
0 1.12989 19 
0 1.13055 19 
0 1.13142 19 
0 1.3808 19 
0 1.39332 19 
0 1.39409 19 
0 1.53585 19 
0 1.53912 19 
0 1.53929 19 
0 1.70453 19 
0 1.95614 19 
0 inf 19 
0 0.0855452 20 
0 0.0878718 20 
0 0.0885764 20 
0 0.110768 20 
0 0.114083 20 
0 0.117301 20 
0 0.196889 20 
0 0.212724 20 
0 0.215549 20 
0 0.262372 20 
0 0.263023 20 
0 0.263965 20 
0 0.278757 20 
0 0.282077 20 
0 0.282077 20 
0 0.293888 20 
0 0.294783 20 
0 0.339026 20 
0 0.339346 20 
0 0.356702 20 
0 0.364908 20 
0 0.367577 20 
0 0.367789 20 
0 0.390947 20 
0 0.399622 20 
0 0.4021 20 
0 0.404599 20 
0 0.40784 20 
0 0.409662 20 
0 0.428944 20 
0 0.431289 20 
0 0.4353 20 
0 0.456024 20 
0 0.486458 20 
0 0.488082 20 
0 0.488464 20 
0 0.567896 20 
0 0.774002 20 
0 0.775604 20 
0 0.777687 20 
0 0.870922 20 
0 0.870922 20 
0 0.929287 20 
0 0.952687 20 
0 1.14509 20 
0 1.15246 20 
0 1.15258 20 
0 1.39064 20 
0 1.39068 20 
0 1.39091 20 
0 1.53601 20 
0 1.53649 20 
0 1.95175 20 
0 1.95366 20 
0 3.23181 20 
0 inf 20 
