4.58813 8.28851 1 
1.01385 2.57192 1 
0.22645 0.300615 1 
0.191812 0.227261 1 
0.188031 0.190978 1 
0.186718 0.200995 1 
0.153309 0.1783 1 
0.119389 0.149345 1 
0.107866 0.108261 1 
0.0975198 0.0983955 1 
0.0722259 0.0734085 1 
0.0623325 0.0638639 1 
0.0569325 0.0641983 1 
0.0538312 0.0554042 1 
0.0526231 0.0569327 1 
0.0511744 0.0607633 1 
0.0507532 0.0522125 1 
0.0503289 0.0584213 1 
0.0479254 0.0509649 1 
0.0477011 0.0479261 1 
0.0477008 0.0481492 1 
0.0470211 0.0515916 1 
0.0463316 0.0472491 1 
0.0453955 0.0974065 1 
0.0451588 0.0477015 1 
0.0446807 0.0481492 1 
0.0441979 0.0479261 1 
0.0419548 0.0432154 1 
0.0398559 0.0483713 1 
0.0390392 0.0449203 1 
6.09264 6.18962 2 
6.09213 6.18695 2 
3.88427 6.27816 2 
0.819552 3.48874 2 
0.281784 0.289893 2 
0.220697 0.233919 2 
0.214533 0.216376 2 
0.198141 0.205853 2 
0.180102 0.200677 2 
0.153943 0.158543 2 
0.141138 0.144075 2 
0.135071 0.139761 2 
0.12714 0.127647 2 
0.0865538 0.087172 2 
0.066656 0.0677742 2 
0.0641998 0.0717778 2 
0.0631862 0.0687174 2 
0.0621604 0.126035 2 
0.0598729 0.0621599 2 
0.0563642 0.0604088 2 
0.0536291 0.057868 2 
0.052826 0.0569332 2 
0.0528258 0.0567442 2 
0.0528257 0.0534312 2 
0.0513836 0.0574958 2 
0.0509645 0.0621599 2 
0.0479249 0.0505415 2 
0.0432147 0.0439538 2 
4.46053 4.65911 3 
4.45665 4.99106 3 
3.58421 4.99221 3 
0.76539 3.60268 3 
0.346531 0.348534 3 
0.288667 0.291666 3 
0.237424 0.265913 3 
0.201261 0.222488 3 
0.177881 0.183991 3 
0.12055 0.127475 3 
0.119928 0.134999 3 
0.10925 0.123363 3 
0.0940429 0.130306 3 
0.0738397 0.0739848 3 
0.0728187 0.0738403 3 
0.0701118 0.0710245 3 
0.0619867 0.0653575 3 
0.0591524 0.0661741 3 
0.0561736 0.0561738 3 
0.0513841 0.0589692 3 
0.0451578 0.0544263 3 
0.0398564 0.0441979 3 
2.98635 3.08342 4 
2.98618 3.07668 4 
2.98514 3.069 4 
1.02776 3.25753 4 
0.160764 0.194038 4 
0.154288 0.15684 4 
0.142046 0.157049 4 
0.129895 0.163546 4 
0.11499 0.125354 4 
0.109933 0.124923 4 
0.10391 0.124319 4 
0.0967437 0.100658 4 
0.0688768 0.0757055 4 
0.0641981 0.0666593 4 
0.052826 0.0534322 4 
2.87922 2.8841 5 
2.87367 2.87646 5 
2.13557 2.23676 5 
2.08498 2.09925 5 
1.93808 2.88535 5 
0.254529 0.267399 5 
0.153455 0.183166 5 
0.121173 0.141368 5 
0.10756 0.109345 5 
0.100337 0.10119 5 
0.0845475 0.111869 5 
0.0815764 0.0872911 5 
0.079169 0.0836527 5 
0.0758457 0.0771102 5 
0.0679325 0.0696511 5 
0.0677767 0.0699589 5 
0.0619866 0.0661744 5 
0.0596932 0.0741297 5 
2.59025 2.60444 6 
2.57299 2.57568 6 
2.01415 2.62655 6 
1.96132 2.10657 6 
1.49928 1.51504 6 
1.45244 1.46308 6 
0.245908 0.248251 6 
0.164523 0.184624 6 
0.117027 0.122844 6 
0.10585 0.112724 6 
0.0969663 0.102769 6 
0.0901979 0.112443 6 
0.0844192 0.0906718 6 
0.0795763 0.0846741 6 
0.0611147 0.0650285 6 
0.0437092 0.0467924 6 
2.56095 3.08142 7 
2.17194 2.30094 7 
2.14621 2.27261 7 
2.08521 2.34094 7 
1.98187 2.27052 7 
0.233228 0.245076 7 
0.14205 0.151625 7 
0.119387 0.126293 7 
0.117484 0.126965 7 
0.0943825 0.100871 7 
0.0921963 0.100976 7 
1.99925 2.12963 8 
1.94132 1.95224 8 
1.89065 2.27282 8 
1.88781 2.01894 8 
1.6224 1.6542 8 
1.43413 2.04653 8 
0.137908 0.150202 8 
0.133157 0.1422 8 
0.129811 0.135155 8 
0.124666 0.159559 8 
0.12284 0.140685 8 
2.25017 2.50626 9 
2.25007 2.5063 9 
1.70008 1.73851 9 
1.62372 1.86713 9 
1.2378 1.74619 9 
0.232907 0.235065 9 
0.119657 0.124583 9 
0.117848 0.142878 9 
2.13067 2.45289 10 
2.12868 2.35656 10 
1.65472 1.77147 10 
1.42107 1.49637 10 
1.17708 1.52971 10 
1.51817 1.54862 11 
1.51766 1.59205 11 
1.50857 1.54365 11 
1.33142 1.54862 11 
1.31733 1.38524 11 
1.24388 1.59782 11 
1.21637 1.23855 11 
0.587365 0.612765 11 
0.415251 0.450712 11 
1.48746 1.66318 12 
1.449 1.65933 12 
1.44549 1.63556 12 
0.985711 1.1872 12 
0.873736 1.25396 12 
1.14303 1.16149 13 
1.13281 1.21126 13 
1.13191 1.14636 13 
1.07578 1.07782 13 
2.2198 2.28133 14 
2.21941 2.28187 14 
2.21934 2.28076 14 
1.66409 2.12852 15 
1.66396 1.93859 15 
1.66371 2.12262 15 
0.609603 0.63765 15 
1.69568 1.78103 16 
1.51333 1.62971 16 
1.06878 1.19622 16 
0.411721 0.430368 16 
0.410468 0.425328 16 
0.410468 0.429747 16 
1.75723 1.85499 17 
1.75699 1.84986 17 
1.74431 1.85499 17 
0.667926 0.710693 17 
0.636326 0.689895 17 
1.57534 1.80512 18 
1.57484 1.89007 18 
1.57421 1.80612 18 
1.05502 1.06953 18 
0.566188 0.615424 18 
1.54785 1.90976 19 
1.5454 1.85242 19 
1.54497 1.85307 19 
1.06477 1.09586 19 
0.568344 0.642455 19 
0.405633 0.426201 19 
1.60462 1.7481 20 
1.60396 1.74655 20 
0.698657 0.71418 20 
