9.4951 9.49582 1 
6.69686 9.57556 1 
0.527215 1.47551 1 
0.25768 0.268235 1 
0.231121 0.232505 1 
0.219372 0.255275 1 
0.217655 0.252176 1 
0.200573 0.238299 1 
0.196494 0.240393 1 
0.122207 0.141237 1 
0.115056 0.124083 1 
0.101147 0.110965 1 
0.100894 0.107912 1 
0.100505 0.108972 1 
0.0967261 0.114941 1 
0.0930745 0.102661 1 
0.0926593 0.0943089 1 
0.0908381 0.0916826 1 
0.0905526 0.10874 1 
0.0819105 0.0968645 1 
0.0780543 0.0837733 1 
0.0780539 0.0945825 1 
0.077724 0.0837728 1 
0.0752028 0.0949891 1 
0.0729464 0.0837733 1 
0.0680212 0.069883 1 
0.0680212 0.071519 1 
0.0649221 0.0661003 1 
0.0509529 0.0564572 1 
0.0459108 0.0575842 1 
0.0277695 0.0277695 1 
0.0273028 0.0277695 1 
0.0268279 0.0282286 1 
0.02535 0.025852 1 
0.02535 0.0282286 1 
0.0237804 0.0277695 1 
7.22696 7.29903 2 
5.69643 7.31553 2 
0.439554 1.99104 2 
0.28743 0.293096 2 
0.251822 0.267078 2 
0.247705 0.274201 2 
0.243886 0.245777 2 
0.240225 0.247966 2 
0.23178 0.270145 2 
0.222042 0.244358 2 
0.220185 0.248429 2 
0.213666 0.227362 2 
0.189431 0.206195 2 
0.176437 0.200824 2 
0.173495 0.174674 2 
0.172602 0.175485 2 
0.170281 0.19432 2 
0.16405 0.1653 2 
0.15074 0.197144 2 
0.150403 0.162163 2 
0.14589 0.182951 2 
0.113144 0.115394 2 
0.0988282 0.102405 2 
0.0964653 0.0985742 2 
0.0926594 0.100384 2 
0.092097 0.142586 2 
0.0879643 0.0936278 2 
0.0872275 0.10779 2 
0.0861926 0.111543 2 
0.085592 0.0927971 2 
0.0819114 0.0904144 2 
0.0809627 0.0894112 2 
0.0796833 0.0855945 2 
0.0767245 0.0967328 2 
0.0713412 0.0725891 2 
0.0698851 0.0718786 2 
0.0578069 0.0647254 2 
0.0343864 0.035126 2 
5.57089 5.65953 3 
5.5706 5.65795 3 
5.38407 5.59986 3 
0.442753 2.05793 3 
0.284554 0.313727 3 
0.284554 0.310225 3 
0.272369 0.282332 3 
0.255422 0.284284 3 
0.226456 0.316017 3 
0.210515 0.216296 3 
0.204313 0.238884 3 
0.196035 0.240602 3 
0.19226 0.224056 3 
0.144204 0.151588 3 
0.123566 0.13452 3 
0.100249 0.111535 3 
0.0915387 0.0933462 3 
0.0901219 0.0976518 3 
0.0892684 0.103037 3 
0.0892626 0.111881 3 
0.0849897 0.0904141 3 
0.0801656 0.0981826 3 
0.0597714 0.0693286 3 
3.79736 3.79846 4 
0.986953 1.01153 4 
0.957756 1.79777 4 
0.248635 0.249926 4 
0.225999 0.254766 4 
0.220179 0.275323 4 
0.213785 0.226227 4 
0.209965 0.253652 4 
0.20824 0.266549 4 
0.191386 0.232284 4 
0.171253 0.172303 4 
0.150739 0.15361 4 
0.138567 0.199475 4 
0.122937 0.123667 4 
0.1098 0.11966 4 
0.102912 0.105136 4 
0.0803265 0.0851422 4 
0.0791986 0.0851422 4 
0.0514549 0.0616767 4 
0.0453434 0.0591233 4 
2.99297 3.71681 5 
2.98987 3.70964 5 
2.98843 3.70913 5 
2.95851 3.71534 5 
1.61197 1.61791 5 
1.54831 1.60642 5 
1.25359 1.62509 5 
0.280234 0.28324 5 
0.231623 0.245729 5 
0.228717 0.240971 5 
0.226681 0.240545 5 
0.226457 0.27811 5 
0.215463 0.233493 5 
0.215463 0.254665 5 
0.157249 0.159519 5 
0.142591 0.171103 5 
0.0894077 0.0899797 5 
0.05577 0.0616785 5 
3.04756 3.26061 6 
3.03465 3.1057 6 
2.92565 3.11537 6 
2.91805 3.11043 6 
1.45423 1.46756 6 
1.43886 1.47522 6 
1.41741 1.47522 6 
0.223771 0.261927 6 
0.221749 0.23355 6 
0.136793 0.146675 6 
0.131621 0.141504 6 
0.129557 0.137734 6 
1.3189 1.33978 7 
1.26573 1.3261 7 
0.247498 0.253956 7 
0.216945 0.264565 7 
0.213785 0.25517 7 
0.122307 0.129257 7 
0.107548 0.119438 7 
0.104026 0.114047 7 
2.04112 2.11788 8 
1.10467 1.16045 8 
0.233548 0.309685 8 
0.223486 0.283877 8 
0.135946 0.142771 8 
0.126543 0.132205 8 
1.5151 1.80573 9 
1.47944 1.72366 9 
0.942077 0.980334 9 
0.256773 0.270284 9 
0.13509 0.156675 9 
1.45346 1.78811 10 
1.45104 1.64652 10 
0.844956 0.846322 10 
0.837959 0.857397 10 
0.262173 0.274345 10 
0.23534 0.238574 10 
0.18552 0.220644 10 
0.708996 0.734689 11 
0.346249 0.347849 11 
0.761201 0.79479 12 
0.734532 0.802706 12 
0.708489 0.817887 12 
0.620936 0.626296 12 
0.408944 0.414487 12 
0.35309 0.36555 12 
0.329906 0.378968 12 
0.300375 0.380416 12 
0.237916 0.30175 12 
0.935738 0.938209 13 
0.733056 0.768894 13 
0.349314 0.384077 13 
0.278185 0.295655 13 
0.25663 0.313 13 
1.433 1.63125 14 
1.43297 1.63214 14 
1.43271 1.60514 14 
0.98539 1.02659 14 
0.357137 0.383776 14 
0.255853 0.281799 14 
0.148261 0.153708 14 
1.4436 1.62948 15 
1.44168 1.74987 15 
1.43618 1.58155 15 
0.256431 0.281068 15 
1.46013 1.56378 16 
0.458992 0.471344 17 
0.442951 0.453196 17 
0.208182 0.213786 20 
