5.7596 9.06408 1 
0.88713 2.07177 1 
0.498515 0.523504 1 
0.449155 0.467829 1 
0.348818 0.354393 1 
0.213157 0.21539 1 
0.191404 0.197311 1 
0.1814 0.227067 1 
0.178742 0.217821 1 
0.171082 0.175772 1 
0.159819 0.161908 1 
0.159819 0.171096 1 
0.151828 0.157398 1 
0.151828 0.168546 1 
0.151515 0.168833 1 
0.147677 0.155562 1 
0.144732 0.15951 1 
0.143742 0.160109 1 
0.143074 0.14993 1 
0.142065 0.15183 1 
0.140712 0.142737 1 
0.14003 0.153705 1 
0.139349 0.14993 1 
0.132302 0.145721 1 
0.128652 0.135529 1 
0.125636 0.125643 1 
0.121372 0.127525 1 
0.12059 0.125643 1 
0.120578 0.130853 1 
0.120179 0.160105 1 
0.119385 0.129015 1 
0.113212 0.122937 1 
0.111089 0.140711 1 
0.109356 0.134468 1 
0.104881 0.106692 1 
0.102578 0.103506 1 
6.36342 6.41446 2 
4.56351 6.44125 2 
0.752276 2.60778 2 
0.465261 0.539253 2 
0.4577 0.504047 2 
0.36985 0.379427 2 
0.349227 0.365948 2 
0.277322 0.31144 2 
0.257839 0.258951 2 
0.248777 0.259317 2 
0.238969 0.277149 2 
0.236972 0.237167 2 
0.236357 0.251462 2 
0.226008 0.240961 2 
0.200436 0.214052 2 
0.156179 0.158308 2 
0.152773 0.164239 2 
0.150564 0.154637 2 
0.150563 0.151513 2 
0.144736 0.167125 2 
0.144734 0.147351 2 
0.139019 0.139702 2 
0.136577 0.150244 2 
0.136222 0.153396 2 
0.122548 0.132307 2 
0.122546 0.139002 2 
0.118591 0.14038 2 
0.118577 0.133022 2 
0.118174 0.124097 2 
0.116131 0.12789 2 
0.0863781 0.0912249 2 
0.0718686 0.0901678 2 
4.10298 4.37713 3 
4.10224 4.37804 3 
4.06494 4.31639 3 
0.949289 0.966611 3 
0.634555 2.52271 3 
0.57029 0.638957 3 
0.445305 0.491458 3 
0.430113 0.440226 3 
0.400163 0.462892 3 
0.395838 0.414717 3 
0.208624 0.244705 3 
0.139346 0.148 3 
0.13158 0.140373 3 
0.12901 0.142406 3 
0.128637 0.145721 3 
0.12525 0.140374 3 
0.123327 0.124869 3 
0.119783 0.140374 3 
0.118177 0.124867 3 
0.108465 0.128263 3 
0.0841327 0.0973118 3 
0.0835604 0.0906999 3 
0.580586 2.40767 4 
0.408675 0.43454 4 
0.347587 0.353179 4 
0.342179 0.344267 4 
0.316471 0.337816 4 
0.192653 0.193395 4 
0.158609 0.160408 4 
0.144736 0.160408 4 
0.125627 0.12827 4 
0.120179 0.12448 4 
0.108025 0.119381 4 
0.1067 0.108914 4 
0.106241 0.124865 4 
0.103503 0.12448 4 
0.101637 0.116546 4 
2.27376 2.37467 5 
2.05166 2.17859 5 
0.965159 2.13999 5 
0.407271 0.41748 5 
0.186085 0.206548 5 
0.185052 0.220002 5 
0.134108 0.136233 5 
0.134105 0.143409 5 
0.126391 0.137971 5 
0.123323 0.148644 5 
0.119784 0.121375 5 
0.119385 0.121371 5 
0.114893 0.142066 5 
0.113634 0.119781 5 
2.38959 2.4176 6 
2.09441 2.10408 6 
1.94484 1.94644 6 
1.80588 1.82075 6 
1.34558 1.91013 6 
0.411937 0.435749 6 
0.318878 0.321863 6 
0.314803 0.328481 6 
0.282788 0.314651 6 
0.281258 0.290626 6 
0.258764 0.286148 6 
0.201148 0.230408 6 
0.156178 0.162187 6 
0.116546 0.122157 6 
0.113641 0.120184 6 
0.10891 0.119789 6 
0.090698 0.0943159 6 
1.64818 1.66167 7 
1.57195 1.58673 7 
1.56169 1.58803 7 
1.53796 1.60023 7 
1.5332 1.60253 7 
1.46955 1.62735 7 
1.44006 1.62887 7 
1.38925 1.64158 7 
1.13948 1.19444 7 
1.13935 1.18419 7 
0.363459 0.373963 7 
0.318577 0.342038 7 
0.307108 0.328624 7 
0.300499 0.340777 7 
0.175504 0.207704 7 
0.129377 0.13692 7 
0.125252 0.130856 7 
0.124481 0.124863 7 
0.12255 0.126392 7 
0.106689 0.112371 7 
2.49541 2.65448 8 
1.18127 1.3952 8 
1.0882 1.36205 8 
0.925806 1.42172 8 
0.340354 0.361081 8 
0.305081 0.311593 8 
0.294904 0.300188 8 
0.175498 0.177669 8 
0.126012 0.126393 8 
0.0776274 0.0846993 8 
1.47382 1.53521 9 
1.15571 1.16945 9 
1.1505 1.15608 9 
1.12022 1.26096 9 
0.909961 1.17624 9 
0.410545 0.419987 9 
0.238767 0.252018 9 
0.0987734 0.11489 9 
0.993857 1.04195 10 
0.925854 1.13154 10 
0.574888 0.611612 10 
0.507699 0.576841 10 
0.446595 0.483611 10 
0.367378 0.407264 10 
2.19746 2.34768 11 
2.19609 2.34676 11 
0.953993 1.22024 11 
0.842137 0.915143 11 
0.592906 0.625502 11 
0.54085 0.573217 11 
0.462272 0.48113 11 
0.287101 0.302591 11 
1.84013 2.01913 12 
1.84013 1.97778 12 
1.33071 1.54246 12 
1.27126 1.46593 12 
1.21332 1.39848 12 
0.713038 0.810656 12 
0.578036 0.581728 12 
1.13339 1.16257 13 
1.06229 1.12494 13 
0.79819 0.822113 13 
0.793454 0.8839 13 
0.661826 0.678388 13 
0.615465 0.873414 13 
0.555334 0.561506 13 
0.521487 0.596609 13 
0.486431 0.503164 13 
0.579775 0.679088 14 
0.547708 0.610864 14 
0.510645 0.620812 14 
0.507263 0.673355 14 
0.578704 0.64647 15 
0.983604 1.01193 16 
1.61749 1.62289 18 
1.59309 1.62289 18 
1.44918 1.51628 18 
1.37272 1.52455 18 
1.34998 1.52455 18 
1.33663 1.52608 18 
