0 0.038926 1 
0 0.0396959 1 
0 0.0433406 1 
0 0.0433477 1 
0 0.0453905 1 
0 0.04671 1 
0 0.0479851 1 
0 0.048622 1 
0 0.0504609 1 
0 0.0516398 1 
0 0.052799 1 
0 0.0533793 1 
0 0.0550454 1 
0 0.0555978 1 
0 0.0556061 1 
0 0.0587833 1 
0 0.0597984 1 
0 0.0608086 1 
0 0.0656017 1 
0 0.0674222 1 
0 0.0704993 1 
0 0.0709329 1 
0 0.070933 1 
0 0.0721984 1 
0 0.0750809 1 
0 0.0754823 1 
0 0.0754862 1 
0 0.0754897 1 
0 0.0774633 1 
0 0.0774673 1 
0 0.0774683 1 
0 0.0790135 1 
0 0.080156 1 
0 0.080533 1 
0 0.0805365 1 
0 0.081278 1 
0 0.0820279 1 
0 0.0823895 1 
0 0.0823909 1 
0 0.0834925 1 
0 0.0838535 1 
0 0.0845757 1 
0 0.0859958 1 
0 0.0863423 1 
0 0.0863433 1 
0 0.0863451 1 
0 0.0887685 1 
0 0.0887698 1 
0 0.089452 1 
0 0.0914594 1 
0 0.0924418 1 
0 0.0931045 1 
0 0.0937489 1 
0 0.0940722 1 
0 0.0943928 1 
0 0.0950331 1 
0 0.0953456 1 
0 0.0953456 1 
0 0.0969269 1 
0 0.0972346 1 
0 0.098175 1 
0 0.10031 1 
0 0.10031 1 
0 0.101211 1 
0 0.102105 1 
0 0.103579 1 
0 0.105035 1 
0 0.10618 1 
0 0.106183 1 
0 0.106751 1 
0 0.107313 1 
0 0.109553 1 
0 0.110097 1 
0 0.110378 1 
0 0.11547 1 
0 0.11547 1 
0 0.116004 1 
0 0.118333 1 
0 0.12506 1 
0 0.126741 1 
0 0.136197 1 
0 0.13774 1 
0 0.139707 1 
0 0.148134 1 
0 0.151769 1 
0 0.153752 1 
0 0.154735 1 
0 0.155517 1 
0 0.159173 1 
0 0.160692 1 
0 0.16368 1 
0 0.174434 1 
0 0.176506 1 
0 0.178561 1 
0 0.190545 1 
0 0.191657 1 
0 0.194949 1 
0 0.207893 1 
0 0.209343 1 
0 0.23219 1 
0 0.237172 1 
0 0.241606 1 
0 0.259152 1 
0 0.273491 1 
0 0.290784 1 
0 0.296771 1 
0 0.297583 1 
0 0.300719 1 
0 0.30533 1 
0 0.307602 1 
0 0.319206 1 
0 0.345999 1 
0 0.355581 1 
0 0.383635 1 
0 0.391839 1 
0 0.404543 1 
0 0.423216 1 
0 0.427208 1 
0 0.462961 1 
0 0.639575 1 
0 1.55747 1 
0 1.82094 1 
0 2.77244 1 
0 2.90384 1 
0 3.84521 1 
0 3.94663 1 
0 4.85059 1 
0 6.25394 1 
0 7.03137 1 
0 7.40784 1 
0 7.95711 1 
0 inf 1 
0 0.0381386 2 
0 0.0492367 2 
0 0.0492379 2 
0 0.0527975 2 
0 0.055044 2 
0 0.0555955 2 
0 0.0572038 2 
0 0.0582603 2 
0 0.0603034 2 
0 0.0608009 2 
0 0.0646629 2 
0 0.0651425 2 
0 0.0692019 2 
0 0.0696348 2 
0 0.0705041 2 
0 0.0709218 2 
0 0.0717785 2 
0 0.0721994 2 
0 0.0726185 2 
0 0.0730351 2 
0 0.0734478 2 
0 0.0742742 2 
0 0.0758793 2 
0 0.0778496 2 
0 0.0786236 2 
0 0.0797815 2 
0 0.0820319 2 
0 0.0823981 2 
0 0.0834894 2 
0 0.0842118 2 
0 0.0845737 2 
0 0.0845749 2 
0 0.0856362 2 
0 0.0859906 2 
0 0.0877367 2 
0 0.0880804 2 
0 0.0891086 2 
0 0.0897905 2 
0 0.0904652 2 
0 0.0917903 2 
0 0.091797 2 
0 0.0962988 2 
0 0.0966156 2 
0 0.0969297 2 
0 0.0975502 2 
0 0.0987904 2 
0 0.0990924 2 
0 0.104451 2 
0 0.104738 2 
0 0.10474 2 
0 0.105031 2 
0 0.105314 2 
0 0.105887 2 
0 0.105889 2 
0 0.107596 2 
0 0.108159 2 
0 0.108438 2 
0 0.108991 2 
0 0.110101 2 
0 0.110374 2 
0 0.11065 2 
0 0.113625 2 
0 0.115212 2 
0 0.116785 2 
0 0.117819 2 
0 0.119098 2 
0 0.12505 2 
0 0.12505 2 
0 0.127693 2 
0 0.130038 2 
0 0.139705 2 
0 0.140139 2 
0 0.141861 2 
0 0.156292 2 
0 0.158408 2 
0 0.158601 2 
0 0.162568 2 
0 0.173916 2 
0 0.179223 2 
0 0.181416 2 
0 0.181417 2 
0 0.183083 2 
0 0.183248 2 
0 0.201512 2 
0 0.201514 2 
0 0.206568 2 
0 0.210357 2 
0 0.217297 2 
0 0.218275 2 
0 0.22226 2 
0 0.236665 2 
0 0.239587 2 
0 0.242851 2 
0 0.242977 2 
0 0.259155 2 
0 0.259735 2 
0 0.275367 2 
0 0.294207 2 
0 0.300659 2 
0 0.30066 2 
0 0.302142 2 
0 0.319547 2 
0 0.333155 2 
0 0.334997 2 
0 0.342861 2 
0 0.342866 2 
0 0.38529 2 
0 0.391186 2 
0 0.428176 2 
0 0.450257 2 
0 0.451893 2 
0 0.537281 2 
0 1.48662 2 
0 1.74756 2 
0 1.94932 2 
0 2.11203 2 
0 2.16177 2 
0 3.28901 2 
0 3.33661 2 
0 4.15896 2 
0 4.41312 2 
0 4.6544 2 
0 4.68227 2 
0 6.08604 2 
0 6.22224 2 
0 6.83779 2 
0 6.94519 2 
0 inf 2 
0 0.0246199 3 
0 0.0291334 3 
0 0.0301532 3 
0 0.0396963 3 
0 0.0396988 3 
0 0.0419207 3 
0 0.0479835 3 
0 0.0533676 3 
0 0.0550553 3 
0 0.0572072 3 
0 0.0572092 3 
0 0.0572092 3 
0 0.0617916 3 
0 0.0627628 3 
0 0.0656003 3 
0 0.0669665 3 
0 0.0704995 3 
0 0.0766803 3 
0 0.0782458 3 
0 0.0812821 3 
0 0.0812841 3 
0 0.0842111 3 
0 0.0845731 3 
0 0.0859899 3 
0 0.0931003 3 
0 0.0940704 3 
0 0.0962987 3 
0 0.0962993 3 
0 0.0972396 3 
0 0.0975494 3 
0 0.0981714 3 
0 0.0984812 3 
0 0.0987843 3 
0 0.100007 3 
0 0.100311 3 
0 0.102996 3 
0 0.103573 3 
0 0.103865 3 
0 0.105036 3 
0 0.105603 3 
0 0.108155 3 
0 0.108993 3 
0 0.108998 3 
0 0.110923 3 
0 0.115213 3 
0 0.116777 3 
0 0.117045 3 
0 0.119348 3 
0 0.119597 3 
0 0.120365 3 
0 0.120865 3 
0 0.124075 3 
0 0.124326 3 
0 0.126739 3 
0 0.126742 3 
0 0.128632 3 
0 0.128875 3 
0 0.13529 3 
0 0.149556 3 
0 0.149757 3 
0 0.150365 3 
0 0.153953 3 
0 0.159365 3 
0 0.167882 3 
0 0.172338 3 
0 0.173045 3 
0 0.174435 3 
0 0.175477 3 
0 0.177027 3 
0 0.177538 3 
0 0.177876 3 
0 0.178728 3 
0 0.187662 3 
0 0.192761 3 
0 0.194796 3 
0 0.195271 3 
0 0.195418 3 
0 0.198509 3 
0 0.200316 3 
0 0.202873 3 
0 0.209919 3 
0 0.233436 3 
0 0.234084 3 
0 0.23563 3 
0 0.241982 3 
0 0.257151 3 
0 0.258442 3 
0 0.264482 3 
0 0.27596 3 
0 0.291138 3 
0 0.297317 3 
0 0.310436 3 
0 0.33544 3 
0 0.337115 3 
0 0.338588 3 
0 0.344063 3 
0 0.351471 3 
0 0.362314 3 
0 0.363226 3 
0 0.36606 3 
0 0.38494 3 
0 0.38975 3 
0 0.413438 3 
0 0.550653 3 
0 0.934705 3 
0 1.02461 3 
0 1.33537 3 
0 1.70781 3 
0 1.91769 3 
0 2.12512 3 
0 2.6189 3 
0 2.87508 3 
0 2.93207 3 
0 2.93517 3 
0 2.94429 3 
0 3.0645 3 
0 3.06564 3 
0 3.10771 3 
0 3.10837 3 
0 3.63028 3 
0 4.33182 3 
0 4.3386 3 
0 4.34098 3 
0 inf 3 
0 0.0426482 4 
0 0.0479908 4 
0 0.0577402 4 
0 0.0582549 4 
0 0.0617884 4 
0 0.0632466 4 
0 0.0651413 4 
0 0.0656021 4 
0 0.0660629 4 
0 0.0687571 4 
0 0.0700653 4 
0 0.0721994 4 
0 0.0766745 4 
0 0.0863493 4 
0 0.0863511 4 
0 0.0873878 4 
0 0.0873926 4 
0 0.0873958 4 
0 0.0894472 4 
0 0.0904583 4 
0 0.0907934 4 
0 0.0921176 4 
0 0.0930996 4 
0 0.0943961 4 
0 0.0953496 4 
0 0.0953503 4 
0 0.100308 4 
0 0.100609 4 
0 0.101509 4 
0 0.1021 4 
0 0.102103 4 
0 0.10387 4 
0 0.106467 4 
0 0.106743 4 
0 0.10675 4 
0 0.107598 4 
0 0.10816 4 
0 0.108994 4 
0 0.110924 4 
0 0.111735 4 
0 0.112823 4 
0 0.11521 4 
0 0.115741 4 
0 0.122605 4 
0 0.123347 4 
0 0.130739 4 
0 0.130967 4 
0 0.15551 4 
0 0.162176 4 
0 0.162182 4 
0 0.162192 4 
0 0.168782 4 
0 0.17374 4 
0 0.173742 4 
0 0.176339 4 
0 0.179569 4 
0 0.184075 4 
0 0.18879 4 
0 0.196804 4 
0 0.198641 4 
0 0.201975 4 
0 0.202124 4 
0 0.202713 4 
0 0.205545 4 
0 0.206132 4 
0 0.207451 4 
0 0.217162 4 
0 0.233299 4 
0 0.245507 4 
0 0.246193 4 
0 0.247541 4 
0 0.249864 4 
0 0.254071 4 
0 0.25467 4 
0 0.25467 4 
0 0.263549 4 
0 0.268673 4 
0 0.275359 4 
0 0.285756 4 
0 0.288159 4 
0 0.294789 4 
0 0.298957 4 
0 0.302532 4 
0 0.308488 4 
0 0.3184 4 
0 0.320051 4 
0 0.33122 4 
0 0.335004 4 
0 0.362978 4 
0 0.363221 4 
0 0.36323 4 
0 0.366553 4 
0 0.375375 4 
0 0.424944 4 
0 0.431653 4 
0 0.515871 4 
0 0.822532 4 
0 0.949045 4 
0 1.03253 4 
0 1.27848 4 
0 1.71155 4 
0 1.90164 4 
0 2.31396 4 
0 2.46897 4 
0 2.46939 4 
0 2.47169 4 
0 2.86578 4 
0 2.89353 4 
0 2.92292 4 
0 2.94276 4 
0 2.99434 4 
0 3.03256 4 
0 3.03555 4 
0 3.03587 4 
0 3.08329 4 
0 3.56875 4 
0 3.57104 4 
0 3.57107 4 
0 3.57151 4 
0 inf 4 
0 0.0356812 5 
0 0.0356834 5 
0 0.0486253 5 
0 0.0544928 5 
0 0.0566763 5 
0 0.0566794 5 
0 0.06179 5 
0 0.0678686 5 
0 0.0691912 5 
0 0.0691938 5 
0 0.0691975 5 
0 0.0700689 5 
0 0.076682 5 
0 0.0793917 5 
0 0.0797781 5 
0 0.0805311 5 
0 0.0834834 5 
0 0.0845658 5 
0 0.0917917 5 
0 0.095349 5 
0 0.0981705 5 
0 0.0990885 5 
0 0.0990897 5 
0 0.100003 5 
0 0.10181 5 
0 0.104739 5 
0 0.104741 5 
0 0.105321 5 
0 0.106179 5 
0 0.107028 5 
0 0.108717 5 
0 0.109276 5 
0 0.110648 5 
0 0.111195 5 
0 0.111738 5 
0 0.112822 5 
0 0.112823 5 
0 0.113091 5 
0 0.115735 5 
0 0.115739 5 
0 0.11574 5 
0 0.12036 5 
0 0.123098 5 
0 0.12793 5 
0 0.133719 5 
0 0.141428 5 
0 0.144819 5 
0 0.170756 5 
0 0.171636 5 
0 0.181089 5 
0 0.181923 5 
0 0.182422 5 
0 0.206852 5 
0 0.209632 5 
0 0.220069 5 
0 0.223259 5 
0 0.225371 5 
0 0.230958 5 
0 0.231613 5 
0 0.236399 5 
0 0.236401 5 
0 0.236403 5 
0 0.239076 5 
0 0.241847 5 
0 0.245459 5 
0 0.259034 5 
0 0.262749 5 
0 0.273151 5 
0 0.273598 5 
0 0.274368 5 
0 0.280927 5 
0 0.287328 5 
0 0.289943 5 
0 0.301933 5 
0 0.303035 5 
0 0.305691 5 
0 0.306153 5 
0 0.319708 5 
0 0.326413 5 
0 0.327361 5 
0 0.330108 5 
0 0.330155 5 
0 0.330383 5 
0 0.337777 5 
0 0.35531 5 
0 0.429487 5 
0 0.43724 5 
0 0.540373 5 
0 0.701809 5 
0 0.757943 5 
0 0.88077 5 
0 1.18462 5 
0 1.71743 5 
0 1.74596 5 
0 1.7883 5 
0 1.78932 5 
0 1.79394 5 
0 1.82464 5 
0 2.04234 5 
0 2.2207 5 
0 2.28632 5 
0 2.28811 5 
0 2.60625 5 
0 2.62701 5 
0 2.63107 5 
0 2.63159 5 
0 2.77178 5 
0 2.80682 5 
0 2.8283 5 
0 2.89042 5 
0 2.93107 5 
0 3.35565 5 
0 3.35565 5 
0 3.35575 5 
0 3.35575 5 
0 inf 5 
0 0.0320996 6 
0 0.0453917 6 
0 0.0453969 6 
0 0.0504521 6 
0 0.0504557 6 
0 0.0598006 6 
0 0.0608038 6 
0 0.062281 6 
0 0.0637299 6 
0 0.0669755 6 
0 0.0674268 6 
0 0.0683173 6 
0 0.0722005 6 
0 0.0754812 6 
0 0.0782445 6 
0 0.0816565 6 
0 0.0823925 6 
0 0.0856418 6 
0 0.088423 6 
0 0.089788 6 
0 0.0934233 6 
0 0.101501 6 
0 0.108154 6 
0 0.10844 6 
0 0.113895 6 
0 0.114947 6 
0 0.118325 6 
0 0.120104 6 
0 0.120108 6 
0 0.121365 6 
0 0.121859 6 
0 0.122855 6 
0 0.12383 6 
0 0.124075 6 
0 0.127929 6 
0 0.129108 6 
0 0.134174 6 
0 0.136192 6 
0 0.138182 6 
0 0.140136 6 
0 0.143558 6 
0 0.149554 6 
0 0.157839 6 
0 0.159744 6 
0 0.162942 6 
0 0.172405 6 
0 0.195261 6 
0 0.196495 6 
0 0.203472 6 
0 0.208181 6 
0 0.238319 6 
0 0.243601 6 
0 0.243844 6 
0 0.24755 6 
0 0.24808 6 
0 0.249858 6 
0 0.257048 6 
0 0.258451 6 
0 0.259843 6 
0 0.260903 6 
0 0.261832 6 
0 0.263668 6 
0 0.264013 6 
0 0.270597 6 
0 0.281072 6 
0 0.281795 6 
0 0.283503 6 
0 0.284781 6 
0 0.286202 6 
0 0.286487 6 
0 0.290258 6 
0 0.291519 6 
0 0.313813 6 
0 0.324815 6 
0 0.327731 6 
0 0.350316 6 
0 0.352384 6 
0 0.357168 6 
0 0.452862 6 
0 0.541997 6 
0 0.560898 6 
0 0.762058 6 
0 0.891172 6 
0 1.01806 6 
0 1.02539 6 
0 1.02601 6 
0 1.02636 6 
0 1.32777 6 
0 1.71553 6 
0 1.72476 6 
0 1.78468 6 
0 1.78997 6 
0 1.79321 6 
0 1.79565 6 
0 1.79646 6 
0 1.80313 6 
0 1.81138 6 
0 1.84485 6 
0 2.21021 6 
0 2.21412 6 
0 2.2151 6 
0 2.22006 6 
0 2.32962 6 
0 2.33325 6 
0 2.34161 6 
0 2.34603 6 
0 2.89822 6 
0 2.93877 6 
0 2.94086 6 
0 2.94342 6 
0 2.9438 6 
0 inf 6 
0 0.0280734 7 
0 0.0389276 7 
0 0.0479965 7 
0 0.0555977 7 
0 0.0572093 7 
0 0.0598059 7 
0 0.0641997 7 
0 0.0665192 7 
0 0.0704936 7 
0 0.0762765 7 
0 0.0790112 7 
0 0.0831323 7 
0 0.0901245 7 
0 0.0924436 7 
0 0.0927749 7 
0 0.0966109 7 
0 0.100612 7 
0 0.101209 7 
0 0.10387 7 
0 0.105033 7 
0 0.110363 7 
0 0.110651 7 
0 0.111742 7 
0 0.119091 7 
0 0.12236 7 
0 0.124078 7 
0 0.127212 7 
0 0.132807 7 
0 0.137962 7 
0 0.14292 7 
0 0.143138 7 
0 0.147921 7 
0 0.152765 7 
0 0.1561 7 
0 0.16368 7 
0 0.16968 7 
0 0.17651 7 
0 0.178049 7 
0 0.186036 7 
0 0.187007 7 
0 0.194789 7 
0 0.202878 7 
0 0.205255 7 
0 0.205255 7 
0 0.206284 7 
0 0.207745 7 
0 0.212643 7 
0 0.226855 7 
0 0.232442 7 
0 0.239842 7 
0 0.242841 7 
0 0.24347 7 
0 0.249374 7 
0 0.254071 7 
0 0.255268 7 
0 0.255495 7 
0 0.258567 7 
0 0.267027 7 
0 0.272603 7 
0 0.282899 7 
0 0.282933 7 
0 0.283923 7 
0 0.308595 7 
0 0.319768 7 
0 0.32205 7 
0 0.323458 7 
0 0.326679 7 
0 0.332563 7 
0 0.334471 7 
0 0.36987 7 
0 0.403806 7 
0 0.601126 7 
0 0.66403 7 
0 0.669077 7 
0 0.669847 7 
0 0.7118 7 
0 0.741303 7 
0 0.788854 7 
0 0.873617 7 
0 0.873617 7 
0 0.882007 7 
0 0.882007 7 
0 0.883873 7 
0 1.12086 7 
0 1.12175 7 
0 1.12346 7 
0 1.13152 7 
0 1.45433 7 
0 1.48475 7 
0 1.51386 7 
0 1.53461 7 
0 1.68911 7 
0 1.70362 7 
0 1.70674 7 
0 1.70909 7 
0 1.71427 7 
0 1.7341 7 
0 1.87194 7 
0 2.31902 7 
0 2.32039 7 
0 2.3238 7 
0 2.32896 7 
0 2.89257 7 
0 2.91099 7 
0 2.91161 7 
0 2.91362 7 
0 2.91379 7 
0 inf 7 
0 0.0738567 8 
0 0.0742696 8 
0 0.0774638 8 
0 0.080152 8 
0 0.0901218 8 
0 0.0911256 8 
0 0.0924418 8 
0 0.0927737 8 
0 0.0947093 8 
0 0.0966115 8 
0 0.0997046 8 
0 0.102701 8 
0 0.103874 8 
0 0.107319 8 
0 0.113895 8 
0 0.115479 8 
0 0.116519 8 
0 0.119365 8 
0 0.121865 8 
0 0.130967 8 
0 0.130988 8 
0 0.133507 8 
0 0.135519 8 
0 0.135971 8 
0 0.144815 8 
0 0.151565 8 
0 0.152759 8 
0 0.153744 8 
0 0.154336 8 
0 0.155905 8 
0 0.156093 8 
0 0.156096 8 
0 0.158986 8 
0 0.161068 8 
0 0.161447 8 
0 0.16219 8 
0 0.17022 8 
0 0.200772 8 
0 0.211785 8 
0 0.214057 8 
0 0.220944 8 
0 0.226502 8 
0 0.229294 8 
0 0.230947 8 
0 0.247665 8 
0 0.263459 8 
0 0.269473 8 
0 0.277853 8 
0 0.279077 8 
0 0.282182 8 
0 0.283147 8 
0 0.284748 8 
0 0.288592 8 
0 0.291297 8 
0 0.295535 8 
0 0.298923 8 
0 0.300519 8 
0 0.301747 8 
0 0.303126 8 
0 0.306511 8 
0 0.307695 8 
0 0.383392 8 
0 0.424968 8 
0 0.518282 8 
0 0.526635 8 
0 0.534339 8 
0 0.579671 8 
0 0.598945 8 
0 0.813529 8 
0 0.833626 8 
0 0.869898 8 
0 0.871116 8 
0 0.880084 8 
0 0.883279 8 
0 0.896172 8 
0 0.896172 8 
0 0.899433 8 
0 0.912314 8 
0 0.929655 8 
0 0.955138 8 
0 0.971279 8 
0 1.19233 8 
0 1.21631 8 
0 1.23704 8 
0 1.33071 8 
0 1.46223 8 
0 1.5732 8 
0 1.64769 8 
0 1.68934 8 
0 1.68961 8 
0 1.69636 8 
0 1.70685 8 
0 1.7219 8 
0 1.77186 8 
0 1.78878 8 
0 1.79022 8 
0 1.79428 8 
0 1.79461 8 
0 2.88984 8 
0 2.88999 8 
0 2.89009 8 
0 2.89031 8 
0 2.90203 8 
0 inf 8 
0 0.070499 9 
0 0.073855 9 
0 0.0809084 9 
0 0.0863411 9 
0 0.0937449 9 
0 0.0984773 9 
0 0.100907 9 
0 0.101808 9 
0 0.102698 9 
0 0.110102 9 
0 0.112556 9 
0 0.114951 9 
0 0.116786 9 
0 0.11858 9 
0 0.119095 9 
0 0.123822 9 
0 0.124078 9 
0 0.125297 9 
0 0.125297 9 
0 0.126971 9 
0 0.128621 9 
0 0.131204 9 
0 0.150163 9 
0 0.15036 9 
0 0.159168 9 
0 0.163191 9 
0 0.163192 9 
0 0.163748 9 
0 0.174964 9 
0 0.174964 9 
0 0.175471 9 
0 0.181583 9 
0 0.184571 9 
0 0.1915 9 
0 0.197267 9 
0 0.198646 9 
0 0.212212 9 
0 0.225505 9 
0 0.22831 9 
0 0.231345 9 
0 0.252394 9 
0 0.25903 9 
0 0.260081 9 
0 0.265384 9 
0 0.286479 9 
0 0.288136 9 
0 0.299711 9 
0 0.328743 9 
0 0.328997 9 
0 0.329204 9 
0 0.329387 9 
0 0.330926 9 
0 0.401234 9 
0 0.408492 9 
0 0.468142 9 
0 0.47223 9 
0 0.477561 9 
0 0.481257 9 
0 0.48842 9 
0 0.49403 9 
0 0.499702 9 
0 0.558846 9 
0 0.635508 9 
0 0.739118 9 
0 0.74602 9 
0 0.756452 9 
0 0.760926 9 
0 0.761101 9 
0 0.76527 9 
0 0.770424 9 
0 0.788984 9 
0 0.878701 9 
0 0.882385 9 
0 0.888034 9 
0 0.888191 9 
0 0.888579 9 
0 0.88858 9 
0 0.934745 9 
0 0.969163 9 
0 1.0686 9 
0 1.32404 9 
0 1.4342 9 
0 1.53562 9 
0 1.56754 9 
0 1.68681 9 
0 1.6892 9 
0 1.69142 9 
0 1.69371 9 
0 1.69993 9 
0 1.70889 9 
0 1.70908 9 
0 1.71455 9 
0 1.73471 9 
0 1.7357 9 
0 2.89238 9 
0 2.89456 9 
0 2.8949 9 
0 2.89624 9 
0 2.9056 9 
0 inf 9 
0 0.0592888 10 
0 0.0632736 10 
0 0.0722002 10 
0 0.0782426 10 
0 0.08091 10 
0 0.0816523 10 
0 0.0873846 10 
0 0.0917902 10 
0 0.104741 10 
0 0.10816 10 
0 0.115478 10 
0 0.123578 10 
0 0.123578 10 
0 0.124807 10 
0 0.129339 10 
0 0.131895 10 
0 0.14545 10 
0 0.14545 10 
0 0.149555 10 
0 0.149762 10 
0 0.151354 10 
0 0.15197 10 
0 0.167343 10 
0 0.167887 10 
0 0.168783 10 
0 0.173401 10 
0 0.185284 10 
0 0.190446 10 
0 0.208034 10 
0 0.215467 10 
0 0.224568 10 
0 0.247789 10 
0 0.254309 10 
0 0.255263 10 
0 0.268796 10 
0 0.269912 10 
0 0.275037 10 
0 0.280276 10 
0 0.287111 10 
0 0.288795 10 
0 0.292234 10 
0 0.292763 10 
0 0.29502 10 
0 0.297381 10 
0 0.303402 10 
0 0.336102 10 
0 0.40613 10 
0 0.417381 10 
0 0.470552 10 
0 0.512489 10 
0 0.514935 10 
0 0.530875 10 
0 0.531155 10 
0 0.534284 10 
0 0.550846 10 
0 0.553505 10 
0 0.587923 10 
0 0.589305 10 
0 0.591154 10 
0 0.672042 10 
0 0.673259 10 
0 0.695737 10 
0 0.70954 10 
0 0.747644 10 
0 0.748007 10 
0 0.748657 10 
0 0.852252 10 
0 0.856708 10 
0 0.860661 10 
0 0.900269 10 
0 0.90027 10 
0 0.930076 10 
0 0.930564 10 
0 0.940787 10 
0 0.943663 10 
0 1.00698 10 
0 1.0938 10 
0 1.09866 10 
0 1.57098 10 
0 1.57166 10 
0 1.69345 10 
0 1.70273 10 
0 1.70777 10 
0 1.70814 10 
0 1.71104 10 
0 1.71743 10 
0 1.72667 10 
0 1.72922 10 
0 1.75689 10 
0 1.75697 10 
0 2.88891 10 
0 2.88891 10 
0 2.89037 10 
0 2.89037 10 
0 2.89042 10 
0 inf 10 
0 0.0669752 11 
0 0.0867005 11 
0 0.093747 11 
0 0.0972298 11 
0 0.105892 11 
0 0.107034 11 
0 0.11037 11 
0 0.130508 11 
0 0.135965 11 
0 0.140577 11 
0 0.143358 11 
0 0.147104 11 
0 0.155705 11 
0 0.156099 11 
0 0.15783 11 
0 0.164242 11 
0 0.168056 11 
0 0.181075 11 
0 0.19307 11 
0 0.198637 11 
0 0.198637 11 
0 0.203909 11 
0 0.20436 11 
0 0.209918 11 
0 0.210692 11 
0 0.226465 11 
0 0.233435 11 
0 0.234517 11 
0 0.241475 11 
0 0.242603 11 
0 0.25241 11 
0 0.274563 11 
0 0.275114 11 
0 0.276136 11 
0 0.293477 11 
0 0.2989 11 
0 0.320532 11 
0 0.352676 11 
0 0.360915 11 
0 0.364265 11 
0 0.364515 11 
0 0.367164 11 
0 0.369795 11 
0 0.369796 11 
0 0.385527 11 
0 0.405886 11 
0 0.496318 11 
0 0.507352 11 
0 0.508068 11 
0 0.524668 11 
0 0.529269 11 
0 0.530355 11 
0 0.53292 11 
0 0.534736 11 
0 0.564806 11 
0 0.570359 11 
0 0.65719 11 
0 0.694846 11 
0 0.699411 11 
0 0.7273 11 
0 0.727758 11 
0 0.732118 11 
0 0.819107 11 
0 0.82435 11 
0 0.825636 11 
0 0.848444 11 
0 0.874891 11 
0 0.874935 11 
0 0.875247 11 
0 0.875549 11 
0 0.893375 11 
0 0.9139 11 
0 0.91496 11 
0 1.02338 11 
0 1.57978 11 
0 1.58193 11 
0 1.68914 11 
0 1.68941 11 
0 1.70912 11 
0 1.7199 11 
0 1.72516 11 
0 1.74509 11 
0 1.74537 11 
0 1.75175 11 
0 1.75199 11 
0 1.7542 11 
0 2.89133 11 
0 2.89316 11 
0 2.89337 11 
0 2.89518 11 
0 2.8956 11 
0 inf 11 
0 0.0914851 12 
0 0.101201 12 
0 0.101201 12 
0 0.108733 12 
0 0.111196 12 
0 0.125778 12 
0 0.126015 12 
0 0.131203 12 
0 0.138617 12 
0 0.150177 12 
0 0.160309 12 
0 0.173739 12 
0 0.175992 12 
0 0.186519 12 
0 0.192281 12 
0 0.197415 12 
0 0.219435 12 
0 0.224158 12 
0 0.23004 12 
0 0.240315 12 
0 0.243481 12 
0 0.247922 12 
0 0.251313 12 
0 0.252871 12 
0 0.256093 12 
0 0.267212 12 
0 0.26992 12 
0 0.279186 12 
0 0.289948 12 
0 0.290958 12 
0 0.291894 12 
0 0.29755 12 
0 0.299478 12 
0 0.309661 12 
0 0.31548 12 
0 0.41973 12 
0 0.423761 12 
0 0.424118 12 
0 0.427205 12 
0 0.429721 12 
0 0.441647 12 
0 0.500101 12 
0 0.515788 12 
0 0.515789 12 
0 0.51696 12 
0 0.520591 12 
0 0.521653 12 
0 0.52472 12 
0 0.536148 12 
0 0.536317 12 
0 0.539924 12 
0 0.541163 12 
0 0.550763 12 
0 0.550983 12 
0 0.551201 12 
0 0.57512 12 
0 0.580626 12 
0 0.711417 12 
0 0.71858 12 
0 0.759548 12 
0 0.850147 12 
0 0.864255 12 
0 0.872368 12 
0 0.879289 12 
0 0.88232 12 
0 0.883247 12 
0 0.885303 12 
0 1.05174 12 
0 1.0848 12 
0 1.16276 12 
0 1.17459 12 
0 1.19768 12 
0 1.68465 12 
0 1.68472 12 
0 1.70967 12 
0 1.71036 12 
0 1.71132 12 
0 1.71275 12 
0 1.71275 12 
0 1.71546 12 
0 1.72448 12 
0 1.72785 12 
0 2.89161 12 
0 2.89538 12 
0 2.89648 12 
0 2.90287 12 
0 2.90588 12 
0 inf 12 
0 0.0480269 13 
0 0.0522045 13 
0 0.0550322 13 
0 0.0627948 13 
0 0.074684 13 
0 0.0978679 13 
0 0.180248 13 
0 0.18025 13 
0 0.191671 13 
0 0.195414 13 
0 0.19543 13 
0 0.199559 13 
0 0.202113 13 
0 0.203905 13 
0 0.206575 13 
0 0.212121 13 
0 0.218967 13 
0 0.219233 13 
0 0.22712 13 
0 0.246322 13 
0 0.250346 13 
0 0.25035 13 
0 0.257393 13 
0 0.258451 13 
0 0.262985 13 
0 0.287005 13 
0 0.289533 13 
0 0.289847 13 
0 0.294926 13 
0 0.297586 13 
0 0.33141 13 
0 0.36066 13 
0 0.404476 13 
0 0.413874 13 
0 0.41498 13 
0 0.418757 13 
0 0.420856 13 
0 0.422212 13 
0 0.426897 13 
0 0.427393 13 
0 0.430313 13 
0 0.441309 13 
0 0.451896 13 
0 0.467426 13 
0 0.471751 13 
0 0.474632 13 
0 0.482761 13 
0 0.539084 13 
0 0.549773 13 
0 0.55768 13 
0 0.567164 13 
0 0.60035 13 
0 0.611949 13 
0 0.614322 13 
0 0.730294 13 
0 0.803024 13 
0 0.813709 13 
0 0.823888 13 
0 0.870141 13 
0 0.871255 13 
0 0.874969 13 
0 0.875246 13 
0 0.875938 13 
0 1.18273 13 
0 1.21361 13 
0 1.40844 13 
0 1.56998 13 
0 1.68235 13 
0 1.68251 13 
0 1.68712 13 
0 1.68728 13 
0 1.68749 13 
0 1.70701 13 
0 1.70738 13 
0 1.71228 13 
0 1.71355 13 
0 1.71638 13 
0 2.02985 13 
0 2.88897 13 
0 2.88931 13 
0 2.8929 13 
0 2.89323 13 
0 2.89549 13 
0 inf 13 
0 0.0873748 14 
0 0.0911413 14 
0 0.123101 14 
0 0.15841 14 
0 0.15841 14 
0 0.161432 14 
0 0.172331 14 
0 0.17651 14 
0 0.18457 14 
0 0.190381 14 
0 0.190548 14 
0 0.195408 14 
0 0.200923 14 
0 0.207012 14 
0 0.207451 14 
0 0.211503 14 
0 0.221032 14 
0 0.223349 14 
0 0.22375 14 
0 0.225244 14 
0 0.229508 14 
0 0.233434 14 
0 0.238828 14 
0 0.246942 14 
0 0.252277 14 
0 0.253714 14 
0 0.261826 14 
0 0.262064 14 
0 0.275255 14 
0 0.279182 14 
0 0.279957 14 
0 0.281246 14 
0 0.364681 14 
0 0.365926 14 
0 0.388493 14 
0 0.407094 14 
0 0.408283 14 
0 0.428808 14 
0 0.432506 14 
0 0.485706 14 
0 0.522727 14 
0 0.524493 14 
0 0.532236 14 
0 0.571419 14 
0 0.576255 14 
0 0.577306 14 
0 0.583571 14 
0 0.598072 14 
0 0.605325 14 
0 0.605925 14 
0 0.618784 14 
0 0.661122 14 
0 0.675993 14 
0 0.708942 14 
0 0.710391 14 
0 0.722449 14 
0 0.725839 14 
0 0.872263 14 
0 0.883873 14 
0 0.889614 14 
0 0.893591 14 
0 1.24944 14 
0 1.43002 14 
0 1.55789 14 
0 1.58152 14 
0 1.68345 14 
0 1.69121 14 
0 1.69149 14 
0 1.69207 14 
0 1.70979 14 
0 1.71602 14 
0 1.72089 14 
0 1.72089 14 
0 1.72532 14 
0 2.09559 14 
0 2.88997 14 
0 2.89207 14 
0 2.89211 14 
0 2.89233 14 
0 inf 14 
0 0.0592671 15 
0 0.0950401 15 
0 0.101511 15 
0 0.120622 15 
0 0.123343 15 
0 0.13281 15 
0 0.139937 15 
0 0.159748 15 
0 0.161817 15 
0 0.16368 15 
0 0.183737 15 
0 0.190378 15 
0 0.194007 15 
0 0.197422 15 
0 0.201965 15 
0 0.202271 15 
0 0.204504 15 
0 0.208465 15 
0 0.209191 15 
0 0.209773 15 
0 0.211929 15 
0 0.212643 15 
0 0.212788 15 
0 0.21378 15 
0 0.222938 15 
0 0.224438 15 
0 0.229642 15 
0 0.230556 15 
0 0.23844 15 
0 0.24198 15 
0 0.299213 15 
0 0.379983 15 
0 0.382448 15 
0 0.382527 15 
0 0.384975 15 
0 0.42572 15 
0 0.438759 15 
0 0.482549 15 
0 0.516517 15 
0 0.565532 15 
0 0.568951 15 
0 0.570653 15 
0 0.584842 15 
0 0.59918 15 
0 0.605622 15 
0 0.607965 15 
0 0.609363 15 
0 0.655235 15 
0 0.697089 15 
0 0.700902 15 
0 0.701423 15 
0 0.702632 15 
0 0.835503 15 
0 0.836663 15 
0 0.837388 15 
0 0.875662 15 
0 0.892595 15 
0 0.893782 15 
0 0.896355 15 
0 1.03766 15 
0 1.56687 15 
0 1.60074 15 
0 1.60193 15 
0 1.69135 15 
0 1.70834 15 
0 1.71763 15 
0 1.71821 15 
0 1.71869 15 
0 1.74583 15 
0 1.74833 15 
0 1.74859 15 
0 2.88875 15 
0 2.89106 15 
0 2.89178 15 
0 2.89178 15 
0 inf 15 
0 0.0950209 16 
0 0.100328 16 
0 0.103577 16 
0 0.10703 16 
0 0.11255 16 
0 0.11255 16 
0 0.164605 16 
0 0.165891 16 
0 0.166799 16 
0 0.167537 16 
0 0.173915 16 
0 0.176511 16 
0 0.177367 16 
0 0.188458 16 
0 0.188967 16 
0 0.191014 16 
0 0.192278 16 
0 0.198179 16 
0 0.207443 16 
0 0.227376 16 
0 0.228971 16 
0 0.242471 16 
0 0.257039 16 
0 0.261706 16 
0 0.264127 16 
0 0.265841 16 
0 0.272599 16 
0 0.395539 16 
0 0.396763 16 
0 0.397068 16 
0 0.397068 16 
0 0.516282 16 
0 0.529356 16 
0 0.534964 16 
0 0.534964 16 
0 0.538577 16 
0 0.553041 16 
0 0.554517 16 
0 0.556316 16 
0 0.561829 16 
0 0.56988 16 
0 0.585054 16 
0 0.656663 16 
0 0.691947 16 
0 0.811199 16 
0 0.812933 16 
0 0.817869 16 
0 0.859217 16 
0 0.862034 16 
0 0.884856 16 
0 0.895208 16 
0 0.897169 16 
0 0.897338 16 
0 0.906076 16 
0 0.911678 16 
0 0.973627 16 
0 1.56773 16 
0 1.57298 16 
0 1.57368 16 
0 1.69552 16 
0 1.70681 16 
0 1.70807 16 
0 1.70852 16 
0 1.70871 16 
0 1.74588 16 
0 1.7468 16 
0 1.75122 16 
0 2.88956 16 
0 2.90145 16 
0 2.90165 16 
0 2.90165 16 
0 inf 16 
0 0.0766652 17 
0 0.0766654 17 
0 0.0812712 17 
0 0.101201 17 
0 0.130966 17 
0 0.152366 17 
0 0.154538 17 
0 0.159814 17 
0 0.17855 17 
0 0.183077 17 
0 0.185566 17 
0 0.193223 17 
0 0.194483 17 
0 0.195893 17 
0 0.19604 17 
0 0.196511 17 
0 0.202118 17 
0 0.202118 17 
0 0.202865 17 
0 0.205387 17 
0 0.214623 17 
0 0.214624 17 
0 0.214626 17 
0 0.214911 17 
0 0.225101 17 
0 0.375409 17 
0 0.379425 17 
0 0.38221 17 
0 0.383793 17 
0 0.522711 17 
0 0.544929 17 
0 0.548256 17 
0 0.551398 17 
0 0.553509 17 
0 0.558739 17 
0 0.561337 17 
0 0.563764 17 
0 0.6068 17 
0 0.615333 17 
0 0.616907 17 
0 0.723414 17 
0 0.821644 17 
0 0.836124 17 
0 0.844061 17 
0 0.870628 17 
0 0.878322 17 
0 0.878426 17 
0 0.879529 17 
0 0.892629 17 
0 1.17808 17 
0 1.17813 17 
0 1.18896 17 
0 1.38259 17 
0 1.41563 17 
0 1.58879 17 
0 1.70495 17 
0 1.70653 17 
0 1.71079 17 
0 1.7108 17 
0 1.71181 17 
0 1.71316 17 
0 1.71516 17 
0 1.71516 17 
0 2.90024 17 
0 2.90934 17 
0 2.91924 17 
0 2.91924 17 
0 inf 17 
0 0.062288 18 
0 0.0641793 18 
0 0.0934168 18 
0 0.0947177 18 
0 0.0950235 18 
0 0.113897 18 
0 0.116785 18 
0 0.132368 18 
0 0.132597 18 
0 0.133735 18 
0 0.176498 18 
0 0.18009 18 
0 0.182409 18 
0 0.195871 18 
0 0.209047 18 
0 0.210361 18 
0 0.210361 18 
0 0.220885 18 
0 0.230555 18 
0 0.233945 18 
0 0.23485 18 
0 0.284324 18 
0 0.288134 18 
0 0.294379 18 
0 0.409169 18 
0 0.411384 18 
0 0.414248 18 
0 0.414467 18 
0 0.467296 18 
0 0.483238 18 
0 0.503088 18 
0 0.507585 18 
0 0.528409 18 
0 0.537564 18 
0 0.544288 18 
0 0.54451 18 
0 0.5694 18 
0 0.571472 18 
0 0.57232 18 
0 0.813418 18 
0 0.853988 18 
0 0.85484 18 
0 0.872056 18 
0 0.872888 18 
0 0.872992 18 
0 0.872993 18 
0 1.01352 18 
0 1.04601 18 
0 1.06062 18 
0 1.0966 18 
0 1.15338 18 
0 1.58981 18 
0 1.68983 18 
0 1.69984 18 
0 1.70269 18 
0 1.70269 18 
0 1.71364 18 
0 1.71519 18 
0 1.71567 18 
0 1.71576 18 
0 2.89808 18 
0 2.9013 18 
0 2.90142 18 
0 inf 18 
0 0.0544867 19 
0 0.075105 19 
0 0.077879 19 
0 0.0911135 19 
0 0.101206 19 
0 0.103583 19 
0 0.122856 19 
0 0.130502 19 
0 0.1344 19 
0 0.169514 19 
0 0.175143 19 
0 0.176005 19 
0 0.194186 19 
0 0.205685 19 
0 0.209067 19 
0 0.210367 19 
0 0.236525 19 
0 0.236525 19 
0 0.257157 19 
0 0.281357 19 
0 0.284037 19 
0 0.303101 19 
0 0.307863 19 
0 0.317171 19 
0 0.415635 19 
0 0.435573 19 
0 0.438693 19 
0 0.463262 19 
0 0.545231 19 
0 0.549218 19 
0 0.564966 19 
0 0.569564 19 
0 0.570811 19 
0 0.57166 19 
0 0.573382 19 
0 0.574016 19 
0 0.63008 19 
0 0.63008 19 
0 0.646235 19 
0 0.726925 19 
0 0.733485 19 
0 0.74117 19 
0 0.870316 19 
0 0.872089 19 
0 0.87209 19 
0 0.942336 19 
0 1.07411 19 
0 1.47232 19 
0 1.58712 19 
0 1.68809 19 
0 1.70864 19 
0 1.71256 19 
0 1.71547 19 
0 1.71574 19 
0 1.73735 19 
0 1.7377 19 
0 2.89772 19 
0 2.8983 19 
0 2.90031 19 
0 inf 19 
0 0.0566547 20 
0 0.0808963 20 
0 0.112271 20 
0 0.137304 20 
0 0.142504 20 
0 0.14752 20 
0 0.155525 20 
0 0.156365 20 
0 0.157656 20 
0 0.162762 20 
0 0.16795 20 
0 0.168131 20 
0 0.201514 20 
0 0.201515 20 
0 0.203462 20 
0 0.206429 20 
0 0.206869 20 
0 0.237047 20 
0 0.24285 20 
0 0.24397 20 
0 0.244838 20 
0 0.246201 20 
0 0.282645 20 
0 0.299816 20 
0 0.299817 20 
0 0.316601 20 
0 0.329729 20 
0 0.337362 20 
0 0.344675 20 
0 0.398294 20 
0 0.412646 20 
0 0.47822 20 
0 0.50203 20 
0 0.551065 20 
0 0.556944 20 
0 0.558466 20 
0 0.567622 20 
0 0.567623 20 
0 0.733895 20 
0 0.734391 20 
0 0.735875 20 
0 0.907272 20 
0 0.943182 20 
0 0.955917 20 
0 1.57166 20 
0 1.57391 20 
0 1.70189 20 
0 1.70628 20 
0 1.71962 20 
0 1.71971 20 
0 2.54784 20 
0 2.89034 20 
0 2.89042 20 
0 2.89042 20 
0 3.08157 20 
0 inf 20 
