0 0.0256339 1 
0 0.0276935 1 
0 0.0330961 1 
0 0.0391591 1 
0 0.0391618 1 
0 0.0443992 1 
0 0.0490852 1 
0 0.0490873 1 
0 0.0490916 1 
0 0.0490937 1 
0 0.0501873 1 
0 0.0501894 1 
0 0.0512801 1 
0 0.052336 1 
0 0.0533652 1 
0 0.0543816 1 
0 0.0563585 1 
0 0.0573228 1 
0 0.0573228 1 
0 0.0573232 1 
0 0.0573246 1 
0 0.0610278 1 
0 0.0619177 1 
0 0.0636619 1 
0 0.0645154 1 
0 0.0645171 1 
0 0.068632 1 
0 0.0694245 1 
0 0.0701991 1 
0 0.0709904 1 
0 0.0747378 1 
0 0.076195 1 
0 0.0790174 1 
0 0.079018 1 
0 0.0824078 1 
0 0.085023 1 
0 0.0850283 1 
0 0.0856615 1 
0 0.0856677 1 
0 0.0869378 1 
0 0.0875672 1 
0 0.0900305 1 
0 0.0906361 1 
0 0.0924327 1 
0 0.0953467 1 
0 0.0964888 1 
0 0.0970557 1 
0 0.0981779 1 
0 0.0992898 1 
0 0.09929 1 
0 0.0998349 1 
0 0.099838 1 
0 0.100384 1 
0 0.103076 1 
0 0.104131 1 
0 0.104133 1 
0 0.107239 1 
0 0.107246 1 
0 0.111247 1 
0 0.11125 1 
0 0.111746 1 
0 0.113684 1 
0 0.114168 1 
0 0.114644 1 
0 0.116535 1 
0 0.117013 1 
0 0.121601 1 
0 0.123392 1 
0 0.12818 1 
0 0.131552 1 
0 0.132383 1 
0 0.133203 1 
0 0.135248 1 
0 0.135249 1 
0 0.13525 1 
0 0.138056 1 
0 0.138452 1 
0 0.138453 1 
0 0.14002 1 
0 0.140803 1 
0 0.141192 1 
0 0.14312 1 
0 0.145766 1 
0 0.146149 1 
0 0.14764 1 
0 0.149481 1 
0 0.151658 1 
0 0.155939 1 
0 0.157337 1 
0 0.163146 1 
0 0.164484 1 
0 0.164486 1 
0 0.164819 1 
0 0.166799 1 
0 0.169397 1 
0 0.180671 1 
0 0.195508 1 
0 0.224705 1 
0 0.226651 1 
0 0.239344 1 
0 0.242299 1 
0 0.245672 1 
0 0.247 1 
0 0.274315 1 
0 0.27749 1 
0 0.288333 1 
0 0.312756 1 
0 0.34632 1 
0 0.369832 1 
0 0.412587 1 
0 0.415183 1 
0 0.417946 1 
0 0.425355 1 
0 0.426665 1 
0 0.431506 1 
0 0.549207 1 
0 0.551295 1 
0 0.580256 1 
0 0.58327 1 
0 0.636173 1 
0 0.766697 1 
0 1.30504 1 
0 1.90576 1 
0 2.02213 1 
0 2.14927 1 
0 3.31946 1 
0 3.60841 1 
0 4.72444 1 
0 4.89197 1 
0 4.97791 1 
0 5.58677 1 
0 inf 1 
0 0.0330932 2 
0 0.0468098 2 
0 0.0479665 2 
0 0.0479665 2 
0 0.0479708 2 
0 0.0490937 2 
0 0.050192 2 
0 0.0512801 2 
0 0.0533652 2 
0 0.0582712 2 
0 0.0582712 2 
0 0.0610261 2 
0 0.0627983 2 
0 0.0636635 2 
0 0.0653531 2 
0 0.0661884 2 
0 0.0686335 2 
0 0.0694215 2 
0 0.0702096 2 
0 0.07098 2 
0 0.0709809 2 
0 0.070983 2 
0 0.0709845 2 
0 0.0717539 2 
0 0.073267 2 
0 0.0747377 2 
0 0.0747399 2 
0 0.0783181 2 
0 0.0797083 2 
0 0.0797083 2 
0 0.0810666 2 
0 0.0869403 2 
0 0.0881855 2 
0 0.0953406 2 
0 0.0964831 2 
0 0.0981704 2 
0 0.0981708 2 
0 0.0981778 2 
0 0.100377 2 
0 0.10201 2 
0 0.103607 2 
0 0.103611 2 
0 0.105182 2 
0 0.10977 2 
0 0.110758 2 
0 0.114167 2 
0 0.114169 2 
0 0.11417 2 
0 0.117484 2 
0 0.121152 2 
0 0.121153 2 
0 0.121153 2 
0 0.121599 2 
0 0.123832 2 
0 0.125159 2 
0 0.128174 2 
0 0.131968 2 
0 0.135248 2 
0 0.138843 2 
0 0.147638 2 
0 0.147644 2 
0 0.149481 2 
0 0.150573 2 
0 0.153463 2 
0 0.153813 2 
0 0.158721 2 
0 0.160439 2 
0 0.161121 2 
0 0.161121 2 
0 0.167786 2 
0 0.169403 2 
0 0.178533 2 
0 0.180665 2 
0 0.180673 2 
0 0.180963 2 
0 0.182478 2 
0 0.193262 2 
0 0.198027 2 
0 0.202404 2 
0 0.20509 2 
0 0.209309 2 
0 0.212166 2 
0 0.219285 2 
0 0.228337 2 
0 0.230719 2 
0 0.235653 2 
0 0.237505 2 
0 0.237742 2 
0 0.24656 2 
0 0.257848 2 
0 0.272912 2 
0 0.276694 2 
0 0.287578 2 
0 0.304588 2 
0 0.316056 2 
0 0.317467 2 
0 0.317469 2 
0 0.319674 2 
0 0.324063 2 
0 0.344423 2 
0 0.364145 2 
0 0.365796 2 
0 0.466206 2 
0 0.468897 2 
0 0.473018 2 
0 0.476709 2 
0 0.47894 2 
0 0.487667 2 
0 0.490813 2 
0 0.50427 2 
0 0.520075 2 
0 0.639697 2 
0 0.799704 2 
0 1.12316 2 
0 1.49555 2 
0 1.53571 2 
0 1.55181 2 
0 2.16619 2 
0 2.9786 2 
0 3.44255 2 
0 3.58171 2 
0 3.59805 2 
0 3.74028 2 
0 3.74468 2 
0 4.4061 2 
0 4.57626 2 
0 4.62075 2 
0 inf 2 
0 0.0234116 3 
0 0.0256339 3 
0 0.0314033 3 
0 0.034716 3 
0 0.0405346 3 
0 0.0405424 3 
0 0.0444016 3 
0 0.0468054 3 
0 0.0543825 3 
0 0.0543845 3 
0 0.0573228 3 
0 0.0582711 3 
0 0.0592025 3 
0 0.0601229 3 
0 0.0619143 3 
0 0.0636569 3 
0 0.0709815 3 
0 0.0740117 3 
0 0.0754684 3 
0 0.0776112 3 
0 0.0797043 3 
0 0.0810732 3 
0 0.0830653 3 
0 0.0837238 3 
0 0.0843763 3 
0 0.0850279 3 
0 0.0906363 3 
0 0.0941915 3 
0 0.100927 3 
0 0.103604 3 
0 0.103604 3 
0 0.104656 3 
0 0.107753 3 
0 0.110268 3 
0 0.115123 3 
0 0.115596 3 
0 0.117945 3 
0 0.119328 3 
0 0.119785 3 
0 0.119788 3 
0 0.119793 3 
0 0.12115 3 
0 0.121603 3 
0 0.126892 3 
0 0.13197 3 
0 0.133614 3 
0 0.13686 3 
0 0.14273 3 
0 0.143502 3 
0 0.148007 3 
0 0.151662 3 
0 0.154879 3 
0 0.15803 3 
0 0.158032 3 
0 0.161459 3 
0 0.163144 3 
0 0.166146 3 
0 0.168469 3 
0 0.170048 3 
0 0.171016 3 
0 0.172292 3 
0 0.173557 3 
0 0.177918 3 
0 0.182174 3 
0 0.186635 3 
0 0.19098 3 
0 0.194141 3 
0 0.1958 3 
0 0.201858 3 
0 0.203475 3 
0 0.20774 3 
0 0.218275 3 
0 0.219529 3 
0 0.22349 3 
0 0.235653 3 
0 0.236347 3 
0 0.246332 3 
0 0.257849 3 
0 0.270089 3 
0 0.280631 3 
0 0.287381 3 
0 0.288898 3 
0 0.294538 3 
0 0.296012 3 
0 0.301721 3 
0 0.303709 3 
0 0.310821 3 
0 0.313622 3 
0 0.313646 3 
0 0.325425 3 
0 0.32746 3 
0 0.350093 3 
0 0.359171 3 
0 0.364018 3 
0 0.412272 3 
0 0.412938 3 
0 0.447839 3 
0 0.46607 3 
0 0.494226 3 
0 0.505676 3 
0 0.518244 3 
0 0.527721 3 
0 0.532322 3 
0 0.685732 3 
0 0.93699 3 
0 1.09407 3 
0 1.21015 3 
0 1.42216 3 
0 1.44601 3 
0 1.82583 3 
0 2.11818 3 
0 2.29584 3 
0 2.31068 3 
0 2.31106 3 
0 2.34003 3 
0 2.67161 3 
0 3.16826 3 
0 3.40185 3 
0 3.41315 3 
0 3.41315 3 
0 3.6197 3 
0 3.67925 3 
0 3.68234 3 
0 inf 3 
0 0.0276859 4 
0 0.0479669 4 
0 0.052328 4 
0 0.0533659 4 
0 0.0553794 4 
0 0.0573246 4 
0 0.0582712 4 
0 0.0582729 4 
0 0.0582819 4 
0 0.0601212 4 
0 0.0636635 4 
0 0.0645155 4 
0 0.0661887 4 
0 0.066189 4 
0 0.0661896 4 
0 0.0670113 4 
0 0.0678256 4 
0 0.0709815 4 
0 0.0740086 4 
0 0.0754692 4 
0 0.0761946 4 
0 0.0790097 4 
0 0.0830723 4 
0 0.0850205 4 
0 0.0850235 4 
0 0.0856701 4 
0 0.0881838 4 
0 0.0894159 4 
0 0.0900268 4 
0 0.0936082 4 
0 0.105178 4 
0 0.105179 4 
0 0.110762 4 
0 0.117019 4 
0 0.123828 4 
0 0.127745 4 
0 0.128179 4 
0 0.130719 4 
0 0.131558 4 
0 0.136055 4 
0 0.13766 4 
0 0.141965 4 
0 0.142344 4 
0 0.143879 4 
0 0.148376 4 
0 0.151667 4 
0 0.153458 4 
0 0.164483 4 
0 0.167778 4 
0 0.176681 4 
0 0.176993 4 
0 0.184563 4 
0 0.1927 4 
0 0.198025 4 
0 0.20267 4 
0 0.205088 4 
0 0.205353 4 
0 0.215503 4 
0 0.221024 4 
0 0.221025 4 
0 0.228106 4 
0 0.238435 4 
0 0.24674 4 
0 0.257639 4 
0 0.258057 4 
0 0.267235 4 
0 0.269679 4 
0 0.272718 4 
0 0.276697 4 
0 0.283949 4 
0 0.297309 4 
0 0.302245 4 
0 0.302967 4 
0 0.321382 4 
0 0.323215 4 
0 0.32596 4 
0 0.326958 4 
0 0.327759 4 
0 0.33211 4 
0 0.346484 4 
0 0.362249 4 
0 0.36586 4 
0 0.393296 4 
0 0.402457 4 
0 0.40767 4 
0 0.407731 4 
0 0.414655 4 
0 0.415315 4 
0 0.428151 4 
0 0.430193 4 
0 0.432858 4 
0 0.4371 4 
0 0.443076 4 
0 0.452494 4 
0 0.456143 4 
0 0.704016 4 
0 0.912727 4 
0 1.0339 4 
0 1.10641 4 
0 1.39867 4 
0 1.41624 4 
0 1.4977 4 
0 1.586 4 
0 1.91029 4 
0 1.91664 4 
0 1.91884 4 
0 1.91944 4 
0 2.01079 4 
0 2.30136 4 
0 2.30386 4 
0 2.30433 4 
0 2.40013 4 
0 2.76411 4 
0 3.22527 4 
0 3.22573 4 
0 3.22582 4 
0 3.3923 4 
0 3.39333 4 
0 3.46148 4 
0 inf 4 
0 0.0362576 5 
0 0.0405346 5 
0 0.0479612 5 
0 0.0490895 5 
0 0.0512719 5 
0 0.0573265 5 
0 0.0582693 5 
0 0.0601195 5 
0 0.0601229 5 
0 0.0627867 5 
0 0.0670135 5 
0 0.0670157 5 
0 0.0678256 5 
0 0.0694215 5 
0 0.0747399 5 
0 0.0761883 5 
0 0.085023 5 
0 0.08819 5 
0 0.0906378 5 
0 0.0930212 5 
0 0.0964839 5 
0 0.0976206 5 
0 0.101472 5 
0 0.102011 5 
0 0.102544 5 
0 0.102545 5 
0 0.107756 5 
0 0.108764 5 
0 0.108764 5 
0 0.11174 5 
0 0.113205 5 
0 0.126461 5 
0 0.127322 5 
0 0.128177 5 
0 0.129882 5 
0 0.132791 5 
0 0.13885 5 
0 0.141579 5 
0 0.147642 5 
0 0.150578 5 
0 0.152031 5 
0 0.154526 5 
0 0.154527 5 
0 0.155938 5 
0 0.161119 5 
0 0.167777 5 
0 0.169074 5 
0 0.172918 5 
0 0.172921 5 
0 0.175752 5 
0 0.178536 5 
0 0.179451 5 
0 0.179757 5 
0 0.180064 5 
0 0.182179 5 
0 0.186338 5 
0 0.193548 5 
0 0.19383 5 
0 0.194393 5 
0 0.218532 5 
0 0.223243 5 
0 0.245899 5 
0 0.250098 5 
0 0.2553 5 
0 0.275702 5 
0 0.275702 5 
0 0.279271 5 
0 0.280042 5 
0 0.280626 5 
0 0.280633 5 
0 0.284502 5 
0 0.285463 5 
0 0.309582 5 
0 0.322551 5 
0 0.349802 5 
0 0.363427 5 
0 0.364179 5 
0 0.374122 5 
0 0.429972 5 
0 0.433386 5 
0 0.454133 5 
0 0.457866 5 
0 0.458453 5 
0 0.46037 5 
0 0.460954 5 
0 0.486286 5 
0 0.491328 5 
0 0.734613 5 
0 0.956484 5 
0 1.02223 5 
0 1.09239 5 
0 1.09407 5 
0 1.36856 5 
0 1.37072 5 
0 1.37156 5 
0 1.3718 5 
0 1.38646 5 
0 1.38839 5 
0 1.38981 5 
0 1.39233 5 
0 1.43519 5 
0 1.44472 5 
0 1.58113 5 
0 1.71524 5 
0 1.71668 5 
0 1.71668 5 
0 1.72517 5 
0 1.94184 5 
0 1.95397 5 
0 2.31976 5 
0 2.35229 5 
0 2.37532 5 
0 2.79817 5 
0 2.80081 5 
0 2.8094 5 
0 inf 5 
0 0.0468009 6 
0 0.053371 6 
0 0.0582765 6 
0 0.0610278 6 
0 0.0610312 6 
0 0.0619143 6 
0 0.0628017 6 
0 0.0686311 6 
0 0.0694296 6 
0 0.0694305 6 
0 0.0709756 6 
0 0.0709889 6 
0 0.0732614 6 
0 0.07474 6 
0 0.0803878 6 
0 0.0817395 6 
0 0.0850264 6 
0 0.0900298 6 
0 0.0906371 6 
0 0.104132 6 
0 0.108261 6 
0 0.10926 6 
0 0.109764 6 
0 0.110262 6 
0 0.110769 6 
0 0.11174 6 
0 0.11607 6 
0 0.117475 6 
0 0.117479 6 
0 0.124269 6 
0 0.12427 6 
0 0.124273 6 
0 0.130719 6 
0 0.132382 6 
0 0.13362 6 
0 0.13805 6 
0 0.147266 6 
0 0.152027 6 
0 0.153461 6 
0 0.154529 6 
0 0.155936 6 
0 0.157334 6 
0 0.158721 6 
0 0.168433 6 
0 0.169729 6 
0 0.171972 6 
0 0.173235 6 
0 0.176061 6 
0 0.17976 6 
0 0.181575 6 
0 0.197469 6 
0 0.198852 6 
0 0.207743 6 
0 0.208006 6 
0 0.212172 6 
0 0.218279 6 
0 0.232608 6 
0 0.242978 6 
0 0.256146 6 
0 0.260385 6 
0 0.265382 6 
0 0.272514 6 
0 0.30389 6 
0 0.305508 6 
0 0.312193 6 
0 0.32631 6 
0 0.332577 6 
0 0.367167 6 
0 0.367912 6 
0 0.379826 6 
0 0.391141 6 
0 0.394101 6 
0 0.407506 6 
0 0.433444 6 
0 0.433949 6 
0 0.442944 6 
0 0.487703 6 
0 0.490391 6 
0 0.493396 6 
0 0.839783 6 
0 0.949704 6 
0 1.00284 6 
0 1.01869 6 
0 1.01912 6 
0 1.02011 6 
0 1.02083 6 
0 1.02083 6 
0 1.03186 6 
0 1.03292 6 
0 1.03575 6 
0 1.07475 6 
0 1.15334 6 
0 1.29775 6 
0 1.39554 6 
0 1.39687 6 
0 1.48358 6 
0 1.56193 6 
0 1.57164 6 
0 1.59324 6 
0 1.59616 6 
0 1.59688 6 
0 1.60236 6 
0 1.62803 6 
0 1.63694 6 
0 1.66133 6 
0 1.67586 6 
0 1.67664 6 
0 1.67837 6 
0 1.69072 6 
0 1.70588 6 
0 1.80713 6 
0 inf 6 
0 0.0553703 7 
0 0.0582712 7 
0 0.0582747 7 
0 0.0686305 7 
0 0.0740086 7 
0 0.0747377 7 
0 0.0768922 7 
0 0.0776125 7 
0 0.0790137 7 
0 0.0797095 7 
0 0.0850168 7 
0 0.0850274 7 
0 0.0881862 7 
0 0.09064 7 
0 0.0924357 7 
0 0.097057 7 
0 0.0998345 7 
0 0.107751 7 
0 0.113204 7 
0 0.117941 7 
0 0.122498 7 
0 0.134434 7 
0 0.136054 7 
0 0.136846 7 
0 0.136854 7 
0 0.138448 7 
0 0.138843 7 
0 0.144637 7 
0 0.15488 7 
0 0.162134 7 
0 0.163482 7 
0 0.164153 7 
0 0.169723 7 
0 0.171011 7 
0 0.175753 7 
0 0.177924 7 
0 0.178522 7 
0 0.179147 7 
0 0.185745 7 
0 0.18897 7 
0 0.190984 7 
0 0.194391 7 
0 0.194673 7 
0 0.195241 7 
0 0.210885 7 
0 0.224184 7 
0 0.228059 7 
0 0.236545 7 
0 0.243877 7 
0 0.2658 7 
0 0.272308 7 
0 0.272516 7 
0 0.278866 7 
0 0.285275 7 
0 0.311698 7 
0 0.313292 7 
0 0.314166 7 
0 0.317459 7 
0 0.351062 7 
0 0.35153 7 
0 0.352773 7 
0 0.352774 7 
0 0.382968 7 
0 0.390583 7 
0 0.395599 7 
0 0.396014 7 
0 0.40574 7 
0 0.411077 7 
0 0.446339 7 
0 0.448908 7 
0 0.455688 7 
0 0.475118 7 
0 0.632805 7 
0 0.636001 7 
0 0.702613 7 
0 0.941653 7 
0 0.998707 7 
0 1.01322 7 
0 1.02826 7 
0 1.0296 7 
0 1.04059 7 
0 1.04494 7 
0 1.05142 7 
0 1.05163 7 
0 1.06067 7 
0 1.06797 7 
0 1.10239 7 
0 1.18075 7 
0 1.21756 7 
0 1.25015 7 
0 1.2696 7 
0 1.40862 7 
0 1.40944 7 
0 1.40987 7 
0 1.41537 7 
0 1.42697 7 
0 1.42886 7 
0 1.43039 7 
0 1.43173 7 
0 1.43676 7 
0 1.55059 7 
0 1.57126 7 
0 1.59379 7 
0 1.6002 7 
0 1.60037 7 
0 1.60874 7 
0 1.70347 7 
0 inf 7 
0 0.0653563 8 
0 0.0694215 8 
0 0.0709939 8 
0 0.0797043 8 
0 0.082418 8 
0 0.0850346 8 
0 0.0936075 8 
0 0.101465 8 
0 0.11417 8 
0 0.117011 8 
0 0.117947 8 
0 0.120694 8 
0 0.122499 8 
0 0.122946 8 
0 0.124714 8 
0 0.129455 8 
0 0.130718 8 
0 0.134844 8 
0 0.136051 8 
0 0.136859 8 
0 0.142736 8 
0 0.148379 8 
0 0.150211 8 
0 0.154179 8 
0 0.161454 8 
0 0.167125 8 
0 0.171335 8 
0 0.175127 8 
0 0.176062 8 
0 0.176993 8 
0 0.182179 8 
0 0.184567 8 
0 0.189207 8 
0 0.195234 8 
0 0.196031 8 
0 0.200179 8 
0 0.200499 8 
0 0.200527 8 
0 0.204822 8 
0 0.209083 8 
0 0.211917 8 
0 0.214997 8 
0 0.217556 8 
0 0.223757 8 
0 0.229059 8 
0 0.229291 8 
0 0.252916 8 
0 0.253135 8 
0 0.262689 8 
0 0.269679 8 
0 0.300789 8 
0 0.321223 8 
0 0.321223 8 
0 0.379957 8 
0 0.386378 8 
0 0.396976 8 
0 0.397665 8 
0 0.398078 8 
0 0.405036 8 
0 0.406251 8 
0 0.414294 8 
0 0.418133 8 
0 0.433565 8 
0 0.434392 8 
0 0.519819 8 
0 0.568144 8 
0 0.57752 8 
0 0.619953 8 
0 0.737285 8 
0 0.769512 8 
0 0.800327 8 
0 0.964578 8 
0 0.971367 8 
0 0.97819 8 
0 0.985408 8 
0 0.993957 8 
0 1.00073 8 
0 1.00384 8 
0 1.00497 8 
0 1.00579 8 
0 1.01416 8 
0 1.02734 8 
0 1.03686 8 
0 1.03892 8 
0 1.03981 8 
0 1.04005 8 
0 1.0813 8 
0 1.0866 8 
0 1.10071 8 
0 1.11206 8 
0 1.14615 8 
0 1.15888 8 
0 1.22786 8 
0 1.39992 8 
0 1.40149 8 
0 1.40399 8 
0 1.40613 8 
0 1.40691 8 
0 1.57523 8 
0 1.57749 8 
0 1.57759 8 
0 1.5822 8 
0 1.58459 8 
0 inf 8 
0 0.052326 9 
0 0.0776179 9 
0 0.0824053 9 
0 0.0918306 9 
0 0.09243 9 
0 0.0924321 9 
0 0.0942096 9 
0 0.0992844 9 
0 0.109269 9 
0 0.110262 9 
0 0.110262 9 
0 0.114169 9 
0 0.128185 9 
0 0.129875 9 
0 0.129875 9 
0 0.129876 9 
0 0.130297 9 
0 0.13727 9 
0 0.140816 9 
0 0.141575 9 
0 0.148004 9 
0 0.148009 9 
0 0.150944 9 
0 0.152063 9 
0 0.156324 9 
0 0.157331 9 
0 0.160095 9 
0 0.163488 9 
0 0.16778 9 
0 0.175128 9 
0 0.188968 9 
0 0.216012 9 
0 0.226166 9 
0 0.238852 9 
0 0.239574 9 
0 0.24068 9 
0 0.241588 9 
0 0.242753 9 
0 0.244544 9 
0 0.258723 9 
0 0.267027 9 
0 0.274911 9 
0 0.274913 9 
0 0.278083 9 
0 0.289088 9 
0 0.302438 9 
0 0.308012 9 
0 0.313111 9 
0 0.329429 9 
0 0.330296 9 
0 0.330623 9 
0 0.331419 9 
0 0.36465 9 
0 0.365703 9 
0 0.382391 9 
0 0.440031 9 
0 0.440031 9 
0 0.517182 9 
0 0.575064 9 
0 0.603574 9 
0 0.612224 9 
0 0.629165 9 
0 0.754033 9 
0 0.771278 9 
0 0.771692 9 
0 0.776574 9 
0 0.786672 9 
0 0.804842 9 
0 0.946815 9 
0 0.977445 9 
0 0.979236 9 
0 0.9823 9 
0 0.994287 9 
0 0.994948 9 
0 0.999145 9 
0 1.0009 9 
0 1.00698 9 
0 1.01783 9 
0 1.0324 9 
0 1.03452 9 
0 1.05774 9 
0 1.06284 9 
0 1.07269 9 
0 1.07749 9 
0 1.08718 9 
0 1.08718 9 
0 1.13827 9 
0 1.1402 9 
0 1.14265 9 
0 1.39875 9 
0 1.40032 9 
0 1.40125 9 
0 1.42047 9 
0 1.42109 9 
0 1.57258 9 
0 1.57293 9 
0 1.57293 9 
0 1.57332 9 
0 1.57572 9 
0 inf 9 
0 0.0906417 10 
0 0.0918378 10 
0 0.0936091 10 
0 0.0964874 10 
0 0.099846 10 
0 0.112236 10 
0 0.112724 10 
0 0.115132 10 
0 0.117004 10 
0 0.11932 10 
0 0.119334 10 
0 0.119788 10 
0 0.122942 10 
0 0.12384 10 
0 0.127323 10 
0 0.129034 10 
0 0.130307 10 
0 0.133203 10 
0 0.134845 10 
0 0.140419 10 
0 0.155937 10 
0 0.171016 10 
0 0.171685 10 
0 0.174183 10 
0 0.183969 10 
0 0.193826 10 
0 0.194142 10 
0 0.203436 10 
0 0.204779 10 
0 0.218284 10 
0 0.235425 10 
0 0.242312 10 
0 0.245221 10 
0 0.256143 10 
0 0.26745 10 
0 0.271909 10 
0 0.272106 10 
0 0.276102 10 
0 0.279648 10 
0 0.279846 10 
0 0.302744 10 
0 0.328799 10 
0 0.330813 10 
0 0.333593 10 
0 0.337179 10 
0 0.339456 10 
0 0.34038 10 
0 0.340742 10 
0 0.409605 10 
0 0.410806 10 
0 0.422536 10 
0 0.422923 10 
0 0.434804 10 
0 0.449294 10 
0 0.460846 10 
0 0.543714 10 
0 0.566909 10 
0 0.694542 10 
0 0.704167 10 
0 0.705404 10 
0 0.709353 10 
0 0.710973 10 
0 0.777091 10 
0 0.913551 10 
0 0.935761 10 
0 0.941363 10 
0 0.953846 10 
0 0.973567 10 
0 1.00188 10 
0 1.00847 10 
0 1.02768 10 
0 1.02949 10 
0 1.03474 10 
0 1.05391 10 
0 1.06472 10 
0 1.08023 10 
0 1.08023 10 
0 1.08671 10 
0 1.089 10 
0 1.10001 10 
0 1.10275 10 
0 1.14104 10 
0 1.14104 10 
0 1.3993 10 
0 1.40617 10 
0 1.40681 10 
0 1.41322 10 
0 1.43255 10 
0 1.43267 10 
0 1.435 10 
0 1.57939 10 
0 1.58165 10 
0 1.5919 10 
0 1.60533 10 
0 1.60669 10 
0 inf 10 
0 0.0694139 11 
0 0.0797083 11 
0 0.0987282 11 
0 0.108276 11 
0 0.109767 11 
0 0.113207 11 
0 0.117009 11 
0 0.126894 11 
0 0.128178 11 
0 0.147636 11 
0 0.15203 11 
0 0.153456 11 
0 0.155276 11 
0 0.15594 11 
0 0.159069 11 
0 0.164147 11 
0 0.168089 11 
0 0.17105 11 
0 0.176071 11 
0 0.193502 11 
0 0.194389 11 
0 0.218995 11 
0 0.219283 11 
0 0.221032 11 
0 0.222013 11 
0 0.225198 11 
0 0.229063 11 
0 0.23543 11 
0 0.236572 11 
0 0.252698 11 
0 0.253134 11 
0 0.256146 11 
0 0.261225 11 
0 0.273912 11 
0 0.279066 11 
0 0.290598 11 
0 0.293788 11 
0 0.294156 11 
0 0.334411 11 
0 0.334411 11 
0 0.349276 11 
0 0.357532 11 
0 0.361303 11 
0 0.381113 11 
0 0.393374 11 
0 0.436028 11 
0 0.442686 11 
0 0.444982 11 
0 0.445645 11 
0 0.446995 11 
0 0.468983 11 
0 0.524857 11 
0 0.667188 11 
0 0.675266 11 
0 0.683653 11 
0 0.684294 11 
0 0.689318 11 
0 0.692172 11 
0 0.694386 11 
0 0.71551 11 
0 0.726824 11 
0 0.800544 11 
0 0.880082 11 
0 0.917139 11 
0 0.925519 11 
0 0.930888 11 
0 0.972276 11 
0 0.992182 11 
0 1.00548 11 
0 1.00584 11 
0 1.00796 11 
0 1.01572 11 
0 1.01616 11 
0 1.01622 11 
0 1.02347 11 
0 1.07864 11 
0 1.0794 11 
0 1.08026 11 
0 1.11599 11 
0 1.11623 11 
0 1.11844 11 
0 1.40539 11 
0 1.40924 11 
0 1.42097 11 
0 1.4227 11 
0 1.42834 11 
0 1.5761 11 
0 1.57735 11 
0 1.58549 11 
0 1.58704 11 
0 1.58714 11 
0 inf 11 
0 0.0645057 12 
0 0.0686213 12 
0 0.0875613 12 
0 0.0998366 12 
0 0.100927 12 
0 0.15629 12 
0 0.15629 12 
0 0.165481 12 
0 0.179755 12 
0 0.187803 12 
0 0.188677 12 
0 0.188677 12 
0 0.193833 12 
0 0.204278 12 
0 0.210126 12 
0 0.213954 12 
0 0.220984 12 
0 0.224704 12 
0 0.259544 12 
0 0.260809 12 
0 0.267853 12 
0 0.26806 12 
0 0.2701 12 
0 0.277489 12 
0 0.279068 12 
0 0.283545 12 
0 0.288326 12 
0 0.290032 12 
0 0.290408 12 
0 0.291351 12 
0 0.293416 12 
0 0.297121 12 
0 0.297489 12 
0 0.304368 12 
0 0.307473 12 
0 0.309368 12 
0 0.314666 12 
0 0.326121 12 
0 0.330792 12 
0 0.350735 12 
0 0.355678 12 
0 0.367196 12 
0 0.367941 12 
0 0.373114 12 
0 0.395353 12 
0 0.45631 12 
0 0.457634 12 
0 0.533851 12 
0 0.536002 12 
0 0.622254 12 
0 0.657413 12 
0 0.665692 12 
0 0.698703 12 
0 0.731934 12 
0 0.7852 12 
0 0.785758 12 
0 0.815175 12 
0 0.823797 12 
0 0.885757 12 
0 0.88872 12 
0 0.941189 12 
0 0.941189 12 
0 0.988985 12 
0 0.988985 12 
0 0.996071 12 
0 0.997389 12 
0 1.00177 12 
0 1.00177 12 
0 1.00352 12 
0 1.01136 12 
0 1.02819 12 
0 1.02877 12 
0 1.03274 12 
0 1.03429 12 
0 1.05499 12 
0 1.05795 12 
0 1.0877 12 
0 1.39459 12 
0 1.39459 12 
0 1.40129 12 
0 1.40293 12 
0 1.40305 12 
0 1.57443 12 
0 1.5761 12 
0 1.58016 12 
0 1.58293 12 
0 1.58335 12 
0 inf 12 
0 0.0856652 13 
0 0.110759 13 
0 0.141573 13 
0 0.144635 13 
0 0.153811 13 
0 0.158379 13 
0 0.160475 13 
0 0.161494 13 
0 0.161494 13 
0 0.166118 13 
0 0.18368 13 
0 0.185158 13 
0 0.185158 13 
0 0.19963 13 
0 0.203482 13 
0 0.203749 13 
0 0.212183 13 
0 0.212434 13 
0 0.213204 13 
0 0.214995 13 
0 0.216273 13 
0 0.221273 13 
0 0.223001 13 
0 0.251393 13 
0 0.258695 13 
0 0.283741 13 
0 0.284894 13 
0 0.299517 13 
0 0.300969 13 
0 0.309408 13 
0 0.311694 13 
0 0.313062 13 
0 0.322712 13 
0 0.326121 13 
0 0.326286 13 
0 0.329462 13 
0 0.333428 13 
0 0.333592 13 
0 0.340739 13 
0 0.37061 13 
0 0.44093 13 
0 0.443531 13 
0 0.460854 13 
0 0.475824 13 
0 0.503665 13 
0 0.51047 13 
0 0.536728 13 
0 0.661508 13 
0 0.681295 13 
0 0.682293 13 
0 0.705959 13 
0 0.71029 13 
0 0.740268 13 
0 0.742926 13 
0 0.752593 13 
0 0.98321 13 
0 0.98385 13 
0 0.984101 13 
0 0.985519 13 
0 0.987434 13 
0 0.987462 13 
0 0.98904 13 
0 0.989927 13 
0 0.998049 13 
0 0.998049 13 
0 1.05337 13 
0 1.05358 13 
0 1.054 13 
0 1.07035 13 
0 1.08433 13 
0 1.10834 13 
0 1.11007 13 
0 1.11214 13 
0 1.40192 13 
0 1.40192 13 
0 1.44538 13 
0 1.44689 13 
0 1.45426 13 
0 1.57342 13 
0 1.57877 13 
0 1.5812 13 
0 1.58133 13 
0 1.5822 13 
0 inf 13 
0 0.0702102 14 
0 0.0725115 14 
0 0.114646 14 
0 0.133609 14 
0 0.147633 14 
0 0.151663 14 
0 0.154884 14 
0 0.158414 14 
0 0.159066 14 
0 0.162136 14 
0 0.165791 14 
0 0.169119 14 
0 0.17946 14 
0 0.186636 14 
0 0.190362 14 
0 0.204281 14 
0 0.232377 14 
0 0.243207 14 
0 0.24701 14 
0 0.250532 14 
0 0.251203 14 
0 0.256152 14 
0 0.258721 14 
0 0.261876 14 
0 0.263947 14 
0 0.265384 14 
0 0.271506 14 
0 0.272118 14 
0 0.298591 14 
0 0.300202 14 
0 0.304548 14 
0 0.307412 14 
0 0.320019 14 
0 0.320178 14 
0 0.329962 14 
0 0.333434 14 
0 0.352434 14 
0 0.358134 14 
0 0.371791 14 
0 0.385673 14 
0 0.394795 14 
0 0.39684 14 
0 0.407327 14 
0 0.516442 14 
0 0.607283 14 
0 0.692961 14 
0 0.694145 14 
0 0.706115 14 
0 0.708205 14 
0 0.70921 14 
0 0.734173 14 
0 0.950385 14 
0 0.955615 14 
0 0.955615 14 
0 0.995521 14 
0 1.02587 14 
0 1.02906 14 
0 1.02928 14 
0 1.0383 14 
0 1.05334 14 
0 1.08057 14 
0 1.0886 14 
0 1.09026 14 
0 1.09031 14 
0 1.20582 14 
0 1.21843 14 
0 1.22457 14 
0 1.22515 14 
0 1.27518 14 
0 1.27582 14 
0 1.39491 14 
0 1.39554 14 
0 1.41985 14 
0 1.42182 14 
0 1.42182 14 
0 1.59482 14 
0 1.60884 14 
0 1.63049 14 
0 1.63059 14 
0 inf 14 
0 0.0987346 15 
0 0.124275 15 
0 0.127744 15 
0 0.152742 15 
0 0.156985 15 
0 0.159446 15 
0 0.174504 15 
0 0.175129 15 
0 0.185455 15 
0 0.188124 15 
0 0.206959 15 
0 0.210128 15 
0 0.210321 15 
0 0.210321 15 
0 0.211648 15 
0 0.21553 15 
0 0.222507 15 
0 0.222752 15 
0 0.228105 15 
0 0.240907 15 
0 0.242944 15 
0 0.257204 15 
0 0.267232 15 
0 0.270098 15 
0 0.270908 15 
0 0.273109 15 
0 0.281023 15 
0 0.283347 15 
0 0.283347 15 
0 0.284888 15 
0 0.309719 15 
0 0.313934 15 
0 0.321549 15 
0 0.321551 15 
0 0.322198 15 
0 0.3224 15 
0 0.330257 15 
0 0.341221 15 
0 0.375894 15 
0 0.40014 15 
0 0.495552 15 
0 0.496304 15 
0 0.551317 15 
0 0.574953 15 
0 0.712062 15 
0 0.715132 15 
0 0.716968 15 
0 0.717502 15 
0 0.805461 15 
0 0.942758 15 
0 0.944383 15 
0 0.947394 15 
0 0.996148 15 
0 0.997421 15 
0 1.00478 15 
0 1.0051 15 
0 1.01032 15 
0 1.01048 15 
0 1.09776 15 
0 1.09781 15 
0 1.09826 15 
0 1.1051 15 
0 1.10928 15 
0 1.11933 15 
0 1.12148 15 
0 1.12619 15 
0 1.12619 15 
0 1.39518 15 
0 1.39518 15 
0 1.39597 15 
0 1.39597 15 
0 1.57512 15 
0 1.594 15 
0 1.59499 15 
0 1.59623 15 
0 inf 15 
0 0.10201 16 
0 0.10201 16 
0 0.102542 16 
0 0.11321 16 
0 0.124278 16 
0 0.138449 16 
0 0.138844 16 
0 0.16973 16 
0 0.176358 16 
0 0.18751 16 
0 0.192695 16 
0 0.198602 16 
0 0.200223 16 
0 0.200525 16 
0 0.208029 16 
0 0.228778 16 
0 0.230923 16 
0 0.23931 16 
0 0.255069 16 
0 0.273511 16 
0 0.279868 16 
0 0.282384 16 
0 0.297482 16 
0 0.301111 16 
0 0.3083 16 
0 0.31236 16 
0 0.312536 16 
0 0.316598 16 
0 0.336864 16 
0 0.337514 16 
0 0.337514 16 
0 0.342507 16 
0 0.352757 16 
0 0.383122 16 
0 0.392305 16 
0 0.406548 16 
0 0.442882 16 
0 0.565734 16 
0 0.62093 16 
0 0.684614 16 
0 0.68677 16 
0 0.689783 16 
0 0.691301 16 
0 0.691538 16 
0 0.708274 16 
0 0.71382 16 
0 0.714127 16 
0 0.771565 16 
0 0.832988 16 
0 0.835023 16 
0 0.987323 16 
0 0.995498 16 
0 1.00628 16 
0 1.00758 16 
0 1.0114 16 
0 1.02704 16 
0 1.03739 16 
0 1.0469 16 
0 1.04894 16 
0 1.06126 16 
0 1.10046 16 
0 1.1006 16 
0 1.1015 16 
0 1.39777 16 
0 1.40106 16 
0 1.40133 16 
0 1.40164 16 
0 1.57735 16 
0 1.57773 16 
0 1.57773 16 
0 1.57773 16 
0 inf 16 
0 0.119322 17 
0 0.127746 17 
0 0.13566 17 
0 0.141188 17 
0 0.141589 17 
0 0.143894 17 
0 0.152426 17 
0 0.153097 17 
0 0.160818 17 
0 0.169764 17 
0 0.172643 17 
0 0.176977 17 
0 0.192649 17 
0 0.193271 17 
0 0.194658 17 
0 0.197147 17 
0 0.254669 17 
0 0.295464 17 
0 0.298418 17 
0 0.305484 17 
0 0.320365 17 
0 0.326295 17 
0 0.353057 17 
0 0.355062 17 
0 0.38038 17 
0 0.380524 17 
0 0.382973 17 
0 0.395733 17 
0 0.396838 17 
0 0.404087 17 
0 0.405035 17 
0 0.408437 17 
0 0.411074 17 
0 0.421207 17 
0 0.421207 17 
0 0.450143 17 
0 0.454504 17 
0 0.463451 17 
0 0.479025 17 
0 0.609808 17 
0 0.667436 17 
0 0.712218 17 
0 0.713064 17 
0 0.713754 17 
0 0.714898 17 
0 0.726304 17 
0 0.96911 17 
0 0.998519 17 
0 1.00635 17 
0 1.00842 17 
0 1.01016 17 
0 1.01054 17 
0 1.01117 17 
0 1.01284 17 
0 1.01549 17 
0 1.07153 17 
0 1.07566 17 
0 1.07815 17 
0 1.09509 17 
0 1.40893 17 
0 1.43252 17 
0 1.43333 17 
0 1.43962 17 
0 1.57721 17 
0 1.58057 17 
0 1.58317 17 
0 1.58327 17 
0 inf 17 
0 0.0662123 18 
0 0.0888209 18 
0 0.0981928 18 
0 0.104138 18 
0 0.10928 18 
0 0.134847 18 
0 0.144265 18 
0 0.147272 18 
0 0.181527 18 
0 0.181528 18 
0 0.191224 18 
0 0.203436 18 
0 0.203751 18 
0 0.223976 18 
0 0.239347 18 
0 0.253162 18 
0 0.253163 18 
0 0.255072 18 
0 0.256997 18 
0 0.270117 18 
0 0.271098 18 
0 0.28141 18 
0 0.282962 18 
0 0.285276 18 
0 0.298795 18 
0 0.307466 18 
0 0.316746 18 
0 0.32344 18 
0 0.33606 18 
0 0.346473 18 
0 0.353979 18 
0 0.393791 18 
0 0.399316 18 
0 0.407865 18 
0 0.482699 18 
0 0.748492 18 
0 0.749881 18 
0 0.750172 18 
0 0.750537 18 
0 0.754043 18 
0 0.771277 18 
0 0.778278 18 
0 0.905423 18 
0 0.939674 18 
0 1.00834 18 
0 1.00851 18 
0 1.0161 18 
0 1.0161 18 
0 1.01637 18 
0 1.01783 18 
0 1.08717 18 
0 1.09841 18 
0 1.12988 18 
0 1.13041 18 
0 1.13065 18 
0 1.39746 18 
0 1.39965 18 
0 1.40032 18 
0 1.4025 18 
0 1.57499 18 
0 1.57499 18 
0 1.60273 18 
0 2.54815 18 
0 inf 18 
0 0.0709672 19 
0 0.099834 19 
0 0.124708 19 
0 0.124712 19 
0 0.124716 19 
0 0.129874 19 
0 0.129877 19 
0 0.146892 19 
0 0.148375 19 
0 0.16614 19 
0 0.173236 19 
0 0.201039 19 
0 0.214222 19 
0 0.222505 19 
0 0.239809 19 
0 0.265801 19 
0 0.284315 19 
0 0.286229 19 
0 0.286427 19 
0 0.286433 19 
0 0.290785 19 
0 0.293042 19 
0 0.294369 19 
0 0.309047 19 
0 0.313818 19 
0 0.33894 19 
0 0.338958 19 
0 0.343592 19 
0 0.348521 19 
0 0.396317 19 
0 0.401369 19 
0 0.403004 19 
0 0.410143 19 
0 0.529752 19 
0 0.656185 19 
0 0.696361 19 
0 0.745806 19 
0 0.75122 19 
0 0.751439 19 
0 0.876004 19 
0 0.878814 19 
0 0.907899 19 
0 0.942293 19 
0 1.00177 19 
0 1.00243 19 
0 1.00483 19 
0 1.02851 19 
0 1.07414 19 
0 1.0749 19 
0 1.12032 19 
0 1.1213 19 
0 1.12169 19 
0 1.12188 19 
0 1.40788 19 
0 1.40851 19 
0 1.40901 19 
0 1.57763 19 
0 1.59406 19 
0 1.59626 19 
0 inf 19 
0 0.102544 20 
0 0.11076 20 
0 0.114648 20 
0 0.121154 20 
0 0.133213 20 
0 0.157685 20 
0 0.160439 20 
0 0.171011 20 
0 0.172927 20 
0 0.175754 20 
0 0.182781 20 
0 0.183369 20 
0 0.203741 20 
0 0.208004 20 
0 0.211913 20 
0 0.219527 20 
0 0.22102 20 
0 0.229527 20 
0 0.240942 20 
0 0.272309 20 
0 0.272708 20 
0 0.27331 20 
0 0.282184 20 
0 0.291169 20 
0 0.292297 20 
0 0.295093 20 
0 0.324798 20 
0 0.327317 20 
0 0.32882 20 
0 0.349624 20 
0 0.378651 20 
0 0.379373 20 
0 0.396563 20 
0 0.40679 20 
0 0.40746 20 
0 0.714584 20 
0 0.715274 20 
0 0.926818 20 
0 0.941595 20 
0 0.953962 20 
0 0.958772 20 
0 1.00737 20 
0 1.01589 20 
0 1.01611 20 
0 1.07531 20 
0 1.07613 20 
0 1.09177 20 
0 1.09282 20 
0 1.42665 20 
0 1.42838 20 
0 1.585 20 
0 1.58828 20 
0 1.58828 20 
0 1.71916 20 
0 2.52889 20 
0 inf 20 
