5.26299 8.94777 1 
0.945599 2.13664 1 
0.455527 0.481977 1 
0.450254 0.514225 1 
0.412739 0.423672 1 
0.209343 0.267247 1 
0.1516 0.151872 1 
0.123114 0.127713 1 
0.11552 0.116937 1 
0.108155 0.122444 1 
0.103882 0.115163 1 
0.0985925 0.110787 1 
0.098173 0.100249 1 
0.0973307 0.106233 1 
0.0947573 0.0964804 1 
0.0934451 0.117289 1 
0.0934443 0.119033 1 
0.0925587 0.107006 1 
0.092113 0.0998378 1 
0.0912141 0.127389 1 
0.0907624 0.0994244 1 
0.0898493 0.0998377 1 
0.0893898 0.101475 1 
0.0870554 0.0912145 1 
0.0861009 0.0916631 1 
0.0836755 0.0947559 1 
0.0821875 0.0861074 1 
0.0816859 0.0836793 1 
0.0816856 0.0856246 1 
0.0801585 0.0943233 1 
0.0801582 0.0816854 1 
0.0737351 0.0801583 1 
0.0726092 0.0737351 1 
0.0691223 0.0737351 1 
0.0691223 0.0821882 1 
0.0595157 0.0608848 1 
6.54825 6.7446 2 
6.54554 6.77438 2 
4.49569 6.77799 2 
0.881044 2.69799 2 
0.460027 0.475003 2 
0.456071 0.457781 2 
0.448236 0.475003 2 
0.333603 0.337531 2 
0.248727 0.257032 2 
0.187328 0.22853 2 
0.137041 0.144648 2 
0.127387 0.132769 2 
0.0998379 0.117991 2 
0.0990084 0.106233 2 
0.0969069 0.0990095 2 
0.095192 0.100249 2 
0.0947598 0.127393 2 
0.0947579 0.10066 2 
0.091664 0.105064 2 
0.0916632 0.10188 2 
0.0907616 0.100659 2 
0.0856237 0.0875271 2 
0.0796435 0.0875284 2 
0.0742914 0.0806708 2 
0.0742912 0.0841686 2 
0.0737351 0.0742916 2 
0.0726089 0.098592 2 
0.0691225 0.0742922 2 
0.0595162 0.0691221 2 
4.40995 4.63779 3 
4.40902 5.22038 3 
4.40467 5.14434 3 
4.01614 5.22074 3 
0.710882 2.62146 3 
0.330503 0.384105 3 
0.330124 0.381954 3 
0.329624 0.38784 3 
0.263519 0.296613 3 
0.166616 0.224164 3 
0.127713 0.140021 3 
0.120063 0.123783 3 
0.120062 0.124111 3 
0.111531 0.112998 3 
0.108153 0.124111 3 
0.106234 0.116939 3 
0.105064 0.109665 3 
0.0981705 0.10025 3 
0.0973307 0.102283 3 
0.0943217 0.112266 3 
0.0898496 0.0960529 3 
0.0861043 0.0964811 3 
0.0861041 0.0964792 3 
0.0861037 0.0884629 3 
0.0846569 0.0903067 3 
0.0536957 0.0635332 3 
0.665665 2.50651 4 
0.295779 0.33434 4 
0.295083 0.322297 4 
0.287303 0.330375 4 
0.12278 0.132462 4 
0.112999 0.114086 4 
0.11116 0.112632 4 
0.111159 0.114086 4 
0.11079 0.111161 4 
0.108155 0.112632 4 
0.106233 0.114805 4 
0.0998369 0.101067 4 
0.096907 0.105456 4 
0.0964828 0.112267 4 
0.0898462 0.107774 4 
0.0856243 0.0870548 4 
0.0836782 0.0879966 4 
0.0836782 0.103485 4 
0.083678 0.0956234 4 
0.0764769 0.0934446 4 
0.0737349 0.080158 4 
0.0720391 0.0753919 4 
0.0714663 0.0737357 4 
0.0628817 0.0821876 4 
2.25705 2.29134 5 
0.986548 2.29737 5 
0.131211 0.138542 5 
0.128672 0.139131 5 
0.124775 0.137943 5 
0.0998378 0.103881 5 
0.0973289 0.108535 5 
0.0969066 0.105064 5 
0.0921134 0.09648 5 
0.0912138 0.101879 5 
0.0898494 0.094322 5 
0.0836778 0.100659 5 
0.083677 0.101474 5 
0.0786014 0.081684 5 
0.0764768 0.102283 5 
0.0602042 0.0764768 5 
2.01552 2.04506 6 
2.00519 2.00999 6 
1.69206 1.89519 6 
1.67854 1.8233 6 
1.54639 2.07849 6 
0.27604 0.302249 6 
0.219153 0.227451 6 
0.1516 0.152682 6 
0.141771 0.146908 6 
0.139431 0.146908 6 
0.130266 0.136441 6 
0.124448 0.135233 6 
0.117991 0.117991 6 
0.112998 0.130268 6 
0.11153 0.116938 6 
0.11116 0.127391 6 
0.105064 0.112634 6 
0.103487 0.110788 6 
0.102283 0.123784 6 
0.101068 0.105845 6 
0.0898478 0.101067 6 
0.0846569 0.0879965 6 
0.0801584 0.0879965 6 
1.64907 1.93081 7 
1.63749 1.66582 7 
1.56511 1.79784 7 
1.56399 1.6886 7 
1.55235 1.80508 7 
1.49162 1.72853 7 
1.40954 1.47614 7 
0.21497 0.241158 7 
0.199052 0.215162 7 
0.186229 0.190599 7 
0.157467 0.16537 7 
0.156417 0.16661 7 
0.149136 0.15483 7 
0.146631 0.156155 7 
0.137649 0.14351 7 
0.126739 0.130265 7 
0.126413 0.133084 7 
0.11903 0.124775 7 
0.115166 0.119723 7 
0.112633 0.113723 7 
0.108157 0.114086 7 
0.107773 0.113723 7 
0.104673 0.114446 7 
2.21094 2.47036 8 
1.3622 1.56422 8 
1.23885 1.52025 8 
1.00708 1.55064 8 
0.254938 0.262112 8 
0.241157 0.244549 8 
0.229967 0.232637 8 
0.154028 0.156156 8 
0.142353 0.152677 8 
0.140899 0.159795 8 
0.126418 0.127393 8 
0.120068 0.127714 8 
1.49858 1.64396 9 
1.33118 1.34771 9 
1.21529 1.51374 9 
1.10319 1.36149 9 
1.0783 1.37758 9 
0.218772 0.235455 9 
0.186665 0.201727 9 
0.14996 0.152684 9 
0.139133 0.147749 9 
0.131524 0.137347 9 
1.80719 1.8262 10 
1.44613 1.77152 10 
1.44525 1.77357 10 
1.25834 1.37675 10 
1.17167 1.24283 10 
1.09458 1.11315 10 
0.172923 0.190382 10 
2.03179 2.22167 11 
1.18863 1.28141 11 
1.11783 1.39447 11 
0.463327 0.465189 11 
1.22998 1.5308 12 
1.22783 1.46283 12 
1.17045 1.46294 12 
1.1657 1.45277 12 
1.16334 1.38995 12 
0.800449 0.833371 12 
0.702036 0.712634 13 
0.662927 0.673531 13 
0.643767 0.84666 13 
0.597228 0.603961 13 
1.26671 1.31531 14 
0.576814 0.649884 14 
0.546912 0.601424 14 
0.524224 0.555654 14 
1.43182 1.65268 15 
1.42995 1.6546 15 
1.42779 1.57422 15 
0.658194 0.7018 15 
0.586382 0.649242 15 
1.3507 1.49282 17 
1.34964 1.49351 17 
1.33163 1.48826 17 
1.59539 1.60558 18 
1.46245 1.46452 18 
1.46067 1.46553 18 
1.46067 1.46722 18 
1.46048 1.47682 18 
1.45701 1.47972 18 
1.45463 1.48038 18 
1.42856 1.42885 18 
1.42116 1.43308 18 
0.534035 0.545624 19 
0.533804 0.535632 19 
0.482577 0.496705 19 
0.529992 0.540846 20 
