4.88789 7.44629 1 
1.45516 1.53487 1 
1.14761 2.7978 1 
0.274903 0.283355 1 
0.26213 0.294172 1 
0.117666 0.128352 1 
0.100328 0.10992 1 
0.0897159 0.166197 1 
0.0836927 0.084974 1 
0.0819529 0.084974 1 
0.0804012 0.0820637 1 
0.0798388 0.0825008 1 
0.075313 0.0812919 1 
0.0743507 0.0829364 1 
0.0739889 0.0791616 1 
0.0733754 0.0950746 1 
0.0709978 0.0733673 1 
0.0670902 0.0733673 1 
0.0657375 0.0754349 1 
0.0538413 0.054671 1 
0.0524909 0.0574109 1 
0.0519736 0.070753 1 
0.04763 0.056454 1 
0.0300082 0.0306042 1 
0.0300082 0.0331398 1 
5.54395 5.54789 2 
3.88134 5.55053 2 
0.915414 3.68764 2 
0.326871 0.333451 2 
0.18685 0.196941 2 
0.184474 0.189103 2 
0.180975 0.195145 2 
0.173619 0.180182 2 
0.167279 0.177007 2 
0.100411 0.10095 2 
0.0964849 0.104375 2 
0.0960105 0.0961992 2 
0.0782451 0.0789353 2 
0.0770848 0.0855015 2 
0.0750801 0.0754353 2 
0.0688201 0.0756723 2 
0.0664191 0.0827234 2 
0.0597096 0.0620732 2 
0.0559763 0.0690802 2 
0.0514538 0.052486 2 
0.0493056 0.0529984 2 
3.76262 4.41149 3 
3.76247 4.39748 3 
3.75942 4.39512 3 
3.65896 3.82972 3 
0.84786 3.85736 3 
0.31712 0.317718 3 
0.257354 0.260306 3 
0.16733 0.192263 3 
0.166521 0.178267 3 
0.157977 0.193011 3 
0.156605 0.183054 3 
0.149425 0.15597 3 
0.128216 0.132156 3 
0.127087 0.129476 3 
0.0846592 0.096021 3 
0.0682905 0.0713839 3 
0.0665564 0.0790489 3 
0.0614986 0.0670991 3 
0.0604588 0.0610517 3 
0.0384247 0.0395781 3 
0.863941 3.6946 4 
0.270343 0.27987 4 
0.173823 0.175063 4 
0.170528 0.174652 4 
0.169045 0.171949 4 
0.150506 0.177055 4 
0.146628 0.148576 4 
0.0783624 0.0838025 4 
0.0782474 0.0830477 4 
0.0723868 0.0856073 4 
0.0692071 0.0781285 4 
0.0567744 0.0626577 4 
1.44858 1.65392 5 
1.27329 3.37215 5 
0.223211 0.27939 5 
0.194505 0.205921 5 
0.194219 0.202217 5 
0.128639 0.131543 5 
0.12062 0.123498 5 
0.0767342 0.0781315 5 
0.0742278 0.0797234 5 
0.0727586 0.0790425 5 
0.0720112 0.0770807 5 
2.39749 2.91753 6 
2.39447 2.87537 6 
2.37891 2.67016 6 
1.9363 2.13078 6 
1.9015 2.02287 6 
1.88431 2.01403 6 
1.86856 1.98587 6 
1.70138 3.00289 6 
1.56734 1.58003 6 
0.259712 0.275819 6 
0.131269 0.146321 6 
0.119495 0.127446 6 
1.80746 2.04875 7 
1.7508 2.35393 7 
1.67823 2.618 7 
1.67518 2.62459 7 
1.64261 2.63368 7 
0.105062 0.118663 7 
2.66178 2.9624 8 
1.70689 2.21839 8 
1.69367 2.33726 8 
1.31315 2.2395 8 
1.087 1.10458 8 
0.148463 0.159458 8 
0.136582 0.141441 8 
2.41001 2.4953 9 
2.00655 2.14094 9 
1.48804 1.52968 9 
1.40493 2.04893 9 
1.3403 2.01454 9 
1.22742 1.32602 9 
0.118434 0.125738 9 
0.113389 0.126025 9 
0.0954555 0.0962113 9 
2.06648 2.32244 10 
2.06637 2.27617 10 
1.33858 1.81629 10 
1.09915 1.37292 10 
2.29433 2.37023 11 
2.29421 2.3003 11 
1.47364 1.51509 11 
1.47052 1.49847 11 
1.33533 1.66659 11 
0.400778 0.433316 11 
1.98065 2.02413 12 
1.52074 1.8668 12 
1.5075 1.85795 12 
1.42342 1.42345 12 
1.41806 1.66605 12 
1.23747 1.30963 12 
0.578396 0.603141 12 
1.48151 1.68506 13 
1.4696 1.66645 13 
1.45069 1.53461 13 
1.08724 1.13983 13 
1.04396 1.18586 13 
0.850679 0.981012 13 
0.838173 0.974243 13 
0.653025 0.658936 13 
0.958488 1.03067 14 
0.853552 0.940644 14 
0.785505 1.03273 14 
0.764763 0.784592 14 
0.987267 0.996728 15 
0.896765 0.93411 16 
0.407122 0.441264 16 
2.24892 2.25919 17 
2.2351 2.26425 17 
1.43416 1.70125 17 
1.43122 1.65618 17 
1.42538 1.69877 17 
0.477565 0.477695 17 
2.38663 2.4021 18 
2.06618 2.07924 18 
1.8687 1.87716 18 
1.80076 1.81081 18 
1.75054 1.93587 18 
1.47858 2.10548 18 
1.47858 2.06202 18 
1.34467 1.61272 19 
1.33283 1.36626 19 
1.32896 1.35786 19 
1.09202 1.34857 20 
1.08802 1.34903 20 
0.721227 0.806345 20 
