4.17682 6.87214 1 
1.23638 3.09068 1 
0.194185 0.203555 1 
0.14439 0.168931 1 
0.116029 0.134381 1 
0.0860628 0.0865671 1 
0.0821733 0.0889256 1 
0.0785235 0.082053 1 
0.0764084 0.0859376 1 
0.0745401 0.0849203 1 
0.0720089 0.0854329 1 
0.0704723 0.0754002 1 
0.0696988 0.0766935 1 
0.0692272 0.0710909 1 
0.0668317 0.068601 1 
0.0656829 0.0778267 1 
0.0597693 0.0627906 1 
0.0582951 0.0584816 1 
0.0532155 0.0532199 1 
0.0515574 0.0622673 1 
0.0513427 0.0530067 1 
0.0511283 0.0685955 1 
0.049831 0.0567809 1 
0.0487297 0.0538227 1 
0.0487263 0.0561992 1 
0.048503 0.053007 1 
0.0466702 0.0487254 1 
5.03583 5.1095 2 
3.80778 5.10974 2 
1.00535 4.03615 2 
0.185466 0.186872 2 
0.185406 0.188208 2 
0.152672 0.152961 2 
0.0938181 0.0944019 2 
0.0825682 0.0920577 2 
0.0819153 0.0885574 2 
0.0743863 0.0786569 2 
0.0737961 0.0793529 2 
0.0730568 0.0836222 2 
0.0709397 0.0853052 2 
0.0668272 0.0674732 2 
0.0655145 0.0671569 2 
0.0648413 0.0658425 2 
0.0634825 0.0695417 2 
0.0601314 0.0604931 2 
0.0530109 0.0592193 2 
0.0502681 0.0582923 2 
0.0496118 0.061917 2 
3.74911 3.90518 3 
3.73607 3.87486 3 
2.91823 3.92684 3 
0.926924 4.13138 3 
0.170724 0.175566 3 
0.146632 0.172181 3 
0.098012 0.103209 3 
0.0915821 0.0945119 3 
0.0903892 0.0921765 3 
0.0793441 0.0807131 3 
0.0713986 0.0819124 3 
0.0627947 0.0698535 3 
2.28378 2.57539 4 
2.28356 2.57092 4 
2.28236 2.56712 4 
0.844189 4.07407 4 
0.811478 0.82482 4 
0.154867 0.158761 4 
0.154587 0.15903 4 
0.150008 0.161213 4 
0.148179 0.148183 4 
0.147742 0.166854 4 
0.145665 0.162822 4 
0.116307 0.126102 4 
0.106843 0.109061 4 
0.0866864 0.0920529 4 
1.71852 1.76519 5 
1.21253 3.71061 5 
0.146335 0.15814 5 
0.108464 0.118812 5 
0.0957682 0.100644 5 
0.070781 0.07124 5 
0.0613921 0.0676357 5 
2.91951 3.18956 6 
2.9175 3.15817 6 
2.88556 2.9302 6 
1.69027 3.19174 6 
1.63041 1.79356 6 
1.59669 1.63122 6 
1.50641 1.62818 6 
1.4889 1.59028 6 
0.189187 0.198239 6 
0.160667 0.163617 6 
0.150587 0.150877 6 
0.147893 0.15367 6 
2.1732 2.4769 7 
2.13943 2.68779 7 
2.13466 2.69076 7 
2.1228 2.69477 7 
1.58834 1.72091 7 
1.33162 1.38053 7 
1.13289 1.21107 7 
1.10484 1.21236 7 
0.116684 0.123924 7 
0.0812385 0.0815151 7 
2.07956 3.25904 8 
2.02713 2.15122 8 
1.98506 2.28817 8 
1.67699 2.40887 8 
1.26766 1.29822 8 
0.311193 0.324847 8 
0.112791 0.120357 8 
0.0808408 0.0846654 8 
2.43979 2.46171 9 
1.95687 2.00947 9 
1.82178 1.95569 9 
1.35049 2.23259 9 
0.0949707 0.0958746 9 
2.04225 2.1056 10 
2.04223 2.10565 10 
1.97014 2.03444 10 
1.92009 2.32142 10 
1.91975 2.36096 10 
1.88774 2.02819 10 
1.28145 1.39371 10 
1.07517 1.88729 10 
0.696715 0.705471 10 
0.0878157 0.0897845 10 
2.09858 2.66164 11 
2.0984 2.71184 11 
1.48251 1.59036 11 
1.47839 1.66101 11 
1.70669 1.78382 12 
1.69404 1.88664 12 
1.68166 1.94895 12 
1.66688 1.85433 12 
1.66606 1.82953 12 
1.58906 1.86816 12 
1.5835 1.63126 12 
0.751457 0.757688 12 
1.41194 1.4123 13 
1.18597 1.2394 13 
1.17645 1.22074 13 
1.15948 1.27518 13 
1.00423 1.05633 13 
0.937491 1.02656 13 
1.00593 1.01593 14 
1.00549 1.08143 14 
0.97294 1.09952 14 
1.77409 2.05164 15 
1.77405 2.07165 15 
1.77385 2.0715 15 
0.988684 1.00135 15 
0.945653 0.957279 15 
0.904419 1.01616 15 
0.875277 1.02919 15 
2.06236 2.50836 16 
2.06186 2.50986 16 
2.05955 2.50898 16 
2.08202 2.16288 18 
2.04472 2.16608 18 
1.58019 2.17501 18 
1.57792 2.16288 18 
1.5684 1.69356 19 
1.5678 1.68707 19 
1.5559 1.69061 19 
1.16113 1.17327 19 
1.29564 1.4467 20 
1.29446 1.54405 20 
0.736649 0.739027 20 
0.714614 0.794738 20 
