4.54497 8.2889 1 
1.05441 2.68558 1 
0.245962 0.250211 1 
0.158221 0.158914 1 
0.157456 0.16541 1 
0.153645 0.153787 1 
0.151633 0.153 1 
0.151052 0.1672 1 
0.115266 0.119934 1 
0.0698218 0.0771432 1 
0.0695063 0.0890365 1 
0.0556486 0.0588951 1 
0.0515518 0.0566281 1 
0.0502527 0.0542466 1 
0.0500362 0.0573932 1 
0.0491496 0.0526018 1 
0.0491492 0.0811678 1 
0.0486997 0.0495931 1 
0.047327 0.0486994 1 
0.0456714 0.0491462 1 
0.0454362 0.0480201 1 
0.0447073 0.0542466 1 
0.0437099 0.0463906 1 
0.0434545 0.0493667 1 
0.0432028 0.0444511 1 
0.0426926 0.0426928 1 
0.0424351 0.0466265 1 
0.0416553 0.0429442 1 
0.0416463 0.0426895 1 
0.038071 0.0444521 1 
0.0350683 0.0403122 1 
0.0344391 0.035994 1 
0.0344344 0.036295 1 
0.031783 0.033465 1 
0.0310834 0.0334647 1 
5.96492 5.98157 2 
5.93143 5.98314 2 
3.93984 5.99905 2 
0.849645 3.52362 2 
0.289893 0.315296 2 
0.223853 0.227262 2 
0.222129 0.240001 2 
0.221636 0.231617 2 
0.179486 0.191215 2 
0.169613 0.190066 2 
0.150687 0.152713 2 
0.100725 0.107679 2 
0.0706036 0.0848689 2 
0.0577711 0.077133 2 
0.0552426 0.0612846 2 
0.0502529 0.0506882 2 
0.0493714 0.0506882 2 
0.0451899 0.0519706 2 
0.0447052 0.0463953 2 
0.0429483 0.0454332 2 
0.0392069 0.0416511 2 
0.0386422 0.0392065 2 
4.10965 4.50173 3 
4.10676 4.52842 3 
3.36364 4.54058 3 
0.791001 3.64664 3 
0.232277 0.262712 3 
0.229045 0.256452 3 
0.198206 0.210927 3 
0.19224 0.202154 3 
0.140821 0.161385 3 
0.135007 0.151777 3 
0.0724448 0.0851248 3 
0.0495938 0.0542464 3 
0.0434577 0.0489229 3 
0.0416485 0.0434545 3 
3.38915 3.39949 4 
2.98214 3.19685 4 
2.97682 3.19157 4 
2.96407 3.20497 4 
1.54482 1.55888 4 
1.40257 3.40732 4 
0.212582 0.212997 4 
0.21222 0.212636 4 
0.206301 0.224249 4 
0.206247 0.230718 4 
0.194519 0.20003 4 
0.183598 0.204049 4 
0.173954 0.185913 4 
0.151702 0.16274 4 
0.0949987 0.0990729 4 
0.0628656 0.064592 4 
0.0592747 0.0626955 4 
0.057584 0.0585294 4 
2.98385 3.02372 5 
2.98253 3.00782 5 
2.72917 2.85118 5 
2.51835 2.53254 5 
1.8024 3.04086 5 
0.270255 0.288569 5 
0.166865 0.176958 5 
0.157526 0.174018 5 
0.13046 0.139879 5 
0.0532243 0.0542463 5 
0.0487031 0.0552553 5 
0.0466304 0.0534312 5 
2.82024 2.83825 6 
2.81588 2.83868 6 
2.80697 2.85799 6 
2.76326 2.81951 6 
2.66005 2.68968 6 
2.28148 2.38888 6 
2.11276 2.69294 6 
0.273007 0.282958 6 
0.152495 0.156897 6 
0.149369 0.149443 6 
0.0612842 0.0614616 6 
2.61384 3.12773 7 
2.59438 2.64478 7 
1.87635 2.37369 7 
1.83802 1.89857 7 
1.81656 2.3946 7 
1.81648 1.88296 7 
1.81575 2.40054 7 
0.252924 0.25314 7 
0.244128 0.247165 7 
0.231527 0.236825 7 
2.33502 2.51979 8 
2.06669 2.3498 8 
1.6604 2.07669 8 
1.59359 2.29179 8 
1.50605 2.11599 8 
0.148191 0.191274 8 
0.0662644 0.0662697 8 
0.0495884 0.0598278 8 
2.78887 2.84299 9 
2.77049 2.81895 9 
2.5746 2.95631 9 
2.57392 2.95852 9 
1.42248 1.85193 9 
0.319388 0.325697 9 
0.243996 0.2568 9 
0.0897742 0.0902631 9 
2.65671 2.74142 10 
2.65669 2.74105 10 
2.55573 2.61375 10 
2.53086 2.65416 10 
1.54652 1.58872 10 
1.53634 1.59586 10 
1.41469 1.59611 10 
0.242551 0.252446 10 
0.231999 0.246905 10 
0.176401 0.187154 10 
1.51485 1.86399 11 
1.51426 1.82229 11 
1.33398 1.44421 11 
1.29874 1.389 11 
1.13001 1.45743 11 
1.12926 1.41111 11 
0.189656 0.20161 11 
1.82606 1.91546 12 
1.80055 1.86669 12 
1.79319 1.86504 12 
1.06055 1.12374 12 
1.02002 1.09621 12 
1.00572 1.08072 12 
1.00484 1.07787 12 
0.981039 1.01992 12 
0.852017 1.15778 12 
0.764004 0.981666 12 
0.318941 0.327913 12 
1.15629 1.23536 13 
0.950928 1.06778 13 
2.46833 2.53222 14 
2.46822 2.53224 14 
2.44882 2.50337 14 
0.627566 0.630033 14 
0.704956 0.712749 15 
1.53501 1.93548 16 
1.53496 1.93543 16 
0.320863 0.364934 16 
1.48367 1.5707 17 
0.507225 0.522733 17 
0.576415 0.621313 18 
0.494848 0.514308 18 
2.50983 2.57385 19 
0.451885 0.502622 19 
0.448373 0.501046 19 
0.507468 0.548877 20 
