4.77423 7.38429 1 
1.10915 2.74753 1 
0.34623 0.347585 1 
0.214379 0.236611 1 
0.112006 0.147611 1 
0.110444 0.156745 1 
0.101253 0.105947 1 
0.0857317 0.102952 1 
0.0845064 0.0870384 1 
0.0783158 0.081037 1 
0.0736284 0.0779844 1 
0.0733926 0.0743346 1 
0.0659124 0.0669572 1 
0.0657761 0.0663002 1 
0.0639047 0.0690021 1 
0.0611224 0.0729198 1 
0.056851 0.0609809 1 
0.0498492 0.0502002 1 
0.0450898 0.0469802 1 
0.0446996 0.047894 1 
0.0402005 0.0404131 1 
0.0351264 0.0429182 1 
0.0330832 0.0395443 1 
0.0306309 0.0341194 1 
0.0300581 0.0317457 1 
0.0294748 0.0363396 1 
5.4765 5.52851 2 
5.45391 5.56115 2 
3.98004 5.58602 2 
0.896787 3.63315 2 
0.263338 0.277164 2 
0.196843 0.225015 2 
0.194532 0.218711 2 
0.163902 0.216519 2 
0.160633 0.178564 2 
0.125326 0.129551 2 
0.125119 0.131416 2 
0.10346 0.107895 2 
0.0704938 0.0743334 2 
0.0414759 0.0460438 2 
0.0404163 0.0406277 2 
0.0386559 0.0437163 2 
0.037048 0.0384325 2 
0.028272 0.0317456 2 
0.023209 0.028271 2 
0.0228314 0.0250105 2 
3.51933 4.1569 3 
3.51927 4.15323 3 
3.44296 4.08706 3 
0.813123 3.80229 3 
0.566251 0.576102 3 
0.30626 0.341634 3 
0.0800712 0.0822142 3 
0.059683 0.0605496 3 
0.0494966 0.0512255 3 
0.923869 0.943997 4 
0.886459 3.7529 4 
0.310567 0.336891 4 
0.154119 0.167978 4 
0.151564 0.165537 4 
0.109573 0.113545 4 
0.0652461 0.0661711 4 
0.0467921 0.0478905 4 
1.3595 3.42134 5 
0.166999 0.171513 5 
0.119292 0.142821 5 
0.112314 0.112776 5 
0.101508 0.102445 5 
0.0599729 0.0699997 5 
2.9987 3.00451 6 
2.58675 3.02537 6 
2.58242 2.97884 6 
2.55216 2.72913 6 
1.83464 3.00967 6 
0.268369 0.309646 6 
2.52493 2.6376 7 
1.8858 2.33137 7 
1.71406 2.45338 7 
1.67094 2.66329 7 
1.66243 2.68051 7 
2.8324 3.0007 8 
1.55598 2.32663 8 
1.46035 2.38327 8 
1.3815 2.38788 8 
0.147671 0.159225 8 
0.0744494 0.0773123 8 
2.44665 2.6496 9 
2.15575 2.37298 9 
1.3565 2.07741 9 
1.35596 2.08603 9 
1.32176 2.09838 9 
0.224314 0.232307 9 
2.04765 2.05734 10 
1.35384 1.83455 10 
0.452501 0.467265 10 
2.7548 2.89296 11 
1.55585 1.59705 11 
1.35935 1.5979 11 
0.350671 0.354265 11 
1.64014 1.93503 12 
1.62046 1.9234 12 
1.32356 1.34925 12 
1.22209 1.38842 12 
1.22208 1.50448 12 
1.17912 1.35276 12 
0.716904 0.717009 12 
1.62884 1.65238 13 
1.62802 1.67406 13 
1.58633 1.77441 13 
1.07119 1.20076 13 
1.06708 1.20573 13 
1.01432 1.01559 13 
0.981143 0.995317 13 
0.810403 0.943112 13 
0.800566 1.00491 13 
0.581537 0.591652 13 
0.256277 0.269988 13 
0.967596 0.972899 14 
0.952906 0.998136 14 
0.89609 1.00579 14 
0.817367 0.836671 14 
0.72419 0.764782 14 
0.720727 0.767719 14 
0.691494 0.719567 14 
0.689998 0.727857 14 
0.639197 0.916307 14 
0.627025 0.63132 14 
0.882611 1.0131 15 
0.881791 0.920261 15 
0.703356 0.715683 15 
0.612701 0.645259 15 
0.569274 0.649989 16 
2.47924 2.47959 17 
1.46528 1.896 18 
1.46528 1.89703 18 
1.3863 1.40801 19 
