0 0.0222319 1 
0 0.0222323 1 
0 0.0240128 1 
0 0.027228 1 
0 0.0272282 1 
0 0.0314408 1 
0 0.0314419 1 
0 0.032724 1 
0 0.0339598 1 
0 0.0339604 1 
0 0.0339605 1 
0 0.0339606 1 
0 0.0351533 1 
0 0.0363058 1 
0 0.0374218 1 
0 0.0374221 1 
0 0.0385071 1 
0 0.0385074 1 
0 0.0415923 1 
0 0.0425677 1 
0 0.0462795 1 
0 0.0462803 1 
0 0.0488754 1 
0 0.0488765 1 
0 0.0529219 1 
0 0.052922 1 
0 0.0529232 1 
0 0.0544573 1 
0 0.0544574 1 
0 0.0581157 1 
0 0.058819 1 
0 0.0588207 1 
0 0.0595156 1 
0 0.0595164 1 
0 0.0595165 1 
0 0.0595176 1 
0 0.0602042 1 
0 0.0641779 1 
0 0.0648158 1 
0 0.0648164 1 
0 0.0648187 1 
0 0.0660732 1 
0 0.0660752 1 
0 0.0666956 1 
0 0.0666976 1 
0 0.0691171 1 
0 0.0691184 1 
0 0.0691239 1 
0 0.0697149 1 
0 0.0703034 1 
0 0.0708822 1 
0 0.0714656 1 
0 0.0731741 1 
0 0.075936 1 
0 0.0770134 1 
0 0.0775465 1 
0 0.0786029 1 
0 0.0791211 1 
0 0.0796426 1 
0 0.0801563 1 
0 0.0801572 1 
0 0.0816859 1 
0 0.0821874 1 
0 0.0831844 1 
0 0.0836785 1 
0 0.0851428 1 
0 0.0861026 1 
0 0.0861039 1 
0 0.0879969 1 
0 0.0884626 1 
0 0.0884627 1 
0 0.0903064 1 
0 0.0943219 1 
0 0.0947577 1 
0 0.0964791 1 
0 0.0973308 1 
0 0.0985906 1 
0 0.101875 1 
0 0.103084 1 
0 0.112629 1 
0 0.116937 1 
0 0.124112 1 
0 0.124778 1 
0 0.136443 1 
0 0.140315 1 
0 0.141482 1 
0 0.143504 1 
0 0.144367 1 
0 0.150783 1 
0 0.160569 1 
0 0.165128 1 
0 0.168826 1 
0 0.181297 1 
0 0.203761 1 
0 0.209342 1 
0 0.222503 1 
0 0.25799 1 
0 0.264455 1 
0 0.264461 1 
0 0.311904 1 
0 0.316753 1 
0 0.317662 1 
0 0.318706 1 
0 0.404303 1 
0 0.405983 1 
0 0.412944 1 
0 0.418998 1 
0 0.441385 1 
0 0.447317 1 
0 0.452077 1 
0 0.483094 1 
0 0.487919 1 
0 0.505813 1 
0 0.539022 1 
0 0.6064 1 
0 0.67509 1 
0 0.723307 1 
0 0.756095 1 
0 0.929776 1 
0 0.935547 1 
0 0.938122 1 
0 1.00534 1 
0 1.51135 1 
0 1.69948 1 
0 2.3341 1 
0 2.97825 1 
0 3.27243 1 
0 4.56675 1 
0 4.79482 1 
0 4.82725 1 
0 5.14265 1 
0 inf 1 
0 0.0222316 2 
0 0.0256708 2 
0 0.032724 2 
0 0.0339598 2 
0 0.03396 2 
0 0.0385062 2 
0 0.0385062 2 
0 0.0405907 2 
0 0.0425706 2 
0 0.0471624 2 
0 0.048027 2 
0 0.0488764 2 
0 0.0488765 2 
0 0.0488769 2 
0 0.0505339 2 
0 0.0513416 2 
0 0.0529227 2 
0 0.0544565 2 
0 0.0544567 2 
0 0.0552076 2 
0 0.0552087 2 
0 0.0559463 2 
0 0.0559494 2 
0 0.0588206 2 
0 0.0595169 2 
0 0.0641779 2 
0 0.0641787 2 
0 0.0660732 2 
0 0.0679195 2 
0 0.0685223 2 
0 0.0691219 2 
0 0.0691223 2 
0 0.0691227 2 
0 0.0697141 2 
0 0.069715 2 
0 0.0697153 2 
0 0.0714654 2 
0 0.0714655 2 
0 0.0753927 2 
0 0.0764771 2 
0 0.077015 2 
0 0.0775464 2 
0 0.0775469 2 
0 0.0775474 2 
0 0.0780759 2 
0 0.0786014 2 
0 0.081684 2 
0 0.0816851 2 
0 0.0821881 2 
0 0.0821884 2 
0 0.0851415 2 
0 0.0851428 2 
0 0.0856219 2 
0 0.0856259 2 
0 0.086103 2 
0 0.0865812 2 
0 0.0879962 2 
0 0.0889226 2 
0 0.0898495 2 
0 0.0907648 2 
0 0.10147 2 
0 0.101875 2 
0 0.103082 2 
0 0.10506 2 
0 0.105847 2 
0 0.11042 2 
0 0.111528 2 
0 0.112636 2 
0 0.1148 2 
0 0.119025 2 
0 0.140314 2 
0 0.142064 2 
0 0.143218 2 
0 0.147747 2 
0 0.155626 2 
0 0.162106 2 
0 0.170275 2 
0 0.176929 2 
0 0.181524 2 
0 0.189516 2 
0 0.191893 2 
0 0.192319 2 
0 0.202136 2 
0 0.209146 2 
0 0.223054 2 
0 0.229785 2 
0 0.257831 2 
0 0.269098 2 
0 0.302384 2 
0 0.317148 2 
0 0.325703 2 
0 0.326865 2 
0 0.352241 2 
0 0.38911 2 
0 0.398112 2 
0 0.398514 2 
0 0.404465 2 
0 0.405382 2 
0 0.419579 2 
0 0.428227 2 
0 0.444267 2 
0 0.451109 2 
0 0.476074 2 
0 0.494424 2 
0 0.541737 2 
0 0.565352 2 
0 0.584721 2 
0 0.587634 2 
0 0.696869 2 
0 0.832446 2 
0 0.833634 2 
0 0.833943 2 
0 0.857009 2 
0 0.935547 2 
0 1.05952 2 
0 1.48242 2 
0 1.80949 2 
0 2.32579 2 
0 2.37867 2 
0 2.90104 2 
0 3.3161 2 
0 3.41306 2 
0 3.41813 2 
0 3.81776 2 
0 4.24697 2 
0 4.34784 2 
0 4.46263 2 
0 inf 2 
0 0.0301017 3 
0 0.030102 3 
0 0.0435272 3 
0 0.0462789 3 
0 0.0488763 3 
0 0.049712 3 
0 0.0497121 3 
0 0.0505311 3 
0 0.0513426 3 
0 0.0521378 3 
0 0.0521382 3 
0 0.0521385 3 
0 0.0536953 3 
0 0.0559482 3 
0 0.0566805 3 
0 0.0588192 3 
0 0.0608878 3 
0 0.0615576 3 
0 0.0615601 3 
0 0.062222 3 
0 0.0648172 3 
0 0.0666953 3 
0 0.0666956 3 
0 0.0691213 3 
0 0.0697145 3 
0 0.0714651 3 
0 0.0720376 3 
0 0.0737332 3 
0 0.0737356 3 
0 0.0780758 3 
0 0.0796424 3 
0 0.0801593 3 
0 0.08016 3 
0 0.0806687 3 
0 0.080671 3 
0 0.0806711 3 
0 0.080673 3 
0 0.0816851 3 
0 0.083184 3 
0 0.083679 3 
0 0.0841624 3 
0 0.0870556 3 
0 0.0875268 3 
0 0.0879972 3 
0 0.0884639 3 
0 0.0898491 3 
0 0.0898493 3 
0 0.0907626 3 
0 0.0929994 3 
0 0.101877 3 
0 0.10188 3 
0 0.112992 3 
0 0.11336 3 
0 0.132459 3 
0 0.133392 3 
0 0.136142 3 
0 0.139724 3 
0 0.144651 3 
0 0.147188 3 
0 0.149964 3 
0 0.158249 3 
0 0.16057 3 
0 0.164628 3 
0 0.165624 3 
0 0.166366 3 
0 0.173404 3 
0 0.175522 3 
0 0.180838 3 
0 0.18152 3 
0 0.183551 3 
0 0.204963 3 
0 0.212663 3 
0 0.233527 3 
0 0.242864 3 
0 0.258477 3 
0 0.286024 3 
0 0.289582 3 
0 0.302929 3 
0 0.311351 3 
0 0.311377 3 
0 0.315624 3 
0 0.317148 3 
0 0.325601 3 
0 0.329129 3 
0 0.33804 3 
0 0.347055 3 
0 0.374388 3 
0 0.410537 3 
0 0.420169 3 
0 0.421244 3 
0 0.423943 3 
0 0.481569 3 
0 0.517203 3 
0 0.519348 3 
0 0.549838 3 
0 0.578593 3 
0 0.608122 3 
0 0.614512 3 
0 0.62213 3 
0 0.648731 3 
0 0.66514 3 
0 0.66681 3 
0 0.677838 3 
0 0.696661 3 
0 0.823556 3 
0 0.945094 3 
0 1.00581 3 
0 1.3888 3 
0 1.41075 3 
0 1.69711 3 
0 1.86148 3 
0 2.01393 3 
0 2.03373 3 
0 2.31142 3 
0 2.31995 3 
0 2.32002 3 
0 2.59512 3 
0 2.61769 3 
0 2.61788 3 
0 3.48655 3 
0 3.979 3 
0 4.01565 3 
0 4.01605 3 
0 inf 3 
0 0.0301022 4 
0 0.0314402 4 
0 0.0339593 4 
0 0.0339594 4 
0 0.041592 4 
0 0.0444648 4 
0 0.0497119 4 
0 0.0529212 4 
0 0.0529227 4 
0 0.0559495 4 
0 0.057402 4 
0 0.057402 4 
0 0.0574032 4 
0 0.0581163 4 
0 0.0595165 4 
0 0.0595165 4 
0 0.060204 4 
0 0.0608857 4 
0 0.0615575 4 
0 0.0615581 4 
0 0.0635331 4 
0 0.0635335 4 
0 0.0666959 4 
0 0.0666961 4 
0 0.0708881 4 
0 0.0737338 4 
0 0.0753919 4 
0 0.0775461 4 
0 0.0775461 4 
0 0.0796429 4 
0 0.080159 4 
0 0.0836757 4 
0 0.0836782 4 
0 0.0841689 4 
0 0.0841695 4 
0 0.0851425 4 
0 0.0875258 4 
0 0.0912153 4 
0 0.0934442 4 
0 0.0938853 4 
0 0.0981734 4 
0 0.0985901 4 
0 0.100663 4 
0 0.101475 4 
0 0.105451 4 
0 0.108531 4 
0 0.109668 4 
0 0.111154 4 
0 0.111158 4 
0 0.112265 4 
0 0.112265 4 
0 0.115518 4 
0 0.14002 4 
0 0.146908 4 
0 0.148581 4 
0 0.155616 4 
0 0.157202 4 
0 0.163626 4 
0 0.17387 4 
0 0.194661 4 
0 0.197809 4 
0 0.198433 4 
0 0.199674 4 
0 0.210919 4 
0 0.230329 4 
0 0.26278 4 
0 0.26771 4 
0 0.268777 4 
0 0.270458 4 
0 0.282961 4 
0 0.290405 4 
0 0.295469 4 
0 0.295794 4 
0 0.29607 4 
0 0.298707 4 
0 0.320243 4 
0 0.341337 4 
0 0.360468 4 
0 0.3705 4 
0 0.371277 4 
0 0.41175 4 
0 0.433597 4 
0 0.499607 4 
0 0.511581 4 
0 0.515191 4 
0 0.562428 4 
0 0.577381 4 
0 0.578025 4 
0 0.605202 4 
0 0.623752 4 
0 0.637856 4 
0 0.644536 4 
0 0.644537 4 
0 0.647719 4 
0 0.658198 4 
0 0.664736 4 
0 0.812782 4 
0 0.874993 4 
0 1.05345 4 
0 1.291 4 
0 1.38211 4 
0 1.41106 4 
0 1.46358 4 
0 1.62044 4 
0 1.67159 4 
0 1.67159 4 
0 1.67173 4 
0 1.6721 4 
0 1.8682 4 
0 1.86866 4 
0 1.86877 4 
0 2.09156 4 
0 2.40552 4 
0 2.84076 4 
0 2.84148 4 
0 2.84194 4 
0 2.91036 4 
0 2.9185 4 
0 3.03484 4 
0 inf 4 
0 0.0385067 5 
0 0.0462795 5 
0 0.0505339 5 
0 0.0513417 5 
0 0.0536957 5 
0 0.0581149 5 
0 0.0588205 5 
0 0.0595161 5 
0 0.0595171 5 
0 0.0622219 5 
0 0.0641776 5 
0 0.0679186 5 
0 0.0691198 5 
0 0.0720394 5 
0 0.0720394 5 
0 0.0720399 5 
0 0.0742915 5 
0 0.0742916 5 
0 0.0748439 5 
0 0.0759368 5 
0 0.0770125 5 
0 0.0780768 5 
0 0.0801583 5 
0 0.0801589 5 
0 0.0806708 5 
0 0.0836796 5 
0 0.0861042 5 
0 0.0865807 5 
0 0.0898495 5 
0 0.0898514 5 
0 0.090306 5 
0 0.0921112 5 
0 0.0960542 5 
0 0.102282 5 
0 0.102683 5 
0 0.113001 5 
0 0.117988 5 
0 0.119031 5 
0 0.119031 5 
0 0.119376 5 
0 0.120061 5 
0 0.12177 5 
0 0.126739 5 
0 0.127709 5 
0 0.128995 5 
0 0.132151 5 
0 0.132151 5 
0 0.132772 5 
0 0.134925 5 
0 0.149963 5 
0 0.150246 5 
0 0.151873 5 
0 0.153222 5 
0 0.153226 5 
0 0.158771 5 
0 0.167114 5 
0 0.169556 5 
0 0.170283 5 
0 0.180617 5 
0 0.239315 5 
0 0.244761 5 
0 0.264106 5 
0 0.27661 5 
0 0.29013 5 
0 0.292955 5 
0 0.303859 5 
0 0.329393 5 
0 0.338062 5 
0 0.342148 5 
0 0.347551 5 
0 0.360123 5 
0 0.365233 5 
0 0.427745 5 
0 0.458667 5 
0 0.478016 5 
0 0.478016 5 
0 0.481878 5 
0 0.574808 5 
0 0.589607 5 
0 0.603771 5 
0 0.609105 5 
0 0.619585 5 
0 0.619585 5 
0 0.619585 5 
0 0.647239 5 
0 0.659842 5 
0 0.661339 5 
0 0.663329 5 
0 0.734076 5 
0 0.831373 5 
0 0.851638 5 
0 0.851977 5 
0 0.862404 5 
0 0.919785 5 
0 0.928101 5 
0 1.07684 5 
0 1.38002 5 
0 1.40711 5 
0 1.46535 5 
0 1.55979 5 
0 1.56232 5 
0 1.56232 5 
0 1.56264 5 
0 1.62285 5 
0 1.79039 5 
0 1.82784 5 
0 1.90741 5 
0 1.9824 5 
0 1.98317 5 
0 1.98384 5 
0 1.98564 5 
0 2.12381 5 
0 2.66714 5 
0 2.6686 5 
0 2.67577 5 
0 inf 5 
0 0.0559498 6 
0 0.0588199 6 
0 0.0595144 6 
0 0.061558 6 
0 0.063533 6 
0 0.0654491 6 
0 0.0654493 6 
0 0.0691213 6 
0 0.0697145 6 
0 0.071466 6 
0 0.0753922 6 
0 0.0780755 6 
0 0.0806693 6 
0 0.0806701 6 
0 0.0816861 6 
0 0.0836782 6 
0 0.0861041 6 
0 0.086579 6 
0 0.0865828 6 
0 0.0893898 6 
0 0.091666 6 
0 0.0916661 6 
0 0.098591 6 
0 0.101881 6 
0 0.102282 6 
0 0.103482 6 
0 0.103482 6 
0 0.10467 6 
0 0.105064 6 
0 0.105848 6 
0 0.108155 6 
0 0.120069 6 
0 0.12378 6 
0 0.123784 6 
0 0.128994 6 
0 0.129949 6 
0 0.130266 6 
0 0.136445 6 
0 0.142062 6 
0 0.142062 6 
0 0.142063 6 
0 0.142932 6 
0 0.143513 6 
0 0.148583 6 
0 0.149688 6 
0 0.149688 6 
0 0.149963 6 
0 0.157463 6 
0 0.167112 6 
0 0.203351 6 
0 0.209347 6 
0 0.231619 6 
0 0.235818 6 
0 0.238079 6 
0 0.241685 6 
0 0.243065 6 
0 0.243743 6 
0 0.245089 6 
0 0.25368 6 
0 0.29045 6 
0 0.339483 6 
0 0.341297 6 
0 0.341297 6 
0 0.361803 6 
0 0.419971 6 
0 0.457378 6 
0 0.469264 6 
0 0.484805 6 
0 0.489792 6 
0 0.490212 6 
0 0.528959 6 
0 0.537992 6 
0 0.543323 6 
0 0.573731 6 
0 0.583505 6 
0 0.595805 6 
0 0.610443 6 
0 0.630883 6 
0 0.633489 6 
0 0.633683 6 
0 0.637557 6 
0 0.640136 6 
0 0.640586 6 
0 0.640586 6 
0 0.697763 6 
0 0.852685 6 
0 0.976433 6 
0 1.01034 6 
0 1.20479 6 
0 1.20794 6 
0 1.39272 6 
0 1.39953 6 
0 1.40498 6 
0 1.46718 6 
0 1.47583 6 
0 1.47694 6 
0 1.47792 6 
0 1.48485 6 
0 1.48919 6 
0 1.59076 6 
0 1.60858 6 
0 1.6087 6 
0 1.60901 6 
0 1.61336 6 
0 1.61963 6 
0 1.62162 6 
0 1.6246 6 
0 1.75516 6 
0 1.79327 6 
0 1.79327 6 
0 1.79767 6 
0 inf 6 
0 0.0588174 7 
0 0.0691215 7 
0 0.0714658 7 
0 0.0759373 7 
0 0.0786027 7 
0 0.0806705 7 
0 0.0816869 7 
0 0.0836771 7 
0 0.0934452 7 
0 0.0943237 7 
0 0.0947558 7 
0 0.0951915 7 
0 0.099009 7 
0 0.0990094 7 
0 0.0990114 7 
0 0.0998355 7 
0 0.100657 7 
0 0.103087 7 
0 0.10467 7 
0 0.105843 7 
0 0.107006 7 
0 0.107012 7 
0 0.107391 7 
0 0.110416 7 
0 0.11263 7 
0 0.114086 7 
0 0.126413 7 
0 0.128995 7 
0 0.130898 7 
0 0.131214 7 
0 0.131525 7 
0 0.135536 7 
0 0.13765 7 
0 0.141775 7 
0 0.142933 7 
0 0.147191 7 
0 0.147748 7 
0 0.159544 7 
0 0.165871 7 
0 0.169559 7 
0 0.170767 7 
0 0.180161 7 
0 0.1849 7 
0 0.187554 7 
0 0.195512 7 
0 0.199259 7 
0 0.214434 7 
0 0.234271 7 
0 0.245853 7 
0 0.246596 7 
0 0.260247 7 
0 0.261037 7 
0 0.27615 7 
0 0.27734 7 
0 0.295399 7 
0 0.297068 7 
0 0.299827 7 
0 0.312535 7 
0 0.413747 7 
0 0.436835 7 
0 0.467594 7 
0 0.469289 7 
0 0.474155 7 
0 0.474155 7 
0 0.482531 7 
0 0.529532 7 
0 0.536142 7 
0 0.562351 7 
0 0.580725 7 
0 0.604726 7 
0 0.620175 7 
0 0.622297 7 
0 0.623619 7 
0 0.637499 7 
0 0.646583 7 
0 0.647028 7 
0 0.651275 7 
0 0.655879 7 
0 0.658254 7 
0 0.717717 7 
0 0.833779 7 
0 0.888852 7 
0 0.988549 7 
0 1.03458 7 
0 1.03487 7 
0 1.04153 7 
0 1.11668 7 
0 1.19485 7 
0 1.22383 7 
0 1.31971 7 
0 1.37365 7 
0 1.37557 7 
0 1.37653 7 
0 1.38678 7 
0 1.40053 7 
0 1.40203 7 
0 1.43214 7 
0 1.47424 7 
0 1.48894 7 
0 1.49102 7 
0 1.49546 7 
0 1.49796 7 
0 1.60819 7 
0 1.6145 7 
0 1.61504 7 
0 1.66259 7 
0 1.66408 7 
0 inf 7 
0 0.0529193 8 
0 0.0581148 8 
0 0.0685217 8 
0 0.0708846 8 
0 0.0708849 8 
0 0.0753917 8 
0 0.0753922 8 
0 0.0816873 8 
0 0.0821836 8 
0 0.0831838 8 
0 0.0930039 8 
0 0.0930045 8 
0 0.0964811 8 
0 0.0964811 8 
0 0.098171 8 
0 0.0981756 8 
0 0.104668 8 
0 0.10623 8 
0 0.107007 8 
0 0.110424 8 
0 0.112262 8 
0 0.112265 8 
0 0.113725 8 
0 0.116938 8 
0 0.123448 8 
0 0.128995 8 
0 0.12995 8 
0 0.134926 8 
0 0.139725 8 
0 0.144082 8 
0 0.144929 8 
0 0.146629 8 
0 0.14719 8 
0 0.153492 8 
0 0.159803 8 
0 0.185122 8 
0 0.186673 8 
0 0.20757 8 
0 0.211334 8 
0 0.215392 8 
0 0.245348 8 
0 0.245924 8 
0 0.247854 8 
0 0.249345 8 
0 0.270924 8 
0 0.27351 8 
0 0.27351 8 
0 0.276506 8 
0 0.276824 8 
0 0.286187 8 
0 0.307823 8 
0 0.408881 8 
0 0.415336 8 
0 0.447272 8 
0 0.454126 8 
0 0.456967 8 
0 0.461366 8 
0 0.476898 8 
0 0.477157 8 
0 0.486137 8 
0 0.48994 8 
0 0.495797 8 
0 0.542974 8 
0 0.57681 8 
0 0.581595 8 
0 0.584338 8 
0 0.599732 8 
0 0.619976 8 
0 0.622363 8 
0 0.622649 8 
0 0.623157 8 
0 0.623838 8 
0 0.625618 8 
0 0.65799 8 
0 0.690967 8 
0 0.717172 8 
0 0.839444 8 
0 0.84458 8 
0 0.898769 8 
0 0.961001 8 
0 0.967153 8 
0 1.00307 8 
0 1.05459 8 
0 1.13707 8 
0 1.15671 8 
0 1.2885 8 
0 1.3759 8 
0 1.3782 8 
0 1.37841 8 
0 1.38581 8 
0 1.39174 8 
0 1.39741 8 
0 1.46316 8 
0 1.46459 8 
0 1.46614 8 
0 1.47541 8 
0 1.57333 8 
0 1.58886 8 
0 1.62509 8 
0 1.63229 8 
0 1.636 8 
0 1.6368 8 
0 1.72274 8 
0 inf 8 
0 0.0566825 9 
0 0.0641779 9 
0 0.0720402 9 
0 0.0764787 9 
0 0.0816838 9 
0 0.0816849 9 
0 0.0821907 9 
0 0.087998 9 
0 0.0898497 9 
0 0.0998393 9 
0 0.101881 9 
0 0.103084 9 
0 0.103486 9 
0 0.111896 9 
0 0.112265 9 
0 0.112632 9 
0 0.113721 9 
0 0.113722 9 
0 0.114447 9 
0 0.115161 9 
0 0.138542 9 
0 0.143219 9 
0 0.147197 9 
0 0.154829 9 
0 0.168358 9 
0 0.169314 9 
0 0.1734 9 
0 0.178786 9 
0 0.180202 9 
0 0.182654 9 
0 0.182924 9 
0 0.183779 9 
0 0.200675 9 
0 0.206367 9 
0 0.210521 9 
0 0.229383 9 
0 0.235059 9 
0 0.265583 9 
0 0.266048 9 
0 0.277248 9 
0 0.277399 9 
0 0.279175 9 
0 0.292854 9 
0 0.303763 9 
0 0.305521 9 
0 0.309258 9 
0 0.360192 9 
0 0.40193 9 
0 0.427205 9 
0 0.428361 9 
0 0.433808 9 
0 0.438865 9 
0 0.444466 9 
0 0.453547 9 
0 0.494225 9 
0 0.527515 9 
0 0.562639 9 
0 0.572435 9 
0 0.579242 9 
0 0.58629 9 
0 0.587002 9 
0 0.599281 9 
0 0.608114 9 
0 0.609475 9 
0 0.611297 9 
0 0.628663 9 
0 0.630233 9 
0 0.639026 9 
0 0.645729 9 
0 0.652398 9 
0 0.696967 9 
0 0.697683 9 
0 0.7676 9 
0 0.816098 9 
0 0.816516 9 
0 0.819537 9 
0 0.850388 9 
0 0.850533 9 
0 0.888508 9 
0 0.958272 9 
0 0.962883 9 
0 0.967454 9 
0 1.18905 9 
0 1.25402 9 
0 1.37653 9 
0 1.37725 9 
0 1.37787 9 
0 1.37814 9 
0 1.38011 9 
0 1.46423 9 
0 1.46434 9 
0 1.46572 9 
0 1.48182 9 
0 1.4864 9 
0 1.60742 9 
0 1.60793 9 
0 1.60916 9 
0 1.61308 9 
0 1.61433 9 
0 inf 9 
0 0.0544543 10 
0 0.0635281 10 
0 0.0697307 10 
0 0.0714802 10 
0 0.0796421 10 
0 0.08368 10 
0 0.0903096 10 
0 0.0956259 10 
0 0.0998363 10 
0 0.100603 10 
0 0.117989 10 
0 0.12612 10 
0 0.131216 10 
0 0.131837 10 
0 0.132155 10 
0 0.132774 10 
0 0.136471 10 
0 0.137345 10 
0 0.141199 10 
0 0.148306 10 
0 0.150563 10 
0 0.151333 10 
0 0.151601 10 
0 0.155888 10 
0 0.157988 10 
0 0.169556 10 
0 0.210715 10 
0 0.233833 10 
0 0.235236 10 
0 0.243876 10 
0 0.250413 10 
0 0.273358 10 
0 0.273359 10 
0 0.281065 10 
0 0.287174 10 
0 0.29229 10 
0 0.295611 10 
0 0.30767 10 
0 0.308029 10 
0 0.313096 10 
0 0.321785 10 
0 0.338033 10 
0 0.344669 10 
0 0.363734 10 
0 0.369566 10 
0 0.428996 10 
0 0.444277 10 
0 0.457072 10 
0 0.496619 10 
0 0.503781 10 
0 0.505006 10 
0 0.555354 10 
0 0.562429 10 
0 0.578164 10 
0 0.582141 10 
0 0.583137 10 
0 0.585671 10 
0 0.59301 10 
0 0.605519 10 
0 0.609249 10 
0 0.614758 10 
0 0.615125 10 
0 0.621158 10 
0 0.623276 10 
0 0.626883 10 
0 0.629178 10 
0 0.642925 10 
0 0.649471 10 
0 0.773696 10 
0 0.780543 10 
0 0.783221 10 
0 0.83058 10 
0 0.883282 10 
0 0.959114 10 
0 1.00821 10 
0 1.00886 10 
0 1.18957 10 
0 1.19175 10 
0 1.25205 10 
0 1.25254 10 
0 1.3711 10 
0 1.3711 10 
0 1.37877 10 
0 1.43498 10 
0 1.4351 10 
0 1.4626 10 
0 1.46268 10 
0 1.46299 10 
0 1.46344 10 
0 1.46355 10 
0 1.6095 10 
0 1.60991 10 
0 1.61807 10 
0 1.71986 10 
0 1.71986 10 
0 inf 10 
0 0.0415912 11 
0 0.049709 11 
0 0.0714679 11 
0 0.0759405 11 
0 0.102318 11 
0 0.105063 11 
0 0.126086 11 
0 0.129955 11 
0 0.140024 11 
0 0.140898 11 
0 0.142669 11 
0 0.143502 11 
0 0.157168 11 
0 0.163873 11 
0 0.177631 11 
0 0.181073 11 
0 0.200501 11 
0 0.202137 11 
0 0.203153 11 
0 0.208554 11 
0 0.209544 11 
0 0.212315 11 
0 0.221432 11 
0 0.223807 11 
0 0.225032 11 
0 0.239138 11 
0 0.24539 11 
0 0.248437 11 
0 0.25285 11 
0 0.255113 11 
0 0.255758 11 
0 0.258009 11 
0 0.276653 11 
0 0.286741 11 
0 0.288594 11 
0 0.295043 11 
0 0.295192 11 
0 0.29574 11 
0 0.295889 11 
0 0.297407 11 
0 0.321142 11 
0 0.322428 11 
0 0.336057 11 
0 0.373112 11 
0 0.437815 11 
0 0.437926 11 
0 0.441019 11 
0 0.463017 11 
0 0.470079 11 
0 0.546156 11 
0 0.549763 11 
0 0.556354 11 
0 0.576453 11 
0 0.592729 11 
0 0.594464 11 
0 0.598002 11 
0 0.600271 11 
0 0.600339 11 
0 0.605065 11 
0 0.607612 11 
0 0.637966 11 
0 0.742375 11 
0 0.81419 11 
0 0.822127 11 
0 0.850333 11 
0 0.851253 11 
0 0.852075 11 
0 0.856383 11 
0 0.941927 11 
0 0.959798 11 
0 1.09763 11 
0 1.09782 11 
0 1.1546 11 
0 1.18825 11 
0 1.30661 11 
0 1.33257 11 
0 1.39922 11 
0 1.40205 11 
0 1.43662 11 
0 1.43676 11 
0 1.45804 11 
0 1.46732 11 
0 1.46867 11 
0 1.47636 11 
0 1.52413 11 
0 1.52454 11 
0 1.60773 11 
0 1.60786 11 
0 1.61889 11 
0 1.62295 11 
0 1.62308 11 
0 inf 11 
0 0.0588168 12 
0 0.0775459 12 
0 0.0816818 12 
0 0.0893887 12 
0 0.0990194 12 
0 0.108547 12 
0 0.122105 12 
0 0.140908 12 
0 0.154298 12 
0 0.157467 12 
0 0.160597 12 
0 0.169523 12 
0 0.181769 12 
0 0.188831 12 
0 0.208161 12 
0 0.215172 12 
0 0.218213 12 
0 0.223063 12 
0 0.227629 12 
0 0.230872 12 
0 0.232823 12 
0 0.234757 12 
0 0.234757 12 
0 0.23529 12 
0 0.256571 12 
0 0.256713 12 
0 0.258194 12 
0 0.2601 12 
0 0.262913 12 
0 0.263249 12 
0 0.264007 12 
0 0.271496 12 
0 0.279025 12 
0 0.280452 12 
0 0.358369 12 
0 0.402945 12 
0 0.416611 12 
0 0.429854 12 
0 0.436795 12 
0 0.440218 12 
0 0.442737 12 
0 0.457598 12 
0 0.489265 12 
0 0.538948 12 
0 0.56427 12 
0 0.578401 12 
0 0.593034 12 
0 0.59564 12 
0 0.596358 12 
0 0.597186 12 
0 0.606942 12 
0 0.622277 12 
0 0.625483 12 
0 0.63099 12 
0 0.633104 12 
0 0.633921 12 
0 0.694905 12 
0 0.707137 12 
0 0.768905 12 
0 0.795964 12 
0 0.836937 12 
0 0.837527 12 
0 0.838658 12 
0 0.87018 12 
0 0.878605 12 
0 0.974744 12 
0 1.04111 12 
0 1.08781 12 
0 1.16495 12 
0 1.16814 12 
0 1.17119 12 
0 1.18855 12 
0 1.3744 12 
0 1.37665 12 
0 1.39401 12 
0 1.39437 12 
0 1.3967 12 
0 1.46448 12 
0 1.46507 12 
0 1.47742 12 
0 1.47934 12 
0 1.48009 12 
0 1.61348 12 
0 1.61348 12 
0 1.62531 12 
0 1.62562 12 
0 1.62903 12 
0 inf 12 
0 0.0775533 13 
0 0.106267 13 
0 0.117989 13 
0 0.122104 13 
0 0.160566 13 
0 0.179245 13 
0 0.191245 13 
0 0.19802 13 
0 0.198642 13 
0 0.202311 13 
0 0.208951 13 
0 0.210326 13 
0 0.219526 13 
0 0.223061 13 
0 0.226725 13 
0 0.227811 13 
0 0.239797 13 
0 0.242541 13 
0 0.243209 13 
0 0.246082 13 
0 0.276606 13 
0 0.276952 13 
0 0.277943 13 
0 0.282839 13 
0 0.290858 13 
0 0.320368 13 
0 0.32649 13 
0 0.330121 13 
0 0.356407 13 
0 0.374216 13 
0 0.421522 13 
0 0.427362 13 
0 0.430423 13 
0 0.430817 13 
0 0.442177 13 
0 0.445425 13 
0 0.457876 13 
0 0.509072 13 
0 0.509075 13 
0 0.558313 13 
0 0.560743 13 
0 0.588081 13 
0 0.593422 13 
0 0.593629 13 
0 0.59363 13 
0 0.593934 13 
0 0.596129 13 
0 0.597806 13 
0 0.603214 13 
0 0.604825 13 
0 0.619957 13 
0 0.626208 13 
0 0.626208 13 
0 0.626274 13 
0 0.63338 13 
0 0.639785 13 
0 0.645745 13 
0 0.742693 13 
0 0.752391 13 
0 0.811261 13 
0 0.811261 13 
0 0.820952 13 
0 0.847973 13 
0 1.01482 13 
0 1.07298 13 
0 1.10652 13 
0 1.11929 13 
0 1.12058 13 
0 1.37374 13 
0 1.37509 13 
0 1.37895 13 
0 1.37991 13 
0 1.38182 13 
0 1.46721 13 
0 1.46729 13 
0 1.48104 13 
0 1.4846 13 
0 1.48612 13 
0 1.60942 13 
0 1.61175 13 
0 1.62267 13 
0 1.62305 13 
0 1.6251 13 
0 inf 13 
0 0.0865889 14 
0 0.09648 14 
0 0.140898 14 
0 0.161105 14 
0 0.168546 14 
0 0.172447 14 
0 0.173165 14 
0 0.173637 14 
0 0.184003 14 
0 0.188861 14 
0 0.206568 14 
0 0.208159 14 
0 0.210519 14 
0 0.213433 14 
0 0.214011 14 
0 0.214598 14 
0 0.217458 14 
0 0.218584 14 
0 0.218958 14 
0 0.221949 14 
0 0.231221 14 
0 0.232825 14 
0 0.235464 14 
0 0.238931 14 
0 0.240135 14 
0 0.24322 14 
0 0.244233 14 
0 0.24823 14 
0 0.255588 14 
0 0.287701 14 
0 0.35962 14 
0 0.384424 14 
0 0.386241 14 
0 0.386667 14 
0 0.394359 14 
0 0.398726 14 
0 0.428987 14 
0 0.43543 14 
0 0.451122 14 
0 0.451443 14 
0 0.458684 14 
0 0.491704 14 
0 0.499566 14 
0 0.502637 14 
0 0.507124 14 
0 0.508149 14 
0 0.553869 14 
0 0.554538 14 
0 0.556581 14 
0 0.567789 14 
0 0.568659 14 
0 0.576813 14 
0 0.625841 14 
0 0.625843 14 
0 0.637469 14 
0 0.677964 14 
0 0.678935 14 
0 0.68259 14 
0 0.682591 14 
0 0.683857 14 
0 0.813542 14 
0 1.1816 14 
0 1.18177 14 
0 1.18803 14 
0 1.37191 14 
0 1.37272 14 
0 1.38848 14 
0 1.38848 14 
0 1.38952 14 
0 1.4766 14 
0 1.48875 14 
0 1.50306 14 
0 1.50306 14 
0 1.60883 14 
0 1.60904 14 
0 1.60929 14 
0 1.60962 14 
0 1.61026 14 
0 1.86529 14 
0 inf 14 
0 0.0602046 15 
0 0.0685253 15 
0 0.115475 15 
0 0.115883 15 
0 0.131525 15 
0 0.132783 15 
0 0.166168 15 
0 0.176465 15 
0 0.195717 15 
0 0.196778 15 
0 0.197613 15 
0 0.204969 15 
0 0.204969 15 
0 0.204969 15 
0 0.211895 15 
0 0.213637 15 
0 0.226905 15 
0 0.236156 15 
0 0.236852 15 
0 0.238931 15 
0 0.250888 15 
0 0.251036 15 
0 0.253662 15 
0 0.254292 15 
0 0.261292 15 
0 0.261293 15 
0 0.261765 15 
0 0.264475 15 
0 0.267552 15 
0 0.274392 15 
0 0.280185 15 
0 0.286121 15 
0 0.29269 15 
0 0.296339 15 
0 0.315324 15 
0 0.385386 15 
0 0.409741 15 
0 0.412537 15 
0 0.476297 15 
0 0.494556 15 
0 0.499528 15 
0 0.505748 15 
0 0.512703 15 
0 0.547847 15 
0 0.54879 15 
0 0.55238 15 
0 0.554379 15 
0 0.561845 15 
0 0.562211 15 
0 0.563309 15 
0 0.569273 15 
0 0.603335 15 
0 0.603335 15 
0 0.633949 15 
0 0.990397 15 
0 0.993014 15 
0 0.993014 15 
0 1.15318 15 
0 1.17185 15 
0 1.17185 15 
0 1.18098 15 
0 1.18109 15 
0 1.18262 15 
0 1.37251 15 
0 1.42917 15 
0 1.43021 15 
0 1.43409 15 
0 1.46586 15 
0 1.46864 15 
0 1.46864 15 
0 1.46864 15 
0 1.61246 15 
0 1.7158 15 
0 1.71583 15 
0 1.71811 15 
0 inf 15 
0 0.0981845 16 
0 0.101881 16 
0 0.104668 16 
0 0.11799 16 
0 0.142064 16 
0 0.158817 16 
0 0.193362 16 
0 0.19361 16 
0 0.194459 16 
0 0.195304 16 
0 0.213636 16 
0 0.213828 16 
0 0.214017 16 
0 0.214977 16 
0 0.214977 16 
0 0.228665 16 
0 0.229254 16 
0 0.232063 16 
0 0.234885 16 
0 0.237565 16 
0 0.245746 16 
0 0.245914 16 
0 0.246248 16 
0 0.25673 16 
0 0.25673 16 
0 0.268784 16 
0 0.26926 16 
0 0.270007 16 
0 0.270024 16 
0 0.270586 16 
0 0.271042 16 
0 0.276041 16 
0 0.277648 16 
0 0.286986 16 
0 0.292978 16 
0 0.392479 16 
0 0.419522 16 
0 0.450069 16 
0 0.508752 16 
0 0.542369 16 
0 0.562867 16 
0 0.565204 16 
0 0.579311 16 
0 0.579524 16 
0 0.61663 16 
0 0.700569 16 
0 0.718676 16 
0 0.817784 16 
0 0.817935 16 
0 0.818388 16 
0 1.0697 16 
0 1.0712 16 
0 1.07316 16 
0 1.16299 16 
0 1.23686 16 
0 1.23793 16 
0 1.31924 16 
0 1.37632 16 
0 1.37734 16 
0 1.38143 16 
0 1.38163 16 
0 1.43436 16 
0 1.4372 16 
0 1.46471 16 
0 1.5782 16 
0 1.57893 16 
0 1.57976 16 
0 1.63332 16 
0 1.70797 16 
0 1.72983 16 
0 1.7303 16 
0 inf 16 
0 0.129002 17 
0 0.140897 17 
0 0.145509 17 
0 0.150261 17 
0 0.155364 17 
0 0.192789 17 
0 0.194491 17 
0 0.227762 17 
0 0.230459 17 
0 0.236458 17 
0 0.236805 17 
0 0.238259 17 
0 0.240324 17 
0 0.240658 17 
0 0.241 17 
0 0.241171 17 
0 0.243727 17 
0 0.244234 17 
0 0.245076 17 
0 0.247899 17 
0 0.247916 17 
0 0.251045 17 
0 0.251855 17 
0 0.25415 17 
0 0.256088 17 
0 0.26255 17 
0 0.266906 17 
0 0.267523 17 
0 0.27016 17 
0 0.273762 17 
0 0.277382 17 
0 0.318179 17 
0 0.371123 17 
0 0.42508 17 
0 0.570139 17 
0 0.5705 17 
0 0.5705 17 
0 0.574099 17 
0 0.617361 17 
0 0.627567 17 
0 0.659251 17 
0 0.813694 17 
0 0.815311 17 
0 0.817783 17 
0 0.821953 17 
0 0.829137 17 
0 0.829137 17 
0 0.879961 17 
0 0.948877 17 
0 1.17315 17 
0 1.17333 17 
0 1.17427 17 
0 1.26711 17 
0 1.27 17 
0 1.27048 17 
0 1.37632 17 
0 1.39979 17 
0 1.40205 17 
0 1.40241 17 
0 1.46527 17 
0 1.57055 17 
0 1.57097 17 
0 1.57223 17 
0 1.61121 17 
0 1.61542 17 
0 1.61879 17 
0 1.62054 17 
0 inf 17 
0 0.105464 18 
0 0.114453 18 
0 0.123789 18 
0 0.132485 18 
0 0.132485 18 
0 0.138498 18 
0 0.138498 18 
0 0.14265 18 
0 0.156435 18 
0 0.167566 18 
0 0.187555 18 
0 0.199267 18 
0 0.229426 18 
0 0.240494 18 
0 0.24169 18 
0 0.241691 18 
0 0.243559 18 
0 0.249241 18 
0 0.266802 18 
0 0.269544 18 
0 0.27439 18 
0 0.27813 18 
0 0.28049 18 
0 0.283265 18 
0 0.283265 18 
0 0.294635 18 
0 0.296308 18 
0 0.296863 18 
0 0.303451 18 
0 0.432 18 
0 0.472005 18 
0 0.475134 18 
0 0.483384 18 
0 0.567678 18 
0 0.574601 18 
0 0.574601 18 
0 0.57689 18 
0 0.579092 18 
0 0.641578 18 
0 0.737118 18 
0 0.748376 18 
0 0.754231 18 
0 0.826003 18 
0 0.84084 18 
0 0.854445 18 
0 1.03916 18 
0 1.06674 18 
0 1.22394 18 
0 1.22666 18 
0 1.22716 18 
0 1.37967 18 
0 1.38014 18 
0 1.38098 18 
0 1.38393 18 
0 1.40601 18 
0 1.46651 18 
0 1.46788 18 
0 1.47024 18 
0 1.47068 18 
0 1.60837 18 
0 1.60868 18 
0 1.60952 18 
0 1.60991 18 
0 inf 18 
0 0.0615687 19 
0 0.0615687 19 
0 0.0667065 19 
0 0.113751 19 
0 0.128702 19 
0 0.129976 19 
0 0.162108 19 
0 0.176663 19 
0 0.182173 19 
0 0.184898 19 
0 0.185533 19 
0 0.190817 19 
0 0.240836 19 
0 0.244569 19 
0 0.24541 19 
0 0.280353 19 
0 0.284292 19 
0 0.292856 19 
0 0.319471 19 
0 0.336541 19 
0 0.340804 19 
0 0.350557 19 
0 0.351613 19 
0 0.359834 19 
0 0.410547 19 
0 0.41245 19 
0 0.415732 19 
0 0.419914 19 
0 0.468008 19 
0 0.512301 19 
0 0.51654 19 
0 0.517422 19 
0 0.591128 19 
0 0.597159 19 
0 0.604017 19 
0 0.64204 19 
0 0.642233 19 
0 0.645304 19 
0 0.6586 19 
0 0.666062 19 
0 0.809503 19 
0 0.811333 19 
0 0.827149 19 
0 0.829089 19 
0 0.829337 19 
0 0.891036 19 
0 1.16423 19 
0 1.37741 19 
0 1.38047 19 
0 1.38056 19 
0 1.38152 19 
0 1.38181 19 
0 1.46819 19 
0 1.52429 19 
0 1.52793 19 
0 1.61195 19 
0 1.61287 19 
0 1.6131 19 
0 1.61356 19 
0 inf 19 
0 0.0801687 20 
0 0.0836878 20 
0 0.109324 20 
0 0.111192 20 
0 0.134012 20 
0 0.1376 20 
0 0.139192 20 
0 0.146074 20 
0 0.150468 20 
0 0.150469 20 
0 0.159291 20 
0 0.160065 20 
0 0.162865 20 
0 0.166618 20 
0 0.172449 20 
0 0.175057 20 
0 0.178317 20 
0 0.191675 20 
0 0.299118 20 
0 0.311265 20 
0 0.311378 20 
0 0.311398 20 
0 0.315974 20 
0 0.397383 20 
0 0.401417 20 
0 0.402322 20 
0 0.404059 20 
0 0.407308 20 
0 0.41948 20 
0 0.423683 20 
0 0.425139 20 
0 0.425718 20 
0 0.427746 20 
0 0.577096 20 
0 0.577667 20 
0 0.578165 20 
0 0.610455 20 
0 0.610793 20 
0 0.612341 20 
0 0.646293 20 
0 0.647248 20 
0 0.775779 20 
0 0.777529 20 
0 0.830927 20 
0 0.834093 20 
0 0.840218 20 
0 1.16253 20 
0 1.31324 20 
0 1.37889 20 
0 1.38306 20 
0 1.46279 20 
0 1.46282 20 
0 1.61767 20 
0 1.61868 20 
0 3.64074 20 
0 inf 20 
