5.53603 9.16957 1 
0.905334 2.01688 1 
0.4293 0.508939 1 
0.403171 0.442867 1 
0.272518 0.289991 1 
0.228163 0.252403 1 
0.220456 0.224951 1 
0.211824 0.219422 1 
0.159635 0.161054 1 
0.155299 0.189362 1 
0.15264 0.158777 1 
0.151742 0.194109 1 
0.125115 0.128347 1 
0.117229 0.120295 1 
0.112879 0.113682 1 
0.108771 0.113682 1 
0.103631 0.114876 1 
0.10319 0.113682 1 
0.0996005 0.10494 1 
0.0982203 0.115666 1 
0.0958751 0.105803 1 
0.0939581 0.10666 1 
0.0920004 0.0977559 1 
0.0905044 0.0996005 1 
0.0847934 0.0924937 1 
0.0837132 0.102305 1 
0.07632 0.0826188 1 
0.07632 0.0826188 1 
0.0738965 0.084255 1 
0.0726545 0.0775033 1 
0.0701044 0.0775033 1 
0.0647039 0.0654038 1 
5.05493 6.39956 2 
0.746236 2.58264 2 
0.439359 0.526431 2 
0.434149 0.457024 2 
0.39943 0.430253 2 
0.397717 0.532448 2 
0.337157 0.346607 2 
0.275174 0.326038 2 
0.227165 0.230742 2 
0.224344 0.241723 2 
0.150236 0.152938 2 
0.147484 0.156175 2 
0.147176 0.165237 2 
0.144051 0.161899 2 
0.130108 0.141822 2 
0.129054 0.146555 2 
0.128702 0.130109 2 
0.125479 0.126202 2 
0.121424 0.128348 2 
0.120673 0.12402 2 
0.114877 0.119155 2 
0.111663 0.118003 2 
0.0954 0.10494 2 
0.0874355 0.0910049 2 
0.0564394 0.0701044 2 
4.66362 5.22082 3 
4.65893 5.20009 3 
4.65873 5.18839 3 
4.637 5.26224 3 
0.733178 2.50648 3 
0.380287 0.417369 3 
0.379449 0.436658 3 
0.375592 0.428133 3 
0.374011 0.393575 3 
0.306025 0.374012 3 
0.282519 0.297734 3 
0.274679 0.296508 3 
0.248407 0.28747 3 
0.234848 0.239263 3 
0.146865 0.148713 3 
0.128701 0.134577 3 
0.127279 0.130806 3 
0.122914 0.12402 3 
0.11207 0.115666 3 
0.102749 0.10919 3 
0.10186 0.103192 3 
0.0996005 0.109606 3 
0.0944412 0.104505 3 
0.0879547 0.0879551 3 
0.0853284 0.0905044 3 
0.0837134 0.0853292 3 
0.662763 2.29439 4 
0.328403 0.331163 4 
0.121423 0.125115 4 
0.0982211 0.110022 4 
0.0863893 0.0884712 4 
0.868917 2.00477 5 
0.309719 0.310747 5 
0.236778 0.23697 5 
0.113682 0.126202 5 
0.112069 0.11328 5 
0.10363 0.108353 5 
0.100056 0.11207 5 
0.0944412 0.10494 5 
0.090001 0.0915051 5 
1.66251 1.7004 6 
1.59078 1.61826 6 
1.52677 1.70342 6 
0.312208 0.365148 6 
0.306026 0.311187 6 
0.273352 0.279443 6 
0.237162 0.237545 6 
0.119536 0.127279 6 
0.11328 0.115272 6 
0.112879 0.130805 6 
1.41279 1.447 7 
1.20264 1.48021 7 
0.24453 0.280255 7 
0.0996005 0.110021 7 
1.33002 1.34228 8 
1.19132 1.29774 8 
1.01228 1.34279 8 
0.422354 0.429195 8 
0.417803 0.420734 8 
0.346211 0.34896 8 
0.270001 0.276167 8 
0.226161 0.266779 8 
0.119535 0.122914 8 
1.12103 1.15406 9 
1.09735 1.11267 9 
1.04476 1.15499 9 
1.0034 1.17963 9 
0.816747 1.17173 9 
0.394503 0.447236 9 
0.392769 0.455003 9 
0.309573 0.31655 9 
0.291399 0.303187 9 
0.286518 0.303187 9 
0.286358 0.308985 9 
0.217755 0.218589 9 
0.124019 0.133559 9 
0.0996005 0.102749 9 
0.728581 1.05096 10 
0.599903 0.604997 10 
0.401645 0.444685 10 
0.398574 0.457596 10 
0.361639 0.361765 10 
0.347785 0.385278 10 
0.227357 0.229569 10 
0.94142 1.00709 11 
0.822103 0.87321 11 
0.686548 0.719623 11 
0.500918 0.506878 11 
0.464726 0.506878 11 
0.886862 0.887015 12 
0.8742 0.935359 12 
0.708406 0.831077 12 
0.645979 0.728671 12 
0.572162 0.581236 12 
0.397583 0.401785 12 
0.391257 0.413204 12 
0.346737 0.440909 12 
0.939969 0.99637 13 
0.714036 0.772976 13 
0.573194 0.685288 13 
0.550103 0.564151 13 
0.503094 0.545034 13 
0.488873 0.886246 13 
0.413094 0.423429 13 
0.41199 0.493689 13 
0.405872 0.433205 13 
0.490268 0.5992 14 
0.436449 0.567129 14 
0.435613 0.481368 14 
0.432257 0.472205 14 
0.415511 0.659987 14 
0.410221 0.570489 14 
0.678347 0.691107 15 
0.659297 0.666778 15 
0.40531 0.420085 15 
0.375469 0.465509 16 
1.14166 1.16091 17 
1.11443 1.14213 17 
1.08894 1.14563 17 
0.559617 0.693605 20 
