0 0.0218788 1 
0 0.0230618 1 
0 0.0241855 1 
0 0.024187 1 
0 0.0300698 1 
0 0.0313675 1 
0 0.0322043 1 
0 0.0334198 1 
0 0.0349751 1 
0 0.0360975 1 
0 0.0360976 1 
0 0.0360977 1 
0 0.0368266 1 
0 0.0368266 1 
0 0.0368269 1 
0 0.0371866 1 
0 0.0378946 1 
0 0.0378948 1 
0 0.0392734 1 
0 0.0399444 1 
0 0.040275 1 
0 0.040605 1 
0 0.0412513 1 
0 0.0415755 1 
0 0.0422102 1 
0 0.0458345 1 
0 0.0464087 1 
0 0.0466964 1 
0 0.0478174 1 
0 0.0478174 1 
0 0.0478215 1 
0 0.0480996 1 
0 0.0483747 1 
0 0.0483749 1 
0 0.0497274 1 
0 0.0499966 1 
0 0.0502622 1 
0 0.0507858 1 
0 0.0510494 1 
0 0.051564 1 
0 0.0520822 1 
0 0.0520822 1 
0 0.053591 1 
0 0.0535911 1 
0 0.0538337 1 
0 0.0538385 1 
0 0.0540847 1 
0 0.0550592 1 
0 0.0550594 1 
0 0.0553005 1 
0 0.0564905 1 
0 0.0587967 1 
0 0.0590212 1 
0 0.059472 1 
0 0.0599168 1 
0 0.0599171 1 
0 0.0601378 1 
0 0.061878 1 
0 0.0618783 1 
0 0.0633695 1 
0 0.0662393 1 
0 0.067624 1 
0 0.0682216 1 
0 0.0736542 1 
0 0.074907 1 
0 0.0763139 1 
0 0.0768356 1 
0 0.0815332 1 
0 0.0818564 1 
0 0.0834705 1 
0 0.0850488 1 
0 0.0861292 1 
0 0.0873587 1 
0 0.0884174 1 
0 0.0897576 1 
0 0.0918132 1 
0 0.0918154 1 
0 0.092819 1 
0 0.0999943 1 
0 0.101312 1 
0 0.106803 1 
0 0.111321 1 
0 0.111795 1 
0 0.112037 1 
0 0.112392 1 
0 0.117824 1 
0 0.123227 1 
0 0.127366 1 
0 0.129437 1 
0 0.131277 1 
0 0.135169 1 
0 0.141798 1 
0 0.149901 1 
0 0.150787 1 
0 0.181442 1 
0 0.187143 1 
0 0.188912 1 
0 0.195347 1 
0 0.201315 1 
0 0.204912 1 
0 0.220784 1 
0 0.2246 1 
0 0.228654 1 
0 0.228945 1 
0 0.283463 1 
0 0.290981 1 
0 0.304473 1 
0 0.308187 1 
0 0.334464 1 
0 0.339918 1 
0 0.356555 1 
0 0.373514 1 
0 0.38848 1 
0 0.396492 1 
0 0.407163 1 
0 0.458427 1 
0 0.478951 1 
0 0.486607 1 
0 0.492997 1 
0 0.941354 1 
0 1.2677 1 
0 2.1175 1 
0 2.48049 1 
0 2.524 1 
0 2.9647 1 
0 3.0261 1 
0 4.3079 1 
0 4.86715 1 
0 6.55485 1 
0 6.5849 1 
0 6.648 1 
0 inf 1 
0 0.0262929 2 
0 0.0262944 2 
0 0.0282444 2 
0 0.0287117 2 
0 0.0300687 2 
0 0.0305064 2 
0 0.0305081 2 
0 0.0326146 2 
0 0.0334198 2 
0 0.0338154 2 
0 0.0349749 2 
0 0.034975 2 
0 0.0349757 2 
0 0.0392731 2 
0 0.0406039 2 
0 0.0431448 2 
0 0.0431452 2 
0 0.0440599 2 
0 0.0443607 2 
0 0.044361 2 
0 0.0446592 2 
0 0.045544 2 
0 0.0458344 2 
0 0.0458346 2 
0 0.0466994 2 
0 0.0489212 2 
0 0.0489228 2 
0 0.0513095 2 
0 0.0518259 2 
0 0.0523319 2 
0 0.0523357 2 
0 0.052336 2 
0 0.0530903 2 
0 0.0530929 2 
0 0.0538388 2 
0 0.056017 2 
0 0.0569563 2 
0 0.0571921 2 
0 0.0574183 2 
0 0.0614528 2 
0 0.0637841 2 
0 0.0637841 2 
0 0.0637841 2 
0 0.070703 2 
0 0.0716395 2 
0 0.0718248 2 
0 0.0741916 2 
0 0.0745499 2 
0 0.0757865 2 
0 0.0763155 2 
0 0.078378 2 
0 0.0818587 2 
0 0.0839465 2 
0 0.0852055 2 
0 0.0856711 2 
0 0.087511 2 
0 0.092102 2 
0 0.0949415 2 
0 0.0967487 2 
0 0.0995916 2 
0 0.105309 2 
0 0.110839 2 
0 0.111317 2 
0 0.11191 2 
0 0.115304 2 
0 0.116572 2 
0 0.121043 2 
0 0.127885 2 
0 0.127993 2 
0 0.127994 2 
0 0.131978 2 
0 0.132582 2 
0 0.13308 2 
0 0.134668 2 
0 0.137988 2 
0 0.146856 2 
0 0.147309 2 
0 0.151311 2 
0 0.158188 2 
0 0.175784 2 
0 0.180933 2 
0 0.186286 2 
0 0.194735 2 
0 0.195485 2 
0 0.198182 2 
0 0.201377 2 
0 0.206463 2 
0 0.208002 2 
0 0.210734 2 
0 0.211368 2 
0 0.223484 2 
0 0.226145 2 
0 0.226373 2 
0 0.269995 2 
0 0.292215 2 
0 0.311245 2 
0 0.317336 2 
0 0.325905 2 
0 0.33712 2 
0 0.338591 2 
0 0.339011 2 
0 0.362858 2 
0 0.368491 2 
0 0.369041 2 
0 0.370684 2 
0 0.370796 2 
0 0.376108 2 
0 0.3784 2 
0 0.391794 2 
0 0.43117 2 
0 0.451133 2 
0 0.807164 2 
0 1.18707 2 
0 1.24218 2 
0 1.75211 2 
0 1.7548 2 
0 1.86585 2 
0 2.39298 2 
0 4.0576 2 
0 4.21774 2 
0 4.52156 2 
0 4.70016 2 
0 4.70167 2 
0 4.84521 2 
0 5.03572 2 
0 5.19743 2 
0 5.46663 2 
0 inf 2 
0 0.0192944 3 
0 0.0247311 3 
0 0.0282452 3 
0 0.0317891 3 
0 0.0317896 3 
0 0.0338154 3 
0 0.0349787 3 
0 0.0378955 3 
0 0.0382399 3 
0 0.0382437 3 
0 0.0396122 3 
0 0.0406048 3 
0 0.0409313 3 
0 0.041895 3 
0 0.0425241 3 
0 0.0425245 3 
0 0.0443624 3 
0 0.0478182 3 
0 0.0497266 3 
0 0.0505262 3 
0 0.0523366 3 
0 0.0530924 3 
0 0.0533394 3 
0 0.0538384 3 
0 0.0540848 3 
0 0.0552978 3 
0 0.0567246 3 
0 0.0569584 3 
0 0.0571925 3 
0 0.0581133 3 
0 0.0587956 3 
0 0.0603579 3 
0 0.060578 3 
0 0.0610162 3 
0 0.0616666 3 
0 0.0689911 3 
0 0.0693757 3 
0 0.0693772 3 
0 0.0701391 3 
0 0.0734696 3 
0 0.0780367 3 
0 0.079555 3 
0 0.0797222 3 
0 0.0833084 3 
0 0.0842609 3 
0 0.0842637 3 
0 0.086754 3 
0 0.0919544 3 
0 0.0959211 3 
0 0.0990542 3 
0 0.0990546 3 
0 0.100785 3 
0 0.102359 3 
0 0.111556 3 
0 0.113219 3 
0 0.114729 3 
0 0.117143 3 
0 0.117709 3 
0 0.128603 3 
0 0.130351 3 
0 0.130364 3 
0 0.144942 3 
0 0.148302 3 
0 0.149463 3 
0 0.149721 3 
0 0.150173 3 
0 0.168685 3 
0 0.169941 3 
0 0.172112 3 
0 0.173427 3 
0 0.175781 3 
0 0.176385 3 
0 0.178194 3 
0 0.178342 3 
0 0.184141 3 
0 0.199923 3 
0 0.20479 3 
0 0.206149 3 
0 0.210294 3 
0 0.237043 3 
0 0.243012 3 
0 0.244814 3 
0 0.261748 3 
0 0.261749 3 
0 0.272206 3 
0 0.273231 3 
0 0.275634 3 
0 0.295316 3 
0 0.309111 3 
0 0.311171 3 
0 0.31758 3 
0 0.319875 3 
0 0.323926 3 
0 0.334275 3 
0 0.336656 3 
0 0.341834 3 
0 0.346768 3 
0 0.35285 3 
0 0.36716 3 
0 0.372851 3 
0 0.423168 3 
0 0.446421 3 
0 0.446529 3 
0 0.642812 3 
0 0.902234 3 
0 1.18145 3 
0 1.29068 3 
0 1.33774 3 
0 1.43737 3 
0 1.70764 3 
0 1.85352 3 
0 1.85375 3 
0 1.85664 3 
0 2.12428 3 
0 2.73842 3 
0 3.32521 3 
0 3.50715 3 
0 4.16364 3 
0 4.39057 3 
0 4.39933 3 
0 4.40055 3 
0 4.45175 3 
0 4.46464 3 
0 inf 3 
0 0.0305107 4 
0 0.0309401 4 
0 0.0342061 4 
0 0.0342106 4 
0 0.0342108 4 
0 0.0371858 4 
0 0.0412562 4 
0 0.0428351 4 
0 0.0431437 4 
0 0.0472641 4 
0 0.0489215 4 
0 0.0497323 4 
0 0.0515687 4 
0 0.0528418 4 
0 0.0555477 4 
0 0.056015 4 
0 0.0576543 4 
0 0.0576545 4 
0 0.0578849 4 
0 0.0625185 4 
0 0.0633676 4 
0 0.0637858 4 
0 0.0666369 4 
0 0.0666386 4 
0 0.0672357 4 
0 0.0682155 4 
0 0.0695677 4 
0 0.070327 4 
0 0.070327 4 
0 0.0712681 4 
0 0.0723809 4 
0 0.0743696 4 
0 0.0761411 4 
0 0.0771787 4 
0 0.0810433 4 
0 0.0820247 4 
0 0.0833106 4 
0 0.0882683 4 
0 0.0894669 4 
0 0.0931088 4 
0 0.099195 4 
0 0.101183 4 
0 0.101317 4 
0 0.103132 4 
0 0.108043 4 
0 0.109516 4 
0 0.111082 4 
0 0.114737 4 
0 0.117033 4 
0 0.118836 4 
0 0.119839 4 
0 0.120826 4 
0 0.126318 4 
0 0.126633 4 
0 0.129129 4 
0 0.134273 4 
0 0.135847 4 
0 0.137889 4 
0 0.138943 4 
0 0.140748 4 
0 0.142628 4 
0 0.143465 4 
0 0.144016 4 
0 0.165493 4 
0 0.169705 4 
0 0.169945 4 
0 0.174271 4 
0 0.174956 4 
0 0.17968 4 
0 0.202448 4 
0 0.211575 4 
0 0.21181 4 
0 0.241932 4 
0 0.274197 4 
0 0.280658 4 
0 0.285965 4 
0 0.287077 4 
0 0.298911 4 
0 0.300405 4 
0 0.302281 4 
0 0.308667 4 
0 0.316296 4 
0 0.31831 4 
0 0.326098 4 
0 0.327129 4 
0 0.335635 4 
0 0.340391 4 
0 0.344923 4 
0 0.345577 4 
0 0.347889 4 
0 0.359651 4 
0 0.36418 4 
0 0.370693 4 
0 0.373943 4 
0 0.477709 4 
0 0.773278 4 
0 0.928739 4 
0 0.960266 4 
0 1.18936 4 
0 1.2954 4 
0 1.70997 4 
0 2.0701 4 
0 2.09694 4 
0 2.26431 4 
0 2.30347 4 
0 2.30455 4 
0 2.30456 4 
0 2.36885 4 
0 2.44322 4 
0 2.44879 4 
0 2.44983 4 
0 2.45009 4 
0 2.451 4 
0 2.67298 4 
0 2.96446 4 
0 2.96554 4 
0 2.96928 4 
0 3.07859 4 
0 3.18684 4 
0 inf 4 
0 0.024187 5 
0 0.0406041 5 
0 0.0464101 5 
0 0.0469787 5 
0 0.0478249 5 
0 0.0513077 5 
0 0.0520807 5 
0 0.0523361 5 
0 0.0535906 5 
0 0.0540817 5 
0 0.0548168 5 
0 0.0552988 5 
0 0.0555399 5 
0 0.056251 5 
0 0.0596947 5 
0 0.0601451 5 
0 0.0605791 5 
0 0.0612335 5 
0 0.0616623 5 
0 0.0627312 5 
0 0.0662377 5 
0 0.0682197 5 
0 0.0688003 5 
0 0.0710811 5 
0 0.0712745 5 
0 0.0716402 5 
0 0.072381 5 
0 0.0756102 5 
0 0.0777005 5 
0 0.0777007 5 
0 0.0790511 5 
0 0.0803862 5 
0 0.082024 5 
0 0.0842636 5 
0 0.0867499 5 
0 0.0885665 5 
0 0.0896118 5 
0 0.089914 5 
0 0.0923948 5 
0 0.0942453 5 
0 0.0966092 5 
0 0.0979806 5 
0 0.0986593 5 
0 0.102357 5 
0 0.103902 5 
0 0.104671 5 
0 0.106555 5 
0 0.106929 5 
0 0.116121 5 
0 0.119053 5 
0 0.121812 5 
0 0.121814 5 
0 0.124088 5 
0 0.129123 5 
0 0.130659 5 
0 0.133584 5 
0 0.148207 5 
0 0.149276 5 
0 0.154616 5 
0 0.179914 5 
0 0.200919 5 
0 0.205629 5 
0 0.210672 5 
0 0.218604 5 
0 0.219894 5 
0 0.248498 5 
0 0.25229 5 
0 0.254889 5 
0 0.257948 5 
0 0.259643 5 
0 0.264263 5 
0 0.268823 5 
0 0.268823 5 
0 0.272776 5 
0 0.27433 5 
0 0.274331 5 
0 0.306361 5 
0 0.330626 5 
0 0.344972 5 
0 0.345781 5 
0 0.36737 5 
0 0.384197 5 
0 0.386008 5 
0 0.387093 5 
0 0.388978 5 
0 0.390937 5 
0 0.472918 5 
0 0.691547 5 
0 0.883541 5 
0 0.940223 5 
0 1.18591 5 
0 1.26451 5 
0 1.29261 5 
0 1.35232 5 
0 1.36239 5 
0 1.36309 5 
0 1.36554 5 
0 1.44578 5 
0 2.08674 5 
0 2.13006 5 
0 2.13053 5 
0 2.13268 5 
0 2.13773 5 
0 2.28566 5 
0 2.39688 5 
0 2.39824 5 
0 2.40931 5 
0 2.43119 5 
0 2.44014 5 
0 2.52805 5 
0 2.58194 5 
0 3.00794 5 
0 3.008 5 
0 3.00851 5 
0 3.01033 5 
0 inf 5 
0 0.0272877 6 
0 0.0338181 6 
0 0.0364643 6 
0 0.0392729 6 
0 0.0392742 6 
0 0.0402794 6 
0 0.0409313 6 
0 0.0422114 6 
0 0.0472605 6 
0 0.0483741 6 
0 0.0607974 6 
0 0.0608044 6 
0 0.0644091 6 
0 0.0648205 6 
0 0.0658383 6 
0 0.0680194 6 
0 0.0703332 6 
0 0.0718246 6 
0 0.0732908 6 
0 0.0747284 6 
0 0.0761372 6 
0 0.0761375 6 
0 0.0763116 6 
0 0.0782032 6 
0 0.0797262 6 
0 0.0802178 6 
0 0.0802193 6 
0 0.08022 6 
0 0.0815344 6 
0 0.0816991 6 
0 0.0845732 6 
0 0.0853639 6 
0 0.0907943 6 
0 0.0913752 6 
0 0.0931136 6 
0 0.0933936 6 
0 0.0999894 6 
0 0.103522 6 
0 0.108415 6 
0 0.111675 6 
0 0.117254 6 
0 0.118041 6 
0 0.119497 6 
0 0.122246 6 
0 0.123226 6 
0 0.124513 6 
0 0.131873 6 
0 0.13789 6 
0 0.151143 6 
0 0.157681 6 
0 0.158354 6 
0 0.178884 6 
0 0.183771 6 
0 0.186072 6 
0 0.192537 6 
0 0.197056 6 
0 0.211111 6 
0 0.211996 6 
0 0.217073 6 
0 0.222461 6 
0 0.244062 6 
0 0.25219 6 
0 0.253294 6 
0 0.253295 6 
0 0.259958 6 
0 0.266024 6 
0 0.268414 6 
0 0.279519 6 
0 0.281085 6 
0 0.29417 6 
0 0.318511 6 
0 0.329186 6 
0 0.329791 6 
0 0.329878 6 
0 0.336499 6 
0 0.386025 6 
0 0.3886 6 
0 0.388907 6 
0 0.580293 6 
0 0.656327 6 
0 0.662376 6 
0 0.66406 6 
0 0.670098 6 
0 0.679322 6 
0 0.840129 6 
0 0.902735 6 
0 1.04485 6 
0 1.20862 6 
0 1.28779 6 
0 1.30986 6 
0 1.59034 6 
0 1.59792 6 
0 1.62975 6 
0 1.66652 6 
0 1.73915 6 
0 1.74027 6 
0 1.74101 6 
0 1.74515 6 
0 1.7627 6 
0 1.76855 6 
0 1.78665 6 
0 1.84669 6 
0 2.0917 6 
0 2.39608 6 
0 2.39623 6 
0 2.39662 6 
0 2.4034 6 
0 2.45211 6 
0 2.4705 6 
0 2.632 6 
0 2.71402 6 
0 inf 6 
0 0.0267962 7 
0 0.0282437 7 
0 0.0446586 7 
0 0.0455417 7 
0 0.045543 7 
0 0.0507876 7 
0 0.0533425 7 
0 0.055061 7 
0 0.058114 7 
0 0.0620941 7 
0 0.0664467 7 
0 0.0674334 7 
0 0.0738329 7 
0 0.0747275 7 
0 0.0749069 7 
0 0.0771781 7 
0 0.077347 7 
0 0.0783774 7 
0 0.0812035 7 
0 0.0818567 7 
0 0.0839524 7 
0 0.0845748 7 
0 0.0865957 7 
0 0.0873597 7 
0 0.0873613 7 
0 0.090203 7 
0 0.0906447 7 
0 0.0983866 7 
0 0.0997286 7 
0 0.103013 7 
0 0.103653 7 
0 0.10505 7 
0 0.11192 7 
0 0.112978 7 
0 0.115423 7 
0 0.116575 7 
0 0.118156 7 
0 0.119722 7 
0 0.122573 7 
0 0.124087 7 
0 0.12419 7 
0 0.13178 7 
0 0.132882 7 
0 0.13904 7 
0 0.143097 7 
0 0.144483 7 
0 0.149006 7 
0 0.149902 7 
0 0.150872 7 
0 0.168306 7 
0 0.201447 7 
0 0.227906 7 
0 0.228902 7 
0 0.232067 7 
0 0.234618 7 
0 0.236874 7 
0 0.258414 7 
0 0.286672 7 
0 0.29109 7 
0 0.291966 7 
0 0.303706 7 
0 0.30567 7 
0 0.314837 7 
0 0.321729 7 
0 0.323161 7 
0 0.340522 7 
0 0.34153 7 
0 0.342954 7 
0 0.345273 7 
0 0.346042 7 
0 0.487734 7 
0 0.637729 7 
0 0.639227 7 
0 0.640474 7 
0 0.649889 7 
0 0.722018 7 
0 0.808414 7 
0 0.923369 7 
0 1.0719 7 
0 1.1442 7 
0 1.15599 7 
0 1.17244 7 
0 1.19363 7 
0 1.2054 7 
0 1.22887 7 
0 1.28187 7 
0 1.28984 7 
0 1.35657 7 
0 1.36001 7 
0 1.36688 7 
0 1.37343 7 
0 1.4343 7 
0 1.47826 7 
0 1.5108 7 
0 1.52412 7 
0 1.52802 7 
0 1.54388 7 
0 1.63713 7 
0 1.84092 7 
0 1.8506 7 
0 1.87072 7 
0 1.87413 7 
0 2.08263 7 
0 2.08266 7 
0 2.08345 7 
0 2.09399 7 
0 2.10007 7 
0 inf 7 
0 0.0455333 8 
0 0.0481013 8 
0 0.0523354 8 
0 0.0530905 8 
0 0.0594729 8 
0 0.0616666 8 
0 0.0633665 8 
0 0.0633738 8 
0 0.0656351 8 
0 0.0666405 8 
0 0.0693763 8 
0 0.0697594 8 
0 0.0773395 8 
0 0.0773409 8 
0 0.0780317 8 
0 0.0782021 8 
0 0.0807133 8 
0 0.0866032 8 
0 0.089026 8 
0 0.0902043 8 
0 0.0906454 8 
0 0.0990562 8 
0 0.108416 8 
0 0.109147 8 
0 0.114614 8 
0 0.115769 8 
0 0.116684 8 
0 0.117932 8 
0 0.117932 8 
0 0.12236 8 
0 0.123661 8 
0 0.12451 8 
0 0.12632 8 
0 0.1284 8 
0 0.12903 8 
0 0.130762 8 
0 0.13348 8 
0 0.143837 8 
0 0.148744 8 
0 0.151047 8 
0 0.155127 8 
0 0.167339 8 
0 0.177515 8 
0 0.178083 8 
0 0.180586 8 
0 0.21393 8 
0 0.247463 8 
0 0.248359 8 
0 0.24891 8 
0 0.249416 8 
0 0.249789 8 
0 0.251287 8 
0 0.26031 8 
0 0.269813 8 
0 0.275793 8 
0 0.280336 8 
0 0.307241 8 
0 0.315078 8 
0 0.315711 8 
0 0.325946 8 
0 0.369222 8 
0 0.371698 8 
0 0.567686 8 
0 0.638997 8 
0 0.644796 8 
0 0.647431 8 
0 0.651608 8 
0 0.65226 8 
0 0.682158 8 
0 0.687981 8 
0 0.828392 8 
0 0.84634 8 
0 0.85257 8 
0 0.854843 8 
0 0.884401 8 
0 0.918606 8 
0 1.10759 8 
0 1.11362 8 
0 1.1312 8 
0 1.14846 8 
0 1.15898 8 
0 1.162 8 
0 1.18793 8 
0 1.19544 8 
0 1.2117 8 
0 1.21175 8 
0 1.24103 8 
0 1.26553 8 
0 1.29483 8 
0 1.30547 8 
0 1.30791 8 
0 1.30953 8 
0 1.3138 8 
0 1.32009 8 
0 1.6723 8 
0 1.6723 8 
0 1.68046 8 
0 1.69916 8 
0 2.07916 8 
0 2.07926 8 
0 2.08815 8 
0 2.09193 8 
0 2.09622 8 
0 inf 8 
0 0.0475445 9 
0 0.0492016 9 
0 0.0535825 9 
0 0.057884 9 
0 0.0588072 9 
0 0.0625195 9 
0 0.064612 9 
0 0.0658343 9 
0 0.066441 9 
0 0.0740181 9 
0 0.0775186 9 
0 0.0858266 9 
0 0.086287 9 
0 0.0867518 9 
0 0.088121 9 
0 0.0894619 9 
0 0.0929672 9 
0 0.095503 9 
0 0.104413 9 
0 0.108292 9 
0 0.114957 9 
0 0.117139 9 
0 0.119944 9 
0 0.119944 9 
0 0.123979 9 
0 0.127884 9 
0 0.13438 9 
0 0.135515 9 
0 0.136149 9 
0 0.139329 9 
0 0.14448 9 
0 0.161681 9 
0 0.168306 9 
0 0.169779 9 
0 0.176405 9 
0 0.176978 9 
0 0.184265 9 
0 0.190336 9 
0 0.193636 9 
0 0.199985 9 
0 0.208136 9 
0 0.214489 9 
0 0.247867 9 
0 0.259849 9 
0 0.261401 9 
0 0.263469 9 
0 0.272987 9 
0 0.279578 9 
0 0.279578 9 
0 0.310742 9 
0 0.312449 9 
0 0.321716 9 
0 0.367985 9 
0 0.367985 9 
0 0.502141 9 
0 0.646734 9 
0 0.647227 9 
0 0.670376 9 
0 0.698492 9 
0 0.704858 9 
0 0.705092 9 
0 0.706157 9 
0 0.70738 9 
0 0.75152 9 
0 0.788564 9 
0 0.832797 9 
0 0.898469 9 
0 0.90944 9 
0 0.933293 9 
0 0.946437 9 
0 0.947265 9 
0 0.95416 9 
0 1.01452 9 
0 1.14793 9 
0 1.17302 9 
0 1.1746 9 
0 1.18164 9 
0 1.18266 9 
0 1.185 9 
0 1.18519 9 
0 1.1897 9 
0 1.2802 9 
0 1.2863 9 
0 1.28718 9 
0 1.29129 9 
0 1.29251 9 
0 1.29274 9 
0 1.29437 9 
0 1.29738 9 
0 1.29944 9 
0 1.32093 9 
0 1.32171 9 
0 1.45472 9 
0 1.45537 9 
0 2.08065 9 
0 2.0807 9 
0 2.08846 9 
0 2.10967 9 
0 2.11139 9 
0 inf 9 
0 0.0581216 10 
0 0.0592466 10 
0 0.0662414 10 
0 0.0680203 10 
0 0.0682238 10 
0 0.0720031 10 
0 0.0736526 10 
0 0.0749051 10 
0 0.0788793 10 
0 0.0790491 10 
0 0.0842586 10 
0 0.0894677 10 
0 0.0982455 10 
0 0.105429 10 
0 0.107673 10 
0 0.115421 10 
0 0.120504 10 
0 0.121768 10 
0 0.126417 10 
0 0.129122 10 
0 0.130761 10 
0 0.132784 10 
0 0.14411 10 
0 0.149818 10 
0 0.157515 10 
0 0.160281 10 
0 0.161379 10 
0 0.168384 10 
0 0.185701 10 
0 0.188049 10 
0 0.197801 10 
0 0.213495 10 
0 0.214754 10 
0 0.215171 10 
0 0.215743 10 
0 0.225151 10 
0 0.228449 10 
0 0.250152 10 
0 0.265468 10 
0 0.277801 10 
0 0.278948 10 
0 0.321469 10 
0 0.328506 10 
0 0.331047 10 
0 0.359051 10 
0 0.361348 10 
0 0.362524 10 
0 0.423802 10 
0 0.440031 10 
0 0.452545 10 
0 0.45281 10 
0 0.453955 10 
0 0.454392 10 
0 0.639123 10 
0 0.639685 10 
0 0.641641 10 
0 0.642126 10 
0 0.654931 10 
0 0.663624 10 
0 0.669351 10 
0 0.66937 10 
0 0.729497 10 
0 0.748125 10 
0 0.798767 10 
0 0.884896 10 
0 0.899104 10 
0 0.910859 10 
0 0.949005 10 
0 0.958673 10 
0 1.00796 10 
0 1.00922 10 
0 1.03026 10 
0 1.03028 10 
0 1.0877 10 
0 1.11553 10 
0 1.13819 10 
0 1.14062 10 
0 1.17188 10 
0 1.17378 10 
0 1.17396 10 
0 1.18047 10 
0 1.18102 10 
0 1.24099 10 
0 1.28539 10 
0 1.28539 10 
0 1.30015 10 
0 1.30401 10 
0 1.30498 10 
0 1.32402 10 
0 1.32411 10 
0 2.08547 10 
0 2.08578 10 
0 2.08618 10 
0 2.0866 10 
0 2.08945 10 
0 inf 10 
0 0.0601388 11 
0 0.0752547 11 
0 0.075612 11 
0 0.0798925 11 
0 0.0861378 11 
0 0.0899155 11 
0 0.0904982 11 
0 0.0916611 11 
0 0.0999905 11 
0 0.11251 11 
0 0.113691 11 
0 0.123977 11 
0 0.126003 11 
0 0.130105 11 
0 0.136514 11 
0 0.137195 11 
0 0.141975 11 
0 0.159745 11 
0 0.173066 11 
0 0.189264 11 
0 0.196927 11 
0 0.20468 11 
0 0.208391 11 
0 0.222755 11 
0 0.223829 11 
0 0.224663 11 
0 0.228186 11 
0 0.232129 11 
0 0.2335 11 
0 0.235183 11 
0 0.24631 11 
0 0.261173 11 
0 0.264516 11 
0 0.266363 11 
0 0.269342 11 
0 0.272439 11 
0 0.276311 11 
0 0.319643 11 
0 0.328665 11 
0 0.342144 11 
0 0.345046 11 
0 0.374042 11 
0 0.390324 11 
0 0.440659 11 
0 0.450307 11 
0 0.458731 11 
0 0.475031 11 
0 0.475143 11 
0 0.487954 11 
0 0.58267 11 
0 0.604354 11 
0 0.630192 11 
0 0.636289 11 
0 0.636318 11 
0 0.637228 11 
0 0.655601 11 
0 0.662162 11 
0 0.671201 11 
0 0.682886 11 
0 0.684111 11 
0 0.685152 11 
0 0.716295 11 
0 0.717278 11 
0 0.717481 11 
0 0.748467 11 
0 0.752505 11 
0 0.89669 11 
0 0.896691 11 
0 0.964212 11 
0 0.978064 11 
0 1.00884 11 
0 1.1365 11 
0 1.13889 11 
0 1.18138 11 
0 1.18243 11 
0 1.18583 11 
0 1.18645 11 
0 1.18909 11 
0 1.18939 11 
0 1.19371 11 
0 1.19628 11 
0 1.28802 11 
0 1.28864 11 
0 1.30035 11 
0 1.30178 11 
0 1.30199 11 
0 2.07942 11 
0 2.07973 11 
0 2.08 11 
0 2.08016 11 
0 2.08023 11 
0 inf 11 
0 0.0478095 12 
0 0.0654248 12 
0 0.0872101 12 
0 0.0879701 12 
0 0.089914 12 
0 0.117819 12 
0 0.123546 12 
0 0.139143 12 
0 0.144941 12 
0 0.148885 12 
0 0.16307 12 
0 0.164714 12 
0 0.175583 12 
0 0.178513 12 
0 0.189564 12 
0 0.19191 12 
0 0.192937 12 
0 0.193967 12 
0 0.196182 12 
0 0.19879 12 
0 0.211239 12 
0 0.215742 12 
0 0.221264 12 
0 0.224484 12 
0 0.226138 12 
0 0.238386 12 
0 0.250495 12 
0 0.255144 12 
0 0.263554 12 
0 0.264611 12 
0 0.27852 12 
0 0.286749 12 
0 0.287861 12 
0 0.293893 12 
0 0.319056 12 
0 0.330643 12 
0 0.334198 12 
0 0.341907 12 
0 0.37215 12 
0 0.449004 12 
0 0.454653 12 
0 0.542219 12 
0 0.544339 12 
0 0.547261 12 
0 0.552002 12 
0 0.555394 12 
0 0.611794 12 
0 0.614406 12 
0 0.637081 12 
0 0.637143 12 
0 0.63969 12 
0 0.64325 12 
0 0.643508 12 
0 0.645045 12 
0 0.645231 12 
0 0.657731 12 
0 0.659024 12 
0 0.665666 12 
0 0.709975 12 
0 0.710256 12 
0 0.713377 12 
0 0.894627 12 
0 0.895696 12 
0 0.945755 12 
0 0.947127 12 
0 0.948025 12 
0 0.954176 12 
0 1.13846 12 
0 1.13885 12 
0 1.14864 12 
0 1.15786 12 
0 1.16113 12 
0 1.17405 12 
0 1.17754 12 
0 1.2026 12 
0 1.20279 12 
0 1.20425 12 
0 1.28502 12 
0 1.28544 12 
0 1.29189 12 
0 1.2984 12 
0 1.29873 12 
0 2.07885 12 
0 2.07952 12 
0 2.0836 12 
0 2.08373 12 
0 2.08452 12 
0 inf 12 
0 0.0654238 13 
0 0.0725704 13 
0 0.0946569 13 
0 0.135948 13 
0 0.136239 13 
0 0.153775 13 
0 0.157328 13 
0 0.15963 13 
0 0.166925 13 
0 0.183042 13 
0 0.188652 13 
0 0.189825 13 
0 0.200209 13 
0 0.203483 13 
0 0.207822 13 
0 0.214769 13 
0 0.215909 13 
0 0.216251 13 
0 0.216771 13 
0 0.218968 13 
0 0.222033 13 
0 0.225606 13 
0 0.225606 13 
0 0.2279 13 
0 0.232512 13 
0 0.23475 13 
0 0.235752 13 
0 0.23695 13 
0 0.243957 13 
0 0.261443 13 
0 0.264264 13 
0 0.267267 13 
0 0.274496 13 
0 0.279889 13 
0 0.286789 13 
0 0.299843 13 
0 0.30392 13 
0 0.305639 13 
0 0.309661 13 
0 0.330442 13 
0 0.438732 13 
0 0.480395 13 
0 0.491449 13 
0 0.492314 13 
0 0.493178 13 
0 0.634844 13 
0 0.638374 13 
0 0.650816 13 
0 0.660674 13 
0 0.66194 13 
0 0.664827 13 
0 0.694699 13 
0 0.706954 13 
0 0.778829 13 
0 0.896142 13 
0 0.921074 13 
0 0.926601 13 
0 0.926644 13 
0 1.00463 13 
0 1.02339 13 
0 1.0764 13 
0 1.07684 13 
0 1.07735 13 
0 1.08706 13 
0 1.13822 13 
0 1.17133 13 
0 1.17356 13 
0 1.18917 13 
0 1.18926 13 
0 1.18953 13 
0 1.26649 13 
0 1.26678 13 
0 1.26734 13 
0 1.28601 13 
0 1.28601 13 
0 1.28618 13 
0 1.28635 13 
0 1.69982 13 
0 2.08024 13 
0 2.08059 13 
0 2.09382 13 
0 2.09506 13 
0 2.09588 13 
0 inf 13 
0 0.0576614 14 
0 0.0672435 14 
0 0.0805438 14 
0 0.0856695 14 
0 0.0875077 14 
0 0.106055 14 
0 0.121985 14 
0 0.125157 14 
0 0.141089 14 
0 0.146309 14 
0 0.149622 14 
0 0.153669 14 
0 0.15417 14 
0 0.154772 14 
0 0.155205 14 
0 0.163953 14 
0 0.164561 14 
0 0.182678 14 
0 0.184445 14 
0 0.188485 14 
0 0.194523 14 
0 0.20232 14 
0 0.218682 14 
0 0.222042 14 
0 0.235371 14 
0 0.236556 14 
0 0.239683 14 
0 0.241907 14 
0 0.2427 14 
0 0.251235 14 
0 0.251605 14 
0 0.264909 14 
0 0.265919 14 
0 0.296862 14 
0 0.301086 14 
0 0.303196 14 
0 0.303943 14 
0 0.321095 14 
0 0.337335 14 
0 0.445318 14 
0 0.47103 14 
0 0.471707 14 
0 0.47859 14 
0 0.47884 14 
0 0.528162 14 
0 0.636664 14 
0 0.640103 14 
0 0.680125 14 
0 0.709969 14 
0 0.709969 14 
0 0.710213 14 
0 0.766973 14 
0 0.797233 14 
0 0.898225 14 
0 0.910837 14 
0 0.913243 14 
0 0.970707 14 
0 1.0824 14 
0 1.08308 14 
0 1.08338 14 
0 1.144 14 
0 1.19055 14 
0 1.19295 14 
0 1.19391 14 
0 1.19418 14 
0 1.19697 14 
0 1.20243 14 
0 1.20353 14 
0 1.28637 14 
0 1.29317 14 
0 1.29317 14 
0 1.29415 14 
0 1.37461 14 
0 1.37548 14 
0 1.3762 14 
0 2.08045 14 
0 2.0896 14 
0 2.0897 14 
0 2.08985 14 
0 inf 14 
0 0.04783 15 
0 0.0543447 15 
0 0.0599297 15 
0 0.0732832 15 
0 0.0815406 15 
0 0.0964786 15 
0 0.12861 15 
0 0.13931 15 
0 0.142445 15 
0 0.143093 15 
0 0.146672 15 
0 0.173648 15 
0 0.173676 15 
0 0.179662 15 
0 0.181541 15 
0 0.183759 15 
0 0.188085 15 
0 0.198322 15 
0 0.205612 15 
0 0.206644 15 
0 0.207687 15 
0 0.220118 15 
0 0.22478 15 
0 0.22775 15 
0 0.228625 15 
0 0.234593 15 
0 0.235498 15 
0 0.242891 15 
0 0.25944 15 
0 0.260264 15 
0 0.261029 15 
0 0.265265 15 
0 0.275551 15 
0 0.27685 15 
0 0.330041 15 
0 0.330999 15 
0 0.453886 15 
0 0.469589 15 
0 0.471623 15 
0 0.475638 15 
0 0.476309 15 
0 0.634284 15 
0 0.643581 15 
0 0.652526 15 
0 0.653178 15 
0 0.653666 15 
0 0.715324 15 
0 0.815911 15 
0 0.822728 15 
0 0.823697 15 
0 0.836912 15 
0 0.84201 15 
0 0.987902 15 
0 0.995235 15 
0 0.998116 15 
0 1.00661 15 
0 1.02557 15 
0 1.02557 15 
0 1.09119 15 
0 1.15277 15 
0 1.1839 15 
0 1.19131 15 
0 1.19137 15 
0 1.19202 15 
0 1.22425 15 
0 1.23059 15 
0 1.23176 15 
0 1.29017 15 
0 1.30969 15 
0 1.31459 15 
0 1.31464 15 
0 2.07992 15 
0 2.08358 15 
0 2.08391 15 
0 2.08404 15 
0 inf 15 
0 0.0499833 16 
0 0.072571 16 
0 0.0803938 16 
0 0.089017 16 
0 0.0929589 16 
0 0.11566 16 
0 0.121819 16 
0 0.133779 16 
0 0.1373 16 
0 0.140397 16 
0 0.140743 16 
0 0.142185 16 
0 0.143673 16 
0 0.151425 16 
0 0.175885 16 
0 0.175933 16 
0 0.187851 16 
0 0.207708 16 
0 0.210319 16 
0 0.210571 16 
0 0.221623 16 
0 0.227528 16 
0 0.230315 16 
0 0.238205 16 
0 0.240527 16 
0 0.24141 16 
0 0.241695 16 
0 0.24185 16 
0 0.246237 16 
0 0.264941 16 
0 0.331607 16 
0 0.33769 16 
0 0.403947 16 
0 0.46954 16 
0 0.46988 16 
0 0.474526 16 
0 0.477292 16 
0 0.639186 16 
0 0.641656 16 
0 0.642215 16 
0 0.642319 16 
0 0.668814 16 
0 0.731719 16 
0 0.734114 16 
0 0.810856 16 
0 0.811675 16 
0 0.8307 16 
0 0.832299 16 
0 0.88585 16 
0 0.906599 16 
0 0.915958 16 
0 0.998799 16 
0 1.03031 16 
0 1.0689 16 
0 1.08237 16 
0 1.18539 16 
0 1.18547 16 
0 1.18556 16 
0 1.18569 16 
0 1.1929 16 
0 1.20607 16 
0 1.21608 16 
0 1.21618 16 
0 1.29655 16 
0 1.30126 16 
0 1.31119 16 
0 1.31152 16 
0 2.08865 16 
0 2.09254 16 
0 2.09264 16 
0 2.09305 16 
0 inf 16 
0 0.049991 17 
0 0.0530871 17 
0 0.0594662 17 
0 0.116575 17 
0 0.116916 17 
0 0.118723 17 
0 0.11928 17 
0 0.134924 17 
0 0.136395 17 
0 0.13731 17 
0 0.142497 17 
0 0.152452 17 
0 0.157532 17 
0 0.191659 17 
0 0.199808 17 
0 0.216358 17 
0 0.218359 17 
0 0.218803 17 
0 0.224546 17 
0 0.25733 17 
0 0.25733 17 
0 0.273801 17 
0 0.276459 17 
0 0.284115 17 
0 0.286677 17 
0 0.286677 17 
0 0.292191 17 
0 0.319019 17 
0 0.338435 17 
0 0.339181 17 
0 0.33969 17 
0 0.438054 17 
0 0.453684 17 
0 0.453684 17 
0 0.454152 17 
0 0.455292 17 
0 0.476607 17 
0 0.508333 17 
0 0.561926 17 
0 0.587289 17 
0 0.666239 17 
0 0.667674 17 
0 0.668769 17 
0 0.668769 17 
0 0.715401 17 
0 0.748961 17 
0 0.870197 17 
0 0.890001 17 
0 0.893818 17 
0 0.896091 17 
0 0.928225 17 
0 1.03528 17 
0 1.18515 17 
0 1.18515 17 
0 1.18563 17 
0 1.18577 17 
0 1.21449 17 
0 1.22967 17 
0 1.23396 17 
0 1.23399 17 
0 1.29082 17 
0 1.29264 17 
0 1.29267 17 
0 2.08652 17 
0 2.08652 17 
0 2.08703 17 
0 2.08754 17 
0 inf 17 
0 0.118602 18 
0 0.118714 18 
0 0.118714 18 
0 0.118714 18 
0 0.146333 18 
0 0.146606 18 
0 0.149302 18 
0 0.15063 18 
0 0.170802 18 
0 0.1716 18 
0 0.17581 18 
0 0.17581 18 
0 0.180512 18 
0 0.192049 18 
0 0.193635 18 
0 0.19473 18 
0 0.197851 18 
0 0.198186 18 
0 0.201773 18 
0 0.212933 18 
0 0.223655 18 
0 0.231368 18 
0 0.260719 18 
0 0.261075 18 
0 0.262396 18 
0 0.265168 18 
0 0.311118 18 
0 0.313843 18 
0 0.323077 18 
0 0.327125 18 
0 0.331846 18 
0 0.332806 18 
0 0.338897 18 
0 0.405848 18 
0 0.483993 18 
0 0.483993 18 
0 0.484241 18 
0 0.48734 18 
0 0.489157 18 
0 0.659095 18 
0 0.668291 18 
0 0.668609 18 
0 0.784087 18 
0 0.819037 18 
0 0.911734 18 
0 0.943062 18 
0 1.00909 18 
0 1.01172 18 
0 1.02195 18 
0 1.17882 18 
0 1.17935 18 
0 1.17944 18 
0 1.19818 18 
0 1.25821 18 
0 1.29521 18 
0 1.29563 18 
0 1.29582 18 
0 1.29633 18 
0 1.29698 18 
0 1.70737 18 
0 2.08672 18 
0 2.08676 18 
0 2.08685 18 
0 inf 18 
0 0.13575 19 
0 0.135751 19 
0 0.141786 19 
0 0.149455 19 
0 0.16102 19 
0 0.162258 19 
0 0.167103 19 
0 0.168366 19 
0 0.17617 19 
0 0.180661 19 
0 0.180734 19 
0 0.180799 19 
0 0.183581 19 
0 0.1848 19 
0 0.186803 19 
0 0.188504 19 
0 0.189123 19 
0 0.189956 19 
0 0.190515 19 
0 0.193011 19 
0 0.193355 19 
0 0.2025 19 
0 0.20459 19 
0 0.206401 19 
0 0.23789 19 
0 0.254263 19 
0 0.260054 19 
0 0.260513 19 
0 0.318894 19 
0 0.325823 19 
0 0.326801 19 
0 0.368818 19 
0 0.392215 19 
0 0.436514 19 
0 0.436818 19 
0 0.437031 19 
0 0.66452 19 
0 0.680302 19 
0 0.680321 19 
0 0.817969 19 
0 0.867494 19 
0 0.908284 19 
0 0.950755 19 
0 0.966992 19 
0 0.967171 19 
0 1.03999 19 
0 1.08592 19 
0 1.19007 19 
0 1.19153 19 
0 1.19163 19 
0 1.28705 19 
0 1.28705 19 
0 1.28746 19 
0 1.29484 19 
0 1.29487 19 
0 1.29771 19 
0 2.08764 19 
0 2.08942 19 
0 2.08964 19 
0 inf 19 
0 0.103902 20 
0 0.118494 20 
0 0.119277 20 
0 0.123221 20 
0 0.125465 20 
0 0.130361 20 
0 0.130361 20 
0 0.132786 20 
0 0.141692 20 
0 0.1464 20 
0 0.147576 20 
0 0.156243 20 
0 0.159032 20 
0 0.1671 20 
0 0.175788 20 
0 0.204135 20 
0 0.212747 20 
0 0.212748 20 
0 0.215065 20 
0 0.216052 20 
0 0.219397 20 
0 0.237277 20 
0 0.237277 20 
0 0.267713 20 
0 0.269051 20 
0 0.276792 20 
0 0.316298 20 
0 0.316467 20 
0 0.319144 20 
0 0.438509 20 
0 0.440755 20 
0 0.440755 20 
0 0.661277 20 
0 0.663925 20 
0 0.664145 20 
0 0.909185 20 
0 0.937204 20 
0 0.937714 20 
0 0.938735 20 
0 0.950749 20 
0 0.950987 20 
0 1.0101 20 
0 1.08584 20 
0 1.17262 20 
0 1.17333 20 
0 1.22934 20 
0 1.23929 20 
0 1.23978 20 
0 1.29941 20 
0 1.30005 20 
0 1.30077 20 
0 2.0823 20 
0 2.08873 20 
0 2.08883 20 
0 2.13431 20 
0 inf 20 
