3.89865 6.44943 1 
1.24138 3.03373 1 
0.112306 0.118933 1 
0.111837 0.121785 1 
0.108275 0.11347 1 
0.105923 0.119349 1 
0.072431 0.0739483 1 
0.064004 0.0661722 1 
0.0605985 0.061921 1 
0.0595939 0.0672266 1 
0.058225 0.0678206 1 
0.0494136 0.0516149 1 
0.0481688 0.0585654 1 
0.0481682 0.0566376 1 
0.0464634 0.0573473 1 
0.0451452 0.0471122 1 
0.044014 0.0473258 1 
0.0426089 0.0462457 1 
0.0409223 0.0426119 1 
0.0406743 0.0516066 1 
4.59782 4.66149 2 
4.59348 5.02892 2 
4.57939 4.67968 2 
3.40323 5.03502 2 
0.996961 4.00603 2 
0.237678 0.239163 2 
0.192105 0.194968 2 
0.183999 0.219039 2 
0.0792138 0.0818408 2 
0.0638383 0.0718717 2 
0.0633662 0.0658637 2 
0.0620784 0.0644751 2 
0.0595921 0.0658662 2 
0.0594272 0.0625658 2 
0.0587427 0.0644751 2 
0.0583923 0.063209 2 
0.055203 0.0640007 2 
0.0546454 0.0571719 2 
0.054084 0.0542754 2 
0.0539065 0.0663245 2 
0.0535256 0.06208 2 
0.0508191 0.0620787 2 
0.0504241 0.0512136 2 
0.0489998 0.0624023 2 
0.0451405 0.0485854 2 
0.0414157 0.0498158 2 
3.21531 3.66597 3 
3.17073 3.66146 3 
3.05726 3.67033 3 
1.14491 1.15362 3 
0.896348 4.17553 3 
0.217188 0.22473 3 
0.193307 0.225803 3 
0.0767555 0.0787036 3 
0.0681183 0.0728437 3 
0.0673773 0.0703124 3 
0.0644659 0.0733935 3 
0.0625672 0.0714455 3 
0.0612593 0.0625639 3 
0.061258 0.0708784 3 
0.0597618 0.0622395 3 
0.05664 0.0612621 3 
0.0504201 0.0587368 3 
0.0406761 0.0462487 3 
0.874265 4.05761 4 
0.162329 0.16873 4 
0.160389 0.163078 4 
0.158747 0.162016 4 
0.104767 0.109108 4 
0.068269 0.0690006 4 
0.0675257 0.0675292 4 
0.0641561 0.0721479 4 
0.0625643 0.0628857 4 
0.0597608 0.0654055 4 
0.0583932 0.0644727 4 
0.0583907 0.065406 4 
0.0540898 0.0690006 4 
0.0535273 0.0721479 4 
2.02363 2.03357 5 
2.02155 2.02708 5 
2.0211 2.02761 5 
1.17933 3.84102 5 
0.191632 0.208087 5 
0.164496 0.169446 5 
0.0564611 0.060933 5 
0.0388986 0.0401729 5 
3.17434 3.3667 6 
3.169 3.2342 6 
2.23293 2.34872 6 
2.21387 3.44035 6 
0.186238 0.195123 6 
0.173213 0.188065 6 
0.159825 0.180235 6 
0.127207 0.129098 6 
0.0962366 0.104284 6 
0.0893885 0.0961303 6 
0.0705901 0.071024 6 
2.28881 2.57659 7 
2.25871 2.90004 7 
2.24884 2.64626 7 
2.18545 2.22817 7 
1.99526 2.90393 7 
0.144789 0.146447 7 
0.0922747 0.0986239 7 
0.0892736 0.0948702 7 
0.077275 0.0816002 7 
0.0751591 0.0815996 7 
2.43289 3.15845 8 
2.15196 2.15659 8 
2.0193 2.39723 8 
1.89579 2.42766 8 
1.59839 2.62279 8 
0.110211 0.123914 8 
0.106486 0.115396 8 
0.0820858 0.102333 8 
2.31527 2.3901 9 
1.61774 2.11363 9 
1.53031 2.18153 9 
1.26791 2.38772 9 
0.213304 0.249895 9 
2.07697 2.17735 10 
2.01484 2.11979 10 
1.1379 2.11837 10 
2.26595 2.53556 11 
2.26522 2.91637 11 
2.11239 2.20113 11 
1.37829 1.91028 11 
0.210353 0.247012 11 
1.51765 1.52102 12 
1.48359 1.52102 12 
1.47041 1.57709 12 
1.44988 1.71647 12 
0.659901 0.683359 12 
0.221786 0.26718 12 
1.65989 1.83332 13 
1.64473 1.8163 13 
1.62815 1.72875 13 
1.33507 1.3556 13 
1.2539 1.27829 13 
1.25332 1.31134 13 
0.893292 0.942674 13 
0.777205 0.891428 13 
0.755206 0.777888 13 
1.1179 1.19887 14 
1.10984 1.14828 14 
1.0619 1.13473 14 
0.648343 0.877749 14 
1.01446 1.04638 15 
0.907757 1.0182 15 
0.85817 0.902348 15 
2.04427 2.3858 16 
2.0438 2.38486 16 
2.0393 2.38639 16 
1.99363 1.9979 17 
1.99088 1.99627 17 
1.99059 1.99559 17 
1.79683 1.80343 18 
1.76228 1.77505 18 
1.10724 1.13383 18 
1.15917 1.27546 19 
