4.53117 8.11428 1 
1.05328 2.67924 1 
0.180751 0.182593 1 
0.176411 0.225993 1 
0.130995 0.221461 1 
0.12916 0.143847 1 
0.117043 0.12046 1 
0.107031 0.138522 1 
0.0942226 0.107254 1 
0.0642582 0.0662713 1 
0.0537427 0.0673419 1 
0.0486076 0.0521606 1 
0.0473644 0.0546186 1 
0.0414533 0.059432 1 
0.0365613 0.0381575 1 
0.0365579 0.0378413 1 
0.0365573 0.0408708 1 
0.0348878 0.035228 1 
0.0345408 0.0348852 1 
0.0331339 0.0345441 1 
0.0289016 0.0327715 1 
0.0276353 0.0297162 1 
6.13293 6.14393 2 
3.98658 6.17089 2 
0.849524 3.5966 2 
0.278244 0.29344 2 
0.231422 0.23541 2 
0.225512 0.237623 2 
0.224244 0.228254 2 
0.216229 0.230338 2 
0.212048 0.212722 2 
0.204131 0.240419 2 
0.191836 0.209896 2 
0.168311 0.244166 2 
0.154101 0.155718 2 
0.149701 0.153867 2 
0.134856 0.156711 2 
0.0530716 0.0539596 2 
0.0502967 0.0621799 2 
0.0463461 0.0528426 2 
0.042025 0.0434216 2 
0.038776 0.0405793 2 
4.60318 4.7695 3 
4.59455 4.78098 3 
3.45491 4.78102 3 
0.784014 3.69056 3 
0.285949 0.297598 3 
0.254883 0.265477 3 
0.204894 0.212946 3 
0.187242 0.21951 3 
0.18102 0.210632 3 
0.156634 0.21951 3 
0.138953 0.15317 3 
0.133521 0.161879 3 
0.0640679 0.0666252 3 
0.0638826 0.0675156 3 
0.0600315 0.0623716 3 
2.9589 3.00989 4 
2.90833 3.39181 4 
2.9055 3.38444 4 
2.87182 3.39896 4 
1.10486 3.32787 4 
0.178898 0.179498 4 
0.178631 0.181679 4 
0.170147 0.179431 4 
0.169654 0.194188 4 
0.167958 0.190087 4 
0.150652 0.170704 4 
0.139808 0.164221 4 
0.134855 0.151365 4 
0.112573 0.114985 4 
0.0731172 0.0789241 4 
0.0381596 0.042031 4 
2.93339 2.94492 5 
2.45492 2.56108 5 
2.06413 2.97388 5 
0.26172 0.277173 5 
0.163275 0.177893 5 
0.162909 0.176072 5 
0.157091 0.157472 5 
0.119064 0.121936 5 
0.068044 0.0682222 5 
2.72772 2.78519 6 
2.71972 2.76804 6 
2.58598 2.58716 6 
1.81338 2.72333 6 
0.138522 0.142763 6 
0.12522 0.135915 6 
0.0502989 0.0503026 6 
2.84053 2.96968 7 
2.61526 3.07784 7 
2.32407 2.43313 7 
1.99859 2.26026 7 
1.97167 2.35463 7 
1.81284 2.29354 7 
1.61045 1.85223 7 
1.34641 1.68063 7 
1.31936 1.63413 7 
0.210745 0.226734 7 
0.111937 0.122229 7 
2.62026 2.65063 8 
2.04623 2.32509 8 
1.96285 2.0334 8 
1.76789 2.09009 8 
1.57418 1.75616 8 
1.31172 2.04189 8 
0.0761568 0.0833331 8 
0.0718007 0.0753663 8 
2.58536 2.59793 9 
2.58518 2.59806 9 
2.57232 2.62324 9 
2.57209 2.62014 9 
1.65797 1.70514 9 
1.44786 1.81115 9 
1.34292 1.78176 9 
1.69568 1.93357 10 
1.42965 1.46246 10 
1.28223 1.47845 10 
0.545666 0.558796 10 
0.1857 0.187365 10 
1.8872 1.9339 11 
1.57877 1.66973 11 
1.39857 1.51899 11 
1.39571 1.69853 11 
1.38058 1.59323 11 
1.1867 1.22574 11 
0.41018 0.475597 11 
1.51579 1.62826 12 
1.50698 1.61413 12 
1.49804 1.59139 12 
1.03759 1.15202 12 
0.989797 1.12254 12 
0.948711 1.09436 12 
0.8258 1.19564 12 
0.406822 0.430175 12 
1.15649 1.20453 13 
1.15533 1.18913 13 
0.898558 1.03725 13 
0.683575 0.708442 13 
0.403052 0.406557 13 
2.59204 2.62794 14 
2.59201 2.62767 14 
2.5914 2.62799 14 
0.72187 0.736097 14 
1.72078 1.93482 15 
1.71994 2.06152 15 
1.71871 1.96492 15 
0.397955 0.420436 15 
1.53941 1.77854 16 
1.42355 1.60081 16 
1.40712 1.58649 16 
1.35493 1.75748 16 
1.22917 1.50421 16 
0.402013 0.428561 16 
0.400347 0.431889 16 
1.41653 1.59301 17 
1.35803 1.59436 17 
1.34151 1.66717 17 
1.2098 1.58475 17 
0.501897 0.530083 17 
0.399899 0.400522 17 
0.39966 0.400015 17 
0.397355 0.401921 17 
1.43262 1.72374 18 
1.43245 1.7238 18 
1.43128 1.72297 18 
1.39069 1.76513 18 
0.56919 0.616351 18 
1.56815 1.74303 19 
1.56796 1.7433 19 
0.620512 0.689315 19 
1.68213 1.76765 20 
1.68188 1.76636 20 
0.794099 0.802292 20 
0.494937 0.507245 20 
