4.82834 7.36632 1 
1.42077 1.42869 1 
1.12263 2.76231 1 
0.209529 0.232244 1 
0.123343 0.124828 1 
0.122847 0.13849 1 
0.104553 0.106384 1 
0.0994818 0.101143 1 
0.0994806 0.215355 1 
0.0985063 0.112946 1 
0.0915849 0.0940385 1 
0.0884647 0.0887617 1 
0.0859545 0.091008 1 
0.0764376 0.0862507 1 
0.0700894 0.0776914 1 
0.0592471 0.0739886 1 
0.0592471 0.0643524 1 
0.0592457 0.0720712 1 
0.054624 0.0562051 1 
0.0542994 0.0604152 1 
0.0427219 0.0499262 1 
0.0335075 0.03351 1 
0.0335025 0.0335125 1 
0.0302006 0.0324478 1 
5.47134 5.50051 2 
5.47125 5.47737 2 
3.74989 5.5026 2 
0.902817 3.67205 2 
0.271145 0.275229 2 
0.232969 0.247928 2 
0.193598 0.193642 2 
0.192145 0.195491 2 
0.18827 0.210443 2 
0.176931 0.195493 2 
0.175736 0.190953 2 
0.175186 0.180124 2 
0.171694 0.23308 2 
0.132066 0.144986 2 
0.0878674 0.0879674 2 
0.0787026 0.0838832 2 
0.0766754 0.0787033 2 
0.043538 0.0443333 2 
0.0324427 0.041033 2 
0.0302118 0.0313417 2 
3.74772 4.29248 3 
3.74736 4.31117 3 
3.74468 4.29012 3 
3.64826 3.85682 3 
0.839413 3.8165 3 
0.469051 0.486532 3 
0.203411 0.21466 3 
0.196877 0.197415 3 
0.189801 0.212274 3 
0.185398 0.189889 3 
0.181579 0.21466 3 
0.178653 0.217339 3 
0.167393 0.169481 3 
0.164437 0.170517 3 
0.160335 0.169481 3 
0.0723051 0.075169 3 
0.0700954 0.0710878 3 
0.903109 3.74483 4 
0.219149 0.225308 4 
0.204401 0.224019 4 
0.20059 0.207127 4 
0.170461 0.212272 4 
0.166931 0.174584 4 
0.166919 0.170719 4 
0.163367 0.177773 4 
0.0365161 0.0427141 4 
0.03351 0.0410432 4 
0.0313497 0.0345419 4 
0.031339 0.0324478 4 
1.43385 1.52357 5 
1.15125 3.44171 5 
0.189244 0.203411 5 
0.158411 0.162566 5 
0.157293 0.163638 5 
0.156628 0.182881 5 
0.14511 0.175882 5 
0.108347 0.125105 5 
2.4486 2.9937 6 
2.44717 2.82203 6 
2.40616 2.65769 6 
1.98821 2.15981 6 
1.96409 2.06391 6 
1.96013 2.05266 6 
1.93112 2.02789 6 
1.73495 3.11822 6 
0.119145 0.141186 6 
0.115862 0.172561 6 
0.100622 0.109871 6 
1.76821 1.96565 7 
1.76549 2.32245 7 
1.74051 2.65073 7 
1.73796 2.55783 7 
1.4794 2.76692 7 
0.25314 0.253974 7 
0.192326 0.214252 7 
0.131669 0.139745 7 
0.117888 0.122626 7 
2.76909 2.96717 8 
1.67669 2.21889 8 
1.66466 2.24588 8 
1.3404 2.3328 8 
0.232968 0.23548 8 
0.0969818 0.110588 8 
2.42728 2.55757 9 
2.10922 2.30976 9 
2.06323 2.25165 9 
1.2434 2.10868 9 
1.21617 2.21779 9 
1.04269 1.24087 9 
0.682232 0.717057 9 
0.577837 0.609156 9 
0.208313 0.216895 9 
0.0844048 0.0926332 9 
2.05185 2.30541 10 
2.05183 2.30665 10 
1.9778 2.07529 10 
1.92746 1.97562 10 
1.24176 1.96273 10 
1.04395 1.17384 10 
0.351291 0.362691 10 
1.42553 1.45867 11 
1.2459 1.75996 11 
0.564906 0.569162 11 
0.398608 0.430601 11 
0.146618 0.148925 11 
1.90387 1.92501 12 
1.52924 2.09396 12 
1.52221 1.53884 12 
1.51679 1.9404 12 
1.44887 1.65568 12 
0.798553 0.826449 12 
0.177824 0.200595 12 
1.41997 1.56305 13 
1.37523 1.53285 13 
1.31314 1.46176 13 
1.29006 1.29684 13 
1.14788 1.22616 13 
0.899867 1.01677 13 
0.866316 1.02734 13 
0.64719 0.697577 13 
1.13608 1.14167 14 
0.978082 1.06668 14 
0.935766 1.03608 14 
0.801453 0.816659 14 
0.791195 0.811484 14 
0.583516 0.600701 14 
1.91531 1.93953 15 
1.91444 1.93281 15 
1.91411 1.93976 15 
1.06061 1.06184 15 
0.953937 0.997672 15 
0.950648 0.9886 15 
0.742842 0.769438 15 
0.567076 0.577346 15 
0.773365 0.83777 16 
2.29523 2.29989 17 
2.25353 2.26167 17 
1.51952 1.6479 17 
1.51202 1.6358 17 
1.49606 1.6676 17 
1.50557 1.7347 18 
1.35384 1.98536 18 
1.3537 1.96612 18 
1.20144 1.28202 19 
1.1963 1.27238 19 
0.577154 0.643969 19 
0.568131 0.637397 19 
0.565577 0.634514 19 
1.03038 1.31574 20 
1.02793 1.21781 20 
