6.17661 8.50999 1 
0.896905 2.28097 1 
0.25021 0.271277 1 
0.242402 0.244698 1 
0.21758 0.227632 1 
0.139978 0.156434 1 
0.137711 0.138959 1 
0.118567 0.1247 1 
0.116736 0.118566 1 
0.116 0.119171 1 
0.115995 0.121081 1 
0.115006 0.122379 1 
0.0834974 0.0860363 1 
0.06582 0.0720646 1 
0.0589173 0.0610704 1 
0.0579366 0.0598873 1 
0.0538246 0.057187 1 
0.04791 0.0551525 1 
0.0334501 0.0347115 1 
0.028336 0.0283417 1 
6.05432 6.76477 2 
6.05356 6.84058 2 
5.92469 6.13606 2 
4.98372 6.84088 2 
0.748599 2.98263 2 
0.262189 0.2623 2 
0.253681 0.266045 2 
0.208964 0.213244 2 
0.168279 0.172239 2 
0.157623 0.172154 2 
0.122024 0.203964 2 
0.080342 0.0833194 2 
0.0690106 0.0799883 2 
0.0631468 0.0708525 2 
0.0620041 0.0706525 2 
0.0559208 0.0581812 2 
0.0502429 0.0546105 2 
0.0421755 0.0441585 2 
1.20378 1.233 3 
0.70144 3.13781 3 
0.231442 0.263988 3 
0.230884 0.253791 3 
0.227883 0.240379 3 
0.211017 0.225223 3 
0.192681 0.226238 3 
0.107394 0.117594 3 
0.106046 0.106997 3 
0.102472 0.110683 3 
0.100205 0.112612 3 
0.0886623 0.0955156 3 
0.0856989 0.119527 3 
0.0714544 0.0744088 3 
0.0669015 0.0696269 3 
0.0658103 0.0692084 3 
0.0566852 0.0586739 3 
0.0251227 0.0262402 3 
0.787657 3.08986 4 
0.239663 0.271376 4 
0.216583 0.23798 4 
0.207656 0.221236 4 
0.118082 0.118685 4 
0.114251 0.116739 4 
0.112607 0.112738 4 
0.0846876 0.092459 4 
0.0790838 0.0875226 4 
0.0620042 0.0642767 4 
0.0404401 0.0407914 4 
1.06598 2.75 5 
0.134237 0.134662 5 
0.0826291 0.0888249 5 
0.0720579 0.0722585 5 
0.0706495 0.084517 5 
0.0591615 0.0617668 5 
0.0510969 0.0617712 5 
2.52031 2.79532 6 
2.51606 2.77224 6 
2.51597 2.77402 6 
2.51594 2.77281 6 
1.88784 2.24825 6 
1.8715 1.88198 6 
1.83964 2.48808 6 
1.83192 2.44221 6 
1.48041 2.53433 6 
0.174879 0.181882 6 
0.174633 0.190887 6 
0.171066 0.178854 6 
0.169215 0.187473 6 
0.0873544 0.0889789 6 
0.0833222 0.088172 6 
0.0770618 0.0783567 6 
2.25354 2.3015 7 
2.1989 2.30713 7 
2.14656 2.35832 7 
1.99487 2.01087 7 
1.94878 2.32573 7 
1.56999 2.08396 7 
1.56022 2.27386 7 
1.56022 2.22762 7 
1.48758 1.513 7 
0.193573 0.20495 7 
0.170652 0.176354 7 
0.170647 0.217379 7 
0.0730479 0.0747972 7 
2.55757 2.64581 8 
2.27314 2.60862 8 
1.59906 1.62256 8 
1.39244 1.45743 8 
1.2876 2.00194 8 
1.15325 1.99797 8 
1.05631 1.96544 8 
1.03012 1.08588 8 
0.16862 0.191413 8 
0.146393 0.150265 8 
0.140497 0.150358 8 
0.10686 0.116739 8 
0.0785401 0.0819293 8 
0.0720571 0.0824578 8 
2.00826 2.02672 9 
1.91324 2.16428 9 
1.87804 2.03373 9 
1.79806 1.973 9 
1.33351 1.7994 9 
0.973605 1.7815 9 
2.54032 2.6019 10 
2.46273 2.54593 10 
1.82977 2.10259 10 
1.81047 2.05778 10 
0.995378 1.57781 10 
0.110684 0.121439 10 
2.00829 2.23608 11 
1.96321 2.22706 11 
1.9501 2.12228 11 
1.9422 2.15496 11 
1.61886 1.67338 11 
1.10712 1.26372 11 
0.991169 1.35589 11 
0.499305 0.503862 11 
1.72343 1.7259 12 
1.36986 1.38847 12 
1.33627 1.35369 12 
1.29523 1.60578 12 
1.29204 1.62053 12 
1.18361 1.21247 12 
1.16741 1.23376 12 
1.06284 1.32899 12 
0.60952 0.633986 12 
0.453929 0.505463 12 
1.67228 1.82233 13 
1.39764 1.5758 13 
1.38303 1.56961 13 
1.10269 1.22476 13 
1.08924 1.23682 13 
1.05507 1.25341 13 
0.982336 1.01094 13 
0.956047 0.99188 13 
0.907868 1.01211 13 
1.98843 2.00582 14 
0.866122 0.939623 14 
0.820852 0.889375 14 
0.814537 0.824133 14 
0.812791 0.824637 14 
0.76105 0.996328 14 
0.683977 0.712112 14 
0.47242 0.535837 14 
2.44321 2.51516 15 
1.7779 1.80605 15 
1.7502 1.79265 15 
1.71637 1.80681 15 
0.958251 0.981211 15 
0.929324 1.04219 15 
0.928829 0.974526 15 
0.859451 0.945906 15 
2.29309 2.30491 16 
2.28123 2.31098 16 
1.5598 1.68788 16 
1.55825 1.68604 16 
1.55666 1.695 16 
1.63498 1.69831 17 
1.62773 1.64261 17 
1.58865 1.69831 17 
1.58807 2.07208 17 
1.58333 2.06902 17 
1.93555 2.05662 18 
1.90268 1.98735 18 
1.90101 1.98602 18 
1.89713 1.98646 18 
1.04692 1.07782 19 
