0 0.0140585 1 
0 0.0146302 1 
0 0.0151804 1 
0 0.0151804 1 
0 0.016735 1 
0 0.0167398 1 
0 0.0172204 1 
0 0.0206863 1 
0 0.0214684 1 
0 0.0236584 1 
0 0.0246812 1 
0 0.0250097 1 
0 0.0262933 1 
0 0.0262964 1 
0 0.0275156 1 
0 0.0275171 1 
0 0.0278092 1 
0 0.0278165 1 
0 0.0283971 1 
0 0.0289752 1 
0 0.029538 1 
0 0.0300909 1 
0 0.030899 1 
0 0.031684 1 
0 0.0319476 1 
0 0.0319484 1 
0 0.0319507 1 
0 0.0324575 1 
0 0.0329634 1 
0 0.0329638 1 
0 0.033213 1 
0 0.0339469 1 
0 0.0353667 1 
0 0.0353713 1 
0 0.0358298 1 
0 0.0358354 1 
0 0.0365177 1 
0 0.0367439 1 
0 0.0371887 1 
0 0.037852 1 
0 0.0382765 1 
0 0.0384926 1 
0 0.0387069 1 
0 0.0389192 1 
0 0.0393374 1 
0 0.0393374 1 
0 0.0399518 1 
0 0.0399605 1 
0 0.0399617 1 
0 0.040572 1 
0 0.0411774 1 
0 0.0411799 1 
0 0.0417731 1 
0 0.04216 1 
0 0.0425511 1 
0 0.0427472 1 
0 0.043131 1 
0 0.0451809 1 
0 0.0462611 1 
0 0.0462614 1 
0 0.0467919 1 
0 0.0469651 1 
0 0.0469651 1 
0 0.0480065 1 
0 0.0483492 1 
0 0.0498551 1 
0 0.0511617 1 
0 0.0521166 1 
0 0.05259 1 
0 0.0527422 1 
0 0.0527492 1 
0 0.0528983 1 
0 0.053674 1 
0 0.0587973 1 
0 0.0599093 1 
0 0.0616738 1 
0 0.0649182 1 
0 0.0671681 1 
0 0.0675284 1 
0 0.069927 1 
0 0.0724671 1 
0 0.0898178 1 
0 0.0933169 1 
0 0.0956691 1 
0 0.101514 1 
0 0.103839 1 
0 0.115543 1 
0 0.117173 1 
0 0.120564 1 
0 0.137955 1 
0 0.153965 1 
0 0.154286 1 
0 0.170987 1 
0 0.171042 1 
0 0.196731 1 
0 0.196731 1 
0 0.207404 1 
0 0.208708 1 
0 0.222709 1 
0 0.242326 1 
0 0.285579 1 
0 0.295942 1 
0 0.361955 1 
0 0.417363 1 
0 0.436574 1 
0 0.444578 1 
0 0.521386 1 
0 0.553295 1 
0 0.606483 1 
0 0.624967 1 
0 0.628936 1 
0 0.634126 1 
0 0.668148 1 
0 0.695853 1 
0 0.699011 1 
0 0.817534 1 
0 0.911783 1 
0 1.01951 1 
0 1.08163 1 
0 1.089 1 
0 1.11978 1 
0 1.43609 1 
0 1.50769 1 
0 1.88309 1 
0 2.51746 1 
0 2.691 1 
0 2.74108 1 
0 3.93635 1 
0 4.31269 1 
0 4.32488 1 
0 4.47262 1 
0 inf 1 
0 0.0181479 2 
0 0.022589 2 
0 0.0225908 2 
0 0.0225918 2 
0 0.0262948 2 
0 0.0262948 2 
0 0.0275199 2 
0 0.0281198 2 
0 0.0292604 2 
0 0.0295394 2 
0 0.0319494 2 
0 0.0329639 2 
0 0.0337027 2 
0 0.0339469 2 
0 0.0341935 2 
0 0.0346658 2 
0 0.0346658 2 
0 0.0346699 2 
0 0.0349022 2 
0 0.0353759 2 
0 0.0374086 2 
0 0.037625 2 
0 0.0376283 2 
0 0.0376336 2 
0 0.037852 2 
0 0.0382741 2 
0 0.0382808 2 
0 0.0384891 2 
0 0.0384912 2 
0 0.0384986 2 
0 0.0387048 2 
0 0.0393394 2 
0 0.0395481 2 
0 0.0399569 2 
0 0.0401657 2 
0 0.0401697 2 
0 0.0409783 2 
0 0.041173 2 
0 0.0415728 2 
0 0.0415763 2 
0 0.0417715 2 
0 0.0423599 2 
0 0.0433179 2 
0 0.0457244 2 
0 0.046791 2 
0 0.0474905 2 
0 0.0476637 2 
0 0.0481795 2 
0 0.0495258 2 
0 0.0501927 2 
0 0.0514825 2 
0 0.052273 2 
0 0.0535239 2 
0 0.0539795 2 
0 0.0541342 2 
0 0.0545865 2 
0 0.0551864 2 
0 0.0553366 2 
0 0.0553402 2 
0 0.0576664 2 
0 0.0587969 2 
0 0.0618033 2 
0 0.0632484 2 
0 0.0655501 2 
0 0.0694507 2 
0 0.0755763 2 
0 0.091537 2 
0 0.092522 2 
0 0.103121 2 
0 0.108718 2 
0 0.114038 2 
0 0.118012 2 
0 0.129262 2 
0 0.135305 2 
0 0.137411 2 
0 0.137955 2 
0 0.143904 2 
0 0.147136 2 
0 0.147465 2 
0 0.161021 2 
0 0.165904 2 
0 0.169536 2 
0 0.171803 2 
0 0.179131 2 
0 0.183124 2 
0 0.185356 2 
0 0.185394 2 
0 0.228189 2 
0 0.23063 2 
0 0.305897 2 
0 0.328904 2 
0 0.358015 2 
0 0.377607 2 
0 0.419989 2 
0 0.427051 2 
0 0.494137 2 
0 0.501501 2 
0 0.532734 2 
0 0.572643 2 
0 0.579501 2 
0 0.588249 2 
0 0.588251 2 
0 0.704234 2 
0 0.711107 2 
0 0.764809 2 
0 0.787759 2 
0 0.800444 2 
0 0.813039 2 
0 0.842874 2 
0 0.887345 2 
0 0.888411 2 
0 0.890749 2 
0 0.928753 2 
0 0.971567 2 
0 0.998876 2 
0 1.59797 2 
0 1.68486 2 
0 2.17067 2 
0 2.34611 2 
0 3.01319 2 
0 3.13171 2 
0 3.15337 2 
0 3.49066 2 
0 3.51277 2 
0 3.57679 2 
0 3.58423 2 
0 3.68871 2 
0 inf 2 
0 0.0134504 3 
0 0.0210868 3 
0 0.0236565 3 
0 0.02366 3 
0 0.0240024 3 
0 0.0246804 3 
0 0.0250113 3 
0 0.0272173 3 
0 0.0300901 3 
0 0.0309043 3 
0 0.0322114 3 
0 0.0324575 3 
0 0.0332191 3 
0 0.0339421 3 
0 0.0339469 3 
0 0.0348999 3 
0 0.0349057 3 
0 0.0358422 3 
0 0.0367439 3 
0 0.0382776 3 
0 0.0384899 3 
0 0.0417721 3 
0 0.041773 3 
0 0.0421716 3 
0 0.0425515 3 
0 0.0427434 3 
0 0.0431283 3 
0 0.0433246 3 
0 0.0455458 3 
0 0.0455462 3 
0 0.0460862 3 
0 0.0462604 3 
0 0.0478352 3 
0 0.0490249 3 
0 0.0521193 3 
0 0.053981 3 
0 0.0554836 3 
0 0.0569458 3 
0 0.0575259 3 
0 0.0580895 3 
0 0.0580933 3 
0 0.0582332 3 
0 0.0586561 3 
0 0.0593532 3 
0 0.0603163 3 
0 0.0609936 3 
0 0.0619322 3 
0 0.0644073 3 
0 0.0646625 3 
0 0.0655454 3 
0 0.0670356 3 
0 0.0699239 3 
0 0.0737065 3 
0 0.0749245 3 
0 0.0750343 3 
0 0.0832482 3 
0 0.0848158 3 
0 0.0883431 3 
0 0.0912763 3 
0 0.0926156 3 
0 0.0994734 3 
0 0.102159 3 
0 0.103837 3 
0 0.120699 3 
0 0.125316 3 
0 0.127658 3 
0 0.12831 3 
0 0.148582 3 
0 0.15257 3 
0 0.160203 3 
0 0.162347 3 
0 0.185527 3 
0 0.18571 3 
0 0.199843 3 
0 0.208593 3 
0 0.213737 3 
0 0.245967 3 
0 0.282627 3 
0 0.339123 3 
0 0.357311 3 
0 0.360832 3 
0 0.417923 3 
0 0.441236 3 
0 0.450096 3 
0 0.467858 3 
0 0.476228 3 
0 0.476845 3 
0 0.483777 3 
0 0.497391 3 
0 0.51613 3 
0 0.660935 3 
0 0.676202 3 
0 0.683774 3 
0 0.690589 3 
0 0.70429 3 
0 0.705691 3 
0 0.707554 3 
0 0.712839 3 
0 0.763768 3 
0 0.7696 3 
0 0.783362 3 
0 0.790106 3 
0 0.814767 3 
0 0.822358 3 
0 0.825028 3 
0 0.873744 3 
0 1.00624 3 
0 1.02387 3 
0 1.13463 3 
0 1.42423 3 
0 1.43076 3 
0 1.4312 3 
0 1.54704 3 
0 1.59853 3 
0 1.97058 3 
0 2.50181 3 
0 3.06982 3 
0 3.24864 3 
0 3.31329 3 
0 3.34017 3 
0 3.34032 3 
0 3.36572 3 
0 3.3723 3 
0 inf 3 
0 0.0236582 4 
0 0.0272126 4 
0 0.0281126 4 
0 0.0286915 4 
0 0.028976 4 
0 0.0306317 4 
0 0.0306319 4 
0 0.030901 4 
0 0.0314241 4 
0 0.0337026 4 
0 0.0339385 4 
0 0.0339457 4 
0 0.0344314 4 
0 0.035141 4 
0 0.0353759 4 
0 0.0356022 4 
0 0.0356024 4 
0 0.0358366 4 
0 0.03584 4 
0 0.0360669 4 
0 0.0362914 4 
0 0.0382789 4 
0 0.039962 4 
0 0.0401677 4 
0 0.0409764 4 
0 0.0425534 4 
0 0.0427443 4 
0 0.042752 4 
0 0.0438796 4 
0 0.0438851 4 
0 0.0440778 4 
0 0.0448121 4 
0 0.0460895 4 
0 0.0476611 4 
0 0.0493605 4 
0 0.0501822 4 
0 0.0511665 4 
0 0.0533617 4 
0 0.0632484 4 
0 0.067169 4 
0 0.0702768 4 
0 0.07634 4 
0 0.0769799 4 
0 0.0793062 4 
0 0.0817578 4 
0 0.0868317 4 
0 0.0875868 4 
0 0.0875869 4 
0 0.0880553 4 
0 0.090904 4 
0 0.0927938 4 
0 0.0954078 4 
0 0.0958384 4 
0 0.0972029 4 
0 0.0978033 4 
0 0.113464 4 
0 0.123932 4 
0 0.123999 4 
0 0.125057 4 
0 0.132289 4 
0 0.133894 4 
0 0.135907 4 
0 0.158861 4 
0 0.177686 4 
0 0.281898 4 
0 0.303577 4 
0 0.328747 4 
0 0.344899 4 
0 0.357863 4 
0 0.397171 4 
0 0.400206 4 
0 0.432015 4 
0 0.435452 4 
0 0.436781 4 
0 0.443272 4 
0 0.45783 4 
0 0.470247 4 
0 0.491203 4 
0 0.573829 4 
0 0.595524 4 
0 0.622777 4 
0 0.6338 4 
0 0.639308 4 
0 0.64514 4 
0 0.653305 4 
0 0.669719 4 
0 0.678374 4 
0 0.680639 4 
0 0.687864 4 
0 0.693101 4 
0 0.708884 4 
0 0.71576 4 
0 0.746918 4 
0 0.748065 4 
0 0.760287 4 
0 0.7605 4 
0 0.769072 4 
0 0.77647 4 
0 0.89054 4 
0 1.00686 4 
0 1.49967 4 
0 1.54244 4 
0 1.54997 4 
0 1.55213 4 
0 1.5627 4 
0 1.63336 4 
0 1.6344 4 
0 1.63804 4 
0 1.64411 4 
0 1.69016 4 
0 1.69039 4 
0 1.6904 4 
0 1.70043 4 
0 1.83417 4 
0 2.14142 4 
0 2.16267 4 
0 2.37228 4 
0 2.37419 4 
0 2.37757 4 
0 inf 4 
0 0.0229474 5 
0 0.0275141 5 
0 0.0300944 5 
0 0.0329602 5 
0 0.0339457 5 
0 0.0351397 5 
0 0.0356093 5 
0 0.0369658 5 
0 0.0376347 5 
0 0.0399596 5 
0 0.0401674 5 
0 0.0411792 5 
0 0.0417722 5 
0 0.043884 5 
0 0.043886 5 
0 0.0438924 5 
0 0.0451868 5 
0 0.0462648 5 
0 0.0464417 5 
0 0.0476631 5 
0 0.0478345 5 
0 0.049534 5 
0 0.0496936 5 
0 0.0503575 5 
0 0.0508389 5 
0 0.0514841 5 
0 0.05164 5 
0 0.0550401 5 
0 0.0559262 5 
0 0.0560732 5 
0 0.0576642 5 
0 0.0587981 5 
0 0.0600444 5 
0 0.0646631 5 
0 0.0672813 5 
0 0.0699227 5 
0 0.070628 5 
0 0.0716695 5 
0 0.0720125 5 
0 0.074038 5 
0 0.0767664 5 
0 0.0784668 5 
0 0.0797202 5 
0 0.0882456 5 
0 0.0882456 5 
0 0.0883314 5 
0 0.0950679 5 
0 0.0955039 5 
0 0.105568 5 
0 0.108036 5 
0 0.116757 5 
0 0.118572 5 
0 0.134449 5 
0 0.143909 5 
0 0.153 5 
0 0.180444 5 
0 0.289757 5 
0 0.334083 5 
0 0.357863 5 
0 0.381916 5 
0 0.397438 5 
0 0.397983 5 
0 0.420395 5 
0 0.422349 5 
0 0.469459 5 
0 0.472256 5 
0 0.485201 5 
0 0.511847 5 
0 0.53019 5 
0 0.530314 5 
0 0.541001 5 
0 0.555157 5 
0 0.564566 5 
0 0.573175 5 
0 0.589244 5 
0 0.591748 5 
0 0.603967 5 
0 0.618043 5 
0 0.622799 5 
0 0.627349 5 
0 0.66745 5 
0 0.687555 5 
0 0.696298 5 
0 0.696546 5 
0 0.696569 5 
0 0.704863 5 
0 0.719125 5 
0 0.727833 5 
0 0.735215 5 
0 0.738343 5 
0 0.740913 5 
0 0.770064 5 
0 0.774657 5 
0 0.775931 5 
0 0.87861 5 
0 1.04332 5 
0 1.12229 5 
0 1.12535 5 
0 1.30129 5 
0 1.30296 5 
0 1.3304 5 
0 1.49027 5 
0 1.54477 5 
0 1.56966 5 
0 1.60783 5 
0 1.6395 5 
0 1.71349 5 
0 1.77179 5 
0 1.77246 5 
0 1.7744 5 
0 1.77445 5 
0 2.42333 5 
0 2.43416 5 
0 2.43491 5 
0 2.44197 5 
0 inf 5 
0 0.010738 6 
0 0.0272219 6 
0 0.0275226 6 
0 0.0300864 6 
0 0.0327117 6 
0 0.0337103 6 
0 0.0346632 6 
0 0.0346636 6 
0 0.0346648 6 
0 0.0358356 6 
0 0.0380617 6 
0 0.0384885 6 
0 0.0413756 6 
0 0.0446327 6 
0 0.0453645 6 
0 0.0462626 6 
0 0.0462641 6 
0 0.0467953 6 
0 0.0473173 6 
0 0.0490256 6 
0 0.0500234 6 
0 0.0514817 6 
0 0.051642 6 
0 0.0548881 6 
0 0.0608601 6 
0 0.0620672 6 
0 0.0632458 6 
0 0.0637646 6 
0 0.063765 6 
0 0.0662972 6 
0 0.0685 6 
0 0.0709745 6 
0 0.07236 6 
0 0.073704 6 
0 0.0750353 6 
0 0.0789861 6 
0 0.083452 6 
0 0.0844329 6 
0 0.0888006 6 
0 0.0933224 6 
0 0.0962735 6 
0 0.0989734 6 
0 0.103131 6 
0 0.114829 6 
0 0.116748 6 
0 0.117099 6 
0 0.137477 6 
0 0.178941 6 
0 0.181036 6 
0 0.22976 6 
0 0.358299 6 
0 0.358299 6 
0 0.360828 6 
0 0.370836 6 
0 0.38186 6 
0 0.383065 6 
0 0.452143 6 
0 0.458596 6 
0 0.45994 6 
0 0.467614 6 
0 0.470757 6 
0 0.491758 6 
0 0.538319 6 
0 0.547936 6 
0 0.553156 6 
0 0.560297 6 
0 0.563125 6 
0 0.579125 6 
0 0.587302 6 
0 0.588193 6 
0 0.588529 6 
0 0.590915 6 
0 0.597376 6 
0 0.598478 6 
0 0.610733 6 
0 0.658171 6 
0 0.668867 6 
0 0.68777 6 
0 0.697445 6 
0 0.711744 6 
0 0.718454 6 
0 0.719107 6 
0 0.737824 6 
0 0.759039 6 
0 0.759386 6 
0 0.759982 6 
0 0.874281 6 
0 0.926229 6 
0 0.951557 6 
0 1.05858 6 
0 1.07799 6 
0 1.32057 6 
0 1.32092 6 
0 1.32471 6 
0 1.3453 6 
0 1.43159 6 
0 1.46011 6 
0 1.46393 6 
0 1.46742 6 
0 1.4706 6 
0 1.48788 6 
0 1.54418 6 
0 1.5475 6 
0 1.55716 6 
0 1.56064 6 
0 1.58059 6 
0 1.58368 6 
0 1.58447 6 
0 1.59476 6 
0 1.59598 6 
0 1.68974 6 
0 inf 6 
0 0.0218508 7 
0 0.0222229 7 
0 0.0327109 7 
0 0.0329615 7 
0 0.033945 7 
0 0.0341943 7 
0 0.0382767 7 
0 0.0384886 7 
0 0.0419706 7 
0 0.0437015 7 
0 0.045542 7 
0 0.0457213 7 
0 0.0498586 7 
0 0.0524331 7 
0 0.0524331 7 
0 0.0541329 7 
0 0.0553384 7 
0 0.0557829 7 
0 0.0587993 7 
0 0.0599079 7 
0 0.0627217 7 
0 0.0641496 7 
0 0.0645431 7 
0 0.067405 7 
0 0.0687362 7 
0 0.0718976 7 
0 0.0728123 7 
0 0.0769817 7 
0 0.0782549 7 
0 0.0803322 7 
0 0.081246 7 
0 0.0815521 7 
0 0.0835442 7 
0 0.0985516 7 
0 0.100538 7 
0 0.116544 7 
0 0.117668 7 
0 0.133221 7 
0 0.138727 7 
0 0.170464 7 
0 0.178102 7 
0 0.186234 7 
0 0.197019 7 
0 0.299148 7 
0 0.299368 7 
0 0.300438 7 
0 0.338149 7 
0 0.353129 7 
0 0.353432 7 
0 0.355672 7 
0 0.437762 7 
0 0.444756 7 
0 0.457597 7 
0 0.4703 7 
0 0.48233 7 
0 0.493581 7 
0 0.496743 7 
0 0.511195 7 
0 0.53761 7 
0 0.538207 7 
0 0.538451 7 
0 0.539899 7 
0 0.545134 7 
0 0.54539 7 
0 0.564238 7 
0 0.568756 7 
0 0.57958 7 
0 0.579793 7 
0 0.586286 7 
0 0.588808 7 
0 0.591876 7 
0 0.609924 7 
0 0.666018 7 
0 0.698573 7 
0 0.70338 7 
0 0.705281 7 
0 0.7064 7 
0 0.746235 7 
0 0.753261 7 
0 0.75349 7 
0 0.771214 7 
0 0.834808 7 
0 0.850071 7 
0 0.877373 7 
0 0.958899 7 
0 0.961462 7 
0 0.96301 7 
0 1.02021 7 
0 1.03785 7 
0 1.09187 7 
0 1.14103 7 
0 1.21565 7 
0 1.39651 7 
0 1.39736 7 
0 1.39905 7 
0 1.43777 7 
0 1.4614 7 
0 1.46738 7 
0 1.48043 7 
0 1.4871 7 
0 1.48862 7 
0 1.48952 7 
0 1.50003 7 
0 1.55711 7 
0 1.62827 7 
0 1.63481 7 
0 1.69792 7 
0 inf 7 
0 0.0167277 8 
0 0.0259803 8 
0 0.0298113 8 
0 0.0365167 8 
0 0.0391281 8 
0 0.0399608 8 
0 0.0423599 8 
0 0.0429404 8 
0 0.043133 8 
0 0.0451835 8 
0 0.0491971 8 
0 0.0548894 8 
0 0.0554849 8 
0 0.0570892 8 
0 0.0570941 8 
0 0.0593514 8 
0 0.0605881 8 
0 0.0615357 8 
0 0.0625927 8 
0 0.0663009 8 
0 0.0664302 8 
0 0.0689812 8 
0 0.0910862 8 
0 0.0929639 8 
0 0.0940209 8 
0 0.0950693 8 
0 0.0961031 8 
0 0.11067 8 
0 0.111929 8 
0 0.126884 8 
0 0.130725 8 
0 0.142531 8 
0 0.152401 8 
0 0.178056 8 
0 0.21155 8 
0 0.234419 8 
0 0.234524 8 
0 0.252424 8 
0 0.272601 8 
0 0.279667 8 
0 0.297907 8 
0 0.321181 8 
0 0.321712 8 
0 0.350964 8 
0 0.351175 8 
0 0.361524 8 
0 0.430114 8 
0 0.455018 8 
0 0.456933 8 
0 0.468757 8 
0 0.476956 8 
0 0.485169 8 
0 0.485169 8 
0 0.509644 8 
0 0.526986 8 
0 0.529649 8 
0 0.531743 8 
0 0.542091 8 
0 0.542592 8 
0 0.543154 8 
0 0.54726 8 
0 0.57715 8 
0 0.584801 8 
0 0.585926 8 
0 0.609046 8 
0 0.640178 8 
0 0.66671 8 
0 0.675275 8 
0 0.684103 8 
0 0.684681 8 
0 0.694073 8 
0 0.748367 8 
0 0.751934 8 
0 0.752371 8 
0 0.780676 8 
0 0.826104 8 
0 0.862827 8 
0 0.889939 8 
0 0.897895 8 
0 0.903742 8 
0 0.91821 8 
0 0.923319 8 
0 0.928691 8 
0 0.959712 8 
0 0.963067 8 
0 1.05018 8 
0 1.07909 8 
0 1.07928 8 
0 1.08839 8 
0 1.11979 8 
0 1.34964 8 
0 1.39515 8 
0 1.39666 8 
0 1.40414 8 
0 1.4664 8 
0 1.46943 8 
0 1.4923 8 
0 1.55907 8 
0 1.57721 8 
0 1.61621 8 
0 1.71189 8 
0 1.92667 8 
0 2.26859 8 
0 inf 8 
0 0.0314268 9 
0 0.0393404 9 
0 0.0403677 9 
0 0.0417726 9 
0 0.043321 9 
0 0.0446316 9 
0 0.0521167 9 
0 0.0551892 9 
0 0.0563637 9 
0 0.0563637 9 
0 0.058656 9 
0 0.0593551 9 
0 0.0640265 9 
0 0.0670414 9 
0 0.0715515 9 
0 0.0735939 9 
0 0.0766579 9 
0 0.0824586 9 
0 0.0827571 9 
0 0.0881558 9 
0 0.0897261 9 
0 0.0903594 9 
0 0.10095 9 
0 0.121514 9 
0 0.138253 9 
0 0.159533 9 
0 0.164612 9 
0 0.171036 9 
0 0.186721 9 
0 0.238761 9 
0 0.23914 9 
0 0.259103 9 
0 0.285936 9 
0 0.316332 9 
0 0.317967 9 
0 0.340687 9 
0 0.355648 9 
0 0.360677 9 
0 0.368809 9 
0 0.37304 9 
0 0.373327 9 
0 0.377161 9 
0 0.385504 9 
0 0.467509 9 
0 0.481029 9 
0 0.488992 9 
0 0.494616 9 
0 0.495613 9 
0 0.50837 9 
0 0.508936 9 
0 0.544047 9 
0 0.545135 9 
0 0.546238 9 
0 0.554714 9 
0 0.578526 9 
0 0.588681 9 
0 0.604412 9 
0 0.609473 9 
0 0.61181 9 
0 0.621987 9 
0 0.6519 9 
0 0.655988 9 
0 0.667746 9 
0 0.670947 9 
0 0.676809 9 
0 0.691626 9 
0 0.72884 9 
0 0.72884 9 
0 0.735541 9 
0 0.737819 9 
0 0.741959 9 
0 0.74212 9 
0 0.769089 9 
0 0.782907 9 
0 0.833903 9 
0 0.873179 9 
0 0.883553 9 
0 0.890171 9 
0 0.891086 9 
0 0.952962 9 
0 0.971844 9 
0 0.993754 9 
0 0.994044 9 
0 1.01863 9 
0 1.06107 9 
0 1.11285 9 
0 1.11287 9 
0 1.39966 9 
0 1.40173 9 
0 1.42321 9 
0 1.45243 9 
0 1.46234 9 
0 1.49116 9 
0 1.49489 9 
0 1.49841 9 
0 1.5026 9 
0 1.53754 9 
0 1.55975 9 
0 1.56009 9 
0 inf 9 
0 0.014054 10 
0 0.0435166 10 
0 0.0554835 10 
0 0.0589357 10 
0 0.0619366 10 
0 0.0651747 10 
0 0.0657983 10 
0 0.0666699 10 
0 0.0670395 10 
0 0.0672858 10 
0 0.0698094 10 
0 0.0737117 10 
0 0.0890733 10 
0 0.10288 10 
0 0.109474 10 
0 0.114904 10 
0 0.123067 10 
0 0.129006 10 
0 0.13266 10 
0 0.133713 10 
0 0.138066 10 
0 0.175025 10 
0 0.199613 10 
0 0.201276 10 
0 0.204199 10 
0 0.211938 10 
0 0.214967 10 
0 0.2344 10 
0 0.243676 10 
0 0.289909 10 
0 0.290107 10 
0 0.290704 10 
0 0.334971 10 
0 0.346434 10 
0 0.358644 10 
0 0.372096 10 
0 0.379476 10 
0 0.394889 10 
0 0.398506 10 
0 0.398506 10 
0 0.413223 10 
0 0.423195 10 
0 0.437416 10 
0 0.46823 10 
0 0.489796 10 
0 0.491323 10 
0 0.494294 10 
0 0.494743 10 
0 0.522093 10 
0 0.539581 10 
0 0.539582 10 
0 0.551812 10 
0 0.56157 10 
0 0.568986 10 
0 0.570718 10 
0 0.593455 10 
0 0.610809 10 
0 0.622001 10 
0 0.629172 10 
0 0.629956 10 
0 0.654065 10 
0 0.654066 10 
0 0.666512 10 
0 0.71448 10 
0 0.720675 10 
0 0.720949 10 
0 0.722418 10 
0 0.725402 10 
0 0.725686 10 
0 0.735429 10 
0 0.803955 10 
0 0.871977 10 
0 0.874517 10 
0 0.874968 10 
0 0.91935 10 
0 0.919556 10 
0 0.931669 10 
0 0.943285 10 
0 0.992752 10 
0 0.997673 10 
0 1.03927 10 
0 1.1378 10 
0 1.13794 10 
0 1.39854 10 
0 1.39891 10 
0 1.46077 10 
0 1.46598 10 
0 1.46827 10 
0 1.56886 10 
0 1.7018 10 
0 1.7019 10 
0 1.8001 10 
0 1.80014 10 
0 1.90572 10 
0 1.94308 10 
0 inf 10 
0 0.0569461 11 
0 0.0576635 11 
0 0.0695748 11 
0 0.0767662 11 
0 0.10021 11 
0 0.103192 11 
0 0.115972 11 
0 0.120087 11 
0 0.121587 11 
0 0.122932 11 
0 0.122933 11 
0 0.13926 11 
0 0.155564 11 
0 0.16586 11 
0 0.176337 11 
0 0.179941 11 
0 0.181716 11 
0 0.182766 11 
0 0.185556 11 
0 0.191692 11 
0 0.207062 11 
0 0.232763 11 
0 0.248644 11 
0 0.276332 11 
0 0.28135 11 
0 0.306309 11 
0 0.30639 11 
0 0.309465 11 
0 0.333118 11 
0 0.334489 11 
0 0.354512 11 
0 0.364365 11 
0 0.364545 11 
0 0.383718 11 
0 0.397954 11 
0 0.405935 11 
0 0.413164 11 
0 0.418495 11 
0 0.458918 11 
0 0.459187 11 
0 0.460371 11 
0 0.461799 11 
0 0.463223 11 
0 0.47002 11 
0 0.474014 11 
0 0.474587 11 
0 0.516357 11 
0 0.516468 11 
0 0.520235 11 
0 0.522221 11 
0 0.540725 11 
0 0.540892 11 
0 0.543425 11 
0 0.543788 11 
0 0.606557 11 
0 0.637829 11 
0 0.638409 11 
0 0.668116 11 
0 0.689194 11 
0 0.707944 11 
0 0.70906 11 
0 0.730667 11 
0 0.762845 11 
0 0.763006 11 
0 0.873339 11 
0 0.873792 11 
0 0.885172 11 
0 0.938401 11 
0 0.938506 11 
0 0.958062 11 
0 0.960293 11 
0 0.993039 11 
0 0.993039 11 
0 1.00482 11 
0 1.00487 11 
0 1.05338 11 
0 1.05347 11 
0 1.05964 11 
0 1.17085 11 
0 1.3944 11 
0 1.39459 11 
0 1.46518 11 
0 1.46642 11 
0 1.5058 11 
0 1.58341 11 
0 1.59214 11 
0 1.59225 11 
0 1.71249 11 
0 1.71273 11 
0 1.92874 11 
0 1.93304 11 
0 inf 11 
0 0.0699213 12 
0 0.0905395 12 
0 0.101188 12 
0 0.134931 12 
0 0.143442 12 
0 0.166107 12 
0 0.177873 12 
0 0.187669 12 
0 0.196103 12 
0 0.201791 12 
0 0.211295 12 
0 0.214615 12 
0 0.21538 12 
0 0.232088 12 
0 0.23345 12 
0 0.264727 12 
0 0.271016 12 
0 0.271598 12 
0 0.276708 12 
0 0.281379 12 
0 0.290278 12 
0 0.308732 12 
0 0.318014 12 
0 0.340471 12 
0 0.341441 12 
0 0.344298 12 
0 0.34483 12 
0 0.356346 12 
0 0.363701 12 
0 0.39772 12 
0 0.403603 12 
0 0.403666 12 
0 0.404391 12 
0 0.40563 12 
0 0.40563 12 
0 0.408038 12 
0 0.444051 12 
0 0.448411 12 
0 0.45258 12 
0 0.453506 12 
0 0.467491 12 
0 0.483216 12 
0 0.485595 12 
0 0.490972 12 
0 0.523258 12 
0 0.524515 12 
0 0.540708 12 
0 0.540937 12 
0 0.625633 12 
0 0.626264 12 
0 0.639032 12 
0 0.647186 12 
0 0.647301 12 
0 0.689206 12 
0 0.69227 12 
0 0.692852 12 
0 0.751989 12 
0 0.757436 12 
0 0.759173 12 
0 0.805195 12 
0 0.874356 12 
0 0.875034 12 
0 0.905691 12 
0 0.990868 12 
0 0.996773 12 
0 1.01759 12 
0 1.01853 12 
0 1.02775 12 
0 1.03157 12 
0 1.03164 12 
0 1.03183 12 
0 1.03859 12 
0 1.29399 12 
0 1.30194 12 
0 1.34539 12 
0 1.34585 12 
0 1.38926 12 
0 1.39559 12 
0 1.39974 12 
0 1.46573 12 
0 1.47119 12 
0 1.55508 12 
0 1.56118 12 
0 1.56135 12 
0 1.5736 12 
0 1.57412 12 
0 1.57435 12 
0 inf 12 
0 0.0852044 13 
0 0.100861 13 
0 0.127919 13 
0 0.138546 13 
0 0.150566 13 
0 0.156962 13 
0 0.162845 13 
0 0.165756 13 
0 0.175174 13 
0 0.197124 13 
0 0.205974 13 
0 0.255455 13 
0 0.258579 13 
0 0.263213 13 
0 0.312874 13 
0 0.318807 13 
0 0.321276 13 
0 0.327287 13 
0 0.329318 13 
0 0.329954 13 
0 0.340059 13 
0 0.34199 13 
0 0.34707 13 
0 0.347332 13 
0 0.391152 13 
0 0.399826 13 
0 0.411193 13 
0 0.424836 13 
0 0.425707 13 
0 0.437186 13 
0 0.495921 13 
0 0.503355 13 
0 0.503731 13 
0 0.503812 13 
0 0.531713 13 
0 0.53622 13 
0 0.540998 13 
0 0.550948 13 
0 0.559721 13 
0 0.577749 13 
0 0.602146 13 
0 0.606825 13 
0 0.606974 13 
0 0.608509 13 
0 0.609383 13 
0 0.629024 13 
0 0.629933 13 
0 0.630442 13 
0 0.630854 13 
0 0.63086 13 
0 0.632717 13 
0 0.684534 13 
0 0.692411 13 
0 0.694467 13 
0 0.696125 13 
0 0.696597 13 
0 0.786487 13 
0 0.801758 13 
0 0.856301 13 
0 0.895576 13 
0 0.921563 13 
0 0.92939 13 
0 0.930098 13 
0 0.940005 13 
0 0.944486 13 
0 0.990427 13 
0 0.99339 13 
0 1.00059 13 
0 1.00226 13 
0 1.00332 13 
0 1.00332 13 
0 1.00341 13 
0 1.00688 13 
0 1.39466 13 
0 1.39777 13 
0 1.46375 13 
0 1.46698 13 
0 1.51086 13 
0 1.51156 13 
0 1.51286 13 
0 1.54742 13 
0 1.54793 13 
0 1.54871 13 
0 inf 13 
0 0.0488554 14 
0 0.0675292 14 
0 0.0720062 14 
0 0.131035 14 
0 0.131535 14 
0 0.153435 14 
0 0.193184 14 
0 0.24025 14 
0 0.240383 14 
0 0.27642 14 
0 0.28358 14 
0 0.295244 14 
0 0.295244 14 
0 0.295718 14 
0 0.295732 14 
0 0.295912 14 
0 0.296046 14 
0 0.29829 14 
0 0.30713 14 
0 0.307345 14 
0 0.3082 14 
0 0.308521 14 
0 0.310855 14 
0 0.316848 14 
0 0.33357 14 
0 0.338312 14 
0 0.338701 14 
0 0.344117 14 
0 0.346405 14 
0 0.39442 14 
0 0.398223 14 
0 0.400745 14 
0 0.404539 14 
0 0.406486 14 
0 0.406503 14 
0 0.413875 14 
0 0.419654 14 
0 0.422716 14 
0 0.423125 14 
0 0.426902 14 
0 0.440632 14 
0 0.471287 14 
0 0.488501 14 
0 0.503371 14 
0 0.503371 14 
0 0.503698 14 
0 0.520012 14 
0 0.537365 14 
0 0.539672 14 
0 0.540115 14 
0 0.540358 14 
0 0.545701 14 
0 0.654861 14 
0 0.661165 14 
0 0.699778 14 
0 0.701892 14 
0 0.713165 14 
0 0.780282 14 
0 0.780377 14 
0 0.78365 14 
0 0.935636 14 
0 0.937043 14 
0 0.937175 14 
0 0.963741 14 
0 0.974072 14 
0 0.974612 14 
0 0.990976 14 
0 0.995741 14 
0 1.16629 14 
0 1.16657 14 
0 1.16666 14 
0 1.39771 14 
0 1.39818 14 
0 1.4003 14 
0 1.40077 14 
0 1.47572 14 
0 1.48654 14 
0 1.48689 14 
0 1.48709 14 
0 inf 14 
0 0.0459047 15 
0 0.0798202 15 
0 0.08054 15 
0 0.135052 15 
0 0.14578 15 
0 0.156356 15 
0 0.201603 15 
0 0.213597 15 
0 0.227069 15 
0 0.253021 15 
0 0.258938 15 
0 0.269144 15 
0 0.281599 15 
0 0.28195 15 
0 0.282533 15 
0 0.283461 15 
0 0.284573 15 
0 0.28589 15 
0 0.286005 15 
0 0.287387 15 
0 0.294117 15 
0 0.296741 15 
0 0.297184 15 
0 0.30154 15 
0 0.302195 15 
0 0.302374 15 
0 0.302374 15 
0 0.306928 15 
0 0.319847 15 
0 0.341026 15 
0 0.343471 15 
0 0.343662 15 
0 0.346239 15 
0 0.346311 15 
0 0.381294 15 
0 0.422454 15 
0 0.42249 15 
0 0.430866 15 
0 0.478971 15 
0 0.544971 15 
0 0.547142 15 
0 0.547307 15 
0 0.547973 15 
0 0.548169 15 
0 0.548988 15 
0 0.550312 15 
0 0.564169 15 
0 0.686262 15 
0 0.708479 15 
0 0.709779 15 
0 0.709918 15 
0 0.730283 15 
0 0.766889 15 
0 0.895612 15 
0 0.897725 15 
0 0.91307 15 
0 0.9171 15 
0 0.917199 15 
0 0.93239 15 
0 0.932496 15 
0 0.996054 15 
0 1.09961 15 
0 1.09973 15 
0 1.09981 15 
0 1.40482 15 
0 1.4715 15 
0 1.68228 15 
0 1.68283 15 
0 1.68286 15 
0 1.75875 15 
0 1.75879 15 
0 1.75903 15 
0 1.84617 15 
0 1.86451 15 
0 1.86462 15 
0 inf 15 
0 0.070974 16 
0 0.148686 16 
0 0.194706 16 
0 0.227067 16 
0 0.235026 16 
0 0.2681 16 
0 0.269844 16 
0 0.271305 16 
0 0.271305 16 
0 0.294625 16 
0 0.295071 16 
0 0.29549 16 
0 0.297931 16 
0 0.300834 16 
0 0.312708 16 
0 0.314415 16 
0 0.314415 16 
0 0.315695 16 
0 0.320848 16 
0 0.321592 16 
0 0.328281 16 
0 0.341219 16 
0 0.341701 16 
0 0.34199 16 
0 0.34199 16 
0 0.343542 16 
0 0.344308 16 
0 0.350374 16 
0 0.352132 16 
0 0.368149 16 
0 0.370204 16 
0 0.407048 16 
0 0.428573 16 
0 0.436422 16 
0 0.453444 16 
0 0.453444 16 
0 0.453534 16 
0 0.476905 16 
0 0.504352 16 
0 0.504613 16 
0 0.505347 16 
0 0.527379 16 
0 0.542835 16 
0 0.697562 16 
0 0.701152 16 
0 0.706298 16 
0 0.707358 16 
0 0.858084 16 
0 0.858515 16 
0 0.858582 16 
0 0.87648 16 
0 0.890353 16 
0 0.906288 16 
0 0.906578 16 
0 0.920574 16 
0 0.989172 16 
0 1.00148 16 
0 1.01551 16 
0 1.01643 16 
0 1.01655 16 
0 1.40276 16 
0 1.48932 16 
0 1.57816 16 
0 1.58012 16 
0 1.58049 16 
0 1.58571 16 
0 1.58598 16 
0 1.58615 16 
0 1.80244 16 
0 1.80251 16 
0 1.80257 16 
0 inf 16 
0 0.0641508 17 
0 0.0646627 17 
0 0.066047 17 
0 0.0770914 17 
0 0.0890738 17 
0 0.199036 17 
0 0.233775 17 
0 0.274029 17 
0 0.281466 17 
0 0.282867 17 
0 0.301611 17 
0 0.302266 17 
0 0.302565 17 
0 0.302674 17 
0 0.315467 17 
0 0.315806 17 
0 0.315989 17 
0 0.317807 17 
0 0.324589 17 
0 0.324919 17 
0 0.325147 17 
0 0.32583 17 
0 0.339429 17 
0 0.339696 17 
0 0.342471 17 
0 0.342687 17 
0 0.344068 17 
0 0.345144 17 
0 0.348938 17 
0 0.349033 17 
0 0.42722 17 
0 0.435615 17 
0 0.441043 17 
0 0.452769 17 
0 0.460667 17 
0 0.461453 17 
0 0.462593 17 
0 0.462878 17 
0 0.548434 17 
0 0.591357 17 
0 0.649017 17 
0 0.651498 17 
0 0.652105 17 
0 1.00838 17 
0 1.00924 17 
0 1.01028 17 
0 1.0108 17 
0 1.06382 17 
0 1.0649 17 
0 1.06546 17 
0 1.16873 17 
0 1.19341 17 
0 1.19506 17 
0 1.20179 17 
0 1.20737 17 
0 1.20957 17 
0 1.3686 17 
0 1.40958 17 
0 1.49881 17 
0 1.50209 17 
0 1.50498 17 
0 1.50498 17 
0 1.55388 17 
0 1.55415 17 
0 1.55426 17 
0 1.58412 17 
0 1.61606 17 
0 inf 17 
0 0.0748097 18 
0 0.0858765 18 
0 0.0888896 18 
0 0.106575 18 
0 0.123731 18 
0 0.123731 18 
0 0.151533 18 
0 0.173088 18 
0 0.175732 18 
0 0.209511 18 
0 0.213405 18 
0 0.214175 18 
0 0.27116 18 
0 0.288514 18 
0 0.308773 18 
0 0.3114 18 
0 0.31612 18 
0 0.320684 18 
0 0.320864 18 
0 0.322476 18 
0 0.322654 18 
0 0.3396 18 
0 0.339841 18 
0 0.340447 18 
0 0.341027 18 
0 0.368379 18 
0 0.368424 18 
0 0.36858 18 
0 0.368624 18 
0 0.48272 18 
0 0.482908 18 
0 0.485016 18 
0 0.48578 18 
0 0.562832 18 
0 0.567391 18 
0 0.569346 18 
0 0.595564 18 
0 0.604657 18 
0 0.607265 18 
0 0.666554 18 
0 0.749919 18 
0 0.754077 18 
0 0.995473 18 
0 0.995671 18 
0 0.995944 18 
0 1.01795 18 
0 1.01889 18 
0 1.01889 18 
0 1.01896 18 
0 1.14542 18 
0 1.16215 18 
0 1.31017 18 
0 1.31839 18 
0 1.32867 18 
0 1.32925 18 
0 1.42497 18 
0 1.4313 18 
0 1.43207 18 
0 1.54179 18 
0 1.55391 18 
0 1.5541 18 
0 1.55425 18 
0 1.93352 18 
0 inf 18 
0 0.0695664 19 
0 0.0695665 19 
0 0.0750309 19 
0 0.117028 19 
0 0.117379 19 
0 0.118705 19 
0 0.171702 19 
0 0.17242 19 
0 0.175449 19 
0 0.216506 19 
0 0.217833 19 
0 0.21964 19 
0 0.298774 19 
0 0.302689 19 
0 0.302689 19 
0 0.363473 19 
0 0.364898 19 
0 0.365101 19 
0 0.365349 19 
0 0.367761 19 
0 0.36899 19 
0 0.36899 19 
0 0.376699 19 
0 0.377049 19 
0 0.378378 19 
0 0.49102 19 
0 0.492978 19 
0 0.493228 19 
0 0.493628 19 
0 0.556375 19 
0 0.581378 19 
0 0.584949 19 
0 0.633886 19 
0 0.636218 19 
0 0.636374 19 
0 0.664298 19 
0 0.670613 19 
0 0.67415 19 
0 0.674394 19 
0 0.674552 19 
0 0.682906 19 
0 0.719004 19 
0 0.732176 19 
0 0.73349 19 
0 0.797268 19 
0 0.800698 19 
0 0.885477 19 
0 0.885969 19 
0 0.894302 19 
0 0.896333 19 
0 1.02847 19 
0 1.02911 19 
0 1.02933 19 
0 1.43077 19 
0 1.45409 19 
0 1.45409 19 
0 1.52699 19 
0 1.54032 19 
0 1.54136 19 
0 inf 19 
0 0.0646611 20 
0 0.0666669 20 
0 0.0675258 20 
0 0.110892 20 
0 0.112 20 
0 0.112074 20 
0 0.20829 20 
0 0.209355 20 
0 0.209355 20 
0 0.290349 20 
0 0.292749 20 
0 0.301757 20 
0 0.303013 20 
0 0.304747 20 
0 0.305071 20 
0 0.324394 20 
0 0.356642 20 
0 0.357219 20 
0 0.359951 20 
0 0.361073 20 
0 0.361801 20 
0 0.445685 20 
0 0.460312 20 
0 0.473778 20 
0 0.479145 20 
0 0.479282 20 
0 0.479297 20 
0 0.479348 20 
0 0.479897 20 
0 0.5193 20 
0 0.523038 20 
0 0.523463 20 
0 0.567739 20 
0 0.569765 20 
0 0.571079 20 
0 0.609343 20 
0 0.647284 20 
0 0.665622 20 
0 0.665771 20 
0 0.665956 20 
0 0.704047 20 
0 0.724059 20 
0 0.865258 20 
0 0.866057 20 
0 0.879556 20 
0 0.879978 20 
0 1.03419 20 
0 1.03471 20 
0 1.45474 20 
0 1.45981 20 
0 1.46108 20 
0 1.56608 20 
0 1.56909 20 
0 1.57011 20 
0 1.65162 20 
0 inf 20 
