0 0.0196701 1 
0 0.0206806 1 
0 0.023876 1 
0 0.0270797 1 
0 0.0274511 1 
0 0.0285396 1 
0 0.0285425 1 
0 0.0288969 1 
0 0.028897 1 
0 0.0288971 1 
0 0.0306087 1 
0 0.0315871 1 
0 0.0315871 1 
0 0.0325432 1 
0 0.0343691 1 
0 0.0349566 1 
0 0.0349575 1 
0 0.0352469 1 
0 0.0358189 1 
0 0.0366645 1 
0 0.036935 1 
0 0.0377513 1 
0 0.0377537 1 
0 0.0377561 1 
0 0.0388215 1 
0 0.0390762 1 
0 0.0393431 1 
0 0.0393455 1 
0 0.0398566 1 
0 0.0401071 1 
0 0.0406056 1 
0 0.04061 1 
0 0.0418505 1 
0 0.0423348 1 
0 0.0428122 1 
0 0.0435188 1 
0 0.0442176 1 
0 0.0455754 1 
0 0.0460228 1 
0 0.0462436 1 
0 0.0464638 1 
0 0.0466785 1 
0 0.0469003 1 
0 0.0477598 1 
0 0.0477603 1 
0 0.0488122 1 
0 0.0506567 1 
0 0.0543424 1 
0 0.0550819 1 
0 0.0572606 1 
0 0.057612 1 
0 0.0588408 1 
0 0.0591856 1 
0 0.0596995 1 
0 0.0602077 1 
0 0.0607093 1 
0 0.0615471 1 
0 0.0615506 1 
0 0.0617092 1 
0 0.0642997 1 
0 0.0702046 1 
0 0.0719238 1 
0 0.0727712 1 
0 0.0730483 1 
0 0.0741549 1 
0 0.075382 1 
0 0.0767171 1 
0 0.0785542 1 
0 0.0800902 1 
0 0.0803482 1 
0 0.0803502 1 
0 0.0804764 1 
0 0.0821023 1 
0 0.0830906 1 
0 0.0839419 1 
0 0.0845492 1 
0 0.0845519 1 
0 0.0845519 1 
0 0.0853876 1 
0 0.0856229 1 
0 0.0859824 1 
0 0.0871606 1 
0 0.0884347 1 
0 0.088669 1 
0 0.0909405 1 
0 0.093698 1 
0 0.0961601 1 
0 0.0979435 1 
0 0.104676 1 
0 0.105061 1 
0 0.108306 1 
0 0.110637 1 
0 0.120416 1 
0 0.120924 1 
0 0.127967 1 
0 0.131573 1 
0 0.132578 1 
0 0.134634 1 
0 0.215402 1 
0 0.259527 1 
0 0.264346 1 
0 0.321084 1 
0 0.358967 1 
0 0.412282 1 
0 0.486689 1 
0 0.580182 1 
0 0.598394 1 
0 0.649257 1 
0 0.665419 1 
0 0.676041 1 
0 0.71342 1 
0 0.725526 1 
0 0.751372 1 
0 0.769854 1 
0 0.777593 1 
0 0.779916 1 
0 0.835278 1 
0 1.00573 1 
0 1.0834 1 
0 1.1008 1 
0 1.15074 1 
0 1.23627 1 
0 1.30058 1 
0 2.01031 1 
0 2.3009 1 
0 2.42892 1 
0 2.79731 1 
0 3.371 1 
0 3.54013 1 
0 3.77623 1 
0 3.80981 1 
0 inf 1 
0 0.0225646 2 
0 0.0247187 2 
0 0.0259245 2 
0 0.0270733 2 
0 0.028897 2 
0 0.0292448 2 
0 0.0292462 2 
0 0.0325401 2 
0 0.0325437 2 
0 0.033772 2 
0 0.0340721 2 
0 0.0340724 2 
0 0.0343681 2 
0 0.0352474 2 
0 0.0355316 2 
0 0.0361037 2 
0 0.0377489 2 
0 0.0380257 2 
0 0.038294 2 
0 0.038821 2 
0 0.0390864 2 
0 0.0390864 2 
0 0.0416067 2 
0 0.0420858 2 
0 0.0428123 2 
0 0.0430485 2 
0 0.0430507 2 
0 0.043287 2 
0 0.0432884 2 
0 0.0437513 2 
0 0.0453458 2 
0 0.0466799 2 
0 0.0468999 2 
0 0.0481844 2 
0 0.0492315 2 
0 0.0532038 2 
0 0.0545268 2 
0 0.0545301 2 
0 0.0560005 2 
0 0.0572546 2 
0 0.0576143 2 
0 0.0590169 2 
0 0.0618794 2 
0 0.0620391 2 
0 0.0622036 2 
0 0.0628532 2 
0 0.0643025 2 
0 0.0655515 2 
0 0.0687402 2 
0 0.0691781 2 
0 0.0693243 2 
0 0.0702029 2 
0 0.0734648 2 
0 0.0747051 2 
0 0.0757858 2 
0 0.0759211 2 
0 0.0761839 2 
0 0.0765897 2 
0 0.0767177 2 
0 0.0790764 2 
0 0.0821072 2 
0 0.0832145 2 
0 0.0840694 2 
0 0.0863388 2 
0 0.0909333 2 
0 0.0930376 2 
0 0.0961564 2 
0 0.0966859 2 
0 0.100808 2 
0 0.100812 2 
0 0.100816 2 
0 0.102216 2 
0 0.10774 2 
0 0.107843 2 
0 0.110357 2 
0 0.113813 2 
0 0.117243 2 
0 0.118717 2 
0 0.123755 2 
0 0.124654 2 
0 0.124985 2 
0 0.126202 2 
0 0.126203 2 
0 0.14596 2 
0 0.151843 2 
0 0.191624 2 
0 0.194212 2 
0 0.201477 2 
0 0.262219 2 
0 0.288016 2 
0 0.324267 2 
0 0.328944 2 
0 0.386042 2 
0 0.479896 2 
0 0.505416 2 
0 0.518595 2 
0 0.555894 2 
0 0.592324 2 
0 0.616061 2 
0 0.631438 2 
0 0.66935 2 
0 0.670828 2 
0 0.671786 2 
0 0.687847 2 
0 0.726442 2 
0 0.800932 2 
0 0.866729 2 
0 0.898078 2 
0 0.898484 2 
0 0.923878 2 
0 0.949691 2 
0 0.956297 2 
0 0.968821 2 
0 0.989077 2 
0 1.11766 2 
0 1.36306 2 
0 1.47305 2 
0 2.0136 2 
0 2.07069 2 
0 2.21293 2 
0 2.41573 2 
0 2.457 2 
0 2.46569 2 
0 2.4772 2 
0 3.19821 2 
0 3.663 2 
0 3.72001 2 
0 inf 2 
0 0.022109 3 
0 0.0238805 3 
0 0.0299398 3 
0 0.0340721 3 
0 0.034957 3 
0 0.0361003 3 
0 0.036664 3 
0 0.0380221 3 
0 0.0393398 3 
0 0.0406159 3 
0 0.0411177 3 
0 0.041604 3 
0 0.0418477 3 
0 0.0425747 3 
0 0.0425748 3 
0 0.0430529 3 
0 0.0432897 3 
0 0.0435212 3 
0 0.044673 3 
0 0.0453545 3 
0 0.0471162 3 
0 0.0481806 3 
0 0.0481848 3 
0 0.0488096 3 
0 0.0488147 3 
0 0.0502527 3 
0 0.0506514 3 
0 0.050657 3 
0 0.0520474 3 
0 0.0522404 3 
0 0.0537754 3 
0 0.0539692 3 
0 0.0556381 3 
0 0.0556403 3 
0 0.0561812 3 
0 0.0579624 3 
0 0.0583198 3 
0 0.0598741 3 
0 0.0641397 3 
0 0.0707787 3 
0 0.0707787 3 
0 0.0707819 3 
0 0.0714943 3 
0 0.0714948 3 
0 0.0715017 3 
0 0.0737367 3 
0 0.0753835 3 
0 0.0777771 3 
0 0.08198 3 
0 0.0828465 3 
0 0.0850242 3 
0 0.0904806 3 
0 0.0922666 3 
0 0.0926012 3 
0 0.0937965 3 
0 0.095848 3 
0 0.0966836 3 
0 0.100707 3 
0 0.10241 3 
0 0.10438 3 
0 0.106125 3 
0 0.112274 3 
0 0.114162 3 
0 0.115061 3 
0 0.116291 3 
0 0.118628 3 
0 0.120254 3 
0 0.120924 3 
0 0.126844 3 
0 0.129466 3 
0 0.131649 3 
0 0.14034 3 
0 0.145048 3 
0 0.17414 3 
0 0.216251 3 
0 0.230596 3 
0 0.250177 3 
0 0.313908 3 
0 0.32549 3 
0 0.332093 3 
0 0.450331 3 
0 0.456472 3 
0 0.465023 3 
0 0.483742 3 
0 0.498424 3 
0 0.498828 3 
0 0.533374 3 
0 0.560302 3 
0 0.563464 3 
0 0.620755 3 
0 0.622006 3 
0 0.642342 3 
0 0.676342 3 
0 0.697106 3 
0 0.741554 3 
0 0.774616 3 
0 0.775961 3 
0 0.781583 3 
0 0.791605 3 
0 0.791744 3 
0 0.851876 3 
0 0.866401 3 
0 0.875366 3 
0 0.881258 3 
0 0.881564 3 
0 0.888377 3 
0 1.02936 3 
0 1.04176 3 
0 1.0933 3 
0 1.51387 3 
0 1.78151 3 
0 1.86396 3 
0 1.86498 3 
0 1.86505 3 
0 1.91536 3 
0 2.20097 3 
0 2.25095 3 
0 2.76534 3 
0 2.85178 3 
0 2.85566 3 
0 2.856 3 
0 2.90753 3 
0 2.9173 3 
0 inf 3 
0 0.0186076 4 
0 0.0211678 4 
0 0.0292467 4 
0 0.0346641 4 
0 0.0358096 4 
0 0.0358096 4 
0 0.0363847 4 
0 0.0377585 4 
0 0.0418505 4 
0 0.0418542 4 
0 0.0442174 4 
0 0.0453519 4 
0 0.0453545 4 
0 0.0460228 4 
0 0.046678 4 
0 0.0479731 4 
0 0.0490226 4 
0 0.0494365 4 
0 0.0502507 4 
0 0.0526328 4 
0 0.0554579 4 
0 0.0563704 4 
0 0.056728 4 
0 0.0595233 4 
0 0.0597054 4 
0 0.0608821 4 
0 0.0610419 4 
0 0.0623714 4 
0 0.0630239 4 
0 0.0641383 4 
0 0.0643067 4 
0 0.0654003 4 
0 0.0673888 4 
0 0.0673969 4 
0 0.0679937 4 
0 0.0690325 4 
0 0.0696262 4 
0 0.0706417 4 
0 0.0709221 4 
0 0.0709227 4 
0 0.0713522 4 
0 0.0719241 4 
0 0.0724904 4 
0 0.073735 4 
0 0.0742876 4 
0 0.0742877 4 
0 0.0751076 4 
0 0.0772461 4 
0 0.078298 4 
0 0.0790726 4 
0 0.0800987 4 
0 0.0859771 4 
0 0.0868012 4 
0 0.0868018 4 
0 0.0987652 4 
0 0.103108 4 
0 0.105837 4 
0 0.106889 4 
0 0.134789 4 
0 0.136139 4 
0 0.138654 4 
0 0.139315 4 
0 0.141347 4 
0 0.142569 4 
0 0.27753 4 
0 0.318724 4 
0 0.328267 4 
0 0.331705 4 
0 0.417352 4 
0 0.417674 4 
0 0.432077 4 
0 0.462234 4 
0 0.46611 4 
0 0.47292 4 
0 0.489194 4 
0 0.561768 4 
0 0.567928 4 
0 0.571074 4 
0 0.612697 4 
0 0.613275 4 
0 0.659543 4 
0 0.682732 4 
0 0.69004 4 
0 0.694913 4 
0 0.705672 4 
0 0.730448 4 
0 0.732453 4 
0 0.733062 4 
0 0.734448 4 
0 0.735351 4 
0 0.740841 4 
0 0.741797 4 
0 0.769636 4 
0 0.785272 4 
0 0.803165 4 
0 0.803781 4 
0 0.821072 4 
0 0.861656 4 
0 0.870228 4 
0 0.962367 4 
0 0.987529 4 
0 0.987993 4 
0 0.989075 4 
0 1.04309 4 
0 1.10651 4 
0 1.11559 4 
0 1.44845 4 
0 1.61237 4 
0 1.61504 4 
0 1.77306 4 
0 1.81307 4 
0 1.81307 4 
0 1.814 4 
0 2.01756 4 
0 2.01853 4 
0 2.02248 4 
0 2.04954 4 
0 2.12987 4 
0 2.20163 4 
0 inf 4 
0 0.0243057 5 
0 0.0319117 5 
0 0.0328543 5 
0 0.0343691 5 
0 0.040615 5 
0 0.0416071 5 
0 0.0444443 5 
0 0.0449038 5 
0 0.0455777 5 
0 0.0455782 5 
0 0.0464603 5 
0 0.0506592 5 
0 0.0520458 5 
0 0.0522412 5 
0 0.0524323 5 
0 0.05415 5 
0 0.0570843 5 
0 0.0572603 5 
0 0.0574444 5 
0 0.0574454 5 
0 0.0581395 5 
0 0.0581416 5 
0 0.0591968 5 
0 0.0595331 5 
0 0.0600373 5 
0 0.0602144 5 
0 0.0607123 5 
0 0.0620399 5 
0 0.0622081 5 
0 0.0636731 5 
0 0.0641371 5 
0 0.06572 5 
0 0.0669487 5 
0 0.0672324 5 
0 0.0693334 5 
0 0.0693411 5 
0 0.0701969 5 
0 0.0702035 5 
0 0.0702035 5 
0 0.0706375 5 
0 0.0713456 5 
0 0.0727718 5 
0 0.0745643 5 
0 0.0750978 5 
0 0.0794497 5 
0 0.0803453 5 
0 0.0809881 5 
0 0.0937984 5 
0 0.0967959 5 
0 0.109892 5 
0 0.111549 5 
0 0.112005 5 
0 0.118544 5 
0 0.134181 5 
0 0.135236 5 
0 0.141064 5 
0 0.321903 5 
0 0.354858 5 
0 0.426716 5 
0 0.447483 5 
0 0.45337 5 
0 0.453644 5 
0 0.456939 5 
0 0.457179 5 
0 0.458518 5 
0 0.505651 5 
0 0.566096 5 
0 0.573337 5 
0 0.592958 5 
0 0.592981 5 
0 0.596065 5 
0 0.599678 5 
0 0.610766 5 
0 0.623311 5 
0 0.623572 5 
0 0.65111 5 
0 0.666458 5 
0 0.7009 5 
0 0.701757 5 
0 0.70241 5 
0 0.708446 5 
0 0.728153 5 
0 0.731805 5 
0 0.738178 5 
0 0.742923 5 
0 0.788317 5 
0 0.801487 5 
0 0.802873 5 
0 0.81527 5 
0 0.845173 5 
0 0.845426 5 
0 0.847483 5 
0 1.05046 5 
0 1.11387 5 
0 1.12065 5 
0 1.14773 5 
0 1.14831 5 
0 1.1575 5 
0 1.21046 5 
0 1.21601 5 
0 1.21895 5 
0 1.22052 5 
0 1.22129 5 
0 1.30164 5 
0 1.45277 5 
0 1.49143 5 
0 1.53045 5 
0 1.67106 5 
0 1.95215 5 
0 1.96524 5 
0 1.96885 5 
0 1.98042 5 
0 1.982 5 
0 1.98216 5 
0 1.98315 5 
0 inf 5 
0 0.0408667 6 
0 0.0408667 6 
0 0.0411133 6 
0 0.0444441 6 
0 0.0462435 6 
0 0.0473306 6 
0 0.0481825 6 
0 0.0490218 6 
0 0.0530101 6 
0 0.0535876 6 
0 0.0548989 6 
0 0.0556402 6 
0 0.0572592 6 
0 0.0581453 6 
0 0.05832 6 
0 0.0602146 6 
0 0.0641371 6 
0 0.0655487 6 
0 0.0673963 6 
0 0.0676907 6 
0 0.067692 6 
0 0.067997 6 
0 0.0706347 6 
0 0.0713555 6 
0 0.0726284 6 
0 0.0729064 6 
0 0.0767219 6 
0 0.0779063 6 
0 0.0789377 6 
0 0.078939 6 
0 0.0789395 6 
0 0.0790764 6 
0 0.079459 6 
0 0.0808585 6 
0 0.0822343 6 
0 0.0863363 6 
0 0.086686 6 
0 0.0899203 6 
0 0.0912688 6 
0 0.0934747 6 
0 0.0936852 6 
0 0.0955171 6 
0 0.0957356 6 
0 0.0966828 6 
0 0.096683 6 
0 0.0967877 6 
0 0.113991 6 
0 0.134864 6 
0 0.321897 6 
0 0.324582 6 
0 0.347598 6 
0 0.362222 6 
0 0.412456 6 
0 0.416388 6 
0 0.416876 6 
0 0.460799 6 
0 0.511166 6 
0 0.512212 6 
0 0.520516 6 
0 0.522078 6 
0 0.524879 6 
0 0.563482 6 
0 0.576177 6 
0 0.582331 6 
0 0.582453 6 
0 0.5853 6 
0 0.606667 6 
0 0.648202 6 
0 0.653894 6 
0 0.654657 6 
0 0.682457 6 
0 0.684116 6 
0 0.687376 6 
0 0.694699 6 
0 0.703661 6 
0 0.704889 6 
0 0.70489 6 
0 0.724827 6 
0 0.726175 6 
0 0.726861 6 
0 0.727524 6 
0 0.755938 6 
0 0.785551 6 
0 0.786483 6 
0 0.78722 6 
0 0.805634 6 
0 0.823332 6 
0 0.835254 6 
0 0.837799 6 
0 0.837908 6 
0 0.878991 6 
0 1.01003 6 
0 1.04723 6 
0 1.04835 6 
0 1.14784 6 
0 1.15997 6 
0 1.21207 6 
0 1.22317 6 
0 1.22449 6 
0 1.22487 6 
0 1.24059 6 
0 1.24834 6 
0 1.26349 6 
0 1.321 6 
0 1.44029 6 
0 1.53969 6 
0 1.59525 6 
0 1.59726 6 
0 1.59945 6 
0 1.63758 6 
0 1.75311 6 
0 inf 6 
0 0.0119373 7 
0 0.0149655 7 
0 0.0234443 7 
0 0.0306077 7 
0 0.0312577 7 
0 0.031267 7 
0 0.0430462 7 
0 0.045801 7 
0 0.0490149 7 
0 0.0490149 7 
0 0.0496465 7 
0 0.0508613 7 
0 0.0514598 7 
0 0.0528181 7 
0 0.053011 7 
0 0.053011 7 
0 0.0530145 7 
0 0.0530212 7 
0 0.0537772 7 
0 0.057803 7 
0 0.0583293 7 
0 0.0647759 7 
0 0.0647783 7 
0 0.0727658 7 
0 0.0736021 7 
0 0.0755101 7 
0 0.0757852 7 
0 0.0862113 7 
0 0.0865645 7 
0 0.0883153 7 
0 0.0895768 7 
0 0.090375 7 
0 0.091943 7 
0 0.0932495 7 
0 0.100815 7 
0 0.101217 7 
0 0.106222 7 
0 0.122928 7 
0 0.139087 7 
0 0.141139 7 
0 0.188404 7 
0 0.30033 7 
0 0.305039 7 
0 0.305706 7 
0 0.321491 7 
0 0.338874 7 
0 0.394087 7 
0 0.423536 7 
0 0.431752 7 
0 0.432318 7 
0 0.443127 7 
0 0.443472 7 
0 0.451121 7 
0 0.458406 7 
0 0.558181 7 
0 0.568696 7 
0 0.585666 7 
0 0.589602 7 
0 0.591671 7 
0 0.59476 7 
0 0.606415 7 
0 0.634627 7 
0 0.642663 7 
0 0.64677 7 
0 0.679623 7 
0 0.700829 7 
0 0.702223 7 
0 0.703541 7 
0 0.719619 7 
0 0.723579 7 
0 0.728109 7 
0 0.739429 7 
0 0.741258 7 
0 0.754038 7 
0 0.778685 7 
0 0.779836 7 
0 0.783005 7 
0 0.783434 7 
0 0.784253 7 
0 0.797154 7 
0 0.804402 7 
0 0.804643 7 
0 0.804807 7 
0 0.82257 7 
0 0.827896 7 
0 0.827899 7 
0 0.866344 7 
0 0.866543 7 
0 0.866873 7 
0 0.935134 7 
0 0.995709 7 
0 1.01789 7 
0 1.03686 7 
0 1.04298 7 
0 1.04307 7 
0 1.07016 7 
0 1.18592 7 
0 1.20624 7 
0 1.21522 7 
0 1.28327 7 
0 1.28906 7 
0 1.29283 7 
0 1.29493 7 
0 1.4165 7 
0 1.48389 7 
0 1.48566 7 
0 1.49025 7 
0 inf 7 
0 0.041601 8 
0 0.0416016 8 
0 0.0418489 8 
0 0.0420922 8 
0 0.0464581 8 
0 0.0498425 8 
0 0.050251 8 
0 0.0506538 8 
0 0.0526269 8 
0 0.0539629 8 
0 0.061216 8 
0 0.0636635 8 
0 0.0638216 8 
0 0.0646237 8 
0 0.0684418 8 
0 0.0697664 8 
0 0.074832 8 
0 0.0753737 8 
0 0.0756538 8 
0 0.0756561 8 
0 0.0821033 8 
0 0.083581 8 
0 0.084429 8 
0 0.0844296 8 
0 0.0994867 8 
0 0.101117 8 
0 0.101512 8 
0 0.10429 8 
0 0.109339 8 
0 0.112533 8 
0 0.114967 8 
0 0.136291 8 
0 0.235049 8 
0 0.235957 8 
0 0.249479 8 
0 0.266061 8 
0 0.30938 8 
0 0.314603 8 
0 0.320187 8 
0 0.321937 8 
0 0.332943 8 
0 0.422515 8 
0 0.422733 8 
0 0.427118 8 
0 0.427867 8 
0 0.462652 8 
0 0.463707 8 
0 0.466797 8 
0 0.49482 8 
0 0.495231 8 
0 0.561382 8 
0 0.579829 8 
0 0.593944 8 
0 0.600597 8 
0 0.601054 8 
0 0.603 8 
0 0.607422 8 
0 0.610147 8 
0 0.611348 8 
0 0.635407 8 
0 0.637967 8 
0 0.640107 8 
0 0.641057 8 
0 0.641458 8 
0 0.641562 8 
0 0.643133 8 
0 0.647982 8 
0 0.678136 8 
0 0.683818 8 
0 0.699952 8 
0 0.699952 8 
0 0.702783 8 
0 0.703478 8 
0 0.724648 8 
0 0.733861 8 
0 0.756693 8 
0 0.765696 8 
0 0.770733 8 
0 0.787554 8 
0 0.789275 8 
0 0.789959 8 
0 0.790474 8 
0 0.821239 8 
0 0.824469 8 
0 0.824654 8 
0 0.859484 8 
0 0.861474 8 
0 0.983174 8 
0 0.986325 8 
0 1.05074 8 
0 1.15236 8 
0 1.15459 8 
0 1.17715 8 
0 1.19474 8 
0 1.2838 8 
0 1.28472 8 
0 1.29057 8 
0 1.42442 8 
0 1.59362 8 
0 1.63162 8 
0 1.69692 8 
0 1.71246 8 
0 1.99254 8 
0 inf 8 
0 0.024713 9 
0 0.0259212 9 
0 0.0358184 9 
0 0.0372086 9 
0 0.0396033 9 
0 0.0418485 9 
0 0.0490232 9 
0 0.0547161 9 
0 0.055639 9 
0 0.0572621 9 
0 0.0622058 9 
0 0.0633412 9 
0 0.0636587 9 
0 0.0647753 9 
0 0.0657097 9 
0 0.0763165 9 
0 0.0803525 9 
0 0.0892287 9 
0 0.0902621 9 
0 0.092375 9 
0 0.104947 9 
0 0.113633 9 
0 0.119058 9 
0 0.150699 9 
0 0.178119 9 
0 0.179724 9 
0 0.181741 9 
0 0.213858 9 
0 0.234804 9 
0 0.249833 9 
0 0.299959 9 
0 0.300873 9 
0 0.321967 9 
0 0.367771 9 
0 0.368656 9 
0 0.369317 9 
0 0.381825 9 
0 0.38628 9 
0 0.400859 9 
0 0.427535 9 
0 0.457917 9 
0 0.494137 9 
0 0.496637 9 
0 0.504246 9 
0 0.505214 9 
0 0.506905 9 
0 0.555675 9 
0 0.559182 9 
0 0.562577 9 
0 0.577134 9 
0 0.583033 9 
0 0.589148 9 
0 0.605424 9 
0 0.638295 9 
0 0.63949 9 
0 0.642552 9 
0 0.642552 9 
0 0.66447 9 
0 0.671417 9 
0 0.673263 9 
0 0.673376 9 
0 0.674843 9 
0 0.678597 9 
0 0.683398 9 
0 0.719124 9 
0 0.72188 9 
0 0.724414 9 
0 0.7249 9 
0 0.725042 9 
0 0.763553 9 
0 0.768856 9 
0 0.768995 9 
0 0.769709 9 
0 0.770384 9 
0 0.782472 9 
0 0.782537 9 
0 0.800296 9 
0 0.80488 9 
0 0.814413 9 
0 0.831935 9 
0 0.836293 9 
0 0.87399 9 
0 0.882471 9 
0 0.900424 9 
0 0.912343 9 
0 0.92059 9 
0 0.92059 9 
0 0.968891 9 
0 0.995416 9 
0 1.13931 9 
0 1.15415 9 
0 1.15447 9 
0 1.22954 9 
0 1.28441 9 
0 1.28643 9 
0 1.33847 9 
0 1.43368 9 
0 1.46154 9 
0 1.61488 9 
0 inf 9 
0 0.0340708 10 
0 0.0437558 10 
0 0.0444465 10 
0 0.0496396 10 
0 0.0508658 10 
0 0.052241 10 
0 0.0522452 10 
0 0.052824 10 
0 0.0568752 10 
0 0.0710635 10 
0 0.0738771 10 
0 0.0823498 10 
0 0.0828356 10 
0 0.0829665 10 
0 0.0928174 10 
0 0.102021 10 
0 0.147003 10 
0 0.155584 10 
0 0.17652 10 
0 0.180629 10 
0 0.19687 10 
0 0.215695 10 
0 0.243976 10 
0 0.244116 10 
0 0.251376 10 
0 0.268589 10 
0 0.29287 10 
0 0.306852 10 
0 0.3253 10 
0 0.355921 10 
0 0.358725 10 
0 0.358952 10 
0 0.366075 10 
0 0.401658 10 
0 0.420978 10 
0 0.423293 10 
0 0.433828 10 
0 0.439978 10 
0 0.443433 10 
0 0.458541 10 
0 0.466755 10 
0 0.478956 10 
0 0.48006 10 
0 0.504539 10 
0 0.534066 10 
0 0.535665 10 
0 0.561037 10 
0 0.567479 10 
0 0.570825 10 
0 0.599767 10 
0 0.600581 10 
0 0.610633 10 
0 0.61481 10 
0 0.614992 10 
0 0.640012 10 
0 0.641236 10 
0 0.65243 10 
0 0.659194 10 
0 0.661793 10 
0 0.662899 10 
0 0.664365 10 
0 0.667749 10 
0 0.681582 10 
0 0.724887 10 
0 0.737983 10 
0 0.748549 10 
0 0.758563 10 
0 0.770907 10 
0 0.771497 10 
0 0.772293 10 
0 0.785096 10 
0 0.785511 10 
0 0.812027 10 
0 0.873136 10 
0 0.894034 10 
0 0.894159 10 
0 0.8968 10 
0 0.993599 10 
0 0.993671 10 
0 1.01881 10 
0 1.02145 10 
0 1.02415 10 
0 1.10479 10 
0 1.12049 10 
0 1.15558 10 
0 1.15601 10 
0 1.27274 10 
0 1.2729 10 
0 1.28862 10 
0 1.29231 10 
0 1.43829 10 
0 1.58362 10 
0 1.60559 10 
0 2.00249 10 
0 2.00251 10 
0 inf 10 
0 0.0263206 11 
0 0.0541559 11 
0 0.0658254 11 
0 0.0666306 11 
0 0.0741482 11 
0 0.0782687 11 
0 0.0829681 11 
0 0.0857414 11 
0 0.0954172 11 
0 0.0974149 11 
0 0.101889 11 
0 0.112908 11 
0 0.124458 11 
0 0.148999 11 
0 0.19872 11 
0 0.209546 11 
0 0.217339 11 
0 0.235082 11 
0 0.240469 11 
0 0.247498 11 
0 0.24832 11 
0 0.254354 11 
0 0.258231 11 
0 0.293658 11 
0 0.302117 11 
0 0.317347 11 
0 0.344125 11 
0 0.355751 11 
0 0.37195 11 
0 0.374896 11 
0 0.381076 11 
0 0.38181 11 
0 0.382209 11 
0 0.405525 11 
0 0.40791 11 
0 0.419379 11 
0 0.425657 11 
0 0.428661 11 
0 0.429491 11 
0 0.461153 11 
0 0.479198 11 
0 0.501248 11 
0 0.502972 11 
0 0.529804 11 
0 0.532737 11 
0 0.568877 11 
0 0.569146 11 
0 0.593326 11 
0 0.601855 11 
0 0.602109 11 
0 0.607556 11 
0 0.629504 11 
0 0.63474 11 
0 0.662201 11 
0 0.663185 11 
0 0.663945 11 
0 0.668847 11 
0 0.671582 11 
0 0.672479 11 
0 0.691856 11 
0 0.727759 11 
0 0.742622 11 
0 0.752295 11 
0 0.75412 11 
0 0.775184 11 
0 0.775933 11 
0 0.77613 11 
0 0.781131 11 
0 0.783279 11 
0 0.825651 11 
0 0.825761 11 
0 0.910427 11 
0 0.935053 11 
0 0.939225 11 
0 0.943162 11 
0 0.944068 11 
0 1.14589 11 
0 1.15079 11 
0 1.15107 11 
0 1.27345 11 
0 1.28063 11 
0 1.29469 11 
0 1.34344 11 
0 1.34352 11 
0 1.34584 11 
0 1.4464 11 
0 1.4464 11 
0 1.46921 11 
0 1.57452 11 
0 1.96544 11 
0 1.96547 11 
0 inf 11 
0 0.0663274 12 
0 0.0787833 12 
0 0.0869197 12 
0 0.100077 12 
0 0.102213 12 
0 0.107361 12 
0 0.111545 12 
0 0.11155 12 
0 0.141321 12 
0 0.161395 12 
0 0.197804 12 
0 0.224532 12 
0 0.23487 12 
0 0.23848 12 
0 0.240499 12 
0 0.249223 12 
0 0.250168 12 
0 0.253565 12 
0 0.259997 12 
0 0.261045 12 
0 0.312402 12 
0 0.330629 12 
0 0.330966 12 
0 0.338992 12 
0 0.344534 12 
0 0.366401 12 
0 0.367733 12 
0 0.37319 12 
0 0.375602 12 
0 0.396946 12 
0 0.412102 12 
0 0.413804 12 
0 0.414187 12 
0 0.415047 12 
0 0.421922 12 
0 0.432299 12 
0 0.470257 12 
0 0.473227 12 
0 0.531868 12 
0 0.532174 12 
0 0.563392 12 
0 0.564205 12 
0 0.601115 12 
0 0.609557 12 
0 0.609891 12 
0 0.610025 12 
0 0.639853 12 
0 0.640963 12 
0 0.641725 12 
0 0.648939 12 
0 0.665367 12 
0 0.670627 12 
0 0.707667 12 
0 0.707739 12 
0 0.708875 12 
0 0.741113 12 
0 0.741388 12 
0 0.748426 12 
0 0.763872 12 
0 0.784578 12 
0 0.786133 12 
0 0.813599 12 
0 0.837576 12 
0 0.848465 12 
0 0.852058 12 
0 0.861295 12 
0 0.86211 12 
0 0.862145 12 
0 0.983277 12 
0 0.999955 12 
0 0.999996 12 
0 1.14089 12 
0 1.14093 12 
0 1.14095 12 
0 1.18806 12 
0 1.18929 12 
0 1.22413 12 
0 1.2425 12 
0 1.28098 12 
0 1.28712 12 
0 1.32828 12 
0 1.38449 12 
0 1.45378 12 
0 1.68527 12 
0 1.71158 12 
0 1.72901 12 
0 1.7292 12 
0 inf 12 
0 0.0813567 13 
0 0.0839426 13 
0 0.100283 13 
0 0.120331 13 
0 0.189604 13 
0 0.197742 13 
0 0.223191 13 
0 0.23331 13 
0 0.241037 13 
0 0.242991 13 
0 0.24632 13 
0 0.264368 13 
0 0.295255 13 
0 0.295496 13 
0 0.345055 13 
0 0.345409 13 
0 0.355428 13 
0 0.36097 13 
0 0.365457 13 
0 0.390411 13 
0 0.392742 13 
0 0.395223 13 
0 0.400038 13 
0 0.400547 13 
0 0.413979 13 
0 0.414962 13 
0 0.430017 13 
0 0.474629 13 
0 0.486559 13 
0 0.501923 13 
0 0.502227 13 
0 0.505018 13 
0 0.507331 13 
0 0.559637 13 
0 0.578976 13 
0 0.617251 13 
0 0.626706 13 
0 0.626999 13 
0 0.627048 13 
0 0.627674 13 
0 0.628565 13 
0 0.628644 13 
0 0.630393 13 
0 0.631487 13 
0 0.632134 13 
0 0.632858 13 
0 0.636067 13 
0 0.643848 13 
0 0.664142 13 
0 0.66714 13 
0 0.731055 13 
0 0.740034 13 
0 0.740034 13 
0 0.741286 13 
0 0.746455 13 
0 0.746455 13 
0 0.748906 13 
0 0.753283 13 
0 0.783005 13 
0 0.783161 13 
0 0.806477 13 
0 0.851039 13 
0 0.8515 13 
0 0.852504 13 
0 0.852755 13 
0 0.855155 13 
0 0.911962 13 
0 0.962413 13 
0 0.962487 13 
0 0.962994 13 
0 0.999334 13 
0 1.01782 13 
0 1.09169 13 
0 1.09188 13 
0 1.09415 13 
0 1.27485 13 
0 1.28142 13 
0 1.3661 13 
0 1.36673 13 
0 1.36755 13 
0 1.59761 13 
0 1.59847 13 
0 1.59853 13 
0 inf 13 
0 0.0688836 14 
0 0.074127 14 
0 0.0827216 14 
0 0.0861009 14 
0 0.0885462 14 
0 0.176232 14 
0 0.196619 14 
0 0.225076 14 
0 0.225686 14 
0 0.235439 14 
0 0.251881 14 
0 0.274987 14 
0 0.275558 14 
0 0.278462 14 
0 0.28148 14 
0 0.283103 14 
0 0.288273 14 
0 0.299657 14 
0 0.300608 14 
0 0.300913 14 
0 0.301824 14 
0 0.304589 14 
0 0.341209 14 
0 0.356371 14 
0 0.356778 14 
0 0.363255 14 
0 0.379589 14 
0 0.388052 14 
0 0.388131 14 
0 0.388917 14 
0 0.394502 14 
0 0.396998 14 
0 0.397178 14 
0 0.449407 14 
0 0.460758 14 
0 0.484098 14 
0 0.486616 14 
0 0.487348 14 
0 0.48787 14 
0 0.492975 14 
0 0.495095 14 
0 0.495774 14 
0 0.497869 14 
0 0.582572 14 
0 0.584038 14 
0 0.590953 14 
0 0.629795 14 
0 0.638722 14 
0 0.65882 14 
0 0.658959 14 
0 0.659376 14 
0 0.665429 14 
0 0.666212 14 
0 0.666667 14 
0 0.66987 14 
0 0.670235 14 
0 0.673203 14 
0 0.673445 14 
0 0.677019 14 
0 0.754633 14 
0 0.784199 14 
0 0.78451 14 
0 0.784679 14 
0 0.784681 14 
0 0.785698 14 
0 0.786332 14 
0 0.797941 14 
0 0.981461 14 
0 0.981617 14 
0 0.982415 14 
0 1.00987 14 
0 1.01052 14 
0 1.01269 14 
0 1.08941 14 
0 1.28926 14 
0 1.29325 14 
0 1.29401 14 
0 1.29446 14 
0 1.90052 14 
0 inf 14 
0 0.0382924 15 
0 0.0565427 15 
0 0.057969 15 
0 0.064905 15 
0 0.0769823 15 
0 0.123918 15 
0 0.194082 15 
0 0.219252 15 
0 0.221358 15 
0 0.239016 15 
0 0.243194 15 
0 0.254408 15 
0 0.256997 15 
0 0.258025 15 
0 0.264586 15 
0 0.272959 15 
0 0.275337 15 
0 0.276075 15 
0 0.291419 15 
0 0.29202 15 
0 0.292987 15 
0 0.293405 15 
0 0.293979 15 
0 0.302563 15 
0 0.323268 15 
0 0.35422 15 
0 0.354478 15 
0 0.355712 15 
0 0.356056 15 
0 0.358793 15 
0 0.390063 15 
0 0.390428 15 
0 0.390975 15 
0 0.392093 15 
0 0.392094 15 
0 0.427799 15 
0 0.429817 15 
0 0.430834 15 
0 0.451084 15 
0 0.46199 15 
0 0.488438 15 
0 0.594618 15 
0 0.646141 15 
0 0.653189 15 
0 0.657416 15 
0 0.657664 15 
0 0.672383 15 
0 0.686743 15 
0 0.761711 15 
0 0.793496 15 
0 0.818799 15 
0 0.823015 15 
0 0.823758 15 
0 0.823794 15 
0 0.82865 15 
0 0.853338 15 
0 0.975281 15 
0 0.981018 15 
0 0.98135 15 
0 1.00895 15 
0 1.01086 15 
0 1.01151 15 
0 1.10579 15 
0 1.10704 15 
0 1.10722 15 
0 1.2452 15 
0 1.24547 15 
0 1.2456 15 
0 1.29125 15 
0 1.56998 15 
0 1.57735 15 
0 1.57771 15 
0 1.99571 15 
0 1.99587 15 
0 1.99595 15 
0 inf 15 
0 0.0490182 16 
0 0.0502527 16 
0 0.0769536 16 
0 0.188279 16 
0 0.232902 16 
0 0.2379 16 
0 0.276847 16 
0 0.27714 16 
0 0.277898 16 
0 0.279524 16 
0 0.280246 16 
0 0.281551 16 
0 0.283343 16 
0 0.283665 16 
0 0.28474 16 
0 0.318538 16 
0 0.329753 16 
0 0.331232 16 
0 0.331324 16 
0 0.3403 16 
0 0.341257 16 
0 0.344731 16 
0 0.354364 16 
0 0.358734 16 
0 0.362209 16 
0 0.362546 16 
0 0.373318 16 
0 0.39087 16 
0 0.391157 16 
0 0.391158 16 
0 0.391158 16 
0 0.391652 16 
0 0.394141 16 
0 0.394321 16 
0 0.395017 16 
0 0.395182 16 
0 0.428704 16 
0 0.560215 16 
0 0.563261 16 
0 0.564994 16 
0 0.568129 16 
0 0.646094 16 
0 0.682472 16 
0 0.694673 16 
0 0.694747 16 
0 0.69504 16 
0 0.773819 16 
0 0.788565 16 
0 0.801371 16 
0 0.881373 16 
0 0.917456 16 
0 0.959784 16 
0 0.960834 16 
0 0.961247 16 
0 0.991009 16 
0 0.993637 16 
0 0.993719 16 
0 1.04212 16 
0 1.14574 16 
0 1.14582 16 
0 1.146 16 
0 1.24608 16 
0 1.25983 16 
0 1.26022 16 
0 1.28973 16 
0 1.47549 16 
0 1.47574 16 
0 1.47791 16 
0 1.95504 16 
0 1.95737 16 
0 1.95752 16 
0 inf 16 
0 0.0728807 17 
0 0.0728807 17 
0 0.0746751 17 
0 0.0746775 17 
0 0.227237 17 
0 0.227238 17 
0 0.244006 17 
0 0.249669 17 
0 0.270108 17 
0 0.270221 17 
0 0.270222 17 
0 0.270297 17 
0 0.340749 17 
0 0.341017 17 
0 0.342419 17 
0 0.342745 17 
0 0.354679 17 
0 0.355282 17 
0 0.356913 17 
0 0.357113 17 
0 0.359366 17 
0 0.359479 17 
0 0.361175 17 
0 0.365464 17 
0 0.390454 17 
0 0.390585 17 
0 0.393571 17 
0 0.393571 17 
0 0.399529 17 
0 0.399529 17 
0 0.403258 17 
0 0.403258 17 
0 0.413885 17 
0 0.557285 17 
0 0.643675 17 
0 0.664305 17 
0 0.695624 17 
0 0.698895 17 
0 0.699289 17 
0 0.70038 17 
0 0.784538 17 
0 0.802635 17 
0 0.802673 17 
0 0.803192 17 
0 0.81213 17 
0 0.84329 17 
0 0.845316 17 
0 0.845316 17 
0 0.956866 17 
0 0.962426 17 
0 0.962638 17 
0 1.00016 17 
0 1.00439 17 
0 1.00475 17 
0 1.10259 17 
0 1.10774 17 
0 1.10789 17 
0 1.27334 17 
0 1.2735 17 
0 1.27663 17 
0 1.3029 17 
0 1.36131 17 
0 1.4227 17 
0 1.58489 17 
0 1.58514 17 
0 1.58578 17 
0 1.59363 17 
0 inf 17 
0 0.0658275 18 
0 0.0706046 18 
0 0.0738472 18 
0 0.161749 18 
0 0.162941 18 
0 0.164495 18 
0 0.210098 18 
0 0.211065 18 
0 0.212638 18 
0 0.228265 18 
0 0.228829 18 
0 0.235106 18 
0 0.258716 18 
0 0.25899 18 
0 0.259344 18 
0 0.355589 18 
0 0.356047 18 
0 0.358783 18 
0 0.359237 18 
0 0.363442 18 
0 0.364114 18 
0 0.364115 18 
0 0.364422 18 
0 0.389148 18 
0 0.389698 18 
0 0.391262 18 
0 0.391262 18 
0 0.393856 18 
0 0.394295 18 
0 0.394501 18 
0 0.394527 18 
0 0.674472 18 
0 0.698619 18 
0 0.70724 18 
0 0.707542 18 
0 0.718055 18 
0 0.723325 18 
0 0.723607 18 
0 0.725953 18 
0 0.800996 18 
0 0.804763 18 
0 0.805167 18 
0 0.806494 18 
0 0.823359 18 
0 0.82347 18 
0 0.823507 18 
0 0.962097 18 
0 0.964168 18 
0 0.974882 18 
0 1.01189 18 
0 1.01551 18 
0 1.01616 18 
0 1.04347 18 
0 1.06342 18 
0 1.07258 18 
0 1.11103 18 
0 1.33708 18 
0 1.34305 18 
0 1.35887 18 
0 1.36537 18 
0 1.36637 18 
0 1.36965 18 
0 1.60914 18 
0 inf 18 
0 0.0345999 19 
0 0.0346005 19 
0 0.0379717 19 
0 0.140307 19 
0 0.142182 19 
0 0.142253 19 
0 0.213559 19 
0 0.21451 19 
0 0.215835 19 
0 0.241534 19 
0 0.241829 19 
0 0.243988 19 
0 0.247653 19 
0 0.250943 19 
0 0.251877 19 
0 0.358705 19 
0 0.359301 19 
0 0.360433 19 
0 0.390499 19 
0 0.391826 19 
0 0.392372 19 
0 0.468773 19 
0 0.469554 19 
0 0.470745 19 
0 0.489415 19 
0 0.492401 19 
0 0.494877 19 
0 0.605407 19 
0 0.606667 19 
0 0.606751 19 
0 0.645361 19 
0 0.645535 19 
0 0.647457 19 
0 0.714122 19 
0 0.715003 19 
0 0.719577 19 
0 0.720369 19 
0 0.72092 19 
0 0.729021 19 
0 0.731267 19 
0 0.799134 19 
0 0.800255 19 
0 0.802694 19 
0 0.841398 19 
0 0.905678 19 
0 0.935527 19 
0 0.943611 19 
0 0.969292 19 
0 0.971307 19 
0 0.97743 19 
0 0.979772 19 
0 1.03927 19 
0 1.0405 19 
0 1.04112 19 
0 1.09058 19 
0 1.12129 19 
0 1.38441 19 
0 1.39695 19 
0 1.39706 19 
0 inf 19 
0 0.0429994 20 
0 0.0448543 20 
0 0.0455309 20 
0 0.14074 20 
0 0.14218 20 
0 0.143533 20 
0 0.210486 20 
0 0.211018 20 
0 0.211211 20 
0 0.257631 20 
0 0.259403 20 
0 0.260461 20 
0 0.275266 20 
0 0.275266 20 
0 0.281123 20 
0 0.324298 20 
0 0.326956 20 
0 0.327577 20 
0 0.403778 20 
0 0.406593 20 
0 0.410442 20 
0 0.437471 20 
0 0.440717 20 
0 0.457717 20 
0 0.458472 20 
0 0.458939 20 
0 0.565376 20 
0 0.570397 20 
0 0.570451 20 
0 0.5877 20 
0 0.607841 20 
0 0.609497 20 
0 0.610861 20 
0 0.611499 20 
0 0.620872 20 
0 0.635491 20 
0 0.635492 20 
0 0.642793 20 
0 0.724592 20 
0 0.736243 20 
0 0.736685 20 
0 0.771986 20 
0 0.771986 20 
0 0.811714 20 
0 0.811977 20 
0 0.943988 20 
0 1.09687 20 
0 1.09772 20 
0 1.11961 20 
0 1.12002 20 
0 1.28383 20 
0 1.41707 20 
0 1.43497 20 
0 1.43625 20 
0 2.00269 20 
0 inf 20 
