0 0.0198566 1 
0 0.0202498 1 
0 0.0238273 1 
0 0.0251164 1 
0 0.0263421 1 
0 0.0280764 1 
0 0.0297184 1 
0 0.0297187 1 
0 0.0297253 1 
0 0.0302425 1 
0 0.0307618 1 
0 0.0310151 1 
0 0.03102 1 
0 0.031521 1 
0 0.0332258 1 
0 0.0332269 1 
0 0.0336976 1 
0 0.0337 1 
0 0.0339301 1 
0 0.0346234 1 
0 0.036397 1 
0 0.0366124 1 
0 0.0370383 1 
0 0.0372526 1 
0 0.0376733 1 
0 0.0378881 1 
0 0.038091 1 
0 0.0380941 1 
0 0.0393121 1 
0 0.0397124 1 
0 0.039717 1 
0 0.03991 1 
0 0.040296 1 
0 0.0404988 1 
0 0.0406936 1 
0 0.0416508 1 
0 0.0427725 1 
0 0.0436845 1 
0 0.0445747 1 
0 0.0445775 1 
0 0.0445778 1 
0 0.0452764 1 
0 0.0457988 1 
0 0.046313 1 
0 0.0464817 1 
0 0.0479846 1 
0 0.0481489 1 
0 0.0491217 1 
0 0.0499085 1 
0 0.0499188 1 
0 0.0500759 1 
0 0.0505432 1 
0 0.0505448 1 
0 0.0511662 1 
0 0.0513223 1 
0 0.0534243 1 
0 0.0535751 1 
0 0.0535753 1 
0 0.053869 1 
0 0.0541568 1 
0 0.054305 1 
0 0.0547285 1 
0 0.0562943 1 
0 0.0567225 1 
0 0.0622833 1 
0 0.0624145 1 
0 0.0626656 1 
0 0.0627889 1 
0 0.0634118 1 
0 0.0637857 1 
0 0.0657355 1 
0 0.0666867 1 
0 0.0666927 1 
0 0.0680911 1 
0 0.0687803 1 
0 0.0695789 1 
0 0.0698033 1 
0 0.0699184 1 
0 0.0711507 1 
0 0.074299 1 
0 0.0747185 1 
0 0.075139 1 
0 0.0860973 1 
0 0.0965421 1 
0 0.0989633 1 
0 0.0997584 1 
0 0.104545 1 
0 0.108398 1 
0 0.124324 1 
0 0.125397 1 
0 0.128501 1 
0 0.140576 1 
0 0.145098 1 
0 0.168159 1 
0 0.172834 1 
0 0.182768 1 
0 0.185717 1 
0 0.192927 1 
0 0.201912 1 
0 0.250819 1 
0 0.264948 1 
0 0.303719 1 
0 0.367816 1 
0 0.377464 1 
0 0.446351 1 
0 0.5388 1 
0 0.552242 1 
0 0.560864 1 
0 0.581835 1 
0 0.611317 1 
0 0.655213 1 
0 0.662815 1 
0 0.680013 1 
0 0.69126 1 
0 0.781041 1 
0 0.797205 1 
0 0.851223 1 
0 0.855462 1 
0 0.995716 1 
0 1.00665 1 
0 1.0926 1 
0 1.36269 1 
0 1.48631 1 
0 1.73576 1 
0 2.40696 1 
0 2.65504 1 
0 3.48778 1 
0 3.59526 1 
0 4.41688 1 
0 4.43545 1 
0 4.46003 1 
0 inf 1 
0 0.0112324 2 
0 0.0112331 2 
0 0.0194551 2 
0 0.0241611 2 
0 0.0251215 2 
0 0.0251215 2 
0 0.0257393 2 
0 0.0275208 2 
0 0.0277943 2 
0 0.0277943 2 
0 0.028637 2 
0 0.028637 2 
0 0.0286389 2 
0 0.0307616 2 
0 0.0312738 2 
0 0.0317707 2 
0 0.0359608 2 
0 0.0359608 2 
0 0.0366149 2 
0 0.0378808 2 
0 0.0385015 2 
0 0.0401079 2 
0 0.0403049 2 
0 0.040498 2 
0 0.0408873 2 
0 0.0414615 2 
0 0.0440434 2 
0 0.0451029 2 
0 0.0452799 2 
0 0.0457987 2 
0 0.0463081 2 
0 0.0466515 2 
0 0.047153 2 
0 0.0471565 2 
0 0.0474902 2 
0 0.0479813 2 
0 0.0487996 2 
0 0.0487996 2 
0 0.0488021 2 
0 0.0496016 2 
0 0.0505464 2 
0 0.0543087 2 
0 0.0543087 2 
0 0.0547403 2 
0 0.0548853 2 
0 0.056444 2 
0 0.0568598 2 
0 0.0572747 2 
0 0.0578226 2 
0 0.0616542 2 
0 0.0626582 2 
0 0.062662 2 
0 0.0657363 2 
0 0.0658531 2 
0 0.0660963 2 
0 0.0666843 2 
0 0.0669191 2 
0 0.0669268 2 
0 0.0673981 2 
0 0.0690145 2 
0 0.0695789 2 
0 0.0714834 2 
0 0.072034 2 
0 0.0821578 2 
0 0.0822502 2 
0 0.082543 2 
0 0.0827332 2 
0 0.0829261 2 
0 0.0854568 2 
0 0.0868213 2 
0 0.0906457 2 
0 0.0932196 2 
0 0.096791 2 
0 0.0973581 2 
0 0.115579 2 
0 0.116937 2 
0 0.119141 2 
0 0.122595 2 
0 0.139957 2 
0 0.159741 2 
0 0.171638 2 
0 0.176487 2 
0 0.178045 2 
0 0.179761 2 
0 0.186605 2 
0 0.190618 2 
0 0.19149 2 
0 0.21986 2 
0 0.222322 2 
0 0.244194 2 
0 0.331054 2 
0 0.344709 2 
0 0.356165 2 
0 0.448906 2 
0 0.451908 2 
0 0.482077 2 
0 0.536974 2 
0 0.545945 2 
0 0.567683 2 
0 0.583521 2 
0 0.624771 2 
0 0.662025 2 
0 0.708083 2 
0 0.75182 2 
0 0.754775 2 
0 0.782869 2 
0 0.802882 2 
0 0.816126 2 
0 0.826621 2 
0 0.827072 2 
0 0.827308 2 
0 0.84159 2 
0 0.858316 2 
0 0.862787 2 
0 0.862942 2 
0 1.28577 2 
0 1.71028 2 
0 2.03773 2 
0 3.00189 2 
0 3.05119 2 
0 3.20675 2 
0 3.24122 2 
0 3.34546 2 
0 3.44776 2 
0 3.45409 2 
0 3.67912 2 
0 3.75401 2 
0 inf 2 
0 0.0213884 3 
0 0.0213891 3 
0 0.0244889 3 
0 0.0251161 3 
0 0.0275136 3 
0 0.028637 3 
0 0.0291898 3 
0 0.0302442 3 
0 0.0317705 3 
0 0.0317707 3 
0 0.0317707 3 
0 0.0320173 3 
0 0.0359675 3 
0 0.0361829 3 
0 0.0363981 3 
0 0.0368281 3 
0 0.0374646 3 
0 0.037465 3 
0 0.0378832 3 
0 0.0382975 3 
0 0.0393153 3 
0 0.0393162 3 
0 0.0403098 3 
0 0.0416492 3 
0 0.0427724 3 
0 0.0444002 3 
0 0.045279 3 
0 0.0463106 3 
0 0.0466489 3 
0 0.0499165 3 
0 0.050544 3 
0 0.0510065 3 
0 0.0517793 3 
0 0.0526793 3 
0 0.0535682 3 
0 0.0537151 3 
0 0.0551736 3 
0 0.0565771 3 
0 0.0575439 3 
0 0.0575529 3 
0 0.0593022 3 
0 0.0596995 3 
0 0.0599589 3 
0 0.0612682 3 
0 0.0642857 3 
0 0.0670457 3 
0 0.0692431 3 
0 0.0701472 3 
0 0.0703695 3 
0 0.0715956 3 
0 0.0765952 3 
0 0.0807065 3 
0 0.0861825 3 
0 0.0888029 3 
0 0.0895975 3 
0 0.0914258 3 
0 0.100942 3 
0 0.102255 3 
0 0.105966 3 
0 0.109769 3 
0 0.112044 3 
0 0.115236 3 
0 0.119799 3 
0 0.121628 3 
0 0.121628 3 
0 0.122339 3 
0 0.127392 3 
0 0.137568 3 
0 0.143626 3 
0 0.144173 3 
0 0.14461 3 
0 0.145641 3 
0 0.155946 3 
0 0.1564 3 
0 0.195725 3 
0 0.208105 3 
0 0.239534 3 
0 0.246029 3 
0 0.261567 3 
0 0.327608 3 
0 0.334871 3 
0 0.388598 3 
0 0.401806 3 
0 0.41807 3 
0 0.443978 3 
0 0.463443 3 
0 0.476275 3 
0 0.477482 3 
0 0.483897 3 
0 0.546647 3 
0 0.585836 3 
0 0.646636 3 
0 0.665933 3 
0 0.676133 3 
0 0.687087 3 
0 0.690293 3 
0 0.693817 3 
0 0.695555 3 
0 0.742427 3 
0 0.76384 3 
0 0.766193 3 
0 0.768034 3 
0 0.77066 3 
0 0.772112 3 
0 0.773688 3 
0 0.792373 3 
0 0.866744 3 
0 1.27488 3 
0 1.34874 3 
0 1.65538 3 
0 1.90912 3 
0 2.31469 3 
0 2.34649 3 
0 2.45876 3 
0 2.45932 3 
0 2.45966 3 
0 2.59738 3 
0 2.60417 3 
0 2.60425 3 
0 3.05886 3 
0 3.45043 3 
0 3.60056 3 
0 3.6067 3 
0 inf 3 
0 0.0194555 4 
0 0.0221166 4 
0 0.0291862 4 
0 0.029187 4 
0 0.0307614 4 
0 0.0312747 4 
0 0.0327498 4 
0 0.0339307 4 
0 0.034848 4 
0 0.0368324 4 
0 0.0393104 4 
0 0.0395135 4 
0 0.039912 4 
0 0.0414621 4 
0 0.0429588 4 
0 0.0435032 4 
0 0.0436827 4 
0 0.0440421 4 
0 0.0449216 4 
0 0.0449296 4 
0 0.0451008 4 
0 0.0463127 4 
0 0.0471568 4 
0 0.047158 4 
0 0.0474868 4 
0 0.0492785 4 
0 0.0503948 4 
0 0.0528347 4 
0 0.0534295 4 
0 0.0541552 4 
0 0.0551696 4 
0 0.0558824 4 
0 0.0563083 4 
0 0.0583658 4 
0 0.0611375 4 
0 0.0613909 4 
0 0.0636574 4 
0 0.0645196 4 
0 0.0669155 4 
0 0.0675018 4 
0 0.0680931 4 
0 0.0718137 4 
0 0.0798241 4 
0 0.0803175 4 
0 0.0822538 4 
0 0.0832044 4 
0 0.0840533 4 
0 0.0849926 4 
0 0.0854484 4 
0 0.0877261 4 
0 0.0922013 4 
0 0.0958866 4 
0 0.103938 4 
0 0.10507 4 
0 0.105892 4 
0 0.105966 4 
0 0.107371 4 
0 0.107815 4 
0 0.109408 4 
0 0.109913 4 
0 0.116937 4 
0 0.128007 4 
0 0.133496 4 
0 0.147152 4 
0 0.152467 4 
0 0.282327 4 
0 0.31076 4 
0 0.31424 4 
0 0.324512 4 
0 0.370371 4 
0 0.379529 4 
0 0.379695 4 
0 0.399001 4 
0 0.415316 4 
0 0.4281 4 
0 0.452413 4 
0 0.508215 4 
0 0.526766 4 
0 0.579952 4 
0 0.582489 4 
0 0.593061 4 
0 0.616685 4 
0 0.626387 4 
0 0.63683 4 
0 0.646829 4 
0 0.656151 4 
0 0.658115 4 
0 0.666962 4 
0 0.672109 4 
0 0.682425 4 
0 0.691345 4 
0 0.703435 4 
0 0.709507 4 
0 0.727661 4 
0 0.735111 4 
0 0.744702 4 
0 0.759002 4 
0 0.769635 4 
0 0.785565 4 
0 0.884923 4 
0 1.14816 4 
0 1.27351 4 
0 1.3189 4 
0 1.32496 4 
0 1.33094 4 
0 1.34595 4 
0 1.4208 4 
0 1.43525 4 
0 1.43525 4 
0 1.43538 4 
0 1.49045 4 
0 2.06333 4 
0 2.07879 4 
0 2.12849 4 
0 2.21668 4 
0 2.23021 4 
0 2.42192 4 
0 2.42321 4 
0 2.42415 4 
0 inf 4 
0 0.0257372 5 
0 0.0280792 5 
0 0.0280848 5 
0 0.0291802 5 
0 0.0291854 5 
0 0.0302412 5 
0 0.0310197 5 
0 0.0334646 5 
0 0.0366154 5 
0 0.0403065 5 
0 0.042028 5 
0 0.0431405 5 
0 0.0433224 5 
0 0.0438604 5 
0 0.0461411 5 
0 0.0468189 5 
0 0.0484756 5 
0 0.0486383 5 
0 0.0492812 5 
0 0.0503935 5 
0 0.0505429 5 
0 0.0505432 5 
0 0.0505453 5 
0 0.0519244 5 
0 0.0525317 5 
0 0.0545941 5 
0 0.0575453 5 
0 0.0645258 5 
0 0.0648918 5 
0 0.066571 5 
0 0.0685496 5 
0 0.0693612 5 
0 0.0747197 5 
0 0.0752516 5 
0 0.0752525 5 
0 0.0768083 5 
0 0.0771122 5 
0 0.0784246 5 
0 0.0790276 5 
0 0.0795253 5 
0 0.0802173 5 
0 0.0822477 5 
0 0.08535 5 
0 0.0870936 5 
0 0.0883509 5 
0 0.0902944 5 
0 0.0913391 5 
0 0.0934733 5 
0 0.0952291 5 
0 0.0971948 5 
0 0.100621 5 
0 0.101171 5 
0 0.107956 5 
0 0.122918 5 
0 0.124006 5 
0 0.136705 5 
0 0.141968 5 
0 0.319837 5 
0 0.342427 5 
0 0.352469 5 
0 0.387307 5 
0 0.419168 5 
0 0.419956 5 
0 0.428408 5 
0 0.43546 5 
0 0.43546 5 
0 0.462934 5 
0 0.514742 5 
0 0.533794 5 
0 0.53616 5 
0 0.541079 5 
0 0.545708 5 
0 0.556801 5 
0 0.559443 5 
0 0.574569 5 
0 0.607018 5 
0 0.619285 5 
0 0.622125 5 
0 0.637154 5 
0 0.648343 5 
0 0.651255 5 
0 0.669136 5 
0 0.670908 5 
0 0.68327 5 
0 0.683685 5 
0 0.699553 5 
0 0.708069 5 
0 0.708069 5 
0 0.736585 5 
0 0.793218 5 
0 0.810529 5 
0 0.867254 5 
0 0.895029 5 
0 1.03249 5 
0 1.03822 5 
0 1.15133 5 
0 1.24737 5 
0 1.25103 5 
0 1.30912 5 
0 1.54532 5 
0 1.54781 5 
0 1.54911 5 
0 1.55048 5 
0 1.55698 5 
0 1.57529 5 
0 1.57577 5 
0 1.58027 5 
0 2.0444 5 
0 2.04463 5 
0 2.07426 5 
0 2.07542 5 
0 2.07987 5 
0 2.08059 5 
0 2.08327 5 
0 2.10501 5 
0 inf 5 
0 0.0202537 6 
0 0.0299796 6 
0 0.0359637 6 
0 0.0389105 6 
0 0.039901 6 
0 0.039903 6 
0 0.0429588 6 
0 0.0444024 6 
0 0.045102 6 
0 0.0471566 6 
0 0.0476567 6 
0 0.047658 6 
0 0.0476585 6 
0 0.0488013 6 
0 0.0526876 6 
0 0.0529847 6 
0 0.0537251 6 
0 0.0565828 6 
0 0.0591654 6 
0 0.0607424 6 
0 0.0607445 6 
0 0.060745 6 
0 0.0617772 6 
0 0.0621623 6 
0 0.0627839 6 
0 0.0650094 6 
0 0.0651336 6 
0 0.065738 6 
0 0.0721429 6 
0 0.0761844 6 
0 0.0797225 6 
0 0.079725 6 
0 0.0802169 6 
0 0.0805113 6 
0 0.0839588 6 
0 0.0900361 6 
0 0.0910801 6 
0 0.099683 6 
0 0.104243 6 
0 0.10905 6 
0 0.111342 6 
0 0.112399 6 
0 0.114686 6 
0 0.119797 6 
0 0.121107 6 
0 0.132309 6 
0 0.142134 6 
0 0.144393 6 
0 0.190455 6 
0 0.235754 6 
0 0.307751 6 
0 0.322268 6 
0 0.322488 6 
0 0.35361 6 
0 0.425274 6 
0 0.425903 6 
0 0.426237 6 
0 0.426459 6 
0 0.442156 6 
0 0.464984 6 
0 0.46693 6 
0 0.467217 6 
0 0.470863 6 
0 0.47099 6 
0 0.516593 6 
0 0.522505 6 
0 0.526295 6 
0 0.528313 6 
0 0.568294 6 
0 0.569857 6 
0 0.608237 6 
0 0.61196 6 
0 0.612795 6 
0 0.615775 6 
0 0.617463 6 
0 0.625005 6 
0 0.651155 6 
0 0.65245 6 
0 0.653416 6 
0 0.705306 6 
0 0.722929 6 
0 0.724139 6 
0 0.726976 6 
0 0.739482 6 
0 0.799 6 
0 0.865187 6 
0 0.925217 6 
0 1.13046 6 
0 1.1337 6 
0 1.13417 6 
0 1.13464 6 
0 1.16149 6 
0 1.16244 6 
0 1.16926 6 
0 1.1813 6 
0 1.18904 6 
0 1.30688 6 
0 1.34778 6 
0 1.34923 6 
0 1.35297 6 
0 1.36603 6 
0 1.36691 6 
0 1.42591 6 
0 1.53302 6 
0 1.53316 6 
0 1.53364 6 
0 1.544 6 
0 1.6839 6 
0 1.85269 6 
0 1.86051 6 
0 1.95879 6 
0 inf 6 
0 0.0322559 7 
0 0.0339262 7 
0 0.0378846 7 
0 0.0391149 7 
0 0.0429567 7 
0 0.0484727 7 
0 0.0517872 7 
0 0.0519336 7 
0 0.0543049 7 
0 0.0543091 7 
0 0.0565778 7 
0 0.0571322 7 
0 0.0571349 7 
0 0.057137 7 
0 0.058638 7 
0 0.0608777 7 
0 0.0616552 7 
0 0.061912 7 
0 0.0671635 7 
0 0.068324 7 
0 0.0709222 7 
0 0.0711503 7 
0 0.0712551 7 
0 0.0720317 7 
0 0.0731125 7 
0 0.0738694 7 
0 0.0738695 7 
0 0.0762858 7 
0 0.0780257 7 
0 0.0781257 7 
0 0.0795273 7 
0 0.0821599 7 
0 0.0865547 7 
0 0.0875502 7 
0 0.0888914 7 
0 0.0951453 7 
0 0.111548 7 
0 0.111619 7 
0 0.134682 7 
0 0.138427 7 
0 0.149331 7 
0 0.152208 7 
0 0.154888 7 
0 0.269759 7 
0 0.275315 7 
0 0.280001 7 
0 0.305721 7 
0 0.32587 7 
0 0.382346 7 
0 0.402454 7 
0 0.414628 7 
0 0.415237 7 
0 0.42007 7 
0 0.423578 7 
0 0.426716 7 
0 0.42736 7 
0 0.430888 7 
0 0.498192 7 
0 0.498737 7 
0 0.522458 7 
0 0.523182 7 
0 0.53816 7 
0 0.543148 7 
0 0.568527 7 
0 0.590871 7 
0 0.591671 7 
0 0.593467 7 
0 0.611351 7 
0 0.641629 7 
0 0.667015 7 
0 0.674258 7 
0 0.675204 7 
0 0.694132 7 
0 0.707149 7 
0 0.708469 7 
0 0.708469 7 
0 0.762141 7 
0 0.77518 7 
0 0.794026 7 
0 0.868988 7 
0 1.02005 7 
0 1.04932 7 
0 1.05251 7 
0 1.13181 7 
0 1.13376 7 
0 1.13412 7 
0 1.1362 7 
0 1.13795 7 
0 1.14253 7 
0 1.15396 7 
0 1.15417 7 
0 1.15632 7 
0 1.16175 7 
0 1.16599 7 
0 1.18442 7 
0 1.18912 7 
0 1.20812 7 
0 1.23065 7 
0 1.23178 7 
0 1.24469 7 
0 1.39836 7 
0 1.45845 7 
0 1.63734 7 
0 1.64789 7 
0 1.64803 7 
0 1.64853 7 
0 1.67826 7 
0 inf 7 
0 0.0322642 8 
0 0.041656 8 
0 0.0420282 8 
0 0.0459663 8 
0 0.0471529 8 
0 0.0486408 8 
0 0.05116 8 
0 0.0520832 8 
0 0.0529854 8 
0 0.0561661 8 
0 0.0565801 8 
0 0.0576855 8 
0 0.0579631 8 
0 0.0580975 8 
0 0.0595679 8 
0 0.0608766 8 
0 0.0639099 8 
0 0.0672797 8 
0 0.0766973 8 
0 0.0794214 8 
0 0.0795254 8 
0 0.0838683 8 
0 0.0931368 8 
0 0.0943981 8 
0 0.0977632 8 
0 0.105369 8 
0 0.10956 8 
0 0.112324 8 
0 0.113374 8 
0 0.115645 8 
0 0.128864 8 
0 0.143184 8 
0 0.147793 8 
0 0.160281 8 
0 0.218925 8 
0 0.222674 8 
0 0.237422 8 
0 0.253822 8 
0 0.277262 8 
0 0.298482 8 
0 0.300509 8 
0 0.30346 8 
0 0.323734 8 
0 0.357913 8 
0 0.361187 8 
0 0.366427 8 
0 0.387756 8 
0 0.413156 8 
0 0.424917 8 
0 0.424991 8 
0 0.42692 8 
0 0.499709 8 
0 0.551614 8 
0 0.571387 8 
0 0.572218 8 
0 0.572908 8 
0 0.573316 8 
0 0.574722 8 
0 0.578224 8 
0 0.608871 8 
0 0.657615 8 
0 0.65977 8 
0 0.65995 8 
0 0.686037 8 
0 0.688871 8 
0 0.692809 8 
0 0.692944 8 
0 0.762086 8 
0 0.765914 8 
0 0.771223 8 
0 0.781461 8 
0 0.790943 8 
0 0.793324 8 
0 0.805315 8 
0 0.823555 8 
0 0.879571 8 
0 0.90637 8 
0 0.906509 8 
0 0.908144 8 
0 0.908292 8 
0 0.920198 8 
0 0.982343 8 
0 1.12988 8 
0 1.13169 8 
0 1.13172 8 
0 1.1511 8 
0 1.15236 8 
0 1.15507 8 
0 1.17584 8 
0 1.18419 8 
0 1.23342 8 
0 1.26796 8 
0 1.26803 8 
0 1.27109 8 
0 1.28034 8 
0 1.2969 8 
0 1.30543 8 
0 1.30954 8 
0 1.32002 8 
0 1.33503 8 
0 1.72155 8 
0 1.76757 8 
0 1.9789 8 
0 inf 8 
0 0.0376782 9 
0 0.043142 9 
0 0.0433188 9 
0 0.0442279 9 
0 0.0513169 9 
0 0.0525331 9 
0 0.0532747 9 
0 0.0553152 9 
0 0.0561627 9 
0 0.0591705 9 
0 0.0596981 9 
0 0.060752 9 
0 0.0622888 9 
0 0.0634147 9 
0 0.0680947 9 
0 0.0769005 9 
0 0.0776196 9 
0 0.0886247 9 
0 0.0895931 9 
0 0.0971145 9 
0 0.0996783 9 
0 0.126955 9 
0 0.132549 9 
0 0.141745 9 
0 0.161557 9 
0 0.164363 9 
0 0.164602 9 
0 0.181898 9 
0 0.199396 9 
0 0.220469 9 
0 0.237385 9 
0 0.25534 9 
0 0.257799 9 
0 0.293584 9 
0 0.328374 9 
0 0.328567 9 
0 0.329287 9 
0 0.332792 9 
0 0.333549 9 
0 0.338515 9 
0 0.429737 9 
0 0.472635 9 
0 0.479852 9 
0 0.480887 9 
0 0.482065 9 
0 0.4821 9 
0 0.484025 9 
0 0.541056 9 
0 0.544412 9 
0 0.54805 9 
0 0.549051 9 
0 0.549453 9 
0 0.572851 9 
0 0.609724 9 
0 0.651962 9 
0 0.653895 9 
0 0.666129 9 
0 0.670088 9 
0 0.674779 9 
0 0.706799 9 
0 0.727421 9 
0 0.737497 9 
0 0.74422 9 
0 0.744898 9 
0 0.766496 9 
0 0.768227 9 
0 0.768766 9 
0 0.775246 9 
0 0.777522 9 
0 0.86371 9 
0 0.870776 9 
0 0.872972 9 
0 0.874416 9 
0 0.884237 9 
0 0.915779 9 
0 0.916011 9 
0 0.924543 9 
0 0.929316 9 
0 0.967308 9 
0 1.00852 9 
0 1.00982 9 
0 1.08876 9 
0 1.11269 9 
0 1.13228 9 
0 1.13317 9 
0 1.1374 9 
0 1.15167 9 
0 1.15324 9 
0 1.15436 9 
0 1.15686 9 
0 1.181 9 
0 1.25959 9 
0 1.26762 9 
0 1.27168 9 
0 1.27196 9 
0 1.28344 9 
0 1.2838 9 
0 1.30988 9 
0 1.31134 9 
0 inf 9 
0 0.0302454 10 
0 0.0399102 10 
0 0.0414572 10 
0 0.0486389 10 
0 0.0511678 10 
0 0.060232 10 
0 0.0671591 10 
0 0.0684404 10 
0 0.069474 10 
0 0.0701428 10 
0 0.0712565 10 
0 0.0729028 10 
0 0.0899437 10 
0 0.0924531 10 
0 0.0963808 10 
0 0.119861 10 
0 0.119927 10 
0 0.122724 10 
0 0.136242 10 
0 0.138542 10 
0 0.179805 10 
0 0.207801 10 
0 0.210759 10 
0 0.218929 10 
0 0.225319 10 
0 0.25725 10 
0 0.267026 10 
0 0.284285 10 
0 0.285855 10 
0 0.291508 10 
0 0.300402 10 
0 0.317934 10 
0 0.320602 10 
0 0.321337 10 
0 0.344133 10 
0 0.347478 10 
0 0.374939 10 
0 0.380202 10 
0 0.399078 10 
0 0.400701 10 
0 0.426128 10 
0 0.432754 10 
0 0.459891 10 
0 0.462405 10 
0 0.507061 10 
0 0.507481 10 
0 0.529245 10 
0 0.529558 10 
0 0.53591 10 
0 0.540832 10 
0 0.552524 10 
0 0.574527 10 
0 0.608961 10 
0 0.639401 10 
0 0.639401 10 
0 0.649238 10 
0 0.650208 10 
0 0.717402 10 
0 0.732754 10 
0 0.738519 10 
0 0.742735 10 
0 0.776927 10 
0 0.781632 10 
0 0.791735 10 
0 0.807674 10 
0 0.865634 10 
0 0.867635 10 
0 0.86789 10 
0 0.884192 10 
0 0.902657 10 
0 0.902814 10 
0 0.909758 10 
0 0.91225 10 
0 0.912552 10 
0 0.944543 10 
0 0.966124 10 
0 1.12168 10 
0 1.12607 10 
0 1.14394 10 
0 1.14394 10 
0 1.15307 10 
0 1.15397 10 
0 1.15833 10 
0 1.20342 10 
0 1.24571 10 
0 1.24581 10 
0 1.27109 10 
0 1.27139 10 
0 1.30179 10 
0 1.41735 10 
0 1.41808 10 
0 1.42172 10 
0 1.42173 10 
0 1.67165 10 
0 1.67165 10 
0 inf 10 
0 0.032736 11 
0 0.0525364 11 
0 0.0745042 11 
0 0.0779227 11 
0 0.0985605 11 
0 0.108472 11 
0 0.117938 11 
0 0.118741 11 
0 0.127953 11 
0 0.138369 11 
0 0.141079 11 
0 0.151899 11 
0 0.151949 11 
0 0.164604 11 
0 0.181548 11 
0 0.197309 11 
0 0.202301 11 
0 0.205669 11 
0 0.209166 11 
0 0.217703 11 
0 0.220339 11 
0 0.229849 11 
0 0.242642 11 
0 0.243938 11 
0 0.24497 11 
0 0.248578 11 
0 0.275572 11 
0 0.293696 11 
0 0.294172 11 
0 0.301565 11 
0 0.324536 11 
0 0.34594 11 
0 0.348845 11 
0 0.35035 11 
0 0.350645 11 
0 0.358411 11 
0 0.362591 11 
0 0.36571 11 
0 0.372408 11 
0 0.426457 11 
0 0.451352 11 
0 0.452505 11 
0 0.452747 11 
0 0.469128 11 
0 0.511016 11 
0 0.51151 11 
0 0.524725 11 
0 0.525671 11 
0 0.573085 11 
0 0.615969 11 
0 0.615969 11 
0 0.637617 11 
0 0.638791 11 
0 0.738476 11 
0 0.739501 11 
0 0.744636 11 
0 0.758906 11 
0 0.762389 11 
0 0.774183 11 
0 0.790124 11 
0 0.817734 11 
0 0.82373 11 
0 0.824189 11 
0 0.867181 11 
0 0.870014 11 
0 0.875624 11 
0 0.912995 11 
0 0.917415 11 
0 0.995591 11 
0 0.997237 11 
0 1.02911 11 
0 1.06519 11 
0 1.06638 11 
0 1.124 11 
0 1.1289 11 
0 1.12922 11 
0 1.14564 11 
0 1.14644 11 
0 1.1639 11 
0 1.23827 11 
0 1.23832 11 
0 1.25387 11 
0 1.28317 11 
0 1.28424 11 
0 1.31832 11 
0 1.3188 11 
0 1.32565 11 
0 1.59825 11 
0 1.60014 11 
0 1.72321 11 
0 1.72458 11 
0 inf 11 
0 0.0639036 12 
0 0.0695761 12 
0 0.0907391 12 
0 0.116398 12 
0 0.122142 12 
0 0.1259 12 
0 0.129416 12 
0 0.151844 12 
0 0.16034 12 
0 0.191917 12 
0 0.199928 12 
0 0.201635 12 
0 0.215077 12 
0 0.216135 12 
0 0.217407 12 
0 0.219931 12 
0 0.268413 12 
0 0.272231 12 
0 0.286845 12 
0 0.287614 12 
0 0.287751 12 
0 0.325285 12 
0 0.335338 12 
0 0.339339 12 
0 0.345709 12 
0 0.34658 12 
0 0.347205 12 
0 0.348226 12 
0 0.348961 12 
0 0.355186 12 
0 0.35552 12 
0 0.356859 12 
0 0.360618 12 
0 0.424884 12 
0 0.425107 12 
0 0.426402 12 
0 0.4827 12 
0 0.484461 12 
0 0.505015 12 
0 0.513776 12 
0 0.514205 12 
0 0.518861 12 
0 0.540755 12 
0 0.572287 12 
0 0.5771 12 
0 0.597367 12 
0 0.600723 12 
0 0.633547 12 
0 0.636242 12 
0 0.64927 12 
0 0.737322 12 
0 0.739884 12 
0 0.751073 12 
0 0.764913 12 
0 0.765706 12 
0 0.766124 12 
0 0.767095 12 
0 0.779724 12 
0 0.826654 12 
0 0.883183 12 
0 0.902018 12 
0 0.916354 12 
0 0.982986 12 
0 1.04335 12 
0 1.04822 12 
0 1.04942 12 
0 1.06744 12 
0 1.13069 12 
0 1.1308 12 
0 1.1517 12 
0 1.15367 12 
0 1.17774 12 
0 1.1812 12 
0 1.18234 12 
0 1.22792 12 
0 1.22972 12 
0 1.26543 12 
0 1.26778 12 
0 1.269 12 
0 1.28941 12 
0 1.29024 12 
0 1.29453 12 
0 1.29454 12 
0 1.29478 12 
0 1.32284 12 
0 1.3395 12 
0 1.34007 12 
0 inf 12 
0 0.0666825 13 
0 0.0920224 13 
0 0.0961345 13 
0 0.103181 13 
0 0.142801 13 
0 0.172644 13 
0 0.172784 13 
0 0.18173 13 
0 0.205819 13 
0 0.205976 13 
0 0.206672 13 
0 0.212756 13 
0 0.213272 13 
0 0.219682 13 
0 0.265068 13 
0 0.265929 13 
0 0.275402 13 
0 0.318207 13 
0 0.321143 13 
0 0.333878 13 
0 0.33541 13 
0 0.339606 13 
0 0.339606 13 
0 0.352769 13 
0 0.353841 13 
0 0.368154 13 
0 0.390955 13 
0 0.392223 13 
0 0.405543 13 
0 0.441624 13 
0 0.463971 13 
0 0.469244 13 
0 0.469244 13 
0 0.472076 13 
0 0.562738 13 
0 0.564641 13 
0 0.565087 13 
0 0.583579 13 
0 0.584878 13 
0 0.590261 13 
0 0.593193 13 
0 0.597484 13 
0 0.598302 13 
0 0.605384 13 
0 0.613309 13 
0 0.627106 13 
0 0.629201 13 
0 0.629551 13 
0 0.63124 13 
0 0.73548 13 
0 0.73578 13 
0 0.756866 13 
0 0.774774 13 
0 0.78316 13 
0 0.784982 13 
0 0.786788 13 
0 0.786868 13 
0 0.863783 13 
0 0.908224 13 
0 0.918069 13 
0 0.919673 13 
0 1.00094 13 
0 1.06292 13 
0 1.08061 13 
0 1.11742 13 
0 1.11964 13 
0 1.1207 13 
0 1.1225 13 
0 1.12846 13 
0 1.131 13 
0 1.14409 13 
0 1.14948 13 
0 1.1601 13 
0 1.1601 13 
0 1.16091 13 
0 1.26885 13 
0 1.26915 13 
0 1.26924 13 
0 1.27044 13 
0 1.27047 13 
0 1.30016 13 
0 1.30074 13 
0 1.30208 13 
0 inf 13 
0 0.085727 14 
0 0.0893293 14 
0 0.116799 14 
0 0.134671 14 
0 0.172052 14 
0 0.201442 14 
0 0.207305 14 
0 0.221437 14 
0 0.22416 14 
0 0.229311 14 
0 0.230298 14 
0 0.244001 14 
0 0.253609 14 
0 0.266081 14 
0 0.27014 14 
0 0.276116 14 
0 0.283443 14 
0 0.287313 14 
0 0.292985 14 
0 0.305567 14 
0 0.305902 14 
0 0.307957 14 
0 0.320763 14 
0 0.323895 14 
0 0.324508 14 
0 0.3367 14 
0 0.33677 14 
0 0.342073 14 
0 0.353126 14 
0 0.353454 14 
0 0.354841 14 
0 0.360152 14 
0 0.372377 14 
0 0.375854 14 
0 0.377424 14 
0 0.377424 14 
0 0.440103 14 
0 0.454006 14 
0 0.471389 14 
0 0.472725 14 
0 0.472725 14 
0 0.549674 14 
0 0.577226 14 
0 0.605498 14 
0 0.609354 14 
0 0.611421 14 
0 0.613774 14 
0 0.614082 14 
0 0.617923 14 
0 0.737878 14 
0 0.752775 14 
0 0.781181 14 
0 0.784685 14 
0 0.78558 14 
0 0.786543 14 
0 0.880031 14 
0 0.924837 14 
0 0.927247 14 
0 0.927902 14 
0 0.954339 14 
0 0.95698 14 
0 0.960328 14 
0 0.965622 14 
0 0.967392 14 
0 0.979376 14 
0 1.10109 14 
0 1.10155 14 
0 1.12997 14 
0 1.13077 14 
0 1.13094 14 
0 1.13148 14 
0 1.15799 14 
0 1.16823 14 
0 1.17284 14 
0 1.17314 14 
0 1.26743 14 
0 1.36101 14 
0 1.36115 14 
0 1.36115 14 
0 inf 14 
0 0.0758745 15 
0 0.0875454 15 
0 0.0881765 15 
0 0.109626 15 
0 0.197972 15 
0 0.215515 15 
0 0.227336 15 
0 0.231598 15 
0 0.231831 15 
0 0.24833 15 
0 0.255746 15 
0 0.260323 15 
0 0.260414 15 
0 0.263401 15 
0 0.264357 15 
0 0.26513 15 
0 0.266965 15 
0 0.267965 15 
0 0.273735 15 
0 0.278588 15 
0 0.291447 15 
0 0.294502 15 
0 0.296742 15 
0 0.30078 15 
0 0.302869 15 
0 0.303252 15 
0 0.326199 15 
0 0.327838 15 
0 0.328679 15 
0 0.330521 15 
0 0.335598 15 
0 0.335598 15 
0 0.337474 15 
0 0.337637 15 
0 0.350414 15 
0 0.356737 15 
0 0.392616 15 
0 0.412981 15 
0 0.413077 15 
0 0.413897 15 
0 0.442483 15 
0 0.504029 15 
0 0.588925 15 
0 0.744241 15 
0 0.768016 15 
0 0.828549 15 
0 0.838709 15 
0 0.854928 15 
0 0.856587 15 
0 0.856946 15 
0 0.879287 15 
0 0.89092 15 
0 0.891203 15 
0 0.891223 15 
0 0.901337 15 
0 0.902142 15 
0 0.902386 15 
0 1.10909 15 
0 1.12518 15 
0 1.12529 15 
0 1.1335 15 
0 1.15071 15 
0 1.23403 15 
0 1.23725 15 
0 1.23733 15 
0 1.27686 15 
0 1.38469 15 
0 1.3847 15 
0 1.3848 15 
0 1.39683 15 
0 1.39691 15 
0 1.39719 15 
0 1.57691 15 
0 1.57754 15 
0 1.57755 15 
0 inf 15 
0 0.0440395 16 
0 0.187873 16 
0 0.21788 16 
0 0.235946 16 
0 0.239049 16 
0 0.261598 16 
0 0.262921 16 
0 0.263131 16 
0 0.26355 16 
0 0.263969 16 
0 0.26531 16 
0 0.268882 16 
0 0.282689 16 
0 0.283443 16 
0 0.283464 16 
0 0.291541 16 
0 0.293025 16 
0 0.293428 16 
0 0.29481 16 
0 0.29541 16 
0 0.303249 16 
0 0.304317 16 
0 0.306588 16 
0 0.310906 16 
0 0.312473 16 
0 0.327838 16 
0 0.328919 16 
0 0.332339 16 
0 0.332696 16 
0 0.334788 16 
0 0.336925 16 
0 0.338872 16 
0 0.339151 16 
0 0.356283 16 
0 0.360157 16 
0 0.361556 16 
0 0.361992 16 
0 0.425946 16 
0 0.451132 16 
0 0.483598 16 
0 0.568756 16 
0 0.590574 16 
0 0.752397 16 
0 0.764251 16 
0 0.764293 16 
0 0.765272 16 
0 0.792156 16 
0 0.862768 16 
0 0.883353 16 
0 0.883416 16 
0 0.891581 16 
0 0.947604 16 
0 1.05438 16 
0 1.07339 16 
0 1.07469 16 
0 1.07548 16 
0 1.1298 16 
0 1.14839 16 
0 1.26421 16 
0 1.26465 16 
0 1.2654 16 
0 1.27094 16 
0 1.30995 16 
0 1.31005 16 
0 1.3101 16 
0 1.64335 16 
0 1.64336 16 
0 1.64382 16 
0 1.78546 16 
0 1.7856 16 
0 1.78617 16 
0 inf 16 
0 0.0479806 17 
0 0.0479806 17 
0 0.0523806 17 
0 0.0553092 17 
0 0.115097 17 
0 0.198542 17 
0 0.203213 17 
0 0.219445 17 
0 0.221697 17 
0 0.221895 17 
0 0.226131 17 
0 0.273678 17 
0 0.278448 17 
0 0.280255 17 
0 0.309947 17 
0 0.310176 17 
0 0.311392 17 
0 0.31142 17 
0 0.312406 17 
0 0.312629 17 
0 0.31263 17 
0 0.312807 17 
0 0.325279 17 
0 0.32586 17 
0 0.326368 17 
0 0.326368 17 
0 0.33936 17 
0 0.339639 17 
0 0.339708 17 
0 0.34001 17 
0 0.352546 17 
0 0.354974 17 
0 0.355818 17 
0 0.356416 17 
0 0.419829 17 
0 0.420355 17 
0 0.425798 17 
0 0.732387 17 
0 0.758255 17 
0 0.758785 17 
0 0.759076 17 
0 0.75919 17 
0 0.804178 17 
0 0.998213 17 
0 0.998963 17 
0 0.998963 17 
0 1.06973 17 
0 1.07138 17 
0 1.07138 17 
0 1.13834 17 
0 1.16304 17 
0 1.18146 17 
0 1.18168 17 
0 1.18311 17 
0 1.19013 17 
0 1.19029 17 
0 1.19138 17 
0 1.24016 17 
0 1.28023 17 
0 1.28206 17 
0 1.28518 17 
0 1.28521 17 
0 1.31559 17 
0 1.37595 17 
0 1.37973 17 
0 1.37991 17 
0 1.42687 17 
0 inf 17 
0 0.0368249 18 
0 0.0438617 18 
0 0.0445744 18 
0 0.145587 18 
0 0.171453 18 
0 0.172416 18 
0 0.198782 18 
0 0.200677 18 
0 0.200677 18 
0 0.210743 18 
0 0.213393 18 
0 0.217658 18 
0 0.219621 18 
0 0.219621 18 
0 0.248225 18 
0 0.253288 18 
0 0.26048 18 
0 0.337776 18 
0 0.34119 18 
0 0.341398 18 
0 0.34269 18 
0 0.344836 18 
0 0.344951 18 
0 0.34559 18 
0 0.345591 18 
0 0.352605 18 
0 0.352807 18 
0 0.352896 18 
0 0.353633 18 
0 0.354111 18 
0 0.358028 18 
0 0.363796 18 
0 0.364143 18 
0 0.769324 18 
0 0.77432 18 
0 0.774483 18 
0 0.774686 18 
0 0.905056 18 
0 0.915865 18 
0 0.917517 18 
0 1.03452 18 
0 1.03455 18 
0 1.03555 18 
0 1.0379 18 
0 1.05974 18 
0 1.06138 18 
0 1.09206 18 
0 1.09657 18 
0 1.10727 18 
0 1.13879 18 
0 1.14177 18 
0 1.14211 18 
0 1.1708 18 
0 1.17628 18 
0 1.17682 18 
0 1.19798 18 
0 1.20571 18 
0 1.20648 18 
0 1.28086 18 
0 1.28139 18 
0 1.28166 18 
0 1.28175 18 
0 1.90114 18 
0 inf 18 
0 0.0517755 19 
0 0.056579 19 
0 0.0587669 19 
0 0.112886 19 
0 0.117272 19 
0 0.133851 19 
0 0.198146 19 
0 0.198743 19 
0 0.199099 19 
0 0.230691 19 
0 0.231544 19 
0 0.240249 19 
0 0.241069 19 
0 0.245752 19 
0 0.24762 19 
0 0.354609 19 
0 0.356504 19 
0 0.356858 19 
0 0.357829 19 
0 0.360191 19 
0 0.361131 19 
0 0.36159 19 
0 0.385172 19 
0 0.393337 19 
0 0.395835 19 
0 0.396531 19 
0 0.470994 19 
0 0.471462 19 
0 0.474198 19 
0 0.574227 19 
0 0.577514 19 
0 0.57795 19 
0 0.758089 19 
0 0.78805 19 
0 0.78933 19 
0 0.78958 19 
0 0.803357 19 
0 0.876399 19 
0 0.894411 19 
0 0.90766 19 
0 0.91118 19 
0 0.91144 19 
0 0.916375 19 
0 0.920898 19 
0 0.92118 19 
0 0.922746 19 
0 0.936588 19 
0 0.937707 19 
0 1.01468 19 
0 1.03062 19 
0 1.13985 19 
0 1.14077 19 
0 1.14091 19 
0 1.17605 19 
0 1.19971 19 
0 1.20072 19 
0 1.28712 19 
0 1.28724 19 
0 1.28768 19 
0 inf 19 
0 0.0343839 20 
0 0.0608739 20 
0 0.0876349 20 
0 0.154577 20 
0 0.159941 20 
0 0.160533 20 
0 0.206793 20 
0 0.210571 20 
0 0.211021 20 
0 0.265522 20 
0 0.266087 20 
0 0.323637 20 
0 0.325193 20 
0 0.32558 20 
0 0.348045 20 
0 0.349965 20 
0 0.381882 20 
0 0.383013 20 
0 0.394966 20 
0 0.395624 20 
0 0.411346 20 
0 0.433904 20 
0 0.438082 20 
0 0.4386 20 
0 0.438887 20 
0 0.439462 20 
0 0.497511 20 
0 0.571501 20 
0 0.572713 20 
0 0.573154 20 
0 0.60975 20 
0 0.610164 20 
0 0.610216 20 
0 0.619789 20 
0 0.625391 20 
0 0.631995 20 
0 0.681506 20 
0 0.701677 20 
0 0.803455 20 
0 0.804043 20 
0 0.87062 20 
0 0.873406 20 
0 0.942952 20 
0 0.962322 20 
0 0.962617 20 
0 1.06302 20 
0 1.14279 20 
0 1.15843 20 
0 1.15857 20 
0 1.19447 20 
0 1.20256 20 
0 1.20294 20 
0 1.3023 20 
0 1.30259 20 
0 2.22735 20 
0 inf 20 
