5.33647 8.90967 1 
0.904903 2.144 1 
0.439724 0.463678 1 
0.414598 0.55578 1 
0.238317 0.247595 1 
0.208255 0.275776 1 
0.151834 0.154719 1 
0.144992 0.165204 1 
0.107571 0.115873 1 
0.105917 0.10839 1 
0.0906365 0.125743 1 
0.0856227 0.0891566 1 
0.0808515 0.102095 1 
0.0769288 0.0851013 1 
0.0745976 0.0896538 1 
0.0715757 0.0757702 1 
0.0657871 0.0963036 1 
0.0630464 0.0715775 1 
0.0630462 0.0657927 1 
0.0609048 0.0709531 1 
0.058695 0.0594413 1 
0.0579362 0.0594413 1 
0.0548008 0.0630485 1 
0.0539928 0.0594426 1 
0.0514746 0.0571683 1 
0.0506141 0.0548034 1 
0.0488365 0.0637418 1 
0.0479239 0.0506139 1 
0.0479235 0.0497328 1 
0.0479229 0.059442 1 
0.0440869 0.0637403 1 
6.37833 6.4856 2 
6.37441 6.51214 2 
4.62062 6.51301 2 
0.726609 2.70968 2 
0.430894 0.44382 2 
0.428736 0.457926 2 
0.426054 0.467093 2 
0.0958445 0.100785 2 
0.0830035 0.0845876 2 
0.0824681 0.0830052 2 
0.0824663 0.0851058 2 
0.078067 0.0786279 2 
0.075771 0.0780677 2 
0.0734023 0.0802982 2 
0.072802 0.0734025 2 
0.0709575 0.0740007 2 
0.0709567 0.0721925 2 
0.0709561 0.0740058 2 
0.0677752 0.0757706 2 
0.0637434 0.0671154 2 
0.0630491 0.0808515 2 
0.0594394 0.0609086 2 
0.0579375 0.0623438 2 
0.0571669 0.0623438 2 
0.0571656 0.0671188 2 
0.0556049 0.0571699 2 
0.0547993 0.0547998 2 
0.0523294 0.0523296 2 
0.0479275 0.04884 2 
0.0479249 0.0488367 2 
0.0479237 0.0514781 2 
0.0440835 0.0450737 2 
4.02626 4.70575 3 
4.02377 4.70589 3 
4.02229 4.3318 3 
4.0205 4.62338 3 
0.682558 2.7622 3 
0.327331 0.397637 3 
0.313689 0.393618 3 
0.311995 0.349265 3 
0.295568 0.364247 3 
0.28258 0.294062 3 
0.274013 0.291351 3 
0.102526 0.11701 3 
0.0920862 0.102956 3 
0.0881657 0.116633 3 
0.0819371 0.0824746 3 
0.0769307 0.087664 3 
0.0728005 0.0845864 3 
0.063744 0.0721918 3 
0.0637384 0.0763511 3 
0.0579361 0.0594413 3 
0.0488361 0.0506129 3 
0.0450739 0.0469924 3 
0.0387519 0.043071 3 
0.742359 2.6031 4 
0.23079 0.231744 4 
0.148601 0.153857 4 
0.0963059 0.100786 4 
0.0896537 0.0916029 4 
0.0866527 0.0871594 4 
0.0866524 0.0871554 4 
0.0845856 0.0891658 4 
0.0819324 0.0871554 4 
0.080299 0.0911241 4 
0.0763513 0.0780675 4 
0.0728027 0.0803022 4 
0.0697028 0.0845877 4 
0.0697016 0.0703326 4 
0.0696999 0.0953812 4 
0.0644329 0.0709594 4 
0.0637445 0.0664576 4 
1.03346 2.41435 5 
0.102092 0.105076 5 
0.0972172 0.109201 5 
0.0953844 0.0985746 5 
0.0944537 0.0949203 5 
0.0930388 0.105497 5 
0.0925604 0.0985746 5 
0.0891624 0.102093 5 
0.0786316 0.0851057 5 
0.0786311 0.0830048 5 
0.076354 0.107571 5 
2.45459 2.50792 6 
1.77485 1.81517 6 
1.62175 1.76358 6 
1.51572 2.22136 6 
0.323529 0.355034 6 
0.269626 0.315372 6 
0.265499 0.306133 6 
0.150081 0.156422 6 
0.102525 0.104234 6 
0.0949211 0.0963109 6 
0.0876639 0.0896563 6 
0.0715767 0.0813931 6 
1.94433 1.96925 7 
1.73901 1.77369 7 
1.67756 1.99288 7 
1.66639 1.94663 7 
1.62582 2.03904 7 
1.56243 1.82542 7 
1.42042 1.43661 7 
0.251835 0.254624 7 
0.0935145 0.09902 7 
0.0925642 0.0967598 7 
0.0835343 0.0856207 7 
0.0819348 0.100347 7 
0.081395 0.0861397 7 
0.0514779 0.0657893 7 
2.29691 2.46738 8 
1.38998 1.52382 8 
1.38515 1.78631 8 
1.21681 1.57068 8 
1.11509 1.73249 8 
0.278646 0.285375 8 
0.240352 0.271257 8 
0.221616 0.248304 8 
0.0985724 0.0999077 8 
1.6487 1.70406 9 
1.49505 1.49531 9 
1.43896 1.69005 9 
1.16929 1.63014 9 
1.08601 1.53745 9 
0.369065 0.37851 9 
0.280381 0.297944 9 
0.246883 0.250084 9 
0.218401 0.241817 9 
0.0440833 0.0497328 9 
1.55106 1.74007 10 
1.54578 1.74627 10 
1.46659 1.4833 10 
1.2659 1.39946 10 
1.0985 1.39079 10 
2.08354 2.29434 11 
1.17153 1.44496 11 
1.10095 1.34138 11 
0.497772 0.514268 11 
1.30916 1.63057 12 
1.23312 1.5598 12 
1.1956 1.62256 12 
1.19261 1.47525 12 
1.18367 1.43709 12 
0.458384 0.500187 12 
0.424698 0.441924 12 
1.43716 1.43747 13 
1.43615 1.47747 13 
1.10488 1.20373 13 
1.09846 1.10655 13 
1.08913 1.19925 13 
0.912254 0.91775 13 
0.883107 0.913634 13 
0.880724 0.922738 13 
0.76665 0.966309 13 
0.657175 0.680816 13 
0.574379 0.595592 13 
1.42417 1.43661 14 
0.577224 0.752168 14 
1.51151 1.57404 15 
0.717797 0.727153 15 
0.676887 0.688213 15 
0.668679 0.690055 15 
1.46331 1.61163 17 
1.46286 1.61065 17 
1.46226 1.61163 17 
1.43532 1.43802 18 
1.43532 1.43775 18 
1.43054 1.43726 18 
1.43042 1.48713 18 
1.42885 1.48995 18 
0.456647 0.460784 19 
0.455193 0.460113 19 
0.454805 0.462411 19 
