0 0.0148722 1 
0 0.0148722 1 
0 0.0162917 1 
0 0.0169569 1 
0 0.017597 1 
0 0.0182146 1 
0 0.0182149 1 
0 0.018812 1 
0 0.022059 1 
0 0.0225556 1 
0 0.0225556 1 
0 0.023515 1 
0 0.0239815 1 
0 0.0244408 1 
0 0.0248909 1 
0 0.0253264 1 
0 0.0261792 1 
0 0.0261865 1 
0 0.0261865 1 
0 0.0278233 1 
0 0.0293611 1 
0 0.0293659 1 
0 0.0304811 1 
0 0.0308384 1 
0 0.0318902 1 
0 0.0319005 1 
0 0.0325836 1 
0 0.0332557 1 
0 0.0332561 1 
0 0.0335882 1 
0 0.0345608 1 
0 0.0345638 1 
0 0.0348787 1 
0 0.0351952 1 
0 0.0355077 1 
0 0.0361244 1 
0 0.0367324 1 
0 0.0367328 1 
0 0.0373303 1 
0 0.0396278 1 
0 0.0399073 1 
0 0.0404582 1 
0 0.0407305 1 
0 0.0415372 1 
0 0.0420661 1 
0 0.0423316 1 
0 0.0425887 1 
0 0.0428476 1 
0 0.0446174 1 
0 0.0446178 1 
0 0.0448645 1 
0 0.0453549 1 
0 0.0458398 1 
0 0.0458399 1 
0 0.0481948 1 
0 0.0493293 1 
0 0.0499986 1 
0 0.0510887 1 
0 0.0515243 1 
0 0.0527983 1 
0 0.0546451 1 
0 0.0548469 1 
0 0.0554588 1 
0 0.0578001 1 
0 0.0579877 1 
0 0.0591075 1 
0 0.0613196 1 
0 0.0615007 1 
0 0.062747 1 
0 0.0636115 1 
0 0.0636129 1 
0 0.0655029 1 
0 0.0708602 1 
0 0.0768517 1 
0 0.0815927 1 
0 0.0815944 1 
0 0.0822713 1 
0 0.0845265 1 
0 0.0876063 1 
0 0.0911939 1 
0 0.09581 1 
0 0.0988766 1 
0 0.104216 1 
0 0.105375 1 
0 0.105585 1 
0 0.106208 1 
0 0.108376 1 
0 0.113653 1 
0 0.116158 1 
0 0.120734 1 
0 0.121734 1 
0 0.122462 1 
0 0.13928 1 
0 0.146854 1 
0 0.16292 1 
0 0.174142 1 
0 0.177038 1 
0 0.195111 1 
0 0.196241 1 
0 0.218784 1 
0 0.262151 1 
0 0.2758 1 
0 0.301588 1 
0 0.364058 1 
0 0.442148 1 
0 0.47207 1 
0 0.484391 1 
0 0.538336 1 
0 0.567571 1 
0 0.590568 1 
0 0.619582 1 
0 0.649172 1 
0 0.67735 1 
0 0.68076 1 
0 0.707671 1 
0 0.714256 1 
0 0.787654 1 
0 0.910791 1 
0 0.935916 1 
0 1.00524 1 
0 1.45617 1 
0 1.49141 1 
0 1.50531 1 
0 2.12784 1 
0 2.693 1 
0 2.70844 1 
0 2.84005 1 
0 3.72732 1 
0 4.21831 1 
0 4.27819 1 
0 4.31166 1 
0 inf 1 
0 0.0133021 2 
0 0.0175978 2 
0 0.0182146 2 
0 0.0182146 2 
0 0.0182154 2 
0 0.0182154 2 
0 0.0199538 2 
0 0.0210333 2 
0 0.0225554 2 
0 0.0244375 2 
0 0.0253264 2 
0 0.0253277 2 
0 0.0261811 2 
0 0.0274231 2 
0 0.0293675 2 
0 0.0308383 2 
0 0.0318971 2 
0 0.0318975 2 
0 0.0335863 2 
0 0.0335864 2 
0 0.0335868 2 
0 0.0335884 2 
0 0.0345603 2 
0 0.0345616 2 
0 0.034879 2 
0 0.0348804 2 
0 0.0355077 2 
0 0.0367329 2 
0 0.0376244 2 
0 0.0387821 2 
0 0.0387825 2 
0 0.0407323 2 
0 0.041533 2 
0 0.0415352 2 
0 0.0415375 2 
0 0.0418049 2 
0 0.0436165 2 
0 0.0448592 2 
0 0.0515196 2 
0 0.0517343 2 
0 0.0517353 2 
0 0.0536181 2 
0 0.0538293 2 
0 0.0544421 2 
0 0.0546512 2 
0 0.0564367 2 
0 0.0568267 2 
0 0.0570221 2 
0 0.0577924 2 
0 0.0577928 2 
0 0.0583635 2 
0 0.0593076 2 
0 0.0596749 2 
0 0.060044 2 
0 0.0600512 2 
0 0.0606001 2 
0 0.0634383 2 
0 0.0639776 2 
0 0.0663435 2 
0 0.0697608 2 
0 0.0739168 2 
0 0.0756816 2 
0 0.0766995 2 
0 0.077991 2 
0 0.090101 2 
0 0.0919244 2 
0 0.0928814 2 
0 0.0956978 2 
0 0.0974098 2 
0 0.101087 2 
0 0.102715 2 
0 0.107449 2 
0 0.117297 2 
0 0.118703 2 
0 0.120646 2 
0 0.122192 2 
0 0.130079 2 
0 0.134756 2 
0 0.172677 2 
0 0.175218 2 
0 0.184866 2 
0 0.18582 2 
0 0.186998 2 
0 0.190341 2 
0 0.191738 2 
0 0.196062 2 
0 0.200251 2 
0 0.212313 2 
0 0.214338 2 
0 0.233173 2 
0 0.27943 2 
0 0.319914 2 
0 0.321092 2 
0 0.336168 2 
0 0.385625 2 
0 0.445702 2 
0 0.482803 2 
0 0.529115 2 
0 0.533798 2 
0 0.553535 2 
0 0.576176 2 
0 0.581854 2 
0 0.604349 2 
0 0.679755 2 
0 0.688223 2 
0 0.691242 2 
0 0.715122 2 
0 0.737001 2 
0 0.766414 2 
0 0.768158 2 
0 0.778171 2 
0 0.796957 2 
0 0.800521 2 
0 1.29357 2 
0 1.34226 2 
0 1.69323 2 
0 1.92917 2 
0 2.10069 2 
0 2.67567 2 
0 2.88802 2 
0 3.18475 2 
0 3.21182 2 
0 3.2668 2 
0 3.32886 2 
0 3.56202 2 
0 3.56446 2 
0 3.56669 2 
0 inf 2 
0 0.0199534 3 
0 0.0220597 3 
0 0.0225554 3 
0 0.023515 3 
0 0.0253264 3 
0 0.0261859 3 
0 0.0274235 3 
0 0.0274235 3 
0 0.0274235 3 
0 0.0289919 3 
0 0.0293704 3 
0 0.0293712 3 
0 0.0304797 3 
0 0.0322391 3 
0 0.0322419 3 
0 0.0322436 3 
0 0.0325835 3 
0 0.0332581 3 
0 0.0345628 3 
0 0.0364296 3 
0 0.0373289 3 
0 0.0384962 3 
0 0.0390663 3 
0 0.0390674 3 
0 0.0393498 3 
0 0.039629 3 
0 0.0401844 3 
0 0.0407344 3 
0 0.0418017 3 
0 0.0420638 3 
0 0.0420658 3 
0 0.0420666 3 
0 0.0441195 3 
0 0.044124 3 
0 0.0465576 3 
0 0.0472656 3 
0 0.0477307 3 
0 0.0486511 3 
0 0.0525825 3 
0 0.0530036 3 
0 0.0560464 3 
0 0.0564369 3 
0 0.0564373 3 
0 0.0570242 3 
0 0.0594913 3 
0 0.0605943 3 
0 0.0611405 3 
0 0.0615019 3 
0 0.0639644 3 
0 0.0661874 3 
0 0.0666877 3 
0 0.0697581 3 
0 0.0714824 3 
0 0.0793996 3 
0 0.081727 3 
0 0.0909514 3 
0 0.0975303 3 
0 0.097867 3 
0 0.0998775 3 
0 0.100214 3 
0 0.104002 3 
0 0.106521 3 
0 0.110795 3 
0 0.11663 3 
0 0.117574 3 
0 0.119904 3 
0 0.12336 3 
0 0.128191 3 
0 0.130762 3 
0 0.169313 3 
0 0.182214 3 
0 0.183784 3 
0 0.186533 3 
0 0.187064 3 
0 0.209266 3 
0 0.225698 3 
0 0.257645 3 
0 0.297306 3 
0 0.298632 3 
0 0.321843 3 
0 0.327507 3 
0 0.379048 3 
0 0.382831 3 
0 0.439818 3 
0 0.44295 3 
0 0.462165 3 
0 0.466191 3 
0 0.47328 3 
0 0.478324 3 
0 0.551413 3 
0 0.551804 3 
0 0.581125 3 
0 0.608599 3 
0 0.628194 3 
0 0.62864 3 
0 0.628828 3 
0 0.634041 3 
0 0.667743 3 
0 0.686588 3 
0 0.701284 3 
0 0.710859 3 
0 0.714081 3 
0 0.723252 3 
0 0.732848 3 
0 0.757938 3 
0 1.13854 3 
0 1.28486 3 
0 1.57033 3 
0 1.58249 3 
0 1.69586 3 
0 1.78465 3 
0 1.92398 3 
0 2.12145 3 
0 2.12524 3 
0 2.12555 3 
0 2.84813 3 
0 2.95298 3 
0 3.03842 3 
0 3.09923 3 
0 3.10864 3 
0 3.10892 3 
0 3.42026 3 
0 3.42677 3 
0 inf 3 
0 0.0148754 4 
0 0.0205006 4 
0 0.0220644 4 
0 0.0235216 4 
0 0.0239805 4 
0 0.0253264 4 
0 0.0257603 4 
0 0.0278238 4 
0 0.0282182 4 
0 0.029749 4 
0 0.0304792 4 
0 0.0308401 4 
0 0.0308405 4 
0 0.0311974 4 
0 0.0311974 4 
0 0.0335868 4 
0 0.0348787 4 
0 0.0348793 4 
0 0.0355106 4 
0 0.0370317 4 
0 0.0382085 4 
0 0.0425884 4 
0 0.0433606 4 
0 0.0453563 4 
0 0.0455992 4 
0 0.0497728 4 
0 0.0519471 4 
0 0.0532047 4 
0 0.0554462 4 
0 0.0554487 4 
0 0.0560446 4 
0 0.0560457 4 
0 0.056241 4 
0 0.0568273 4 
0 0.0594888 4 
0 0.0605989 4 
0 0.0611377 4 
0 0.0627488 4 
0 0.0631031 4 
0 0.0656748 4 
0 0.0660108 4 
0 0.0689646 4 
0 0.0691217 4 
0 0.0710131 4 
0 0.0733167 4 
0 0.0795422 4 
0 0.088486 4 
0 0.0947658 4 
0 0.0983188 4 
0 0.0984217 4 
0 0.098431 4 
0 0.0998737 4 
0 0.0998817 4 
0 0.100755 4 
0 0.104105 4 
0 0.106319 4 
0 0.108783 4 
0 0.108784 4 
0 0.111789 4 
0 0.112283 4 
0 0.1239 4 
0 0.13294 4 
0 0.168594 4 
0 0.168595 4 
0 0.168923 4 
0 0.168923 4 
0 0.23312 4 
0 0.262113 4 
0 0.264835 4 
0 0.350435 4 
0 0.366509 4 
0 0.371989 4 
0 0.400236 4 
0 0.40874 4 
0 0.412622 4 
0 0.447078 4 
0 0.452748 4 
0 0.466291 4 
0 0.529107 4 
0 0.541521 4 
0 0.54597 4 
0 0.547264 4 
0 0.584866 4 
0 0.586851 4 
0 0.590136 4 
0 0.592166 4 
0 0.598781 4 
0 0.613034 4 
0 0.647483 4 
0 0.647807 4 
0 0.649581 4 
0 0.668045 4 
0 0.6711 4 
0 0.688696 4 
0 0.700874 4 
0 0.708033 4 
0 0.754049 4 
0 0.796926 4 
0 1.07551 4 
0 1.15226 4 
0 1.17977 4 
0 1.18468 4 
0 1.19205 4 
0 1.19858 4 
0 1.30439 4 
0 1.58022 4 
0 1.86523 4 
0 1.92297 4 
0 1.97271 4 
0 1.9828 4 
0 2.07925 4 
0 2.08044 4 
0 2.08058 4 
0 2.39872 4 
0 2.81919 4 
0 2.81934 4 
0 2.81953 4 
0 2.87112 4 
0 2.87743 4 
0 inf 4 
0 0.0239809 5 
0 0.0266042 5 
0 0.0289912 5 
0 0.0289914 5 
0 0.0308405 5 
0 0.0348793 5 
0 0.0358176 5 
0 0.0364306 5 
0 0.036732 5 
0 0.0367328 5 
0 0.0384917 5 
0 0.0407303 5 
0 0.0407304 5 
0 0.0420657 5 
0 0.0425884 5 
0 0.0436138 5 
0 0.0448629 5 
0 0.0458471 5 
0 0.0472653 5 
0 0.0474989 5 
0 0.0475028 5 
0 0.048426 5 
0 0.0486452 5 
0 0.0491066 5 
0 0.0510935 5 
0 0.0523778 5 
0 0.0527869 5 
0 0.0530081 5 
0 0.0532163 5 
0 0.0556484 5 
0 0.0558459 5 
0 0.0577919 5 
0 0.0577989 5 
0 0.0581723 5 
0 0.0615023 5 
0 0.0620375 5 
0 0.0670103 5 
0 0.0697614 5 
0 0.0713276 5 
0 0.0720995 5 
0 0.0722489 5 
0 0.072862 5 
0 0.0734636 5 
0 0.0752522 5 
0 0.0786971 5 
0 0.0826706 5 
0 0.0932268 5 
0 0.0975264 5 
0 0.109082 5 
0 0.109084 5 
0 0.113853 5 
0 0.11482 5 
0 0.118049 5 
0 0.119356 5 
0 0.120457 5 
0 0.133607 5 
0 0.162988 5 
0 0.170677 5 
0 0.216093 5 
0 0.258373 5 
0 0.306061 5 
0 0.311399 5 
0 0.316346 5 
0 0.373443 5 
0 0.374183 5 
0 0.39089 5 
0 0.446262 5 
0 0.468462 5 
0 0.487168 5 
0 0.49144 5 
0 0.492519 5 
0 0.493074 5 
0 0.496519 5 
0 0.497521 5 
0 0.538895 5 
0 0.566203 5 
0 0.58231 5 
0 0.594582 5 
0 0.611724 5 
0 0.619413 5 
0 0.621784 5 
0 0.624004 5 
0 0.628823 5 
0 0.629683 5 
0 0.62979 5 
0 0.670961 5 
0 0.677161 5 
0 0.677798 5 
0 0.681313 5 
0 0.736624 5 
0 0.960146 5 
0 0.983015 5 
0 0.98451 5 
0 0.986934 5 
0 1.00558 5 
0 1.07242 5 
0 1.20771 5 
0 1.22292 5 
0 1.31722 5 
0 1.32472 5 
0 1.42329 5 
0 1.59915 5 
0 1.72891 5 
0 1.91728 5 
0 2.08923 5 
0 2.09659 5 
0 2.10506 5 
0 2.10548 5 
0 2.10582 5 
0 2.11263 5 
0 2.12357 5 
0 2.14577 5 
0 2.14782 5 
0 2.16057 5 
0 2.21115 5 
0 inf 5 
0 0.0210322 6 
0 0.023515 6 
0 0.0266043 6 
0 0.0266045 6 
0 0.0293712 6 
0 0.0345599 6 
0 0.035188 6 
0 0.0361227 6 
0 0.0373297 6 
0 0.0373298 6 
0 0.0376219 6 
0 0.0390673 6 
0 0.0404569 6 
0 0.0404584 6 
0 0.0407331 6 
0 0.040996 6 
0 0.0420599 6 
0 0.0433601 6 
0 0.0433607 6 
0 0.0433647 6 
0 0.0436147 6 
0 0.044122 6 
0 0.0451122 6 
0 0.0460858 6 
0 0.0467955 6 
0 0.0477364 6 
0 0.0479626 6 
0 0.0554555 6 
0 0.0577919 6 
0 0.0616806 6 
0 0.0634492 6 
0 0.0673456 6 
0 0.0683101 6 
0 0.0843941 6 
0 0.090955 6 
0 0.0915588 6 
0 0.0944119 6 
0 0.094768 6 
0 0.0974155 6 
0 0.0980901 6 
0 0.0998788 6 
0 0.101418 6 
0 0.102177 6 
0 0.102282 6 
0 0.107036 6 
0 0.10714 6 
0 0.107769 6 
0 0.126637 6 
0 0.135335 6 
0 0.144809 6 
0 0.19981 6 
0 0.220512 6 
0 0.259186 6 
0 0.263418 6 
0 0.279507 6 
0 0.321569 6 
0 0.367061 6 
0 0.369783 6 
0 0.374577 6 
0 0.375403 6 
0 0.383875 6 
0 0.391407 6 
0 0.397685 6 
0 0.410499 6 
0 0.480163 6 
0 0.482186 6 
0 0.487342 6 
0 0.498537 6 
0 0.540227 6 
0 0.576431 6 
0 0.59059 6 
0 0.5986 6 
0 0.601568 6 
0 0.60245 6 
0 0.616158 6 
0 0.617019 6 
0 0.650252 6 
0 0.665889 6 
0 0.684626 6 
0 0.686771 6 
0 0.795801 6 
0 0.802582 6 
0 0.803394 6 
0 0.908564 6 
0 0.929213 6 
0 0.932117 6 
0 0.933744 6 
0 0.936909 6 
0 0.937205 6 
0 0.951287 6 
0 0.952271 6 
0 0.963631 6 
0 0.969788 6 
0 0.986088 6 
0 1.17422 6 
0 1.24574 6 
0 1.32397 6 
0 1.3251 6 
0 1.40634 6 
0 1.42178 6 
0 1.50621 6 
0 1.59782 6 
0 1.82087 6 
0 1.83565 6 
0 1.85244 6 
0 1.8946 6 
0 1.909 6 
0 1.90933 6 
0 1.91009 6 
0 1.94154 6 
0 1.96146 6 
0 inf 6 
0 0.0210324 7 
0 0.0308401 7 
0 0.0332559 7 
0 0.0382124 7 
0 0.0412748 7 
0 0.0415349 7 
0 0.0425887 7 
0 0.0428472 7 
0 0.0438674 7 
0 0.0438717 7 
0 0.0443694 7 
0 0.0448645 7 
0 0.0458375 7 
0 0.0472667 7 
0 0.0493264 7 
0 0.0497763 7 
0 0.0504355 7 
0 0.0510889 7 
0 0.0510891 7 
0 0.0546489 7 
0 0.0572144 7 
0 0.060962 7 
0 0.0636248 7 
0 0.0648315 7 
0 0.0663459 7 
0 0.0676705 7 
0 0.068321 7 
0 0.068803 7 
0 0.0696039 7 
0 0.0716397 7 
0 0.072558 7 
0 0.0730135 7 
0 0.0737695 7 
0 0.0802229 7 
0 0.0806343 7 
0 0.0903421 7 
0 0.0975274 7 
0 0.0992096 7 
0 0.100656 7 
0 0.108074 7 
0 0.123633 7 
0 0.128544 7 
0 0.12863 7 
0 0.144501 7 
0 0.21332 7 
0 0.257516 7 
0 0.278206 7 
0 0.279475 7 
0 0.313467 7 
0 0.338606 7 
0 0.342503 7 
0 0.35411 7 
0 0.36034 7 
0 0.363549 7 
0 0.367387 7 
0 0.369424 7 
0 0.3826 7 
0 0.386115 7 
0 0.401626 7 
0 0.440203 7 
0 0.469597 7 
0 0.470515 7 
0 0.472164 7 
0 0.477647 7 
0 0.48944 7 
0 0.53721 7 
0 0.570283 7 
0 0.575149 7 
0 0.580065 7 
0 0.588981 7 
0 0.601244 7 
0 0.632242 7 
0 0.635731 7 
0 0.639564 7 
0 0.675696 7 
0 0.678815 7 
0 0.679092 7 
0 0.714517 7 
0 0.729894 7 
0 0.737852 7 
0 0.752324 7 
0 0.862954 7 
0 0.928729 7 
0 0.929301 7 
0 0.931298 7 
0 0.99395 7 
0 1.01544 7 
0 1.04314 7 
0 1.1474 7 
0 1.32542 7 
0 1.375 7 
0 1.50426 7 
0 1.56824 7 
0 1.57017 7 
0 1.58018 7 
0 1.58045 7 
0 1.58093 7 
0 1.5856 7 
0 1.58566 7 
0 1.59902 7 
0 1.62151 7 
0 1.69213 7 
0 1.84219 7 
0 1.87269 7 
0 1.95389 7 
0 2.01563 7 
0 2.36957 7 
0 inf 7 
0 0.0308395 8 
0 0.0311967 8 
0 0.0361216 8 
0 0.0364264 8 
0 0.0367325 8 
0 0.0382077 8 
0 0.0407303 8 
0 0.0418025 8 
0 0.0425876 8 
0 0.0425891 8 
0 0.0431089 8 
0 0.0467949 8 
0 0.0506505 8 
0 0.0508744 8 
0 0.0581766 8 
0 0.0585519 8 
0 0.0620405 8 
0 0.0655095 8 
0 0.0689612 8 
0 0.0702353 8 
0 0.0734668 8 
0 0.0745124 8 
0 0.0829395 8 
0 0.0845216 8 
0 0.0845231 8 
0 0.0959167 8 
0 0.0963829 8 
0 0.100213 8 
0 0.10422 8 
0 0.109186 8 
0 0.110094 8 
0 0.121827 8 
0 0.125761 8 
0 0.131185 8 
0 0.131858 8 
0 0.190827 8 
0 0.207675 8 
0 0.208578 8 
0 0.218547 8 
0 0.231172 8 
0 0.261733 8 
0 0.271617 8 
0 0.28047 8 
0 0.31361 8 
0 0.314791 8 
0 0.318648 8 
0 0.3361 8 
0 0.336425 8 
0 0.354478 8 
0 0.358357 8 
0 0.35882 8 
0 0.360823 8 
0 0.369693 8 
0 0.402464 8 
0 0.405178 8 
0 0.478295 8 
0 0.49807 8 
0 0.504248 8 
0 0.518265 8 
0 0.538772 8 
0 0.545978 8 
0 0.546646 8 
0 0.574586 8 
0 0.641443 8 
0 0.645413 8 
0 0.655298 8 
0 0.657875 8 
0 0.678185 8 
0 0.740112 8 
0 0.740694 8 
0 0.747915 8 
0 0.767429 8 
0 0.813171 8 
0 0.813814 8 
0 0.833104 8 
0 0.858249 8 
0 0.860106 8 
0 0.886283 8 
0 0.906311 8 
0 0.93045 8 
0 0.933042 8 
0 0.935693 8 
0 0.946283 8 
0 0.962096 8 
0 0.96761 8 
0 1.1176 8 
0 1.13955 8 
0 1.14794 8 
0 1.24288 8 
0 1.32579 8 
0 1.38684 8 
0 1.40812 8 
0 1.42984 8 
0 1.44514 8 
0 1.47957 8 
0 1.55404 8 
0 1.55523 8 
0 1.57328 8 
0 1.57371 8 
0 1.58342 8 
0 1.58377 8 
0 1.58381 8 
0 1.59674 8 
0 inf 8 
0 0.0253273 9 
0 0.0332585 9 
0 0.0332602 9 
0 0.0379181 9 
0 0.0423285 9 
0 0.0433597 9 
0 0.0458366 9 
0 0.050215 9 
0 0.0544454 9 
0 0.0564392 9 
0 0.0583632 9 
0 0.0653377 9 
0 0.065499 9 
0 0.0663496 9 
0 0.0750987 9 
0 0.0755387 9 
0 0.0879867 9 
0 0.0893602 9 
0 0.0894834 9 
0 0.0937059 9 
0 0.0966197 9 
0 0.104747 9 
0 0.110094 9 
0 0.111793 9 
0 0.120273 9 
0 0.123364 9 
0 0.146556 9 
0 0.166547 9 
0 0.169706 9 
0 0.176222 9 
0 0.19376 9 
0 0.21085 9 
0 0.221012 9 
0 0.254197 9 
0 0.26148 9 
0 0.263423 9 
0 0.268191 9 
0 0.269801 9 
0 0.271689 9 
0 0.279815 9 
0 0.289762 9 
0 0.322222 9 
0 0.336725 9 
0 0.35005 9 
0 0.364419 9 
0 0.364725 9 
0 0.368404 9 
0 0.399072 9 
0 0.416142 9 
0 0.42282 9 
0 0.429232 9 
0 0.46208 9 
0 0.506499 9 
0 0.509829 9 
0 0.538018 9 
0 0.538423 9 
0 0.539148 9 
0 0.577887 9 
0 0.623689 9 
0 0.623689 9 
0 0.635043 9 
0 0.636243 9 
0 0.644493 9 
0 0.679428 9 
0 0.705416 9 
0 0.709402 9 
0 0.745055 9 
0 0.751558 9 
0 0.783151 9 
0 0.784818 9 
0 0.822966 9 
0 0.90973 9 
0 0.92911 9 
0 0.929289 9 
0 0.935378 9 
0 0.961852 9 
0 1.05901 9 
0 1.06808 9 
0 1.07126 9 
0 1.07129 9 
0 1.10599 9 
0 1.11175 9 
0 1.14112 9 
0 1.32303 9 
0 1.37265 9 
0 1.37275 9 
0 1.38027 9 
0 1.38111 9 
0 1.41938 9 
0 1.42697 9 
0 1.43892 9 
0 1.44231 9 
0 1.55356 9 
0 1.55424 9 
0 1.58475 9 
0 1.67231 9 
0 1.67246 9 
0 2.05676 9 
0 2.05732 9 
0 inf 9 
0 0.0458399 10 
0 0.049326 10 
0 0.0538279 10 
0 0.0576041 10 
0 0.0577917 10 
0 0.0577935 10 
0 0.0585577 10 
0 0.0594929 10 
0 0.0594935 10 
0 0.0644846 10 
0 0.068146 10 
0 0.0736147 10 
0 0.0791193 10 
0 0.0806414 10 
0 0.0858212 10 
0 0.0958063 10 
0 0.0988828 10 
0 0.106213 10 
0 0.10858 10 
0 0.118045 10 
0 0.119076 10 
0 0.13517 10 
0 0.143892 10 
0 0.181501 10 
0 0.198274 10 
0 0.232079 10 
0 0.250372 10 
0 0.252453 10 
0 0.256268 10 
0 0.261253 10 
0 0.264608 10 
0 0.271223 10 
0 0.274475 10 
0 0.275438 10 
0 0.280665 10 
0 0.335007 10 
0 0.335701 10 
0 0.33849 10 
0 0.339959 10 
0 0.343197 10 
0 0.362213 10 
0 0.369783 10 
0 0.380632 10 
0 0.390584 10 
0 0.431336 10 
0 0.43259 10 
0 0.447388 10 
0 0.485006 10 
0 0.488822 10 
0 0.509702 10 
0 0.510743 10 
0 0.512051 10 
0 0.523167 10 
0 0.538402 10 
0 0.599188 10 
0 0.60035 10 
0 0.625761 10 
0 0.629567 10 
0 0.661066 10 
0 0.665069 10 
0 0.687124 10 
0 0.687462 10 
0 0.688282 10 
0 0.742827 10 
0 0.748699 10 
0 0.825146 10 
0 0.826003 10 
0 0.928253 10 
0 0.928824 10 
0 0.980806 10 
0 1.00019 10 
0 1.04699 10 
0 1.04728 10 
0 1.10733 10 
0 1.13815 10 
0 1.14323 10 
0 1.15491 10 
0 1.15683 10 
0 1.16224 10 
0 1.16871 10 
0 1.16902 10 
0 1.30211 10 
0 1.30293 10 
0 1.3031 10 
0 1.31956 10 
0 1.4238 10 
0 1.50896 10 
0 1.50904 10 
0 1.55434 10 
0 1.55537 10 
0 1.59069 10 
0 1.5936 10 
0 1.59403 10 
0 1.81761 10 
0 1.81885 10 
0 inf 10 
0 0.0248879 11 
0 0.0396285 11 
0 0.0458419 11 
0 0.0495498 11 
0 0.0740672 11 
0 0.0795358 11 
0 0.0836013 11 
0 0.0881098 11 
0 0.0928783 11 
0 0.0979844 11 
0 0.109991 11 
0 0.119724 11 
0 0.121098 11 
0 0.152548 11 
0 0.167171 11 
0 0.184582 11 
0 0.198888 11 
0 0.206043 11 
0 0.213562 11 
0 0.232795 11 
0 0.23888 11 
0 0.239862 11 
0 0.245598 11 
0 0.25204 11 
0 0.252865 11 
0 0.255397 11 
0 0.264675 11 
0 0.273385 11 
0 0.281954 11 
0 0.326214 11 
0 0.330996 11 
0 0.335465 11 
0 0.343165 11 
0 0.353684 11 
0 0.368083 11 
0 0.37286 11 
0 0.376422 11 
0 0.407622 11 
0 0.409328 11 
0 0.452382 11 
0 0.457462 11 
0 0.504537 11 
0 0.511061 11 
0 0.54031 11 
0 0.545549 11 
0 0.547108 11 
0 0.552059 11 
0 0.592355 11 
0 0.593475 11 
0 0.601644 11 
0 0.614898 11 
0 0.616854 11 
0 0.663082 11 
0 0.66327 11 
0 0.664165 11 
0 0.665002 11 
0 0.687768 11 
0 0.688105 11 
0 0.689838 11 
0 0.733266 11 
0 0.739274 11 
0 0.784465 11 
0 0.878109 11 
0 0.891708 11 
0 0.932736 11 
0 0.933457 11 
0 0.93361 11 
0 0.939246 11 
0 0.93934 11 
0 0.988294 11 
0 0.990362 11 
0 0.990597 11 
0 1.00145 11 
0 1.04108 11 
0 1.06226 11 
0 1.0919 11 
0 1.10379 11 
0 1.14882 11 
0 1.18027 11 
0 1.18038 11 
0 1.22639 11 
0 1.26435 11 
0 1.27353 11 
0 1.27756 11 
0 1.27839 11 
0 1.28831 11 
0 1.55219 11 
0 1.55401 11 
0 1.5642 11 
0 1.56494 11 
0 1.5655 11 
0 inf 11 
0 0.0583571 12 
0 0.0666723 12 
0 0.0759823 12 
0 0.0908323 12 
0 0.0998771 12 
0 0.139431 12 
0 0.143814 12 
0 0.147907 12 
0 0.181062 12 
0 0.185419 12 
0 0.186885 12 
0 0.18718 12 
0 0.189491 12 
0 0.201811 12 
0 0.249164 12 
0 0.24974 12 
0 0.258735 12 
0 0.268161 12 
0 0.28124 12 
0 0.285577 12 
0 0.320329 12 
0 0.321016 12 
0 0.325838 12 
0 0.326076 12 
0 0.338066 12 
0 0.339921 12 
0 0.342662 12 
0 0.346014 12 
0 0.364549 12 
0 0.366214 12 
0 0.368948 12 
0 0.37045 12 
0 0.370898 12 
0 0.374278 12 
0 0.393111 12 
0 0.409193 12 
0 0.409465 12 
0 0.410408 12 
0 0.444391 12 
0 0.446152 12 
0 0.452286 12 
0 0.461573 12 
0 0.463369 12 
0 0.463489 12 
0 0.46487 12 
0 0.471573 12 
0 0.565881 12 
0 0.59783 12 
0 0.603998 12 
0 0.603999 12 
0 0.62479 12 
0 0.638683 12 
0 0.642932 12 
0 0.6617 12 
0 0.663203 12 
0 0.681284 12 
0 0.683063 12 
0 0.739499 12 
0 0.751736 12 
0 0.763883 12 
0 0.764534 12 
0 0.772693 12 
0 0.775123 12 
0 0.831986 12 
0 0.869122 12 
0 0.870545 12 
0 0.889308 12 
0 0.89065 12 
0 0.890898 12 
0 0.930989 12 
0 0.932947 12 
0 0.94562 12 
0 0.945667 12 
0 0.949356 12 
0 1.07283 12 
0 1.11806 12 
0 1.12729 12 
0 1.12846 12 
0 1.14211 12 
0 1.45928 12 
0 1.46334 12 
0 1.46648 12 
0 1.55492 12 
0 1.55697 12 
0 1.56492 12 
0 1.56504 12 
0 1.56673 12 
0 inf 12 
0 0.0467974 13 
0 0.0643148 13 
0 0.153117 13 
0 0.157954 13 
0 0.167015 13 
0 0.176164 13 
0 0.183561 13 
0 0.18611 13 
0 0.186431 13 
0 0.225893 13 
0 0.23222 13 
0 0.250316 13 
0 0.251417 13 
0 0.253271 13 
0 0.269445 13 
0 0.288323 13 
0 0.292548 13 
0 0.304583 13 
0 0.31655 13 
0 0.317666 13 
0 0.318222 13 
0 0.33507 13 
0 0.335169 13 
0 0.336255 13 
0 0.340103 13 
0 0.340548 13 
0 0.346056 13 
0 0.347342 13 
0 0.353955 13 
0 0.354491 13 
0 0.355507 13 
0 0.357008 13 
0 0.358245 13 
0 0.358766 13 
0 0.364192 13 
0 0.368941 13 
0 0.374602 13 
0 0.382431 13 
0 0.409732 13 
0 0.415132 13 
0 0.418527 13 
0 0.421056 13 
0 0.435388 13 
0 0.47874 13 
0 0.509497 13 
0 0.565161 13 
0 0.651592 13 
0 0.66337 13 
0 0.666364 13 
0 0.676233 13 
0 0.677557 13 
0 0.686956 13 
0 0.732194 13 
0 0.748447 13 
0 0.774668 13 
0 0.775353 13 
0 0.778257 13 
0 0.928491 13 
0 0.931108 13 
0 0.947863 13 
0 0.947968 13 
0 0.948073 13 
0 0.995683 13 
0 0.995949 13 
0 0.996715 13 
0 1.06632 13 
0 1.09421 13 
0 1.09487 13 
0 1.15763 13 
0 1.28523 13 
0 1.28523 13 
0 1.29017 13 
0 1.39314 13 
0 1.39327 13 
0 1.39399 13 
0 1.44239 13 
0 1.44241 13 
0 1.44241 13 
0 1.55485 13 
0 1.55639 13 
0 1.65618 13 
0 1.65621 13 
0 1.65833 13 
0 inf 13 
0 0.0554494 14 
0 0.0751038 14 
0 0.0932341 14 
0 0.161831 14 
0 0.162029 14 
0 0.190886 14 
0 0.210436 14 
0 0.219541 14 
0 0.227656 14 
0 0.245497 14 
0 0.258377 14 
0 0.288741 14 
0 0.290114 14 
0 0.309188 14 
0 0.315731 14 
0 0.317901 14 
0 0.340276 14 
0 0.342043 14 
0 0.342047 14 
0 0.342241 14 
0 0.342338 14 
0 0.344795 14 
0 0.346545 14 
0 0.349571 14 
0 0.352786 14 
0 0.353521 14 
0 0.353553 14 
0 0.354022 14 
0 0.354037 14 
0 0.35583 14 
0 0.356947 14 
0 0.357226 14 
0 0.357474 14 
0 0.362869 14 
0 0.363461 14 
0 0.378572 14 
0 0.383949 14 
0 0.391168 14 
0 0.403845 14 
0 0.403982 14 
0 0.405749 14 
0 0.451012 14 
0 0.483412 14 
0 0.541965 14 
0 0.664985 14 
0 0.681009 14 
0 0.709609 14 
0 0.715028 14 
0 0.715151 14 
0 0.7189 14 
0 0.731394 14 
0 0.746184 14 
0 0.927049 14 
0 0.930442 14 
0 0.933873 14 
0 1.0558 14 
0 1.09026 14 
0 1.09308 14 
0 1.09374 14 
0 1.09398 14 
0 1.10015 14 
0 1.19916 14 
0 1.31243 14 
0 1.31246 14 
0 1.31246 14 
0 1.33641 14 
0 1.33681 14 
0 1.33688 14 
0 1.42106 14 
0 1.42333 14 
0 1.42339 14 
0 1.55307 14 
0 1.56174 14 
0 1.60341 14 
0 1.60341 14 
0 1.60347 14 
0 1.99052 14 
0 2.00297 14 
0 2.00377 14 
0 inf 14 
0 0.0762714 15 
0 0.0811869 15 
0 0.0868483 15 
0 0.111786 15 
0 0.142264 15 
0 0.158723 15 
0 0.184463 15 
0 0.184762 15 
0 0.19106 15 
0 0.19296 15 
0 0.220741 15 
0 0.222343 15 
0 0.247885 15 
0 0.252206 15 
0 0.252689 15 
0 0.258879 15 
0 0.25888 15 
0 0.259264 15 
0 0.26214 15 
0 0.262444 15 
0 0.264785 15 
0 0.305632 15 
0 0.337286 15 
0 0.338542 15 
0 0.339322 15 
0 0.342403 15 
0 0.343596 15 
0 0.34395 15 
0 0.371163 15 
0 0.37161 15 
0 0.3797 15 
0 0.382463 15 
0 0.384067 15 
0 0.384068 15 
0 0.385188 15 
0 0.385189 15 
0 0.398792 15 
0 0.541772 15 
0 0.543954 15 
0 0.548516 15 
0 0.584264 15 
0 0.660631 15 
0 0.666846 15 
0 0.684378 15 
0 0.709704 15 
0 0.710529 15 
0 0.710576 15 
0 0.711121 15 
0 0.768081 15 
0 0.773804 15 
0 0.930051 15 
0 0.966912 15 
0 0.985986 15 
0 0.985997 15 
0 0.985997 15 
0 0.999384 15 
0 0.999694 15 
0 1.00008 15 
0 1.27197 15 
0 1.27486 15 
0 1.28973 15 
0 1.30253 15 
0 1.30267 15 
0 1.30271 15 
0 1.30559 15 
0 1.38471 15 
0 1.38475 15 
0 1.38475 15 
0 1.49964 15 
0 1.50059 15 
0 1.50212 15 
0 1.5628 15 
0 1.56696 15 
0 1.56705 15 
0 1.5672 15 
0 inf 15 
0 0.0484187 16 
0 0.058362 16 
0 0.0705479 16 
0 0.0717962 16 
0 0.0719433 16 
0 0.0743621 16 
0 0.100651 16 
0 0.134509 16 
0 0.192191 16 
0 0.19872 16 
0 0.202577 16 
0 0.20908 16 
0 0.212021 16 
0 0.213993 16 
0 0.219301 16 
0 0.223548 16 
0 0.246397 16 
0 0.248008 16 
0 0.249564 16 
0 0.25014 16 
0 0.259478 16 
0 0.289838 16 
0 0.357817 16 
0 0.358312 16 
0 0.358312 16 
0 0.358651 16 
0 0.375278 16 
0 0.409149 16 
0 0.409149 16 
0 0.409149 16 
0 0.409284 16 
0 0.409385 16 
0 0.438976 16 
0 0.458909 16 
0 0.489077 16 
0 0.544408 16 
0 0.577466 16 
0 0.716405 16 
0 0.73022 16 
0 0.73022 16 
0 0.730704 16 
0 0.730765 16 
0 0.806196 16 
0 0.819516 16 
0 0.834507 16 
0 0.835103 16 
0 0.835195 16 
0 0.836285 16 
0 0.851733 16 
0 0.86026 16 
0 0.864352 16 
0 0.94202 16 
0 0.948385 16 
0 0.949283 16 
0 0.949318 16 
0 1.01561 16 
0 1.01975 16 
0 1.06014 16 
0 1.15963 16 
0 1.16277 16 
0 1.30205 16 
0 1.30277 16 
0 1.3029 16 
0 1.3031 16 
0 1.3988 16 
0 1.40322 16 
0 1.52053 16 
0 1.57208 16 
0 1.57214 16 
0 1.57224 16 
0 1.57231 16 
0 inf 16 
0 0.0731679 17 
0 0.0796738 17 
0 0.0825351 17 
0 0.0825357 17 
0 0.0856925 17 
0 0.152471 17 
0 0.168456 17 
0 0.168981 17 
0 0.172542 17 
0 0.183862 17 
0 0.184823 17 
0 0.186906 17 
0 0.191813 17 
0 0.270945 17 
0 0.273617 17 
0 0.273618 17 
0 0.273618 17 
0 0.284904 17 
0 0.288153 17 
0 0.35135 17 
0 0.358392 17 
0 0.387001 17 
0 0.393807 17 
0 0.39538 17 
0 0.395799 17 
0 0.397138 17 
0 0.399016 17 
0 0.401128 17 
0 0.422908 17 
0 0.444011 17 
0 0.4458 17 
0 0.543548 17 
0 0.576028 17 
0 0.578271 17 
0 0.596259 17 
0 0.600694 17 
0 0.600694 17 
0 0.620365 17 
0 0.622837 17 
0 0.653276 17 
0 0.744875 17 
0 0.745158 17 
0 0.745203 17 
0 0.746626 17 
0 0.747737 17 
0 0.848023 17 
0 0.855981 17 
0 0.857362 17 
0 0.857684 17 
0 0.897595 17 
0 0.899085 17 
0 0.910865 17 
0 0.912078 17 
0 0.944293 17 
0 0.94766 17 
0 0.949153 17 
0 0.949339 17 
0 1.31329 17 
0 1.31356 17 
0 1.31356 17 
0 1.31365 17 
0 1.4452 17 
0 1.44525 17 
0 1.57447 17 
0 1.57451 17 
0 1.57464 17 
0 1.57464 17 
0 inf 17 
0 0.0399105 18 
0 0.0401863 18 
0 0.0401875 18 
0 0.161078 18 
0 0.198049 18 
0 0.198717 18 
0 0.199385 18 
0 0.210593 18 
0 0.219554 18 
0 0.223399 18 
0 0.223399 18 
0 0.226535 18 
0 0.296072 18 
0 0.320769 18 
0 0.321044 18 
0 0.32132 18 
0 0.322694 18 
0 0.329891 18 
0 0.339988 18 
0 0.351031 18 
0 0.353543 18 
0 0.372613 18 
0 0.381559 18 
0 0.381646 18 
0 0.385991 18 
0 0.395697 18 
0 0.412194 18 
0 0.414673 18 
0 0.41564 18 
0 0.477925 18 
0 0.478364 18 
0 0.478573 18 
0 0.538915 18 
0 0.539777 18 
0 0.540043 18 
0 0.580865 18 
0 0.738751 18 
0 0.738916 18 
0 0.739156 18 
0 0.739275 18 
0 0.805909 18 
0 0.898563 18 
0 0.902309 18 
0 0.90308 18 
0 0.903668 18 
0 0.960748 18 
0 0.961254 18 
0 0.961714 18 
0 0.961714 18 
0 1.04248 18 
0 1.08653 18 
0 1.08653 18 
0 1.0876 18 
0 1.32185 18 
0 1.32275 18 
0 1.32413 18 
0 1.32421 18 
0 1.42573 18 
0 1.4266 18 
0 1.58458 18 
0 1.58524 18 
0 1.58549 18 
0 1.58603 18 
0 inf 18 
0 0.131346 19 
0 0.131346 19 
0 0.132603 19 
0 0.143967 19 
0 0.146101 19 
0 0.147607 19 
0 0.188378 19 
0 0.191118 19 
0 0.19158 19 
0 0.24447 19 
0 0.252481 19 
0 0.263712 19 
0 0.264382 19 
0 0.264842 19 
0 0.278371 19 
0 0.281827 19 
0 0.289472 19 
0 0.290692 19 
0 0.292911 19 
0 0.293665 19 
0 0.373383 19 
0 0.375745 19 
0 0.376069 19 
0 0.382952 19 
0 0.384766 19 
0 0.394076 19 
0 0.415582 19 
0 0.477902 19 
0 0.480532 19 
0 0.482186 19 
0 0.482369 19 
0 0.540105 19 
0 0.540105 19 
0 0.54078 19 
0 0.575202 19 
0 0.576066 19 
0 0.702554 19 
0 0.703561 19 
0 0.704818 19 
0 0.931489 19 
0 0.955529 19 
0 0.95554 19 
0 0.955633 19 
0 0.963404 19 
0 0.976574 19 
0 0.976676 19 
0 0.97671 19 
0 1.23149 19 
0 1.23149 19 
0 1.31831 19 
0 1.3186 19 
0 1.31862 19 
0 1.32922 19 
0 1.43198 19 
0 1.59307 19 
0 1.59326 19 
0 1.5934 19 
0 1.95753 19 
0 2.03914 19 
0 inf 19 
0 0.0851762 20 
0 0.0862085 20 
0 0.115199 20 
0 0.128884 20 
0 0.130673 20 
0 0.140384 20 
0 0.145569 20 
0 0.146478 20 
0 0.152687 20 
0 0.21619 20 
0 0.217262 20 
0 0.218632 20 
0 0.219034 20 
0 0.229116 20 
0 0.231566 20 
0 0.231792 20 
0 0.235215 20 
0 0.238102 20 
0 0.245647 20 
0 0.25657 20 
0 0.26832 20 
0 0.270945 20 
0 0.274192 20 
0 0.372464 20 
0 0.372939 20 
0 0.373976 20 
0 0.445753 20 
0 0.451669 20 
0 0.472417 20 
0 0.479334 20 
0 0.483744 20 
0 0.48484 20 
0 0.537821 20 
0 0.5383 20 
0 0.539449 20 
0 0.539449 20 
0 0.578116 20 
0 0.578728 20 
0 0.578786 20 
0 0.683979 20 
0 0.684415 20 
0 0.684754 20 
0 0.979215 20 
0 0.98057 20 
0 0.996137 20 
0 0.996171 20 
0 1.2419 20 
0 1.29989 20 
0 1.3003 20 
0 1.3003 20 
0 1.30716 20 
0 1.3072 20 
0 1.43259 20 
0 1.58911 20 
0 1.58925 20 
0 inf 20 
