5.16339 8.66361 1 
1.62715 1.64153 1 
0.832068 2.11819 1 
0.244159 0.284715 1 
0.200248 0.332039 1 
0.159737 0.231075 1 
0.13067 0.145093 1 
0.128946 0.129714 1 
0.126703 0.137227 1 
0.0962441 0.0989994 1 
0.0699413 0.0827293 1 
0.0691689 0.0873658 1 
0.0616282 0.0636341 1 
0.0551946 0.0979991 1 
0.0511467 0.0567907 1 
0.0504398 0.0546991 1 
0.0482631 0.055355 1 
0.0465618 0.0532089 1 
0.0461729 0.0611972 1 
0.0439883 0.0459845 1 
0.041684 0.0488062 1 
6.38716 6.47974 2 
6.38218 6.44161 2 
4.26375 6.49334 2 
0.657666 2.91526 2 
0.531489 0.549895 2 
0.48172 0.494327 2 
0.254046 0.266949 2 
0.240081 0.252135 2 
0.20327 0.242613 2 
0.202259 0.243166 2 
0.181769 0.302111 2 
0.0842346 0.0918631 2 
0.0663883 0.0719565 2 
0.0663864 0.0740428 2 
0.0598659 0.127201 2 
0.0564753 0.0572634 2 
0.0556738 0.0607518 2 
0.0533774 0.0659855 2 
0.0513247 0.0526948 2 
0.0441884 0.0447963 2 
4.23375 5.04719 3 
4.23076 4.93829 3 
4.03068 5.05714 3 
0.730538 0.775809 3 
0.654319 0.668485 3 
0.653921 2.97477 3 
0.616265 0.624745 3 
0.225585 0.23139 3 
0.221493 0.241762 3 
0.177282 0.178293 3 
0.171784 0.287001 3 
0.108917 0.125216 3 
0.0758381 0.128041 3 
0.0648888 0.0653048 3 
0.0588089 0.0713388 3 
0.056946 0.0577276 3 
0.0499074 0.05321 3 
0.0484492 0.0502641 3 
3.11788 3.13719 4 
1.3011 1.35589 4 
1.22486 2.59292 4 
0.68363 0.684824 4 
0.659947 0.702271 4 
0.227909 0.229825 4 
0.169894 0.215918 4 
0.169158 0.282284 4 
0.107501 0.122899 4 
0.0669313 0.0686496 4 
0.0595642 0.0607579 4 
0.0567919 0.0620652 4 
0.0566313 0.0577332 4 
0.0553556 0.061341 4 
2.3219 2.33648 5 
2.25556 2.31389 5 
1.61911 2.37143 5 
0.692085 0.723443 5 
0.655317 0.732091 5 
0.224075 0.23431 5 
0.186537 0.196141 5 
0.170004 0.175037 5 
0.161188 0.240873 5 
0.148392 0.156159 5 
0.0969861 0.108666 5 
2.65756 2.71021 6 
2.62793 2.73589 6 
2.61322 2.67363 6 
2.52404 2.53413 6 
2.32607 2.58646 6 
2.30681 2.59131 6 
2.28612 2.57572 6 
2.06088 2.14497 6 
2.02203 2.19029 6 
0.685199 0.719861 6 
0.682571 0.709547 6 
0.144292 0.215545 6 
0.122755 0.124139 6 
0.0858169 0.110627 6 
2.4435 2.57802 7 
1.88152 1.90143 7 
1.79381 1.90211 7 
1.7013 1.93124 7 
1.67925 2.1974 7 
1.63365 2.1427 7 
0.703407 0.705117 7 
0.696004 0.71615 7 
0.104283 0.111434 7 
1.74155 2.02328 8 
1.68834 2.1226 8 
1.67675 1.82497 8 
1.64487 1.71772 8 
1.6431 1.78685 8 
1.61061 1.65772 8 
1.26591 1.86566 8 
0.629494 0.722276 8 
0.11484 0.138469 8 
2.17026 2.32905 9 
2.09635 2.21162 9 
1.39551 1.46986 9 
1.20135 1.54827 9 
0.582165 0.748956 9 
0.128884 0.131899 9 
1.8952 2.03428 10 
1.83713 1.96813 10 
1.36398 1.39844 10 
1.30779 1.37425 10 
1.27127 1.3861 10 
1.21237 1.2331 10 
1.19829 1.40362 10 
0.682318 0.702035 10 
0.67829 0.725565 10 
1.28489 1.34037 11 
1.25698 1.38257 11 
1.20943 1.3245 11 
1.19657 1.43472 11 
1.1951 1.35342 11 
1.16113 1.25373 11 
1.07263 1.22757 11 
1.01533 1.02953 11 
1.01053 1.04189 11 
0.928851 0.998428 11 
1.51331 1.59768 12 
1.425 1.511 12 
1.37509 1.47955 12 
1.21446 1.3234 12 
1.20824 1.44953 12 
1.20198 1.31888 12 
1.00505 1.0756 12 
0.885512 0.948873 12 
0.801414 1.03255 12 
0.788987 1.08189 12 
0.321037 0.339323 12 
1.93455 1.95033 13 
1.91759 1.94518 13 
1.077 1.16812 13 
1.07518 1.21625 13 
0.449461 0.469267 13 
0.336304 0.388212 13 
2.11393 2.16686 14 
2.11346 2.16672 14 
2.10561 2.16865 14 
0.462945 0.471687 14 
1.75822 1.85339 15 
1.75201 1.84907 15 
1.75117 1.84684 15 
1.27344 1.53367 15 
1.2521 1.30954 15 
0.491529 0.53117 15 
1.35031 1.37731 16 
1.26822 1.54625 16 
1.2674 1.37236 16 
1.25772 1.31463 16 
1.25748 1.28569 16 
1.18654 1.31012 16 
0.717235 0.763294 16 
0.549547 0.551014 16 
0.74526 0.776861 17 
0.705606 0.740378 20 
0.692388 0.6942 20 
