6.35117 8.73733 1 
0.878455 2.12148 1 
0.337428 0.34162 1 
0.123892 0.137641 1 
0.123512 0.137981 1 
0.121086 0.15844 1 
0.109994 0.112668 1 
0.0917041 0.0930572 1 
0.0911908 0.125772 1 
0.0869802 0.0908465 1 
0.0745949 0.0796607 1 
0.0745927 0.0908465 1 
0.0696079 0.0704944 1 
0.0663921 0.0873363 1 
0.050326 0.0567426 1 
0.0500146 0.053332 1 
0.0496897 0.0553424 1 
0.0487417 0.0496895 1 
0.0457635 0.0572918 1 
0.0326019 0.0330844 1 
6.12386 6.84448 2 
6.121 6.8345 2 
5.94209 6.06696 2 
5.03288 6.85483 2 
0.716169 2.87984 2 
0.230536 0.230598 2 
0.225394 0.251487 2 
0.181524 0.200432 2 
0.174949 0.241208 2 
0.172691 0.174943 2 
0.170508 0.172968 2 
0.158933 0.16435 2 
0.135349 0.136388 2 
0.109993 0.11252 2 
0.0780784 0.0800546 2 
0.066159 0.0715998 2 
0.0642394 0.0788715 2 
0.0604796 0.0630078 2 
0.0586399 0.0602229 2 
0.0521497 0.0530445 2 
0.048419 0.0596996 2 
0.0471093 0.0490612 2 
0.0379289 0.0387402 2 
0.690196 3.08865 3 
0.276471 0.277656 3 
0.25383 0.256463 3 
0.251789 0.263025 3 
0.114859 0.124897 3 
0.106817 0.11098 3 
0.104752 0.107404 3 
0.1034 0.107839 3 
0.102486 0.126887 3 
0.0675628 0.0684792 3 
0.0599578 0.0604735 3 
0.0547798 0.0553496 3 
0.0515524 0.0544948 3 
0.0515503 0.0564691 3 
0.0461084 0.0490636 3 
0.0425884 0.0436739 3 
0.0422089 0.0490669 3 
0.746426 2.93572 4 
0.207333 0.225744 4 
0.205515 0.214444 4 
0.204295 0.210916 4 
0.199575 0.2002 4 
0.138882 0.144726 4 
0.138881 0.144726 4 
0.130528 0.13407 4 
0.12057 0.129326 4 
0.0768669 0.0788755 4 
0.0756377 0.0827447 4 
0.0745966 0.0869822 4 
0.0687095 0.0743859 4 
0.0586422 0.061757 4 
0.0556347 0.0620061 4 
0.0544975 0.0553508 4 
0.0530407 0.0596935 4 
0.0454269 0.0561925 4 
0.0425835 0.0436702 4 
1.44734 1.5274 5 
1.35108 2.63393 5 
0.210028 0.220204 5 
0.204601 0.205974 5 
0.204601 0.225664 5 
0.112937 0.121088 5 
0.082932 0.0932269 5 
0.0825515 0.0943933 5 
0.0745929 0.0849835 5 
0.0375141 0.044387 5 
2.6393 2.96172 6 
2.63534 2.92122 6 
2.63531 2.92065 6 
2.63511 2.94595 6 
2.19751 2.39439 6 
2.18793 2.44254 6 
1.7422 1.82588 6 
1.53518 2.42988 6 
0.168017 0.177609 6 
0.0997035 0.103397 6 
0.0869751 0.0885786 6 
0.0788746 0.0812156 6 
0.073115 0.0911953 6 
2.27306 2.51597 7 
2.22392 2.38402 7 
2.14472 2.18594 7 
1.75388 2.25623 7 
0.18247 0.196654 7 
0.106675 0.108998 7 
0.101719 0.103998 7 
0.0842385 0.107984 7 
2.45056 2.77866 8 
2.01973 2.44565 8 
1.95201 2.00183 8 
1.8367 1.95121 8 
1.82758 1.84081 8 
1.81261 1.94945 8 
1.81041 2.00804 8 
1.28432 1.29359 8 
0.211142 0.216329 8 
0.206579 0.212691 8 
0.155147 0.159714 8 
0.104748 0.111965 8 
0.0846094 0.0940535 8 
1.98419 2.19191 9 
1.81848 1.96374 9 
1.761 1.81374 9 
1.73181 1.80952 9 
1.61126 1.62052 9 
1.53335 1.68472 9 
1.51146 1.72717 9 
0.209145 0.22777 9 
2.38248 2.44578 10 
2.33058 2.41547 10 
1.69993 2.16659 10 
1.69974 2.16312 10 
1.26673 1.56141 10 
2.02207 2.60237 11 
1.95339 2.54264 11 
1.59757 1.90796 11 
1.58129 1.9327 11 
1.23434 1.28463 11 
1.40557 1.41535 12 
1.38739 1.41127 12 
1.21015 1.23093 12 
0.978453 1.07854 13 
0.974273 1.07918 13 
0.972558 1.08503 13 
0.908393 0.993578 13 
0.803485 0.998224 13 
0.639213 0.661378 13 
0.51059 0.541472 13 
2.11886 2.16094 14 
1.81267 2.00605 14 
1.24673 1.3433 14 
0.835369 0.9082 14 
0.824746 0.831244 14 
0.715831 1.00223 14 
0.567865 0.586441 14 
2.30606 2.38033 15 
1.55953 1.64918 15 
1.55889 1.63022 15 
1.55871 1.64534 15 
0.899046 1.01173 15 
0.898072 0.998726 15 
0.838968 0.884874 15 
2.26085 2.46195 16 
2.25162 2.46799 16 
1.66747 1.78999 16 
1.66657 1.81323 16 
1.66444 1.81228 16 
0.809735 0.814018 16 
1.94586 2.29537 17 
1.94509 2.29396 17 
1.37109 1.58556 17 
1.28643 1.57595 17 
1.24332 1.29498 17 
1.84799 1.9303 18 
1.73372 1.82484 18 
1.71268 1.82484 18 
1.67177 1.9105 18 
1.66987 1.85523 18 
1.46444 1.47486 19 
1.45982 1.46942 19 
1.45058 1.47241 19 
0.970549 1.00551 19 
1.27669 1.31437 20 
1.27223 1.39158 20 
0.514701 0.532705 20 
0.224203 0.237115 20 
0.223645 0.243618 20 
0.223294 0.243618 20 
