0 0.0262273 1 
0 0.0313477 1 
0 0.0370911 1 
0 0.0383929 1 
0 0.0383929 1 
0 0.0432098 1 
0 0.0464927 1 
0 0.0464961 1 
0 0.0505411 1 
0 0.0505411 1 
0 0.0515074 1 
0 0.0551911 1 
0 0.056941 1 
0 0.0586461 1 
0 0.059478 1 
0 0.0611078 1 
0 0.0626922 1 
0 0.065001 1 
0 0.0672343 1 
0 0.0693887 1 
0 0.0700856 1 
0 0.0721633 1 
0 0.0721758 1 
0 0.0728465 1 
0 0.0741778 1 
0 0.07484 1 
0 0.0755038 1 
0 0.0767819 1 
0 0.0767827 1 
0 0.0780568 1 
0 0.0780606 1 
0 0.0786822 1 
0 0.079305 1 
0 0.0799202 1 
0 0.0805326 1 
0 0.0823427 1 
0 0.0829441 1 
0 0.0835285 1 
0 0.08353 1 
0 0.0835308 1 
0 0.084117 1 
0 0.0841184 1 
0 0.0846995 1 
0 0.0852724 1 
0 0.0852732 1 
0 0.0864232 1 
0 0.0869872 1 
0 0.0875533 1 
0 0.0881095 1 
0 0.0897698 1 
0 0.0908572 1 
0 0.0919264 1 
0 0.0919318 1 
0 0.0940461 1 
0 0.0955961 1 
0 0.098133 1 
0 0.0986364 1 
0 0.0996212 1 
0 0.100116 1 
0 0.100117 1 
0 0.101581 1 
0 0.10206 1 
0 0.102062 1 
0 0.102066 1 
0 0.102544 1 
0 0.108594 1 
0 0.111716 1 
0 0.114754 1 
0 0.116453 1 
0 0.122615 1 
0 0.125782 1 
0 0.126176 1 
0 0.126176 1 
0 0.135931 1 
0 0.146371 1 
0 0.146707 1 
0 0.151318 1 
0 0.152932 1 
0 0.152938 1 
0 0.153886 1 
0 0.157678 1 
0 0.160143 1 
0 0.164084 1 
0 0.171419 1 
0 0.175937 1 
0 0.180357 1 
0 0.181178 1 
0 0.187047 1 
0 0.193249 1 
0 0.196766 1 
0 0.19801 1 
0 0.209828 1 
0 0.211216 1 
0 0.215818 1 
0 0.221446 1 
0 0.226486 1 
0 0.230784 1 
0 0.235633 1 
0 0.245628 1 
0 0.246636 1 
0 0.278607 1 
0 0.379944 1 
0 0.381753 1 
0 0.393174 1 
0 0.396275 1 
0 0.41366 1 
0 0.417054 1 
0 0.433232 1 
0 0.434918 1 
0 0.460836 1 
0 0.4676 1 
0 0.523169 1 
0 0.528783 1 
0 0.544934 1 
0 0.578242 1 
0 0.580911 1 
0 0.635527 1 
0 0.662764 1 
0 0.715502 1 
0 0.78298 1 
0 0.822794 1 
0 0.872702 1 
0 1.04105 1 
0 2.14111 1 
0 2.63512 1 
0 2.89534 1 
0 3.55431 1 
0 3.75631 1 
0 5.02532 1 
0 5.17088 1 
0 5.34292 1 
0 inf 1 
0 0.0242818 2 
0 0.0370911 2 
0 0.0370911 2 
0 0.0432098 2 
0 0.0464961 2 
0 0.0475411 2 
0 0.0475425 2 
0 0.0533809 2 
0 0.0542939 2 
0 0.0542957 2 
0 0.0551932 2 
0 0.060295 2 
0 0.0611078 2 
0 0.0619052 2 
0 0.06269 2 
0 0.0642427 2 
0 0.0642457 2 
0 0.0672306 2 
0 0.0672365 2 
0 0.0693919 2 
0 0.0714803 2 
0 0.0728427 2 
0 0.0754978 2 
0 0.0767863 2 
0 0.0780575 2 
0 0.0786834 2 
0 0.0829321 2 
0 0.0829395 2 
0 0.0841099 2 
0 0.0858499 2 
0 0.0858502 2 
0 0.0869838 2 
0 0.0875525 2 
0 0.0881098 2 
0 0.0881098 2 
0 0.0881127 2 
0 0.0892142 2 
0 0.0897643 2 
0 0.092467 2 
0 0.0929939 2 
0 0.0945658 2 
0 0.094571 2 
0 0.0971312 2 
0 0.0986355 2 
0 0.0986368 2 
0 0.105841 2 
0 0.107692 2 
0 0.112593 2 
0 0.115601 2 
0 0.116033 2 
0 0.119781 2 
0 0.12019 2 
0 0.124208 2 
0 0.12421 2 
0 0.136276 2 
0 0.138782 2 
0 0.140545 2 
0 0.142275 2 
0 0.143649 2 
0 0.144342 2 
0 0.144671 2 
0 0.14603 2 
0 0.147364 2 
0 0.149363 2 
0 0.15067 2 
0 0.151634 2 
0 0.153253 2 
0 0.153887 2 
0 0.160148 2 
0 0.16076 2 
0 0.160768 2 
0 0.162584 2 
0 0.174252 2 
0 0.178157 2 
0 0.180073 2 
0 0.186773 2 
0 0.191711 2 
0 0.200699 2 
0 0.215824 2 
0 0.225617 2 
0 0.23417 2 
0 0.238535 2 
0 0.257929 2 
0 0.261902 2 
0 0.264141 2 
0 0.268939 2 
0 0.280207 2 
0 0.282125 2 
0 0.282125 2 
0 0.28438 2 
0 0.285588 2 
0 0.289858 2 
0 0.31363 2 
0 0.315504 2 
0 0.316859 2 
0 0.336608 2 
0 0.363151 2 
0 0.364393 2 
0 0.408958 2 
0 0.40901 2 
0 0.420677 2 
0 0.428136 2 
0 0.435875 2 
0 0.47298 2 
0 0.576457 2 
0 0.62328 2 
0 0.631109 2 
0 0.631478 2 
0 0.63188 2 
0 0.65148 2 
0 0.669334 2 
0 0.67331 2 
0 0.679708 2 
0 0.686093 2 
0 0.83228 2 
0 1.75477 2 
0 1.97693 2 
0 2.32262 2 
0 2.48398 2 
0 2.92493 2 
0 3.02823 2 
0 3.03012 2 
0 3.03756 2 
0 3.44793 2 
0 4.53799 2 
0 4.88921 2 
0 4.90892 2 
0 inf 2 
0 0.037091 3 
0 0.0464942 3 
0 0.0464948 3 
0 0.0542915 3 
0 0.0578009 3 
0 0.0626928 3 
0 0.0650039 3 
0 0.0650039 3 
0 0.0650039 3 
0 0.0657542 3 
0 0.0657584 3 
0 0.0672363 3 
0 0.0693874 3 
0 0.0693887 3 
0 0.0700955 3 
0 0.070793 3 
0 0.0728432 3 
0 0.0728435 3 
0 0.0735142 3 
0 0.0735149 3 
0 0.0735153 3 
0 0.0754886 3 
0 0.075496 3 
0 0.0761432 3 
0 0.077425 3 
0 0.07805 3 
0 0.0786771 3 
0 0.0805346 3 
0 0.0817481 3 
0 0.0835268 3 
0 0.0835339 3 
0 0.0846965 3 
0 0.0858451 3 
0 0.0869892 3 
0 0.093523 3 
0 0.0940459 3 
0 0.0955928 3 
0 0.0976269 3 
0 0.109944 3 
0 0.112592 3 
0 0.126171 3 
0 0.128101 3 
0 0.131889 3 
0 0.132261 3 
0 0.135191 3 
0 0.136287 3 
0 0.138074 3 
0 0.141243 3 
0 0.145019 3 
0 0.14536 3 
0 0.147364 3 
0 0.147367 3 
0 0.149022 3 
0 0.154521 3 
0 0.158306 3 
0 0.163193 3 
0 0.163494 3 
0 0.169973 3 
0 0.171985 3 
0 0.18062 3 
0 0.181707 3 
0 0.201703 3 
0 0.202671 3 
0 0.207463 3 
0 0.21122 3 
0 0.216953 3 
0 0.225833 3 
0 0.226487 3 
0 0.23667 3 
0 0.238535 3 
0 0.239146 3 
0 0.242415 3 
0 0.242612 3 
0 0.242612 3 
0 0.245633 3 
0 0.249406 3 
0 0.25755 3 
0 0.271665 3 
0 0.27808 3 
0 0.280556 3 
0 0.293572 3 
0 0.304543 3 
0 0.310675 3 
0 0.317061 3 
0 0.324114 3 
0 0.334419 3 
0 0.336282 3 
0 0.33748 3 
0 0.371313 3 
0 0.409021 3 
0 0.431465 3 
0 0.479172 3 
0 0.50122 3 
0 0.522905 3 
0 0.54103 3 
0 0.550486 3 
0 0.551022 3 
0 0.560946 3 
0 0.568855 3 
0 0.599268 3 
0 0.602102 3 
0 0.606441 3 
0 0.611479 3 
0 0.616606 3 
0 0.616998 3 
0 0.620888 3 
0 0.818228 3 
0 1.25387 3 
0 1.34952 3 
0 1.46625 3 
0 1.48199 3 
0 1.48844 3 
0 1.49058 3 
0 1.66494 3 
0 1.89192 3 
0 2.97176 3 
0 2.98826 3 
0 3.01419 3 
0 3.01419 3 
0 3.35922 3 
0 3.81028 3 
0 4.61254 3 
0 4.6127 3 
0 inf 3 
0 0.0383949 4 
0 0.0443296 4 
0 0.0454271 4 
0 0.0586469 4 
0 0.0619067 4 
0 0.0664956 4 
0 0.0672332 4 
0 0.0693954 4 
0 0.0700932 4 
0 0.0728486 4 
0 0.0754952 4 
0 0.0755005 4 
0 0.0761429 4 
0 0.0780488 4 
0 0.0786839 4 
0 0.079923 4 
0 0.0811429 4 
0 0.0823391 4 
0 0.0835236 4 
0 0.0841122 4 
0 0.0841138 4 
0 0.0846958 4 
0 0.0864172 4 
0 0.0875465 4 
0 0.0875505 4 
0 0.0875516 4 
0 0.0881091 4 
0 0.08922 4 
0 0.0897652 4 
0 0.0919333 4 
0 0.0940475 4 
0 0.0981415 4 
0 0.100604 4 
0 0.10631 4 
0 0.113025 4 
0 0.113031 4 
0 0.123422 4 
0 0.124208 4 
0 0.130394 4 
0 0.131877 4 
0 0.131883 4 
0 0.135563 4 
0 0.135916 4 
0 0.137352 4 
0 0.138429 4 
0 0.138431 4 
0 0.139131 4 
0 0.141932 4 
0 0.142275 4 
0 0.144675 4 
0 0.145351 4 
0 0.147696 4 
0 0.151645 4 
0 0.155164 4 
0 0.157359 4 
0 0.157359 4 
0 0.163784 4 
0 0.186244 4 
0 0.200696 4 
0 0.206279 4 
0 0.222988 4 
0 0.229932 4 
0 0.234796 4 
0 0.238327 4 
0 0.250194 4 
0 0.258122 4 
0 0.260579 4 
0 0.261905 4 
0 0.274567 4 
0 0.295703 4 
0 0.309335 4 
0 0.316462 4 
0 0.319555 4 
0 0.338531 4 
0 0.340094 4 
0 0.345968 4 
0 0.373841 4 
0 0.374733 4 
0 0.420828 4 
0 0.421877 4 
0 0.423967 4 
0 0.438871 4 
0 0.449654 4 
0 0.460338 4 
0 0.476828 4 
0 0.51231 4 
0 0.524197 4 
0 0.530164 4 
0 0.530311 4 
0 0.530404 4 
0 0.53312 4 
0 0.545395 4 
0 0.551583 4 
0 0.573846 4 
0 0.603151 4 
0 0.634974 4 
0 0.63677 4 
0 0.652324 4 
0 0.721 4 
0 0.80619 4 
0 1.3631 4 
0 1.4436 4 
0 1.50168 4 
0 1.56073 4 
0 1.56246 4 
0 1.564 4 
0 1.56529 4 
0 1.58388 4 
0 1.5841 4 
0 1.58485 4 
0 1.65099 4 
0 1.73503 4 
0 1.74001 4 
0 1.74046 4 
0 1.88724 4 
0 3.07423 4 
0 3.07622 4 
0 3.08998 4 
0 3.10497 4 
0 inf 4 
0 0.0420533 5 
0 0.0420552 5 
0 0.0560775 5 
0 0.0594742 5 
0 0.0650025 5 
0 0.0650043 5 
0 0.0650098 5 
0 0.0657524 5 
0 0.0714769 5 
0 0.0728476 5 
0 0.0741756 5 
0 0.0761436 5 
0 0.078055 5 
0 0.0793063 5 
0 0.0841056 5 
0 0.0846979 5 
0 0.0875464 5 
0 0.0875472 5 
0 0.0919315 5 
0 0.0935166 5 
0 0.0950776 5 
0 0.0955979 5 
0 0.0971293 5 
0 0.097633 5 
0 0.103022 5 
0 0.108144 5 
0 0.108594 5 
0 0.109943 5 
0 0.109943 5 
0 0.116881 5 
0 0.11729 5 
0 0.119785 5 
0 0.122613 5 
0 0.123021 5 
0 0.128863 5 
0 0.135195 5 
0 0.1352 5 
0 0.136282 5 
0 0.138068 5 
0 0.139847 5 
0 0.142623 5 
0 0.143996 5 
0 0.144679 5 
0 0.14837 5 
0 0.150665 5 
0 0.158296 5 
0 0.164984 5 
0 0.166174 5 
0 0.170839 5 
0 0.183859 5 
0 0.186513 5 
0 0.202422 5 
0 0.227319 5 
0 0.232899 5 
0 0.241596 5 
0 0.247026 5 
0 0.269655 5 
0 0.27021 5 
0 0.282824 5 
0 0.301029 5 
0 0.311439 5 
0 0.322177 5 
0 0.324286 5 
0 0.324412 5 
0 0.346783 5 
0 0.360676 5 
0 0.367181 5 
0 0.385436 5 
0 0.390508 5 
0 0.393512 5 
0 0.425934 5 
0 0.426856 5 
0 0.427263 5 
0 0.433235 5 
0 0.445003 5 
0 0.470621 5 
0 0.473225 5 
0 0.479377 5 
0 0.480948 5 
0 0.485525 5 
0 0.4885 5 
0 0.491808 5 
0 0.502494 5 
0 0.521201 5 
0 0.563042 5 
0 0.616948 5 
0 0.622179 5 
0 0.622655 5 
0 0.634147 5 
0 0.678963 5 
0 0.809588 5 
0 0.954029 5 
0 1.09578 5 
0 1.24233 5 
0 1.24549 5 
0 1.2541 5 
0 1.25669 5 
0 1.26219 5 
0 1.27567 5 
0 1.27578 5 
0 1.28131 5 
0 1.28147 5 
0 1.29109 5 
0 1.29273 5 
0 1.31709 5 
0 1.31951 5 
0 1.50368 5 
0 1.51072 5 
0 1.52074 5 
0 1.5219 5 
0 1.88216 5 
0 1.89535 5 
0 1.8956 5 
0 1.89573 5 
0 1.89674 5 
0 inf 5 
0 0.0396483 6 
0 0.0464961 6 
0 0.0611064 6 
0 0.0611069 6 
0 0.064239 6 
0 0.0700959 6 
0 0.0707934 6 
0 0.0721666 6 
0 0.0728443 6 
0 0.0735122 6 
0 0.0754941 6 
0 0.0774199 6 
0 0.0774235 6 
0 0.0774236 6 
0 0.0793005 6 
0 0.0846982 6 
0 0.0858523 6 
0 0.0961085 6 
0 0.101094 6 
0 0.10349 6 
0 0.103969 6 
0 0.121814 6 
0 0.130765 6 
0 0.131144 6 
0 0.134467 6 
0 0.135191 6 
0 0.136641 6 
0 0.137716 6 
0 0.143661 6 
0 0.151635 6 
0 0.151964 6 
0 0.162891 6 
0 0.165579 6 
0 0.165583 6 
0 0.174817 6 
0 0.181984 6 
0 0.191709 6 
0 0.198492 6 
0 0.209114 6 
0 0.209117 6 
0 0.210052 6 
0 0.216053 6 
0 0.223649 6 
0 0.224526 6 
0 0.225395 6 
0 0.228001 6 
0 0.230144 6 
0 0.235005 6 
0 0.237048 6 
0 0.243795 6 
0 0.250382 6 
0 0.252343 6 
0 0.252701 6 
0 0.293708 6 
0 0.315514 6 
0 0.324869 6 
0 0.348088 6 
0 0.349519 6 
0 0.369054 6 
0 0.370666 6 
0 0.371727 6 
0 0.374885 6 
0 0.375523 6 
0 0.376046 6 
0 0.376306 6 
0 0.410764 6 
0 0.441606 6 
0 0.456937 6 
0 0.467815 6 
0 0.494411 6 
0 0.496296 6 
0 0.515553 6 
0 0.524502 6 
0 0.524502 6 
0 0.524622 6 
0 0.527239 6 
0 0.528728 6 
0 0.538876 6 
0 0.573433 6 
0 0.579217 6 
0 0.593048 6 
0 0.600228 6 
0 0.611902 6 
0 0.613186 6 
0 0.642356 6 
0 0.651095 6 
0 0.655015 6 
0 0.740101 6 
0 0.788696 6 
0 0.842315 6 
0 0.844412 6 
0 0.847505 6 
0 0.855338 6 
0 0.856486 6 
0 0.89774 6 
0 1.17146 6 
0 1.23033 6 
0 1.23686 6 
0 1.23782 6 
0 1.24316 6 
0 1.26449 6 
0 1.31257 6 
0 1.31701 6 
0 1.32159 6 
0 1.37948 6 
0 1.38069 6 
0 1.89688 6 
0 2.02749 6 
0 2.02758 6 
0 2.03071 6 
0 2.03506 6 
0 inf 6 
0 0.0464984 7 
0 0.0515095 7 
0 0.0560743 7 
0 0.0569431 7 
0 0.0577995 7 
0 0.0686788 7 
0 0.0707914 7 
0 0.072164 7 
0 0.0754936 7 
0 0.075494 7 
0 0.0875453 7 
0 0.0892156 7 
0 0.0913916 7 
0 0.102539 7 
0 0.105378 7 
0 0.113456 7 
0 0.114322 7 
0 0.127334 7 
0 0.138068 7 
0 0.138068 7 
0 0.138075 7 
0 0.139495 7 
0 0.146365 7 
0 0.1467 7 
0 0.153573 7 
0 0.154524 7 
0 0.156741 7 
0 0.157051 7 
0 0.173407 7 
0 0.180348 7 
0 0.180898 7 
0 0.181175 7 
0 0.186251 7 
0 0.191711 7 
0 0.194751 7 
0 0.199003 7 
0 0.199739 7 
0 0.209351 7 
0 0.214907 7 
0 0.216729 7 
0 0.217862 7 
0 0.222094 7 
0 0.231601 7 
0 0.240962 7 
0 0.242386 7 
0 0.251358 7 
0 0.265618 7 
0 0.280898 7 
0 0.281949 7 
0 0.291206 7 
0 0.294231 7 
0 0.309846 7 
0 0.310486 7 
0 0.310807 7 
0 0.361518 7 
0 0.36786 7 
0 0.387757 7 
0 0.406443 7 
0 0.40828 7 
0 0.431271 7 
0 0.439822 7 
0 0.44546 7 
0 0.450723 7 
0 0.467078 7 
0 0.480111 7 
0 0.480826 7 
0 0.482357 7 
0 0.484351 7 
0 0.492174 7 
0 0.498904 7 
0 0.499003 7 
0 0.502144 7 
0 0.515957 7 
0 0.527323 7 
0 0.545041 7 
0 0.592887 7 
0 0.596254 7 
0 0.596254 7 
0 0.600278 7 
0 0.643282 7 
0 0.673426 7 
0 0.678586 7 
0 0.682052 7 
0 0.711168 7 
0 0.791194 7 
0 0.852047 7 
0 0.936133 7 
0 1.10347 7 
0 1.10769 7 
0 1.10769 7 
0 1.13746 7 
0 1.22216 7 
0 1.22581 7 
0 1.23113 7 
0 1.23507 7 
0 1.24423 7 
0 1.26658 7 
0 1.29629 7 
0 1.29705 7 
0 1.3169 7 
0 1.37817 7 
0 1.47205 7 
0 1.87724 7 
0 1.88108 7 
0 1.88711 7 
0 1.90096 7 
0 1.90182 7 
0 inf 7 
0 0.0328807 8 
0 0.0485632 8 
0 0.0515114 8 
0 0.0642424 8 
0 0.0642434 8 
0 0.0642496 8 
0 0.0693899 8 
0 0.0700962 8 
0 0.0754937 8 
0 0.0774235 8 
0 0.0799167 8 
0 0.082343 8 
0 0.0940409 8 
0 0.0996266 8 
0 0.102553 8 
0 0.110385 8 
0 0.139486 8 
0 0.144671 8 
0 0.144671 8 
0 0.149677 8 
0 0.154507 8 
0 0.15642 8 
0 0.17199 8 
0 0.180901 8 
0 0.183305 8 
0 0.184922 8 
0 0.187298 8 
0 0.187558 8 
0 0.18963 8 
0 0.194501 8 
0 0.210292 8 
0 0.21191 8 
0 0.228426 8 
0 0.231846 8 
0 0.241194 8 
0 0.244829 8 
0 0.263022 8 
0 0.274538 8 
0 0.275788 8 
0 0.282816 8 
0 0.28386 8 
0 0.285421 8 
0 0.30295 8 
0 0.339517 8 
0 0.342255 8 
0 0.343544 8 
0 0.359888 8 
0 0.364399 8 
0 0.366376 8 
0 0.370417 8 
0 0.372096 8 
0 0.383197 8 
0 0.394805 8 
0 0.394805 8 
0 0.396172 8 
0 0.403038 8 
0 0.406919 8 
0 0.423372 8 
0 0.43137 8 
0 0.438488 8 
0 0.438704 8 
0 0.447802 8 
0 0.458475 8 
0 0.462742 8 
0 0.486652 8 
0 0.496144 8 
0 0.507923 8 
0 0.511779 8 
0 0.513218 8 
0 0.515767 8 
0 0.527819 8 
0 0.536409 8 
0 0.603902 8 
0 0.607068 8 
0 0.607149 8 
0 0.61668 8 
0 0.663428 8 
0 0.705078 8 
0 0.738576 8 
0 0.755504 8 
0 0.797057 8 
0 0.797919 8 
0 0.800072 8 
0 0.841395 8 
0 0.854778 8 
0 1.00308 8 
0 1.22336 8 
0 1.2234 8 
0 1.22529 8 
0 1.25493 8 
0 1.26561 8 
0 1.26592 8 
0 1.26964 8 
0 1.32033 8 
0 1.36207 8 
0 1.57067 8 
0 1.62181 8 
0 1.70279 8 
0 1.87596 8 
0 1.87651 8 
0 1.8768 8 
0 1.88693 8 
0 1.90971 8 
0 inf 8 
0 0.0383949 9 
0 0.038397 9 
0 0.0761425 9 
0 0.0799173 9 
0 0.080529 9 
0 0.0945617 9 
0 0.0961111 9 
0 0.101575 9 
0 0.103023 9 
0 0.116467 9 
0 0.121384 9 
0 0.125787 9 
0 0.126948 9 
0 0.131888 9 
0 0.145334 9 
0 0.15261 9 
0 0.158924 9 
0 0.163792 9 
0 0.180352 9 
0 0.182509 9 
0 0.183315 9 
0 0.183856 9 
0 0.189388 9 
0 0.189641 9 
0 0.189641 9 
0 0.202432 9 
0 0.2058 9 
0 0.213753 9 
0 0.217409 9 
0 0.219656 9 
0 0.222758 9 
0 0.224961 9 
0 0.231207 9 
0 0.260948 9 
0 0.263425 9 
0 0.264917 9 
0 0.269513 9 
0 0.273462 9 
0 0.286112 9 
0 0.308144 9 
0 0.309575 9 
0 0.309577 9 
0 0.331903 9 
0 0.336023 9 
0 0.349634 9 
0 0.362882 9 
0 0.400218 9 
0 0.406073 9 
0 0.430586 9 
0 0.431782 9 
0 0.432067 9 
0 0.444965 9 
0 0.449279 9 
0 0.449716 9 
0 0.450236 9 
0 0.459311 9 
0 0.462641 9 
0 0.473867 9 
0 0.479273 9 
0 0.496548 9 
0 0.541484 9 
0 0.543024 9 
0 0.5546 9 
0 0.566427 9 
0 0.568591 9 
0 0.56978 9 
0 0.573496 9 
0 0.577425 9 
0 0.583108 9 
0 0.608659 9 
0 0.60977 9 
0 0.624201 9 
0 0.71395 9 
0 0.743124 9 
0 0.744775 9 
0 0.79496 9 
0 0.798418 9 
0 0.815339 9 
0 0.816243 9 
0 0.820205 9 
0 0.822181 9 
0 0.825818 9 
0 0.976069 9 
0 0.980665 9 
0 1.22865 9 
0 1.22929 9 
0 1.22997 9 
0 1.25247 9 
0 1.25658 9 
0 1.32092 9 
0 1.32627 9 
0 1.3266 9 
0 1.33957 9 
0 1.3695 9 
0 1.87659 9 
0 1.87907 9 
0 1.88495 9 
0 1.88638 9 
0 1.88661 9 
0 inf 9 
0 0.0780559 10 
0 0.0852802 10 
0 0.0924433 10 
0 0.100119 10 
0 0.106305 10 
0 0.107657 10 
0 0.129245 10 
0 0.135196 10 
0 0.13843 10 
0 0.139492 10 
0 0.14903 10 
0 0.14936 10 
0 0.155463 10 
0 0.156735 10 
0 0.15674 10 
0 0.16733 10 
0 0.171117 10 
0 0.171121 10 
0 0.172557 10 
0 0.179798 10 
0 0.181159 10 
0 0.181713 10 
0 0.183318 10 
0 0.200731 10 
0 0.201951 10 
0 0.209348 10 
0 0.213302 10 
0 0.239182 10 
0 0.240378 10 
0 0.247231 10 
0 0.248256 10 
0 0.291722 10 
0 0.29478 10 
0 0.297267 10 
0 0.304276 10 
0 0.309577 10 
0 0.309979 10 
0 0.312856 10 
0 0.318579 10 
0 0.359204 10 
0 0.359476 10 
0 0.375258 10 
0 0.384547 10 
0 0.38595 10 
0 0.388739 10 
0 0.390274 10 
0 0.391318 10 
0 0.400868 10 
0 0.416703 10 
0 0.4172 10 
0 0.424957 10 
0 0.425451 10 
0 0.436538 10 
0 0.475929 10 
0 0.479377 10 
0 0.491779 10 
0 0.498952 10 
0 0.502191 10 
0 0.526507 10 
0 0.555308 10 
0 0.570067 10 
0 0.57067 10 
0 0.589309 10 
0 0.615331 10 
0 0.621914 10 
0 0.629689 10 
0 0.633191 10 
0 0.655391 10 
0 0.686161 10 
0 0.741547 10 
0 0.744744 10 
0 0.749478 10 
0 0.772887 10 
0 0.806189 10 
0 0.806981 10 
0 0.813648 10 
0 0.81828 10 
0 0.858774 10 
0 0.919583 10 
0 0.937364 10 
0 1.24261 10 
0 1.24829 10 
0 1.25148 10 
0 1.26133 10 
0 1.26273 10 
0 1.26468 10 
0 1.27215 10 
0 1.27339 10 
0 1.27955 10 
0 1.28587 10 
0 1.87952 10 
0 1.88369 10 
0 1.88773 10 
0 1.95469 10 
0 1.958 10 
0 inf 10 
0 0.0886732 11 
0 0.100118 11 
0 0.104912 11 
0 0.109015 11 
0 0.110802 11 
0 0.11934 11 
0 0.128854 11 
0 0.144337 11 
0 0.149989 11 
0 0.156429 11 
0 0.164092 11 
0 0.167639 11 
0 0.168794 11 
0 0.173434 11 
0 0.187561 11 
0 0.204126 11 
0 0.206508 11 
0 0.208644 11 
0 0.211218 11 
0 0.224742 11 
0 0.243684 11 
0 0.2494 11 
0 0.253504 11 
0 0.258881 11 
0 0.260388 11 
0 0.260427 11 
0 0.263945 11 
0 0.265619 11 
0 0.267836 11 
0 0.272202 11 
0 0.274361 11 
0 0.274541 11 
0 0.289397 11 
0 0.293446 11 
0 0.302953 11 
0 0.303439 11 
0 0.316253 11 
0 0.321097 11 
0 0.323626 11 
0 0.32563 11 
0 0.328509 11 
0 0.335582 11 
0 0.344957 11 
0 0.352702 11 
0 0.354561 11 
0 0.365478 11 
0 0.378872 11 
0 0.382297 11 
0 0.396274 11 
0 0.402429 11 
0 0.408607 11 
0 0.422095 11 
0 0.456272 11 
0 0.461092 11 
0 0.469351 11 
0 0.498608 11 
0 0.522393 11 
0 0.541331 11 
0 0.544109 11 
0 0.544587 11 
0 0.545581 11 
0 0.562259 11 
0 0.577858 11 
0 0.638288 11 
0 0.64755 11 
0 0.649368 11 
0 0.654117 11 
0 0.854464 11 
0 0.856487 11 
0 0.857219 11 
0 0.865901 11 
0 0.901474 11 
0 1.22809 11 
0 1.22857 11 
0 1.22857 11 
0 1.23061 11 
0 1.26359 11 
0 1.26627 11 
0 1.26627 11 
0 1.28659 11 
0 1.30353 11 
0 1.30353 11 
0 1.36566 11 
0 1.37255 11 
0 1.58413 11 
0 1.58748 11 
0 1.8921 11 
0 1.89327 11 
0 1.90195 11 
0 1.9036 11 
0 1.9131 11 
0 inf 11 
0 0.0817452 12 
0 0.116423 12 
0 0.135538 12 
0 0.136621 12 
0 0.143305 12 
0 0.145362 12 
0 0.162869 12 
0 0.162882 12 
0 0.163784 12 
0 0.165612 12 
0 0.169954 12 
0 0.177878 12 
0 0.1844 12 
0 0.188331 12 
0 0.200715 12 
0 0.201528 12 
0 0.240575 12 
0 0.24386 12 
0 0.244826 12 
0 0.250172 12 
0 0.254842 12 
0 0.255048 12 
0 0.255049 12 
0 0.271527 12 
0 0.273246 12 
0 0.281744 12 
0 0.282699 12 
0 0.283335 12 
0 0.28558 12 
0 0.292561 12 
0 0.294391 12 
0 0.316442 12 
0 0.317528 12 
0 0.320332 12 
0 0.327281 12 
0 0.338648 12 
0 0.339084 12 
0 0.353835 12 
0 0.354805 12 
0 0.390281 12 
0 0.394782 12 
0 0.397139 12 
0 0.398867 12 
0 0.406317 12 
0 0.437826 12 
0 0.453897 12 
0 0.458976 12 
0 0.460716 12 
0 0.461538 12 
0 0.465123 12 
0 0.521122 12 
0 0.544453 12 
0 0.565918 12 
0 0.62145 12 
0 0.630232 12 
0 0.633963 12 
0 0.662019 12 
0 0.665793 12 
0 0.68068 12 
0 0.761268 12 
0 0.80723 12 
0 0.807656 12 
0 0.81341 12 
0 0.823078 12 
0 0.828223 12 
0 0.830119 12 
0 0.840987 12 
0 0.844485 12 
0 0.846577 12 
0 0.949745 12 
0 0.951141 12 
0 1.00817 12 
0 1.22364 12 
0 1.22729 12 
0 1.25282 12 
0 1.25712 12 
0 1.25751 12 
0 1.25759 12 
0 1.25939 12 
0 1.31843 12 
0 1.34908 12 
0 1.34908 12 
0 1.8844 12 
0 1.88565 12 
0 1.88899 12 
0 1.89231 12 
0 1.89263 12 
0 inf 12 
0 0.139496 13 
0 0.167348 13 
0 0.167348 13 
0 0.167628 13 
0 0.184376 13 
0 0.187029 13 
0 0.193972 13 
0 0.194731 13 
0 0.206552 13 
0 0.206992 13 
0 0.208648 13 
0 0.215857 13 
0 0.246825 13 
0 0.261673 13 
0 0.263358 13 
0 0.265996 13 
0 0.272024 13 
0 0.274005 13 
0 0.274585 13 
0 0.285606 13 
0 0.291378 13 
0 0.295599 13 
0 0.299349 13 
0 0.301861 13 
0 0.302987 13 
0 0.317382 13 
0 0.320589 13 
0 0.32591 13 
0 0.329082 13 
0 0.33117 13 
0 0.335284 13 
0 0.337341 13 
0 0.337486 13 
0 0.347666 13 
0 0.352433 13 
0 0.366652 13 
0 0.379688 13 
0 0.396645 13 
0 0.444429 13 
0 0.465778 13 
0 0.469695 13 
0 0.471543 13 
0 0.474349 13 
0 0.489722 13 
0 0.496004 13 
0 0.517669 13 
0 0.538417 13 
0 0.540603 13 
0 0.569722 13 
0 0.57067 13 
0 0.578157 13 
0 0.5923 13 
0 0.602479 13 
0 0.618435 13 
0 0.626247 13 
0 0.631479 13 
0 0.634273 13 
0 0.657252 13 
0 0.66135 13 
0 0.664897 13 
0 0.784056 13 
0 0.786246 13 
0 0.789241 13 
0 0.814191 13 
0 0.822776 13 
0 0.836813 13 
0 0.837693 13 
0 0.839799 13 
0 1.22485 13 
0 1.22965 13 
0 1.23743 13 
0 1.2379 13 
0 1.23937 13 
0 1.2737 13 
0 1.27566 13 
0 1.33395 13 
0 1.33524 13 
0 1.33705 13 
0 1.87523 13 
0 1.87648 13 
0 1.88223 13 
0 1.88231 13 
0 1.88249 13 
0 inf 13 
0 0.169676 14 
0 0.171376 14 
0 0.173373 14 
0 0.177849 14 
0 0.183592 14 
0 0.185452 14 
0 0.185985 14 
0 0.191453 14 
0 0.196767 14 
0 0.20388 14 
0 0.2044 14 
0 0.205562 14 
0 0.211911 14 
0 0.215595 14 
0 0.217636 14 
0 0.2254 14 
0 0.226041 14 
0 0.234365 14 
0 0.27418 14 
0 0.276698 14 
0 0.282788 14 
0 0.284592 14 
0 0.286656 14 
0 0.298092 14 
0 0.301495 14 
0 0.304089 14 
0 0.304895 14 
0 0.304898 14 
0 0.305538 14 
0 0.31644 14 
0 0.318151 14 
0 0.320298 14 
0 0.325324 14 
0 0.33027 14 
0 0.333672 14 
0 0.344401 14 
0 0.354507 14 
0 0.358251 14 
0 0.366501 14 
0 0.374313 14 
0 0.378644 14 
0 0.381889 14 
0 0.389619 14 
0 0.391633 14 
0 0.399735 14 
0 0.405591 14 
0 0.405955 14 
0 0.42646 14 
0 0.433658 14 
0 0.511941 14 
0 0.627204 14 
0 0.643578 14 
0 0.644667 14 
0 0.648391 14 
0 0.65448 14 
0 0.739035 14 
0 0.739101 14 
0 0.739633 14 
0 0.798289 14 
0 0.79909 14 
0 0.814076 14 
0 0.81787 14 
0 0.81793 14 
0 0.894521 14 
0 0.896277 14 
0 0.903648 14 
0 1.22665 14 
0 1.2367 14 
0 1.24411 14 
0 1.24443 14 
0 1.26219 14 
0 1.32702 14 
0 1.33091 14 
0 1.33588 14 
0 1.88276 14 
0 1.88296 14 
0 1.8831 14 
0 1.88414 14 
0 1.88414 14 
0 inf 14 
0 0.0829151 15 
0 0.137002 15 
0 0.151642 15 
0 0.152569 15 
0 0.153854 15 
0 0.160114 15 
0 0.160418 15 
0 0.202669 15 
0 0.205317 15 
0 0.205558 15 
0 0.205558 15 
0 0.205788 15 
0 0.207462 15 
0 0.218797 15 
0 0.227131 15 
0 0.234995 15 
0 0.239966 15 
0 0.243017 15 
0 0.244637 15 
0 0.25428 15 
0 0.254858 15 
0 0.258842 15 
0 0.258901 15 
0 0.263358 15 
0 0.29573 15 
0 0.296928 15 
0 0.297058 15 
0 0.30022 15 
0 0.303474 15 
0 0.304453 15 
0 0.308134 15 
0 0.309222 15 
0 0.325328 15 
0 0.328477 15 
0 0.32923 15 
0 0.329677 15 
0 0.334845 15 
0 0.345114 15 
0 0.345117 15 
0 0.358929 15 
0 0.36149 15 
0 0.383774 15 
0 0.3989 15 
0 0.399 15 
0 0.411988 15 
0 0.415194 15 
0 0.509443 15 
0 0.511464 15 
0 0.56435 15 
0 0.572037 15 
0 0.609788 15 
0 0.610513 15 
0 0.610915 15 
0 0.611972 15 
0 0.678516 15 
0 0.679095 15 
0 0.701438 15 
0 0.798412 15 
0 0.810012 15 
0 0.81864 15 
0 0.907326 15 
0 0.909112 15 
0 0.909544 15 
0 1.23678 15 
0 1.2438 15 
0 1.24502 15 
0 1.24502 15 
0 1.26833 15 
0 1.28736 15 
0 1.28812 15 
0 1.28831 15 
0 1.8769 15 
0 1.95016 15 
0 1.95034 15 
0 1.95064 15 
0 inf 15 
0 0.111287 16 
0 0.133735 16 
0 0.135174 16 
0 0.14602 16 
0 0.160747 16 
0 0.17785 16 
0 0.188314 16 
0 0.189096 16 
0 0.190132 16 
0 0.212407 16 
0 0.227349 16 
0 0.232689 16 
0 0.233809 16 
0 0.243624 16 
0 0.251175 16 
0 0.251789 16 
0 0.255828 16 
0 0.255829 16 
0 0.256399 16 
0 0.259476 16 
0 0.260393 16 
0 0.262087 16 
0 0.262648 16 
0 0.263359 16 
0 0.265466 16 
0 0.267799 16 
0 0.282303 16 
0 0.282676 16 
0 0.288875 16 
0 0.290232 16 
0 0.291036 16 
0 0.293275 16 
0 0.329551 16 
0 0.338061 16 
0 0.343435 16 
0 0.344083 16 
0 0.348623 16 
0 0.358554 16 
0 0.423133 16 
0 0.438304 16 
0 0.498521 16 
0 0.511454 16 
0 0.547825 16 
0 0.560945 16 
0 0.582244 16 
0 0.642665 16 
0 0.644725 16 
0 0.64845 16 
0 0.728864 16 
0 0.800555 16 
0 0.80221 16 
0 0.807165 16 
0 0.809049 16 
0 0.809292 16 
0 0.812926 16 
0 0.828025 16 
0 1.22677 16 
0 1.26948 16 
0 1.33355 16 
0 1.33484 16 
0 1.33484 16 
0 1.41327 16 
0 1.4551 16 
0 1.46479 16 
0 1.56589 16 
0 1.57524 16 
0 1.58056 16 
0 1.87839 16 
0 1.89941 16 
0 1.89949 16 
0 1.90024 16 
0 inf 16 
0 0.116426 17 
0 0.117685 17 
0 0.121384 17 
0 0.13074 17 
0 0.189641 17 
0 0.207457 17 
0 0.219021 17 
0 0.229902 17 
0 0.229902 17 
0 0.229902 17 
0 0.255252 17 
0 0.262654 17 
0 0.264332 17 
0 0.271889 17 
0 0.2738 17 
0 0.273869 17 
0 0.274765 17 
0 0.274765 17 
0 0.284392 17 
0 0.288188 17 
0 0.289486 17 
0 0.290398 17 
0 0.298375 17 
0 0.301031 17 
0 0.301525 17 
0 0.311083 17 
0 0.316565 17 
0 0.319871 17 
0 0.323992 17 
0 0.325743 17 
0 0.332633 17 
0 0.334292 17 
0 0.33864 17 
0 0.350348 17 
0 0.385207 17 
0 0.49918 17 
0 0.523421 17 
0 0.523515 17 
0 0.529024 17 
0 0.556519 17 
0 0.5596 17 
0 0.614123 17 
0 0.614443 17 
0 0.617236 17 
0 0.618826 17 
0 0.76543 17 
0 0.818769 17 
0 0.818769 17 
0 0.819909 17 
0 0.820208 17 
0 0.861528 17 
0 0.952384 17 
0 0.953776 17 
0 0.960348 17 
0 1.03638 17 
0 1.23316 17 
0 1.2595 17 
0 1.2651 17 
0 1.27053 17 
0 1.28319 17 
0 1.45351 17 
0 1.45567 17 
0 1.47449 17 
0 1.87873 17 
0 1.88289 17 
0 1.88562 17 
0 1.88625 17 
0 inf 17 
0 0.0897392 18 
0 0.10013 18 
0 0.105389 18 
0 0.107696 18 
0 0.12219 18 
0 0.125759 18 
0 0.125759 18 
0 0.138049 18 
0 0.139818 18 
0 0.15419 18 
0 0.208211 18 
0 0.210591 18 
0 0.235039 18 
0 0.257392 18 
0 0.263004 18 
0 0.273983 18 
0 0.284004 18 
0 0.285231 18 
0 0.285919 18 
0 0.289736 18 
0 0.290533 18 
0 0.290921 18 
0 0.317833 18 
0 0.320189 18 
0 0.335553 18 
0 0.335699 18 
0 0.335699 18 
0 0.356483 18 
0 0.369476 18 
0 0.370139 18 
0 0.375413 18 
0 0.498523 18 
0 0.516577 18 
0 0.519612 18 
0 0.524598 18 
0 0.584286 18 
0 0.584286 18 
0 0.618429 18 
0 0.619698 18 
0 0.621203 18 
0 0.62144 18 
0 0.71998 18 
0 0.799826 18 
0 0.817327 18 
0 0.826889 18 
0 0.827423 18 
0 0.828007 18 
0 0.8422 18 
0 0.889292 18 
0 0.905813 18 
0 0.917144 18 
0 1.22773 18 
0 1.22821 18 
0 1.23348 18 
0 1.2348 18 
0 1.28816 18 
0 1.35595 18 
0 1.36202 18 
0 1.55748 18 
0 1.88297 18 
0 1.88367 18 
0 1.88719 18 
0 1.89117 18 
0 inf 18 
0 0.0799356 19 
0 0.0919438 19 
0 0.112597 19 
0 0.132232 19 
0 0.144654 19 
0 0.151292 19 
0 0.188336 19 
0 0.197503 19 
0 0.225178 19 
0 0.238731 19 
0 0.238979 19 
0 0.240004 19 
0 0.243057 19 
0 0.259445 19 
0 0.259445 19 
0 0.270984 19 
0 0.275836 19 
0 0.287009 19 
0 0.302972 19 
0 0.306198 19 
0 0.306198 19 
0 0.311752 19 
0 0.313167 19 
0 0.313638 19 
0 0.31563 19 
0 0.31563 19 
0 0.317957 19 
0 0.397414 19 
0 0.398506 19 
0 0.402187 19 
0 0.402207 19 
0 0.420482 19 
0 0.426034 19 
0 0.459277 19 
0 0.461837 19 
0 0.462531 19 
0 0.464384 19 
0 0.46749 19 
0 0.637047 19 
0 0.656496 19 
0 0.657765 19 
0 0.668362 19 
0 0.7156 19 
0 0.778091 19 
0 0.784882 19 
0 0.798339 19 
0 0.809171 19 
0 0.810809 19 
0 0.816124 19 
0 0.816124 19 
0 1.22051 19 
0 1.25285 19 
0 1.25845 19 
0 1.27068 19 
0 1.37029 19 
0 1.37416 19 
0 1.88022 19 
0 1.88127 19 
0 1.88375 19 
0 inf 19 
0 0.118107 20 
0 0.12139 20 
0 0.134807 20 
0 0.155775 20 
0 0.162899 20 
0 0.165293 20 
0 0.173403 20 
0 0.175363 20 
0 0.179511 20 
0 0.184662 20 
0 0.185459 20 
0 0.202665 20 
0 0.234789 20 
0 0.237505 20 
0 0.257362 20 
0 0.26021 20 
0 0.266173 20 
0 0.267678 20 
0 0.283002 20 
0 0.292249 20 
0 0.292921 20 
0 0.299573 20 
0 0.314729 20 
0 0.316326 20 
0 0.318765 20 
0 0.319418 20 
0 0.319685 20 
0 0.348515 20 
0 0.35411 20 
0 0.368393 20 
0 0.383137 20 
0 0.403134 20 
0 0.403398 20 
0 0.447244 20 
0 0.448122 20 
0 0.449327 20 
0 0.481171 20 
0 0.513761 20 
0 0.514526 20 
0 0.517573 20 
0 0.64709 20 
0 0.668754 20 
0 0.672272 20 
0 0.675619 20 
0 0.836276 20 
0 0.83745 20 
0 1.23615 20 
0 1.26012 20 
0 1.26538 20 
0 1.26693 20 
0 1.27743 20 
0 1.2846 20 
0 1.88732 20 
0 1.89532 20 
0 3.71199 20 
0 inf 20 
