5.31848 8.96939 1 
0.877694 2.31614 1 
0.265894 0.286004 1 
0.256063 0.290776 1 
0.231955 0.24067 1 
0.231915 0.251103 1 
0.222157 0.268624 1 
0.195438 0.205656 1 
0.133383 0.224037 1 
0.120394 0.121924 1 
0.105076 0.107559 1 
0.103677 0.10545 1 
0.102638 0.132357 1 
0.0855363 0.111915 1 
0.0731141 0.0859881 1 
0.0526335 0.0575906 1 
0.0414338 0.0439473 1 
0.0414337 0.041902 1 
0.0414335 0.0432757 1 
0.0399961 0.0446076 1 
0.0397512 0.0452595 1 
0.0395203 0.0419044 1 
0.0392576 0.0421341 1 
0.0379953 0.0528182 1 
0.0377364 0.03975 1 
0.0366924 0.0374861 1 
0.0361533 0.0428226 1 
0.0353345 0.0448258 1 
0.0312312 0.0366892 1 
6.54647 6.54848 2 
6.50654 6.67596 2 
4.37746 6.67756 2 
0.714959 2.97434 2 
0.268302 0.292946 2 
0.260711 0.271265 2 
0.238217 0.260512 2 
0.235962 0.238267 2 
0.234047 0.255452 2 
0.229544 0.258525 2 
0.217507 0.301934 2 
0.2157 0.22128 2 
0.200908 0.282363 2 
0.181248 0.270003 2 
0.1805 0.219556 2 
0.0658035 0.0720347 2 
0.0597461 0.0600803 2 
0.0562169 0.0633934 2 
0.0497759 0.0507458 2 
0.0483839 0.0518864 2 
0.0428228 0.0522606 2 
0.0411974 0.0448264 2 
0.0399962 0.0518864 2 
0.0399961 0.0509373 2 
4.29054 4.78162 3 
4.2199 4.82801 3 
3.99191 4.84422 3 
3.63177 3.73338 3 
0.675311 3.07292 3 
0.531248 0.537379 3 
0.261225 0.263014 3 
0.258864 0.265964 3 
0.255223 0.269282 3 
0.251876 0.257206 3 
0.249425 0.269971 3 
0.249382 0.278609 3 
0.235216 0.236292 3 
0.216963 0.247694 3 
0.205181 0.273133 3 
0.195943 0.274805 3 
0.0615193 0.0649137 3 
0.0599134 0.0705311 3 
1.07688 2.76922 4 
0.316142 0.324929 4 
0.305951 0.315023 4 
0.265265 0.282882 4 
0.218086 0.246237 4 
0.210391 0.232504 4 
0.206649 0.232293 4 
0.202452 0.234552 4 
0.200518 0.232464 4 
0.180492 0.187751 4 
0.0752157 0.0873374 4 
0.0699766 0.0705325 4 
2.37125 2.42406 5 
2.36624 2.39245 5 
2.3262 2.37751 5 
2.27422 2.30691 5 
1.53712 2.42612 5 
0.26841 0.283987 5 
0.256141 0.279554 5 
0.245725 0.247816 5 
0.244247 0.285666 5 
0.229038 0.243127 5 
0.217369 0.22465 5 
0.169804 0.216423 5 
0.169804 0.229295 5 
0.063237 0.0644612 5 
0.0594229 0.0669864 5 
0.0592585 0.0646147 5 
2.2696 2.29449 6 
2.25028 2.58211 6 
2.23665 2.40982 6 
2.23418 2.413 6 
2.23409 2.44239 6 
2.13119 2.1845 6 
2.11339 2.17221 6 
2.1054 2.17593 6 
0.251064 0.273669 6 
0.244406 0.254728 6 
0.188222 0.205037 6 
0.0658107 0.068566 6 
0.0630833 0.0652138 6 
0.0516955 0.0560423 6 
2.71082 2.91736 7 
2.62499 2.68579 7 
2.48575 2.53784 7 
2.16094 2.23522 7 
2.15346 2.18691 7 
1.55845 1.59248 7 
1.51097 1.9629 7 
1.50894 1.99403 7 
1.41851 1.99864 7 
0.248327 0.273202 7 
0.241921 0.266293 7 
0.170893 0.182058 7 
1.91857 2.10091 8 
1.85012 2.0766 8 
1.70727 2.181 8 
1.35308 1.42405 8 
1.28949 1.74479 8 
0.19469 0.240584 8 
0.189201 0.258225 8 
0.138689 0.144883 8 
0.135922 0.13981 8 
2.43601 2.66373 9 
2.4346 2.66382 9 
2.30834 2.47245 9 
2.26649 2.41165 9 
1.32438 1.34451 9 
1.27898 1.5219 9 
0.73412 0.794513 9 
0.217503 0.22102 9 
0.159865 0.191457 9 
0.143801 0.165907 9 
0.143325 0.147482 9 
0.136065 0.143394 9 
0.122322 0.125397 9 
2.56331 2.5758 10 
2.55526 2.58526 10 
2.07062 2.08915 10 
1.37624 1.46552 10 
1.36521 1.45294 10 
1.2142 1.24173 10 
1.18197 1.31573 10 
0.25296 0.253961 10 
0.192326 0.200954 10 
1.3767 1.41677 11 
1.37669 1.42076 11 
1.3655 1.38494 11 
1.3632 1.37331 11 
1.35964 1.58043 11 
1.28313 1.39694 11 
1.13777 1.19229 11 
1.0324 1.08892 11 
1.02263 1.27413 11 
0.534834 0.576671 11 
0.266226 0.267645 11 
1.82326 1.9135 12 
1.51839 1.66296 12 
1.49673 1.66028 12 
1.31615 1.31802 12 
0.880523 0.902016 12 
0.850323 0.915348 12 
0.824867 0.854308 12 
0.822842 0.846672 12 
0.78003 0.928639 12 
0.778239 0.999477 12 
0.444972 0.472219 12 
2.0615 2.14246 13 
2.05506 2.14289 13 
0.836168 0.967175 13 
0.44293 0.518152 13 
0.439936 0.492769 13 
2.33422 2.43321 14 
2.3287 2.42781 14 
2.32652 2.42361 14 
2.25124 2.31423 14 
2.25082 2.31465 14 
2.20223 2.31488 14 
2.00519 2.02192 15 
2.00247 2.0291 15 
1.62472 1.63231 15 
1.53281 1.53625 15 
1.15105 1.15172 15 
1.11269 1.15294 15 
0.293651 0.30468 15 
1.44196 1.51014 16 
1.0293 1.24065 16 
0.990375 1.02578 16 
0.950503 1.02314 16 
0.907449 1.00403 16 
0.292151 0.294326 16 
0.290645 0.295121 16 
0.916893 0.934755 17 
0.907089 0.950402 17 
0.296087 0.298045 17 
0.296087 0.298569 17 
0.742731 0.816353 18 
0.456171 0.513097 18 
0.720004 0.80991 19 
0.424796 0.442538 19 
0.392047 0.411781 20 
