4.15651 6.93399 1 
1.21872 2.98257 1 
0.183912 0.188387 1 
0.182369 0.203253 1 
0.176346 0.189109 1 
0.1277 0.162008 1 
0.0628327 0.0695199 1 
0.0542707 0.0545797 1 
0.0516937 0.0545713 1 
0.051526 0.0551981 1 
0.0512012 0.0531578 1 
0.0512012 0.0531578 1 
0.0506982 0.0684262 1 
0.0491676 0.0606378 1 
0.049166 0.0529948 1 
0.0484614 0.0526739 1 
0.0475748 0.053788 1 
0.0440498 0.0562663 1 
0.0422812 0.043667 1 
0.0422782 0.0479406 1 
0.0412618 0.0414658 1 
0.0397901 0.0440547 1 
4.94761 5.07102 2 
4.9445 5.24005 2 
3.67092 5.24048 2 
1.00146 4.00001 2 
0.176925 0.18186 2 
0.172836 0.196391 2 
0.170552 0.198847 2 
0.150064 0.169304 2 
0.125884 0.140636 2 
0.0796828 0.0807419 2 
0.0789303 0.0837468 2 
0.069771 0.0720553 2 
0.0651074 0.0663972 2 
0.0597866 0.0600713 2 
0.0587835 0.0610553 2 
0.0495048 0.056725 2 
0.0488192 0.0537966 2 
0.0488124 0.0631184 2 
0.0475809 0.0558075 2 
0.0442427 0.0457579 2 
0.0440533 0.0442464 2 
3.60716 4.0333 3 
3.56926 4.01707 3 
3.11597 4.03415 3 
0.896427 4.13997 3 
0.155797 0.163476 3 
0.152096 0.159256 3 
0.149552 0.163943 3 
0.104942 0.12176 3 
0.0679176 0.0776225 3 
0.0587817 0.0637855 3 
0.0481187 0.0520301 3 
0.0479329 0.0498533 3 
0.0464922 0.0541078 3 
0.866733 4.08368 4 
0.14214 0.155629 4 
0.14214 0.155957 4 
0.140268 0.1522 4 
0.0589284 0.0692862 4 
2.04662 2.23481 5 
2.0463 2.22551 5 
2.04591 2.22447 5 
1.97772 2.16758 5 
1.94845 2.05459 5 
1.42329 3.72867 5 
0.0599249 0.0620197 5 
3.14207 3.27796 6 
3.13816 3.23125 6 
2.79962 2.87809 6 
2.01179 2.06782 6 
1.9292 3.30564 6 
1.7944 1.83942 6 
1.51662 1.5618 6 
0.12676 0.127565 6 
0.116619 0.121835 6 
0.11574 0.117131 6 
0.0844509 0.0875142 6 
0.0564118 0.0596472 6 
2.63486 2.72209 7 
2.46655 2.6684 7 
2.41036 2.77924 7 
2.4067 2.74221 7 
2.37918 2.78017 7 
1.82172 2.01937 7 
1.64929 1.67084 7 
1.63062 1.65725 7 
0.085059 0.0964941 7 
2.70849 2.77267 8 
2.26148 2.33549 8 
2.13947 2.37256 8 
2.08775 3.28494 8 
2.00056 2.02138 8 
1.93065 2.45447 8 
1.95153 1.9813 9 
1.81197 2.14536 9 
1.5402 2.25545 9 
1.07972 1.10937 9 
0.59874 0.608169 9 
0.125005 0.12948 9 
2.01393 2.05437 10 
1.98199 2.07965 10 
1.98199 2.07957 10 
1.89122 2.22039 10 
1.873 2.19681 10 
1.30137 1.96017 10 
0.193421 0.199019 10 
2.32205 2.49027 11 
2.32185 2.48997 11 
2.10427 2.6948 11 
2.10416 2.86845 11 
1.69213 1.82287 11 
1.52821 1.72502 11 
0.63109 0.646143 11 
0.386021 0.421649 11 
2.02319 2.08949 12 
2.0194 2.07249 12 
2.01906 2.07222 12 
1.99932 2.01372 12 
1.85923 2.18183 12 
1.78254 2.1172 12 
1.68385 1.77495 12 
1.68256 1.68786 12 
1.61893 1.62109 12 
1.58472 1.70971 12 
1.55344 1.6919 12 
1.49918 1.63421 12 
1.46632 1.49477 12 
0.78249 0.830015 12 
0.358643 0.376016 12 
2.0114 2.04775 13 
2.011 2.04705 13 
2.01058 2.04775 13 
1.53959 1.5632 13 
1.53671 1.55096 13 
1.48792 1.49715 13 
1.23529 1.23962 13 
1.22265 1.25172 13 
1.20527 1.34625 13 
1.11123 1.14093 13 
0.847316 0.855954 13 
0.683784 0.756808 13 
0.347656 0.355479 13 
1.03852 1.09285 14 
0.99706 1.08667 14 
0.941544 1.11773 14 
0.7958 0.796666 14 
0.77871 0.786149 14 
1.9788 2.01891 15 
1.97879 2.01935 15 
1.97822 2.01841 15 
1.86238 1.96056 15 
1.8623 1.9616 15 
1.85111 1.94532 15 
0.957611 0.964356 15 
0.951453 0.952049 15 
0.939441 0.969425 15 
0.920525 1.06595 15 
0.913314 0.962739 15 
0.910812 0.982759 15 
0.672865 0.681433 15 
2.06695 2.5693 16 
2.0667 2.57029 16 
2.06617 2.57036 16 
0.639811 0.688366 16 
2.0751 2.09509 17 
2.0751 2.09433 17 
2.07406 2.09512 17 
1.81817 1.87765 17 
1.71124 1.89202 17 
1.65546 1.89603 17 
1.65546 1.89469 17 
1.96024 2.21609 18 
1.95946 2.14351 18 
1.95852 2.14532 18 
1.56483 1.62204 18 
1.43908 1.44627 18 
1.43739 1.44548 18 
1.43328 1.44179 18 
0.725767 0.802307 20 
