0 0.013286 1 
0 0.0139322 1 
0 0.013934 1 
0 0.0145515 1 
0 0.0145518 1 
0 0.0151464 1 
0 0.015715 1 
0 0.0157174 1 
0 0.0157182 1 
0 0.0157184 1 
0 0.0162717 1 
0 0.017319 1 
0 0.0187865 1 
0 0.0187865 1 
0 0.0197027 1 
0 0.0201464 1 
0 0.0210038 1 
0 0.0218238 1 
0 0.02183 1 
0 0.0222287 1 
0 0.0222288 1 
0 0.0241313 1 
0 0.0241315 1 
0 0.0244948 1 
0 0.0252045 1 
0 0.0272191 1 
0 0.0275412 1 
0 0.0275464 1 
0 0.02818 1 
0 0.0287937 1 
0 0.0288025 1 
0 0.0294061 1 
0 0.0296985 1 
0 0.0296985 1 
0 0.0297042 1 
0 0.029707 1 
0 0.0302866 1 
0 0.031148 1 
0 0.031148 1 
0 0.0319862 1 
0 0.0319923 1 
0 0.0322725 1 
0 0.0325386 1 
0 0.032539 1 
0 0.0328096 1 
0 0.0328116 1 
0 0.0333365 1 
0 0.0333365 1 
0 0.033343 1 
0 0.034121 1 
0 0.0341275 1 
0 0.0348947 1 
0 0.0351463 1 
0 0.0351464 1 
0 0.0358915 1 
0 0.036136 1 
0 0.0366213 1 
0 0.0366214 1 
0 0.0380395 1 
0 0.0382713 1 
0 0.0398519 1 
0 0.0402884 1 
0 0.0405107 1 
0 0.0405137 1 
0 0.0407278 1 
0 0.0413722 1 
0 0.0422135 1 
0 0.0422167 1 
0 0.0422224 1 
0 0.0432496 1 
0 0.0448522 1 
0 0.0467811 1 
0 0.0473433 1 
0 0.0550834 1 
0 0.0550849 1 
0 0.0574439 1 
0 0.0594082 1 
0 0.0621674 1 
0 0.0627288 1 
0 0.0638461 1 
0 0.0639898 1 
0 0.0642607 1 
0 0.0672174 1 
0 0.0720248 1 
0 0.0799314 1 
0 0.0812451 1 
0 0.0974346 1 
0 0.102468 1 
0 0.11412 1 
0 0.122907 1 
0 0.136765 1 
0 0.141467 1 
0 0.142087 1 
0 0.181464 1 
0 0.184836 1 
0 0.186355 1 
0 0.192504 1 
0 0.194327 1 
0 0.221209 1 
0 0.230511 1 
0 0.290371 1 
0 0.309866 1 
0 0.365065 1 
0 0.408098 1 
0 0.4258 1 
0 0.441358 1 
0 0.485005 1 
0 0.486147 1 
0 0.494909 1 
0 0.511395 1 
0 0.54789 1 
0 0.566009 1 
0 0.577843 1 
0 0.585901 1 
0 0.683233 1 
0 0.739595 1 
0 0.819 1 
0 0.831413 1 
0 0.873201 1 
0 1.15233 1 
0 1.18083 1 
0 1.51237 1 
0 1.73477 1 
0 1.88417 1 
0 2.77663 1 
0 2.82405 1 
0 3.55852 1 
0 3.99006 1 
0 4.8067 1 
0 4.89982 1 
0 4.98317 1 
0 inf 1 
0 0.0132822 2 
0 0.0151436 2 
0 0.0168047 2 
0 0.0183074 2 
0 0.0197019 2 
0 0.0205796 2 
0 0.0233846 2 
0 0.0233914 2 
0 0.0237635 2 
0 0.0241299 2 
0 0.025552 2 
0 0.0262365 2 
0 0.0275426 2 
0 0.0275465 2 
0 0.0275469 2 
0 0.0278648 2 
0 0.0278654 2 
0 0.028491 2 
0 0.028491 2 
0 0.028491 2 
0 0.0287992 2 
0 0.0287999 2 
0 0.0291041 2 
0 0.0291042 2 
0 0.03 2 
0 0.0317152 2 
0 0.0319923 2 
0 0.0322668 2 
0 0.0322673 2 
0 0.0330774 2 
0 0.0336067 2 
0 0.0336067 2 
0 0.0336112 2 
0 0.0341271 2 
0 0.0346425 2 
0 0.0351464 2 
0 0.0353898 2 
0 0.0353964 2 
0 0.0356456 2 
0 0.036626 2 
0 0.0368627 2 
0 0.0370948 2 
0 0.0375735 2 
0 0.0378072 2 
0 0.0382638 2 
0 0.0385005 2 
0 0.0389492 2 
0 0.0391819 2 
0 0.0391828 2 
0 0.0393995 2 
0 0.0400668 2 
0 0.0407205 2 
0 0.0407276 2 
0 0.0409379 2 
0 0.0430372 2 
0 0.0442604 2 
0 0.045821 2 
0 0.0477117 2 
0 0.0495224 2 
0 0.0557344 2 
0 0.0588111 2 
0 0.0628648 2 
0 0.0628678 2 
0 0.062872 2 
0 0.0738442 2 
0 0.074669 2 
0 0.0746742 2 
0 0.0752618 2 
0 0.0771155 2 
0 0.0781393 2 
0 0.0817728 2 
0 0.0817805 2 
0 0.131572 2 
0 0.132575 2 
0 0.140963 2 
0 0.142519 2 
0 0.144483 2 
0 0.144483 2 
0 0.14576 2 
0 0.150529 2 
0 0.153202 2 
0 0.160732 2 
0 0.161718 2 
0 0.166925 2 
0 0.167981 2 
0 0.172541 2 
0 0.187963 2 
0 0.213661 2 
0 0.245482 2 
0 0.264852 2 
0 0.296845 2 
0 0.356186 2 
0 0.410877 2 
0 0.420707 2 
0 0.452418 2 
0 0.453645 2 
0 0.458374 2 
0 0.4621 2 
0 0.466864 2 
0 0.468956 2 
0 0.532644 2 
0 0.543562 2 
0 0.62113 2 
0 0.623716 2 
0 0.627273 2 
0 0.62745 2 
0 0.631065 2 
0 0.645285 2 
0 0.660056 2 
0 0.673582 2 
0 0.768206 2 
0 0.773879 2 
0 0.820679 2 
0 1.06459 2 
0 1.06745 2 
0 1.55781 2 
0 1.6505 2 
0 2.30218 2 
0 3.33831 2 
0 3.38266 2 
0 3.56751 2 
0 3.58677 2 
0 3.66508 2 
0 3.6968 2 
0 3.72251 2 
0 4.11789 2 
0 4.12711 2 
0 inf 2 
0 0.0168028 3 
0 0.0183104 3 
0 0.021825 3 
0 0.0233888 3 
0 0.023389 3 
0 0.0262359 3 
0 0.0265674 3 
0 0.0265679 3 
0 0.0265685 3 
0 0.0272234 3 
0 0.0275464 3 
0 0.0281798 3 
0 0.0284895 3 
0 0.0284908 3 
0 0.0287951 3 
0 0.0294074 3 
0 0.0302919 3 
0 0.0302921 3 
0 0.0305822 3 
0 0.0308697 3 
0 0.0308716 3 
0 0.0311541 3 
0 0.0317155 3 
0 0.0317158 3 
0 0.0319919 3 
0 0.0328089 3 
0 0.0330716 3 
0 0.0330766 3 
0 0.0338686 3 
0 0.0341216 3 
0 0.0343851 3 
0 0.0346341 3 
0 0.0348938 3 
0 0.0351468 3 
0 0.03638 3 
0 0.03638 3 
0 0.0371001 3 
0 0.0373371 3 
0 0.0378073 3 
0 0.0400757 3 
0 0.0434546 3 
0 0.0438569 3 
0 0.0467762 3 
0 0.0484416 3 
0 0.0534651 3 
0 0.0536274 3 
0 0.0537926 3 
0 0.0555742 3 
0 0.0563628 3 
0 0.0592608 3 
0 0.0600024 3 
0 0.0604418 3 
0 0.0632891 3 
0 0.0646707 3 
0 0.0664141 3 
0 0.067604 3 
0 0.0712876 3 
0 0.072148 3 
0 0.0732391 3 
0 0.0764262 3 
0 0.0764263 3 
0 0.0768897 3 
0 0.0788141 3 
0 0.0797041 3 
0 0.122045 3 
0 0.129474 3 
0 0.1337 3 
0 0.143749 3 
0 0.147384 3 
0 0.149053 3 
0 0.149466 3 
0 0.155714 3 
0 0.156731 3 
0 0.173562 3 
0 0.173562 3 
0 0.219367 3 
0 0.264052 3 
0 0.281604 3 
0 0.291806 3 
0 0.315384 3 
0 0.358108 3 
0 0.381315 3 
0 0.383809 3 
0 0.394402 3 
0 0.394781 3 
0 0.39676 3 
0 0.396869 3 
0 0.469324 3 
0 0.489779 3 
0 0.499539 3 
0 0.499577 3 
0 0.512239 3 
0 0.520702 3 
0 0.528429 3 
0 0.531238 3 
0 0.556078 3 
0 0.567961 3 
0 0.593512 3 
0 0.597756 3 
0 0.600845 3 
0 0.603486 3 
0 0.613496 3 
0 0.615506 3 
0 0.61701 3 
0 0.695189 3 
0 1.06014 3 
0 1.0684 3 
0 1.18629 3 
0 1.50636 3 
0 1.95576 3 
0 2.08997 3 
0 2.21775 3 
0 2.21968 3 
0 2.22042 3 
0 2.44478 3 
0 3.01062 3 
0 3.02261 3 
0 3.39108 3 
0 3.39587 3 
0 3.39615 3 
0 3.7904 3 
0 3.9212 3 
0 3.94546 3 
0 inf 3 
0 0.0205802 4 
0 0.0218294 4 
0 0.0218296 4 
0 0.0233869 4 
0 0.0244917 4 
0 0.0244922 4 
0 0.0262325 4 
0 0.0262338 4 
0 0.0262341 4 
0 0.0265684 4 
0 0.027224 4 
0 0.0272242 4 
0 0.0281803 4 
0 0.0291052 4 
0 0.0297043 4 
0 0.0305855 4 
0 0.0308682 4 
0 0.0308694 4 
0 0.0322664 4 
0 0.0330777 4 
0 0.0333424 4 
0 0.0341276 4 
0 0.0348943 4 
0 0.0371006 4 
0 0.0373368 4 
0 0.0382703 4 
0 0.0389573 4 
0 0.03918 4 
0 0.0400726 4 
0 0.0400726 4 
0 0.0432517 4 
0 0.0450471 4 
0 0.0452393 4 
0 0.0467775 4 
0 0.0486194 4 
0 0.0511043 4 
0 0.0563598 4 
0 0.0575947 4 
0 0.0592618 4 
0 0.0604281 4 
0 0.0642496 4 
0 0.0665512 4 
0 0.0674781 4 
0 0.0681252 4 
0 0.072146 4 
0 0.075027 4 
0 0.0763108 4 
0 0.076775 4 
0 0.0774575 4 
0 0.0779103 4 
0 0.0788153 4 
0 0.0790388 4 
0 0.0791503 4 
0 0.0884162 4 
0 0.0914593 4 
0 0.102384 4 
0 0.105107 4 
0 0.105359 4 
0 0.134031 4 
0 0.134623 4 
0 0.13495 4 
0 0.135276 4 
0 0.137345 4 
0 0.1443 4 
0 0.144484 4 
0 0.146424 4 
0 0.160898 4 
0 0.187678 4 
0 0.253307 4 
0 0.300929 4 
0 0.331224 4 
0 0.335564 4 
0 0.347814 4 
0 0.36894 4 
0 0.392069 4 
0 0.394793 4 
0 0.395155 4 
0 0.397681 4 
0 0.408145 4 
0 0.453531 4 
0 0.454353 4 
0 0.481372 4 
0 0.484891 4 
0 0.486489 4 
0 0.495789 4 
0 0.506684 4 
0 0.510882 4 
0 0.51875 4 
0 0.528303 4 
0 0.531053 4 
0 0.546219 4 
0 0.563575 4 
0 0.564065 4 
0 0.569789 4 
0 0.579131 4 
0 0.581488 4 
0 0.582287 4 
0 0.717644 4 
0 0.807479 4 
0 1.06949 4 
0 1.08728 4 
0 1.19979 4 
0 1.27602 4 
0 1.27677 4 
0 1.27793 4 
0 1.51567 4 
0 1.70877 4 
0 1.7154 4 
0 1.72377 4 
0 1.75836 4 
0 2.06028 4 
0 2.71315 4 
0 2.77981 4 
0 2.78043 4 
0 2.78147 4 
0 2.86023 4 
0 3.12547 4 
0 3.13023 4 
0 3.1319 4 
0 inf 4 
0 0.019249 5 
0 0.0192503 5 
0 0.0197032 5 
0 0.0214208 5 
0 0.0230077 5 
0 0.0230116 5 
0 0.0233917 5 
0 0.0237634 5 
0 0.0255486 5 
0 0.0255519 5 
0 0.026899 5 
0 0.029704 5 
0 0.0305833 5 
0 0.0311545 5 
0 0.0314351 5 
0 0.0319907 5 
0 0.033077 5 
0 0.0351457 5 
0 0.0353945 5 
0 0.0353959 5 
0 0.0373381 5 
0 0.0405107 5 
0 0.045048 5 
0 0.0460144 5 
0 0.0480819 5 
0 0.0480819 5 
0 0.0486265 5 
0 0.0489894 5 
0 0.0493493 5 
0 0.0493516 5 
0 0.0498812 5 
0 0.0500566 5 
0 0.0502325 5 
0 0.0544496 5 
0 0.0555627 5 
0 0.0563602 5 
0 0.0592589 5 
0 0.0617367 5 
0 0.0617395 5 
0 0.0628754 5 
0 0.0639893 5 
0 0.0657552 5 
0 0.0686442 5 
0 0.0700416 5 
0 0.0706681 5 
0 0.0744381 5 
0 0.0760778 5 
0 0.0788122 5 
0 0.0833874 5 
0 0.0897042 5 
0 0.0980698 5 
0 0.09807 5 
0 0.124259 5 
0 0.124259 5 
0 0.127213 5 
0 0.134361 5 
0 0.153316 5 
0 0.158465 5 
0 0.158465 5 
0 0.179934 5 
0 0.23028 5 
0 0.253237 5 
0 0.277382 5 
0 0.342565 5 
0 0.377864 5 
0 0.390355 5 
0 0.396493 5 
0 0.398109 5 
0 0.416245 5 
0 0.416754 5 
0 0.443368 5 
0 0.451239 5 
0 0.465676 5 
0 0.465787 5 
0 0.466847 5 
0 0.476565 5 
0 0.479829 5 
0 0.483239 5 
0 0.486351 5 
0 0.500416 5 
0 0.513918 5 
0 0.527297 5 
0 0.544316 5 
0 0.545999 5 
0 0.547935 5 
0 0.552942 5 
0 0.557836 5 
0 0.558657 5 
0 0.654312 5 
0 0.794045 5 
0 1.07869 5 
0 1.08624 5 
0 1.18716 5 
0 1.22645 5 
0 1.23854 5 
0 1.23865 5 
0 1.24446 5 
0 1.29749 5 
0 1.46794 5 
0 1.47557 5 
0 1.52006 5 
0 1.57188 5 
0 1.64461 5 
0 1.64941 5 
0 1.65762 5 
0 1.87059 5 
0 2.06827 5 
0 2.17688 5 
0 2.28225 5 
0 2.28386 5 
0 2.3055 5 
0 2.30577 5 
0 2.30781 5 
0 2.31019 5 
0 2.31159 5 
0 inf 5 
0 0.0168025 6 
0 0.0168025 6 
0 0.0222281 6 
0 0.0222283 6 
0 0.0248514 6 
0 0.0252041 6 
0 0.0272242 6 
0 0.0275463 6 
0 0.030292 6 
0 0.0328064 6 
0 0.0343786 6 
0 0.0366159 6 
0 0.0366191 6 
0 0.0380422 6 
0 0.039407 6 
0 0.0398491 6 
0 0.0409433 6 
0 0.0422166 6 
0 0.0424266 6 
0 0.0442559 6 
0 0.044456 6 
0 0.0444579 6 
0 0.0458208 6 
0 0.045824 6 
0 0.0465888 6 
0 0.047336 6 
0 0.0478996 6 
0 0.0489805 6 
0 0.0497036 6 
0 0.0500577 6 
0 0.0516215 6 
0 0.0529748 6 
0 0.0577556 6 
0 0.0638457 6 
0 0.0649466 6 
0 0.0652135 6 
0 0.070793 6 
0 0.0720328 6 
0 0.0731265 6 
0 0.0752626 6 
0 0.0767718 6 
0 0.0770014 6 
0 0.0773444 6 
0 0.0790363 6 
0 0.105359 6 
0 0.142272 6 
0 0.142952 6 
0 0.144284 6 
0 0.146365 6 
0 0.156393 6 
0 0.159136 6 
0 0.160348 6 
0 0.192093 6 
0 0.256354 6 
0 0.26578 6 
0 0.26584 6 
0 0.310283 6 
0 0.326624 6 
0 0.336236 6 
0 0.337572 6 
0 0.352945 6 
0 0.356922 6 
0 0.368095 6 
0 0.388451 6 
0 0.41457 6 
0 0.425987 6 
0 0.435715 6 
0 0.438601 6 
0 0.453419 6 
0 0.454973 6 
0 0.464158 6 
0 0.476156 6 
0 0.489067 6 
0 0.523028 6 
0 0.542164 6 
0 0.542703 6 
0 0.542895 6 
0 0.556191 6 
0 0.557264 6 
0 0.55738 6 
0 0.565312 6 
0 0.567804 6 
0 0.604348 6 
0 0.608432 6 
0 0.618381 6 
0 0.655128 6 
0 0.696533 6 
0 0.756272 6 
0 0.777419 6 
0 0.823955 6 
0 1.0695 6 
0 1.17776 6 
0 1.18376 6 
0 1.19543 6 
0 1.20695 6 
0 1.2106 6 
0 1.3776 6 
0 1.55262 6 
0 1.83502 6 
0 1.83514 6 
0 1.83676 6 
0 1.85879 6 
0 2.06379 6 
0 2.14969 6 
0 2.15049 6 
0 2.15368 6 
0 2.172 6 
0 2.31757 6 
0 2.31786 6 
0 2.31914 6 
0 2.33419 6 
0 inf 6 
0 0.0111137 7 
0 0.0197034 7 
0 0.0218271 7 
0 0.0218312 7 
0 0.0233886 7 
0 0.0241294 7 
0 0.0294049 7 
0 0.0308693 7 
0 0.0314357 7 
0 0.0322655 7 
0 0.0325389 7 
0 0.0330797 7 
0 0.033601 7 
0 0.0336041 7 
0 0.0336065 7 
0 0.0348913 7 
0 0.0442571 7 
0 0.0478959 7 
0 0.0484475 7 
0 0.0511044 7 
0 0.0517915 7 
0 0.0524654 7 
0 0.0528056 7 
0 0.0534705 7 
0 0.0539631 7 
0 0.0591117 7 
0 0.05926 7 
0 0.0600025 7 
0 0.0605804 7 
0 0.0607288 7 
0 0.0607296 7 
0 0.0621618 7 
0 0.0643975 7 
0 0.0676041 7 
0 0.0681281 7 
0 0.0716614 7 
0 0.0884153 7 
0 0.0891114 7 
0 0.0895074 7 
0 0.0897752 7 
0 0.093744 7 
0 0.131638 7 
0 0.144057 7 
0 0.146246 7 
0 0.154234 7 
0 0.169949 7 
0 0.200677 7 
0 0.21395 7 
0 0.249359 7 
0 0.251052 7 
0 0.254939 7 
0 0.271057 7 
0 0.275681 7 
0 0.275828 7 
0 0.278375 7 
0 0.293804 7 
0 0.326439 7 
0 0.327974 7 
0 0.331454 7 
0 0.370671 7 
0 0.387337 7 
0 0.409927 7 
0 0.413015 7 
0 0.440418 7 
0 0.444488 7 
0 0.450708 7 
0 0.460437 7 
0 0.460802 7 
0 0.463552 7 
0 0.475637 7 
0 0.515966 7 
0 0.541413 7 
0 0.543551 7 
0 0.545958 7 
0 0.546907 7 
0 0.548454 7 
0 0.55268 7 
0 0.553709 7 
0 0.556171 7 
0 0.560102 7 
0 0.561534 7 
0 0.623225 7 
0 0.767733 7 
0 0.78301 7 
0 0.898886 7 
0 1.02761 7 
0 1.07568 7 
0 1.37355 7 
0 1.44817 7 
0 1.49943 7 
0 1.50105 7 
0 1.50586 7 
0 1.50755 7 
0 1.52741 7 
0 1.59613 7 
0 1.60815 7 
0 1.62919 7 
0 1.66181 7 
0 1.67957 7 
0 1.73057 7 
0 1.74325 7 
0 1.86321 7 
0 2.04228 7 
0 2.0429 7 
0 2.04591 7 
0 2.05752 7 
0 2.09346 7 
0 inf 7 
0 0.0311488 8 
0 0.0319906 8 
0 0.0346398 8 
0 0.0353929 8 
0 0.0353953 8 
0 0.0363814 8 
0 0.041792 8 
0 0.0420068 8 
0 0.0424282 8 
0 0.0426295 8 
0 0.0452454 8 
0 0.0480814 8 
0 0.048627 8 
0 0.0493423 8 
0 0.0504113 8 
0 0.0565194 8 
0 0.0594072 8 
0 0.0595593 8 
0 0.0610131 8 
0 0.0610195 8 
0 0.0624541 8 
0 0.0692856 8 
0 0.0710384 8 
0 0.0759632 8 
0 0.0803674 8 
0 0.0812348 8 
0 0.0813496 8 
0 0.0888152 8 
0 0.0888152 8 
0 0.0896064 8 
0 0.0899969 8 
0 0.101429 8 
0 0.109278 8 
0 0.110741 8 
0 0.111118 8 
0 0.123046 8 
0 0.129614 8 
0 0.156949 8 
0 0.161391 8 
0 0.180438 8 
0 0.180915 8 
0 0.183962 8 
0 0.217939 8 
0 0.225395 8 
0 0.232335 8 
0 0.248789 8 
0 0.251435 8 
0 0.25247 8 
0 0.258337 8 
0 0.273882 8 
0 0.323012 8 
0 0.333799 8 
0 0.346128 8 
0 0.356265 8 
0 0.358229 8 
0 0.387302 8 
0 0.388325 8 
0 0.388996 8 
0 0.458574 8 
0 0.476526 8 
0 0.479707 8 
0 0.485649 8 
0 0.518135 8 
0 0.52947 8 
0 0.530668 8 
0 0.547076 8 
0 0.553275 8 
0 0.553948 8 
0 0.555304 8 
0 0.555551 8 
0 0.557207 8 
0 0.568612 8 
0 0.571224 8 
0 0.576191 8 
0 0.619141 8 
0 0.62257 8 
0 0.659589 8 
0 0.707945 8 
0 0.939122 8 
0 0.974091 8 
0 1.02497 8 
0 1.06853 8 
0 1.1054 8 
0 1.15438 8 
0 1.1729 8 
0 1.1742 8 
0 1.18934 8 
0 1.24981 8 
0 1.26255 8 
0 1.28033 8 
0 1.41823 8 
0 1.4307 8 
0 1.45599 8 
0 1.4631 8 
0 1.51535 8 
0 1.51582 8 
0 1.53875 8 
0 1.60541 8 
0 2.04216 8 
0 2.04299 8 
0 2.05122 8 
0 2.05409 8 
0 2.05477 8 
0 inf 8 
0 0.0162689 9 
0 0.0300037 9 
0 0.0302955 9 
0 0.0363772 9 
0 0.0363773 9 
0 0.0382744 9 
0 0.0422168 9 
0 0.048444 9 
0 0.049348 9 
0 0.0536353 9 
0 0.05396 9 
0 0.0572962 9 
0 0.0604361 9 
0 0.061596 9 
0 0.066154 9 
0 0.076306 9 
0 0.076426 9 
0 0.0764264 9 
0 0.079704 9 
0 0.0805855 9 
0 0.0842225 9 
0 0.084953 9 
0 0.0860868 9 
0 0.0905882 9 
0 0.0925144 9 
0 0.0957645 9 
0 0.100377 9 
0 0.110667 9 
0 0.154041 9 
0 0.155373 9 
0 0.165627 9 
0 0.179196 9 
0 0.18598 9 
0 0.188384 9 
0 0.189621 9 
0 0.225897 9 
0 0.252048 9 
0 0.259467 9 
0 0.261749 9 
0 0.266841 9 
0 0.27614 9 
0 0.278017 9 
0 0.278615 9 
0 0.359723 9 
0 0.360328 9 
0 0.362363 9 
0 0.382746 9 
0 0.383299 9 
0 0.386417 9 
0 0.388541 9 
0 0.456244 9 
0 0.458747 9 
0 0.476989 9 
0 0.481044 9 
0 0.482508 9 
0 0.508609 9 
0 0.515382 9 
0 0.517566 9 
0 0.518573 9 
0 0.54472 9 
0 0.545109 9 
0 0.559554 9 
0 0.562621 9 
0 0.609797 9 
0 0.617315 9 
0 0.702452 9 
0 0.752785 9 
0 0.753078 9 
0 0.784718 9 
0 0.803844 9 
0 0.814801 9 
0 0.841989 9 
0 0.867246 9 
0 0.874865 9 
0 0.908736 9 
0 0.918471 9 
0 0.928962 9 
0 0.97188 9 
0 1.04933 9 
0 1.05074 9 
0 1.06846 9 
0 1.08362 9 
0 1.08517 9 
0 1.09606 9 
0 1.09863 9 
0 1.11355 9 
0 1.11443 9 
0 1.26299 9 
0 1.27442 9 
0 1.44708 9 
0 1.44728 9 
0 1.51978 9 
0 1.56727 9 
0 1.56747 9 
0 2.04177 9 
0 2.04194 9 
0 2.05901 9 
0 2.11291 9 
0 2.11312 9 
0 inf 9 
0 0.0248516 10 
0 0.0258964 10 
0 0.0366189 10 
0 0.044452 10 
0 0.0467747 10 
0 0.0473431 10 
0 0.0479 10 
0 0.0488107 10 
0 0.0528057 10 
0 0.0579069 10 
0 0.0607252 10 
0 0.0664199 10 
0 0.0691549 10 
0 0.0820695 10 
0 0.0833843 10 
0 0.0890131 10 
0 0.0943077 10 
0 0.101343 10 
0 0.119705 10 
0 0.120052 10 
0 0.137157 10 
0 0.139306 10 
0 0.150572 10 
0 0.167928 10 
0 0.169079 10 
0 0.169182 10 
0 0.179093 10 
0 0.206333 10 
0 0.212669 10 
0 0.239629 10 
0 0.246593 10 
0 0.248666 10 
0 0.258719 10 
0 0.270289 10 
0 0.303069 10 
0 0.320516 10 
0 0.322053 10 
0 0.324539 10 
0 0.33894 10 
0 0.346903 10 
0 0.351289 10 
0 0.381471 10 
0 0.381498 10 
0 0.382233 10 
0 0.391865 10 
0 0.429041 10 
0 0.439598 10 
0 0.449188 10 
0 0.452899 10 
0 0.452899 10 
0 0.454766 10 
0 0.471021 10 
0 0.474659 10 
0 0.476526 10 
0 0.495277 10 
0 0.496896 10 
0 0.531402 10 
0 0.533523 10 
0 0.548631 10 
0 0.549419 10 
0 0.613474 10 
0 0.619159 10 
0 0.666526 10 
0 0.666592 10 
0 0.780292 10 
0 0.823698 10 
0 0.834595 10 
0 0.890242 10 
0 0.901152 10 
0 0.96784 10 
0 1.04692 10 
0 1.04954 10 
0 1.05978 10 
0 1.0609 10 
0 1.0612 10 
0 1.07005 10 
0 1.07374 10 
0 1.07454 10 
0 1.07553 10 
0 1.12321 10 
0 1.12333 10 
0 1.12379 10 
0 1.1241 10 
0 1.1839 10 
0 1.18533 10 
0 1.26462 10 
0 1.27743 10 
0 1.5101 10 
0 1.51014 10 
0 1.51311 10 
0 2.04634 10 
0 2.04665 10 
0 2.06592 10 
0 2.0668 10 
0 2.06681 10 
0 inf 10 
0 0.0265668 11 
0 0.0290999 11 
0 0.0371038 11 
0 0.051965 11 
0 0.0531378 11 
0 0.0734714 11 
0 0.0758118 11 
0 0.0789253 11 
0 0.103242 11 
0 0.110005 11 
0 0.114507 11 
0 0.115788 11 
0 0.135668 11 
0 0.150294 11 
0 0.154973 11 
0 0.157123 11 
0 0.158328 11 
0 0.172921 11 
0 0.176536 11 
0 0.182911 11 
0 0.205971 11 
0 0.208483 11 
0 0.227658 11 
0 0.230622 11 
0 0.231728 11 
0 0.259059 11 
0 0.280654 11 
0 0.283156 11 
0 0.28587 11 
0 0.293229 11 
0 0.293679 11 
0 0.304101 11 
0 0.325724 11 
0 0.329683 11 
0 0.3334 11 
0 0.352815 11 
0 0.366928 11 
0 0.370161 11 
0 0.386995 11 
0 0.452697 11 
0 0.454266 11 
0 0.454623 11 
0 0.470316 11 
0 0.471783 11 
0 0.479701 11 
0 0.480266 11 
0 0.511996 11 
0 0.512715 11 
0 0.512835 11 
0 0.513128 11 
0 0.519846 11 
0 0.535453 11 
0 0.548824 11 
0 0.549435 11 
0 0.549547 11 
0 0.550157 11 
0 0.561412 11 
0 0.591907 11 
0 0.592309 11 
0 0.592428 11 
0 0.670648 11 
0 0.701143 11 
0 0.714763 11 
0 0.726371 11 
0 0.727099 11 
0 0.750311 11 
0 0.76398 11 
0 0.765088 11 
0 0.771663 11 
0 0.782879 11 
0 0.961758 11 
0 1.0553 11 
0 1.05639 11 
0 1.05659 11 
0 1.05921 11 
0 1.06524 11 
0 1.09398 11 
0 1.1505 11 
0 1.15136 11 
0 1.15975 11 
0 1.1602 11 
0 1.22825 11 
0 1.24398 11 
0 1.43642 11 
0 1.44653 11 
0 1.44691 11 
0 2.04166 11 
0 2.04238 11 
0 2.04766 11 
0 2.04773 11 
0 2.04776 11 
0 inf 11 
0 0.017822 12 
0 0.0568304 12 
0 0.0910683 12 
0 0.096955 12 
0 0.101229 12 
0 0.101435 12 
0 0.124826 12 
0 0.143627 12 
0 0.144366 12 
0 0.153889 12 
0 0.15472 12 
0 0.166159 12 
0 0.194697 12 
0 0.213167 12 
0 0.222046 12 
0 0.226765 12 
0 0.229392 12 
0 0.250754 12 
0 0.264869 12 
0 0.266689 12 
0 0.290932 12 
0 0.29383 12 
0 0.294469 12 
0 0.295768 12 
0 0.300004 12 
0 0.306603 12 
0 0.306615 12 
0 0.308452 12 
0 0.320104 12 
0 0.320963 12 
0 0.324848 12 
0 0.32805 12 
0 0.334334 12 
0 0.342546 12 
0 0.34532 12 
0 0.357375 12 
0 0.357375 12 
0 0.362891 12 
0 0.374858 12 
0 0.374939 12 
0 0.377357 12 
0 0.408037 12 
0 0.429542 12 
0 0.430468 12 
0 0.440541 12 
0 0.46243 12 
0 0.465619 12 
0 0.465619 12 
0 0.476409 12 
0 0.485799 12 
0 0.497524 12 
0 0.551918 12 
0 0.554434 12 
0 0.554597 12 
0 0.555149 12 
0 0.559172 12 
0 0.590511 12 
0 0.66082 12 
0 0.661461 12 
0 0.662687 12 
0 0.757428 12 
0 0.78609 12 
0 0.791961 12 
0 0.894366 12 
0 0.937033 12 
0 0.938839 12 
0 0.99869 12 
0 1.00449 12 
0 1.00762 12 
0 1.04613 12 
0 1.05307 12 
0 1.10671 12 
0 1.10837 12 
0 1.10926 12 
0 1.1483 12 
0 1.14923 12 
0 1.1493 12 
0 1.24908 12 
0 1.27142 12 
0 1.27294 12 
0 1.27625 12 
0 1.29125 12 
0 2.04176 12 
0 2.04331 12 
0 2.04642 12 
0 2.04653 12 
0 2.04659 12 
0 inf 12 
0 0.0873806 13 
0 0.106017 13 
0 0.109626 13 
0 0.146427 13 
0 0.15003 13 
0 0.152364 13 
0 0.15469 13 
0 0.174258 13 
0 0.180776 13 
0 0.224146 13 
0 0.229241 13 
0 0.231233 13 
0 0.263065 13 
0 0.276424 13 
0 0.277682 13 
0 0.283841 13 
0 0.284927 13 
0 0.285481 13 
0 0.28601 13 
0 0.288007 13 
0 0.290904 13 
0 0.291509 13 
0 0.294663 13 
0 0.294902 13 
0 0.295291 13 
0 0.295807 13 
0 0.296633 13 
0 0.302532 13 
0 0.313152 13 
0 0.315393 13 
0 0.320509 13 
0 0.325833 13 
0 0.332959 13 
0 0.333171 13 
0 0.333382 13 
0 0.35854 13 
0 0.37722 13 
0 0.407374 13 
0 0.412768 13 
0 0.414076 13 
0 0.438628 13 
0 0.440481 13 
0 0.445416 13 
0 0.454145 13 
0 0.477669 13 
0 0.490899 13 
0 0.537174 13 
0 0.53719 13 
0 0.539943 13 
0 0.546633 13 
0 0.552174 13 
0 0.63146 13 
0 0.633092 13 
0 0.633719 13 
0 0.724883 13 
0 0.769925 13 
0 0.796811 13 
0 0.848639 13 
0 0.894012 13 
0 0.894022 13 
0 0.895323 13 
0 0.946513 13 
0 0.94805 13 
0 0.948887 13 
0 0.95805 13 
0 1.04635 13 
0 1.05598 13 
0 1.09094 13 
0 1.09111 13 
0 1.09157 13 
0 1.12434 13 
0 1.12447 13 
0 1.12447 13 
0 1.23642 13 
0 1.28464 13 
0 1.56977 13 
0 1.56982 13 
0 1.57159 13 
0 2.04357 13 
0 2.04559 13 
0 2.09453 13 
0 2.09453 13 
0 2.09588 13 
0 inf 13 
0 0.0522988 14 
0 0.0725192 14 
0 0.0832454 14 
0 0.107597 14 
0 0.10994 14 
0 0.164985 14 
0 0.184974 14 
0 0.225633 14 
0 0.227191 14 
0 0.230087 14 
0 0.231044 14 
0 0.239221 14 
0 0.242116 14 
0 0.249156 14 
0 0.252759 14 
0 0.272518 14 
0 0.273067 14 
0 0.286039 14 
0 0.286163 14 
0 0.286533 14 
0 0.286994 14 
0 0.294119 14 
0 0.30331 14 
0 0.30331 14 
0 0.305167 14 
0 0.30586 14 
0 0.322489 14 
0 0.326486 14 
0 0.326486 14 
0 0.327161 14 
0 0.328048 14 
0 0.336844 14 
0 0.37038 14 
0 0.38011 14 
0 0.395635 14 
0 0.397916 14 
0 0.399841 14 
0 0.407582 14 
0 0.407776 14 
0 0.411652 14 
0 0.44548 14 
0 0.486858 14 
0 0.502082 14 
0 0.502205 14 
0 0.503486 14 
0 0.507727 14 
0 0.546391 14 
0 0.554136 14 
0 0.703709 14 
0 0.729571 14 
0 0.729607 14 
0 0.729668 14 
0 0.818002 14 
0 0.820544 14 
0 0.820931 14 
0 0.82238 14 
0 1.02186 14 
0 1.03051 14 
0 1.0488 14 
0 1.06496 14 
0 1.07021 14 
0 1.07291 14 
0 1.07291 14 
0 1.07557 14 
0 1.07672 14 
0 1.07672 14 
0 1.2281 14 
0 1.30252 14 
0 1.37754 14 
0 1.37823 14 
0 1.3783 14 
0 1.51932 14 
0 1.51941 14 
0 1.51944 14 
0 2.04185 14 
0 2.04532 14 
0 2.08144 14 
0 2.08145 14 
0 2.08146 14 
0 inf 14 
0 0.060586 15 
0 0.0627306 15 
0 0.0854751 15 
0 0.0936216 15 
0 0.10432 15 
0 0.104994 15 
0 0.112379 15 
0 0.121897 15 
0 0.131307 15 
0 0.157546 15 
0 0.159493 15 
0 0.16669 15 
0 0.169212 15 
0 0.197836 15 
0 0.220482 15 
0 0.225359 15 
0 0.226297 15 
0 0.226609 15 
0 0.227657 15 
0 0.260556 15 
0 0.272404 15 
0 0.280763 15 
0 0.297294 15 
0 0.297413 15 
0 0.306039 15 
0 0.3065 15 
0 0.338917 15 
0 0.340346 15 
0 0.346513 15 
0 0.347149 15 
0 0.400772 15 
0 0.437324 15 
0 0.439903 15 
0 0.457956 15 
0 0.459646 15 
0 0.481812 15 
0 0.511176 15 
0 0.511331 15 
0 0.511538 15 
0 0.511954 15 
0 0.512365 15 
0 0.524703 15 
0 0.528389 15 
0 0.560845 15 
0 0.570492 15 
0 0.601255 15 
0 0.613917 15 
0 0.614607 15 
0 0.61465 15 
0 0.856735 15 
0 0.906288 15 
0 0.91095 15 
0 0.911027 15 
0 1.00262 15 
0 1.04633 15 
0 1.07244 15 
0 1.07402 15 
0 1.07445 15 
0 1.07467 15 
0 1.08932 15 
0 1.08961 15 
0 1.11084 15 
0 1.11944 15 
0 1.11944 15 
0 1.2105 15 
0 1.22288 15 
0 1.34586 15 
0 1.50466 15 
0 1.50476 15 
0 1.50478 15 
0 2.04679 15 
0 2.05221 15 
0 2.05221 15 
0 2.05228 15 
0 2.43589 15 
0 inf 15 
0 0.0730005 16 
0 0.07666 16 
0 0.0880867 16 
0 0.0881199 16 
0 0.091071 16 
0 0.0993826 16 
0 0.115709 16 
0 0.116013 16 
0 0.121602 16 
0 0.129136 16 
0 0.132041 16 
0 0.132575 16 
0 0.161092 16 
0 0.171389 16 
0 0.176211 16 
0 0.176712 16 
0 0.221326 16 
0 0.23767 16 
0 0.237781 16 
0 0.237856 16 
0 0.243719 16 
0 0.284235 16 
0 0.300229 16 
0 0.312811 16 
0 0.31534 16 
0 0.334627 16 
0 0.335811 16 
0 0.33673 16 
0 0.339313 16 
0 0.364045 16 
0 0.393601 16 
0 0.394133 16 
0 0.45965 16 
0 0.502905 16 
0 0.523048 16 
0 0.523216 16 
0 0.523233 16 
0 0.523806 16 
0 0.525624 16 
0 0.566389 16 
0 0.571398 16 
0 0.571522 16 
0 0.572633 16 
0 0.597861 16 
0 0.599747 16 
0 0.60239 16 
0 0.604288 16 
0 0.628145 16 
0 0.883226 16 
0 0.893484 16 
0 1.06338 16 
0 1.07158 16 
0 1.07912 16 
0 1.0792 16 
0 1.07926 16 
0 1.07953 16 
0 1.0897 16 
0 1.11068 16 
0 1.16929 16 
0 1.1702 16 
0 1.1888 16 
0 1.18916 16 
0 1.19041 16 
0 1.40731 16 
0 1.43944 16 
0 1.43984 16 
0 1.44119 16 
0 2.05025 16 
0 2.05109 16 
0 2.05114 16 
0 2.05114 16 
0 inf 16 
0 0.0450452 17 
0 0.0840899 17 
0 0.0856487 17 
0 0.0856487 17 
0 0.0876856 17 
0 0.103751 17 
0 0.103751 17 
0 0.104429 17 
0 0.174096 17 
0 0.174349 17 
0 0.174703 17 
0 0.181442 17 
0 0.197439 17 
0 0.207589 17 
0 0.285064 17 
0 0.287467 17 
0 0.288295 17 
0 0.288295 17 
0 0.308663 17 
0 0.312669 17 
0 0.321244 17 
0 0.321354 17 
0 0.367664 17 
0 0.368361 17 
0 0.381444 17 
0 0.389683 17 
0 0.460187 17 
0 0.465885 17 
0 0.466017 17 
0 0.476397 17 
0 0.476822 17 
0 0.476841 17 
0 0.51987 17 
0 0.51987 17 
0 0.520227 17 
0 0.520471 17 
0 0.522207 17 
0 0.532918 17 
0 0.541902 17 
0 0.570656 17 
0 0.577066 17 
0 0.577158 17 
0 0.577295 17 
0 0.577433 17 
0 0.631375 17 
0 0.639389 17 
0 0.647275 17 
0 0.647929 17 
0 0.682494 17 
0 0.687453 17 
0 0.691313 17 
0 0.807667 17 
0 0.853185 17 
0 1.08438 17 
0 1.08477 17 
0 1.08482 17 
0 1.08709 17 
0 1.09948 17 
0 1.09986 17 
0 1.48492 17 
0 1.49083 17 
0 1.49294 17 
0 1.49395 17 
0 2.05563 17 
0 2.05574 17 
0 2.05585 17 
0 2.05594 17 
0 inf 17 
0 0.119906 18 
0 0.120493 18 
0 0.121171 18 
0 0.121244 18 
0 0.121368 18 
0 0.122905 18 
0 0.233114 18 
0 0.233228 18 
0 0.23353 18 
0 0.261094 18 
0 0.269181 18 
0 0.271693 18 
0 0.311255 18 
0 0.31134 18 
0 0.311539 18 
0 0.345215 18 
0 0.345751 18 
0 0.354894 18 
0 0.362296 18 
0 0.382343 18 
0 0.391144 18 
0 0.396499 18 
0 0.396966 18 
0 0.41354 18 
0 0.4617 18 
0 0.461852 18 
0 0.461986 18 
0 0.475711 18 
0 0.47636 18 
0 0.476545 18 
0 0.488628 18 
0 0.488682 18 
0 0.488952 18 
0 0.500551 18 
0 0.50644 18 
0 0.506858 18 
0 0.512909 18 
0 0.521627 18 
0 0.5969 18 
0 0.607333 18 
0 0.607333 18 
0 0.607449 18 
0 0.638176 18 
0 0.746928 18 
0 0.773484 18 
0 0.774134 18 
0 0.774715 18 
0 0.843866 18 
0 1.06297 18 
0 1.0737 18 
0 1.07508 18 
0 1.08386 18 
0 1.08433 18 
0 1.08471 18 
0 1.08478 18 
0 1.51911 18 
0 1.51912 18 
0 1.5192 18 
0 1.51925 18 
0 2.05884 18 
0 2.05904 18 
0 2.05904 18 
0 2.05911 18 
0 inf 18 
0 0.124052 19 
0 0.134626 19 
0 0.136384 19 
0 0.14721 19 
0 0.147629 19 
0 0.147688 19 
0 0.163184 19 
0 0.163831 19 
0 0.168293 19 
0 0.19472 19 
0 0.194721 19 
0 0.195444 19 
0 0.255492 19 
0 0.255492 19 
0 0.255492 19 
0 0.310632 19 
0 0.310632 19 
0 0.311907 19 
0 0.36022 19 
0 0.362952 19 
0 0.387701 19 
0 0.389517 19 
0 0.390241 19 
0 0.399144 19 
0 0.403385 19 
0 0.410667 19 
0 0.460781 19 
0 0.460935 19 
0 0.461928 19 
0 0.46219 19 
0 0.462343 19 
0 0.46282 19 
0 0.478522 19 
0 0.478964 19 
0 0.47902 19 
0 0.487838 19 
0 0.490593 19 
0 0.494804 19 
0 0.622644 19 
0 0.623649 19 
0 0.623663 19 
0 0.6266 19 
0 0.856005 19 
0 0.885551 19 
0 0.885899 19 
0 1.06962 19 
0 1.06968 19 
0 1.06982 19 
0 1.07464 19 
0 1.07543 19 
0 1.51781 19 
0 1.51781 19 
0 1.518 19 
0 2.06529 19 
0 2.06566 19 
0 2.0658 19 
0 2.11588 19 
0 2.36598 19 
0 2.9354 19 
0 inf 19 
0 0.093838 20 
0 0.0968028 20 
0 0.0974387 20 
0 0.0982479 20 
0 0.102471 20 
0 0.105442 20 
0 0.106109 20 
0 0.108247 20 
0 0.108819 20 
0 0.156448 20 
0 0.156448 20 
0 0.171925 20 
0 0.216367 20 
0 0.21779 20 
0 0.218598 20 
0 0.254246 20 
0 0.25435 20 
0 0.260011 20 
0 0.308125 20 
0 0.320502 20 
0 0.320612 20 
0 0.321162 20 
0 0.328096 20 
0 0.355331 20 
0 0.357929 20 
0 0.391052 20 
0 0.391393 20 
0 0.391393 20 
0 0.445137 20 
0 0.445296 20 
0 0.446245 20 
0 0.459938 20 
0 0.460398 20 
0 0.461068 20 
0 0.478338 20 
0 0.479535 20 
0 0.479535 20 
0 0.527865 20 
0 0.618389 20 
0 0.618617 20 
0 0.633599 20 
0 0.77955 20 
0 0.894233 20 
0 0.894677 20 
0 1.05654 20 
0 1.05688 20 
0 1.05688 20 
0 1.06361 20 
0 1.07938 20 
0 1.08789 20 
0 1.51218 20 
0 1.51265 20 
0 2.06562 20 
0 2.06568 20 
0 2.44894 20 
0 inf 20 
