5.47106 9.29417 1 
0.78292 2.04099 1 
0.266846 0.283817 1 
0.266448 0.370984 1 
0.246457 0.531185 1 
0.146829 0.152712 1 
0.139495 0.141774 1 
0.136654 0.153636 1 
0.133155 0.147732 1 
0.131207 0.180492 1 
0.116928 0.117307 1 
0.0604086 0.0608492 1 
0.0598184 0.0611426 1 
0.0516752 0.0525293 1 
0.0450494 0.049565 1 
0.0442516 0.0471732 1 
0.043652 0.0577076 1 
0.0411242 0.0682948 1 
0.0404698 0.0599673 1 
0.0379734 0.0402491 1 
0.0355525 0.0382071 1 
0.0298345 0.0332221 1 
0.028616 0.0321328 1 
6.79446 6.86321 2 
4.30494 6.86367 2 
0.634066 2.73028 2 
0.432798 0.468393 2 
0.355145 0.357117 2 
0.294622 0.313446 2 
0.281488 0.368529 2 
0.225123 0.226504 2 
0.223861 0.262103 2 
0.214439 0.274186 2 
0.211297 0.27422 2 
0.0667122 0.0675084 2 
0.063988 0.0677714 2 
0.0570768 0.064542 2 
0.0548505 0.0550123 2 
0.0525293 0.0550119 2 
0.0523601 0.0634291 2 
0.0518469 0.0680333 2 
0.0502784 0.0688145 2 
0.0495648 0.0703487 2 
0.048659 0.0516751 2 
4.95358 5.06126 3 
4.93146 5.11306 3 
4.9258 5.10252 3 
4.53674 5.11433 3 
0.598507 2.54111 3 
0.362781 0.370597 3 
0.362781 0.378581 3 
0.316051 0.318409 3 
0.290053 0.328993 3 
0.285386 0.338301 3 
0.269906 0.339299 3 
0.231248 0.286094 3 
0.0793846 0.0807192 3 
0.0698412 0.0709792 3 
0.061143 0.0621534 3 
0.0584637 0.0595198 3 
0.0564496 0.0595198 3 
0.0551737 0.0667119 3 
0.0490239 0.0490246 3 
0.0466092 0.049749 3 
0.0450497 0.0450504 3 
0.0415547 0.0516754 3 
2.18249 2.18803 4 
1.08393 1.10567 4 
1.08263 2.34874 4 
0.29882 0.299955 4 
0.294314 0.301872 4 
0.288392 0.300459 4 
0.277766 0.294808 4 
0.273759 0.289102 4 
0.25142 0.321136 4 
0.0794971 0.0881006 4 
0.0617224 0.0639879 4 
0.0576977 0.070476 4 
0.0502783 0.0532033 4 
1.9055 1.98086 5 
1.45317 2.17384 5 
0.279491 0.312225 5 
0.245513 0.273373 5 
0.0879004 0.0915727 5 
0.0857477 0.0962163 5 
0.0744073 0.0782547 5 
0.0428205 0.0444529 5 
2.19863 2.22931 6 
1.79076 1.7919 6 
1.73393 1.92244 6 
1.6424 1.93323 6 
0.240385 0.278086 6 
0.22811 0.23582 6 
0.06751 0.0783663 6 
0.0625822 0.0644045 6 
2.21485 2.32039 7 
1.84821 2.00107 7 
1.70881 1.72907 7 
1.69086 1.85806 7 
1.63312 1.67359 7 
1.60964 1.75139 7 
0.121113 0.126644 7 
2.01016 2.05655 8 
1.72112 1.93789 8 
1.67709 1.68713 8 
1.66218 1.72128 8 
1.66092 1.74304 8 
1.57124 1.68499 8 
1.53968 1.55001 8 
1.48322 1.52625 8 
1.299 1.63955 8 
1.20632 1.56774 8 
0.352575 0.363119 8 
0.104632 0.105902 8 
1.97258 1.99751 9 
1.93534 1.96366 9 
1.26928 1.28036 9 
1.24637 1.31497 9 
0.326741 0.35265 9 
0.138726 0.140572 9 
1.5786 1.90918 10 
1.52976 1.85501 10 
1.22043 1.2251 10 
1.03446 1.16036 10 
0.920955 0.972282 10 
0.513828 0.557336 10 
0.414752 0.443824 10 
0.0806113 0.0830075 10 
1.41665 1.4569 11 
1.22517 1.36843 11 
1.22482 1.32159 11 
1.14547 1.17325 11 
1.12749 1.13881 11 
0.953789 1.01181 11 
0.915332 0.99631 11 
0.875794 0.926032 11 
0.752215 0.827242 11 
0.741057 0.804993 11 
0.454759 0.481909 11 
0.361388 0.367217 11 
0.132559 0.139112 11 
1.34779 1.39034 12 
1.32778 1.39009 12 
0.941162 0.983422 12 
0.868332 0.96927 12 
0.85641 0.866559 12 
0.834368 1.00307 12 
0.814705 0.875145 12 
0.366499 0.393498 12 
0.0767614 0.0785968 12 
1.66496 1.67186 13 
1.64359 1.66694 13 
1.6391 1.66217 13 
1.01702 1.02108 13 
0.466045 0.475739 13 
1.98998 2.01941 14 
1.98393 2.02432 14 
1.98339 2.02742 14 
0.982277 1.01165 14 
0.515955 0.523402 14 
0.378615 0.379899 14 
1.80227 1.84903 15 
1.47148 1.89109 15 
1.466 1.84534 15 
1.35066 1.37108 15 
1.34561 1.34986 15 
1.27138 1.29931 15 
0.600246 0.618957 15 
1.44457 1.51307 16 
1.42082 1.54871 16 
1.28525 1.30085 16 
1.23616 1.25839 16 
1.16075 1.25297 16 
0.178102 0.178299 16 
0.526067 0.527288 20 
0.516905 0.537504 20 
0.413505 0.42171 20 
