8.0547 9.72145 1 
0.518986 1.28385 1 
0.334143 0.336738 1 
0.202738 0.291645 1 
0.084399 0.0979954 1 
0.0815372 0.0862542 1 
0.081537 0.0865604 1 
0.0789071 0.0874699 1 
0.0754893 0.0825017 1 
0.0733617 0.0856399 1 
0.073001 0.0843989 1 
0.0707999 0.082182 1 
0.0707992 0.0877702 1 
0.0700512 0.0700512 1 
0.0689112 0.0754887 1 
0.0673627 0.0778976 1 
0.0673624 0.0850221 1 
0.0653752 0.0715413 1 
0.064563 0.083772 1 
0.064153 0.0868641 1 
0.0553204 0.0567338 1 
0.0548412 0.0653756 1 
0.0518753 0.0528827 1 
0.0518746 0.0576553 1 
0.0518746 0.0594584 1 
0.0503265 0.0594584 1 
0.0497995 0.0503262 1 
0.0470752 0.04763 1 
0.0423543 0.0453625 1 
0.0423536 0.0459394 1 
0.040443 0.0429715 1 
0.0384356 0.0404419 1 
0.037741 0.0384356 1 
0.0363214 0.0481817 1 
6.84685 7.88533 2 
6.72679 7.71559 2 
6.6655 7.12199 2 
6.15909 7.89355 2 
0.452802 1.7389 2 
0.273724 0.306379 2 
0.197339 0.213027 2 
0.155967 0.1842 2 
0.155456 0.186185 2 
0.0850229 0.0960935 2 
0.0815374 0.0880705 2 
0.0802327 0.0862537 2 
0.0792396 0.0815373 2 
0.0751358 0.0789059 2 
0.0747866 0.0775575 2 
0.0677525 0.0751389 2 
0.0673625 0.0828208 2 
0.0669708 0.0733618 2 
0.065777 0.077897 2 
0.0653749 0.065378 2 
0.0594579 0.0692937 2 
0.0590126 0.0594569 2 
0.0518739 0.0700492 2 
0.0476302 0.0497942 2 
0.0476278 0.0590092 2 
0.0324831 0.0340722 2 
0.0281344 0.0308193 2 
0.0281344 0.0308193 2 
0.417163 1.75513 3 
0.256824 0.315125 3 
0.194504 0.201823 3 
0.194366 0.198129 3 
0.172201 0.212022 3 
0.108717 0.120458 3 
0.0910166 0.0990665 3 
0.0828216 0.0840861 3 
0.0733618 0.0831385 3 
0.0722749 0.0805609 3 
0.0681416 0.0692934 3 
0.0677529 0.0765308 3 
0.0624867 0.0711721 3 
0.0624862 0.0689114 3 
0.0616366 0.0704267 3 
0.0607749 0.0673629 3 
0.0599011 0.0616353 3 
0.0581105 0.0641528 3 
0.0562655 0.0581112 3 
0.055321 0.0612076 3 
0.0543575 0.0603383 3 
0.0528791 0.0553216 3 
0.0513647 0.058112 3 
0.0497986 0.0571954 3 
0.0497986 0.0497996 3 
0.0447765 0.0513651 3 
5.12063 5.14683 4 
0.430166 1.64595 4 
0.278318 0.292999 4 
0.268278 0.273535 4 
0.264109 0.265305 4 
0.250998 0.288641 4 
0.232559 0.241129 4 
0.210406 0.240153 4 
0.190113 0.219246 4 
0.0722721 0.0812126 4 
0.0649737 0.0677517 4 
0.0641524 0.0641533 4 
0.0616356 0.0641535 4 
0.059008 0.0624859 4 
0.05811 0.0645614 4 
0.0513642 0.0518751 4 
0.0470746 0.0503259 4 
0.0459397 0.0533808 4 
0.043581 0.058111 4 
0.0429734 0.0548415 4 
4.87653 5.07701 5 
4.8692 5.06525 5 
4.8679 5.06346 5 
4.86743 5.06336 5 
1.4576 1.46945 5 
0.855175 1.50742 5 
0.261705 0.276888 5 
0.251841 0.295597 5 
0.172819 0.221402 5 
0.105764 0.113929 5 
0.0901429 0.101954 5 
0.0775574 0.0853313 5 
0.0657781 0.0747871 5 
0.0581111 0.0629076 5 
0.0538713 0.0567321 5 
0.0503257 0.0528837 5 
0.0459419 0.0492657 5 
0.0459405 0.0533789 5 
0.045364 0.0528831 5 
0.0447781 0.0590108 5 
3.75872 3.81552 6 
3.75817 3.81386 6 
3.75571 3.81153 6 
1.31457 1.32092 6 
1.30111 1.34765 6 
1.28633 1.35571 6 
0.903472 1.40068 6 
0.207756 0.238051 6 
0.107496 0.111117 6 
0.0865597 0.100653 6 
0.06697 0.0689124 6 
0.0645631 0.0704258 6 
0.0641526 0.0649697 6 
0.0641524 0.0685288 6 
0.060773 0.0661744 6 
0.0581114 0.0653753 6 
0.0538701 0.055321 6 
1.22052 1.34187 7 
1.17854 1.22599 7 
1.12581 1.21726 7 
0.178822 0.199459 7 
0.139346 0.144 7 
0.101179 0.11892 7 
0.0733615 0.0758365 7 
0.0590119 0.0607736 7 
0.0533794 0.0641538 7 
0.0533788 0.0590099 7 
1.06716 1.07543 8 
1.06129 1.12921 8 
1.05976 1.13845 8 
0.952234 1.164 8 
0.273009 0.28375 8 
0.190112 0.211776 8 
1.16284 1.23731 9 
1.14822 1.20534 9 
1.14662 1.24624 9 
0.929329 0.962304 9 
0.879097 1.05194 9 
0.867754 0.8884 9 
0.835113 0.950633 9 
0.209785 0.222339 9 
0.189836 0.190943 9 
0.0740764 0.0785703 9 
1.36842 1.4244 10 
1.3469 1.41794 10 
0.32469 0.338989 10 
0.274375 0.29613 10 
0.163881 0.170355 10 
0.162266 0.171435 10 
0.12933 0.133739 10 
0.105265 0.107003 10 
1.3085 1.41925 11 
1.23227 1.41194 11 
0.773806 0.817633 11 
0.732321 0.836458 11 
0.644244 0.646043 11 
0.332238 0.342329 11 
0.220696 0.227615 11 
0.923181 0.930121 12 
0.905028 0.925548 12 
0.662494 0.711789 12 
0.662177 0.676914 12 
0.392099 0.442434 12 
0.314452 0.359541 12 
1.13299 1.15639 13 
0.621058 0.665873 13 
0.608148 0.64046 13 
0.567052 0.712093 13 
0.493683 0.532355 13 
0.463816 0.586094 13 
0.451417 0.459696 13 
0.655771 0.72199 14 
0.534577 0.567566 14 
0.525923 0.540174 14 
1.36038 1.38307 15 
1.35353 1.37776 15 
0.806196 0.815055 15 
0.776761 0.7835 15 
0.741204 0.768606 15 
1.42201 1.44828 16 
1.40017 1.42009 16 
1.39973 1.4183 16 
0.801505 0.821213 16 
0.300441 0.305946 16 
0.210664 0.225663 16 
1.13117 1.34715 17 
1.12593 1.3526 17 
1.10971 1.34162 17 
0.755133 0.771134 18 
0.754609 0.771134 18 
0.116676 0.122008 19 
0.114159 0.126003 19 
