0 0.00892006 1 
0 0.010295 1 
0 0.0136067 1 
0 0.0162699 1 
0 0.0178286 1 
0 0.0185575 1 
0 0.0199304 1 
0 0.0218284 1 
0 0.0218284 1 
0 0.0224254 1 
0 0.02243 1 
0 0.0241322 1 
0 0.0241365 1 
0 0.0241375 1 
0 0.0246714 1 
0 0.0246835 1 
0 0.0252142 1 
0 0.0262433 1 
0 0.0267407 1 
0 0.0281874 1 
0 0.0304458 1 
0 0.0308783 1 
0 0.0321384 1 
0 0.0341442 1 
0 0.0349064 1 
0 0.0352795 1 
0 0.0363904 1 
0 0.0367523 1 
0 0.0371104 1 
0 0.0381654 1 
0 0.0381691 1 
0 0.038511 1 
0 0.0391863 1 
0 0.0398607 1 
0 0.0401921 1 
0 0.0414834 1 
0 0.0418019 1 
0 0.0418068 1 
0 0.042124 1 
0 0.0445633 1 
0 0.0457416 1 
0 0.0488245 1 
0 0.0493615 1 
0 0.0506851 1 
0 0.05172 1 
0 0.0524787 1 
0 0.0532335 1 
0 0.0534823 1 
0 0.0542197 1 
0 0.054221 1 
0 0.0551888 1 
0 0.0551893 1 
0 0.0573065 1 
0 0.0573094 1 
0 0.0579936 1 
0 0.0584558 1 
0 0.0593545 1 
0 0.059798 1 
0 0.0600156 1 
0 0.0604554 1 
0 0.061756 1 
0 0.0617583 1 
0 0.0648922 1 
0 0.0667037 1 
0 0.0688527 1 
0 0.0694274 1 
0 0.0793913 1 
0 0.0864228 1 
0 0.0880875 1 
0 0.0885436 1 
0 0.0897309 1 
0 0.0951709 1 
0 0.0961434 1 
0 0.099528 1 
0 0.10045 1 
0 0.103572 1 
0 0.105218 1 
0 0.109048 1 
0 0.110738 1 
0 0.113456 1 
0 0.115536 1 
0 0.120803 1 
0 0.123195 1 
0 0.123514 1 
0 0.129886 1 
0 0.135286 1 
0 0.135775 1 
0 0.137516 1 
0 0.142253 1 
0 0.142434 1 
0 0.145015 1 
0 0.151007 1 
0 0.169832 1 
0 0.176108 1 
0 0.180048 1 
0 0.185983 1 
0 0.209741 1 
0 0.211623 1 
0 0.241059 1 
0 0.243679 1 
0 0.243957 1 
0 0.253013 1 
0 0.258439 1 
0 0.26422 1 
0 0.283465 1 
0 0.29964 1 
0 0.310017 1 
0 0.310829 1 
0 0.332929 1 
0 0.33788 1 
0 0.345547 1 
0 0.351637 1 
0 0.35255 1 
0 0.364208 1 
0 0.366262 1 
0 0.371951 1 
0 0.42145 1 
0 0.449902 1 
0 0.481949 1 
0 0.943941 1 
0 1.43842 1 
0 1.86149 1 
0 2.2729 1 
0 2.58398 1 
0 2.74049 1 
0 3.17343 1 
0 3.96041 1 
0 5.43066 1 
0 6.31703 1 
0 6.54761 1 
0 6.55139 1 
0 inf 1 
0 0.00890852 2 
0 0.0125985 2 
0 0.0136105 2 
0 0.0170686 2 
0 0.0170686 2 
0 0.0199301 2 
0 0.0224317 2 
0 0.0246756 2 
0 0.0246804 2 
0 0.0262403 2 
0 0.0286531 2 
0 0.0304374 2 
0 0.0304391 2 
0 0.0304391 2 
0 0.0304441 2 
0 0.031726 2 
0 0.0321371 2 
0 0.0325514 2 
0 0.032552 2 
0 0.0352831 2 
0 0.0356587 2 
0 0.03639 2 
0 0.0363901 2 
0 0.036391 2 
0 0.0363928 2 
0 0.038167 2 
0 0.0395291 2 
0 0.0405202 2 
0 0.0411702 2 
0 0.0414909 2 
0 0.0414909 2 
0 0.0421228 2 
0 0.0460295 2 
0 0.046316 2 
0 0.0465999 2 
0 0.0490901 2 
0 0.0498898 2 
0 0.049892 2 
0 0.0512037 2 
0 0.0529799 2 
0 0.0573049 2 
0 0.0586752 2 
0 0.0611074 2 
0 0.0621805 2 
0 0.0623962 2 
0 0.0676822 2 
0 0.0707426 2 
0 0.071673 2 
0 0.0743946 2 
0 0.0783827 2 
0 0.0783858 2 
0 0.0793933 2 
0 0.0810444 2 
0 0.0828222 2 
0 0.0832939 2 
0 0.0856543 2 
0 0.0867241 2 
0 0.092919 2 
0 0.100061 2 
0 0.105342 2 
0 0.106967 2 
0 0.107949 2 
0 0.123394 2 
0 0.136456 2 
0 0.136842 2 
0 0.140469 2 
0 0.140563 2 
0 0.142153 2 
0 0.146828 2 
0 0.155509 2 
0 0.155665 2 
0 0.157279 2 
0 0.157617 2 
0 0.167161 2 
0 0.177465 2 
0 0.180268 2 
0 0.191665 2 
0 0.192971 2 
0 0.193723 2 
0 0.196168 2 
0 0.203722 2 
0 0.21025 2 
0 0.214668 2 
0 0.215104 2 
0 0.221349 2 
0 0.221403 2 
0 0.235162 2 
0 0.237122 2 
0 0.250171 2 
0 0.264821 2 
0 0.266169 2 
0 0.266764 2 
0 0.26736 2 
0 0.268152 2 
0 0.269727 2 
0 0.292974 2 
0 0.295123 2 
0 0.297086 2 
0 0.29905 2 
0 0.305068 2 
0 0.314206 2 
0 0.314796 2 
0 0.32264 2 
0 0.339387 2 
0 0.342492 2 
0 0.342501 2 
0 0.357422 2 
0 0.378998 2 
0 0.380453 2 
0 0.381232 2 
0 0.417711 2 
0 0.91045 2 
0 1.3446 2 
0 1.40085 2 
0 1.5928 2 
0 1.62695 2 
0 2.20799 2 
0 2.28567 2 
0 3.24812 2 
0 3.93315 2 
0 4.20809 2 
0 4.41784 2 
0 4.50754 2 
0 5.22784 2 
0 5.48973 2 
0 5.49959 2 
0 5.71607 2 
0 inf 2 
0 0.00890852 3 
0 0.0136105 3 
0 0.0185553 3 
0 0.0230069 3 
0 0.0267429 3 
0 0.0272259 3 
0 0.0272267 3 
0 0.0272278 3 
0 0.0272284 3 
0 0.0308783 3 
0 0.0312993 3 
0 0.033352 3 
0 0.0337428 3 
0 0.0341296 3 
0 0.0345213 3 
0 0.0349019 3 
0 0.0356528 3 
0 0.036029 3 
0 0.0367522 3 
0 0.0367531 3 
0 0.0371094 3 
0 0.038852 3 
0 0.0401955 3 
0 0.0445634 3 
0 0.0457433 3 
0 0.0471691 3 
0 0.0488196 3 
0 0.0509455 3 
0 0.0539717 3 
0 0.0539755 3 
0 0.0556666 3 
0 0.0559005 3 
0 0.0577667 3 
0 0.0604559 3 
0 0.0606731 3 
0 0.0613262 3 
0 0.0621803 3 
0 0.0621841 3 
0 0.0628154 3 
0 0.0636551 3 
0 0.064686 3 
0 0.0686624 3 
0 0.0716817 3 
0 0.0754586 3 
0 0.0805457 3 
0 0.0861139 3 
0 0.0900241 3 
0 0.105218 3 
0 0.10622 3 
0 0.113687 3 
0 0.122433 3 
0 0.132415 3 
0 0.133209 3 
0 0.133607 3 
0 0.134497 3 
0 0.134793 3 
0 0.137896 3 
0 0.141032 3 
0 0.145743 3 
0 0.148887 3 
0 0.161274 3 
0 0.161355 3 
0 0.165888 3 
0 0.166127 3 
0 0.177381 3 
0 0.177381 3 
0 0.180343 3 
0 0.18093 3 
0 0.185695 3 
0 0.18937 3 
0 0.192352 3 
0 0.202932 3 
0 0.211307 3 
0 0.211321 3 
0 0.21133 3 
0 0.211819 3 
0 0.229576 3 
0 0.23352 3 
0 0.242156 3 
0 0.245196 3 
0 0.262235 3 
0 0.268835 3 
0 0.271519 3 
0 0.273277 3 
0 0.278993 3 
0 0.279092 3 
0 0.279232 3 
0 0.279563 3 
0 0.292666 3 
0 0.293656 3 
0 0.298054 3 
0 0.315101 3 
0 0.316433 3 
0 0.317862 3 
0 0.319637 3 
0 0.321342 3 
0 0.338968 3 
0 0.340366 3 
0 0.340499 3 
0 0.349106 3 
0 0.349312 3 
0 0.354826 3 
0 0.380192 3 
0 0.40942 3 
0 0.906147 3 
0 1.14968 3 
0 1.40775 3 
0 1.56329 3 
0 1.61456 3 
0 1.84086 3 
0 2.03022 3 
0 2.62928 3 
0 2.84799 3 
0 2.85492 3 
0 2.87004 3 
0 2.87652 3 
0 3.2478 3 
0 3.26315 3 
0 3.26354 3 
0 4.37135 3 
0 4.85064 3 
0 4.85064 3 
0 4.85292 3 
0 inf 3 
0 0.0192557 4 
0 0.0205863 4 
0 0.0252132 4 
0 0.0262364 4 
0 0.0262372 4 
0 0.0286533 4 
0 0.0286551 4 
0 0.0313029 4 
0 0.031723 4 
0 0.031726 4 
0 0.0341296 4 
0 0.0367508 4 
0 0.0367512 4 
0 0.0367531 4 
0 0.0385114 4 
0 0.0395241 4 
0 0.0398638 4 
0 0.0430573 4 
0 0.0433593 4 
0 0.0442683 4 
0 0.0445668 4 
0 0.0465995 4 
0 0.0485473 4 
0 0.0496318 4 
0 0.0559028 4 
0 0.0566078 4 
0 0.0570754 4 
0 0.0593471 4 
0 0.0593492 4 
0 0.0615399 4 
0 0.0619689 4 
0 0.0642752 4 
0 0.0644814 4 
0 0.0684697 4 
0 0.0756345 4 
0 0.0792202 4 
0 0.0818553 4 
0 0.0832995 4 
0 0.08854 4 
0 0.0894358 4 
0 0.0995241 4 
0 0.106344 4 
0 0.106345 4 
0 0.107703 4 
0 0.13171 4 
0 0.133902 4 
0 0.137613 4 
0 0.140657 4 
0 0.140657 4 
0 0.144467 4 
0 0.144741 4 
0 0.144742 4 
0 0.144831 4 
0 0.147369 4 
0 0.162741 4 
0 0.16412 4 
0 0.166443 4 
0 0.1826 4 
0 0.185121 4 
0 0.194476 4 
0 0.203007 4 
0 0.205225 4 
0 0.20955 4 
0 0.211881 4 
0 0.212381 4 
0 0.213933 4 
0 0.226593 4 
0 0.229534 4 
0 0.239483 4 
0 0.240763 4 
0 0.245461 4 
0 0.248251 4 
0 0.248411 4 
0 0.251121 4 
0 0.254083 4 
0 0.25672 4 
0 0.257445 4 
0 0.26871 4 
0 0.269231 4 
0 0.273338 4 
0 0.275968 4 
0 0.283735 4 
0 0.291472 4 
0 0.313932 4 
0 0.321021 4 
0 0.326621 4 
0 0.328121 4 
0 0.332731 4 
0 0.333597 4 
0 0.347291 4 
0 0.347559 4 
0 0.348963 4 
0 0.356173 4 
0 0.363353 4 
0 0.372458 4 
0 0.457472 4 
0 0.930411 4 
0 1.12344 4 
0 1.34069 4 
0 1.40888 4 
0 1.56305 4 
0 1.61735 4 
0 1.63018 4 
0 1.83067 4 
0 1.85176 4 
0 1.8569 4 
0 1.86237 4 
0 2.2407 4 
0 2.25249 4 
0 2.25263 4 
0 2.25309 4 
0 2.82729 4 
0 2.82742 4 
0 2.8323 4 
0 2.88369 4 
0 2.9797 4 
0 3.01811 4 
0 3.0187 4 
0 3.01892 4 
0 inf 4 
0 0.0241337 5 
0 0.024686 5 
0 0.0267408 5 
0 0.0300032 5 
0 0.0300049 5 
0 0.0317279 5 
0 0.0337469 5 
0 0.0348975 5 
0 0.0349 5 
0 0.0363854 5 
0 0.0363928 5 
0 0.0381642 5 
0 0.0381648 5 
0 0.0411673 5 
0 0.0490927 5 
0 0.0509423 5 
0 0.050945 5 
0 0.0519736 5 
0 0.0542223 5 
0 0.0559038 5 
0 0.0577663 5 
0 0.0600162 5 
0 0.0602358 5 
0 0.0615383 5 
0 0.0632404 5 
0 0.0656988 5 
0 0.069236 5 
0 0.0718608 5 
0 0.0720468 5 
0 0.0782198 5 
0 0.0833001 5 
0 0.0842488 5 
0 0.0854971 5 
0 0.0926311 5 
0 0.0929172 5 
0 0.0946158 5 
0 0.10176 5 
0 0.102152 5 
0 0.102154 5 
0 0.102541 5 
0 0.103318 5 
0 0.107336 5 
0 0.10746 5 
0 0.107827 5 
0 0.109296 5 
0 0.113218 5 
0 0.126479 5 
0 0.126685 5 
0 0.126789 5 
0 0.126789 5 
0 0.131009 5 
0 0.13596 5 
0 0.13645 5 
0 0.140273 5 
0 0.172951 5 
0 0.19839 5 
0 0.2049 5 
0 0.208342 5 
0 0.213249 5 
0 0.230928 5 
0 0.237068 5 
0 0.251222 5 
0 0.252829 5 
0 0.254499 5 
0 0.257654 5 
0 0.259666 5 
0 0.262503 5 
0 0.262794 5 
0 0.264303 5 
0 0.264511 5 
0 0.264628 5 
0 0.274883 5 
0 0.2821 5 
0 0.2856 5 
0 0.2856 5 
0 0.297093 5 
0 0.306487 5 
0 0.306956 5 
0 0.309704 5 
0 0.313537 5 
0 0.314549 5 
0 0.321183 5 
0 0.350217 5 
0 0.350972 5 
0 0.351065 5 
0 0.352177 5 
0 0.354128 5 
0 0.427793 5 
0 0.913584 5 
0 0.966011 5 
0 1.20256 5 
0 1.26806 5 
0 1.27199 5 
0 1.27381 5 
0 1.42229 5 
0 1.53197 5 
0 1.56958 5 
0 1.62221 5 
0 1.62545 5 
0 2.09841 5 
0 2.13003 5 
0 2.1316 5 
0 2.14009 5 
0 2.28371 5 
0 2.28582 5 
0 2.28749 5 
0 2.28813 5 
0 2.54705 5 
0 2.54724 5 
0 2.5495 5 
0 2.55009 5 
0 2.97082 5 
0 3.00318 5 
0 3.00836 5 
0 3.04268 5 
0 inf 5 
0 0.0185589 6 
0 0.0267429 6 
0 0.0291116 6 
0 0.0313024 6 
0 0.0317211 6 
0 0.0337469 6 
0 0.0341326 6 
0 0.0352774 6 
0 0.0395244 6 
0 0.0424343 6 
0 0.0457361 6 
0 0.0511982 6 
0 0.051721 6 
0 0.0522285 6 
0 0.0529846 6 
0 0.0532339 6 
0 0.0539779 6 
0 0.0604566 6 
0 0.0606662 6 
0 0.0606744 6 
0 0.0606747 6 
0 0.0659099 6 
0 0.0672936 6 
0 0.0690436 6 
0 0.0703736 6 
0 0.0752857 6 
0 0.0761507 6 
0 0.0768559 6 
0 0.0798944 6 
0 0.0808798 6 
0 0.0828227 6 
0 0.0854961 6 
0 0.085959 6 
0 0.0867355 6 
0 0.0903189 6 
0 0.0969567 6 
0 0.100322 6 
0 0.105217 6 
0 0.106219 6 
0 0.110379 6 
0 0.119146 6 
0 0.127729 6 
0 0.12938 6 
0 0.136549 6 
0 0.139519 6 
0 0.141779 6 
0 0.143555 6 
0 0.148742 6 
0 0.150564 6 
0 0.161102 6 
0 0.162988 6 
0 0.164926 6 
0 0.186196 6 
0 0.199787 6 
0 0.204823 6 
0 0.208793 6 
0 0.209111 6 
0 0.213063 6 
0 0.216514 6 
0 0.247645 6 
0 0.253938 6 
0 0.25494 6 
0 0.256028 6 
0 0.258528 6 
0 0.260431 6 
0 0.2623 6 
0 0.269916 6 
0 0.273232 6 
0 0.274539 6 
0 0.274971 6 
0 0.277806 6 
0 0.287739 6 
0 0.296694 6 
0 0.308636 6 
0 0.309536 6 
0 0.318962 6 
0 0.338108 6 
0 0.339515 6 
0 0.42179 6 
0 0.50886 6 
0 0.561379 6 
0 0.591405 6 
0 0.675156 6 
0 0.866176 6 
0 0.884063 6 
0 0.936742 6 
0 0.938087 6 
0 0.94694 6 
0 0.957619 6 
0 1.12527 6 
0 1.29011 6 
0 1.3848 6 
0 1.56323 6 
0 1.61627 6 
0 1.63358 6 
0 1.63993 6 
0 1.64766 6 
0 1.65703 6 
0 1.65876 6 
0 2.24009 6 
0 2.24075 6 
0 2.24089 6 
0 2.2454 6 
0 2.35469 6 
0 2.39616 6 
0 2.39672 6 
0 2.41356 6 
0 2.74035 6 
0 2.74253 6 
0 2.74694 6 
0 2.75526 6 
0 inf 6 
0 0.0333496 7 
0 0.0333521 7 
0 0.0374687 7 
0 0.0378128 7 
0 0.0421207 7 
0 0.0445691 7 
0 0.0471678 7 
0 0.0477234 7 
0 0.0488161 7 
0 0.0501608 7 
0 0.0506846 7 
0 0.0517186 7 
0 0.0519745 7 
0 0.0588964 7 
0 0.0615385 7 
0 0.0692306 7 
0 0.0701827 7 
0 0.0725964 7 
0 0.0731423 7 
0 0.0735034 7 
0 0.0747538 7 
0 0.078723 7 
0 0.0861315 7 
0 0.0876398 7 
0 0.090165 7 
0 0.0993927 7 
0 0.10344 7 
0 0.105096 7 
0 0.106595 7 
0 0.109411 7 
0 0.110733 7 
0 0.111453 7 
0 0.114267 7 
0 0.114611 7 
0 0.117802 7 
0 0.118138 7 
0 0.128452 7 
0 0.129687 7 
0 0.131703 7 
0 0.13321 7 
0 0.136548 7 
0 0.137132 7 
0 0.154254 7 
0 0.162413 7 
0 0.168342 7 
0 0.169286 7 
0 0.171762 7 
0 0.175588 7 
0 0.17709 7 
0 0.178121 7 
0 0.200051 7 
0 0.221671 7 
0 0.227043 7 
0 0.246733 7 
0 0.252149 7 
0 0.268046 7 
0 0.27198 7 
0 0.272636 7 
0 0.285656 7 
0 0.285658 7 
0 0.286838 7 
0 0.287254 7 
0 0.295263 7 
0 0.301654 7 
0 0.302661 7 
0 0.310581 7 
0 0.324709 7 
0 0.326621 7 
0 0.327631 7 
0 0.336813 7 
0 0.353903 7 
0 0.433977 7 
0 0.434221 7 
0 0.444828 7 
0 0.783174 7 
0 0.791585 7 
0 0.801147 7 
0 0.804841 7 
0 0.831783 7 
0 0.912775 7 
0 0.968988 7 
0 1.1734 7 
0 1.30129 7 
0 1.30957 7 
0 1.32504 7 
0 1.38292 7 
0 1.39881 7 
0 1.50025 7 
0 1.5785 7 
0 1.60961 7 
0 1.6102 7 
0 1.61079 7 
0 1.61086 7 
0 1.61505 7 
0 1.63088 7 
0 1.63386 7 
0 1.63794 7 
0 1.64133 7 
0 1.64376 7 
0 1.80512 7 
0 1.80584 7 
0 1.81469 7 
0 1.81479 7 
0 2.285 7 
0 2.28547 7 
0 2.28587 7 
0 2.28642 7 
0 inf 7 
0 0.0411716 8 
0 0.0430528 8 
0 0.0436685 8 
0 0.0517226 8 
0 0.0551881 8 
0 0.058225 8 
0 0.058674 8 
0 0.0638632 8 
0 0.0642798 8 
0 0.0667017 8 
0 0.0690445 8 
0 0.0770211 8 
0 0.0834605 8 
0 0.0853377 8 
0 0.090158 8 
0 0.0930626 8 
0 0.0961414 8 
0 0.0961429 8 
0 0.0979149 8 
0 0.100997 8 
0 0.102152 8 
0 0.102283 8 
0 0.103055 8 
0 0.104203 8 
0 0.105846 8 
0 0.10783 8 
0 0.126374 8 
0 0.131611 8 
0 0.132915 8 
0 0.135958 8 
0 0.139331 8 
0 0.140188 8 
0 0.140883 8 
0 0.144557 8 
0 0.146015 8 
0 0.146028 8 
0 0.146029 8 
0 0.148528 8 
0 0.149333 8 
0 0.149684 8 
0 0.1607 8 
0 0.164607 8 
0 0.195429 8 
0 0.204709 8 
0 0.208944 8 
0 0.215121 8 
0 0.215127 8 
0 0.22281 8 
0 0.234844 8 
0 0.242336 8 
0 0.244415 8 
0 0.252505 8 
0 0.259192 8 
0 0.265267 8 
0 0.299395 8 
0 0.302213 8 
0 0.302584 8 
0 0.305414 8 
0 0.326214 8 
0 0.329245 8 
0 0.329326 8 
0 0.344387 8 
0 0.39553 8 
0 0.505704 8 
0 0.521939 8 
0 0.610595 8 
0 0.81267 8 
0 0.81376 8 
0 0.818434 8 
0 0.822307 8 
0 0.835853 8 
0 0.953877 8 
0 1.0938 8 
0 1.12255 8 
0 1.1297 8 
0 1.18705 8 
0 1.20648 8 
0 1.25069 8 
0 1.26124 8 
0 1.26797 8 
0 1.26971 8 
0 1.27712 8 
0 1.28687 8 
0 1.30363 8 
0 1.30644 8 
0 1.31018 8 
0 1.45202 8 
0 1.55993 8 
0 1.57988 8 
0 1.58055 8 
0 1.58787 8 
0 1.60815 8 
0 1.60857 8 
0 1.61075 8 
0 1.61203 8 
0 1.6122 8 
0 1.61233 8 
0 1.61321 8 
0 1.63211 8 
0 1.63895 8 
0 1.63921 8 
0 1.64656 8 
0 1.66371 8 
0 inf 8 
0 0.0235865 9 
0 0.0325471 9 
0 0.0345229 9 
0 0.0356537 9 
0 0.0391858 9 
0 0.0566073 9 
0 0.058675 9 
0 0.0720469 9 
0 0.0731437 9 
0 0.0738681 9 
0 0.0805523 9 
0 0.091628 9 
0 0.099008 9 
0 0.100583 9 
0 0.102021 9 
0 0.102152 9 
0 0.102537 9 
0 0.103693 9 
0 0.111694 9 
0 0.116338 9 
0 0.11859 9 
0 0.121675 9 
0 0.125424 9 
0 0.128452 9 
0 0.133224 9 
0 0.135907 9 
0 0.136942 9 
0 0.137918 9 
0 0.138763 9 
0 0.144364 9 
0 0.144567 9 
0 0.145395 9 
0 0.148623 9 
0 0.16865 9 
0 0.173583 9 
0 0.176588 9 
0 0.18594 9 
0 0.189993 9 
0 0.190202 9 
0 0.195972 9 
0 0.206525 9 
0 0.244424 9 
0 0.245786 9 
0 0.249276 9 
0 0.251096 9 
0 0.251182 9 
0 0.263965 9 
0 0.287991 9 
0 0.288955 9 
0 0.295298 9 
0 0.296149 9 
0 0.325908 9 
0 0.338653 9 
0 0.339708 9 
0 0.372179 9 
0 0.382535 9 
0 0.460077 9 
0 0.569617 9 
0 0.595176 9 
0 0.666306 9 
0 0.744597 9 
0 0.754998 9 
0 0.829185 9 
0 0.866329 9 
0 0.869518 9 
0 0.906852 9 
0 0.924321 9 
0 0.959983 9 
0 0.961978 9 
0 0.962187 9 
0 0.962969 9 
0 0.970877 9 
0 0.971245 9 
0 1.02983 9 
0 1.11873 9 
0 1.14163 9 
0 1.14964 9 
0 1.15154 9 
0 1.18361 9 
0 1.32348 9 
0 1.32779 9 
0 1.42967 9 
0 1.53871 9 
0 1.53912 9 
0 1.56027 9 
0 1.5657 9 
0 1.56806 9 
0 1.56833 9 
0 1.56991 9 
0 1.60978 9 
0 1.61052 9 
0 1.61751 9 
0 1.62464 9 
0 1.62506 9 
0 1.62516 9 
0 1.62542 9 
0 1.63265 9 
0 1.63284 9 
0 1.63285 9 
0 inf 9 
0 0.0418003 10 
0 0.0421213 10 
0 0.0445618 10 
0 0.0448622 10 
0 0.0448704 10 
0 0.063225 10 
0 0.0640717 10 
0 0.0777088 10 
0 0.0792246 10 
0 0.0840921 10 
0 0.0847149 10 
0 0.0977819 10 
0 0.102153 10 
0 0.10254 10 
0 0.107728 10 
0 0.107827 10 
0 0.109538 10 
0 0.113918 10 
0 0.11759 10 
0 0.118946 10 
0 0.120997 10 
0 0.123618 10 
0 0.132051 10 
0 0.132516 10 
0 0.139332 10 
0 0.165238 10 
0 0.167111 10 
0 0.192494 10 
0 0.20065 10 
0 0.20483 10 
0 0.213525 10 
0 0.213687 10 
0 0.214264 10 
0 0.23731 10 
0 0.252437 10 
0 0.265851 10 
0 0.271811 10 
0 0.274357 10 
0 0.27568 10 
0 0.289014 10 
0 0.289688 10 
0 0.291052 10 
0 0.294871 10 
0 0.295409 10 
0 0.295522 10 
0 0.296153 10 
0 0.305104 10 
0 0.306144 10 
0 0.328559 10 
0 0.35342 10 
0 0.371568 10 
0 0.424225 10 
0 0.43544 10 
0 0.43832 10 
0 0.52659 10 
0 0.637728 10 
0 0.705187 10 
0 0.756297 10 
0 0.77326 10 
0 0.786887 10 
0 0.791167 10 
0 0.873611 10 
0 0.899429 10 
0 0.899915 10 
0 0.901283 10 
0 0.903705 10 
0 0.904656 10 
0 0.912876 10 
0 0.915093 10 
0 0.916591 10 
0 0.917515 10 
0 0.993145 10 
0 1.01557 10 
0 1.23591 10 
0 1.24304 10 
0 1.2522 10 
0 1.25242 10 
0 1.31598 10 
0 1.36568 10 
0 1.3687 10 
0 1.56309 10 
0 1.5643 10 
0 1.56832 10 
0 1.58351 10 
0 1.58383 10 
0 1.60624 10 
0 1.60624 10 
0 1.61362 10 
0 1.61737 10 
0 1.61738 10 
0 1.61856 10 
0 1.6197 10 
0 1.62383 10 
0 1.62442 10 
0 1.63494 10 
0 inf 10 
0 0.0448637 11 
0 0.0542191 11 
0 0.0551894 11 
0 0.0573034 11 
0 0.0648918 11 
0 0.0857927 11 
0 0.0866023 11 
0 0.0883891 11 
0 0.0950332 11 
0 0.107825 11 
0 0.108098 11 
0 0.11195 11 
0 0.125736 11 
0 0.132216 11 
0 0.135197 11 
0 0.141496 11 
0 0.145015 11 
0 0.149059 11 
0 0.162526 11 
0 0.162531 11 
0 0.182391 11 
0 0.184986 11 
0 0.190584 11 
0 0.194096 11 
0 0.248497 11 
0 0.251066 11 
0 0.251066 11 
0 0.252612 11 
0 0.253867 11 
0 0.257267 11 
0 0.257861 11 
0 0.266548 11 
0 0.269091 11 
0 0.27225 11 
0 0.275407 11 
0 0.276138 11 
0 0.298959 11 
0 0.307399 11 
0 0.313371 11 
0 0.327227 11 
0 0.338213 11 
0 0.338525 11 
0 0.352774 11 
0 0.366185 11 
0 0.366894 11 
0 0.367759 11 
0 0.415458 11 
0 0.438694 11 
0 0.440986 11 
0 0.443126 11 
0 0.450493 11 
0 0.749905 11 
0 0.768317 11 
0 0.78575 11 
0 0.794774 11 
0 0.798614 11 
0 0.822313 11 
0 0.822313 11 
0 0.835968 11 
0 0.846747 11 
0 0.906688 11 
0 0.909333 11 
0 0.909406 11 
0 0.910535 11 
0 0.915621 11 
0 0.919528 11 
0 0.922033 11 
0 0.930586 11 
0 0.934436 11 
0 0.939037 11 
0 1.05522 11 
0 1.26325 11 
0 1.26927 11 
0 1.27972 11 
0 1.27988 11 
0 1.3027 11 
0 1.56222 11 
0 1.56344 11 
0 1.57152 11 
0 1.58027 11 
0 1.58298 11 
0 1.60619 11 
0 1.60649 11 
0 1.60701 11 
0 1.60768 11 
0 1.60793 11 
0 1.60825 11 
0 1.60843 11 
0 1.61719 11 
0 1.61731 11 
0 1.61759 11 
0 inf 11 
0 0.0337469 12 
0 0.0621817 12 
0 0.0718561 12 
0 0.0718679 12 
0 0.083332 12 
0 0.0877818 12 
0 0.0936448 12 
0 0.0969653 12 
0 0.109289 12 
0 0.109317 12 
0 0.123815 12 
0 0.149902 12 
0 0.178357 12 
0 0.194369 12 
0 0.195252 12 
0 0.197115 12 
0 0.201569 12 
0 0.209551 12 
0 0.21307 12 
0 0.213365 12 
0 0.215417 12 
0 0.21918 12 
0 0.234505 12 
0 0.24854 12 
0 0.250169 12 
0 0.252017 12 
0 0.253949 12 
0 0.263698 12 
0 0.265467 12 
0 0.269759 12 
0 0.277997 12 
0 0.284861 12 
0 0.285152 12 
0 0.287234 12 
0 0.299637 12 
0 0.314015 12 
0 0.346942 12 
0 0.377787 12 
0 0.378207 12 
0 0.378662 12 
0 0.388604 12 
0 0.405581 12 
0 0.410126 12 
0 0.424432 12 
0 0.439643 12 
0 0.453546 12 
0 0.51725 12 
0 0.62964 12 
0 0.686888 12 
0 0.691038 12 
0 0.698358 12 
0 0.754688 12 
0 0.783464 12 
0 0.784477 12 
0 0.78914 12 
0 0.794658 12 
0 0.794908 12 
0 0.9019 12 
0 0.907521 12 
0 0.934545 12 
0 0.934885 12 
0 0.939082 12 
0 1.00699 12 
0 1.01068 12 
0 1.02161 12 
0 1.0303 12 
0 1.14021 12 
0 1.25347 12 
0 1.25389 12 
0 1.26296 12 
0 1.27356 12 
0 1.28049 12 
0 1.56318 12 
0 1.56332 12 
0 1.56903 12 
0 1.57062 12 
0 1.57226 12 
0 1.60612 12 
0 1.60741 12 
0 1.6076 12 
0 1.60847 12 
0 1.60898 12 
0 1.60965 12 
0 1.61017 12 
0 1.6261 12 
0 1.62647 12 
0 1.62691 12 
0 inf 12 
0 0.066692 13 
0 0.0782105 13 
0 0.0912237 13 
0 0.0964177 13 
0 0.100208 13 
0 0.102689 13 
0 0.141352 13 
0 0.145504 13 
0 0.166844 13 
0 0.167168 13 
0 0.171237 13 
0 0.176098 13 
0 0.18196 13 
0 0.194572 13 
0 0.215472 13 
0 0.218216 13 
0 0.218398 13 
0 0.229596 13 
0 0.230782 13 
0 0.238401 13 
0 0.239643 13 
0 0.239644 13 
0 0.24014 13 
0 0.242502 13 
0 0.255282 13 
0 0.259773 13 
0 0.259955 13 
0 0.261506 13 
0 0.302189 13 
0 0.304543 13 
0 0.306132 13 
0 0.319321 13 
0 0.319943 13 
0 0.320686 13 
0 0.33189 13 
0 0.358845 13 
0 0.364743 13 
0 0.390008 13 
0 0.390109 13 
0 0.398864 13 
0 0.400221 13 
0 0.570596 13 
0 0.596293 13 
0 0.59782 13 
0 0.669558 13 
0 0.73737 13 
0 0.738662 13 
0 0.742806 13 
0 0.763068 13 
0 0.778496 13 
0 0.78586 13 
0 0.844234 13 
0 0.868758 13 
0 0.86888 13 
0 0.869246 13 
0 0.905461 13 
0 0.91228 13 
0 0.924565 13 
0 0.92468 13 
0 0.93143 13 
0 1.14373 13 
0 1.16005 13 
0 1.16015 13 
0 1.23731 13 
0 1.2528 13 
0 1.39355 13 
0 1.39381 13 
0 1.39424 13 
0 1.56229 13 
0 1.56306 13 
0 1.57146 13 
0 1.57398 13 
0 1.57398 13 
0 1.60601 13 
0 1.60733 13 
0 1.60869 13 
0 1.61191 13 
0 1.62529 13 
0 1.62578 13 
0 1.62583 13 
0 1.63033 13 
0 1.63098 13 
0 1.63228 13 
0 inf 13 
0 0.0737103 14 
0 0.0787588 14 
0 0.0800533 14 
0 0.082812 14 
0 0.0952018 14 
0 0.0952033 14 
0 0.128038 14 
0 0.136374 14 
0 0.140675 14 
0 0.168115 14 
0 0.171389 14 
0 0.173003 14 
0 0.173233 14 
0 0.173233 14 
0 0.177784 14 
0 0.180416 14 
0 0.189444 14 
0 0.20001 14 
0 0.229119 14 
0 0.231407 14 
0 0.240143 14 
0 0.248253 14 
0 0.254911 14 
0 0.257237 14 
0 0.271393 14 
0 0.272204 14 
0 0.279307 14 
0 0.284019 14 
0 0.287205 14 
0 0.287343 14 
0 0.303372 14 
0 0.307401 14 
0 0.311637 14 
0 0.314429 14 
0 0.322208 14 
0 0.326621 14 
0 0.375523 14 
0 0.376086 14 
0 0.378718 14 
0 0.543053 14 
0 0.607592 14 
0 0.651076 14 
0 0.705347 14 
0 0.717482 14 
0 0.7203 14 
0 0.779669 14 
0 0.794792 14 
0 0.828652 14 
0 0.896702 14 
0 0.909663 14 
0 0.911044 14 
0 0.911044 14 
0 0.911524 14 
0 0.936819 14 
0 0.937879 14 
0 0.937879 14 
0 0.951179 14 
0 1.13462 14 
0 1.18246 14 
0 1.18285 14 
0 1.23749 14 
0 1.2637 14 
0 1.43804 14 
0 1.43945 14 
0 1.43959 14 
0 1.56073 14 
0 1.57842 14 
0 1.57922 14 
0 1.57922 14 
0 1.60597 14 
0 1.60652 14 
0 1.60882 14 
0 1.60992 14 
0 1.61361 14 
0 1.6137 14 
0 1.6141 14 
0 1.62907 14 
0 1.63023 14 
0 1.63023 14 
0 inf 14 
0 0.0600122 15 
0 0.0656892 15 
0 0.0742064 15 
0 0.0742078 15 
0 0.101263 15 
0 0.101264 15 
0 0.123292 15 
0 0.129597 15 
0 0.135177 15 
0 0.137529 15 
0 0.138032 15 
0 0.138281 15 
0 0.138393 15 
0 0.14355 15 
0 0.145384 15 
0 0.175732 15 
0 0.19256 15 
0 0.199945 15 
0 0.207786 15 
0 0.209814 15 
0 0.211011 15 
0 0.211199 15 
0 0.224645 15 
0 0.234625 15 
0 0.236871 15 
0 0.25421 15 
0 0.264 15 
0 0.266846 15 
0 0.31282 15 
0 0.320733 15 
0 0.333299 15 
0 0.333616 15 
0 0.333736 15 
0 0.336108 15 
0 0.338023 15 
0 0.343959 15 
0 0.347755 15 
0 0.34882 15 
0 0.432934 15 
0 0.524298 15 
0 0.631132 15 
0 0.658419 15 
0 0.708943 15 
0 0.725411 15 
0 0.800766 15 
0 0.826328 15 
0 0.835239 15 
0 0.855829 15 
0 0.855844 15 
0 0.857637 15 
0 0.879401 15 
0 0.896347 15 
0 0.909851 15 
0 0.909982 15 
0 0.9102 15 
0 0.91068 15 
0 1.22143 15 
0 1.27352 15 
0 1.27891 15 
0 1.27892 15 
0 1.32422 15 
0 1.32441 15 
0 1.32441 15 
0 1.56664 15 
0 1.58043 15 
0 1.58505 15 
0 1.58599 15 
0 1.61182 15 
0 1.61312 15 
0 1.61393 15 
0 1.6147 15 
0 1.61476 15 
0 1.61489 15 
0 1.61567 15 
0 1.61576 15 
0 inf 15 
0 0.0715223 16 
0 0.0865755 16 
0 0.095858 16 
0 0.0959972 16 
0 0.100195 16 
0 0.100998 16 
0 0.101234 16 
0 0.107334 16 
0 0.113936 16 
0 0.118044 16 
0 0.146107 16 
0 0.149268 16 
0 0.152165 16 
0 0.153207 16 
0 0.15408 16 
0 0.175449 16 
0 0.193616 16 
0 0.195928 16 
0 0.197342 16 
0 0.200669 16 
0 0.201064 16 
0 0.2042 16 
0 0.205474 16 
0 0.218845 16 
0 0.268726 16 
0 0.271239 16 
0 0.295818 16 
0 0.296891 16 
0 0.297559 16 
0 0.322134 16 
0 0.328198 16 
0 0.350768 16 
0 0.407523 16 
0 0.411886 16 
0 0.411886 16 
0 0.468266 16 
0 0.485663 16 
0 0.53259 16 
0 0.570867 16 
0 0.606932 16 
0 0.647552 16 
0 0.667 16 
0 0.691429 16 
0 0.818675 16 
0 0.830241 16 
0 0.840702 16 
0 0.841693 16 
0 0.87038 16 
0 0.90281 16 
0 0.921442 16 
0 0.921615 16 
0 0.921744 16 
0 0.926224 16 
0 0.927345 16 
0 1.20914 16 
0 1.29384 16 
0 1.2964 16 
0 1.30013 16 
0 1.30047 16 
0 1.56068 16 
0 1.58151 16 
0 1.58168 16 
0 1.58214 16 
0 1.61203 16 
0 1.61301 16 
0 1.6141 16 
0 1.61436 16 
0 1.61462 16 
0 1.61479 16 
0 1.61502 16 
0 1.61515 16 
0 inf 16 
0 0.0775226 17 
0 0.0775228 17 
0 0.0802093 17 
0 0.0833275 17 
0 0.100607 17 
0 0.104859 17 
0 0.136878 17 
0 0.146844 17 
0 0.149542 17 
0 0.149808 17 
0 0.152351 17 
0 0.229084 17 
0 0.232527 17 
0 0.235919 17 
0 0.24759 17 
0 0.250885 17 
0 0.25136 17 
0 0.253562 17 
0 0.253949 17 
0 0.255228 17 
0 0.260345 17 
0 0.260498 17 
0 0.260752 17 
0 0.266 17 
0 0.266448 17 
0 0.270082 17 
0 0.284747 17 
0 0.34472 17 
0 0.354539 17 
0 0.364548 17 
0 0.418404 17 
0 0.436982 17 
0 0.437587 17 
0 0.444176 17 
0 0.566185 17 
0 0.567331 17 
0 0.571687 17 
0 0.586775 17 
0 0.591351 17 
0 0.603658 17 
0 0.617971 17 
0 0.656796 17 
0 0.853286 17 
0 0.887831 17 
0 0.887965 17 
0 0.888099 17 
0 0.909766 17 
0 0.910479 17 
0 0.911526 17 
0 0.913442 17 
0 1.14199 17 
0 1.34494 17 
0 1.3787 17 
0 1.37901 17 
0 1.37908 17 
0 1.56411 17 
0 1.56555 17 
0 1.56806 17 
0 1.56806 17 
0 1.61584 17 
0 1.61613 17 
0 1.61626 17 
0 1.61833 17 
0 1.62072 17 
0 1.62289 17 
0 1.62296 17 
0 1.62296 17 
0 inf 17 
0 0.0812263 18 
0 0.102033 18 
0 0.113813 18 
0 0.143307 18 
0 0.144686 18 
0 0.144686 18 
0 0.144739 18 
0 0.153357 18 
0 0.154046 18 
0 0.155671 18 
0 0.201371 18 
0 0.203986 18 
0 0.20431 18 
0 0.243492 18 
0 0.244143 18 
0 0.245442 18 
0 0.251622 18 
0 0.251623 18 
0 0.253353 18 
0 0.259616 18 
0 0.260024 18 
0 0.263061 18 
0 0.309762 18 
0 0.312361 18 
0 0.315795 18 
0 0.316172 18 
0 0.317677 18 
0 0.318385 18 
0 0.323194 18 
0 0.338601 18 
0 0.355581 18 
0 0.360978 18 
0 0.378002 18 
0 0.495042 18 
0 0.585424 18 
0 0.588422 18 
0 0.605934 18 
0 0.839027 18 
0 0.902535 18 
0 0.903341 18 
0 0.903458 18 
0 0.904454 18 
0 0.920934 18 
0 0.921322 18 
0 0.921408 18 
0 0.988494 18 
0 1.15454 18 
0 1.35377 18 
0 1.42521 18 
0 1.42528 18 
0 1.42599 18 
0 1.56423 18 
0 1.56477 18 
0 1.56923 18 
0 1.61608 18 
0 1.61639 18 
0 1.61643 18 
0 1.61684 18 
0 1.63159 18 
0 1.63196 18 
0 1.63213 18 
0 1.63249 18 
0 1.91541 18 
0 inf 18 
0 0.0882324 19 
0 0.0907597 19 
0 0.10005 19 
0 0.126587 19 
0 0.1269 19 
0 0.132508 19 
0 0.14404 19 
0 0.145412 19 
0 0.149454 19 
0 0.150762 19 
0 0.151375 19 
0 0.152768 19 
0 0.165075 19 
0 0.175657 19 
0 0.196376 19 
0 0.197988 19 
0 0.223084 19 
0 0.233126 19 
0 0.244036 19 
0 0.244036 19 
0 0.244415 19 
0 0.250569 19 
0 0.250938 19 
0 0.253824 19 
0 0.262658 19 
0 0.263112 19 
0 0.265367 19 
0 0.273821 19 
0 0.278997 19 
0 0.279704 19 
0 0.279941 19 
0 0.341682 19 
0 0.458455 19 
0 0.468257 19 
0 0.612734 19 
0 0.647209 19 
0 0.866114 19 
0 0.870917 19 
0 0.871647 19 
0 0.920998 19 
0 0.922678 19 
0 0.92341 19 
0 1.15005 19 
0 1.16151 19 
0 1.35046 19 
0 1.39184 19 
0 1.39362 19 
0 1.56479 19 
0 1.56842 19 
0 1.5686 19 
0 1.60947 19 
0 1.60975 19 
0 1.60988 19 
0 1.62088 19 
0 1.62617 19 
0 1.62623 19 
0 1.62633 19 
0 2.03264 19 
0 3.12619 19 
0 inf 19 
0 0.0790654 20 
0 0.0795662 20 
0 0.0864201 20 
0 0.0888388 20 
0 0.0910438 20 
0 0.0923449 20 
0 0.114267 20 
0 0.116674 20 
0 0.118924 20 
0 0.12866 20 
0 0.13321 20 
0 0.148883 20 
0 0.177078 20 
0 0.197989 20 
0 0.197989 20 
0 0.198048 20 
0 0.208759 20 
0 0.211594 20 
0 0.211595 20 
0 0.215907 20 
0 0.233521 20 
0 0.251098 20 
0 0.251466 20 
0 0.253613 20 
0 0.253874 20 
0 0.255952 20 
0 0.259309 20 
0 0.260125 20 
0 0.270934 20 
0 0.279336 20 
0 0.279667 20 
0 0.280989 20 
0 0.287775 20 
0 0.311722 20 
0 0.409287 20 
0 0.540782 20 
0 0.587541 20 
0 0.632582 20 
0 0.679262 20 
0 0.870711 20 
0 0.872534 20 
0 0.901752 20 
0 0.901752 20 
0 0.902413 20 
0 1.14904 20 
0 1.17104 20 
0 1.3124 20 
0 1.31313 20 
0 1.56494 20 
0 1.56678 20 
0 1.56731 20 
0 1.61361 20 
0 1.61413 20 
0 1.63549 20 
0 1.63562 20 
0 inf 20 
