0 0.016384 1 
0 0.0169199 1 
0 0.0179463 1 
0 0.0202864 1 
0 0.0202864 1 
0 0.0231694 1 
0 0.0246649 1 
0 0.0260709 1 
0 0.0260746 1 
0 0.0277377 1 
0 0.0302082 1 
0 0.0305024 1 
0 0.0307949 1 
0 0.0313705 1 
0 0.0313705 1 
0 0.0313711 1 
0 0.0316464 1 
0 0.0324912 1 
0 0.0327654 1 
0 0.0327654 1 
0 0.0333057 1 
0 0.0333067 1 
0 0.033575 1 
0 0.03383 1 
0 0.0340959 1 
0 0.034624 1 
0 0.0351364 1 
0 0.0353894 1 
0 0.03539 1 
0 0.035391 1 
0 0.0356416 1 
0 0.0361401 1 
0 0.0366329 1 
0 0.0373571 1 
0 0.0373581 1 
0 0.0373588 1 
0 0.0375961 1 
0 0.038301 1 
0 0.0383041 1 
0 0.0387642 1 
0 0.0392259 1 
0 0.040129 1 
0 0.0405602 1 
0 0.0414444 1 
0 0.0414451 1 
0 0.0422986 1 
0 0.0427194 1 
0 0.0437546 1 
0 0.0439585 1 
0 0.0447647 1 
0 0.0453617 1 
0 0.0453617 1 
0 0.0465209 1 
0 0.0465264 1 
0 0.0474808 1 
0 0.0495096 1 
0 0.0496768 1 
0 0.0500483 1 
0 0.05111 1 
0 0.0514585 1 
0 0.0524857 1 
0 0.0533311 1 
0 0.0538391 1 
0 0.0540039 1 
0 0.0546636 1 
0 0.0569029 1 
0 0.0570644 1 
0 0.0572224 1 
0 0.0578431 1 
0 0.0579988 1 
0 0.0599697 1 
0 0.061298 1 
0 0.0702668 1 
0 0.0702728 1 
0 0.0705271 1 
0 0.0709066 1 
0 0.0733835 1 
0 0.0747116 1 
0 0.0751823 1 
0 0.0782253 1 
0 0.0816949 1 
0 0.0823437 1 
0 0.0827812 1 
0 0.0832139 1 
0 0.086055 1 
0 0.0874086 1 
0 0.0889178 1 
0 0.0938259 1 
0 0.104727 1 
0 0.11111 1 
0 0.142002 1 
0 0.145244 1 
0 0.14744 1 
0 0.167011 1 
0 0.172748 1 
0 0.181985 1 
0 0.191425 1 
0 0.194349 1 
0 0.218933 1 
0 0.235585 1 
0 0.282898 1 
0 0.308662 1 
0 0.327615 1 
0 0.386848 1 
0 0.478452 1 
0 0.498891 1 
0 0.554704 1 
0 0.558492 1 
0 0.583031 1 
0 0.644407 1 
0 0.67064 1 
0 0.692907 1 
0 0.694452 1 
0 0.706686 1 
0 0.748334 1 
0 0.792958 1 
0 0.843974 1 
0 0.926991 1 
0 0.988147 1 
0 1.05868 1 
0 1.12067 1 
0 1.52638 1 
0 1.55282 1 
0 1.79316 1 
0 2.52543 1 
0 2.69253 1 
0 3.57577 1 
0 3.6081 1 
0 4.66087 1 
0 4.66787 1 
0 4.67077 1 
0 inf 1 
0 0.0163827 2 
0 0.0179464 2 
0 0.0202864 2 
0 0.0215679 2 
0 0.025025 2 
0 0.0260742 2 
0 0.0260747 2 
0 0.0264163 2 
0 0.0267527 2 
0 0.0267529 2 
0 0.027738 2 
0 0.027738 2 
0 0.0289994 2 
0 0.0293056 2 
0 0.0299106 2 
0 0.0302089 2 
0 0.0305031 2 
0 0.0310835 2 
0 0.031084 2 
0 0.0313705 2 
0 0.0313715 2 
0 0.0322095 2 
0 0.0322095 2 
0 0.0378334 2 
0 0.0387674 2 
0 0.0389973 2 
0 0.0389977 2 
0 0.040123 2 
0 0.0407926 2 
0 0.0407926 2 
0 0.042505 2 
0 0.0435489 2 
0 0.0435489 2 
0 0.0435494 2 
0 0.0443636 2 
0 0.0445645 2 
0 0.0451631 2 
0 0.0457537 2 
0 0.0459486 2 
0 0.0474804 2 
0 0.0476681 2 
0 0.0531695 2 
0 0.0540019 2 
0 0.0557975 2 
0 0.0564322 2 
0 0.0570658 2 
0 0.0578415 2 
0 0.0583054 2 
0 0.0583058 2 
0 0.0589171 2 
0 0.059521 2 
0 0.0595214 2 
0 0.0602654 2 
0 0.0631666 2 
0 0.063167 2 
0 0.063167 2 
0 0.0647065 2 
0 0.068463 2 
0 0.0712835 2 
0 0.0715258 2 
0 0.0736312 2 
0 0.0739874 2 
0 0.0749543 2 
0 0.0749552 2 
0 0.0755489 2 
0 0.0774212 2 
0 0.0776405 2 
0 0.079249 2 
0 0.0839617 2 
0 0.0871005 2 
0 0.0875109 2 
0 0.0877137 2 
0 0.0877152 2 
0 0.113581 2 
0 0.116151 2 
0 0.121196 2 
0 0.12274 2 
0 0.1239 2 
0 0.124116 2 
0 0.125193 2 
0 0.12697 2 
0 0.127034 2 
0 0.127388 2 
0 0.130991 2 
0 0.144379 2 
0 0.147134 2 
0 0.179105 2 
0 0.213595 2 
0 0.23095 2 
0 0.288173 2 
0 0.294572 2 
0 0.302043 2 
0 0.401972 2 
0 0.408617 2 
0 0.439178 2 
0 0.527146 2 
0 0.545443 2 
0 0.554591 2 
0 0.578279 2 
0 0.586743 2 
0 0.634585 2 
0 0.644505 2 
0 0.751091 2 
0 0.762545 2 
0 0.765431 2 
0 0.774072 2 
0 0.814071 2 
0 0.81863 2 
0 0.83541 2 
0 0.836384 2 
0 0.848397 2 
0 0.869519 2 
0 0.881724 2 
0 0.890574 2 
0 1.20473 2 
0 1.29298 2 
0 1.60296 2 
0 2.17173 2 
0 3.24483 2 
0 3.29832 2 
0 3.30428 2 
0 3.43159 2 
0 3.46402 2 
0 3.65962 2 
0 3.66561 2 
0 3.82947 2 
0 3.8691 2 
0 inf 2 
0 0.0202864 3 
0 0.02115 3 
0 0.026069 3 
0 0.0293053 3 
0 0.0293059 3 
0 0.02961 3 
0 0.0299105 3 
0 0.0299105 3 
0 0.0319358 3 
0 0.0324922 3 
0 0.0327654 3 
0 0.0327654 3 
0 0.0330374 3 
0 0.0338395 3 
0 0.0341034 3 
0 0.035137 3 
0 0.0356415 3 
0 0.0366316 3 
0 0.0371187 3 
0 0.0378343 3 
0 0.0435418 3 
0 0.0443646 3 
0 0.045358 3 
0 0.0467183 3 
0 0.0471027 3 
0 0.0491466 3 
0 0.0496902 3 
0 0.0498676 3 
0 0.0505827 3 
0 0.0519787 3 
0 0.0540035 3 
0 0.0546636 3 
0 0.0559573 3 
0 0.0565906 3 
0 0.0567502 3 
0 0.0589142 3 
0 0.0595214 3 
0 0.0601179 3 
0 0.0612977 3 
0 0.0621677 3 
0 0.0624552 3 
0 0.0625956 3 
0 0.0633075 3 
0 0.063438 3 
0 0.0638686 3 
0 0.0658027 3 
0 0.0664796 3 
0 0.0707707 3 
0 0.0712746 3 
0 0.0712836 3 
0 0.0714097 3 
0 0.0715342 3 
0 0.0726511 3 
0 0.0728968 3 
0 0.0733862 3 
0 0.073509 3 
0 0.0738732 3 
0 0.0743483 3 
0 0.0762471 3 
0 0.0768411 3 
0 0.0826725 3 
0 0.0851193 3 
0 0.0873991 3 
0 0.100455 3 
0 0.106241 3 
0 0.107341 3 
0 0.112152 3 
0 0.113345 3 
0 0.11684 3 
0 0.121931 3 
0 0.12612 3 
0 0.137907 3 
0 0.165186 3 
0 0.189824 3 
0 0.198304 3 
0 0.20028 3 
0 0.22676 3 
0 0.240812 3 
0 0.292228 3 
0 0.309512 3 
0 0.326421 3 
0 0.38594 3 
0 0.38839 3 
0 0.403586 3 
0 0.460755 3 
0 0.461042 3 
0 0.461042 3 
0 0.476681 3 
0 0.509888 3 
0 0.553094 3 
0 0.575066 3 
0 0.644516 3 
0 0.669749 3 
0 0.692674 3 
0 0.706076 3 
0 0.713896 3 
0 0.713896 3 
0 0.724759 3 
0 0.745872 3 
0 0.768934 3 
0 0.78304 3 
0 0.783684 3 
0 0.784246 3 
0 0.793089 3 
0 0.801949 3 
0 0.818182 3 
0 1.20347 3 
0 1.24074 3 
0 1.28591 3 
0 1.68674 3 
0 2.0258 3 
0 2.24561 3 
0 2.36664 3 
0 2.38173 3 
0 2.38249 3 
0 2.38249 3 
0 2.66888 3 
0 2.67822 3 
0 2.67829 3 
0 2.96756 3 
0 3.67861 3 
0 3.75517 3 
0 3.76627 3 
0 inf 3 
0 0.0133764 4 
0 0.02115 4 
0 0.02115 4 
0 0.02538 4 
0 0.0274123 4 
0 0.030503 4 
0 0.0316544 4 
0 0.0322135 4 
0 0.0324905 4 
0 0.032491 4 
0 0.0330322 4 
0 0.0343647 4 
0 0.0363878 4 
0 0.0366323 4 
0 0.0387675 4 
0 0.0394542 4 
0 0.0396795 4 
0 0.0396809 4 
0 0.0399057 4 
0 0.0401287 4 
0 0.0401287 4 
0 0.0407923 4 
0 0.0410114 4 
0 0.0435499 4 
0 0.0439589 4 
0 0.046913 4 
0 0.0491404 4 
0 0.0505801 4 
0 0.0519784 4 
0 0.0523212 4 
0 0.0538391 4 
0 0.0540044 4 
0 0.0576876 4 
0 0.0576891 4 
0 0.0589138 4 
0 0.0589142 4 
0 0.0593701 4 
0 0.0599693 4 
0 0.0601187 4 
0 0.0602647 4 
0 0.0610052 4 
0 0.0625935 4 
0 0.0635894 4 
0 0.0637302 4 
0 0.0642904 4 
0 0.0649825 4 
0 0.0684672 4 
0 0.0700182 4 
0 0.0720328 4 
0 0.0750711 4 
0 0.0761379 4 
0 0.0901185 4 
0 0.0902277 4 
0 0.0928663 4 
0 0.100008 4 
0 0.100008 4 
0 0.100099 4 
0 0.100366 4 
0 0.102832 4 
0 0.103694 4 
0 0.118286 4 
0 0.118889 4 
0 0.120679 4 
0 0.150024 4 
0 0.227426 4 
0 0.285444 4 
0 0.307046 4 
0 0.310775 4 
0 0.351745 4 
0 0.361495 4 
0 0.377457 4 
0 0.411368 4 
0 0.413343 4 
0 0.41776 4 
0 0.421233 4 
0 0.427015 4 
0 0.477078 4 
0 0.508718 4 
0 0.568433 4 
0 0.569612 4 
0 0.57297 4 
0 0.577591 4 
0 0.615323 4 
0 0.629177 4 
0 0.631448 4 
0 0.664369 4 
0 0.665557 4 
0 0.667368 4 
0 0.692842 4 
0 0.692842 4 
0 0.692863 4 
0 0.70397 4 
0 0.72488 4 
0 0.742479 4 
0 0.744255 4 
0 0.77201 4 
0 0.775685 4 
0 0.778079 4 
0 0.807142 4 
0 0.976277 4 
0 1.16725 4 
0 1.28918 4 
0 1.29895 4 
0 1.30289 4 
0 1.30684 4 
0 1.31169 4 
0 1.53326 4 
0 1.5454 4 
0 1.54587 4 
0 1.54665 4 
0 1.78338 4 
0 2.23235 4 
0 2.28731 4 
0 2.3068 4 
0 2.35152 4 
0 2.60382 4 
0 2.72244 4 
0 2.72258 4 
0 2.72296 4 
0 inf 4 
0 0.0227794 5 
0 0.0257298 5 
0 0.031084 5 
0 0.0319346 5 
0 0.0338391 5 
0 0.0343637 5 
0 0.0351322 5 
0 0.0353859 5 
0 0.0366329 5 
0 0.0366329 5 
0 0.0375971 5 
0 0.0387682 5 
0 0.0387687 5 
0 0.0403475 5 
0 0.0410073 5 
0 0.0435505 5 
0 0.0457544 5 
0 0.0470952 5 
0 0.0471033 5 
0 0.0485912 5 
0 0.0495075 5 
0 0.05005 5 
0 0.0514524 5 
0 0.0516288 5 
0 0.0523217 5 
0 0.0531671 5 
0 0.0543353 5 
0 0.0543353 5 
0 0.0559565 5 
0 0.0569018 5 
0 0.0608583 5 
0 0.0612954 5 
0 0.061434 5 
0 0.0621572 5 
0 0.0625983 5 
0 0.063442 5 
0 0.0642886 5 
0 0.0648443 5 
0 0.0670101 5 
0 0.0674143 5 
0 0.067547 5 
0 0.0720334 5 
0 0.0721576 5 
0 0.0735048 5 
0 0.0736303 5 
0 0.074476 5 
0 0.076957 5 
0 0.0787881 5 
0 0.0902277 5 
0 0.0902279 5 
0 0.0979238 5 
0 0.101519 5 
0 0.10515 5 
0 0.105495 5 
0 0.109406 5 
0 0.1542 5 
0 0.240914 5 
0 0.286539 5 
0 0.374759 5 
0 0.377659 5 
0 0.379457 5 
0 0.38198 5 
0 0.383009 5 
0 0.408417 5 
0 0.417919 5 
0 0.428335 5 
0 0.473166 5 
0 0.507035 5 
0 0.532842 5 
0 0.533068 5 
0 0.534368 5 
0 0.545658 5 
0 0.550749 5 
0 0.559502 5 
0 0.565156 5 
0 0.602513 5 
0 0.651796 5 
0 0.658598 5 
0 0.667624 5 
0 0.66829 5 
0 0.670032 5 
0 0.671472 5 
0 0.681806 5 
0 0.682633 5 
0 0.704781 5 
0 0.746659 5 
0 0.747606 5 
0 0.747642 5 
0 0.752853 5 
0 0.880125 5 
0 0.935144 5 
0 0.977576 5 
0 0.983022 5 
0 1.04528 5 
0 1.06793 5 
0 1.13281 5 
0 1.26787 5 
0 1.30897 5 
0 1.36517 5 
0 1.37389 5 
0 1.3741 5 
0 1.37418 5 
0 1.54903 5 
0 1.7824 5 
0 1.81884 5 
0 1.82061 5 
0 1.82159 5 
0 1.85089 5 
0 1.90294 5 
0 1.90372 5 
0 1.92172 5 
0 2.29025 5 
0 2.32625 5 
0 2.32819 5 
0 2.33288 5 
0 inf 5 
0 0.0302087 6 
0 0.0322147 6 
0 0.033307 6 
0 0.0356373 6 
0 0.0356423 6 
0 0.0358926 6 
0 0.0385322 6 
0 0.0399057 6 
0 0.0420868 6 
0 0.0441625 6 
0 0.0443602 6 
0 0.0453617 6 
0 0.0482291 6 
0 0.0484132 6 
0 0.0500435 6 
0 0.0500494 6 
0 0.0567514 6 
0 0.0572224 6 
0 0.057688 6 
0 0.058459 6 
0 0.0584593 6 
0 0.0590575 6 
0 0.0590604 6 
0 0.0590684 6 
0 0.0605644 6 
0 0.0608583 6 
0 0.0615849 6 
0 0.0630242 6 
0 0.0642904 6 
0 0.0652577 6 
0 0.0659351 6 
0 0.0668809 6 
0 0.0689837 6 
0 0.0696321 6 
0 0.0696339 6 
0 0.0700156 6 
0 0.0700165 6 
0 0.0704005 6 
0 0.071532 6 
0 0.0719018 6 
0 0.0723978 6 
0 0.0725267 6 
0 0.0967329 6 
0 0.100272 6 
0 0.106245 6 
0 0.113029 6 
0 0.128302 6 
0 0.149783 6 
0 0.201527 6 
0 0.289305 6 
0 0.291615 6 
0 0.319963 6 
0 0.325782 6 
0 0.37048 6 
0 0.381535 6 
0 0.393565 6 
0 0.409297 6 
0 0.415738 6 
0 0.41874 6 
0 0.440892 6 
0 0.463875 6 
0 0.467035 6 
0 0.467563 6 
0 0.467621 6 
0 0.475587 6 
0 0.50518 6 
0 0.506541 6 
0 0.506541 6 
0 0.553949 6 
0 0.561402 6 
0 0.614346 6 
0 0.646528 6 
0 0.65099 6 
0 0.651161 6 
0 0.651161 6 
0 0.654934 6 
0 0.672284 6 
0 0.67243 6 
0 0.673984 6 
0 0.69625 6 
0 0.729968 6 
0 0.739502 6 
0 0.739502 6 
0 0.741435 6 
0 0.864456 6 
0 0.886951 6 
0 0.95372 6 
0 0.955305 6 
0 0.956503 6 
0 0.967281 6 
0 1.02573 6 
0 1.15002 6 
0 1.20268 6 
0 1.20699 6 
0 1.2292 6 
0 1.23506 6 
0 1.25581 6 
0 1.31655 6 
0 1.48477 6 
0 1.49468 6 
0 1.50202 6 
0 1.50963 6 
0 1.64676 6 
0 1.67319 6 
0 1.75172 6 
0 1.75174 6 
0 1.75259 6 
0 1.76406 6 
0 2.16645 6 
0 2.17634 6 
0 2.18548 6 
0 inf 6 
0 0.0207223 7 
0 0.0235513 7 
0 0.0260687 7 
0 0.0316536 7 
0 0.0356379 7 
0 0.0371174 7 
0 0.0392199 7 
0 0.0425101 7 
0 0.0445573 7 
0 0.0445573 7 
0 0.0505834 7 
0 0.0514598 7 
0 0.0519769 7 
0 0.0521493 7 
0 0.0528324 7 
0 0.0553141 7 
0 0.0564343 7 
0 0.0583065 7 
0 0.0599662 7 
0 0.0602675 7 
0 0.0618768 7 
0 0.063025 7 
0 0.0631674 7 
0 0.0638656 7 
0 0.0649818 7 
0 0.0674151 7 
0 0.0714088 7 
0 0.0720343 7 
0 0.0781048 7 
0 0.0852311 7 
0 0.0878166 7 
0 0.0885229 7 
0 0.0924797 7 
0 0.0935379 7 
0 0.0971055 7 
0 0.107428 7 
0 0.109815 7 
0 0.111915 7 
0 0.131937 7 
0 0.145176 7 
0 0.150263 7 
0 0.176851 7 
0 0.180902 7 
0 0.25404 7 
0 0.287548 7 
0 0.288003 7 
0 0.298539 7 
0 0.303885 7 
0 0.31132 7 
0 0.364981 7 
0 0.380925 7 
0 0.415051 7 
0 0.416665 7 
0 0.421212 7 
0 0.422187 7 
0 0.42314 7 
0 0.423543 7 
0 0.457419 7 
0 0.468714 7 
0 0.472031 7 
0 0.474676 7 
0 0.498573 7 
0 0.548431 7 
0 0.551781 7 
0 0.561752 7 
0 0.571297 7 
0 0.588774 7 
0 0.592257 7 
0 0.641835 7 
0 0.646833 7 
0 0.647165 7 
0 0.649122 7 
0 0.652908 7 
0 0.668886 7 
0 0.668886 7 
0 0.700902 7 
0 0.736353 7 
0 0.738537 7 
0 0.738537 7 
0 0.947798 7 
0 0.947821 7 
0 0.94966 7 
0 0.953045 7 
0 0.953998 7 
0 0.985027 7 
0 0.98579 7 
0 1.03357 7 
0 1.08522 7 
0 1.2061 7 
0 1.27338 7 
0 1.29674 7 
0 1.32831 7 
0 1.42801 7 
0 1.44228 7 
0 1.4438 7 
0 1.44452 7 
0 1.46518 7 
0 1.47132 7 
0 1.47642 7 
0 1.48203 7 
0 1.4856 7 
0 1.54353 7 
0 1.55351 7 
0 1.61103 7 
0 1.6198 7 
0 1.6198 7 
0 1.64452 7 
0 inf 7 
0 0.0264163 8 
0 0.0382993 8 
0 0.0394542 8 
0 0.0410108 8 
0 0.0420857 8 
0 0.0453605 8 
0 0.0461428 8 
0 0.047857 8 
0 0.0487821 8 
0 0.0491471 8 
0 0.0505834 8 
0 0.0544993 8 
0 0.0546633 8 
0 0.0578393 8 
0 0.0599674 8 
0 0.0637306 8 
0 0.0637311 8 
0 0.0638702 8 
0 0.0674149 8 
0 0.0675476 8 
0 0.0696267 8 
0 0.0714088 8 
0 0.077882 8 
0 0.0868944 8 
0 0.0885184 8 
0 0.0967329 8 
0 0.10222 8 
0 0.103437 8 
0 0.103527 8 
0 0.107255 8 
0 0.120383 8 
0 0.155411 8 
0 0.161347 8 
0 0.172544 8 
0 0.182568 8 
0 0.227232 8 
0 0.231907 8 
0 0.232216 8 
0 0.27069 8 
0 0.285852 8 
0 0.290646 8 
0 0.293006 8 
0 0.293511 8 
0 0.313383 8 
0 0.379277 8 
0 0.38224 8 
0 0.387198 8 
0 0.388213 8 
0 0.416789 8 
0 0.417475 8 
0 0.419148 8 
0 0.499287 8 
0 0.501343 8 
0 0.502199 8 
0 0.546323 8 
0 0.563232 8 
0 0.574575 8 
0 0.582922 8 
0 0.592664 8 
0 0.612643 8 
0 0.617446 8 
0 0.622296 8 
0 0.626879 8 
0 0.654004 8 
0 0.659028 8 
0 0.663127 8 
0 0.663142 8 
0 0.663358 8 
0 0.733718 8 
0 0.734206 8 
0 0.736055 8 
0 0.748181 8 
0 0.824324 8 
0 0.845641 8 
0 0.953392 8 
0 0.953542 8 
0 0.955688 8 
0 0.978903 8 
0 0.982507 8 
0 1.01351 8 
0 1.02308 8 
0 1.05867 8 
0 1.07612 8 
0 1.1554 8 
0 1.1569 8 
0 1.16277 8 
0 1.22127 8 
0 1.23828 8 
0 1.2386 8 
0 1.26893 8 
0 1.27371 8 
0 1.27413 8 
0 1.28487 8 
0 1.28834 8 
0 1.30959 8 
0 1.33958 8 
0 1.4679 8 
0 1.46966 8 
0 1.47134 8 
0 1.58084 8 
0 1.61914 8 
0 1.96675 8 
0 2.02109 8 
0 inf 8 
0 0.0341034 9 
0 0.03539 9 
0 0.0383033 9 
0 0.0392216 9 
0 0.0410066 9 
0 0.0465292 9 
0 0.0482283 9 
0 0.0512781 9 
0 0.0530013 9 
0 0.0565935 9 
0 0.0590679 9 
0 0.0652568 9 
0 0.0670143 9 
0 0.0684668 9 
0 0.0703982 9 
0 0.0704008 9 
0 0.0707762 9 
0 0.0721555 9 
0 0.0763744 9 
0 0.0766037 9 
0 0.0778743 9 
0 0.0816925 9 
0 0.0936331 9 
0 0.128859 9 
0 0.136741 9 
0 0.142432 9 
0 0.148285 9 
0 0.165023 9 
0 0.169621 9 
0 0.200284 9 
0 0.228348 9 
0 0.287567 9 
0 0.290017 9 
0 0.292846 9 
0 0.294704 9 
0 0.295466 9 
0 0.296192 9 
0 0.298774 9 
0 0.355911 9 
0 0.35884 9 
0 0.379159 9 
0 0.396326 9 
0 0.434462 9 
0 0.443128 9 
0 0.446747 9 
0 0.462158 9 
0 0.508734 9 
0 0.510998 9 
0 0.512135 9 
0 0.516362 9 
0 0.560636 9 
0 0.589517 9 
0 0.602355 9 
0 0.60329 9 
0 0.603586 9 
0 0.605758 9 
0 0.607866 9 
0 0.652294 9 
0 0.654606 9 
0 0.656124 9 
0 0.675047 9 
0 0.69981 9 
0 0.714237 9 
0 0.715176 9 
0 0.727715 9 
0 0.745782 9 
0 0.772532 9 
0 0.784319 9 
0 0.79702 9 
0 0.79883 9 
0 0.800161 9 
0 0.811485 9 
0 0.822968 9 
0 0.836075 9 
0 0.870264 9 
0 0.95298 9 
0 0.953402 9 
0 0.96815 9 
0 0.989793 9 
0 0.992681 9 
0 0.997965 9 
0 0.997965 9 
0 1.01829 9 
0 1.04528 9 
0 1.07736 9 
0 1.16584 9 
0 1.23152 9 
0 1.25999 9 
0 1.27557 9 
0 1.27579 9 
0 1.29078 9 
0 1.32198 9 
0 1.32203 9 
0 1.37793 9 
0 1.49214 9 
0 1.49268 9 
0 1.50991 9 
0 1.55896 9 
0 1.57316 9 
0 inf 9 
0 0.033569 10 
0 0.0407885 10 
0 0.0496918 10 
0 0.0518034 10 
0 0.0573781 10 
0 0.0581524 10 
0 0.061582 10 
0 0.0624542 10 
0 0.0657983 10 
0 0.0702686 10 
0 0.0743563 10 
0 0.0754291 10 
0 0.085755 10 
0 0.0910113 10 
0 0.100722 10 
0 0.123687 10 
0 0.140731 10 
0 0.145668 10 
0 0.165992 10 
0 0.17659 10 
0 0.177398 10 
0 0.191566 10 
0 0.197691 10 
0 0.215851 10 
0 0.220414 10 
0 0.236511 10 
0 0.237597 10 
0 0.240822 10 
0 0.262461 10 
0 0.269175 10 
0 0.285758 10 
0 0.28711 10 
0 0.293368 10 
0 0.317721 10 
0 0.31862 10 
0 0.356765 10 
0 0.357892 10 
0 0.382799 10 
0 0.389558 10 
0 0.406708 10 
0 0.40971 10 
0 0.415873 10 
0 0.44595 10 
0 0.452818 10 
0 0.484851 10 
0 0.499329 10 
0 0.499759 10 
0 0.507934 10 
0 0.509411 10 
0 0.558926 10 
0 0.583474 10 
0 0.585066 10 
0 0.585249 10 
0 0.585265 10 
0 0.628569 10 
0 0.628638 10 
0 0.630614 10 
0 0.653237 10 
0 0.653297 10 
0 0.698664 10 
0 0.698817 10 
0 0.71012 10 
0 0.751841 10 
0 0.796295 10 
0 0.797137 10 
0 0.817574 10 
0 0.819226 10 
0 0.864155 10 
0 0.889161 10 
0 0.923277 10 
0 0.942254 10 
0 0.943051 10 
0 0.949179 10 
0 0.949207 10 
0 0.970088 10 
0 0.981412 10 
0 0.987999 10 
0 1.11253 10 
0 1.11329 10 
0 1.1827 10 
0 1.20551 10 
0 1.23346 10 
0 1.23654 10 
0 1.27872 10 
0 1.27889 10 
0 1.31084 10 
0 1.42071 10 
0 1.42203 10 
0 1.46545 10 
0 1.46579 10 
0 1.50061 10 
0 1.68749 10 
0 1.69098 10 
0 1.7172 10 
0 1.71824 10 
0 inf 10 
0 0.0533303 11 
0 0.0596704 11 
0 0.0605612 11 
0 0.0745962 11 
0 0.0842799 11 
0 0.0930582 11 
0 0.102919 11 
0 0.108989 11 
0 0.111354 11 
0 0.112314 11 
0 0.131062 11 
0 0.139199 11 
0 0.151213 11 
0 0.154259 11 
0 0.159056 11 
0 0.173817 11 
0 0.174982 11 
0 0.187786 11 
0 0.19209 11 
0 0.231029 11 
0 0.234106 11 
0 0.240151 11 
0 0.244273 11 
0 0.261541 11 
0 0.29012 11 
0 0.291596 11 
0 0.292423 11 
0 0.296181 11 
0 0.30939 11 
0 0.333955 11 
0 0.334197 11 
0 0.33839 11 
0 0.342595 11 
0 0.344634 11 
0 0.347777 11 
0 0.348289 11 
0 0.37103 11 
0 0.372834 11 
0 0.379585 11 
0 0.380031 11 
0 0.422882 11 
0 0.44195 11 
0 0.443566 11 
0 0.476575 11 
0 0.476631 11 
0 0.499234 11 
0 0.553659 11 
0 0.556993 11 
0 0.558822 11 
0 0.558934 11 
0 0.560924 11 
0 0.61346 11 
0 0.613926 11 
0 0.684611 11 
0 0.685042 11 
0 0.726093 11 
0 0.807683 11 
0 0.807915 11 
0 0.82126 11 
0 0.824793 11 
0 0.833591 11 
0 0.850325 11 
0 0.867712 11 
0 0.869987 11 
0 0.886125 11 
0 0.888953 11 
0 0.948416 11 
0 0.948614 11 
0 0.98742 11 
0 0.988751 11 
0 0.990866 11 
0 0.992408 11 
0 1.03384 11 
0 1.05961 11 
0 1.05994 11 
0 1.20221 11 
0 1.20363 11 
0 1.24947 11 
0 1.25015 11 
0 1.27482 11 
0 1.27545 11 
0 1.32042 11 
0 1.32612 11 
0 1.32691 11 
0 1.46483 11 
0 1.46489 11 
0 1.56024 11 
0 1.59696 11 
0 1.59853 11 
0 1.81802 11 
0 1.81905 11 
0 inf 11 
0 0.070274 12 
0 0.10908 12 
0 0.113266 12 
0 0.121419 12 
0 0.124114 12 
0 0.133296 12 
0 0.159096 12 
0 0.173959 12 
0 0.187471 12 
0 0.190579 12 
0 0.210559 12 
0 0.225381 12 
0 0.226343 12 
0 0.228577 12 
0 0.239322 12 
0 0.24133 12 
0 0.244094 12 
0 0.247009 12 
0 0.251132 12 
0 0.257881 12 
0 0.267729 12 
0 0.299284 12 
0 0.312129 12 
0 0.327398 12 
0 0.329875 12 
0 0.333667 12 
0 0.33881 12 
0 0.342174 12 
0 0.358573 12 
0 0.362677 12 
0 0.363466 12 
0 0.378876 12 
0 0.388594 12 
0 0.388968 12 
0 0.404504 12 
0 0.40457 12 
0 0.453355 12 
0 0.454302 12 
0 0.491208 12 
0 0.497378 12 
0 0.501198 12 
0 0.563009 12 
0 0.570968 12 
0 0.577014 12 
0 0.577386 12 
0 0.579536 12 
0 0.583934 12 
0 0.596447 12 
0 0.596687 12 
0 0.656252 12 
0 0.66592 12 
0 0.667691 12 
0 0.797811 12 
0 0.798024 12 
0 0.828445 12 
0 0.828531 12 
0 0.828963 12 
0 0.831066 12 
0 0.840026 12 
0 0.847018 12 
0 0.888684 12 
0 0.890913 12 
0 0.918922 12 
0 0.95078 12 
0 0.952096 12 
0 0.988717 12 
0 1.01183 12 
0 1.01294 12 
0 1.01399 12 
0 1.15786 12 
0 1.17462 12 
0 1.17508 12 
0 1.18555 12 
0 1.18603 12 
0 1.21981 12 
0 1.27389 12 
0 1.27636 12 
0 1.30104 12 
0 1.3011 12 
0 1.30113 12 
0 1.34038 12 
0 1.34152 12 
0 1.46784 12 
0 1.46888 12 
0 1.61721 12 
0 1.62925 12 
0 1.62932 12 
0 inf 12 
0 0.0696346 13 
0 0.0745969 13 
0 0.0885249 13 
0 0.147322 13 
0 0.174702 13 
0 0.177725 13 
0 0.183067 13 
0 0.200868 13 
0 0.207005 13 
0 0.217053 13 
0 0.224828 13 
0 0.225313 13 
0 0.23522 13 
0 0.2432 13 
0 0.260789 13 
0 0.264604 13 
0 0.286851 13 
0 0.319352 13 
0 0.320471 13 
0 0.328707 13 
0 0.332495 13 
0 0.34489 13 
0 0.344994 13 
0 0.345759 13 
0 0.345836 13 
0 0.348806 13 
0 0.378291 13 
0 0.378291 13 
0 0.380287 13 
0 0.429575 13 
0 0.432895 13 
0 0.433555 13 
0 0.472819 13 
0 0.473636 13 
0 0.515796 13 
0 0.51651 13 
0 0.527848 13 
0 0.542821 13 
0 0.554886 13 
0 0.571792 13 
0 0.574863 13 
0 0.57614 13 
0 0.57628 13 
0 0.577071 13 
0 0.581217 13 
0 0.590139 13 
0 0.591593 13 
0 0.591593 13 
0 0.666688 13 
0 0.684342 13 
0 0.686325 13 
0 0.766009 13 
0 0.797306 13 
0 0.802138 13 
0 0.852422 13 
0 0.853177 13 
0 0.853523 13 
0 0.875484 13 
0 0.891071 13 
0 0.949 13 
0 0.949707 13 
0 0.982407 13 
0 0.982589 13 
0 0.982589 13 
0 0.990025 13 
0 0.991732 13 
0 0.991759 13 
0 0.997518 13 
0 1.01686 13 
0 1.05159 13 
0 1.23631 13 
0 1.24316 13 
0 1.24324 13 
0 1.27465 13 
0 1.27493 13 
0 1.27565 13 
0 1.27577 13 
0 1.2763 13 
0 1.46417 13 
0 1.46702 13 
0 1.57697 13 
0 1.57749 13 
0 1.57761 13 
0 inf 13 
0 0.0538386 14 
0 0.063586 14 
0 0.103527 14 
0 0.105405 14 
0 0.175012 14 
0 0.201137 14 
0 0.21128 14 
0 0.220415 14 
0 0.226244 14 
0 0.227437 14 
0 0.257201 14 
0 0.265446 14 
0 0.270638 14 
0 0.282676 14 
0 0.284546 14 
0 0.290519 14 
0 0.290519 14 
0 0.29052 14 
0 0.291375 14 
0 0.292572 14 
0 0.302908 14 
0 0.303881 14 
0 0.304704 14 
0 0.309222 14 
0 0.332792 14 
0 0.333114 14 
0 0.339466 14 
0 0.34196 14 
0 0.343383 14 
0 0.346418 14 
0 0.349262 14 
0 0.35288 14 
0 0.357465 14 
0 0.362533 14 
0 0.363051 14 
0 0.395127 14 
0 0.426546 14 
0 0.428743 14 
0 0.431178 14 
0 0.452624 14 
0 0.545528 14 
0 0.57318 14 
0 0.573596 14 
0 0.583646 14 
0 0.583865 14 
0 0.584029 14 
0 0.584886 14 
0 0.588656 14 
0 0.599543 14 
0 0.620182 14 
0 0.620862 14 
0 0.621337 14 
0 0.622945 14 
0 0.624095 14 
0 0.798786 14 
0 0.800073 14 
0 0.951147 14 
0 0.952003 14 
0 0.952144 14 
0 0.95313 14 
0 0.96097 14 
0 1.01914 14 
0 1.03028 14 
0 1.03042 14 
0 1.03129 14 
0 1.03809 14 
0 1.04592 14 
0 1.05461 14 
0 1.24937 14 
0 1.25241 14 
0 1.25252 14 
0 1.27765 14 
0 1.38838 14 
0 1.38915 14 
0 1.38931 14 
0 1.46957 14 
0 1.4801 14 
0 1.48078 14 
0 1.48083 14 
0 inf 14 
0 0.0375918 15 
0 0.0431377 15 
0 0.0773055 15 
0 0.106253 15 
0 0.214279 15 
0 0.232526 15 
0 0.241299 15 
0 0.247843 15 
0 0.250988 15 
0 0.264791 15 
0 0.268168 15 
0 0.27316 15 
0 0.273497 15 
0 0.278254 15 
0 0.282086 15 
0 0.285709 15 
0 0.293482 15 
0 0.294387 15 
0 0.294781 15 
0 0.296031 15 
0 0.297243 15 
0 0.29735 15 
0 0.298463 15 
0 0.302048 15 
0 0.305142 15 
0 0.307624 15 
0 0.311808 15 
0 0.312151 15 
0 0.333034 15 
0 0.335115 15 
0 0.335542 15 
0 0.338832 15 
0 0.33907 15 
0 0.345279 15 
0 0.345823 15 
0 0.347063 15 
0 0.373336 15 
0 0.374485 15 
0 0.37563 15 
0 0.40636 15 
0 0.418458 15 
0 0.561609 15 
0 0.597205 15 
0 0.647991 15 
0 0.769318 15 
0 0.789358 15 
0 0.805967 15 
0 0.814905 15 
0 0.821436 15 
0 0.856027 15 
0 0.856445 15 
0 0.896384 15 
0 0.89757 15 
0 0.89766 15 
0 0.950272 15 
0 0.962748 15 
0 1.00216 15 
0 1.00237 15 
0 1.09424 15 
0 1.09451 15 
0 1.095 15 
0 1.2287 15 
0 1.24248 15 
0 1.24273 15 
0 1.27486 15 
0 1.39154 15 
0 1.39175 15 
0 1.39177 15 
0 1.47139 15 
0 1.60155 15 
0 1.60418 15 
0 1.60459 15 
0 1.69082 15 
0 1.69278 15 
0 1.69302 15 
0 inf 15 
0 0.0714037 16 
0 0.170773 16 
0 0.19832 16 
0 0.202694 16 
0 0.225657 16 
0 0.241327 16 
0 0.25636 16 
0 0.257092 16 
0 0.259999 16 
0 0.26404 16 
0 0.264869 16 
0 0.274424 16 
0 0.287057 16 
0 0.298319 16 
0 0.298655 16 
0 0.299345 16 
0 0.300088 16 
0 0.3003 16 
0 0.300803 16 
0 0.300803 16 
0 0.30223 16 
0 0.304089 16 
0 0.307534 16 
0 0.310544 16 
0 0.310975 16 
0 0.329523 16 
0 0.329712 16 
0 0.330796 16 
0 0.3319 16 
0 0.332091 16 
0 0.344696 16 
0 0.34656 16 
0 0.346895 16 
0 0.346895 16 
0 0.349784 16 
0 0.353674 16 
0 0.35539 16 
0 0.361652 16 
0 0.382332 16 
0 0.46528 16 
0 0.56793 16 
0 0.584839 16 
0 0.734777 16 
0 0.790792 16 
0 0.805811 16 
0 0.816004 16 
0 0.816617 16 
0 0.816924 16 
0 0.848104 16 
0 0.853497 16 
0 0.903068 16 
0 0.916208 16 
0 0.91653 16 
0 0.953768 16 
0 1.10369 16 
0 1.10515 16 
0 1.10515 16 
0 1.20338 16 
0 1.20358 16 
0 1.20374 16 
0 1.28501 16 
0 1.31554 16 
0 1.31564 16 
0 1.31583 16 
0 1.46963 16 
0 1.68944 16 
0 1.69046 16 
0 1.69061 16 
0 1.90338 16 
0 1.90361 16 
0 1.90361 16 
0 inf 16 
0 0.0530017 17 
0 0.0671491 17 
0 0.0701455 17 
0 0.0705271 17 
0 0.142816 17 
0 0.186273 17 
0 0.191574 17 
0 0.192984 17 
0 0.193806 17 
0 0.217181 17 
0 0.218168 17 
0 0.267191 17 
0 0.26766 17 
0 0.270684 17 
0 0.328597 17 
0 0.329835 17 
0 0.330079 17 
0 0.330688 17 
0 0.330757 17 
0 0.331013 17 
0 0.331621 17 
0 0.331875 17 
0 0.334349 17 
0 0.334377 17 
0 0.335418 17 
0 0.337969 17 
0 0.346947 17 
0 0.34808 17 
0 0.348374 17 
0 0.348722 17 
0 0.349374 17 
0 0.349604 17 
0 0.349988 17 
0 0.35013 17 
0 0.462356 17 
0 0.486623 17 
0 0.492053 17 
0 0.649336 17 
0 0.821368 17 
0 0.821597 17 
0 0.821717 17 
0 0.821815 17 
0 0.891189 17 
0 0.950037 17 
0 0.983373 17 
0 0.991397 17 
0 0.991704 17 
0 0.991803 17 
0 0.993258 17 
0 0.996279 17 
0 1.01869 17 
0 1.02494 17 
0 1.02591 17 
0 1.03539 17 
0 1.19216 17 
0 1.23941 17 
0 1.27928 17 
0 1.2823 17 
0 1.28279 17 
0 1.28313 17 
0 1.32011 17 
0 1.32021 17 
0 1.3209 17 
0 1.47304 17 
0 1.61358 17 
0 1.61389 17 
0 1.61478 17 
0 inf 17 
0 0.0790148 18 
0 0.0826668 18 
0 0.0849091 18 
0 0.119942 18 
0 0.133497 18 
0 0.136479 18 
0 0.161364 18 
0 0.168524 18 
0 0.170267 18 
0 0.187803 18 
0 0.188232 18 
0 0.190405 18 
0 0.214705 18 
0 0.227567 18 
0 0.247819 18 
0 0.252929 18 
0 0.259206 18 
0 0.333436 18 
0 0.335868 18 
0 0.336108 18 
0 0.337992 18 
0 0.355415 18 
0 0.356321 18 
0 0.356622 18 
0 0.35745 18 
0 0.359697 18 
0 0.361286 18 
0 0.361682 18 
0 0.361682 18 
0 0.372509 18 
0 0.372701 18 
0 0.37282 18 
0 0.373587 18 
0 0.694972 18 
0 0.70664 18 
0 0.707789 18 
0 0.741144 18 
0 0.750536 18 
0 0.834287 18 
0 0.834801 18 
0 0.834887 18 
0 0.835401 18 
0 0.966846 18 
0 0.970688 18 
0 0.970881 18 
0 1.06722 18 
0 1.07564 18 
0 1.07676 18 
0 1.13183 18 
0 1.13683 18 
0 1.14084 18 
0 1.14109 18 
0 1.15477 18 
0 1.17254 18 
0 1.29025 18 
0 1.29096 18 
0 1.29107 18 
0 1.29155 18 
0 1.32753 18 
0 1.50029 18 
0 1.52403 18 
0 1.52567 18 
0 2.01742 18 
0 inf 18 
0 0.0602633 19 
0 0.0637266 19 
0 0.0637267 19 
0 0.164964 19 
0 0.165775 19 
0 0.165775 19 
0 0.191158 19 
0 0.192139 19 
0 0.197642 19 
0 0.198505 19 
0 0.198771 19 
0 0.199445 19 
0 0.210719 19 
0 0.212116 19 
0 0.217118 19 
0 0.336135 19 
0 0.336534 19 
0 0.336773 19 
0 0.379987 19 
0 0.381162 19 
0 0.381162 19 
0 0.381748 19 
0 0.397245 19 
0 0.397696 19 
0 0.398864 19 
0 0.399155 19 
0 0.560691 19 
0 0.560691 19 
0 0.562039 19 
0 0.563057 19 
0 0.563946 19 
0 0.570983 19 
0 0.579365 19 
0 0.585975 19 
0 0.589037 19 
0 0.599096 19 
0 0.60168 19 
0 0.611486 19 
0 0.740223 19 
0 0.779625 19 
0 0.779717 19 
0 0.784091 19 
0 0.796794 19 
0 0.803557 19 
0 0.84305 19 
0 0.847392 19 
0 0.847815 19 
0 0.847941 19 
0 0.955717 19 
0 0.974488 19 
0 0.974855 19 
0 1.15514 19 
0 1.2359 19 
0 1.29869 19 
0 1.29922 19 
0 1.30052 19 
0 1.49211 19 
0 1.50029 19 
0 1.50036 19 
0 inf 19 
0 0.0736238 20 
0 0.0736238 20 
0 0.0736239 20 
0 0.152514 20 
0 0.154553 20 
0 0.155707 20 
0 0.197961 20 
0 0.199447 20 
0 0.19985 20 
0 0.230185 20 
0 0.230534 20 
0 0.297086 20 
0 0.297808 20 
0 0.298288 20 
0 0.347059 20 
0 0.358107 20 
0 0.360199 20 
0 0.363475 20 
0 0.364601 20 
0 0.365385 20 
0 0.372228 20 
0 0.378026 20 
0 0.378783 20 
0 0.379584 20 
0 0.382799 20 
0 0.382962 20 
0 0.407594 20 
0 0.407857 20 
0 0.512972 20 
0 0.548659 20 
0 0.550545 20 
0 0.557366 20 
0 0.564309 20 
0 0.564499 20 
0 0.564547 20 
0 0.65358 20 
0 0.654565 20 
0 0.654715 20 
0 0.797826 20 
0 0.809028 20 
0 0.809879 20 
0 0.854096 20 
0 0.864156 20 
0 0.864249 20 
0 0.970936 20 
0 0.971074 20 
0 0.971599 20 
0 1.20871 20 
0 1.21016 20 
0 1.30843 20 
0 1.30926 20 
0 1.49908 20 
0 1.49908 20 
0 1.50194 20 
0 2.56103 20 
0 inf 20 
