6.78478 9.60358 1 
0.539874 1.493 1 
0.298266 0.301751 1 
0.279377 0.321171 1 
0.27859 0.293015 1 
0.244348 0.256269 1 
0.243018 0.248334 1 
0.242917 0.257876 1 
0.211701 0.211829 1 
0.190969 0.251943 1 
0.175747 0.177575 1 
0.118902 0.121908 1 
0.105547 0.111268 1 
0.100912 0.128008 1 
0.081501 0.0877626 1 
0.0607951 0.115485 1 
0.0586308 0.0605829 1 
0.0259226 0.0287594 1 
0.0259226 0.0283058 1 
7.07592 7.53071 2 
7.07159 7.49716 2 
5.46661 7.56162 2 
0.45831 2.00242 2 
0.329603 0.331277 2 
0.311614 0.348313 2 
0.308658 0.33252 2 
0.302137 0.32077 2 
0.245192 0.249425 2 
0.222887 0.252206 2 
0.212981 0.225478 2 
0.200864 0.258379 2 
0.189539 0.231525 2 
0.159397 0.164111 2 
0.152093 0.158987 2 
0.13238 0.138854 2 
0.118358 0.121802 2 
0.109748 0.152601 2 
0.101424 0.125152 2 
0.0855254 0.0887872 2 
0.0816595 0.0973935 2 
0.0803844 0.0859773 2 
0.0800621 0.0803838 2 
0.0785964 0.104065 2 
0.0713545 0.0931884 2 
0.0700779 0.114134 2 
0.063904 0.0649074 2 
0.0363053 0.038717 2 
0.0283051 0.0283051 2 
5.19086 5.31783 3 
5.19079 5.31151 3 
5.02375 5.12164 3 
0.459392 1.808 3 
0.294427 0.325051 3 
0.276827 0.350753 3 
0.246976 0.256879 3 
0.18408 0.19618 3 
0.146819 0.173595 3 
0.109981 0.179456 3 
0.105422 0.111731 3 
0.102439 0.112192 3 
0.100658 0.102312 3 
0.0979236 0.143796 3 
0.0893684 0.105546 3 
2.90972 2.98404 4 
0.894272 1.72877 4 
0.279891 0.308906 4 
0.278085 0.327862 4 
0.197228 0.197555 4 
0.19492 0.197031 4 
0.187695 0.201507 4 
0.180321 0.201121 4 
0.179239 0.239702 4 
0.162849 0.175226 4 
0.140796 0.200411 4 
0.137636 0.15874 4 
0.100271 0.144333 4 
3.82309 3.85436 5 
3.82103 3.84452 5 
3.82071 3.84603 5 
3.76533 3.85915 5 
2.56831 2.65865 5 
1.52485 1.56435 5 
1.24717 1.57455 5 
0.212677 0.216289 5 
0.17044 0.208503 5 
0.163243 0.206513 5 
0.154368 0.223634 5 
0.135561 0.164974 5 
0.101926 0.109865 5 
0.101419 0.123901 5 
0.0998812 0.111152 5 
2.87956 3.11772 6 
2.87359 3.09033 6 
2.87294 3.08739 6 
2.87057 3.08993 6 
1.37948 1.4052 6 
1.34334 1.38387 6 
1.2167 1.21954 6 
0.190354 0.198665 6 
0.181817 0.186031 6 
0.176335 0.195781 6 
0.165834 0.218432 6 
0.165209 0.230859 6 
0.151325 0.167153 6 
2.28547 2.57394 7 
2.20207 2.39622 7 
2.07843 2.14803 7 
2.07699 2.15311 7 
1.24066 1.31614 7 
1.19124 1.20927 7 
1.11897 1.12041 7 
0.206636 0.215512 7 
0.198862 0.249426 7 
0.154543 0.229965 7 
0.130014 0.136227 7 
0.0474201 0.0484977 7 
1.56892 1.57268 8 
0.25748 0.258925 8 
0.199057 0.217721 8 
0.185403 0.223171 8 
0.171502 0.179382 8 
0.130707 0.142713 8 
0.110803 0.115712 8 
1.45943 1.62948 9 
1.44506 1.58739 9 
0.904142 0.957523 9 
0.266266 0.297969 9 
0.225879 0.242329 9 
0.177427 0.177936 9 
0.159316 0.180322 9 
0.120092 0.131499 9 
1.45216 1.46709 10 
1.44896 1.46193 10 
1.32437 1.5419 10 
1.32261 1.5419 10 
0.835824 0.837907 10 
0.568895 0.627382 10 
0.216228 0.243078 10 
0.116152 0.121804 10 
0.70208 0.720938 11 
0.485321 0.508369 11 
0.47256 0.479149 11 
0.222595 0.226052 11 
0.71015 0.711299 12 
0.705371 0.767376 12 
0.696838 0.775297 12 
0.665104 0.771156 12 
0.335308 0.431974 12 
0.148564 0.157724 12 
1.34493 1.36627 13 
1.32174 1.34759 13 
1.27827 1.35582 13 
0.343268 0.373442 13 
0.302577 0.359593 13 
0.300877 0.392008 13 
1.49392 1.587 14 
1.49308 1.59415 14 
1.46287 1.55429 14 
0.351788 0.372021 14 
1.40736 1.49181 15 
1.31392 1.57244 15 
1.28481 1.55784 15 
0.301284 0.309035 15 
1.34405 1.40716 16 
1.28877 1.34193 16 
1.26324 1.27428 16 
0.922381 0.992969 17 
