0 0.00902572 1 
0 0.0127659 1 
0 0.0127741 1 
0 0.0147467 1 
0 0.0156317 1 
0 0.0172856 1 
0 0.0172887 1 
0 0.0172887 1 
0 0.0195074 1 
0 0.0221082 1 
0 0.0233088 1 
0 0.0238861 1 
0 0.0244371 1 
0 0.0244371 1 
0 0.0250009 1 
0 0.0270783 1 
0 0.0299334 1 
0 0.0303894 1 
0 0.0303904 1 
0 0.031704 1 
0 0.0368494 1 
0 0.0368502 1 
0 0.0403665 1 
0 0.0406991 1 
0 0.0416903 1 
0 0.0423371 1 
0 0.0429749 1 
0 0.0463232 1 
0 0.0466066 1 
0 0.0466122 1 
0 0.0471902 1 
0 0.049984 1 
0 0.05052 1 
0 0.0505262 1 
0 0.0518467 1 
0 0.0526306 1 
0 0.0526313 1 
0 0.0536548 1 
0 0.054406 1 
0 0.0556413 1 
0 0.0558872 1 
0 0.0566071 1 
0 0.0578 1 
0 0.0580303 1 
0 0.0587281 1 
0 0.0596417 1 
0 0.0596452 1 
0 0.0605493 1 
0 0.0605502 1 
0 0.0609961 1 
0 0.0612181 1 
0 0.0612187 1 
0 0.0633977 1 
0 0.0638254 1 
0 0.065297 1 
0 0.0655042 1 
0 0.0665353 1 
0 0.0679463 1 
0 0.0683457 1 
0 0.0687383 1 
0 0.0701065 1 
0 0.0701109 1 
0 0.0762344 1 
0 0.0762364 1 
0 0.0786872 1 
0 0.0817313 1 
0 0.0817314 1 
0 0.0817329 1 
0 0.0822318 1 
0 0.0825618 1 
0 0.0837022 1 
0 0.084509 1 
0 0.0862623 1 
0 0.0862646 1 
0 0.0867285 1 
0 0.0890493 1 
0 0.0891995 1 
0 0.0895056 1 
0 0.0895059 1 
0 0.0919013 1 
0 0.0965136 1 
0 0.0972149 1 
0 0.100103 1 
0 0.10078 1 
0 0.100915 1 
0 0.10344 1 
0 0.107809 1 
0 0.109063 1 
0 0.110049 1 
0 0.110673 1 
0 0.12913 1 
0 0.132451 1 
0 0.142144 1 
0 0.154678 1 
0 0.174633 1 
0 0.17772 1 
0 0.189332 1 
0 0.197955 1 
0 0.204832 1 
0 0.217941 1 
0 0.22072 1 
0 0.225651 1 
0 0.240169 1 
0 0.253237 1 
0 0.274619 1 
0 0.277865 1 
0 0.294899 1 
0 0.310321 1 
0 0.315721 1 
0 0.347651 1 
0 0.3621 1 
0 0.377266 1 
0 0.378814 1 
0 0.386421 1 
0 0.386429 1 
0 0.391688 1 
0 0.463004 1 
0 0.466505 1 
0 0.496308 1 
0 1.01027 1 
0 1.4409 1 
0 1.92248 1 
0 2.43539 1 
0 2.67286 1 
0 2.73105 1 
0 3.07506 1 
0 4.07255 1 
0 5.33022 1 
0 6.45951 1 
0 6.65488 1 
0 6.7041 1 
0 inf 1 
0 0.0116589 2 
0 0.0137919 2 
0 0.015636 2 
0 0.0180549 2 
0 0.0194994 2 
0 0.0195047 2 
0 0.0195074 2 
0 0.0201912 2 
0 0.0214911 2 
0 0.0214911 2 
0 0.0214913 2 
0 0.0303848 2 
0 0.0321289 2 
0 0.0325429 2 
0 0.0325445 2 
0 0.0337727 2 
0 0.0337727 2 
0 0.0357318 2 
0 0.0386472 2 
0 0.0413632 2 
0 0.0448292 2 
0 0.0454318 2 
0 0.0463211 2 
0 0.0471898 2 
0 0.0477641 2 
0 0.0480465 2 
0 0.0486072 2 
0 0.0518533 2 
0 0.0551455 2 
0 0.0558834 2 
0 0.058728 2 
0 0.0589579 2 
0 0.0596489 2 
0 0.060096 2 
0 0.0603252 2 
0 0.060552 2 
0 0.0607697 2 
0 0.0612139 2 
0 0.063394 2 
0 0.0665333 2 
0 0.0665365 2 
0 0.0671418 2 
0 0.0697254 2 
0 0.0710723 2 
0 0.0710724 2 
0 0.0727702 2 
0 0.0738803 2 
0 0.0747959 2 
0 0.0755176 2 
0 0.0785145 2 
0 0.0785167 2 
0 0.0792051 2 
0 0.0803967 2 
0 0.0822328 2 
0 0.0828908 2 
0 0.0840266 2 
0 0.0862621 2 
0 0.0870499 2 
0 0.0887469 2 
0 0.091307 2 
0 0.0926386 2 
0 0.0952379 2 
0 0.0958105 2 
0 0.0965131 2 
0 0.0970749 2 
0 0.0972133 2 
0 0.0974939 2 
0 0.0987402 2 
0 0.101986 2 
0 0.102778 2 
0 0.103702 2 
0 0.119063 2 
0 0.122324 2 
0 0.129863 2 
0 0.129865 2 
0 0.137282 2 
0 0.140125 2 
0 0.149951 2 
0 0.151576 2 
0 0.155725 2 
0 0.157199 2 
0 0.162888 2 
0 0.173694 2 
0 0.1758 2 
0 0.176333 2 
0 0.187096 2 
0 0.189475 2 
0 0.191189 2 
0 0.194985 2 
0 0.222143 2 
0 0.22751 2 
0 0.234043 2 
0 0.235204 2 
0 0.243931 2 
0 0.26458 2 
0 0.271394 2 
0 0.301881 2 
0 0.30319 2 
0 0.344246 2 
0 0.349041 2 
0 0.349749 2 
0 0.352726 2 
0 0.362162 2 
0 0.368694 2 
0 0.370897 2 
0 0.380497 2 
0 0.380992 2 
0 0.38957 2 
0 0.392241 2 
0 0.399768 2 
0 0.407029 2 
0 0.953402 2 
0 1.34684 2 
0 1.36868 2 
0 1.67194 2 
0 1.79909 2 
0 2.16396 2 
0 2.19174 2 
0 3.45153 2 
0 3.97782 2 
0 4.21995 2 
0 4.42733 2 
0 4.52666 2 
0 5.12782 2 
0 5.55273 2 
0 5.59238 2 
0 5.82564 2 
0 inf 2 
0 0.010423 3 
0 0.0147432 3 
0 0.01564 3 
0 0.0195074 3 
0 0.020186 3 
0 0.0214925 3 
0 0.0227261 3 
0 0.0244469 3 
0 0.0249884 3 
0 0.0260604 3 
0 0.0321166 3 
0 0.0325478 3 
0 0.0329551 3 
0 0.0341768 3 
0 0.0368475 3 
0 0.0372166 3 
0 0.0389964 3 
0 0.0396913 3 
0 0.0400294 3 
0 0.0416893 3 
0 0.0460247 3 
0 0.0549043 3 
0 0.0558823 3 
0 0.0566117 3 
0 0.0580297 3 
0 0.0584957 3 
0 0.0587274 3 
0 0.0612199 3 
0 0.0655026 3 
0 0.0679467 3 
0 0.0679467 3 
0 0.0697236 3 
0 0.0718325 3 
0 0.0764149 3 
0 0.0776463 3 
0 0.0792057 3 
0 0.0798872 3 
0 0.0803967 3 
0 0.0828901 3 
0 0.0832112 3 
0 0.0861082 3 
0 0.0872018 3 
0 0.0879799 3 
0 0.0881347 3 
0 0.089358 3 
0 0.0899584 3 
0 0.0908564 3 
0 0.0913037 3 
0 0.0920493 3 
0 0.0987404 3 
0 0.100376 3 
0 0.102653 3 
0 0.106541 3 
0 0.108564 3 
0 0.112491 3 
0 0.115712 3 
0 0.121543 3 
0 0.126579 3 
0 0.131935 3 
0 0.135188 3 
0 0.136885 3 
0 0.138169 3 
0 0.138464 3 
0 0.141666 3 
0 0.150498 3 
0 0.153884 3 
0 0.154238 3 
0 0.15668 3 
0 0.163219 3 
0 0.178558 3 
0 0.180065 3 
0 0.186148 3 
0 0.190556 3 
0 0.195756 3 
0 0.200824 3 
0 0.20884 3 
0 0.209164 3 
0 0.222626 3 
0 0.222626 3 
0 0.224925 3 
0 0.237734 3 
0 0.241272 3 
0 0.251752 3 
0 0.2524 3 
0 0.285769 3 
0 0.287501 3 
0 0.290276 3 
0 0.295435 3 
0 0.298917 3 
0 0.299636 3 
0 0.300865 3 
0 0.314131 3 
0 0.327672 3 
0 0.333866 3 
0 0.347639 3 
0 0.348543 3 
0 0.361048 3 
0 0.36115 3 
0 0.368435 3 
0 0.374706 3 
0 0.382451 3 
0 0.385698 3 
0 0.387404 3 
0 0.577807 3 
0 0.756291 3 
0 0.957454 3 
0 1.47831 3 
0 1.6421 3 
0 1.70853 3 
0 1.76784 3 
0 1.97126 3 
0 2.83223 3 
0 2.88864 3 
0 2.96062 3 
0 2.96855 3 
0 2.97308 3 
0 2.98215 3 
0 2.98514 3 
0 2.98774 3 
0 4.11832 3 
0 5.11677 3 
0 5.12368 3 
0 5.12422 3 
0 inf 3 
0 0.0194994 4 
0 0.0214877 4 
0 0.0221155 4 
0 0.0221155 4 
0 0.024993 4 
0 0.0290179 4 
0 0.0308272 4 
0 0.0308371 4 
0 0.0333717 4 
0 0.035734 4 
0 0.0372182 4 
0 0.0386455 4 
0 0.041364 4 
0 0.0426568 4 
0 0.0429723 4 
0 0.0439107 4 
0 0.0463211 4 
0 0.0471917 4 
0 0.0483294 4 
0 0.0491618 4 
0 0.050788 4 
0 0.0528889 4 
0 0.0566139 4 
0 0.0573251 4 
0 0.0580299 4 
0 0.059417 4 
0 0.06122 4 
0 0.0629683 4 
0 0.0629689 4 
0 0.0629709 4 
0 0.0669403 4 
0 0.0673404 4 
0 0.0679462 4 
0 0.068345 4 
0 0.072776 4 
0 0.0837046 4 
0 0.0851521 4 
0 0.0851571 4 
0 0.0873612 4 
0 0.0876669 4 
0 0.0940881 4 
0 0.0949546 4 
0 0.103048 4 
0 0.103833 4 
0 0.110914 4 
0 0.113099 4 
0 0.117452 4 
0 0.121994 4 
0 0.128282 4 
0 0.131836 4 
0 0.135192 4 
0 0.137085 4 
0 0.137089 4 
0 0.138273 4 
0 0.138467 4 
0 0.140318 4 
0 0.157633 4 
0 0.158573 4 
0 0.158577 4 
0 0.160365 4 
0 0.160365 4 
0 0.166351 4 
0 0.181047 4 
0 0.187172 4 
0 0.190833 4 
0 0.196103 4 
0 0.204866 4 
0 0.217252 4 
0 0.223234 4 
0 0.225353 4 
0 0.232744 4 
0 0.241285 4 
0 0.250554 4 
0 0.258118 4 
0 0.263153 4 
0 0.265465 4 
0 0.265903 4 
0 0.281416 4 
0 0.289604 4 
0 0.295095 4 
0 0.297057 4 
0 0.307112 4 
0 0.314768 4 
0 0.318414 4 
0 0.323209 4 
0 0.328776 4 
0 0.329477 4 
0 0.332752 4 
0 0.340655 4 
0 0.35102 4 
0 0.35837 4 
0 0.359146 4 
0 0.38961 4 
0 0.393355 4 
0 0.433621 4 
0 0.725592 4 
0 0.803307 4 
0 0.96167 4 
0 1.19766 4 
0 1.46197 4 
0 1.58176 4 
0 1.65102 4 
0 1.77906 4 
0 1.81194 4 
0 1.8147 4 
0 1.81662 4 
0 1.82553 4 
0 2.26563 4 
0 2.28734 4 
0 2.28734 4 
0 2.2881 4 
0 3.11243 4 
0 3.11261 4 
0 3.11261 4 
0 3.11307 4 
0 3.19407 4 
0 3.20374 4 
0 3.20598 4 
0 3.31039 4 
0 inf 4 
0 0.0227149 5 
0 0.0299417 5 
0 0.035727 5 
0 0.0357301 5 
0 0.0368516 5 
0 0.0382866 5 
0 0.0389965 5 
0 0.0426564 5 
0 0.0426606 5 
0 0.0521094 5 
0 0.0539042 5 
0 0.0544011 5 
0 0.0546624 5 
0 0.0549042 5 
0 0.0556398 5 
0 0.0575588 5 
0 0.0587305 5 
0 0.0673474 5 
0 0.0712665 5 
0 0.0725795 5 
0 0.075878 5 
0 0.0783441 5 
0 0.0798893 5 
0 0.0803973 5 
0 0.0808983 5 
0 0.0817391 5 
0 0.0857842 5 
0 0.0884399 5 
0 0.0890537 5 
0 0.0893592 5 
0 0.091901 5 
0 0.0930762 5 
0 0.0930784 5 
0 0.0935126 5 
0 0.0950954 5 
0 0.097353 5 
0 0.100779 5 
0 0.10185 5 
0 0.114411 5 
0 0.114769 5 
0 0.116178 5 
0 0.118833 5 
0 0.119975 5 
0 0.122876 5 
0 0.131419 5 
0 0.13296 5 
0 0.141949 5 
0 0.14479 5 
0 0.145077 5 
0 0.14619 5 
0 0.150856 5 
0 0.151752 5 
0 0.15415 5 
0 0.155113 5 
0 0.1552 5 
0 0.155206 5 
0 0.159684 5 
0 0.16062 5 
0 0.188549 5 
0 0.192821 5 
0 0.217194 5 
0 0.217195 5 
0 0.218656 5 
0 0.243371 5 
0 0.246035 5 
0 0.253997 5 
0 0.259099 5 
0 0.27008 5 
0 0.277788 5 
0 0.289149 5 
0 0.295359 5 
0 0.298058 5 
0 0.321171 5 
0 0.322979 5 
0 0.325675 5 
0 0.326538 5 
0 0.328058 5 
0 0.328151 5 
0 0.328404 5 
0 0.32854 5 
0 0.329145 5 
0 0.329654 5 
0 0.334019 5 
0 0.336004 5 
0 0.337091 5 
0 0.338217 5 
0 0.353675 5 
0 0.700978 5 
0 0.93986 5 
0 0.964274 5 
0 1.06974 5 
0 1.40419 5 
0 1.4454 5 
0 1.64592 5 
0 1.73413 5 
0 1.73713 5 
0 1.73905 5 
0 1.7721 5 
0 1.78624 5 
0 2.17195 5 
0 2.17345 5 
0 2.17422 5 
0 2.18095 5 
0 2.35671 5 
0 2.39275 5 
0 2.39287 5 
0 2.39593 5 
0 2.62807 5 
0 2.62972 5 
0 2.63051 5 
0 2.63482 5 
0 2.67653 5 
0 2.72723 5 
0 2.73235 5 
0 2.76146 5 
0 inf 5 
0 0.0238805 6 
0 0.0244405 6 
0 0.0280675 6 
0 0.0308243 6 
0 0.0341752 6 
0 0.0375844 6 
0 0.0439106 6 
0 0.0505264 6 
0 0.055881 6 
0 0.0603251 6 
0 0.0603281 6 
0 0.0631859 6 
0 0.0671384 6 
0 0.0681411 6 
0 0.0681454 6 
0 0.0681485 6 
0 0.0681494 6 
0 0.0749786 6 
0 0.0756972 6 
0 0.0756984 6 
0 0.0771178 6 
0 0.077119 6 
0 0.0783404 6 
0 0.0797215 6 
0 0.0807308 6 
0 0.0823992 6 
0 0.0832187 6 
0 0.0893588 6 
0 0.0926362 6 
0 0.0935128 6 
0 0.0970746 6 
0 0.100512 6 
0 0.104481 6 
0 0.106669 6 
0 0.109564 6 
0 0.116407 6 
0 0.120875 6 
0 0.125398 6 
0 0.126256 6 
0 0.126905 6 
0 0.128811 6 
0 0.130383 6 
0 0.136391 6 
0 0.137383 6 
0 0.138758 6 
0 0.144511 6 
0 0.148772 6 
0 0.149047 6 
0 0.1559 6 
0 0.156335 6 
0 0.159343 6 
0 0.159597 6 
0 0.164048 6 
0 0.206458 6 
0 0.208063 6 
0 0.222113 6 
0 0.224058 6 
0 0.228762 6 
0 0.234335 6 
0 0.247498 6 
0 0.251603 6 
0 0.252598 6 
0 0.253193 6 
0 0.257708 6 
0 0.261111 6 
0 0.264594 6 
0 0.265572 6 
0 0.27266 6 
0 0.282495 6 
0 0.300118 6 
0 0.320207 6 
0 0.321349 6 
0 0.327828 6 
0 0.3296 6 
0 0.330139 6 
0 0.330258 6 
0 0.330915 6 
0 0.340346 6 
0 0.45009 6 
0 0.679815 6 
0 0.877235 6 
0 0.977978 6 
0 0.998133 6 
0 1.00065 6 
0 1.08884 6 
0 1.21631 6 
0 1.335 6 
0 1.34848 6 
0 1.34863 6 
0 1.35522 6 
0 1.38066 6 
0 1.43476 6 
0 1.4503 6 
0 1.46419 6 
0 1.46531 6 
0 1.46656 6 
0 1.47417 6 
0 1.669 6 
0 1.76796 6 
0 2.13796 6 
0 2.13905 6 
0 2.14688 6 
0 2.18336 6 
0 2.40857 6 
0 2.40857 6 
0 2.40888 6 
0 2.4209 6 
0 2.60661 6 
0 2.60736 6 
0 2.60915 6 
0 2.61096 6 
0 inf 6 
0 0.0448318 7 
0 0.045129 7 
0 0.0454289 7 
0 0.0486029 7 
0 0.0523745 7 
0 0.05515 7 
0 0.0551519 7 
0 0.0561298 7 
0 0.0601006 7 
0 0.0603273 7 
0 0.0640373 7 
0 0.0640373 7 
0 0.0689374 7 
0 0.0693367 7 
0 0.0731466 7 
0 0.0762319 7 
0 0.0778203 7 
0 0.07989 7 
0 0.083864 7 
0 0.0851527 7 
0 0.0868955 7 
0 0.0878244 7 
0 0.0901081 7 
0 0.0910184 7 
0 0.0913053 7 
0 0.0920512 7 
0 0.0969336 7 
0 0.100783 7 
0 0.10396 7 
0 0.103961 7 
0 0.105518 7 
0 0.111644 7 
0 0.124523 7 
0 0.12658 7 
0 0.126798 7 
0 0.133775 7 
0 0.135394 7 
0 0.138858 7 
0 0.138958 7 
0 0.140027 7 
0 0.141376 7 
0 0.15157 7 
0 0.16553 7 
0 0.179465 7 
0 0.18306 7 
0 0.184132 7 
0 0.185316 7 
0 0.185419 7 
0 0.198239 7 
0 0.201898 7 
0 0.215415 7 
0 0.226951 7 
0 0.227892 7 
0 0.228565 7 
0 0.229514 7 
0 0.22985 7 
0 0.252768 7 
0 0.261482 7 
0 0.268414 7 
0 0.268496 7 
0 0.269758 7 
0 0.278978 7 
0 0.288351 7 
0 0.289518 7 
0 0.30643 7 
0 0.309823 7 
0 0.311224 7 
0 0.377423 7 
0 0.378179 7 
0 0.396136 7 
0 0.400784 7 
0 0.715604 7 
0 0.784365 7 
0 0.806338 7 
0 0.82551 7 
0 0.919277 7 
0 0.933918 7 
0 0.944457 7 
0 0.95511 7 
0 0.960978 7 
0 1.09795 7 
0 1.13675 7 
0 1.28266 7 
0 1.29067 7 
0 1.29413 7 
0 1.34748 7 
0 1.41936 7 
0 1.42141 7 
0 1.42203 7 
0 1.42722 7 
0 1.44058 7 
0 1.44985 7 
0 1.45005 7 
0 1.45066 7 
0 1.45887 7 
0 1.46777 7 
0 1.53261 7 
0 1.65196 7 
0 1.77213 7 
0 2.00572 7 
0 2.00683 7 
0 2.00691 7 
0 2.00721 7 
0 2.31943 7 
0 2.32018 7 
0 2.32285 7 
0 2.32429 7 
0 inf 7 
0 0.0361072 8 
0 0.0483276 8 
0 0.0488886 8 
0 0.0558843 8 
0 0.0568506 8 
0 0.0587253 8 
0 0.060997 8 
0 0.0648761 8 
0 0.067546 8 
0 0.0708782 8 
0 0.0708819 8 
0 0.0714571 8 
0 0.0753394 8 
0 0.0772959 8 
0 0.0802285 8 
0 0.0840307 8 
0 0.0851546 8 
0 0.0862629 8 
0 0.0887418 8 
0 0.0905604 8 
0 0.104488 8 
0 0.107683 8 
0 0.10931 8 
0 0.111644 8 
0 0.114415 8 
0 0.123979 8 
0 0.125285 8 
0 0.125611 8 
0 0.126361 8 
0 0.127437 8 
0 0.129025 8 
0 0.144232 8 
0 0.151928 8 
0 0.156244 8 
0 0.163963 8 
0 0.165203 8 
0 0.173118 8 
0 0.178676 8 
0 0.184655 8 
0 0.188757 8 
0 0.194881 8 
0 0.199195 8 
0 0.204603 8 
0 0.207115 8 
0 0.2079 8 
0 0.210362 8 
0 0.212131 8 
0 0.222783 8 
0 0.22327 8 
0 0.242072 8 
0 0.243094 8 
0 0.248714 8 
0 0.271523 8 
0 0.274567 8 
0 0.281055 8 
0 0.281586 8 
0 0.29121 8 
0 0.322324 8 
0 0.323376 8 
0 0.34402 8 
0 0.359524 8 
0 0.364885 8 
0 0.48256 8 
0 0.709704 8 
0 0.722139 8 
0 0.722272 8 
0 0.726021 8 
0 0.773241 8 
0 0.781502 8 
0 0.795214 8 
0 0.839148 8 
0 0.847602 8 
0 0.890564 8 
0 0.900053 8 
0 0.900098 8 
0 0.996308 8 
0 0.99683 8 
0 1.28845 8 
0 1.289 8 
0 1.29535 8 
0 1.29688 8 
0 1.30485 8 
0 1.30653 8 
0 1.33069 8 
0 1.41622 8 
0 1.42273 8 
0 1.42311 8 
0 1.42581 8 
0 1.426 8 
0 1.42654 8 
0 1.43465 8 
0 1.58359 8 
0 1.65995 8 
0 1.67193 8 
0 1.67204 8 
0 1.68024 8 
0 1.69365 8 
0 1.77845 8 
0 1.80663 8 
0 1.80759 8 
0 1.81275 8 
0 1.81852 8 
0 1.83131 8 
0 inf 8 
0 0.0345673 9 
0 0.0474789 9 
0 0.0497124 9 
0 0.0544093 9 
0 0.06972 9 
0 0.0735147 9 
0 0.0749791 9 
0 0.0779954 9 
0 0.0820718 9 
0 0.0849932 9 
0 0.0853106 9 
0 0.0875118 9 
0 0.0891978 9 
0 0.0958075 9 
0 0.102651 9 
0 0.104484 9 
0 0.106924 9 
0 0.107302 9 
0 0.107686 9 
0 0.109436 9 
0 0.111522 9 
0 0.111953 9 
0 0.111954 9 
0 0.113338 9 
0 0.115234 9 
0 0.129657 9 
0 0.132042 9 
0 0.134183 9 
0 0.144321 9 
0 0.154367 9 
0 0.158149 9 
0 0.166076 9 
0 0.166105 9 
0 0.167425 9 
0 0.174452 9 
0 0.18854 9 
0 0.204641 9 
0 0.22296 9 
0 0.223028 9 
0 0.22778 9 
0 0.24156 9 
0 0.244021 9 
0 0.253784 9 
0 0.254212 9 
0 0.27283 9 
0 0.284654 9 
0 0.300671 9 
0 0.301168 9 
0 0.318472 9 
0 0.318694 9 
0 0.324093 9 
0 0.3256 9 
0 0.326225 9 
0 0.362463 9 
0 0.365312 9 
0 0.518776 9 
0 0.545787 9 
0 0.676912 9 
0 0.716381 9 
0 0.718117 9 
0 0.720534 9 
0 0.728131 9 
0 0.730399 9 
0 0.733516 9 
0 0.786717 9 
0 0.853777 9 
0 0.972937 9 
0 0.993653 9 
0 1.00676 9 
0 1.01424 9 
0 1.01551 9 
0 1.02084 9 
0 1.02594 9 
0 1.08716 9 
0 1.10393 9 
0 1.10419 9 
0 1.14078 9 
0 1.15317 9 
0 1.16918 9 
0 1.28569 9 
0 1.28621 9 
0 1.32002 9 
0 1.39544 9 
0 1.39556 9 
0 1.42141 9 
0 1.42156 9 
0 1.43188 9 
0 1.45452 9 
0 1.45455 9 
0 1.63963 9 
0 1.64063 9 
0 1.65671 9 
0 1.66664 9 
0 1.66671 9 
0 1.76785 9 
0 1.77123 9 
0 1.77147 9 
0 1.77284 9 
0 1.77294 9 
0 inf 9 
0 0.0546552 10 
0 0.0554025 10 
0 0.0640343 10 
0 0.0689428 10 
0 0.0718339 10 
0 0.0735104 10 
0 0.0762386 10 
0 0.0819133 10 
0 0.0856285 10 
0 0.0881312 10 
0 0.0892003 10 
0 0.0901066 10 
0 0.0908639 10 
0 0.0916036 10 
0 0.0923411 10 
0 0.0941097 10 
0 0.103794 10 
0 0.108185 10 
0 0.109131 10 
0 0.109314 10 
0 0.126753 10 
0 0.129651 10 
0 0.144697 10 
0 0.146661 10 
0 0.161544 10 
0 0.166923 10 
0 0.172205 10 
0 0.18414 10 
0 0.212611 10 
0 0.215185 10 
0 0.216352 10 
0 0.222179 10 
0 0.223702 10 
0 0.256572 10 
0 0.259989 10 
0 0.263853 10 
0 0.267858 10 
0 0.288396 10 
0 0.290275 10 
0 0.290317 10 
0 0.297161 10 
0 0.313321 10 
0 0.314867 10 
0 0.315686 10 
0 0.317975 10 
0 0.318274 10 
0 0.326237 10 
0 0.347828 10 
0 0.352826 10 
0 0.468869 10 
0 0.469361 10 
0 0.471094 10 
0 0.473394 10 
0 0.674864 10 
0 0.696256 10 
0 0.700433 10 
0 0.710595 10 
0 0.749035 10 
0 0.76688 10 
0 0.779957 10 
0 0.817096 10 
0 0.885473 10 
0 0.885473 10 
0 0.893277 10 
0 0.932331 10 
0 0.947259 10 
0 0.948978 10 
0 0.949429 10 
0 0.949558 10 
0 0.951792 10 
0 0.95257 10 
0 0.962002 10 
0 0.962825 10 
0 0.988867 10 
0 0.989814 10 
0 1.27649 10 
0 1.27751 10 
0 1.33595 10 
0 1.373 10 
0 1.37673 10 
0 1.43262 10 
0 1.43295 10 
0 1.44631 10 
0 1.44637 10 
0 1.45327 10 
0 1.63991 10 
0 1.64092 10 
0 1.64107 10 
0 1.64119 10 
0 1.64393 10 
0 1.77052 10 
0 1.7749 10 
0 1.78095 10 
0 1.79027 10 
0 1.79038 10 
0 inf 10 
0 0.0623189 11 
0 0.0685399 11 
0 0.0786348 11 
0 0.0803985 11 
0 0.0892036 11 
0 0.0958075 11 
0 0.0970694 11 
0 0.109575 11 
0 0.110057 11 
0 0.11043 11 
0 0.113293 11 
0 0.116935 11 
0 0.118257 11 
0 0.128919 11 
0 0.131901 11 
0 0.134891 11 
0 0.146381 11 
0 0.148037 11 
0 0.153883 11 
0 0.157955 11 
0 0.159665 11 
0 0.169181 11 
0 0.17799 11 
0 0.202508 11 
0 0.211161 11 
0 0.219371 11 
0 0.221211 11 
0 0.222564 11 
0 0.225713 11 
0 0.24077 11 
0 0.264401 11 
0 0.266702 11 
0 0.275939 11 
0 0.280616 11 
0 0.281893 11 
0 0.311324 11 
0 0.322674 11 
0 0.325593 11 
0 0.329628 11 
0 0.334477 11 
0 0.336241 11 
0 0.346386 11 
0 0.349541 11 
0 0.39312 11 
0 0.396011 11 
0 0.396152 11 
0 0.406167 11 
0 0.475925 11 
0 0.48247 11 
0 0.654863 11 
0 0.663514 11 
0 0.682825 11 
0 0.685663 11 
0 0.695256 11 
0 0.713302 11 
0 0.736181 11 
0 0.755769 11 
0 0.774707 11 
0 0.776824 11 
0 0.786569 11 
0 0.809233 11 
0 0.81171 11 
0 0.8131 11 
0 0.827022 11 
0 0.865431 11 
0 0.947903 11 
0 0.949049 11 
0 0.957532 11 
0 0.959699 11 
0 0.961141 11 
0 1.00646 11 
0 1.27356 11 
0 1.2774 11 
0 1.30121 11 
0 1.30167 11 
0 1.30167 11 
0 1.41877 11 
0 1.42035 11 
0 1.42307 11 
0 1.42334 11 
0 1.42339 11 
0 1.6379 11 
0 1.6379 11 
0 1.64934 11 
0 1.64994 11 
0 1.65031 11 
0 1.77081 11 
0 1.77141 11 
0 1.77973 11 
0 1.78552 11 
0 1.78849 11 
0 inf 11 
0 0.113456 12 
0 0.114366 12 
0 0.115899 12 
0 0.128289 12 
0 0.129602 12 
0 0.141618 12 
0 0.146188 12 
0 0.1522 12 
0 0.163197 12 
0 0.164523 12 
0 0.171938 12 
0 0.178326 12 
0 0.179361 12 
0 0.190615 12 
0 0.199662 12 
0 0.202565 12 
0 0.2045 12 
0 0.207012 12 
0 0.221317 12 
0 0.22406 12 
0 0.228585 12 
0 0.230304 12 
0 0.24186 12 
0 0.251584 12 
0 0.252015 12 
0 0.254126 12 
0 0.254927 12 
0 0.260513 12 
0 0.262278 12 
0 0.264955 12 
0 0.278255 12 
0 0.305422 12 
0 0.31036 12 
0 0.317059 12 
0 0.358856 12 
0 0.377337 12 
0 0.379782 12 
0 0.408611 12 
0 0.414912 12 
0 0.427291 12 
0 0.43824 12 
0 0.438305 12 
0 0.438705 12 
0 0.455018 12 
0 0.483243 12 
0 0.540407 12 
0 0.604455 12 
0 0.664544 12 
0 0.665361 12 
0 0.675854 12 
0 0.705285 12 
0 0.705628 12 
0 0.705765 12 
0 0.729975 12 
0 0.734705 12 
0 0.753291 12 
0 0.774293 12 
0 0.775064 12 
0 0.776744 12 
0 0.89157 12 
0 0.923667 12 
0 0.949278 12 
0 0.952876 12 
0 0.990915 12 
0 0.991421 12 
0 0.992831 12 
0 1.13162 12 
0 1.28085 12 
0 1.28092 12 
0 1.28659 12 
0 1.29279 12 
0 1.29484 12 
0 1.41901 12 
0 1.41988 12 
0 1.42185 12 
0 1.42319 12 
0 1.42322 12 
0 1.6374 12 
0 1.63804 12 
0 1.6512 12 
0 1.65127 12 
0 1.65152 12 
0 1.76742 12 
0 1.76754 12 
0 1.78421 12 
0 1.7843 12 
0 1.78445 12 
0 inf 12 
0 0.0640535 13 
0 0.0898858 13 
0 0.0950262 13 
0 0.101985 13 
0 0.136456 13 
0 0.138432 13 
0 0.152998 13 
0 0.154232 13 
0 0.155375 13 
0 0.160024 13 
0 0.18845 13 
0 0.1896 13 
0 0.190974 13 
0 0.193313 13 
0 0.196096 13 
0 0.196097 13 
0 0.196441 13 
0 0.227876 13 
0 0.230478 13 
0 0.241277 13 
0 0.242536 13 
0 0.245094 13 
0 0.24554 13 
0 0.246735 13 
0 0.250143 13 
0 0.251115 13 
0 0.255865 13 
0 0.262226 13 
0 0.277224 13 
0 0.280667 13 
0 0.282226 13 
0 0.282851 13 
0 0.320994 13 
0 0.344341 13 
0 0.354018 13 
0 0.372524 13 
0 0.372649 13 
0 0.373689 13 
0 0.373943 13 
0 0.377705 13 
0 0.378854 13 
0 0.38076 13 
0 0.421906 13 
0 0.654162 13 
0 0.665116 13 
0 0.686075 13 
0 0.689496 13 
0 0.690381 13 
0 0.690676 13 
0 0.705878 13 
0 0.715575 13 
0 0.756023 13 
0 0.859646 13 
0 0.943985 13 
0 0.950946 13 
0 0.953741 13 
0 0.955778 13 
0 0.956924 13 
0 0.974003 13 
0 0.974462 13 
0 0.974588 13 
0 1.0375 13 
0 1.04667 13 
0 1.04699 13 
0 1.27267 13 
0 1.2783 13 
0 1.33077 13 
0 1.33147 13 
0 1.3331 13 
0 1.4196 13 
0 1.42051 13 
0 1.43649 13 
0 1.43774 13 
0 1.43819 13 
0 1.6401 13 
0 1.64221 13 
0 1.65954 13 
0 1.65967 13 
0 1.66275 13 
0 1.76926 13 
0 1.77076 13 
0 1.77184 13 
0 1.77195 13 
0 inf 13 
0 0.0426505 14 
0 0.110241 14 
0 0.112491 14 
0 0.113573 14 
0 0.118263 14 
0 0.126863 14 
0 0.127704 14 
0 0.133678 14 
0 0.165264 14 
0 0.175484 14 
0 0.17739 14 
0 0.183944 14 
0 0.184955 14 
0 0.18651 14 
0 0.187872 14 
0 0.188687 14 
0 0.190344 14 
0 0.192371 14 
0 0.194298 14 
0 0.197334 14 
0 0.206743 14 
0 0.216507 14 
0 0.223332 14 
0 0.246293 14 
0 0.262165 14 
0 0.271532 14 
0 0.278969 14 
0 0.282018 14 
0 0.283747 14 
0 0.284703 14 
0 0.28632 14 
0 0.291906 14 
0 0.338011 14 
0 0.354273 14 
0 0.363527 14 
0 0.36591 14 
0 0.371252 14 
0 0.378352 14 
0 0.379498 14 
0 0.382136 14 
0 0.407599 14 
0 0.409195 14 
0 0.590214 14 
0 0.607294 14 
0 0.693015 14 
0 0.70344 14 
0 0.708452 14 
0 0.71468 14 
0 0.717883 14 
0 0.785483 14 
0 0.947718 14 
0 0.955423 14 
0 0.960696 14 
0 0.961614 14 
0 0.964251 14 
0 0.981581 14 
0 0.997188 14 
0 1.00615 14 
0 1.01315 14 
0 1.01325 14 
0 1.02761 14 
0 1.03077 14 
0 1.27859 14 
0 1.38527 14 
0 1.38659 14 
0 1.38659 14 
0 1.41862 14 
0 1.44231 14 
0 1.44262 14 
0 1.44281 14 
0 1.63811 14 
0 1.64454 14 
0 1.65021 14 
0 1.65026 14 
0 1.65099 14 
0 1.76711 14 
0 1.77017 14 
0 1.77035 14 
0 1.77035 14 
0 inf 14 
0 0.0558875 15 
0 0.0644609 15 
0 0.0889749 15 
0 0.0912365 15 
0 0.0967909 15 
0 0.0968676 15 
0 0.100175 15 
0 0.112812 15 
0 0.113651 15 
0 0.11401 15 
0 0.11543 15 
0 0.144621 15 
0 0.171733 15 
0 0.181793 15 
0 0.18571 15 
0 0.204708 15 
0 0.206008 15 
0 0.206206 15 
0 0.224913 15 
0 0.224913 15 
0 0.231474 15 
0 0.233032 15 
0 0.237105 15 
0 0.252242 15 
0 0.254135 15 
0 0.270131 15 
0 0.273509 15 
0 0.27351 15 
0 0.27564 15 
0 0.281726 15 
0 0.284746 15 
0 0.327216 15 
0 0.352288 15 
0 0.353023 15 
0 0.35371 15 
0 0.353711 15 
0 0.355972 15 
0 0.358367 15 
0 0.359879 15 
0 0.365899 15 
0 0.50082 15 
0 0.626681 15 
0 0.694686 15 
0 0.730268 15 
0 0.777281 15 
0 0.794369 15 
0 0.805909 15 
0 0.833904 15 
0 0.854476 15 
0 0.854492 15 
0 0.865039 15 
0 0.865212 15 
0 0.865416 15 
0 0.95907 15 
0 0.959523 15 
0 0.960881 15 
0 0.963139 15 
0 0.967381 15 
0 0.997449 15 
0 1.27961 15 
0 1.32158 15 
0 1.3222 15 
0 1.32245 15 
0 1.42428 15 
0 1.4296 15 
0 1.43127 15 
0 1.43169 15 
0 1.64182 15 
0 1.64191 15 
0 1.64307 15 
0 1.64317 15 
0 1.77036 15 
0 1.78153 15 
0 1.78309 15 
0 1.78321 15 
0 inf 15 
0 0.044824 16 
0 0.113091 16 
0 0.114049 16 
0 0.127384 16 
0 0.136839 16 
0 0.141233 16 
0 0.145745 16 
0 0.156248 16 
0 0.158108 16 
0 0.160502 16 
0 0.163108 16 
0 0.165746 16 
0 0.165833 16 
0 0.172966 16 
0 0.173197 16 
0 0.174607 16 
0 0.187797 16 
0 0.188951 16 
0 0.189167 16 
0 0.189812 16 
0 0.194148 16 
0 0.207206 16 
0 0.212128 16 
0 0.222234 16 
0 0.271839 16 
0 0.289432 16 
0 0.309899 16 
0 0.314706 16 
0 0.345399 16 
0 0.401393 16 
0 0.401664 16 
0 0.40217 16 
0 0.402272 16 
0 0.403916 16 
0 0.404018 16 
0 0.405526 16 
0 0.410969 16 
0 0.416734 16 
0 0.537294 16 
0 0.54021 16 
0 0.776306 16 
0 0.787007 16 
0 0.799334 16 
0 0.799741 16 
0 0.800524 16 
0 0.808781 16 
0 0.85759 16 
0 0.857922 16 
0 0.909317 16 
0 0.936359 16 
0 0.955607 16 
0 0.956459 16 
0 0.95758 16 
0 0.958147 16 
0 1.01516 16 
0 1.29589 16 
0 1.3031 16 
0 1.3036 16 
0 1.30555 16 
0 1.42681 16 
0 1.42711 16 
0 1.4276 16 
0 1.42869 16 
0 1.64588 16 
0 1.64606 16 
0 1.64618 16 
0 1.64638 16 
0 1.77955 16 
0 1.78889 16 
0 1.79834 16 
0 1.7987 16 
0 inf 16 
0 0.0544022 17 
0 0.0671385 17 
0 0.0677412 17 
0 0.0701052 17 
0 0.151088 17 
0 0.153493 17 
0 0.153934 17 
0 0.161174 17 
0 0.16285 17 
0 0.168264 17 
0 0.171384 17 
0 0.173273 17 
0 0.177532 17 
0 0.178371 17 
0 0.179586 17 
0 0.188992 17 
0 0.189208 17 
0 0.2065 17 
0 0.21909 17 
0 0.230924 17 
0 0.231511 17 
0 0.232702 17 
0 0.238644 17 
0 0.279565 17 
0 0.287975 17 
0 0.290318 17 
0 0.299484 17 
0 0.301652 17 
0 0.317574 17 
0 0.355772 17 
0 0.356077 17 
0 0.356687 17 
0 0.384814 17 
0 0.433222 17 
0 0.433315 17 
0 0.433942 17 
0 0.607358 17 
0 0.607894 17 
0 0.621343 17 
0 0.697963 17 
0 0.726694 17 
0 0.746491 17 
0 0.814282 17 
0 0.82023 17 
0 0.82076 17 
0 0.826087 17 
0 0.975015 17 
0 0.975474 17 
0 0.975516 17 
0 0.975683 17 
0 1.09475 17 
0 1.30637 17 
0 1.31507 17 
0 1.317 17 
0 1.31961 17 
0 1.425 17 
0 1.42595 17 
0 1.42652 17 
0 1.42743 17 
0 1.64321 17 
0 1.64611 17 
0 1.64651 17 
0 1.64663 17 
0 1.77633 17 
0 1.77633 17 
0 1.7776 17 
0 2.16327 17 
0 inf 17 
0 0.132041 18 
0 0.136587 18 
0 0.148356 18 
0 0.152686 18 
0 0.153088 18 
0 0.155507 18 
0 0.167295 18 
0 0.168589 18 
0 0.177916 18 
0 0.189232 18 
0 0.203839 18 
0 0.21271 18 
0 0.21654 18 
0 0.218754 18 
0 0.219344 18 
0 0.220579 18 
0 0.227516 18 
0 0.232904 18 
0 0.244324 18 
0 0.24772 18 
0 0.270782 18 
0 0.270782 18 
0 0.273377 18 
0 0.277553 18 
0 0.277554 18 
0 0.285511 18 
0 0.334647 18 
0 0.335659 18 
0 0.335983 18 
0 0.342121 18 
0 0.353676 18 
0 0.362423 18 
0 0.3899 18 
0 0.39323 18 
0 0.413934 18 
0 0.445126 18 
0 0.475894 18 
0 0.484491 18 
0 0.683183 18 
0 0.835355 18 
0 0.851436 18 
0 0.851819 18 
0 0.961327 18 
0 0.961723 18 
0 0.966231 18 
0 0.966947 18 
0 1.0111 18 
0 1.02103 18 
0 1.31965 18 
0 1.31965 18 
0 1.31965 18 
0 1.43171 18 
0 1.43171 18 
0 1.43231 18 
0 1.43589 18 
0 1.65532 18 
0 1.65569 18 
0 1.6558 18 
0 1.6558 18 
0 1.7677 18 
0 1.768 18 
0 1.76818 18 
0 1.95131 18 
0 inf 18 
0 0.119057 19 
0 0.12053 19 
0 0.120531 19 
0 0.148315 19 
0 0.159178 19 
0 0.160959 19 
0 0.162632 19 
0 0.162883 19 
0 0.162883 19 
0 0.167979 19 
0 0.192258 19 
0 0.198102 19 
0 0.198581 19 
0 0.206985 19 
0 0.209916 19 
0 0.211103 19 
0 0.217001 19 
0 0.21754 19 
0 0.222417 19 
0 0.2226 19 
0 0.231394 19 
0 0.240174 19 
0 0.255936 19 
0 0.26372 19 
0 0.270882 19 
0 0.272082 19 
0 0.278384 19 
0 0.279989 19 
0 0.28057 19 
0 0.348088 19 
0 0.348594 19 
0 0.352275 19 
0 0.355497 19 
0 0.442659 19 
0 0.536691 19 
0 0.653149 19 
0 0.704898 19 
0 0.72413 19 
0 0.881792 19 
0 0.950559 19 
0 0.950559 19 
0 0.953754 19 
0 0.955006 19 
0 0.964021 19 
0 0.964021 19 
0 1.03424 19 
0 1.04199 19 
0 1.31891 19 
0 1.34163 19 
0 1.34178 19 
0 1.4277 19 
0 1.42862 19 
0 1.4331 19 
0 1.64546 19 
0 1.64612 19 
0 1.64958 19 
0 1.76919 19 
0 1.76921 19 
0 1.77551 19 
0 inf 19 
0 0.0695341 20 
0 0.0710806 20 
0 0.073522 20 
0 0.0760548 20 
0 0.0765895 20 
0 0.150945 20 
0 0.155111 20 
0 0.157198 20 
0 0.157199 20 
0 0.162052 20 
0 0.164051 20 
0 0.167894 20 
0 0.16838 20 
0 0.190198 20 
0 0.192816 20 
0 0.193664 20 
0 0.193664 20 
0 0.201229 20 
0 0.217725 20 
0 0.218192 20 
0 0.218658 20 
0 0.248759 20 
0 0.251366 20 
0 0.254586 20 
0 0.265311 20 
0 0.26669 20 
0 0.269122 20 
0 0.286556 20 
0 0.290929 20 
0 0.29279 20 
0 0.323604 20 
0 0.331685 20 
0 0.345949 20 
0 0.555218 20 
0 0.562991 20 
0 0.718519 20 
0 0.729324 20 
0 0.886272 20 
0 0.886808 20 
0 0.950986 20 
0 0.953382 20 
0 1.04569 20 
0 1.06684 20 
0 1.33881 20 
0 1.33913 20 
0 1.34747 20 
0 1.44526 20 
0 1.45288 20 
0 1.45497 20 
0 1.64305 20 
0 1.64331 20 
0 1.77646 20 
0 1.77671 20 
0 1.77891 20 
0 3.8074 20 
0 inf 20 
