0 0.0210272 1 
0 0.0210273 1 
0 0.023665 1 
0 0.0302281 1 
0 0.0316576 1 
0 0.0316576 1 
0 0.0321202 1 
0 0.035185 1 
0 0.0356014 1 
0 0.0372211 1 
0 0.0383901 1 
0 0.0383902 1 
0 0.0387724 1 
0 0.0413472 1 
0 0.041351 1 
0 0.0420545 1 
0 0.0444394 1 
0 0.0476344 1 
0 0.0479488 1 
0 0.0482558 1 
0 0.0482558 1 
0 0.0485593 1 
0 0.0506406 1 
0 0.0515056 1 
0 0.0520817 1 
0 0.0526396 1 
0 0.0529189 1 
0 0.053195 1 
0 0.0551005 1 
0 0.0551075 1 
0 0.0569412 1 
0 0.0569413 1 
0 0.0574569 1 
0 0.0587261 1 
0 0.0589775 1 
0 0.0594726 1 
0 0.0597204 1 
0 0.0599663 1 
0 0.0602125 1 
0 0.0614237 1 
0 0.0621413 1 
0 0.0623764 1 
0 0.063081 1 
0 0.0633138 1 
0 0.0640091 1 
0 0.0651507 1 
0 0.0658254 1 
0 0.0658344 1 
0 0.0664938 1 
0 0.066714 1 
0 0.0680329 1 
0 0.069313 1 
0 0.0701595 1 
0 0.0703801 1 
0 0.0712008 1 
0 0.0716183 1 
0 0.0726354 1 
0 0.0730383 1 
0 0.0738427 1 
0 0.0738442 1 
0 0.0738456 1 
0 0.0744444 1 
0 0.0754252 1 
0 0.0781116 1 
0 0.0783049 1 
0 0.0784909 1 
0 0.0794169 1 
0 0.0801574 1 
0 0.0807136 1 
0 0.0810711 1 
0 0.0810718 1 
0 0.0823421 1 
0 0.0846328 1 
0 0.0877126 1 
0 0.0887136 1 
0 0.0892108 1 
0 0.08987 1 
0 0.0905169 1 
0 0.0906851 1 
0 0.0911715 1 
0 0.0998131 1 
0 0.100403 1 
0 0.100549 1 
0 0.100991 1 
0 0.101717 1 
0 0.109932 1 
0 0.111131 1 
0 0.122728 1 
0 0.125108 1 
0 0.129165 1 
0 0.152305 1 
0 0.154994 1 
0 0.15995 1 
0 0.171339 1 
0 0.172969 1 
0 0.181697 1 
0 0.210899 1 
0 0.212438 1 
0 0.214092 1 
0 0.240173 1 
0 0.252147 1 
0 0.254128 1 
0 0.276514 1 
0 0.346766 1 
0 0.374172 1 
0 0.399392 1 
0 0.406088 1 
0 0.438319 1 
0 0.480204 1 
0 0.503806 1 
0 0.509474 1 
0 0.537064 1 
0 0.537538 1 
0 0.547559 1 
0 0.601867 1 
0 0.695879 1 
0 0.758816 1 
0 0.806798 1 
0 0.822765 1 
0 0.869592 1 
0 1.0778 1 
0 1.7261 1 
0 2.17888 1 
0 2.29487 1 
0 2.63123 1 
0 2.95558 1 
0 3.96382 1 
0 4.55295 1 
0 5.70288 1 
0 5.86975 1 
0 5.90062 1 
0 inf 1 
0 0.0287284 2 
0 0.030228 2 
0 0.0302281 2 
0 0.0302281 2 
0 0.0356054 2 
0 0.0413523 2 
0 0.0417017 2 
0 0.0441073 2 
0 0.0447697 2 
0 0.0450917 2 
0 0.0454235 2 
0 0.0457464 2 
0 0.0482471 2 
0 0.0482552 2 
0 0.0491652 2 
0 0.0494624 2 
0 0.0500547 2 
0 0.0512184 2 
0 0.0515055 2 
0 0.0537434 2 
0 0.0537456 2 
0 0.0537462 2 
0 0.0542922 2 
0 0.0551 2 
0 0.055897 2 
0 0.0561592 2 
0 0.0564207 2 
0 0.0569414 2 
0 0.0579673 2 
0 0.0582215 2 
0 0.0589731 2 
0 0.0597218 2 
0 0.0609412 2 
0 0.0626108 2 
0 0.0626126 2 
0 0.064695 2 
0 0.0651502 2 
0 0.0709989 2 
0 0.0709996 2 
0 0.0714054 2 
0 0.0718211 2 
0 0.0732399 2 
0 0.0734452 2 
0 0.0740377 2 
0 0.0740436 2 
0 0.0746422 2 
0 0.0767809 2 
0 0.0779198 2 
0 0.0786702 2 
0 0.0823401 2 
0 0.0834088 2 
0 0.084453 2 
0 0.0846329 2 
0 0.0863625 2 
0 0.0877119 2 
0 0.08921 2 
0 0.0898679 2 
0 0.0903666 2 
0 0.0908463 2 
0 0.0937155 2 
0 0.0945043 2 
0 0.0977284 2 
0 0.0980269 2 
0 0.0992245 2 
0 0.102294 2 
0 0.102728 2 
0 0.105557 2 
0 0.105699 2 
0 0.112057 2 
0 0.112057 2 
0 0.117327 2 
0 0.12593 2 
0 0.131987 2 
0 0.133976 2 
0 0.136914 2 
0 0.140949 2 
0 0.145373 2 
0 0.149768 2 
0 0.155087 2 
0 0.156318 2 
0 0.1653 2 
0 0.172795 2 
0 0.174577 2 
0 0.189631 2 
0 0.204809 2 
0 0.208228 2 
0 0.212639 2 
0 0.2171 2 
0 0.242739 2 
0 0.24707 2 
0 0.248104 2 
0 0.249741 2 
0 0.333861 2 
0 0.353817 2 
0 0.396977 2 
0 0.396997 2 
0 0.399084 2 
0 0.446048 2 
0 0.463122 2 
0 0.48604 2 
0 0.501092 2 
0 0.509715 2 
0 0.573548 2 
0 0.623459 2 
0 0.630074 2 
0 0.630563 2 
0 0.644876 2 
0 0.666129 2 
0 0.66741 2 
0 0.669987 2 
0 0.678981 2 
0 0.812382 2 
0 1.00478 2 
0 1.04887 2 
0 1.52721 2 
0 1.80762 2 
0 2.04261 2 
0 2.14655 2 
0 3.40549 2 
0 3.7142 2 
0 4.11253 2 
0 4.21228 2 
0 4.28505 2 
0 4.4189 2 
0 4.64784 2 
0 4.74764 2 
0 4.98274 2 
0 inf 2 
0 0.0391509 3 
0 0.0413471 3 
0 0.0420542 3 
0 0.0444395 3 
0 0.0444402 3 
0 0.04477 3 
0 0.0454231 3 
0 0.0473239 3 
0 0.0491627 3 
0 0.0500544 3 
0 0.0506391 3 
0 0.0517909 3 
0 0.0531917 3 
0 0.0540197 3 
0 0.0550998 3 
0 0.0558963 3 
0 0.0561596 3 
0 0.0566821 3 
0 0.0566826 3 
0 0.0574569 3 
0 0.0582211 3 
0 0.0587196 3 
0 0.0599655 3 
0 0.0599709 3 
0 0.0604568 3 
0 0.0604636 3 
0 0.0607006 3 
0 0.0607041 3 
0 0.0619015 3 
0 0.0626071 3 
0 0.0628482 3 
0 0.0635518 3 
0 0.0640088 3 
0 0.0655969 3 
0 0.0656018 3 
0 0.0656073 3 
0 0.0656075 3 
0 0.067372 3 
0 0.0682386 3 
0 0.0686704 3 
0 0.0697407 3 
0 0.071213 3 
0 0.0714053 3 
0 0.0765885 3 
0 0.0771635 3 
0 0.0788608 3 
0 0.0832236 3 
0 0.0888803 3 
0 0.0913339 3 
0 0.0927752 3 
0 0.097115 3 
0 0.0983271 3 
0 0.0986235 3 
0 0.10315 3 
0 0.103152 3 
0 0.1033 3 
0 0.106112 3 
0 0.108992 3 
0 0.116187 3 
0 0.118452 3 
0 0.118696 3 
0 0.127206 3 
0 0.129618 3 
0 0.129734 3 
0 0.132763 3 
0 0.151533 3 
0 0.162698 3 
0 0.165836 3 
0 0.167865 3 
0 0.175508 3 
0 0.187287 3 
0 0.189556 3 
0 0.201684 3 
0 0.202267 3 
0 0.202268 3 
0 0.208938 3 
0 0.225816 3 
0 0.236558 3 
0 0.24036 3 
0 0.295695 3 
0 0.345038 3 
0 0.346373 3 
0 0.349968 3 
0 0.356485 3 
0 0.371689 3 
0 0.373591 3 
0 0.405945 3 
0 0.414789 3 
0 0.42412 3 
0 0.47226 3 
0 0.488695 3 
0 0.506374 3 
0 0.508463 3 
0 0.524039 3 
0 0.530975 3 
0 0.534753 3 
0 0.551403 3 
0 0.558223 3 
0 0.591334 3 
0 0.596266 3 
0 0.599149 3 
0 0.603445 3 
0 0.604861 3 
0 0.612246 3 
0 0.648928 3 
0 0.79277 3 
0 1.39212 3 
0 1.53087 3 
0 1.5711 3 
0 1.79772 3 
0 1.99457 3 
0 2.55265 3 
0 2.68339 3 
0 2.69476 3 
0 2.7019 3 
0 2.70533 3 
0 2.79131 3 
0 2.79648 3 
0 2.79721 3 
0 3.46807 3 
0 4.22722 3 
0 4.22724 3 
0 4.28971 3 
0 inf 3 
0 0.027683 4 
0 0.030708 4 
0 0.0416952 4 
0 0.0427489 4 
0 0.0430879 4 
0 0.0430926 4 
0 0.0434332 4 
0 0.045743 4 
0 0.0457432 4 
0 0.0457465 4 
0 0.0467033 4 
0 0.0494668 4 
0 0.0503483 4 
0 0.0506393 4 
0 0.0556365 4 
0 0.0561618 4 
0 0.0564273 4 
0 0.0566825 4 
0 0.0594774 4 
0 0.0599709 4 
0 0.0626077 4 
0 0.0628469 4 
0 0.0630909 4 
0 0.0630909 4 
0 0.0640086 4 
0 0.0660478 4 
0 0.0671546 4 
0 0.070784 4 
0 0.0726397 4 
0 0.07284 4 
0 0.0742395 4 
0 0.0771614 4 
0 0.0773516 4 
0 0.0788623 4 
0 0.0801613 4 
0 0.0823417 4 
0 0.0830486 4 
0 0.0837569 4 
0 0.0878821 4 
0 0.0892094 4 
0 0.089541 4 
0 0.0921342 4 
0 0.102297 4 
0 0.110066 4 
0 0.112584 4 
0 0.11285 4 
0 0.11285 4 
0 0.116446 4 
0 0.131427 4 
0 0.131871 4 
0 0.132319 4 
0 0.135401 4 
0 0.142921 4 
0 0.144355 4 
0 0.150161 4 
0 0.153466 4 
0 0.154133 4 
0 0.157537 4 
0 0.164941 4 
0 0.168568 4 
0 0.168569 4 
0 0.168828 4 
0 0.170912 4 
0 0.172201 4 
0 0.189319 4 
0 0.219418 4 
0 0.242743 4 
0 0.286497 4 
0 0.294367 4 
0 0.299574 4 
0 0.322818 4 
0 0.358541 4 
0 0.367434 4 
0 0.374115 4 
0 0.390673 4 
0 0.432635 4 
0 0.438707 4 
0 0.442617 4 
0 0.454946 4 
0 0.459616 4 
0 0.491396 4 
0 0.49498 4 
0 0.495104 4 
0 0.508844 4 
0 0.510146 4 
0 0.513467 4 
0 0.51507 4 
0 0.522561 4 
0 0.525564 4 
0 0.531159 4 
0 0.532157 4 
0 0.558994 4 
0 0.575134 4 
0 0.579687 4 
0 0.594946 4 
0 0.606645 4 
0 0.607616 4 
0 0.816833 4 
0 1.00225 4 
0 1.32766 4 
0 1.36523 4 
0 1.46928 4 
0 1.47593 4 
0 1.48085 4 
0 1.52347 4 
0 1.58404 4 
0 1.70734 4 
0 2.25293 4 
0 2.25558 4 
0 2.25604 4 
0 2.25613 4 
0 2.59548 4 
0 2.60238 4 
0 2.67372 4 
0 2.71377 4 
0 2.91083 4 
0 3.01492 4 
0 3.01629 4 
0 3.01635 4 
0 inf 4 
0 0.026039 5 
0 0.0282101 5 
0 0.0292393 5 
0 0.0302276 5 
0 0.0360096 5 
0 0.0434399 5 
0 0.0450983 5 
0 0.0450987 5 
0 0.045748 5 
0 0.0473309 5 
0 0.0491706 5 
0 0.0520745 5 
0 0.0537481 5 
0 0.0548403 5 
0 0.0559046 5 
0 0.0561634 5 
0 0.0574568 5 
0 0.0582212 5 
0 0.0621466 5 
0 0.0651508 5 
0 0.0653755 5 
0 0.0693177 5 
0 0.0699444 5 
0 0.0718224 5 
0 0.0756172 5 
0 0.0756211 5 
0 0.0788613 5 
0 0.0797906 5 
0 0.0807097 5 
0 0.0808929 5 
0 0.0835776 5 
0 0.0846331 5 
0 0.0851511 5 
0 0.0865242 5 
0 0.0957432 5 
0 0.0987753 5 
0 0.100699 5 
0 0.105695 5 
0 0.106809 5 
0 0.10899 5 
0 0.11271 5 
0 0.115041 5 
0 0.115678 5 
0 0.118326 5 
0 0.123804 5 
0 0.131762 5 
0 0.133317 5 
0 0.141157 5 
0 0.143129 5 
0 0.144766 5 
0 0.145275 5 
0 0.147887 5 
0 0.150358 5 
0 0.15356 5 
0 0.156411 5 
0 0.166192 5 
0 0.207877 5 
0 0.264098 5 
0 0.290438 5 
0 0.313431 5 
0 0.321528 5 
0 0.322095 5 
0 0.343446 5 
0 0.385187 5 
0 0.391878 5 
0 0.395804 5 
0 0.404193 5 
0 0.413064 5 
0 0.417215 5 
0 0.426892 5 
0 0.428649 5 
0 0.442798 5 
0 0.460673 5 
0 0.48013 5 
0 0.481111 5 
0 0.493923 5 
0 0.499019 5 
0 0.499462 5 
0 0.501494 5 
0 0.50582 5 
0 0.507462 5 
0 0.507695 5 
0 0.508623 5 
0 0.52253 5 
0 0.542223 5 
0 0.554322 5 
0 0.572256 5 
0 0.586123 5 
0 0.589008 5 
0 0.848261 5 
0 0.969074 5 
0 1.19575 5 
0 1.19908 5 
0 1.21053 5 
0 1.36069 5 
0 1.36121 5 
0 1.37531 5 
0 1.54181 5 
0 1.56444 5 
0 1.83125 5 
0 1.83139 5 
0 1.83197 5 
0 1.83231 5 
0 1.90961 5 
0 1.92599 5 
0 1.92678 5 
0 1.92812 5 
0 2.4231 5 
0 2.44003 5 
0 2.44114 5 
0 2.45643 5 
0 2.68003 5 
0 2.68021 5 
0 2.68109 5 
0 2.68162 5 
0 inf 5 
0 0.0282105 6 
0 0.0491635 6 
0 0.0537431 6 
0 0.0542901 6 
0 0.054832 6 
0 0.058727 6 
0 0.0592226 6 
0 0.0611791 6 
0 0.0626071 6 
0 0.0628529 6 
0 0.063081 6 
0 0.0635471 6 
0 0.0635486 6 
0 0.065372 6 
0 0.0660448 6 
0 0.0682415 6 
0 0.0691016 6 
0 0.0722291 6 
0 0.0740442 6 
0 0.0746388 6 
0 0.0775407 6 
0 0.0794212 6 
0 0.0805273 6 
0 0.0828753 6 
0 0.0846296 6 
0 0.0866924 6 
0 0.0882092 6 
0 0.0888844 6 
0 0.0903604 6 
0 0.093251 6 
0 0.0935614 6 
0 0.0937216 6 
0 0.0957428 6 
0 0.104288 6 
0 0.104992 6 
0 0.105281 6 
0 0.113492 6 
0 0.116822 6 
0 0.117199 6 
0 0.11733 6 
0 0.118826 6 
0 0.121156 6 
0 0.13086 6 
0 0.130864 6 
0 0.13165 6 
0 0.143643 6 
0 0.148779 6 
0 0.149181 6 
0 0.158373 6 
0 0.215125 6 
0 0.251287 6 
0 0.25333 6 
0 0.257173 6 
0 0.262475 6 
0 0.264266 6 
0 0.390522 6 
0 0.394462 6 
0 0.397672 6 
0 0.417876 6 
0 0.420162 6 
0 0.425785 6 
0 0.448593 6 
0 0.452918 6 
0 0.45295 6 
0 0.455028 6 
0 0.455043 6 
0 0.467693 6 
0 0.473922 6 
0 0.475784 6 
0 0.476527 6 
0 0.487844 6 
0 0.506184 6 
0 0.518838 6 
0 0.520539 6 
0 0.521444 6 
0 0.539099 6 
0 0.54274 6 
0 0.570679 6 
0 0.57377 6 
0 0.575083 6 
0 0.581044 6 
0 0.604567 6 
0 0.618735 6 
0 0.69432 6 
0 0.822379 6 
0 1.07114 6 
0 1.17489 6 
0 1.31817 6 
0 1.32134 6 
0 1.33011 6 
0 1.33147 6 
0 1.37174 6 
0 1.37242 6 
0 1.37386 6 
0 1.3741 6 
0 1.38367 6 
0 1.43541 6 
0 1.53798 6 
0 1.55933 6 
0 1.57305 6 
0 1.58785 6 
0 1.6152 6 
0 1.62438 6 
0 1.88356 6 
0 2.1633 6 
0 2.20296 6 
0 2.21301 6 
0 2.35406 6 
0 2.35431 6 
0 2.35727 6 
0 2.35728 6 
0 inf 6 
0 0.0254635 7 
0 0.0379996 7 
0 0.0391499 7 
0 0.0406311 7 
0 0.0503448 7 
0 0.0569391 7 
0 0.0592302 7 
0 0.0619035 7 
0 0.0628481 7 
0 0.0662696 7 
0 0.0662718 7 
0 0.0707859 7 
0 0.0726411 7 
0 0.0748371 7 
0 0.0748387 7 
0 0.0750298 7 
0 0.0758137 7 
0 0.0775459 7 
0 0.0782996 7 
0 0.081616 7 
0 0.0817969 7 
0 0.0832263 7 
0 0.0837534 7 
0 0.0888745 7 
0 0.0893666 7 
0 0.0951156 7 
0 0.0998139 7 
0 0.101567 7 
0 0.101864 7 
0 0.117201 7 
0 0.117827 7 
0 0.117954 7 
0 0.119318 7 
0 0.133543 7 
0 0.141783 7 
0 0.141885 7 
0 0.155751 7 
0 0.157633 7 
0 0.159769 7 
0 0.16342 7 
0 0.166978 7 
0 0.169439 7 
0 0.200653 7 
0 0.212427 7 
0 0.216754 7 
0 0.238514 7 
0 0.24057 7 
0 0.241366 7 
0 0.258183 7 
0 0.296911 7 
0 0.347345 7 
0 0.348742 7 
0 0.354776 7 
0 0.392518 7 
0 0.417642 7 
0 0.430786 7 
0 0.437253 7 
0 0.473656 7 
0 0.474743 7 
0 0.477713 7 
0 0.479191 7 
0 0.479652 7 
0 0.486877 7 
0 0.491309 7 
0 0.504102 7 
0 0.512477 7 
0 0.516144 7 
0 0.526608 7 
0 0.532038 7 
0 0.532342 7 
0 0.549632 7 
0 0.560034 7 
0 0.566039 7 
0 0.567729 7 
0 0.573623 7 
0 0.708754 7 
0 0.737247 7 
0 0.758531 7 
0 0.774224 7 
0 0.937415 7 
0 0.946503 7 
0 0.969071 7 
0 1.05345 7 
0 1.05921 7 
0 1.06534 7 
0 1.16545 7 
0 1.29976 7 
0 1.30357 7 
0 1.30854 7 
0 1.34506 7 
0 1.34524 7 
0 1.35885 7 
0 1.36189 7 
0 1.36203 7 
0 1.37958 7 
0 1.38035 7 
0 1.42855 7 
0 1.45577 7 
0 1.46741 7 
0 1.48723 7 
0 1.49886 7 
0 1.61068 7 
0 1.94853 7 
0 1.95007 7 
0 1.95071 7 
0 1.97211 7 
0 1.98373 7 
0 inf 7 
0 0.0537469 8 
0 0.0540209 8 
0 0.0559035 8 
0 0.061188 8 
0 0.062848 8 
0 0.0684578 8 
0 0.0699496 8 
0 0.0714098 8 
0 0.0738427 8 
0 0.0744396 8 
0 0.0764023 8 
0 0.0786716 8 
0 0.0792334 8 
0 0.0816155 8 
0 0.082512 8 
0 0.088214 8 
0 0.0888824 8 
0 0.0890427 8 
0 0.0893761 8 
0 0.0929191 8 
0 0.100398 8 
0 0.105276 8 
0 0.110601 8 
0 0.11657 8 
0 0.120177 8 
0 0.122126 8 
0 0.129054 8 
0 0.141471 8 
0 0.142612 8 
0 0.142921 8 
0 0.147492 8 
0 0.158372 8 
0 0.165659 8 
0 0.192335 8 
0 0.195226 8 
0 0.196495 8 
0 0.19888 8 
0 0.211453 8 
0 0.212495 8 
0 0.230396 8 
0 0.248606 8 
0 0.249998 8 
0 0.256114 8 
0 0.258348 8 
0 0.332126 8 
0 0.338848 8 
0 0.380169 8 
0 0.39056 8 
0 0.419648 8 
0 0.438484 8 
0 0.455005 8 
0 0.474321 8 
0 0.474321 8 
0 0.475981 8 
0 0.477558 8 
0 0.480389 8 
0 0.487457 8 
0 0.488327 8 
0 0.490643 8 
0 0.4926 8 
0 0.492959 8 
0 0.497801 8 
0 0.526767 8 
0 0.575172 8 
0 0.575607 8 
0 0.582935 8 
0 0.600568 8 
0 0.664567 8 
0 0.668215 8 
0 0.691067 8 
0 0.725155 8 
0 0.738847 8 
0 0.752611 8 
0 0.770636 8 
0 0.814519 8 
0 0.990443 8 
0 0.996118 8 
0 1.07968 8 
0 1.09966 8 
0 1.23143 8 
0 1.3016 8 
0 1.30293 8 
0 1.30499 8 
0 1.30719 8 
0 1.3602 8 
0 1.3602 8 
0 1.36101 8 
0 1.38112 8 
0 1.38461 8 
0 1.41488 8 
0 1.4226 8 
0 1.44355 8 
0 1.53323 8 
0 1.53726 8 
0 1.5377 8 
0 1.54058 8 
0 1.54517 8 
0 1.54871 8 
0 1.66091 8 
0 1.67313 8 
0 1.68815 8 
0 1.72394 8 
0 1.8063 8 
0 inf 8 
0 0.0334728 9 
0 0.0503446 9 
0 0.0542903 9 
0 0.0559032 9 
0 0.0604559 9 
0 0.0740399 9 
0 0.0758191 9 
0 0.0816204 9 
0 0.083231 9 
0 0.0918147 9 
0 0.0943469 9 
0 0.0943496 9 
0 0.0957294 9 
0 0.100553 9 
0 0.105835 9 
0 0.108989 9 
0 0.112713 9 
0 0.113365 9 
0 0.12128 9 
0 0.1244 9 
0 0.128133 9 
0 0.138309 9 
0 0.152595 9 
0 0.161605 9 
0 0.164038 9 
0 0.1644 9 
0 0.169692 9 
0 0.173476 9 
0 0.204219 9 
0 0.205442 9 
0 0.209501 9 
0 0.212943 9 
0 0.247748 9 
0 0.247748 9 
0 0.251846 9 
0 0.277619 9 
0 0.278204 9 
0 0.27868 9 
0 0.285986 9 
0 0.295475 9 
0 0.300315 9 
0 0.394017 9 
0 0.42427 9 
0 0.425646 9 
0 0.429519 9 
0 0.463193 9 
0 0.464971 9 
0 0.469482 9 
0 0.486574 9 
0 0.486885 9 
0 0.487489 9 
0 0.52131 9 
0 0.522666 9 
0 0.524315 9 
0 0.528347 9 
0 0.535853 9 
0 0.540699 9 
0 0.544729 9 
0 0.579117 9 
0 0.586662 9 
0 0.59184 9 
0 0.693982 9 
0 0.698024 9 
0 0.74615 9 
0 0.752335 9 
0 0.752757 9 
0 0.798869 9 
0 0.812601 9 
0 0.814557 9 
0 0.823701 9 
0 0.838255 9 
0 0.840427 9 
0 0.84359 9 
0 0.925883 9 
0 0.942543 9 
0 1.10649 9 
0 1.11529 9 
0 1.129 9 
0 1.3037 9 
0 1.30482 9 
0 1.30842 9 
0 1.31487 9 
0 1.32505 9 
0 1.33034 9 
0 1.34018 9 
0 1.35974 9 
0 1.3612 9 
0 1.36182 9 
0 1.36196 9 
0 1.367 9 
0 1.52518 9 
0 1.52527 9 
0 1.5256 9 
0 1.54495 9 
0 1.54544 9 
0 1.55054 9 
0 1.60556 9 
0 1.83138 9 
0 1.87721 9 
0 inf 9 
0 0.0302266 10 
0 0.0616637 10 
0 0.063545 10 
0 0.0649053 10 
0 0.0756157 10 
0 0.0758224 10 
0 0.077169 10 
0 0.0783014 10 
0 0.0913307 10 
0 0.094802 10 
0 0.0949695 10 
0 0.0961921 10 
0 0.102719 10 
0 0.107766 10 
0 0.112191 10 
0 0.113105 10 
0 0.121642 10 
0 0.134859 10 
0 0.14909 10 
0 0.150352 10 
0 0.154703 10 
0 0.162874 10 
0 0.165658 10 
0 0.17508 10 
0 0.197848 10 
0 0.201026 10 
0 0.231556 10 
0 0.242699 10 
0 0.245919 10 
0 0.250667 10 
0 0.254265 10 
0 0.261071 10 
0 0.30022 10 
0 0.301877 10 
0 0.303733 10 
0 0.315956 10 
0 0.317585 10 
0 0.318512 10 
0 0.339305 10 
0 0.355311 10 
0 0.360857 10 
0 0.367136 10 
0 0.388099 10 
0 0.423667 10 
0 0.455011 10 
0 0.456821 10 
0 0.457948 10 
0 0.459395 10 
0 0.489804 10 
0 0.49305 10 
0 0.497957 10 
0 0.505439 10 
0 0.516329 10 
0 0.534729 10 
0 0.53528 10 
0 0.538818 10 
0 0.540142 10 
0 0.57768 10 
0 0.630915 10 
0 0.641938 10 
0 0.717427 10 
0 0.749934 10 
0 0.756976 10 
0 0.793458 10 
0 0.795406 10 
0 0.835316 10 
0 0.84946 10 
0 0.925019 10 
0 0.931247 10 
0 0.931247 10 
0 0.948896 10 
0 0.961257 10 
0 0.974974 10 
0 1.06276 10 
0 1.28961 10 
0 1.29717 10 
0 1.29968 10 
0 1.31576 10 
0 1.33547 10 
0 1.37045 10 
0 1.37115 10 
0 1.37596 10 
0 1.42938 10 
0 1.4298 10 
0 1.45774 10 
0 1.45797 10 
0 1.4871 10 
0 1.48781 10 
0 1.52398 10 
0 1.52429 10 
0 1.53667 10 
0 1.58764 10 
0 1.58873 10 
0 1.81086 10 
0 1.81596 10 
0 inf 10 
0 0.0457441 11 
0 0.080167 11 
0 0.100108 11 
0 0.104573 11 
0 0.106101 11 
0 0.118691 11 
0 0.128822 11 
0 0.131542 11 
0 0.137562 11 
0 0.146389 11 
0 0.150759 11 
0 0.15773 11 
0 0.165211 11 
0 0.17091 11 
0 0.180632 11 
0 0.189238 11 
0 0.195299 11 
0 0.201249 11 
0 0.202073 11 
0 0.20497 11 
0 0.208644 11 
0 0.23467 11 
0 0.236898 11 
0 0.237481 11 
0 0.237522 11 
0 0.252636 11 
0 0.255794 11 
0 0.266516 11 
0 0.26751 11 
0 0.270644 11 
0 0.27226 11 
0 0.276671 11 
0 0.276671 11 
0 0.276874 11 
0 0.278219 11 
0 0.337107 11 
0 0.338633 11 
0 0.387378 11 
0 0.389236 11 
0 0.394727 11 
0 0.414365 11 
0 0.420771 11 
0 0.435225 11 
0 0.435733 11 
0 0.471896 11 
0 0.472271 11 
0 0.473524 11 
0 0.476007 11 
0 0.499398 11 
0 0.501901 11 
0 0.542134 11 
0 0.546935 11 
0 0.557001 11 
0 0.603921 11 
0 0.699925 11 
0 0.713373 11 
0 0.72028 11 
0 0.797663 11 
0 0.798495 11 
0 0.831297 11 
0 0.834058 11 
0 0.836176 11 
0 0.883867 11 
0 0.887544 11 
0 0.913029 11 
0 0.931011 11 
0 1.01981 11 
0 1.04707 11 
0 1.04853 11 
0 1.06436 11 
0 1.09906 11 
0 1.10147 11 
0 1.29213 11 
0 1.29387 11 
0 1.3592 11 
0 1.36632 11 
0 1.36641 11 
0 1.37868 11 
0 1.38049 11 
0 1.38079 11 
0 1.42487 11 
0 1.4261 11 
0 1.53145 11 
0 1.53304 11 
0 1.54423 11 
0 1.54426 11 
0 1.55411 11 
0 1.57237 11 
0 1.57347 11 
0 1.81689 11 
0 1.81701 11 
0 inf 11 
0 0.0742435 12 
0 0.0924745 12 
0 0.0951127 12 
0 0.0951127 12 
0 0.120293 12 
0 0.138096 12 
0 0.141889 12 
0 0.15865 12 
0 0.169169 12 
0 0.173735 12 
0 0.191416 12 
0 0.208509 12 
0 0.220741 12 
0 0.220938 12 
0 0.22341 12 
0 0.226272 12 
0 0.227143 12 
0 0.230466 12 
0 0.241153 12 
0 0.247482 12 
0 0.24751 12 
0 0.248484 12 
0 0.248735 12 
0 0.249881 12 
0 0.257414 12 
0 0.284594 12 
0 0.294818 12 
0 0.300809 12 
0 0.310695 12 
0 0.310764 12 
0 0.314722 12 
0 0.333386 12 
0 0.334843 12 
0 0.348601 12 
0 0.431799 12 
0 0.433435 12 
0 0.434669 12 
0 0.43949 12 
0 0.447388 12 
0 0.452628 12 
0 0.473581 12 
0 0.48136 12 
0 0.485297 12 
0 0.519516 12 
0 0.522233 12 
0 0.522446 12 
0 0.530509 12 
0 0.624267 12 
0 0.679233 12 
0 0.717885 12 
0 0.727023 12 
0 0.784782 12 
0 0.790686 12 
0 0.791746 12 
0 0.792175 12 
0 0.792881 12 
0 0.792936 12 
0 0.811868 12 
0 0.832306 12 
0 0.836084 12 
0 0.959358 12 
0 0.98573 12 
0 1.00862 12 
0 1.01037 12 
0 1.03645 12 
0 1.06241 12 
0 1.07527 12 
0 1.08223 12 
0 1.08277 12 
0 1.29858 12 
0 1.2997 12 
0 1.33213 12 
0 1.3592 12 
0 1.35955 12 
0 1.38275 12 
0 1.38865 12 
0 1.38868 12 
0 1.41489 12 
0 1.41832 12 
0 1.41848 12 
0 1.52612 12 
0 1.52682 12 
0 1.5283 12 
0 1.53423 12 
0 1.5363 12 
0 1.53834 12 
0 1.5535 12 
0 inf 12 
0 0.0773384 13 
0 0.083392 13 
0 0.0934117 13 
0 0.176509 13 
0 0.193475 13 
0 0.196198 13 
0 0.203817 13 
0 0.207828 13 
0 0.209734 13 
0 0.215076 13 
0 0.218114 13 
0 0.222396 13 
0 0.234278 13 
0 0.236156 13 
0 0.237333 13 
0 0.247651 13 
0 0.249252 13 
0 0.263346 13 
0 0.26506 13 
0 0.265948 13 
0 0.269102 13 
0 0.272638 13 
0 0.283046 13 
0 0.318892 13 
0 0.343859 13 
0 0.343859 13 
0 0.411756 13 
0 0.414042 13 
0 0.453296 13 
0 0.454951 13 
0 0.458805 13 
0 0.460217 13 
0 0.460985 13 
0 0.466088 13 
0 0.467125 13 
0 0.467787 13 
0 0.473341 13 
0 0.482031 13 
0 0.490045 13 
0 0.496094 13 
0 0.516487 13 
0 0.519475 13 
0 0.519786 13 
0 0.655582 13 
0 0.694357 13 
0 0.712546 13 
0 0.722673 13 
0 0.72607 13 
0 0.726652 13 
0 0.736905 13 
0 0.746567 13 
0 0.749582 13 
0 0.789006 13 
0 0.792641 13 
0 0.827994 13 
0 0.828563 13 
0 0.828972 13 
0 0.858432 13 
0 0.866343 13 
0 0.868382 13 
0 0.87501 13 
0 1.02738 13 
0 1.07144 13 
0 1.2087 13 
0 1.20909 13 
0 1.28842 13 
0 1.29198 13 
0 1.35969 13 
0 1.36032 13 
0 1.36064 13 
0 1.3613 13 
0 1.3613 13 
0 1.37422 13 
0 1.37428 13 
0 1.3745 13 
0 1.52391 13 
0 1.52417 13 
0 1.52433 13 
0 1.52435 13 
0 1.52472 13 
0 1.61581 13 
0 1.61581 13 
0 1.80909 13 
0 inf 13 
0 0.0971101 14 
0 0.0977401 14 
0 0.110069 14 
0 0.126051 14 
0 0.141781 14 
0 0.143538 14 
0 0.166719 14 
0 0.191869 14 
0 0.197701 14 
0 0.197772 14 
0 0.202343 14 
0 0.205234 14 
0 0.213357 14 
0 0.226541 14 
0 0.233613 14 
0 0.239991 14 
0 0.241749 14 
0 0.247372 14 
0 0.248294 14 
0 0.250657 14 
0 0.253289 14 
0 0.25329 14 
0 0.26186 14 
0 0.262254 14 
0 0.263353 14 
0 0.265629 14 
0 0.29418 14 
0 0.305165 14 
0 0.305939 14 
0 0.306129 14 
0 0.315097 14 
0 0.327931 14 
0 0.359476 14 
0 0.416121 14 
0 0.432071 14 
0 0.432617 14 
0 0.433789 14 
0 0.436145 14 
0 0.463707 14 
0 0.464723 14 
0 0.464818 14 
0 0.5024 14 
0 0.63314 14 
0 0.710095 14 
0 0.719771 14 
0 0.723908 14 
0 0.724417 14 
0 0.724607 14 
0 0.756447 14 
0 0.756704 14 
0 0.764662 14 
0 0.765433 14 
0 0.770709 14 
0 0.798347 14 
0 0.80973 14 
0 0.933883 14 
0 0.936137 14 
0 0.942804 14 
0 1.06645 14 
0 1.09528 14 
0 1.09589 14 
0 1.21682 14 
0 1.29276 14 
0 1.29457 14 
0 1.29467 14 
0 1.29522 14 
0 1.35851 14 
0 1.35946 14 
0 1.35972 14 
0 1.35977 14 
0 1.52162 14 
0 1.52343 14 
0 1.58162 14 
0 1.58184 14 
0 1.58251 14 
0 1.81662 14 
0 1.81798 14 
0 1.81866 14 
0 1.98945 14 
0 inf 14 
0 0.0919756 15 
0 0.103571 15 
0 0.108837 15 
0 0.115681 15 
0 0.14759 15 
0 0.186431 15 
0 0.202999 15 
0 0.211482 15 
0 0.216715 15 
0 0.21967 15 
0 0.222923 15 
0 0.224727 15 
0 0.226815 15 
0 0.226815 15 
0 0.23383 15 
0 0.234334 15 
0 0.24033 15 
0 0.241213 15 
0 0.241459 15 
0 0.247251 15 
0 0.247546 15 
0 0.2526 15 
0 0.271649 15 
0 0.271812 15 
0 0.273728 15 
0 0.274964 15 
0 0.278242 15 
0 0.278945 15 
0 0.279483 15 
0 0.293523 15 
0 0.31275 15 
0 0.313456 15 
0 0.320496 15 
0 0.322833 15 
0 0.325743 15 
0 0.334473 15 
0 0.336056 15 
0 0.350505 15 
0 0.388554 15 
0 0.437429 15 
0 0.459882 15 
0 0.523096 15 
0 0.576216 15 
0 0.606691 15 
0 0.608438 15 
0 0.674943 15 
0 0.730483 15 
0 0.770693 15 
0 0.790779 15 
0 0.810439 15 
0 0.865697 15 
0 0.877697 15 
0 0.877747 15 
0 0.879659 15 
0 0.944444 15 
0 0.944678 15 
0 1.04971 15 
0 1.29271 15 
0 1.35927 15 
0 1.3633 15 
0 1.36524 15 
0 1.36537 15 
0 1.42472 15 
0 1.42512 15 
0 1.42533 15 
0 1.45514 15 
0 1.456 15 
0 1.45649 15 
0 1.52643 15 
0 1.58113 15 
0 1.5812 15 
0 1.5818 15 
0 1.80869 15 
0 1.81128 15 
0 1.81174 15 
0 inf 15 
0 0.0642331 16 
0 0.0888634 16 
0 0.0980233 16 
0 0.17194 16 
0 0.200585 16 
0 0.204178 16 
0 0.207314 16 
0 0.21535 16 
0 0.220424 16 
0 0.220465 16 
0 0.220799 16 
0 0.221823 16 
0 0.224638 16 
0 0.227789 16 
0 0.241566 16 
0 0.241749 16 
0 0.244719 16 
0 0.24592 16 
0 0.267012 16 
0 0.270467 16 
0 0.272259 16 
0 0.27269 16 
0 0.274772 16 
0 0.290294 16 
0 0.290827 16 
0 0.293451 16 
0 0.295951 16 
0 0.2961 16 
0 0.300591 16 
0 0.300591 16 
0 0.325496 16 
0 0.329814 16 
0 0.33798 16 
0 0.34214 16 
0 0.465232 16 
0 0.514191 16 
0 0.515402 16 
0 0.605854 16 
0 0.670404 16 
0 0.674088 16 
0 0.758395 16 
0 0.76074 16 
0 0.763452 16 
0 0.780133 16 
0 0.782077 16 
0 0.801293 16 
0 0.801495 16 
0 0.812074 16 
0 0.812219 16 
0 0.812219 16 
0 0.814394 16 
0 0.853274 16 
0 0.968628 16 
0 1.29541 16 
0 1.35974 16 
0 1.4208 16 
0 1.42092 16 
0 1.42196 16 
0 1.48491 16 
0 1.48786 16 
0 1.4881 16 
0 1.52282 16 
0 1.52818 16 
0 1.52954 16 
0 1.53 16 
0 1.57438 16 
0 1.57438 16 
0 1.57497 16 
0 1.7988 16 
0 1.80804 16 
0 1.80823 16 
0 inf 16 
0 0.0819817 17 
0 0.0858335 17 
0 0.0958891 17 
0 0.105265 17 
0 0.108165 17 
0 0.163596 17 
0 0.165032 17 
0 0.165299 17 
0 0.204178 17 
0 0.212109 17 
0 0.235073 17 
0 0.236486 17 
0 0.239274 17 
0 0.239851 17 
0 0.242297 17 
0 0.24248 17 
0 0.260967 17 
0 0.260967 17 
0 0.262543 17 
0 0.268418 17 
0 0.268473 17 
0 0.273691 17 
0 0.274399 17 
0 0.27482 17 
0 0.277462 17 
0 0.279578 17 
0 0.281259 17 
0 0.282514 17 
0 0.314488 17 
0 0.318215 17 
0 0.32043 17 
0 0.320752 17 
0 0.547663 17 
0 0.548832 17 
0 0.71564 17 
0 0.760713 17 
0 0.763045 17 
0 0.797238 17 
0 0.797238 17 
0 0.799067 17 
0 0.800006 17 
0 0.954115 17 
0 0.961332 17 
0 0.966271 17 
0 1.05219 17 
0 1.06173 17 
0 1.06221 17 
0 1.0778 17 
0 1.0826 17 
0 1.14783 17 
0 1.26314 17 
0 1.31303 17 
0 1.36673 17 
0 1.37205 17 
0 1.37244 17 
0 1.3727 17 
0 1.38667 17 
0 1.40952 17 
0 1.41466 17 
0 1.41607 17 
0 1.53281 17 
0 1.53929 17 
0 1.53929 17 
0 1.53983 17 
0 1.84921 17 
0 1.84924 17 
0 1.84989 17 
0 inf 17 
0 0.0730256 18 
0 0.0913195 18 
0 0.0937091 18 
0 0.10899 18 
0 0.109932 18 
0 0.114516 18 
0 0.137038 18 
0 0.167525 18 
0 0.188002 18 
0 0.199801 18 
0 0.205045 18 
0 0.206761 18 
0 0.236237 18 
0 0.236798 18 
0 0.23878 18 
0 0.239397 18 
0 0.256941 18 
0 0.264181 18 
0 0.264962 18 
0 0.265407 18 
0 0.265573 18 
0 0.265573 18 
0 0.26888 18 
0 0.271661 18 
0 0.350689 18 
0 0.354035 18 
0 0.354035 18 
0 0.354035 18 
0 0.419168 18 
0 0.450713 18 
0 0.451889 18 
0 0.719938 18 
0 0.757115 18 
0 0.81813 18 
0 0.821341 18 
0 0.821646 18 
0 0.823634 18 
0 0.82401 18 
0 0.83199 18 
0 0.852015 18 
0 0.854968 18 
0 0.955759 18 
0 0.964202 18 
0 0.968092 18 
0 1.04029 18 
0 1.05548 18 
0 1.19598 18 
0 1.31093 18 
0 1.31129 18 
0 1.3151 18 
0 1.31524 18 
0 1.32901 18 
0 1.3294 18 
0 1.3614 18 
0 1.3686 18 
0 1.36882 18 
0 1.36915 18 
0 1.40754 18 
0 1.526 18 
0 1.52618 18 
0 1.52618 18 
0 1.52618 18 
0 1.84656 18 
0 inf 18 
0 0.070353 19 
0 0.0738433 19 
0 0.0781105 19 
0 0.0786745 19 
0 0.0921224 19 
0 0.0926011 19 
0 0.208804 19 
0 0.20986 19 
0 0.216701 19 
0 0.217326 19 
0 0.22295 19 
0 0.225317 19 
0 0.244718 19 
0 0.245439 19 
0 0.251137 19 
0 0.317073 19 
0 0.319987 19 
0 0.321457 19 
0 0.330883 19 
0 0.330883 19 
0 0.331373 19 
0 0.393376 19 
0 0.39517 19 
0 0.402708 19 
0 0.461402 19 
0 0.471513 19 
0 0.472262 19 
0 0.489473 19 
0 0.496172 19 
0 0.498395 19 
0 0.569249 19 
0 0.569975 19 
0 0.570905 19 
0 0.616279 19 
0 0.6758 19 
0 0.68884 19 
0 0.691642 19 
0 0.784733 19 
0 0.812099 19 
0 0.813205 19 
0 0.813332 19 
0 0.813404 19 
0 0.871763 19 
0 0.872862 19 
0 0.885561 19 
0 0.906916 19 
0 0.944258 19 
0 1.30844 19 
0 1.34088 19 
0 1.34088 19 
0 1.37265 19 
0 1.37595 19 
0 1.37607 19 
0 1.53698 19 
0 1.53785 19 
0 1.53831 19 
0 1.53972 19 
0 1.80372 19 
0 1.80527 19 
0 inf 19 
0 0.0682254 20 
0 0.0779112 20 
0 0.0832123 20 
0 0.111387 20 
0 0.124043 20 
0 0.129269 20 
0 0.209593 20 
0 0.211274 20 
0 0.211832 20 
0 0.220076 20 
0 0.220945 20 
0 0.222208 20 
0 0.242198 20 
0 0.24892 20 
0 0.25016 20 
0 0.285987 20 
0 0.289673 20 
0 0.295113 20 
0 0.296856 20 
0 0.30566 20 
0 0.391241 20 
0 0.394316 20 
0 0.398813 20 
0 0.401905 20 
0 0.418628 20 
0 0.418628 20 
0 0.426163 20 
0 0.426178 20 
0 0.436597 20 
0 0.440796 20 
0 0.443629 20 
0 0.486877 20 
0 0.487512 20 
0 0.487512 20 
0 0.568317 20 
0 0.568603 20 
0 0.569224 20 
0 0.587251 20 
0 0.605495 20 
0 0.777094 20 
0 0.846592 20 
0 0.847636 20 
0 0.864814 20 
0 0.919635 20 
0 0.921923 20 
0 1.33224 20 
0 1.33259 20 
0 1.37569 20 
0 1.37579 20 
0 1.53524 20 
0 1.53598 20 
0 1.8051 20 
0 1.80543 20 
0 2.65147 20 
0 3.32698 20 
0 inf 20 
