5.86272 9.49986 1 
0.87456 2.06395 1 
0.501322 0.581985 1 
0.46276 0.485395 1 
0.29963 0.310927 1 
0.281493 0.289378 1 
0.253178 0.263562 1 
0.206026 0.208332 1 
0.175106 0.184694 1 
0.138771 0.145513 1 
0.138082 0.17151 1 
0.136688 0.140829 1 
0.121076 0.123818 1 
0.117466 0.120286 1 
0.11746 0.132781 1 
0.116644 0.134927 1 
0.110304 0.118269 1 
0.104514 0.104974 1 
0.104055 0.122647 1 
0.0998284 0.113732 1 
0.0998192 0.104051 1 
0.0983763 0.118269 1 
0.0923407 0.097883 1 
0.0912957 0.0923438 1 
0.090246 0.0907725 1 
0.0886408 0.0902442 1 
0.0870008 0.133491 1 
0.0858898 0.0949042 1 
0.0776931 0.0858875 1 
0.0770747 0.0789134 1 
0.0562253 0.0579015 1 
0.0562253 0.0603334 1 
0.0448567 0.0508625 1 
0.0415291 0.0426675 1 
6.50718 6.57881 2 
6.49492 6.51156 2 
4.59335 6.58376 2 
0.727165 2.53921 2 
0.546312 0.556135 2 
0.517029 0.528758 2 
0.482524 0.594363 2 
0.480033 0.520632 2 
0.237563 0.246665 2 
0.182079 0.205792 2 
0.156309 0.161138 2 
0.133491 0.146824 2 
0.119488 0.123819 2 
0.107673 0.111176 2 
0.106329 0.114563 2 
0.0973981 0.101252 2 
0.0928636 0.0933731 2 
0.0928573 0.109437 2 
0.0891787 0.089713 2 
0.0626771 0.0671068 2 
0.0611225 0.0634326 2 
0.0603448 0.0725911 2 
0.0570696 0.0595338 2 
4.70376 4.83912 3 
4.7029 4.82815 3 
4.18222 4.85895 3 
0.76066 2.39841 3 
0.54763 0.548588 3 
0.525122 0.548588 3 
0.400009 0.504559 3 
0.396641 0.507776 3 
0.285887 0.287389 3 
0.275126 0.298024 3 
0.120281 0.126116 3 
0.111175 0.115404 3 
0.106327 0.117467 3 
0.102192 0.103129 3 
0.0954045 0.102194 3 
0.0933737 0.107675 3 
0.0923399 0.0949003 3 
0.091824 0.0988593 3 
0.0918237 0.102195 3 
0.0907725 0.0968966 3 
0.0907721 0.106333 3 
0.0880995 0.103129 3 
0.0875526 0.0988607 3 
0.0595371 0.0719265 3 
0.76093 0.810617 4 
0.618181 2.15192 4 
0.343296 0.349933 4 
0.32817 0.348829 4 
0.12458 0.130225 4 
0.122645 0.123424 4 
1.85657 1.86755 5 
0.854569 1.88336 5 
0.272325 0.272494 5 
0.144195 0.14486 5 
0.130966 0.135992 5 
0.119885 0.121469 5 
0.105424 0.110741 5 
0.0918232 0.0923419 5 
0.0891743 0.0983732 5 
0.0751808 0.0983716 5 
1.62075 1.63866 6 
1.60746 1.64147 6 
1.35194 1.67514 6 
0.56731 0.582228 6 
0.285386 0.287888 6 
0.259902 0.309849 6 
0.244905 0.310929 6 
0.197721 0.212887 6 
0.170951 0.173179 6 
0.137385 0.137732 6 
0.135988 0.137735 6 
0.0954016 0.114987 6 
1.35895 1.4164 7 
1.3372 1.4164 7 
1.30481 1.39553 7 
1.28799 1.4045 7 
1.27811 1.40722 7 
0.275121 0.333524 7 
0.272321 0.333524 7 
0.265557 0.275646 7 
0.261924 0.275646 7 
0.238566 0.242549 7 
0.183906 0.195524 7 
0.174555 0.192068 7 
0.0993334 0.112031 7 
1.1159 1.24855 8 
0.983477 1.19447 8 
0.795361 1.2436 8 
0.327586 0.327879 8 
0.317939 0.363888 8 
0.31567 0.320336 8 
0.253368 0.257124 8 
0.11868 0.120277 8 
1.23504 1.24613 9 
1.21706 1.26405 9 
1.0836 1.08373 9 
1.01417 1.01484 9 
1.00258 1.09235 9 
0.995975 1.1176 9 
0.676361 1.11063 9 
0.89016 0.901011 10 
0.622015 1.01182 10 
0.605222 0.623239 10 
0.376188 0.399411 10 
0.344816 0.393856 10 
0.329644 0.389452 10 
0.304705 0.378346 10 
0.248787 0.252615 10 
0.853005 0.938642 11 
0.619229 0.716096 11 
0.544201 0.628824 11 
0.539877 0.553467 11 
0.52767 0.581401 11 
0.282679 0.28387 11 
1.11477 1.17914 12 
1.10341 1.23881 12 
0.522652 0.592265 12 
0.504183 0.593721 12 
0.471981 0.533629 12 
0.398091 0.404539 12 
0.732707 0.813584 13 
0.708981 0.783467 13 
0.704908 0.755296 13 
0.57702 0.763564 13 
0.429466 0.506542 13 
0.424867 0.528487 13 
0.670925 0.686747 14 
0.530843 0.566209 14 
0.460894 0.633912 14 
0.409366 0.507684 14 
0.650025 0.666055 15 
0.610901 0.629058 15 
0.497769 0.506925 15 
0.706402 0.725738 17 
1.27578 1.35658 18 
1.25346 1.32864 18 
0.636725 0.727335 19 
0.617992 0.619847 19 
0.595995 0.619878 20 
0.472588 0.485984 20 
