4.16131 6.77668 1 
1.23669 3.03033 1 
0.231356 0.257852 1 
0.18375 0.190698 1 
0.181708 0.198962 1 
0.181532 0.195722 1 
0.124489 0.184801 1 
0.0973951 0.111956 1 
0.0972854 0.114587 1 
0.0909442 0.0915282 1 
0.0882077 0.0991311 1 
0.0807667 0.0842474 1 
0.0768429 0.0848768 1 
0.0760092 0.0782146 1 
0.0706293 0.0724192 1 
0.070019 0.070626 1 
0.0644718 0.0687841 1 
0.0641435 0.0654575 1 
0.0634614 0.066096 1 
0.0629717 0.0654631 1 
0.0610791 0.066423 1 
0.060718 0.066425 1 
0.0585834 0.0621163 1 
0.0572997 0.0707769 1 
0.0565489 0.057476 1 
0.0546308 0.0584041 1 
0.0534406 0.0574776 1 
0.052641 0.0567292 1 
0.0526375 0.0629681 1 
0.0501511 0.0546274 1 
0.0488632 0.0507864 1 
0.0486434 0.0582235 1 
4.91873 5.07538 2 
3.71242 5.07883 2 
1.00439 4.00342 2 
0.449677 0.466038 2 
0.193855 0.196262 2 
0.193855 0.211326 2 
0.125262 0.128445 2 
0.0801027 0.0820774 2 
0.0755835 0.0775325 2 
0.0661057 0.0695595 2 
0.0656231 0.072118 2 
0.0636409 0.0678556 2 
0.0636395 0.0651278 2 
0.0626267 0.0636359 2 
0.0603707 0.0641406 2 
0.0585832 0.0610771 2 
0.0582163 0.0680127 2 
0.0528381 0.0550201 2 
0.0528381 0.0603707 2 
3.30378 3.76035 3 
3.29429 3.77874 3 
2.82649 3.78686 3 
2.2878 2.47199 3 
0.925435 4.14438 3 
0.204712 0.211222 3 
0.189344 0.196154 3 
0.147313 0.157111 3 
0.127777 0.131724 3 
0.103346 0.105182 3 
0.0942721 0.101259 3 
0.09118 0.0914168 3 
0.0841211 0.104466 3 
0.0654582 0.0680107 3 
0.0646293 0.0701706 3 
0.0598404 0.0609109 3 
0.0576669 0.063812 3 
0.0555998 0.0676982 3 
2.39326 2.56813 4 
2.39184 2.65872 4 
2.39159 2.65065 4 
2.38774 2.63371 4 
0.989387 4.0414 4 
0.168627 0.175324 4 
0.150454 0.154857 4 
0.124998 0.139282 4 
0.110124 0.117524 4 
0.0797101 0.088816 4 
0.0786247 0.0860031 4 
0.0753009 0.0782199 4 
0.0641377 0.0797031 4 
0.0637991 0.0718189 4 
0.0572988 0.06002 4 
2.55881 2.70467 5 
1.6986 1.7125 5 
1.46251 3.61191 5 
0.159332 0.188897 5 
0.145197 0.157516 5 
0.10549 0.126104 5 
0.0941701 0.100094 5 
0.0898908 0.0900039 5 
0.0867439 0.0901214 5 
0.0852569 0.0911822 5 
0.0847579 0.0858758 5 
2.93372 2.9504 6 
2.92587 3.22474 6 
2.85722 2.90977 6 
2.07337 2.22459 6 
2.02018 2.03826 6 
1.98141 2.04561 6 
1.96779 1.98503 6 
1.93321 3.28344 6 
1.92107 2.1365 6 
0.106591 0.106884 6 
0.105885 0.10769 6 
0.0936056 0.0971763 6 
0.0871199 0.0903554 6 
0.0814193 0.0823252 6 
2.46992 2.51887 7 
2.05241 2.57981 7 
2.05148 2.76101 7 
2.05106 2.62542 7 
1.46263 2.86753 7 
0.133006 0.146147 7 
0.12711 0.135714 7 
0.0793028 0.0824623 7 
0.073 0.0760009 7 
2.15997 2.21915 8 
2.13097 3.18399 8 
2.06343 2.14121 8 
1.92905 2.62074 8 
1.80113 2.41933 8 
1.55599 2.49482 8 
0.139965 0.180824 8 
0.0879688 0.0917633 8 
0.0838659 0.0843805 8 
2.36221 2.47146 9 
2.19689 2.55631 9 
1.62373 1.99045 9 
1.45682 2.27177 9 
1.45554 2.2758 9 
0.398083 0.408756 9 
0.0716772 0.073152 9 
0.06562 0.0687914 9 
3.07327 3.08379 10 
2.04366 2.40499 10 
2.04349 2.40599 10 
1.99739 2.10268 10 
1.94105 1.98933 10 
1.46035 1.96683 10 
0.125769 0.135237 10 
0.122414 0.156638 10 
2.18296 2.73277 11 
2.18295 2.73309 11 
1.45378 1.88775 11 
0.857067 0.922944 11 
0.514557 0.543742 11 
0.1481 0.18997 11 
2.0783 2.16243 12 
2.0782 2.16182 12 
2.05781 2.14491 12 
1.72061 1.74706 12 
1.68473 1.75522 12 
1.61731 2.20923 12 
1.61224 2.1228 12 
1.51217 1.7104 12 
1.0587 1.06956 12 
1.58486 1.72543 13 
1.54564 1.73076 13 
1.51078 1.71494 13 
1.50532 1.5542 13 
1.13368 1.13618 13 
0.864802 0.919623 13 
0.839181 0.918742 13 
0.806199 0.889364 14 
0.676389 0.721952 14 
2.0421 2.25786 15 
2.0421 2.25764 15 
2.0421 2.2581 15 
0.804834 0.841259 15 
2.11225 2.62843 16 
2.1122 2.62844 16 
2.11188 2.62734 16 
2.05905 2.10237 16 
2.05856 2.10318 16 
2.05842 2.10236 16 
1.60001 1.93585 18 
1.59988 1.9286 18 
1.49866 1.57759 18 
1.0325 1.0337 19 
1.03156 1.18383 19 
1.02546 1.05274 19 
1.0075 1.19218 19 
1.1142 1.3866 20 
1.11328 1.38358 20 
