0 0.0256574 1 
0 0.0327023 1 
0 0.0351357 1 
0 0.0374043 1 
0 0.0384878 1 
0 0.0415771 1 
0 0.0435024 1 
0 0.0435107 1 
0 0.046256 1 
0 0.0479939 1 
0 0.050505 1 
0 0.050505 1 
0 0.0513112 1 
0 0.051314 1 
0 0.0528884 1 
0 0.0528953 1 
0 0.0529004 1 
0 0.0559242 1 
0 0.0566469 1 
0 0.0566501 1 
0 0.0566549 1 
0 0.0566557 1 
0 0.0573717 1 
0 0.0580845 1 
0 0.0594821 1 
0 0.0608568 1 
0 0.0615216 1 
0 0.0615319 1 
0 0.0628532 1 
0 0.0634983 1 
0 0.0634986 1 
0 0.064136 1 
0 0.0641431 1 
0 0.0654133 1 
0 0.066035 1 
0 0.066043 1 
0 0.066658 1 
0 0.0678817 1 
0 0.0678825 1 
0 0.0684823 1 
0 0.0684863 1 
0 0.0684889 1 
0 0.0690816 1 
0 0.0690816 1 
0 0.0702637 1 
0 0.0702652 1 
0 0.0708466 1 
0 0.0714305 1 
0 0.072 1 
0 0.0725695 1 
0 0.0725725 1 
0 0.0731343 1 
0 0.073695 1 
0 0.0736952 1 
0 0.0736986 1 
0 0.0748016 1 
0 0.0753531 1 
0 0.0769733 1 
0 0.0775046 1 
0 0.0775056 1 
0 0.0795999 1 
0 0.0801154 1 
0 0.0821434 1 
0 0.0831382 1 
0 0.0850942 1 
0 0.0860559 1 
0 0.0879501 1 
0 0.0893415 1 
0 0.0897963 1 
0 0.0907049 1 
0 0.0916208 1 
0 0.0929514 1 
0 0.0942634 1 
0 0.105794 1 
0 0.106946 1 
0 0.108479 1 
0 0.108848 1 
0 0.111099 1 
0 0.115818 1 
0 0.119319 1 
0 0.119662 1 
0 0.132395 1 
0 0.136067 1 
0 0.13787 1 
0 0.138468 1 
0 0.14228 1 
0 0.145421 1 
0 0.146556 1 
0 0.150158 1 
0 0.153143 1 
0 0.167752 1 
0 0.186787 1 
0 0.189411 1 
0 0.194343 1 
0 0.195823 1 
0 0.201416 1 
0 0.219027 1 
0 0.230563 1 
0 0.239489 1 
0 0.252531 1 
0 0.265402 1 
0 0.281943 1 
0 0.30789 1 
0 0.311343 1 
0 0.325302 1 
0 0.333919 1 
0 0.334173 1 
0 0.399337 1 
0 0.407899 1 
0 0.415231 1 
0 0.453091 1 
0 0.46802 1 
0 0.476573 1 
0 0.490511 1 
0 0.509862 1 
0 0.666702 1 
0 0.736429 1 
0 0.840082 1 
0 0.848313 1 
0 0.883505 1 
0 0.899587 1 
0 0.919246 1 
0 1.36787 1 
0 2.38404 1 
0 2.85587 1 
0 2.87733 1 
0 2.9301 1 
0 4.01671 1 
0 5.00594 1 
0 5.01016 1 
0 5.24108 1 
0 inf 1 
0 0.0415727 2 
0 0.0425463 2 
0 0.0453534 2 
0 0.0479932 2 
0 0.0479939 2 
0 0.050505 2 
0 0.05442 2 
0 0.0544276 2 
0 0.0544276 2 
0 0.0573662 2 
0 0.05737 2 
0 0.0587902 2 
0 0.0608568 2 
0 0.0634985 2 
0 0.0666574 2 
0 0.0666604 2 
0 0.0666633 2 
0 0.0678809 2 
0 0.0678817 2 
0 0.0684848 2 
0 0.0684855 2 
0 0.0684903 2 
0 0.0690829 2 
0 0.0702611 2 
0 0.0702637 2 
0 0.0702637 2 
0 0.0708465 2 
0 0.0708466 2 
0 0.0708482 2 
0 0.0714261 2 
0 0.0736973 2 
0 0.0736973 2 
0 0.0742491 2 
0 0.0742497 2 
0 0.0742509 2 
0 0.0753481 2 
0 0.0753567 2 
0 0.0764359 2 
0 0.0769702 2 
0 0.0769711 2 
0 0.0775035 2 
0 0.0780324 2 
0 0.0790794 2 
0 0.0801131 2 
0 0.0816444 2 
0 0.0816455 2 
0 0.0831394 2 
0 0.0831397 2 
0 0.0836332 2 
0 0.0850985 2 
0 0.0851007 2 
0 0.0855773 2 
0 0.0855795 2 
0 0.0865307 2 
0 0.0874783 2 
0 0.0874802 2 
0 0.0879499 2 
0 0.0911618 2 
0 0.0933959 2 
0 0.0933996 2 
0 0.095136 2 
0 0.0955716 2 
0 0.0960006 2 
0 0.0960006 2 
0 0.0960072 2 
0 0.105011 2 
0 0.105015 2 
0 0.106948 2 
0 0.109609 2 
0 0.1122 2 
0 0.115453 2 
0 0.116881 2 
0 0.116882 2 
0 0.128928 2 
0 0.172837 2 
0 0.173541 2 
0 0.18635 2 
0 0.194348 2 
0 0.196038 2 
0 0.198947 2 
0 0.212158 2 
0 0.234455 2 
0 0.245768 2 
0 0.246602 2 
0 0.24975 2 
0 0.262749 2 
0 0.263705 2 
0 0.264008 2 
0 0.275595 2 
0 0.289862 2 
0 0.294082 2 
0 0.302089 2 
0 0.327316 2 
0 0.329825 2 
0 0.335999 2 
0 0.345526 2 
0 0.352491 2 
0 0.410917 2 
0 0.411717 2 
0 0.412239 2 
0 0.412244 2 
0 0.442075 2 
0 0.50437 2 
0 0.588297 2 
0 0.591648 2 
0 0.635908 2 
0 0.656279 2 
0 0.679925 2 
0 0.696695 2 
0 0.717807 2 
0 0.748662 2 
0 0.763177 2 
0 0.765061 2 
0 0.780921 2 
0 1.16559 2 
0 1.99145 2 
0 2.08657 2 
0 2.09649 2 
0 2.63172 2 
0 3.00651 2 
0 3.41224 2 
0 3.52767 2 
0 3.57851 2 
0 3.60153 2 
0 4.00925 2 
0 4.46211 2 
0 4.49239 2 
0 inf 2 
0 0.027214 3 
0 0.0505086 3 
0 0.0521095 3 
0 0.0528895 3 
0 0.0528974 3 
0 0.0536707 3 
0 0.0544283 3 
0 0.0551756 3 
0 0.0559242 3 
0 0.0566501 3 
0 0.0566525 3 
0 0.0573748 3 
0 0.0587933 3 
0 0.0601696 3 
0 0.0608452 3 
0 0.0608512 3 
0 0.0615231 3 
0 0.061524 3 
0 0.0621939 3 
0 0.0621939 3 
0 0.063498 3 
0 0.0641456 3 
0 0.0647798 3 
0 0.0666595 3 
0 0.0666618 3 
0 0.0672771 3 
0 0.068481 3 
0 0.0690772 3 
0 0.0708405 3 
0 0.0708428 3 
0 0.0731291 3 
0 0.0736932 3 
0 0.0753543 3 
0 0.0775023 3 
0 0.0780362 3 
0 0.0785576 3 
0 0.0785612 3 
0 0.0785635 3 
0 0.0795903 3 
0 0.0795969 3 
0 0.0806227 3 
0 0.0836297 3 
0 0.0884116 3 
0 0.0929531 3 
0 0.096864 3 
0 0.0972803 3 
0 0.0976943 3 
0 0.0981172 3 
0 0.106173 3 
0 0.106562 3 
0 0.106565 3 
0 0.109982 3 
0 0.123724 3 
0 0.125698 3 
0 0.128924 3 
0 0.138467 3 
0 0.138767 3 
0 0.159724 3 
0 0.166526 3 
0 0.168003 3 
0 0.173307 3 
0 0.174255 3 
0 0.174485 3 
0 0.186352 3 
0 0.18657 3 
0 0.192856 3 
0 0.196241 3 
0 0.221088 3 
0 0.222564 3 
0 0.228408 3 
0 0.228408 3 
0 0.229303 3 
0 0.229305 3 
0 0.230387 3 
0 0.243234 3 
0 0.24374 3 
0 0.245092 3 
0 0.258177 3 
0 0.260092 3 
0 0.293502 3 
0 0.310422 3 
0 0.32083 3 
0 0.344013 3 
0 0.347352 3 
0 0.355853 3 
0 0.361144 3 
0 0.361491 3 
0 0.370259 3 
0 0.371161 3 
0 0.427941 3 
0 0.437865 3 
0 0.487895 3 
0 0.488975 3 
0 0.544702 3 
0 0.550338 3 
0 0.599176 3 
0 0.599724 3 
0 0.615225 3 
0 0.640061 3 
0 0.641862 3 
0 0.642122 3 
0 0.6688 3 
0 0.6734 3 
0 0.695288 3 
0 0.733904 3 
0 0.753046 3 
0 0.780587 3 
0 1.08668 3 
0 1.1052 3 
0 1.32906 3 
0 1.33191 3 
0 1.3324 3 
0 1.77217 3 
0 2.0074 3 
0 2.54429 3 
0 2.95412 3 
0 3.12901 3 
0 3.53333 3 
0 3.54486 3 
0 3.56713 3 
0 3.56754 3 
0 3.94959 3 
0 3.95896 3 
0 inf 3 
0 0.0415729 4 
0 0.0444381 4 
0 0.0453533 4 
0 0.0462481 4 
0 0.0462481 4 
0 0.048849 4 
0 0.0536639 4 
0 0.0551766 4 
0 0.0559177 4 
0 0.0608479 4 
0 0.0608519 4 
0 0.0628547 4 
0 0.0628547 4 
0 0.0647792 4 
0 0.0660375 4 
0 0.0678817 4 
0 0.0678835 4 
0 0.0678835 4 
0 0.0690829 4 
0 0.0702631 4 
0 0.0702649 4 
0 0.0708431 4 
0 0.0708451 4 
0 0.072575 4 
0 0.0736912 4 
0 0.0736924 4 
0 0.0736973 4 
0 0.0758944 4 
0 0.0775044 4 
0 0.0775091 4 
0 0.0780312 4 
0 0.078563 4 
0 0.0790775 4 
0 0.079084 4 
0 0.0821463 4 
0 0.083141 4 
0 0.0841268 4 
0 0.085095 4 
0 0.0860593 4 
0 0.0870079 4 
0 0.0925043 4 
0 0.104614 4 
0 0.112942 4 
0 0.113302 4 
0 0.115106 4 
0 0.117227 4 
0 0.120007 4 
0 0.120351 4 
0 0.155008 4 
0 0.157905 4 
0 0.161258 4 
0 0.169954 4 
0 0.181426 4 
0 0.185014 4 
0 0.190493 4 
0 0.210224 4 
0 0.213708 4 
0 0.226959 4 
0 0.231453 4 
0 0.235856 4 
0 0.249917 4 
0 0.252541 4 
0 0.257373 4 
0 0.258175 4 
0 0.258809 4 
0 0.262439 4 
0 0.28529 4 
0 0.286571 4 
0 0.29113 4 
0 0.293921 4 
0 0.294062 4 
0 0.299902 4 
0 0.302376 4 
0 0.315979 4 
0 0.334519 4 
0 0.339288 4 
0 0.375549 4 
0 0.383678 4 
0 0.394778 4 
0 0.413516 4 
0 0.423928 4 
0 0.429759 4 
0 0.439364 4 
0 0.44501 4 
0 0.485595 4 
0 0.518777 4 
0 0.520914 4 
0 0.531336 4 
0 0.543539 4 
0 0.580216 4 
0 0.607314 4 
0 0.610556 4 
0 0.613179 4 
0 0.641411 4 
0 0.641603 4 
0 0.684413 4 
0 0.688607 4 
0 0.702056 4 
0 0.715453 4 
0 0.741729 4 
0 0.885913 4 
0 0.887166 4 
0 0.891792 4 
0 1.09347 4 
0 1.6671 4 
0 1.77899 4 
0 1.82486 4 
0 1.82486 4 
0 1.82515 4 
0 1.92719 4 
0 1.97152 4 
0 2.36346 4 
0 2.54836 4 
0 2.82197 4 
0 2.92114 4 
0 2.924 4 
0 2.9249 4 
0 3.29998 4 
0 3.31804 4 
0 inf 4 
0 0.0395352 5 
0 0.047141 5 
0 0.0505032 5 
0 0.050505 5 
0 0.0505072 5 
0 0.05442 5 
0 0.0551772 5 
0 0.0573637 5 
0 0.0573693 5 
0 0.0573732 5 
0 0.0587929 5 
0 0.0615216 5 
0 0.0615246 5 
0 0.0641495 5 
0 0.0647784 5 
0 0.0684913 5 
0 0.070265 5 
0 0.072566 5 
0 0.0736973 5 
0 0.0775058 5 
0 0.0780347 5 
0 0.0821427 5 
0 0.0841219 5 
0 0.0850907 5 
0 0.0850944 5 
0 0.0855766 5 
0 0.0870029 5 
0 0.0879495 5 
0 0.0902566 5 
0 0.0902584 5 
0 0.091612 5 
0 0.0925023 5 
0 0.0933959 5 
0 0.0981214 5 
0 0.103429 5 
0 0.103429 5 
0 0.108478 5 
0 0.115463 5 
0 0.120006 5 
0 0.120007 5 
0 0.120682 5 
0 0.120684 5 
0 0.134553 5 
0 0.134555 5 
0 0.136677 5 
0 0.14199 5 
0 0.146829 5 
0 0.147397 5 
0 0.148786 5 
0 0.157638 5 
0 0.163781 5 
0 0.182785 5 
0 0.204049 5 
0 0.207446 5 
0 0.208238 5 
0 0.208435 5 
0 0.239846 5 
0 0.261976 5 
0 0.26432 5 
0 0.274833 5 
0 0.282813 5 
0 0.28972 5 
0 0.310299 5 
0 0.313302 5 
0 0.318154 5 
0 0.318155 5 
0 0.325467 5 
0 0.326186 5 
0 0.340546 5 
0 0.345959 5 
0 0.349345 5 
0 0.378926 5 
0 0.381954 5 
0 0.384102 5 
0 0.419084 5 
0 0.439215 5 
0 0.441551 5 
0 0.443134 5 
0 0.465317 5 
0 0.466993 5 
0 0.467786 5 
0 0.469542 5 
0 0.486713 5 
0 0.545776 5 
0 0.588652 5 
0 0.590397 5 
0 0.596429 5 
0 0.60363 5 
0 0.62858 5 
0 0.671388 5 
0 0.696947 5 
0 0.703528 5 
0 0.705455 5 
0 0.747022 5 
0 0.785614 5 
0 1.10254 5 
0 1.44936 5 
0 1.51459 5 
0 1.52122 5 
0 1.56598 5 
0 1.56598 5 
0 1.57039 5 
0 1.58727 5 
0 1.64164 5 
0 1.91296 5 
0 1.92294 5 
0 1.92628 5 
0 1.96438 5 
0 2.00234 5 
0 2.00967 5 
0 2.01568 5 
0 2.23539 5 
0 2.23824 5 
0 2.24367 5 
0 2.25299 5 
0 inf 5 
0 0.0362875 6 
0 0.0513077 6 
0 0.0528895 6 
0 0.0551821 6 
0 0.0587954 6 
0 0.0615169 6 
0 0.0615205 6 
0 0.061521 6 
0 0.0621933 6 
0 0.0641446 6 
0 0.0654102 6 
0 0.066665 6 
0 0.0666667 6 
0 0.0666689 6 
0 0.0672717 6 
0 0.068481 6 
0 0.0708472 6 
0 0.0708477 6 
0 0.071421 6 
0 0.072572 6 
0 0.0731325 6 
0 0.0801129 6 
0 0.0841184 6 
0 0.0846006 6 
0 0.085095 6 
0 0.0870131 6 
0 0.0911639 6 
0 0.0968589 6 
0 0.100191 6 
0 0.117229 6 
0 0.124376 6 
0 0.12635 6 
0 0.132397 6 
0 0.141134 6 
0 0.142274 6 
0 0.156597 6 
0 0.158942 6 
0 0.159455 6 
0 0.159716 6 
0 0.159974 6 
0 0.161766 6 
0 0.162779 6 
0 0.171395 6 
0 0.17283 6 
0 0.176598 6 
0 0.219025 6 
0 0.225715 6 
0 0.226779 6 
0 0.226986 6 
0 0.232689 6 
0 0.245284 6 
0 0.246455 6 
0 0.256305 6 
0 0.259656 6 
0 0.261189 6 
0 0.284846 6 
0 0.298801 6 
0 0.306051 6 
0 0.311867 6 
0 0.314683 6 
0 0.323692 6 
0 0.334287 6 
0 0.342677 6 
0 0.344114 6 
0 0.344885 6 
0 0.350074 6 
0 0.371403 6 
0 0.377991 6 
0 0.378969 6 
0 0.421433 6 
0 0.42192 6 
0 0.425802 6 
0 0.444985 6 
0 0.445228 6 
0 0.452014 6 
0 0.529707 6 
0 0.582451 6 
0 0.586674 6 
0 0.604906 6 
0 0.605993 6 
0 0.636127 6 
0 0.673152 6 
0 0.683524 6 
0 0.685687 6 
0 0.685687 6 
0 0.753538 6 
0 0.761381 6 
0 0.840418 6 
0 0.928965 6 
0 0.958051 6 
0 1.02787 6 
0 1.11391 6 
0 1.21279 6 
0 1.31257 6 
0 1.3132 6 
0 1.31636 6 
0 1.32008 6 
0 1.33962 6 
0 1.35303 6 
0 1.37131 6 
0 1.39642 6 
0 1.43468 6 
0 1.43783 6 
0 1.44057 6 
0 1.45005 6 
0 1.50234 6 
0 1.59171 6 
0 1.65875 6 
0 1.66378 6 
0 1.70802 6 
0 1.77361 6 
0 inf 6 
0 0.0425472 7 
0 0.0551812 7 
0 0.0608464 7 
0 0.0654069 7 
0 0.0666533 7 
0 0.0690893 7 
0 0.0714302 7 
0 0.0753555 7 
0 0.0758915 7 
0 0.0775016 7 
0 0.0775053 7 
0 0.0785543 7 
0 0.0785663 7 
0 0.081143 7 
0 0.081643 7 
0 0.0826486 7 
0 0.086538 7 
0 0.0874783 7 
0 0.0884234 7 
0 0.094276 7 
0 0.095137 7 
0 0.101825 7 
0 0.103032 7 
0 0.112938 7 
0 0.11687 7 
0 0.116873 7 
0 0.122714 7 
0 0.123715 7 
0 0.127961 7 
0 0.132084 7 
0 0.139064 7 
0 0.145711 7 
0 0.146007 7 
0 0.148231 7 
0 0.153402 7 
0 0.157639 7 
0 0.157639 7 
0 0.190276 7 
0 0.19916 7 
0 0.20019 7 
0 0.222008 7 
0 0.231449 7 
0 0.237258 7 
0 0.238296 7 
0 0.239845 7 
0 0.245765 7 
0 0.252693 7 
0 0.254479 7 
0 0.274102 7 
0 0.293943 7 
0 0.328987 7 
0 0.34355 7 
0 0.346194 7 
0 0.353912 7 
0 0.35945 7 
0 0.363207 7 
0 0.366831 7 
0 0.370273 7 
0 0.375913 7 
0 0.379754 7 
0 0.380187 7 
0 0.380944 7 
0 0.385213 7 
0 0.401322 7 
0 0.410011 7 
0 0.413175 7 
0 0.42955 7 
0 0.448571 7 
0 0.53056 7 
0 0.564203 7 
0 0.583227 7 
0 0.59043 7 
0 0.591424 7 
0 0.591703 7 
0 0.628252 7 
0 0.63372 7 
0 0.67387 7 
0 0.674176 7 
0 0.674297 7 
0 0.748388 7 
0 0.760338 7 
0 0.787288 7 
0 0.850455 7 
0 0.920554 7 
0 0.963706 7 
0 0.978955 7 
0 1.02917 7 
0 1.02953 7 
0 1.03396 7 
0 1.06009 7 
0 1.14107 7 
0 1.14377 7 
0 1.18686 7 
0 1.20065 7 
0 1.20298 7 
0 1.20704 7 
0 1.39244 7 
0 1.4312 7 
0 1.43568 7 
0 1.44049 7 
0 1.44494 7 
0 1.46252 7 
0 1.53208 7 
0 1.55198 7 
0 1.55476 7 
0 1.56938 7 
0 1.63321 7 
0 inf 7 
0 0.0339384 8 
0 0.037397 8 
0 0.038493 8 
0 0.0425531 8 
0 0.0647834 8 
0 0.0678838 8 
0 0.0702644 8 
0 0.0758968 8 
0 0.0790777 8 
0 0.0796001 8 
0 0.0879505 8 
0 0.0879524 8 
0 0.0902594 8 
0 0.0977219 8 
0 0.098124 8 
0 0.0997796 8 
0 0.114029 8 
0 0.115458 8 
0 0.116877 8 
0 0.124708 8 
0 0.129563 8 
0 0.134853 8 
0 0.152335 8 
0 0.156084 8 
0 0.164287 8 
0 0.170679 8 
0 0.184129 8 
0 0.184576 8 
0 0.188546 8 
0 0.189847 8 
0 0.195192 8 
0 0.204454 8 
0 0.212737 8 
0 0.213698 8 
0 0.214668 8 
0 0.216398 8 
0 0.219087 8 
0 0.220159 8 
0 0.225747 8 
0 0.229183 8 
0 0.241555 8 
0 0.243064 8 
0 0.253877 8 
0 0.253878 8 
0 0.256539 8 
0 0.266337 8 
0 0.281214 8 
0 0.291041 8 
0 0.298523 8 
0 0.331942 8 
0 0.35634 8 
0 0.361953 8 
0 0.368911 8 
0 0.372153 8 
0 0.380443 8 
0 0.382708 8 
0 0.384058 8 
0 0.386195 8 
0 0.418902 8 
0 0.445321 8 
0 0.449182 8 
0 0.482566 8 
0 0.530638 8 
0 0.56014 8 
0 0.562486 8 
0 0.563655 8 
0 0.569932 8 
0 0.598856 8 
0 0.608475 8 
0 0.636969 8 
0 0.643188 8 
0 0.67801 8 
0 0.678252 8 
0 0.679465 8 
0 0.751207 8 
0 0.772783 8 
0 0.795448 8 
0 0.796946 8 
0 0.834597 8 
0 0.863121 8 
0 0.863169 8 
0 0.868782 8 
0 0.895657 8 
0 0.902009 8 
0 0.902237 8 
0 1.00796 8 
0 1.08049 8 
0 1.08475 8 
0 1.0866 8 
0 1.104 8 
0 1.13647 8 
0 1.29943 8 
0 1.41024 8 
0 1.41655 8 
0 1.41682 8 
0 1.47324 8 
0 1.51658 8 
0 1.53304 8 
0 1.54147 8 
0 1.63723 8 
0 1.74937 8 
0 1.99393 8 
0 2.00438 8 
0 inf 8 
0 0.0505049 9 
0 0.0615296 9 
0 0.0647744 9 
0 0.0666548 9 
0 0.0666607 9 
0 0.072572 9 
0 0.0731398 9 
0 0.0736897 9 
0 0.0769732 9 
0 0.0801097 9 
0 0.0801188 9 
0 0.0836371 9 
0 0.0841257 9 
0 0.0841268 9 
0 0.0880057 9 
0 0.0911646 9 
0 0.0911673 9 
0 0.101417 9 
0 0.102633 9 
0 0.123715 9 
0 0.126347 9 
0 0.177077 9 
0 0.180063 9 
0 0.183243 9 
0 0.192021 9 
0 0.197498 9 
0 0.200957 9 
0 0.201409 9 
0 0.205652 9 
0 0.21041 9 
0 0.211386 9 
0 0.223856 9 
0 0.255786 9 
0 0.25754 9 
0 0.257713 9 
0 0.259777 9 
0 0.260255 9 
0 0.283104 9 
0 0.284267 9 
0 0.294402 9 
0 0.301172 9 
0 0.310325 9 
0 0.326687 9 
0 0.327122 9 
0 0.328503 9 
0 0.354534 9 
0 0.354927 9 
0 0.355866 9 
0 0.358342 9 
0 0.36227 9 
0 0.368906 9 
0 0.368906 9 
0 0.368906 9 
0 0.385495 9 
0 0.392372 9 
0 0.396434 9 
0 0.413312 9 
0 0.540548 9 
0 0.573062 9 
0 0.586477 9 
0 0.637535 9 
0 0.63858 9 
0 0.642358 9 
0 0.663298 9 
0 0.664538 9 
0 0.670395 9 
0 0.674589 9 
0 0.679217 9 
0 0.683176 9 
0 0.71432 9 
0 0.7573 9 
0 0.75985 9 
0 0.760553 9 
0 0.763357 9 
0 0.764596 9 
0 0.771422 9 
0 0.780522 9 
0 0.792892 9 
0 0.792892 9 
0 0.862284 9 
0 0.866987 9 
0 0.946833 9 
0 0.996356 9 
0 1.0814 9 
0 1.08243 9 
0 1.09076 9 
0 1.09257 9 
0 1.09333 9 
0 1.09987 9 
0 1.42562 9 
0 1.42674 9 
0 1.42778 9 
0 1.48631 9 
0 1.49338 9 
0 1.56702 9 
0 1.56765 9 
0 1.57339 9 
0 1.67395 9 
0 1.72365 9 
0 inf 9 
0 0.0641462 10 
0 0.0666527 10 
0 0.0736966 10 
0 0.0790847 10 
0 0.0850982 10 
0 0.0855741 10 
0 0.0860593 10 
0 0.0888718 10 
0 0.0893371 10 
0 0.0916155 10 
0 0.092534 10 
0 0.105014 10 
0 0.109653 10 
0 0.111098 10 
0 0.114385 10 
0 0.116187 10 
0 0.119335 10 
0 0.132388 10 
0 0.14314 10 
0 0.147114 10 
0 0.169456 10 
0 0.186739 10 
0 0.199795 10 
0 0.203037 10 
0 0.239723 10 
0 0.246595 10 
0 0.247824 10 
0 0.256088 10 
0 0.256912 10 
0 0.258148 10 
0 0.25944 10 
0 0.262574 10 
0 0.263385 10 
0 0.277096 10 
0 0.28192 10 
0 0.287144 10 
0 0.299503 10 
0 0.316599 10 
0 0.318139 10 
0 0.320331 10 
0 0.339093 10 
0 0.341632 10 
0 0.347364 10 
0 0.351107 10 
0 0.362729 10 
0 0.371977 10 
0 0.371977 10 
0 0.375867 10 
0 0.377287 10 
0 0.38325 10 
0 0.425667 10 
0 0.429037 10 
0 0.435512 10 
0 0.481871 10 
0 0.551774 10 
0 0.552215 10 
0 0.552295 10 
0 0.553703 10 
0 0.561264 10 
0 0.564887 10 
0 0.607015 10 
0 0.627138 10 
0 0.638104 10 
0 0.65537 10 
0 0.657876 10 
0 0.661221 10 
0 0.716487 10 
0 0.727304 10 
0 0.730139 10 
0 0.741422 10 
0 0.747903 10 
0 0.76071 10 
0 0.771501 10 
0 0.789024 10 
0 0.789388 10 
0 0.795457 10 
0 0.80164 10 
0 0.816075 10 
0 1.08292 10 
0 1.08959 10 
0 1.0994 10 
0 1.10341 10 
0 1.10579 10 
0 1.26417 10 
0 1.26505 10 
0 1.47848 10 
0 1.47906 10 
0 1.48121 10 
0 1.48277 10 
0 1.49688 10 
0 1.55063 10 
0 1.55317 10 
0 1.56891 10 
0 1.58001 10 
0 1.58305 10 
0 inf 10 
0 0.0690822 11 
0 0.0826462 11 
0 0.0831903 11 
0 0.0860589 11 
0 0.0997797 11 
0 0.112933 11 
0 0.114019 11 
0 0.115838 11 
0 0.118993 11 
0 0.124405 11 
0 0.124709 11 
0 0.127645 11 
0 0.129252 11 
0 0.186296 11 
0 0.194341 11 
0 0.205051 11 
0 0.205063 11 
0 0.217138 11 
0 0.222384 11 
0 0.22244 11 
0 0.2241 11 
0 0.244268 11 
0 0.245472 11 
0 0.250292 11 
0 0.25381 11 
0 0.261656 11 
0 0.266218 11 
0 0.268527 11 
0 0.270359 11 
0 0.278418 11 
0 0.282502 11 
0 0.285421 11 
0 0.287125 11 
0 0.295739 11 
0 0.299318 11 
0 0.319176 11 
0 0.325309 11 
0 0.327325 11 
0 0.332194 11 
0 0.338087 11 
0 0.349036 11 
0 0.416679 11 
0 0.422269 11 
0 0.463025 11 
0 0.463349 11 
0 0.463824 11 
0 0.466177 11 
0 0.474058 11 
0 0.474318 11 
0 0.475358 11 
0 0.483075 11 
0 0.494034 11 
0 0.527225 11 
0 0.527225 11 
0 0.533431 11 
0 0.549606 11 
0 0.588375 11 
0 0.640253 11 
0 0.642562 11 
0 0.67188 11 
0 0.672431 11 
0 0.7401 11 
0 0.741877 11 
0 0.752284 11 
0 0.758163 11 
0 0.759248 11 
0 0.778669 11 
0 0.781468 11 
0 0.785666 11 
0 0.787758 11 
0 0.787758 11 
0 0.793708 11 
0 0.814518 11 
0 0.880028 11 
0 1.10157 11 
0 1.11217 11 
0 1.11869 11 
0 1.11987 11 
0 1.13823 11 
0 1.41655 11 
0 1.41771 11 
0 1.4517 11 
0 1.53564 11 
0 1.53572 11 
0 1.60366 11 
0 1.64674 11 
0 1.64744 11 
0 1.8559 11 
0 1.8559 11 
0 1.98761 11 
0 1.98827 11 
0 inf 11 
0 0.0985859 12 
0 0.109991 12 
0 0.113311 12 
0 0.127637 12 
0 0.136096 12 
0 0.164067 12 
0 0.180049 12 
0 0.180059 12 
0 0.181198 12 
0 0.182502 12 
0 0.195835 12 
0 0.19584 12 
0 0.19584 12 
0 0.2141 12 
0 0.220532 12 
0 0.226794 12 
0 0.237414 12 
0 0.239371 12 
0 0.243968 12 
0 0.249272 12 
0 0.252416 12 
0 0.253509 12 
0 0.254943 12 
0 0.260252 12 
0 0.261191 12 
0 0.263539 12 
0 0.269398 12 
0 0.27257 12 
0 0.273047 12 
0 0.283885 12 
0 0.287438 12 
0 0.290428 12 
0 0.293576 12 
0 0.294483 12 
0 0.295809 12 
0 0.344827 12 
0 0.345779 12 
0 0.350625 12 
0 0.367582 12 
0 0.367971 12 
0 0.368864 12 
0 0.368864 12 
0 0.393942 12 
0 0.417963 12 
0 0.421492 12 
0 0.431242 12 
0 0.463161 12 
0 0.463871 12 
0 0.485542 12 
0 0.495689 12 
0 0.533113 12 
0 0.575678 12 
0 0.579311 12 
0 0.613504 12 
0 0.647093 12 
0 0.723077 12 
0 0.723077 12 
0 0.750714 12 
0 0.751569 12 
0 0.751569 12 
0 0.752192 12 
0 0.756162 12 
0 0.758924 12 
0 0.759148 12 
0 0.79309 12 
0 0.795475 12 
0 0.89424 12 
0 0.973418 12 
0 0.983552 12 
0 1.03236 12 
0 1.04779 12 
0 1.04799 12 
0 1.08819 12 
0 1.08819 12 
0 1.10709 12 
0 1.10757 12 
0 1.11024 12 
0 1.42232 12 
0 1.42417 12 
0 1.48016 12 
0 1.48193 12 
0 1.48485 12 
0 1.53811 12 
0 1.53907 12 
0 1.65686 12 
0 1.68273 12 
0 1.6853 12 
0 inf 12 
0 0.0968738 13 
0 0.105023 13 
0 0.11036 13 
0 0.12925 13 
0 0.167989 13 
0 0.178673 13 
0 0.200188 13 
0 0.205062 13 
0 0.206455 13 
0 0.209638 13 
0 0.212756 13 
0 0.244436 13 
0 0.248146 13 
0 0.249217 13 
0 0.250895 13 
0 0.253557 13 
0 0.25847 13 
0 0.261005 13 
0 0.267849 13 
0 0.27272 13 
0 0.278267 13 
0 0.279442 13 
0 0.281956 13 
0 0.282376 13 
0 0.287437 13 
0 0.288152 13 
0 0.295342 13 
0 0.295343 13 
0 0.295481 13 
0 0.302496 13 
0 0.305878 13 
0 0.325176 13 
0 0.332578 13 
0 0.333566 13 
0 0.338099 13 
0 0.346725 13 
0 0.355983 13 
0 0.403338 13 
0 0.42169 13 
0 0.424604 13 
0 0.425481 13 
0 0.436173 13 
0 0.470742 13 
0 0.472611 13 
0 0.492608 13 
0 0.50742 13 
0 0.535622 13 
0 0.535622 13 
0 0.541993 13 
0 0.543509 13 
0 0.544158 13 
0 0.565699 13 
0 0.597457 13 
0 0.615023 13 
0 0.652159 13 
0 0.657437 13 
0 0.712686 13 
0 0.713612 13 
0 0.71384 13 
0 0.714765 13 
0 0.716317 13 
0 0.74976 13 
0 0.770706 13 
0 0.770973 13 
0 0.772252 13 
0 1.05943 13 
0 1.06327 13 
0 1.06454 13 
0 1.08717 13 
0 1.08899 13 
0 1.09362 13 
0 1.09408 13 
0 1.09588 13 
0 1.41771 13 
0 1.42015 13 
0 1.48615 13 
0 1.48925 13 
0 1.48938 13 
0 1.51783 13 
0 1.66932 13 
0 1.67368 13 
0 1.67375 13 
0 1.96464 13 
0 inf 13 
0 0.0898528 14 
0 0.103833 14 
0 0.138767 14 
0 0.140826 14 
0 0.15206 14 
0 0.161001 14 
0 0.164537 14 
0 0.199982 14 
0 0.199992 14 
0 0.202243 14 
0 0.212562 14 
0 0.218652 14 
0 0.227148 14 
0 0.233049 14 
0 0.237417 14 
0 0.241546 14 
0 0.246433 14 
0 0.251859 14 
0 0.253364 14 
0 0.254941 14 
0 0.255285 14 
0 0.256229 14 
0 0.256389 14 
0 0.25657 14 
0 0.271537 14 
0 0.28758 14 
0 0.28986 14 
0 0.289998 14 
0 0.290285 14 
0 0.293106 14 
0 0.295899 14 
0 0.301817 14 
0 0.313451 14 
0 0.314888 14 
0 0.348068 14 
0 0.350507 14 
0 0.353662 14 
0 0.354707 14 
0 0.366011 14 
0 0.366416 14 
0 0.367022 14 
0 0.367919 14 
0 0.379477 14 
0 0.418023 14 
0 0.429386 14 
0 0.45735 14 
0 0.458159 14 
0 0.47466 14 
0 0.515183 14 
0 0.526291 14 
0 0.562199 14 
0 0.563661 14 
0 0.597317 14 
0 0.600751 14 
0 0.602845 14 
0 0.608103 14 
0 0.613559 14 
0 0.624303 14 
0 0.640697 14 
0 0.714129 14 
0 0.720154 14 
0 0.783615 14 
0 0.784979 14 
0 0.785031 14 
0 0.888306 14 
0 0.890527 14 
0 0.890758 14 
0 1.09016 14 
0 1.12969 14 
0 1.13333 14 
0 1.13362 14 
0 1.42651 14 
0 1.42963 14 
0 1.44417 14 
0 1.44599 14 
0 1.52885 14 
0 1.57402 14 
0 1.59346 14 
0 1.59469 14 
0 inf 14 
0 0.112224 15 
0 0.123721 15 
0 0.155808 15 
0 0.160484 15 
0 0.170948 15 
0 0.175661 15 
0 0.178452 15 
0 0.180051 15 
0 0.194137 15 
0 0.194782 15 
0 0.196255 15 
0 0.196662 15 
0 0.201418 15 
0 0.204857 15 
0 0.204859 15 
0 0.208641 15 
0 0.215812 15 
0 0.217158 15 
0 0.218801 15 
0 0.219607 15 
0 0.220548 15 
0 0.226774 15 
0 0.228287 15 
0 0.233287 15 
0 0.235679 15 
0 0.236786 15 
0 0.236788 15 
0 0.237593 15 
0 0.246431 15 
0 0.254944 15 
0 0.256872 15 
0 0.262441 15 
0 0.265252 15 
0 0.268312 15 
0 0.277084 15 
0 0.294362 15 
0 0.307093 15 
0 0.357699 15 
0 0.35942 15 
0 0.375772 15 
0 0.394362 15 
0 0.42296 15 
0 0.43513 15 
0 0.500313 15 
0 0.501545 15 
0 0.512901 15 
0 0.51331 15 
0 0.525249 15 
0 0.533429 15 
0 0.550246 15 
0 0.554893 15 
0 0.58668 15 
0 0.591709 15 
0 0.712975 15 
0 0.752452 15 
0 0.752944 15 
0 0.756651 15 
0 0.786354 15 
0 0.805121 15 
0 0.809454 15 
0 1.06643 15 
0 1.08404 15 
0 1.0865 15 
0 1.08899 15 
0 1.25263 15 
0 1.25522 15 
0 1.25561 15 
0 1.43103 15 
0 1.46391 15 
0 1.48539 15 
0 1.48692 15 
0 1.53487 15 
0 1.57375 15 
0 1.58819 15 
0 1.59039 15 
0 inf 15 
0 0.0955738 16 
0 0.141145 16 
0 0.15101 16 
0 0.175903 16 
0 0.189417 16 
0 0.192231 16 
0 0.193026 16 
0 0.194784 16 
0 0.196255 16 
0 0.200384 16 
0 0.203046 16 
0 0.20486 16 
0 0.207446 16 
0 0.209242 16 
0 0.235558 16 
0 0.248442 16 
0 0.2519 16 
0 0.261475 16 
0 0.263984 16 
0 0.264938 16 
0 0.26695 16 
0 0.269384 16 
0 0.273175 16 
0 0.274528 16 
0 0.276169 16 
0 0.279449 16 
0 0.284121 16 
0 0.284124 16 
0 0.285004 16 
0 0.292386 16 
0 0.301116 16 
0 0.306529 16 
0 0.43513 16 
0 0.444579 16 
0 0.444949 16 
0 0.445411 16 
0 0.451467 16 
0 0.511461 16 
0 0.53784 16 
0 0.543823 16 
0 0.546254 16 
0 0.557273 16 
0 0.572508 16 
0 0.572508 16 
0 0.573944 16 
0 0.601327 16 
0 0.604057 16 
0 0.629333 16 
0 0.713264 16 
0 0.717749 16 
0 0.718666 16 
0 0.718952 16 
0 0.720693 16 
0 0.748552 16 
0 0.775229 16 
0 0.777084 16 
0 1.08311 16 
0 1.11545 16 
0 1.11545 16 
0 1.11634 16 
0 1.41155 16 
0 1.50878 16 
0 1.73262 16 
0 1.73273 16 
0 1.7334 16 
0 1.79772 16 
0 1.81188 16 
0 1.81195 16 
0 1.97914 16 
0 1.99135 16 
0 1.9916 16 
0 inf 16 
0 0.0566603 17 
0 0.0696881 17 
0 0.0736953 17 
0 0.105417 17 
0 0.122711 17 
0 0.193912 17 
0 0.213764 17 
0 0.220546 17 
0 0.223129 17 
0 0.226786 17 
0 0.228547 17 
0 0.228954 17 
0 0.233404 17 
0 0.239163 17 
0 0.23985 17 
0 0.240707 17 
0 0.247475 17 
0 0.253161 17 
0 0.254942 17 
0 0.256745 17 
0 0.260091 17 
0 0.266308 17 
0 0.268037 17 
0 0.269873 17 
0 0.274824 17 
0 0.277207 17 
0 0.279929 17 
0 0.281919 17 
0 0.282067 17 
0 0.284593 17 
0 0.284823 17 
0 0.331981 17 
0 0.336901 17 
0 0.336901 17 
0 0.43257 17 
0 0.441887 17 
0 0.44198 17 
0 0.444949 17 
0 0.469702 17 
0 0.494369 17 
0 0.511141 17 
0 0.551811 17 
0 0.723231 17 
0 0.724141 17 
0 0.724141 17 
0 0.729744 17 
0 0.830052 17 
0 0.86572 17 
0 0.875596 17 
0 1.08899 17 
0 1.10712 17 
0 1.11028 17 
0 1.11054 17 
0 1.15679 17 
0 1.17472 17 
0 1.18615 17 
0 1.30313 17 
0 1.31729 17 
0 1.31829 17 
0 1.41376 17 
0 1.50805 17 
0 1.50825 17 
0 1.50825 17 
0 1.54051 17 
0 1.90819 17 
0 1.92226 17 
0 1.92269 17 
0 inf 17 
0 0.086061 18 
0 0.0903138 18 
0 0.0968805 18 
0 0.100627 18 
0 0.123382 18 
0 0.12732 18 
0 0.151002 18 
0 0.164526 18 
0 0.169456 18 
0 0.172344 18 
0 0.188274 18 
0 0.203065 18 
0 0.229686 18 
0 0.236394 18 
0 0.23933 18 
0 0.240192 18 
0 0.240192 18 
0 0.248471 18 
0 0.250419 18 
0 0.253522 18 
0 0.253523 18 
0 0.254943 18 
0 0.255178 18 
0 0.256711 18 
0 0.257512 18 
0 0.259421 18 
0 0.295597 18 
0 0.301113 18 
0 0.302341 18 
0 0.302341 18 
0 0.310987 18 
0 0.315323 18 
0 0.451741 18 
0 0.458702 18 
0 0.466792 18 
0 0.468903 18 
0 0.584733 18 
0 0.607499 18 
0 0.613967 18 
0 0.639211 18 
0 0.721581 18 
0 0.755506 18 
0 0.756594 18 
0 0.756594 18 
0 0.778088 18 
0 0.782518 18 
0 0.865833 18 
0 0.87458 18 
0 0.976077 18 
0 0.980788 18 
0 0.983803 18 
0 1.09118 18 
0 1.09197 18 
0 1.09253 18 
0 1.09253 18 
0 1.41125 18 
0 1.42336 18 
0 1.43626 18 
0 1.43626 18 
0 1.57284 18 
0 1.62677 18 
0 1.62715 18 
0 1.96146 18 
0 inf 18 
0 0.0726257 19 
0 0.0737 19 
0 0.082148 19 
0 0.0920644 19 
0 0.0929757 19 
0 0.0942931 19 
0 0.0942935 19 
0 0.12959 19 
0 0.129592 19 
0 0.180918 19 
0 0.180962 19 
0 0.19092 19 
0 0.200998 19 
0 0.223366 19 
0 0.227467 19 
0 0.227467 19 
0 0.235154 19 
0 0.238284 19 
0 0.239832 19 
0 0.261042 19 
0 0.261042 19 
0 0.261043 19 
0 0.276169 19 
0 0.301992 19 
0 0.303488 19 
0 0.311325 19 
0 0.313957 19 
0 0.313957 19 
0 0.449828 19 
0 0.451375 19 
0 0.45762 19 
0 0.503023 19 
0 0.504657 19 
0 0.505228 19 
0 0.528859 19 
0 0.561831 19 
0 0.573142 19 
0 0.574933 19 
0 0.583559 19 
0 0.620646 19 
0 0.646776 19 
0 0.64722 19 
0 0.649315 19 
0 0.740381 19 
0 0.740881 19 
0 0.741491 19 
0 0.796227 19 
0 0.798033 19 
0 0.887201 19 
0 0.887201 19 
0 1.09038 19 
0 1.09095 19 
0 1.09246 19 
0 1.4098 19 
0 1.46768 19 
0 1.47037 19 
0 1.52375 19 
0 1.66125 19 
0 1.66133 19 
0 inf 19 
0 0.0287008 20 
0 0.033946 20 
0 0.033954 20 
0 0.115123 20 
0 0.118664 20 
0 0.123401 20 
0 0.174481 20 
0 0.177519 20 
0 0.188316 20 
0 0.194298 20 
0 0.19451 20 
0 0.199935 20 
0 0.233276 20 
0 0.241217 20 
0 0.241219 20 
0 0.282376 20 
0 0.302495 20 
0 0.304941 20 
0 0.305204 20 
0 0.30601 20 
0 0.310821 20 
0 0.312405 20 
0 0.328696 20 
0 0.339093 20 
0 0.340545 20 
0 0.352596 20 
0 0.355731 20 
0 0.366688 20 
0 0.388479 20 
0 0.409511 20 
0 0.419057 20 
0 0.420323 20 
0 0.428666 20 
0 0.480588 20 
0 0.48468 20 
0 0.532805 20 
0 0.59383 20 
0 0.631518 20 
0 0.631713 20 
0 0.631713 20 
0 0.731944 20 
0 0.734188 20 
0 0.754684 20 
0 0.767174 20 
0 0.817686 20 
0 0.825498 20 
0 1.09689 20 
0 1.10497 20 
0 1.4242 20 
0 1.49721 20 
0 1.499 20 
0 1.53025 20 
0 1.57226 20 
0 1.57448 20 
0 2.36388 20 
0 inf 20 
