0 0.0125543 1 
0 0.0181994 1 
0 0.0190481 1 
0 0.0202431 1 
0 0.020249 1 
0 0.0221166 1 
0 0.0241591 1 
0 0.0257378 1 
0 0.0257409 1 
0 0.0263455 1 
0 0.0266432 1 
0 0.0289158 1 
0 0.0297248 1 
0 0.0302478 1 
0 0.0310215 1 
0 0.0312736 1 
0 0.0315273 1 
0 0.0317763 1 
0 0.0317763 1 
0 0.0322663 1 
0 0.0322666 1 
0 0.0327514 1 
0 0.0332285 1 
0 0.0341594 1 
0 0.0341605 1 
0 0.0346247 1 
0 0.0348514 1 
0 0.0348518 1 
0 0.0352974 1 
0 0.0352985 1 
0 0.0353016 1 
0 0.0353019 1 
0 0.0357433 1 
0 0.0359657 1 
0 0.0359659 1 
0 0.0370393 1 
0 0.0370459 1 
0 0.0374646 1 
0 0.037888 1 
0 0.038505 1 
0 0.0387091 1 
0 0.0387102 1 
0 0.0391121 1 
0 0.039714 1 
0 0.039715 1 
0 0.0399157 1 
0 0.0401125 1 
0 0.0403078 1 
0 0.040697 1 
0 0.0408863 1 
0 0.0412738 1 
0 0.0414633 1 
0 0.0422233 1 
0 0.0424049 1 
0 0.0435111 1 
0 0.0436891 1 
0 0.0436895 1 
0 0.0438628 1 
0 0.0440492 1 
0 0.0442314 1 
0 0.0445792 1 
0 0.0447592 1 
0 0.0463149 1 
0 0.048156 1 
0 0.0484789 1 
0 0.0488057 1 
0 0.0489672 1 
0 0.0492886 1 
0 0.0500853 1 
0 0.0505456 1 
0 0.0538797 1 
0 0.0574151 1 
0 0.0587692 1 
0 0.0617851 1 
0 0.0619048 1 
0 0.0619149 1 
0 0.0631767 1 
0 0.0674047 1 
0 0.071383 1 
0 0.0724767 1 
0 0.0797341 1 
0 0.0875584 1 
0 0.0972811 1 
0 0.098578 1 
0 0.101645 1 
0 0.120335 1 
0 0.12635 1 
0 0.130884 1 
0 0.140027 1 
0 0.147383 1 
0 0.161136 1 
0 0.162689 1 
0 0.162884 1 
0 0.175156 1 
0 0.182262 1 
0 0.18326 1 
0 0.187675 1 
0 0.198665 1 
0 0.210504 1 
0 0.257058 1 
0 0.295139 1 
0 0.299967 1 
0 0.33129 1 
0 0.398629 1 
0 0.475815 1 
0 0.493803 1 
0 0.572511 1 
0 0.574841 1 
0 0.584602 1 
0 0.598947 1 
0 0.662134 1 
0 0.70252 1 
0 0.706644 1 
0 0.724124 1 
0 0.737855 1 
0 0.748366 1 
0 0.930789 1 
0 0.939365 1 
0 0.981332 1 
0 1.06779 1 
0 1.10294 1 
0 1.12377 1 
0 1.17728 1 
0 1.98748 1 
0 2.16237 1 
0 2.37256 1 
0 2.59019 1 
0 3.14659 1 
0 3.47198 1 
0 3.62662 1 
0 3.6709 1 
0 inf 1 
0 0.0186288 2 
0 0.0190478 2 
0 0.0198592 2 
0 0.0224666 2 
0 0.0228129 2 
0 0.0248023 2 
0 0.025118 2 
0 0.0257409 2 
0 0.0263461 2 
0 0.0272272 2 
0 0.0272286 2 
0 0.0275136 2 
0 0.0280848 2 
0 0.0286364 2 
0 0.0291858 2 
0 0.0294551 2 
0 0.0299848 2 
0 0.0299858 2 
0 0.0299858 2 
0 0.0299861 2 
0 0.0302477 2 
0 0.0320208 2 
0 0.0332274 2 
0 0.0332305 2 
0 0.0334589 2 
0 0.0334664 2 
0 0.0339408 2 
0 0.0341638 2 
0 0.0343916 2 
0 0.0348523 2 
0 0.0350779 2 
0 0.0353028 2 
0 0.0363955 2 
0 0.0370415 2 
0 0.0370459 2 
0 0.0374688 2 
0 0.0374688 2 
0 0.0378882 2 
0 0.0383022 2 
0 0.03871 2 
0 0.0395171 2 
0 0.0395221 2 
0 0.0403088 2 
0 0.0403088 2 
0 0.0403089 2 
0 0.0408892 2 
0 0.0414658 2 
0 0.0416549 2 
0 0.0418436 2 
0 0.0420334 2 
0 0.0422205 2 
0 0.0425922 2 
0 0.0427776 2 
0 0.0442242 2 
0 0.0442296 2 
0 0.044576 2 
0 0.0447593 2 
0 0.0466574 2 
0 0.0492885 2 
0 0.0492941 2 
0 0.0499276 2 
0 0.0500788 2 
0 0.0548836 2 
0 0.0579629 2 
0 0.0610104 2 
0 0.0642909 2 
0 0.0667034 2 
0 0.0739862 2 
0 0.10165 2 
0 0.104924 2 
0 0.109637 2 
0 0.111488 2 
0 0.115448 2 
0 0.115588 2 
0 0.117218 2 
0 0.119478 2 
0 0.123506 2 
0 0.123697 2 
0 0.123888 2 
0 0.143971 2 
0 0.14695 2 
0 0.155966 2 
0 0.158165 2 
0 0.16079 2 
0 0.166718 2 
0 0.177973 2 
0 0.178824 2 
0 0.181794 2 
0 0.221346 2 
0 0.251104 2 
0 0.28349 2 
0 0.323269 2 
0 0.394312 2 
0 0.427486 2 
0 0.480197 2 
0 0.523365 2 
0 0.573266 2 
0 0.577614 2 
0 0.578954 2 
0 0.589976 2 
0 0.595383 2 
0 0.609806 2 
0 0.616931 2 
0 0.663498 2 
0 0.765653 2 
0 0.776882 2 
0 0.822986 2 
0 0.838549 2 
0 0.840661 2 
0 0.848356 2 
0 0.851002 2 
0 0.887229 2 
0 0.887544 2 
0 0.897534 2 
0 1.02832 2 
0 1.6564 2 
0 1.70502 2 
0 1.87775 2 
0 1.90268 2 
0 2.00122 2 
0 2.28302 2 
0 2.49751 2 
0 2.50106 2 
0 2.50138 2 
0 3.10312 2 
0 3.34219 2 
0 3.49338 2 
0 inf 2 
0 0.0173071 3 
0 0.0190415 3 
0 0.0190479 3 
0 0.0206378 3 
0 0.0206379 3 
0 0.0217537 3 
0 0.0217538 3 
0 0.0231575 3 
0 0.0257393 3 
0 0.029187 3 
0 0.0294517 3 
0 0.0294558 3 
0 0.030508 3 
0 0.0312687 3 
0 0.0327521 3 
0 0.0332286 3 
0 0.0334625 3 
0 0.0334667 3 
0 0.0339326 3 
0 0.0343962 3 
0 0.0348458 3 
0 0.0352985 3 
0 0.035303 3 
0 0.0359609 3 
0 0.0376838 3 
0 0.0376838 3 
0 0.0376859 3 
0 0.0378923 3 
0 0.0385068 3 
0 0.0403078 3 
0 0.0403092 3 
0 0.0405042 3 
0 0.0410846 3 
0 0.043327 3 
0 0.0447606 3 
0 0.0454593 3 
0 0.0459765 3 
0 0.046994 3 
0 0.0478267 3 
0 0.0481598 3 
0 0.0491274 3 
0 0.0492881 3 
0 0.0526911 3 
0 0.0541687 3 
0 0.0561605 3 
0 0.0565855 3 
0 0.0576908 3 
0 0.0576926 3 
0 0.0586425 3 
0 0.0601081 3 
0 0.0617806 3 
0 0.0628041 3 
0 0.0629184 3 
0 0.0629276 3 
0 0.0637957 3 
0 0.0641701 3 
0 0.0670474 3 
0 0.0671689 3 
0 0.0675153 3 
0 0.0676337 3 
0 0.102261 3 
0 0.109131 3 
0 0.110493 3 
0 0.119283 3 
0 0.13614 3 
0 0.137245 3 
0 0.142034 3 
0 0.144841 3 
0 0.145112 3 
0 0.145709 3 
0 0.145979 3 
0 0.147858 3 
0 0.155097 3 
0 0.200719 3 
0 0.202947 3 
0 0.211283 3 
0 0.242719 3 
0 0.251791 3 
0 0.293959 3 
0 0.345258 3 
0 0.399902 3 
0 0.443833 3 
0 0.451966 3 
0 0.45497 3 
0 0.467692 3 
0 0.476912 3 
0 0.498566 3 
0 0.526788 3 
0 0.582128 3 
0 0.584956 3 
0 0.606333 3 
0 0.658256 3 
0 0.682905 3 
0 0.686221 3 
0 0.694098 3 
0 0.697903 3 
0 0.717527 3 
0 0.724924 3 
0 0.753097 3 
0 0.761231 3 
0 0.784113 3 
0 0.803051 3 
0 0.807896 3 
0 0.8082 3 
0 0.823482 3 
0 0.868725 3 
0 1.01832 3 
0 1.05416 3 
0 1.42178 3 
0 1.44983 3 
0 1.46108 3 
0 1.46128 3 
0 1.46356 3 
0 1.46395 3 
0 1.61502 3 
0 2.20919 3 
0 2.28411 3 
0 2.47175 3 
0 2.73015 3 
0 2.73358 3 
0 2.73361 3 
0 3.02938 3 
0 3.03107 3 
0 inf 3 
0 0.0190395 4 
0 0.0228181 4 
0 0.0241601 4 
0 0.0248046 4 
0 0.0260475 4 
0 0.0280821 4 
0 0.0283613 4 
0 0.0283613 4 
0 0.0289171 4 
0 0.0291843 4 
0 0.0294584 4 
0 0.0299856 4 
0 0.0299866 4 
0 0.0302425 4 
0 0.0322667 4 
0 0.0325065 4 
0 0.0329954 4 
0 0.0337007 4 
0 0.0341659 4 
0 0.0350757 4 
0 0.0350757 4 
0 0.0350772 4 
0 0.0353008 4 
0 0.0361845 4 
0 0.0366178 4 
0 0.0378884 4 
0 0.0383008 4 
0 0.0395191 4 
0 0.0403086 4 
0 0.0408913 4 
0 0.0458053 4 
0 0.0461475 4 
0 0.046659 4 
0 0.0473288 4 
0 0.0483158 4 
0 0.0488062 4 
0 0.0496074 4 
0 0.0517871 4 
0 0.0529895 4 
0 0.0538813 4 
0 0.0543112 4 
0 0.0576862 4 
0 0.0615246 4 
0 0.0679794 4 
0 0.0679835 4 
0 0.0702647 4 
0 0.0712698 4 
0 0.0713791 4 
0 0.0749355 4 
0 0.0785355 4 
0 0.0797316 4 
0 0.0801259 4 
0 0.085 4 
0 0.0951483 4 
0 0.0958094 4 
0 0.0964651 4 
0 0.0964651 4 
0 0.101878 4 
0 0.105233 4 
0 0.106126 4 
0 0.113316 4 
0 0.114768 4 
0 0.121187 4 
0 0.153048 4 
0 0.25795 4 
0 0.275616 4 
0 0.294791 4 
0 0.333454 4 
0 0.401337 4 
0 0.409894 4 
0 0.419618 4 
0 0.423507 4 
0 0.426995 4 
0 0.433477 4 
0 0.460169 4 
0 0.501818 4 
0 0.526753 4 
0 0.564901 4 
0 0.568794 4 
0 0.592654 4 
0 0.599737 4 
0 0.620978 4 
0 0.64515 4 
0 0.649574 4 
0 0.653138 4 
0 0.665545 4 
0 0.683108 4 
0 0.686221 4 
0 0.688199 4 
0 0.700428 4 
0 0.705309 4 
0 0.71032 4 
0 0.735663 4 
0 0.751122 4 
0 0.768317 4 
0 0.781176 4 
0 0.783716 4 
0 0.795582 4 
0 0.910618 4 
0 1.03046 4 
0 1.10446 4 
0 1.19491 4 
0 1.30257 4 
0 1.30996 4 
0 1.31009 4 
0 1.31023 4 
0 1.31054 4 
0 1.31054 4 
0 1.31113 4 
0 1.47432 4 
0 1.56589 4 
0 1.61396 4 
0 1.84682 4 
0 1.87599 4 
0 2.05811 4 
0 2.10884 4 
0 2.13163 4 
0 2.13376 4 
0 2.13376 4 
0 inf 4 
0 0.0221148 5 
0 0.0235004 5 
0 0.0247942 5 
0 0.0248055 5 
0 0.0254314 5 
0 0.0269391 5 
0 0.0272286 5 
0 0.0272345 5 
0 0.0278 5 
0 0.0339326 5 
0 0.0368281 5 
0 0.0385079 5 
0 0.0387066 5 
0 0.0399153 5 
0 0.04166 5 
0 0.0424051 5 
0 0.0425922 5 
0 0.0425938 5 
0 0.0429588 5 
0 0.0431418 5 
0 0.0438646 5 
0 0.0440529 5 
0 0.0452845 5 
0 0.0461476 5 
0 0.046654 5 
0 0.0474954 5 
0 0.0478201 5 
0 0.047992 5 
0 0.0499252 5 
0 0.0507051 5 
0 0.0513269 5 
0 0.0517864 5 
0 0.052545 5 
0 0.0537251 5 
0 0.0537293 5 
0 0.0554587 5 
0 0.0586429 5 
0 0.0586438 5 
0 0.0601046 5 
0 0.0603579 5 
0 0.0608903 5 
0 0.0614032 5 
0 0.0663362 5 
0 0.0682242 5 
0 0.0690217 5 
0 0.0691416 5 
0 0.0718277 5 
0 0.103491 5 
0 0.105079 5 
0 0.105521 5 
0 0.106571 5 
0 0.107087 5 
0 0.112679 5 
0 0.114416 5 
0 0.14759 5 
0 0.165571 5 
0 0.24978 5 
0 0.357295 5 
0 0.3902 5 
0 0.397693 5 
0 0.398637 5 
0 0.404312 5 
0 0.405127 5 
0 0.410383 5 
0 0.427139 5 
0 0.485744 5 
0 0.512744 5 
0 0.520865 5 
0 0.542275 5 
0 0.543147 5 
0 0.550163 5 
0 0.567894 5 
0 0.571539 5 
0 0.582163 5 
0 0.591427 5 
0 0.604073 5 
0 0.637259 5 
0 0.663352 5 
0 0.667241 5 
0 0.668657 5 
0 0.674443 5 
0 0.695272 5 
0 0.698089 5 
0 0.707439 5 
0 0.708387 5 
0 0.711186 5 
0 0.72046 5 
0 0.737117 5 
0 0.742108 5 
0 0.742448 5 
0 0.929504 5 
0 1.05315 5 
0 1.0572 5 
0 1.0587 5 
0 1.05943 5 
0 1.05964 5 
0 1.0696 5 
0 1.11118 5 
0 1.22209 5 
0 1.24328 5 
0 1.2537 5 
0 1.25509 5 
0 1.2587 5 
0 1.42085 5 
0 1.42662 5 
0 1.45684 5 
0 1.48882 5 
0 1.55417 5 
0 1.56556 5 
0 1.61041 5 
0 1.61126 5 
0 1.61135 5 
0 1.61351 5 
0 1.61979 5 
0 1.62822 5 
0 inf 5 
0 0.0119134 6 
0 0.0213908 6 
0 0.022109 6 
0 0.0291843 6 
0 0.0291843 6 
0 0.0302425 6 
0 0.0315273 6 
0 0.0322672 6 
0 0.0353019 6 
0 0.0359664 6 
0 0.0393091 6 
0 0.0393186 6 
0 0.0403105 6 
0 0.0406976 6 
0 0.0418376 6 
0 0.0418427 6 
0 0.0429597 6 
0 0.0431381 6 
0 0.0431424 6 
0 0.0431482 6 
0 0.0440447 6 
0 0.0451109 6 
0 0.0478271 6 
0 0.0513189 6 
0 0.0525464 6 
0 0.053582 6 
0 0.05373 6 
0 0.0547465 6 
0 0.0563092 6 
0 0.0574247 6 
0 0.0574247 6 
0 0.0581047 6 
0 0.0586365 6 
0 0.0603653 6 
0 0.0627978 6 
0 0.0653824 6 
0 0.0668161 6 
0 0.0741957 6 
0 0.0775231 6 
0 0.0811059 6 
0 0.100631 6 
0 0.100709 6 
0 0.102571 6 
0 0.109704 6 
0 0.119015 6 
0 0.119016 6 
0 0.140024 6 
0 0.151962 6 
0 0.252887 6 
0 0.260653 6 
0 0.311302 6 
0 0.326199 6 
0 0.32717 6 
0 0.337895 6 
0 0.346391 6 
0 0.375715 6 
0 0.384739 6 
0 0.385169 6 
0 0.398953 6 
0 0.399993 6 
0 0.451063 6 
0 0.497036 6 
0 0.503513 6 
0 0.509585 6 
0 0.511039 6 
0 0.512042 6 
0 0.512778 6 
0 0.514253 6 
0 0.568408 6 
0 0.570426 6 
0 0.635994 6 
0 0.63742 6 
0 0.655203 6 
0 0.665993 6 
0 0.669815 6 
0 0.670557 6 
0 0.670756 6 
0 0.683262 6 
0 0.683666 6 
0 0.690461 6 
0 0.717417 6 
0 0.73285 6 
0 0.740932 6 
0 0.741836 6 
0 0.784362 6 
0 0.822216 6 
0 0.956896 6 
0 1.01811 6 
0 1.0186 6 
0 1.02232 6 
0 1.04157 6 
0 1.05389 6 
0 1.05496 6 
0 1.05643 6 
0 1.0569 6 
0 1.07591 6 
0 1.08952 6 
0 1.12038 6 
0 1.12103 6 
0 1.21939 6 
0 1.23181 6 
0 1.27308 6 
0 1.2779 6 
0 1.36525 6 
0 1.45574 6 
0 1.46154 6 
0 1.63751 6 
0 1.64924 6 
0 1.65967 6 
0 1.66582 6 
0 1.69179 6 
0 inf 6 
0 0.0248039 7 
0 0.026642 7 
0 0.0272277 7 
0 0.0305046 7 
0 0.0343962 7 
0 0.0374688 7 
0 0.038505 7 
0 0.0393172 7 
0 0.0416562 7 
0 0.0424062 7 
0 0.043871 7 
0 0.0459711 7 
0 0.0459752 7 
0 0.0479896 7 
0 0.0486415 7 
0 0.0505538 7 
0 0.050555 7 
0 0.0510199 7 
0 0.0523914 7 
0 0.0541693 7 
0 0.0557474 7 
0 0.0557529 7 
0 0.056581 7 
0 0.0587763 7 
0 0.0622989 7 
0 0.0670484 7 
0 0.0671648 7 
0 0.0671679 7 
0 0.0684467 7 
0 0.0684467 7 
0 0.069588 7 
0 0.0713875 7 
0 0.0715963 7 
0 0.0724813 7 
0 0.0752598 7 
0 0.0851057 7 
0 0.10745 7 
0 0.108619 7 
0 0.108619 7 
0 0.121384 7 
0 0.160347 7 
0 0.169381 7 
0 0.250128 7 
0 0.257133 7 
0 0.262378 7 
0 0.2868 7 
0 0.291689 7 
0 0.292742 7 
0 0.292742 7 
0 0.309026 7 
0 0.321059 7 
0 0.324956 7 
0 0.336989 7 
0 0.391223 7 
0 0.398934 7 
0 0.407652 7 
0 0.413052 7 
0 0.413643 7 
0 0.415166 7 
0 0.420227 7 
0 0.490796 7 
0 0.51223 7 
0 0.512246 7 
0 0.519584 7 
0 0.555891 7 
0 0.564761 7 
0 0.570687 7 
0 0.573935 7 
0 0.577845 7 
0 0.580569 7 
0 0.583319 7 
0 0.638348 7 
0 0.653904 7 
0 0.672001 7 
0 0.672376 7 
0 0.677594 7 
0 0.681519 7 
0 0.68655 7 
0 0.686685 7 
0 0.687821 7 
0 0.725854 7 
0 0.729528 7 
0 0.729788 7 
0 0.809952 7 
0 0.914526 7 
0 0.916516 7 
0 0.924002 7 
0 0.943951 7 
0 0.950074 7 
0 0.997968 7 
0 1.01733 7 
0 1.05363 7 
0 1.05849 7 
0 1.0601 7 
0 1.08231 7 
0 1.10241 7 
0 1.22351 7 
0 1.48492 7 
0 1.48914 7 
0 1.52997 7 
0 1.59306 7 
0 1.60624 7 
0 1.60651 7 
0 1.60745 7 
0 1.62996 7 
0 1.64081 7 
0 1.65721 7 
0 inf 7 
0 0.0348514 8 
0 0.0348516 8 
0 0.0368303 8 
0 0.0378882 8 
0 0.041653 8 
0 0.0420321 8 
0 0.0424095 8 
0 0.0424095 8 
0 0.0425942 8 
0 0.0438682 8 
0 0.0458029 8 
0 0.0469909 8 
0 0.0507092 8 
0 0.0517867 8 
0 0.0546003 8 
0 0.055464 8 
0 0.0556095 8 
0 0.0564489 8 
0 0.0585035 8 
0 0.0591784 8 
0 0.0603609 8 
0 0.0612654 8 
0 0.0613993 8 
0 0.0708278 8 
0 0.0731297 8 
0 0.0750475 8 
0 0.0851723 8 
0 0.0935597 8 
0 0.104326 8 
0 0.109059 8 
0 0.109203 8 
0 0.116067 8 
0 0.154892 8 
0 0.157774 8 
0 0.173215 8 
0 0.173896 8 
0 0.23003 8 
0 0.230375 8 
0 0.234448 8 
0 0.255584 8 
0 0.256632 8 
0 0.269037 8 
0 0.276382 8 
0 0.276957 8 
0 0.279758 8 
0 0.284066 8 
0 0.285589 8 
0 0.300745 8 
0 0.301781 8 
0 0.301923 8 
0 0.342358 8 
0 0.383561 8 
0 0.388087 8 
0 0.398182 8 
0 0.404818 8 
0 0.409134 8 
0 0.412972 8 
0 0.413207 8 
0 0.516762 8 
0 0.524082 8 
0 0.52521 8 
0 0.564677 8 
0 0.571806 8 
0 0.597782 8 
0 0.632888 8 
0 0.6331 8 
0 0.636888 8 
0 0.640654 8 
0 0.643211 8 
0 0.661935 8 
0 0.667382 8 
0 0.668232 8 
0 0.676109 8 
0 0.737158 8 
0 0.739721 8 
0 0.740104 8 
0 0.779308 8 
0 0.793844 8 
0 0.8734 8 
0 0.909576 8 
0 0.942271 8 
0 0.984924 8 
0 1.01925 8 
0 1.01941 8 
0 1.02632 8 
0 1.05057 8 
0 1.05084 8 
0 1.05107 8 
0 1.06468 8 
0 1.09207 8 
0 1.11522 8 
0 1.25227 8 
0 1.28337 8 
0 1.32455 8 
0 1.36598 8 
0 1.42981 8 
0 1.60504 8 
0 1.60536 8 
0 1.60756 8 
0 1.64095 8 
0 1.68829 8 
0 1.72009 8 
0 1.9037 8 
0 inf 8 
0 0.0148672 9 
0 0.0260407 9 
0 0.0317725 9 
0 0.0401124 9 
0 0.0454579 9 
0 0.0468276 9 
0 0.0478217 9 
0 0.0488073 9 
0 0.0492882 9 
0 0.0520882 9 
0 0.0525424 9 
0 0.0541643 9 
0 0.0560293 9 
0 0.0616587 9 
0 0.0620441 9 
0 0.062162 9 
0 0.0639121 9 
0 0.0686784 9 
0 0.0698135 9 
0 0.0865643 9 
0 0.087358 9 
0 0.0895965 9 
0 0.113034 9 
0 0.147647 9 
0 0.148987 9 
0 0.16481 9 
0 0.169175 9 
0 0.17152 9 
0 0.172804 9 
0 0.173972 9 
0 0.174379 9 
0 0.187391 9 
0 0.197632 9 
0 0.197658 9 
0 0.250757 9 
0 0.266699 9 
0 0.267261 9 
0 0.282394 9 
0 0.28701 9 
0 0.291629 9 
0 0.334998 9 
0 0.3369 9 
0 0.374512 9 
0 0.37569 9 
0 0.379119 9 
0 0.399194 9 
0 0.399862 9 
0 0.413839 9 
0 0.421301 9 
0 0.422889 9 
0 0.506481 9 
0 0.506966 9 
0 0.514843 9 
0 0.521406 9 
0 0.52756 9 
0 0.531372 9 
0 0.540788 9 
0 0.567783 9 
0 0.572193 9 
0 0.612442 9 
0 0.616143 9 
0 0.616143 9 
0 0.617334 9 
0 0.636652 9 
0 0.636751 9 
0 0.679217 9 
0 0.679914 9 
0 0.681314 9 
0 0.682912 9 
0 0.689349 9 
0 0.69274 9 
0 0.701846 9 
0 0.715204 9 
0 0.741518 9 
0 0.756643 9 
0 0.837895 9 
0 0.838799 9 
0 0.906808 9 
0 0.969735 9 
0 0.994462 9 
0 1.0066 9 
0 1.01527 9 
0 1.02013 9 
0 1.03679 9 
0 1.05251 9 
0 1.05305 9 
0 1.05655 9 
0 1.07984 9 
0 1.08024 9 
0 1.09108 9 
0 1.10129 9 
0 1.21359 9 
0 1.36929 9 
0 1.53118 9 
0 1.60487 9 
0 1.60499 9 
0 1.61205 9 
0 1.61334 9 
0 1.61381 9 
0 inf 9 
0 0.0280891 10 
0 0.0337019 10 
0 0.0382988 10 
0 0.0408931 10 
0 0.0433342 10 
0 0.0442311 10 
0 0.0479899 10 
0 0.0483177 10 
0 0.0507051 10 
0 0.0523833 10 
0 0.0551746 10 
0 0.0580993 10 
0 0.0614038 10 
0 0.0816726 10 
0 0.0850955 10 
0 0.108403 10 
0 0.117885 10 
0 0.148289 10 
0 0.148291 10 
0 0.154739 10 
0 0.156263 10 
0 0.159415 10 
0 0.165391 10 
0 0.170196 10 
0 0.173983 10 
0 0.174374 10 
0 0.176011 10 
0 0.179034 10 
0 0.204997 10 
0 0.232097 10 
0 0.233284 10 
0 0.250694 10 
0 0.272003 10 
0 0.300239 10 
0 0.302278 10 
0 0.303997 10 
0 0.318811 10 
0 0.331593 10 
0 0.332803 10 
0 0.338291 10 
0 0.340523 10 
0 0.364116 10 
0 0.369426 10 
0 0.375987 10 
0 0.379287 10 
0 0.400433 10 
0 0.426044 10 
0 0.427062 10 
0 0.447692 10 
0 0.449433 10 
0 0.470744 10 
0 0.477309 10 
0 0.493696 10 
0 0.540498 10 
0 0.546526 10 
0 0.557117 10 
0 0.570057 10 
0 0.580324 10 
0 0.611512 10 
0 0.611834 10 
0 0.621629 10 
0 0.62908 10 
0 0.630082 10 
0 0.679267 10 
0 0.680161 10 
0 0.689735 10 
0 0.788815 10 
0 0.795586 10 
0 0.795666 10 
0 0.821129 10 
0 0.979444 10 
0 0.979564 10 
0 0.995423 10 
0 1.01247 10 
0 1.01377 10 
0 1.05005 10 
0 1.05719 10 
0 1.05746 10 
0 1.06791 10 
0 1.07736 10 
0 1.10062 10 
0 1.10223 10 
0 1.10246 10 
0 1.1914 10 
0 1.19148 10 
0 1.21818 10 
0 1.22743 10 
0 1.43846 10 
0 1.60723 10 
0 1.60762 10 
0 1.62506 10 
0 1.74264 10 
0 1.74268 10 
0 1.75293 10 
0 1.75338 10 
0 inf 10 
0 0.0325093 11 
0 0.0401119 11 
0 0.0458077 11 
0 0.0489682 11 
0 0.0898781 11 
0 0.0971247 11 
0 0.0978505 11 
0 0.0993749 11 
0 0.100003 11 
0 0.100548 11 
0 0.102802 11 
0 0.106409 11 
0 0.125962 11 
0 0.132268 11 
0 0.133693 11 
0 0.144081 11 
0 0.148344 11 
0 0.150522 11 
0 0.152965 11 
0 0.155248 11 
0 0.158667 11 
0 0.162685 11 
0 0.169329 11 
0 0.183991 11 
0 0.230647 11 
0 0.246951 11 
0 0.248099 11 
0 0.249336 11 
0 0.250883 11 
0 0.278881 11 
0 0.284341 11 
0 0.296558 11 
0 0.326462 11 
0 0.327425 11 
0 0.327425 11 
0 0.333147 11 
0 0.333148 11 
0 0.338806 11 
0 0.341081 11 
0 0.34212 11 
0 0.353347 11 
0 0.353459 11 
0 0.395312 11 
0 0.397825 11 
0 0.419374 11 
0 0.448525 11 
0 0.44914 11 
0 0.449178 11 
0 0.453139 11 
0 0.482849 11 
0 0.48417 11 
0 0.565305 11 
0 0.574655 11 
0 0.575916 11 
0 0.586007 11 
0 0.590627 11 
0 0.590881 11 
0 0.613466 11 
0 0.613672 11 
0 0.658026 11 
0 0.658326 11 
0 0.663515 11 
0 0.672424 11 
0 0.673491 11 
0 0.958493 11 
0 0.990459 11 
0 0.996953 11 
0 1.01976 11 
0 1.04907 11 
0 1.04923 11 
0 1.07595 11 
0 1.07698 11 
0 1.08704 11 
0 1.08722 11 
0 1.1071 11 
0 1.11202 11 
0 1.11899 11 
0 1.11901 11 
0 1.16677 11 
0 1.16685 11 
0 1.21436 11 
0 1.21459 11 
0 1.60414 11 
0 1.60983 11 
0 1.60987 11 
0 1.65247 11 
0 1.66148 11 
0 1.66588 11 
0 1.66599 11 
0 1.76919 11 
0 1.76979 11 
0 inf 11 
0 0.0595807 12 
0 0.0817677 12 
0 0.0921158 12 
0 0.101877 12 
0 0.103186 12 
0 0.116812 12 
0 0.119605 12 
0 0.126967 12 
0 0.145336 12 
0 0.147928 12 
0 0.150142 12 
0 0.152952 12 
0 0.153668 12 
0 0.1542 12 
0 0.165774 12 
0 0.169162 12 
0 0.16919 12 
0 0.178809 12 
0 0.181438 12 
0 0.182995 12 
0 0.193845 12 
0 0.215728 12 
0 0.218007 12 
0 0.232097 12 
0 0.241543 12 
0 0.267909 12 
0 0.285948 12 
0 0.288009 12 
0 0.291578 12 
0 0.297728 12 
0 0.326598 12 
0 0.326816 12 
0 0.334681 12 
0 0.33792 12 
0 0.346945 12 
0 0.352517 12 
0 0.370625 12 
0 0.370816 12 
0 0.385732 12 
0 0.404315 12 
0 0.406552 12 
0 0.408526 12 
0 0.465112 12 
0 0.465722 12 
0 0.56005 12 
0 0.582398 12 
0 0.5858 12 
0 0.599272 12 
0 0.599522 12 
0 0.600114 12 
0 0.605504 12 
0 0.606233 12 
0 0.609413 12 
0 0.609555 12 
0 0.613359 12 
0 0.613359 12 
0 0.622473 12 
0 0.653717 12 
0 0.653717 12 
0 0.774191 12 
0 0.782995 12 
0 0.786162 12 
0 1.01498 12 
0 1.01786 12 
0 1.01836 12 
0 1.05137 12 
0 1.05195 12 
0 1.05356 12 
0 1.05506 12 
0 1.05775 12 
0 1.11616 12 
0 1.12373 12 
0 1.12474 12 
0 1.13601 12 
0 1.33813 12 
0 1.33827 12 
0 1.34233 12 
0 1.41418 12 
0 1.4143 12 
0 1.46686 12 
0 1.51293 12 
0 1.56814 12 
0 1.60498 12 
0 1.60909 12 
0 1.64249 12 
0 1.64285 12 
0 1.6429 12 
0 inf 12 
0 0.0929061 13 
0 0.100472 13 
0 0.103401 13 
0 0.106128 13 
0 0.108697 13 
0 0.155707 13 
0 0.172437 13 
0 0.178741 13 
0 0.185989 13 
0 0.192945 13 
0 0.208369 13 
0 0.210986 13 
0 0.219489 13 
0 0.240298 13 
0 0.251402 13 
0 0.254976 13 
0 0.278626 13 
0 0.290651 13 
0 0.293687 13 
0 0.311731 13 
0 0.314461 13 
0 0.315738 13 
0 0.329717 13 
0 0.3301 13 
0 0.332222 13 
0 0.332578 13 
0 0.344145 13 
0 0.344534 13 
0 0.355653 13 
0 0.357423 13 
0 0.373919 13 
0 0.376561 13 
0 0.377084 13 
0 0.410307 13 
0 0.454818 13 
0 0.45648 13 
0 0.457584 13 
0 0.463934 13 
0 0.48416 13 
0 0.569748 13 
0 0.576355 13 
0 0.587646 13 
0 0.591602 13 
0 0.591602 13 
0 0.593695 13 
0 0.593894 13 
0 0.594053 13 
0 0.599863 13 
0 0.610948 13 
0 0.649752 13 
0 0.649861 13 
0 0.649861 13 
0 0.659844 13 
0 0.660131 13 
0 0.672242 13 
0 0.675567 13 
0 0.675719 13 
0 0.675813 13 
0 0.70622 13 
0 0.869803 13 
0 0.957543 13 
0 0.963456 13 
0 1.00188 13 
0 1.01667 13 
0 1.01745 13 
0 1.0178 13 
0 1.01884 13 
0 1.04945 13 
0 1.04948 13 
0 1.07568 13 
0 1.07898 13 
0 1.08441 13 
0 1.09981 13 
0 1.09999 13 
0 1.10027 13 
0 1.18831 13 
0 1.18896 13 
0 1.19079 13 
0 1.60618 13 
0 1.60632 13 
0 1.61868 13 
0 1.61886 13 
0 1.61993 13 
0 inf 13 
0 0.0633043 14 
0 0.0823461 14 
0 0.0964742 14 
0 0.104931 14 
0 0.130156 14 
0 0.133804 14 
0 0.155606 14 
0 0.177528 14 
0 0.209504 14 
0 0.217251 14 
0 0.219023 14 
0 0.252107 14 
0 0.255369 14 
0 0.25908 14 
0 0.263424 14 
0 0.263888 14 
0 0.271412 14 
0 0.276844 14 
0 0.281063 14 
0 0.282435 14 
0 0.28313 14 
0 0.284021 14 
0 0.284381 14 
0 0.285986 14 
0 0.286537 14 
0 0.286894 14 
0 0.294779 14 
0 0.310525 14 
0 0.325944 14 
0 0.327609 14 
0 0.329984 14 
0 0.33134 14 
0 0.332484 14 
0 0.34576 14 
0 0.347035 14 
0 0.35036 14 
0 0.359537 14 
0 0.361178 14 
0 0.362225 14 
0 0.363095 14 
0 0.368418 14 
0 0.376978 14 
0 0.378878 14 
0 0.424952 14 
0 0.433842 14 
0 0.434224 14 
0 0.434877 14 
0 0.492127 14 
0 0.493999 14 
0 0.498385 14 
0 0.509544 14 
0 0.510333 14 
0 0.571642 14 
0 0.578228 14 
0 0.586224 14 
0 0.595944 14 
0 0.601838 14 
0 0.602166 14 
0 0.604088 14 
0 0.857195 14 
0 0.857489 14 
0 0.859107 14 
0 1.01341 14 
0 1.01689 14 
0 1.05513 14 
0 1.07579 14 
0 1.07584 14 
0 1.07586 14 
0 1.1285 14 
0 1.12917 14 
0 1.13094 14 
0 1.22756 14 
0 1.22966 14 
0 1.23044 14 
0 1.60574 14 
0 1.607 14 
0 1.634 14 
0 1.63469 14 
0 1.63481 14 
0 inf 14 
0 0.0445832 15 
0 0.0877406 15 
0 0.107681 15 
0 0.111488 15 
0 0.121378 15 
0 0.134389 15 
0 0.139341 15 
0 0.191727 15 
0 0.209143 15 
0 0.228251 15 
0 0.23424 15 
0 0.24353 15 
0 0.262281 15 
0 0.263032 15 
0 0.266367 15 
0 0.267786 15 
0 0.269856 15 
0 0.277589 15 
0 0.280301 15 
0 0.282107 15 
0 0.282684 15 
0 0.28299 15 
0 0.286032 15 
0 0.286473 15 
0 0.286475 15 
0 0.28999 15 
0 0.301984 15 
0 0.304642 15 
0 0.304944 15 
0 0.315901 15 
0 0.3163 15 
0 0.321366 15 
0 0.321513 15 
0 0.322028 15 
0 0.331056 15 
0 0.351237 15 
0 0.352045 15 
0 0.372572 15 
0 0.37384 15 
0 0.37654 15 
0 0.376875 15 
0 0.388295 15 
0 0.389411 15 
0 0.428982 15 
0 0.440198 15 
0 0.572087 15 
0 0.589574 15 
0 0.612612 15 
0 0.710652 15 
0 0.71083 15 
0 0.711362 15 
0 0.85442 15 
0 0.855057 15 
0 0.858396 15 
0 0.91076 15 
0 0.91076 15 
0 0.910761 15 
0 1.01788 15 
0 1.04926 15 
0 1.09158 15 
0 1.0916 15 
0 1.09183 15 
0 1.16311 15 
0 1.16353 15 
0 1.16364 15 
0 1.21361 15 
0 1.2139 15 
0 1.21392 15 
0 1.60108 15 
0 1.60114 15 
0 1.60152 15 
0 1.60763 15 
0 1.72828 15 
0 1.72861 15 
0 1.72872 15 
0 inf 15 
0 0.0479962 16 
0 0.0678495 16 
0 0.110138 16 
0 0.113104 16 
0 0.116935 16 
0 0.121176 16 
0 0.125209 16 
0 0.148891 16 
0 0.155759 16 
0 0.224902 16 
0 0.225547 16 
0 0.225643 16 
0 0.255981 16 
0 0.258646 16 
0 0.259408 16 
0 0.259499 16 
0 0.260763 16 
0 0.264787 16 
0 0.265114 16 
0 0.27209 16 
0 0.281669 16 
0 0.291382 16 
0 0.293793 16 
0 0.294265 16 
0 0.2954 16 
0 0.29721 16 
0 0.297449 16 
0 0.306628 16 
0 0.306911 16 
0 0.332603 16 
0 0.333076 16 
0 0.333431 16 
0 0.333904 16 
0 0.348667 16 
0 0.352447 16 
0 0.352514 16 
0 0.352514 16 
0 0.375008 16 
0 0.377039 16 
0 0.378587 16 
0 0.379379 16 
0 0.380624 16 
0 0.589986 16 
0 0.607674 16 
0 0.608932 16 
0 0.609074 16 
0 0.771807 16 
0 1.02539 16 
0 1.05064 16 
0 1.05454 16 
0 1.05545 16 
0 1.05619 16 
0 1.08109 16 
0 1.08265 16 
0 1.08571 16 
0 1.09422 16 
0 1.09437 16 
0 1.22781 16 
0 1.22781 16 
0 1.22829 16 
0 1.23479 16 
0 1.23483 16 
0 1.23563 16 
0 1.2678 16 
0 1.58099 16 
0 1.58691 16 
0 1.58763 16 
0 1.60722 16 
0 1.65549 16 
0 1.65549 16 
0 1.65555 16 
0 inf 16 
0 0.0894188 17 
0 0.0895931 17 
0 0.0935559 17 
0 0.097276 17 
0 0.165019 17 
0 0.166542 17 
0 0.177853 17 
0 0.178607 17 
0 0.197227 17 
0 0.280194 17 
0 0.281878 17 
0 0.282213 17 
0 0.283663 17 
0 0.289209 17 
0 0.289358 17 
0 0.289455 17 
0 0.289467 17 
0 0.289468 17 
0 0.29023 17 
0 0.295523 17 
0 0.295603 17 
0 0.30384 17 
0 0.305733 17 
0 0.332435 17 
0 0.332507 17 
0 0.333075 17 
0 0.333076 17 
0 0.347603 17 
0 0.347761 17 
0 0.34792 17 
0 0.348169 17 
0 0.388153 17 
0 0.388417 17 
0 0.388457 17 
0 0.388457 17 
0 0.408547 17 
0 0.587468 17 
0 0.60094 17 
0 0.601268 17 
0 0.610392 17 
0 0.611836 17 
0 0.612416 17 
0 0.613651 17 
0 0.712319 17 
0 0.713204 17 
0 0.714364 17 
0 1.02422 17 
0 1.02444 17 
0 1.02449 17 
0 1.02456 17 
0 1.05323 17 
0 1.12518 17 
0 1.12643 17 
0 1.12675 17 
0 1.17286 17 
0 1.17879 17 
0 1.17968 17 
0 1.2909 17 
0 1.38223 17 
0 1.41557 17 
0 1.41802 17 
0 1.419 17 
0 1.5608 17 
0 1.61219 17 
0 1.61911 17 
0 1.6197 17 
0 1.62001 17 
0 inf 17 
0 0.0744956 18 
0 0.0786167 18 
0 0.0791171 18 
0 0.162322 18 
0 0.16237 18 
0 0.168052 18 
0 0.188775 18 
0 0.191536 18 
0 0.201823 18 
0 0.20194 18 
0 0.204198 18 
0 0.206745 18 
0 0.206898 18 
0 0.251546 18 
0 0.25164 18 
0 0.308385 18 
0 0.310399 18 
0 0.310907 18 
0 0.310933 18 
0 0.330794 18 
0 0.331438 18 
0 0.331936 18 
0 0.332008 18 
0 0.361767 18 
0 0.362268 18 
0 0.362268 18 
0 0.362355 18 
0 0.370703 18 
0 0.38413 18 
0 0.38675 18 
0 0.387157 18 
0 0.387402 18 
0 0.393093 18 
0 0.410849 18 
0 0.411923 18 
0 0.576331 18 
0 0.581454 18 
0 0.584484 18 
0 0.615991 18 
0 0.616093 18 
0 0.616106 18 
0 0.616502 18 
0 0.674749 18 
0 0.685937 18 
0 0.687946 18 
0 1.03659 18 
0 1.03659 18 
0 1.03678 18 
0 1.03715 18 
0 1.05582 18 
0 1.06436 18 
0 1.06649 18 
0 1.06655 18 
0 1.12445 18 
0 1.12854 18 
0 1.33471 18 
0 1.33471 18 
0 1.33494 18 
0 1.51788 18 
0 1.61183 18 
0 1.6124 18 
0 1.61247 18 
0 1.61266 18 
0 inf 18 
0 0.0807993 19 
0 0.0832018 19 
0 0.0840514 19 
0 0.164544 19 
0 0.16531 19 
0 0.16645 19 
0 0.180661 19 
0 0.182399 19 
0 0.182616 19 
0 0.18842 19 
0 0.190543 19 
0 0.193501 19 
0 0.272636 19 
0 0.272751 19 
0 0.277226 19 
0 0.301152 19 
0 0.303734 19 
0 0.305158 19 
0 0.349054 19 
0 0.349844 19 
0 0.350947 19 
0 0.358703 19 
0 0.360085 19 
0 0.36048 19 
0 0.3986 19 
0 0.399232 19 
0 0.399311 19 
0 0.402993 19 
0 0.419844 19 
0 0.42022 19 
0 0.491915 19 
0 0.493563 19 
0 0.493963 19 
0 0.57774 19 
0 0.580219 19 
0 0.580586 19 
0 0.620198 19 
0 0.630855 19 
0 0.630867 19 
0 0.630955 19 
0 0.631117 19 
0 0.680555 19 
0 0.68125 19 
0 0.701002 19 
0 0.841522 19 
0 0.854609 19 
0 0.905546 19 
0 1.04072 19 
0 1.0408 19 
0 1.04114 19 
0 1.04117 19 
0 1.06097 19 
0 1.06126 19 
0 1.06144 19 
0 1.11596 19 
0 1.23511 19 
0 1.61967 19 
0 1.61986 19 
0 1.61999 19 
0 inf 19 
0 0.0824404 20 
0 0.0832964 20 
0 0.0875424 20 
0 0.133808 20 
0 0.143971 20 
0 0.144846 20 
0 0.171766 20 
0 0.175893 20 
0 0.176522 20 
0 0.193667 20 
0 0.193871 20 
0 0.194155 20 
0 0.239529 20 
0 0.24022 20 
0 0.240384 20 
0 0.251575 20 
0 0.254101 20 
0 0.255495 20 
0 0.329991 20 
0 0.333793 20 
0 0.335936 20 
0 0.341217 20 
0 0.342348 20 
0 0.342532 20 
0 0.372742 20 
0 0.373904 20 
0 0.414182 20 
0 0.414258 20 
0 0.414924 20 
0 0.473893 20 
0 0.475173 20 
0 0.512307 20 
0 0.523816 20 
0 0.564733 20 
0 0.566295 20 
0 0.568797 20 
0 0.5968 20 
0 0.631339 20 
0 0.633919 20 
0 0.637074 20 
0 0.67663 20 
0 0.680061 20 
0 0.681116 20 
0 0.777201 20 
0 0.777201 20 
0 1.05031 20 
0 1.05073 20 
0 1.05943 20 
0 1.06696 20 
0 1.0674 20 
0 1.0976 20 
0 1.62463 20 
0 1.62465 20 
0 1.63747 20 
0 1.88166 20 
0 inf 20 
