0 0.019849 1 
0 0.0198575 1 
0 0.020739 1 
0 0.0207431 1 
0 0.02117 1 
0 0.0219932 1 
0 0.0227941 1 
0 0.022796 1 
0 0.0231851 1 
0 0.0231869 1 
0 0.023948 1 
0 0.0253883 1 
0 0.0253917 1 
0 0.0260933 1 
0 0.0260933 1 
0 0.0260941 1 
0 0.0264356 1 
0 0.0271027 1 
0 0.0271086 1 
0 0.0274321 1 
0 0.0302321 1 
0 0.030524 1 
0 0.0311085 1 
0 0.0313948 1 
0 0.0322357 1 
0 0.0322384 1 
0 0.0330668 1 
0 0.0333299 1 
0 0.0335922 1 
0 0.0335935 1 
0 0.0346448 1 
0 0.0364134 1 
0 0.03715 1 
0 0.037381 1 
0 0.0376319 1 
0 0.0380945 1 
0 0.0383363 1 
0 0.0394902 1 
0 0.0405978 1 
0 0.0405978 1 
0 0.0416874 1 
0 0.042338 1 
0 0.0435855 1 
0 0.0437796 1 
0 0.0437796 1 
0 0.0443947 1 
0 0.0452034 1 
0 0.0457845 1 
0 0.0457845 1 
0 0.0475199 1 
0 0.0477078 1 
0 0.0482671 1 
0 0.0502637 1 
0 0.0504408 1 
0 0.0511436 1 
0 0.0511466 1 
0 0.051147 1 
0 0.0511485 1 
0 0.0513165 1 
0 0.0520144 1 
0 0.0520148 1 
0 0.0528631 1 
0 0.0535423 1 
0 0.0535468 1 
0 0.0542068 1 
0 0.0543672 1 
0 0.0548624 1 
0 0.0555142 1 
0 0.0571044 1 
0 0.0577218 1 
0 0.0581934 1 
0 0.059562 1 
0 0.0598665 1 
0 0.062213 1 
0 0.0627869 1 
0 0.0636272 1 
0 0.0658484 1 
0 0.0691648 1 
0 0.0722084 1 
0 0.0759569 1 
0 0.0869605 1 
0 0.0870567 1 
0 0.0922541 1 
0 0.0922569 1 
0 0.0955894 1 
0 0.0956854 1 
0 0.0967105 1 
0 0.09863 1 
0 0.100347 1 
0 0.10742 1 
0 0.107586 1 
0 0.116388 1 
0 0.120992 1 
0 0.133656 1 
0 0.154724 1 
0 0.157075 1 
0 0.170791 1 
0 0.18319 1 
0 0.213832 1 
0 0.247218 1 
0 0.269447 1 
0 0.32295 1 
0 0.327033 1 
0 0.423004 1 
0 0.519055 1 
0 0.561509 1 
0 0.595957 1 
0 0.635551 1 
0 0.650312 1 
0 0.665787 1 
0 0.689111 1 
0 0.737919 1 
0 0.743127 1 
0 0.755703 1 
0 0.77989 1 
0 0.801823 1 
0 0.853624 1 
0 1.01245 1 
0 1.05362 1 
0 1.10366 1 
0 1.18079 1 
0 1.25204 1 
0 1.35172 1 
0 1.80006 1 
0 2.16271 1 
0 2.39674 1 
0 2.89686 1 
0 3.30863 1 
0 3.46414 1 
0 3.69192 1 
0 3.70812 1 
0 inf 1 
0 0.0179605 2 
0 0.0184427 2 
0 0.020303 2 
0 0.0203051 2 
0 0.0215826 2 
0 0.022796 2 
0 0.0235678 2 
0 0.0250441 2 
0 0.0274321 2 
0 0.0277593 2 
0 0.0280773 2 
0 0.0280828 2 
0 0.0287072 2 
0 0.0299361 2 
0 0.0313961 2 
0 0.0322397 2 
0 0.0322449 2 
0 0.0325186 2 
0 0.0327874 2 
0 0.0330668 2 
0 0.0341282 2 
0 0.0343844 2 
0 0.0343924 2 
0 0.0343924 2 
0 0.0351587 2 
0 0.0354122 2 
0 0.0356652 2 
0 0.0364134 2 
0 0.0364207 2 
0 0.0364227 2 
0 0.0368969 2 
0 0.0376229 2 
0 0.0385723 2 
0 0.0390258 2 
0 0.0390301 2 
0 0.0410464 2 
0 0.0435729 2 
0 0.0453925 2 
0 0.0453928 2 
0 0.0455888 2 
0 0.0455891 2 
0 0.0461753 2 
0 0.0467599 2 
0 0.0493719 2 
0 0.0504411 2 
0 0.0513197 2 
0 0.0515021 2 
0 0.0516731 2 
0 0.0520148 2 
0 0.0525285 2 
0 0.0530376 2 
0 0.0538757 2 
0 0.0547008 2 
0 0.0563171 2 
0 0.0571029 2 
0 0.0578816 2 
0 0.0580411 2 
0 0.0584965 2 
0 0.0594136 2 
0 0.0607519 2 
0 0.061051 2 
0 0.0616323 2 
0 0.0616337 2 
0 0.0630667 2 
0 0.0646118 2 
0 0.064889 2 
0 0.0691665 2 
0 0.0782795 2 
0 0.0894887 2 
0 0.103253 2 
0 0.104375 2 
0 0.107581 2 
0 0.111755 2 
0 0.113973 2 
0 0.116464 2 
0 0.125353 2 
0 0.126703 2 
0 0.126842 2 
0 0.127618 2 
0 0.134187 2 
0 0.138661 2 
0 0.143296 2 
0 0.152619 2 
0 0.156561 2 
0 0.158943 2 
0 0.185327 2 
0 0.216749 2 
0 0.21983 2 
0 0.265727 2 
0 0.269747 2 
0 0.29342 2 
0 0.355226 2 
0 0.381843 2 
0 0.409763 2 
0 0.482138 2 
0 0.482684 2 
0 0.560796 2 
0 0.600743 2 
0 0.622496 2 
0 0.628799 2 
0 0.634861 2 
0 0.652892 2 
0 0.689747 2 
0 0.706991 2 
0 0.708435 2 
0 0.855153 2 
0 0.859218 2 
0 0.916689 2 
0 0.932326 2 
0 0.932671 2 
0 0.940474 2 
0 0.946054 2 
0 0.988176 2 
0 0.997516 2 
0 1.2034 2 
0 1.3655 2 
0 1.59137 2 
0 1.79934 2 
0 2.02994 2 
0 2.2814 2 
0 2.4332 2 
0 2.55004 2 
0 2.57088 2 
0 2.57784 2 
0 3.08396 2 
0 3.43252 2 
0 3.51612 2 
0 inf 2 
0 0.0179605 3 
0 0.0203079 3 
0 0.0219894 3 
0 0.0227904 3 
0 0.0235714 3 
0 0.0239391 3 
0 0.0246872 3 
0 0.0250385 3 
0 0.0257548 3 
0 0.0271133 3 
0 0.0274367 3 
0 0.0290247 3 
0 0.0305279 3 
0 0.0319649 3 
0 0.0333314 3 
0 0.0343844 3 
0 0.0351671 3 
0 0.0351671 3 
0 0.0361645 3 
0 0.0361692 3 
0 0.0364127 3 
0 0.0364204 3 
0 0.0387948 3 
0 0.0392546 3 
0 0.0405978 3 
0 0.0433758 3 
0 0.0445962 3 
0 0.0453934 3 
0 0.0465627 3 
0 0.0482654 3 
0 0.0486319 3 
0 0.0491816 3 
0 0.0497255 3 
0 0.0497262 3 
0 0.0513197 3 
0 0.051841 3 
0 0.0532061 3 
0 0.054535 3 
0 0.0551885 3 
0 0.0561588 3 
0 0.0589557 3 
0 0.0610502 3 
0 0.061775 3 
0 0.062066 3 
0 0.0629198 3 
0 0.0629277 3 
0 0.0659827 3 
0 0.0659829 3 
0 0.0665257 3 
0 0.066799 3 
0 0.0670623 3 
0 0.068383 3 
0 0.0683832 3 
0 0.0688994 3 
0 0.071084 3 
0 0.0725785 3 
0 0.0729484 3 
0 0.0753613 3 
0 0.0770136 3 
0 0.0778162 3 
0 0.0796444 3 
0 0.0969842 3 
0 0.0974484 3 
0 0.0998976 3 
0 0.102028 3 
0 0.102116 3 
0 0.10394 3 
0 0.107588 3 
0 0.112629 3 
0 0.154195 3 
0 0.154427 3 
0 0.155582 3 
0 0.186487 3 
0 0.191045 3 
0 0.192634 3 
0 0.211474 3 
0 0.235716 3 
0 0.278509 3 
0 0.335615 3 
0 0.370764 3 
0 0.383248 3 
0 0.399926 3 
0 0.468913 3 
0 0.510037 3 
0 0.517471 3 
0 0.51782 3 
0 0.519562 3 
0 0.524349 3 
0 0.549038 3 
0 0.614763 3 
0 0.618208 3 
0 0.661654 3 
0 0.667111 3 
0 0.739277 3 
0 0.758417 3 
0 0.759597 3 
0 0.76882 3 
0 0.797254 3 
0 0.814391 3 
0 0.817524 3 
0 0.840381 3 
0 0.872742 3 
0 0.878382 3 
0 0.885434 3 
0 0.886504 3 
0 0.897999 3 
0 1.03339 3 
0 1.19619 3 
0 1.20733 3 
0 1.68224 3 
0 1.70048 3 
0 1.90181 3 
0 2.05761 3 
0 2.06175 3 
0 2.06284 3 
0 2.1262 3 
0 2.22275 3 
0 2.61998 3 
0 2.7044 3 
0 2.7048 3 
0 2.70488 3 
0 2.79154 3 
0 2.79791 3 
0 inf 3 
0 0.0194005 4 
0 0.0194022 4 
0 0.0198601 4 
0 0.0274351 4 
0 0.0280737 4 
0 0.0308251 4 
0 0.0311061 4 
0 0.0311072 4 
0 0.0311112 4 
0 0.0319563 4 
0 0.032516 4 
0 0.0343881 4 
0 0.0343881 4 
0 0.0369015 4 
0 0.0369038 4 
0 0.0369061 4 
0 0.0371444 4 
0 0.0371512 4 
0 0.0376198 4 
0 0.0380889 4 
0 0.0387946 4 
0 0.039028 4 
0 0.0408193 4 
0 0.0410402 4 
0 0.0410419 4 
0 0.0433666 4 
0 0.0435789 4 
0 0.0441887 4 
0 0.0441916 4 
0 0.0443958 4 
0 0.0457859 4 
0 0.0480797 4 
0 0.0493719 4 
0 0.0502606 4 
0 0.0504422 4 
0 0.0511568 4 
0 0.0532066 4 
0 0.0535437 4 
0 0.0647502 4 
0 0.06517 4 
0 0.0674635 4 
0 0.0681234 4 
0 0.0701973 4 
0 0.0735577 4 
0 0.0744014 4 
0 0.0744062 4 
0 0.0744063 4 
0 0.0772429 4 
0 0.0796409 4 
0 0.081421 4 
0 0.0822959 4 
0 0.0835983 4 
0 0.085496 4 
0 0.0877785 4 
0 0.0911771 4 
0 0.0917649 4 
0 0.0932162 4 
0 0.0952173 4 
0 0.0978121 4 
0 0.105485 4 
0 0.116236 4 
0 0.123698 4 
0 0.137618 4 
0 0.164971 4 
0 0.273444 4 
0 0.294056 4 
0 0.333205 4 
0 0.358352 4 
0 0.381118 4 
0 0.384229 4 
0 0.435453 4 
0 0.44043 4 
0 0.445607 4 
0 0.460372 4 
0 0.475713 4 
0 0.493372 4 
0 0.565533 4 
0 0.578322 4 
0 0.634556 4 
0 0.652753 4 
0 0.654124 4 
0 0.667908 4 
0 0.672337 4 
0 0.685906 4 
0 0.723806 4 
0 0.729109 4 
0 0.735714 4 
0 0.750596 4 
0 0.753833 4 
0 0.757746 4 
0 0.777492 4 
0 0.780391 4 
0 0.784148 4 
0 0.814809 4 
0 0.821851 4 
0 0.828546 4 
0 0.828702 4 
0 0.839111 4 
0 1.01502 4 
0 1.03142 4 
0 1.06513 4 
0 1.10912 4 
0 1.12507 4 
0 1.12711 4 
0 1.12863 4 
0 1.19679 4 
0 1.40704 4 
0 1.46658 4 
0 1.48877 4 
0 1.52085 4 
0 1.68791 4 
0 1.68999 4 
0 1.69331 4 
0 1.78109 4 
0 1.78502 4 
0 1.79175 4 
0 2.22648 4 
0 2.24146 4 
0 2.24981 4 
0 inf 4 
0 0.0231886 5 
0 0.0231891 5 
0 0.0308151 5 
0 0.0316817 5 
0 0.032237 5 
0 0.0338629 5 
0 0.0338648 5 
0 0.0343915 5 
0 0.0346501 5 
0 0.0371491 5 
0 0.037381 5 
0 0.0378609 5 
0 0.0403778 5 
0 0.0408227 5 
0 0.0423268 5 
0 0.0435814 5 
0 0.0441893 5 
0 0.0451964 5 
0 0.0455871 5 
0 0.0467574 5 
0 0.0471347 5 
0 0.0490014 5 
0 0.0516668 5 
0 0.0518425 5 
0 0.0537105 5 
0 0.0551898 5 
0 0.0551901 5 
0 0.0551931 5 
0 0.0563141 5 
0 0.0600177 5 
0 0.0603138 5 
0 0.0604647 5 
0 0.0610491 5 
0 0.0622187 5 
0 0.0626469 5 
0 0.0629267 5 
0 0.0640584 5 
0 0.06585 5 
0 0.066793 5 
0 0.0687737 5 
0 0.068777 5 
0 0.0689045 5 
0 0.0722091 5 
0 0.0734377 5 
0 0.0735622 5 
0 0.0737989 5 
0 0.0754852 5 
0 0.0775868 5 
0 0.0782807 5 
0 0.080754 5 
0 0.0888873 5 
0 0.0980878 5 
0 0.114679 5 
0 0.127689 5 
0 0.146443 5 
0 0.160122 5 
0 0.274066 5 
0 0.372747 5 
0 0.399879 5 
0 0.418618 5 
0 0.428786 5 
0 0.436581 5 
0 0.45715 5 
0 0.461752 5 
0 0.464537 5 
0 0.464759 5 
0 0.537355 5 
0 0.566029 5 
0 0.575404 5 
0 0.584651 5 
0 0.585952 5 
0 0.59956 5 
0 0.601053 5 
0 0.628759 5 
0 0.645646 5 
0 0.678398 5 
0 0.678672 5 
0 0.710856 5 
0 0.717091 5 
0 0.726411 5 
0 0.738156 5 
0 0.748721 5 
0 0.750779 5 
0 0.752864 5 
0 0.755392 5 
0 0.757287 5 
0 0.776206 5 
0 0.792952 5 
0 0.840305 5 
0 0.841978 5 
0 0.844898 5 
0 1.03185 5 
0 1.06884 5 
0 1.13582 5 
0 1.14326 5 
0 1.17612 5 
0 1.1766 5 
0 1.18166 5 
0 1.2328 5 
0 1.33689 5 
0 1.35446 5 
0 1.43217 5 
0 1.43287 5 
0 1.4374 5 
0 1.43755 5 
0 1.43893 5 
0 1.5551 5 
0 1.61908 5 
0 1.73249 5 
0 1.73305 5 
0 1.73459 5 
0 1.73844 5 
0 1.88383 5 
0 1.88975 5 
0 1.90374 5 
0 inf 5 
0 0.0290169 6 
0 0.0322355 6 
0 0.0349067 6 
0 0.0361624 6 
0 0.03714 6 
0 0.0390256 6 
0 0.0406017 6 
0 0.0406053 6 
0 0.0410361 6 
0 0.0410413 6 
0 0.0419082 6 
0 0.0421167 6 
0 0.0421169 6 
0 0.0441951 6 
0 0.0451909 6 
0 0.0452031 6 
0 0.0480727 6 
0 0.0490029 6 
0 0.0495437 6 
0 0.0504391 6 
0 0.0516766 6 
0 0.0521931 6 
0 0.0533727 6 
0 0.0538777 6 
0 0.0571091 6 
0 0.057571 6 
0 0.0575763 6 
0 0.057732 6 
0 0.0583517 6 
0 0.0589548 6 
0 0.0594131 6 
0 0.0614842 6 
0 0.0619228 6 
0 0.0653085 6 
0 0.0670615 6 
0 0.0739253 6 
0 0.0753666 6 
0 0.0764286 6 
0 0.0796526 6 
0 0.0808652 6 
0 0.0813084 6 
0 0.0830513 6 
0 0.0830523 6 
0 0.08706 6 
0 0.0892993 6 
0 0.102993 6 
0 0.115458 6 
0 0.161014 6 
0 0.276733 6 
0 0.276733 6 
0 0.367268 6 
0 0.378037 6 
0 0.391847 6 
0 0.419448 6 
0 0.424289 6 
0 0.425975 6 
0 0.463553 6 
0 0.491195 6 
0 0.498114 6 
0 0.501143 6 
0 0.502839 6 
0 0.507067 6 
0 0.578386 6 
0 0.582092 6 
0 0.582845 6 
0 0.619819 6 
0 0.63505 6 
0 0.635373 6 
0 0.645688 6 
0 0.650218 6 
0 0.681307 6 
0 0.683309 6 
0 0.705052 6 
0 0.710692 6 
0 0.729567 6 
0 0.729864 6 
0 0.741068 6 
0 0.744108 6 
0 0.746272 6 
0 0.754203 6 
0 0.755201 6 
0 0.757806 6 
0 0.797362 6 
0 0.814438 6 
0 0.814548 6 
0 0.814669 6 
0 0.988781 6 
0 1.04306 6 
0 1.04444 6 
0 1.04461 6 
0 1.04641 6 
0 1.04887 6 
0 1.05549 6 
0 1.12339 6 
0 1.14201 6 
0 1.24708 6 
0 1.24754 6 
0 1.24812 6 
0 1.25098 6 
0 1.26194 6 
0 1.28853 6 
0 1.32886 6 
0 1.35104 6 
0 1.38488 6 
0 1.46384 6 
0 1.46701 6 
0 1.4716 6 
0 1.4719 6 
0 1.474 6 
0 1.53126 6 
0 1.61324 6 
0 inf 6 
0 0.0227954 7 
0 0.0260932 7 
0 0.0274324 7 
0 0.0283939 7 
0 0.0283942 7 
0 0.028709 7 
0 0.032236 7 
0 0.0341268 7 
0 0.0385622 7 
0 0.0429576 7 
0 0.0437823 7 
0 0.0482631 7 
0 0.049721 7 
0 0.0504373 7 
0 0.0530378 7 
0 0.056792 7 
0 0.0577257 7 
0 0.0577367 7 
0 0.0588063 7 
0 0.0589614 7 
0 0.0594199 7 
0 0.0598628 7 
0 0.0625038 7 
0 0.0657113 7 
0 0.0679907 7 
0 0.0681241 7 
0 0.0689076 7 
0 0.0704495 7 
0 0.0725802 7 
0 0.0758414 7 
0 0.0787361 7 
0 0.0795282 7 
0 0.0822985 7 
0 0.0834848 7 
0 0.0861295 7 
0 0.0974512 7 
0 0.0980938 7 
0 0.103595 7 
0 0.123047 7 
0 0.158661 7 
0 0.158887 7 
0 0.280177 7 
0 0.322214 7 
0 0.323213 7 
0 0.323463 7 
0 0.350244 7 
0 0.351974 7 
0 0.386113 7 
0 0.396436 7 
0 0.39691 7 
0 0.399049 7 
0 0.459846 7 
0 0.471287 7 
0 0.47596 7 
0 0.478887 7 
0 0.573369 7 
0 0.597515 7 
0 0.597608 7 
0 0.600166 7 
0 0.601773 7 
0 0.607773 7 
0 0.61274 7 
0 0.613161 7 
0 0.646173 7 
0 0.675072 7 
0 0.696 7 
0 0.697992 7 
0 0.698416 7 
0 0.708634 7 
0 0.716106 7 
0 0.717343 7 
0 0.72283 7 
0 0.741209 7 
0 0.755004 7 
0 0.756521 7 
0 0.770805 7 
0 0.780132 7 
0 0.799348 7 
0 0.806517 7 
0 0.811831 7 
0 0.811997 7 
0 0.818667 7 
0 0.903595 7 
0 0.943323 7 
0 0.967673 7 
0 1.01232 7 
0 1.03197 7 
0 1.03426 7 
0 1.03954 7 
0 1.04272 7 
0 1.04354 7 
0 1.04354 7 
0 1.07675 7 
0 1.08027 7 
0 1.0803 7 
0 1.09297 7 
0 1.10185 7 
0 1.10633 7 
0 1.1128 7 
0 1.15905 7 
0 1.23087 7 
0 1.36244 7 
0 1.36521 7 
0 1.37018 7 
0 1.37544 7 
0 1.3808 7 
0 1.57631 7 
0 inf 7 
0 0.019852 8 
0 0.0198537 8 
0 0.0341294 8 
0 0.0343881 8 
0 0.0408211 8 
0 0.0449966 8 
0 0.0451968 8 
0 0.0463689 8 
0 0.0491801 8 
0 0.0497244 8 
0 0.0509721 8 
0 0.051671 8 
0 0.0518428 8 
0 0.05371 8 
0 0.0538768 8 
0 0.0545407 8 
0 0.0550365 8 
0 0.0563142 8 
0 0.0578866 8 
0 0.0601605 8 
0 0.0683828 8 
0 0.0782856 8 
0 0.0796454 8 
0 0.0837052 8 
0 0.0861245 8 
0 0.0873633 8 
0 0.0877769 8 
0 0.0939843 8 
0 0.108503 8 
0 0.112709 8 
0 0.112788 8 
0 0.154138 8 
0 0.165784 8 
0 0.219865 8 
0 0.224503 8 
0 0.267686 8 
0 0.273346 8 
0 0.293934 8 
0 0.310495 8 
0 0.315921 8 
0 0.316629 8 
0 0.351097 8 
0 0.384088 8 
0 0.391559 8 
0 0.428538 8 
0 0.432099 8 
0 0.437516 8 
0 0.43883 8 
0 0.439299 8 
0 0.457716 8 
0 0.462334 8 
0 0.463138 8 
0 0.463293 8 
0 0.470319 8 
0 0.470319 8 
0 0.554557 8 
0 0.588292 8 
0 0.594608 8 
0 0.594834 8 
0 0.61017 8 
0 0.611027 8 
0 0.616247 8 
0 0.621633 8 
0 0.647572 8 
0 0.681462 8 
0 0.687953 8 
0 0.688124 8 
0 0.689217 8 
0 0.690879 8 
0 0.70417 8 
0 0.708533 8 
0 0.753287 8 
0 0.755946 8 
0 0.757793 8 
0 0.766556 8 
0 0.781609 8 
0 0.783396 8 
0 0.783396 8 
0 0.795363 8 
0 0.826773 8 
0 0.909376 8 
0 0.924966 8 
0 0.947331 8 
0 0.961953 8 
0 1.04485 8 
0 1.04662 8 
0 1.04662 8 
0 1.05937 8 
0 1.10188 8 
0 1.10811 8 
0 1.10843 8 
0 1.11497 8 
0 1.12582 8 
0 1.1861 8 
0 1.24337 8 
0 1.27236 8 
0 1.28729 8 
0 1.31095 8 
0 1.55938 8 
0 1.5596 8 
0 1.64924 8 
0 1.69574 8 
0 1.79036 8 
0 inf 8 
0 0.0235662 9 
0 0.0319596 9 
0 0.033063 9 
0 0.0341344 9 
0 0.035916 9 
0 0.0394848 9 
0 0.040154 9 
0 0.0451948 9 
0 0.0480825 9 
0 0.0482656 9 
0 0.0489986 9 
0 0.054865 9 
0 0.0606045 9 
0 0.0617759 9 
0 0.063216 9 
0 0.0641965 9 
0 0.0720827 9 
0 0.0734416 9 
0 0.0747687 9 
0 0.0840162 9 
0 0.0840175 9 
0 0.0862328 9 
0 0.0889957 9 
0 0.12471 9 
0 0.160457 9 
0 0.172101 9 
0 0.17718 9 
0 0.192216 9 
0 0.194976 9 
0 0.236183 9 
0 0.277864 9 
0 0.280945 9 
0 0.281996 9 
0 0.377394 9 
0 0.378207 9 
0 0.384967 9 
0 0.385989 9 
0 0.390789 9 
0 0.391412 9 
0 0.393348 9 
0 0.412801 9 
0 0.414944 9 
0 0.41504 9 
0 0.457622 9 
0 0.462411 9 
0 0.462529 9 
0 0.463612 9 
0 0.466234 9 
0 0.505241 9 
0 0.523429 9 
0 0.601103 9 
0 0.604003 9 
0 0.604373 9 
0 0.610859 9 
0 0.613668 9 
0 0.625914 9 
0 0.630661 9 
0 0.631701 9 
0 0.644326 9 
0 0.671732 9 
0 0.673649 9 
0 0.675502 9 
0 0.676191 9 
0 0.679667 9 
0 0.70919 9 
0 0.719739 9 
0 0.723951 9 
0 0.725138 9 
0 0.736805 9 
0 0.776603 9 
0 0.777997 9 
0 0.80026 9 
0 0.804995 9 
0 0.828932 9 
0 0.859024 9 
0 0.89455 9 
0 0.902074 9 
0 0.906542 9 
0 0.906789 9 
0 0.92943 9 
0 0.937463 9 
0 0.966413 9 
0 1.04191 9 
0 1.04225 9 
0 1.05086 9 
0 1.05333 9 
0 1.06192 9 
0 1.07409 9 
0 1.07868 9 
0 1.10784 9 
0 1.11133 9 
0 1.12221 9 
0 1.18915 9 
0 1.24606 9 
0 1.24629 9 
0 1.26624 9 
0 1.30002 9 
0 1.32871 9 
0 1.53388 9 
0 inf 9 
0 0.0333316 10 
0 0.038096 10 
0 0.0383275 10 
0 0.039932 10 
0 0.0459835 10 
0 0.0465613 10 
0 0.0478881 10 
0 0.0495444 10 
0 0.0520222 10 
0 0.0611971 10 
0 0.0617854 10 
0 0.0646082 10 
0 0.0669336 10 
0 0.0691677 10 
0 0.104209 10 
0 0.115302 10 
0 0.151248 10 
0 0.156443 10 
0 0.160067 10 
0 0.160176 10 
0 0.173906 10 
0 0.182857 10 
0 0.200113 10 
0 0.221666 10 
0 0.238072 10 
0 0.24251 10 
0 0.274206 10 
0 0.276442 10 
0 0.27824 10 
0 0.347122 10 
0 0.368489 10 
0 0.369558 10 
0 0.372719 10 
0 0.373799 10 
0 0.389508 10 
0 0.392715 10 
0 0.395833 10 
0 0.399948 10 
0 0.401385 10 
0 0.406467 10 
0 0.420163 10 
0 0.433066 10 
0 0.468932 10 
0 0.471838 10 
0 0.47343 10 
0 0.494114 10 
0 0.495637 10 
0 0.510032 10 
0 0.51019 10 
0 0.521281 10 
0 0.53048 10 
0 0.567799 10 
0 0.569642 10 
0 0.60569 10 
0 0.606577 10 
0 0.607152 10 
0 0.607153 10 
0 0.639847 10 
0 0.640336 10 
0 0.648844 10 
0 0.671853 10 
0 0.685774 10 
0 0.691073 10 
0 0.705248 10 
0 0.719178 10 
0 0.721168 10 
0 0.764421 10 
0 0.76592 10 
0 0.828594 10 
0 0.829631 10 
0 0.920178 10 
0 0.931326 10 
0 0.939077 10 
0 1.04225 10 
0 1.04225 10 
0 1.0579 10 
0 1.05793 10 
0 1.05951 10 
0 1.06801 10 
0 1.115 10 
0 1.1223 10 
0 1.12498 10 
0 1.17051 10 
0 1.17106 10 
0 1.19366 10 
0 1.22158 10 
0 1.22211 10 
0 1.22442 10 
0 1.29595 10 
0 1.38676 10 
0 1.38684 10 
0 1.43748 10 
0 1.46318 10 
0 1.85362 10 
0 1.85373 10 
0 inf 10 
0 0.0366589 11 
0 0.0504382 11 
0 0.0543718 11 
0 0.0648962 11 
0 0.0709594 11 
0 0.0778238 11 
0 0.095218 11 
0 0.103771 11 
0 0.108001 11 
0 0.114291 11 
0 0.141089 11 
0 0.154658 11 
0 0.156846 11 
0 0.157813 11 
0 0.159836 11 
0 0.160276 11 
0 0.181426 11 
0 0.204323 11 
0 0.218038 11 
0 0.230345 11 
0 0.237209 11 
0 0.26132 11 
0 0.262551 11 
0 0.263879 11 
0 0.276183 11 
0 0.298436 11 
0 0.351988 11 
0 0.353095 11 
0 0.366982 11 
0 0.370376 11 
0 0.379661 11 
0 0.380862 11 
0 0.385881 11 
0 0.38609 11 
0 0.391568 11 
0 0.398958 11 
0 0.398958 11 
0 0.401107 11 
0 0.412452 11 
0 0.413792 11 
0 0.416188 11 
0 0.418763 11 
0 0.430211 11 
0 0.43353 11 
0 0.460547 11 
0 0.465069 11 
0 0.527514 11 
0 0.528464 11 
0 0.55924 11 
0 0.560759 11 
0 0.607787 11 
0 0.610215 11 
0 0.624364 11 
0 0.625668 11 
0 0.628995 11 
0 0.638025 11 
0 0.645202 11 
0 0.704673 11 
0 0.704775 11 
0 0.714882 11 
0 0.715145 11 
0 0.723848 11 
0 0.734264 11 
0 0.734666 11 
0 0.754128 11 
0 0.8564 11 
0 0.910911 11 
0 0.915939 11 
0 0.921968 11 
0 0.988587 11 
0 0.988913 11 
0 1.04511 11 
0 1.04631 11 
0 1.09339 11 
0 1.09346 11 
0 1.09938 11 
0 1.14867 11 
0 1.18193 11 
0 1.18208 11 
0 1.24799 11 
0 1.25598 11 
0 1.25604 11 
0 1.36678 11 
0 1.36724 11 
0 1.39019 11 
0 1.39019 11 
0 1.44071 11 
0 1.45197 11 
0 1.58462 11 
0 1.7432 11 
0 1.74324 11 
0 inf 11 
0 0.0566295 12 
0 0.0629299 12 
0 0.0948363 12 
0 0.132987 12 
0 0.136815 12 
0 0.141077 12 
0 0.163992 12 
0 0.181024 12 
0 0.197727 12 
0 0.208832 12 
0 0.209645 12 
0 0.211729 12 
0 0.212108 12 
0 0.216305 12 
0 0.225499 12 
0 0.229137 12 
0 0.244389 12 
0 0.265133 12 
0 0.281058 12 
0 0.287055 12 
0 0.347597 12 
0 0.353081 12 
0 0.362933 12 
0 0.366079 12 
0 0.369787 12 
0 0.370838 12 
0 0.374205 12 
0 0.375555 12 
0 0.383902 12 
0 0.388356 12 
0 0.39983 12 
0 0.402836 12 
0 0.404188 12 
0 0.405768 12 
0 0.417736 12 
0 0.418057 12 
0 0.432534 12 
0 0.449172 12 
0 0.461403 12 
0 0.506369 12 
0 0.538029 12 
0 0.541453 12 
0 0.541453 12 
0 0.608847 12 
0 0.612368 12 
0 0.612384 12 
0 0.621964 12 
0 0.630765 12 
0 0.630892 12 
0 0.631176 12 
0 0.6402 12 
0 0.645157 12 
0 0.647154 12 
0 0.647873 12 
0 0.672612 12 
0 0.676 12 
0 0.729663 12 
0 0.729798 12 
0 0.774795 12 
0 0.775026 12 
0 0.910134 12 
0 0.915141 12 
0 0.923453 12 
0 0.946034 12 
0 0.963999 12 
0 0.971016 12 
0 0.971238 12 
0 1.0443 12 
0 1.04584 12 
0 1.10273 12 
0 1.11379 12 
0 1.11445 12 
0 1.11648 12 
0 1.11728 12 
0 1.22198 12 
0 1.22271 12 
0 1.23486 12 
0 1.23486 12 
0 1.2375 12 
0 1.24414 12 
0 1.33799 12 
0 1.44281 12 
0 1.452 12 
0 1.55011 12 
0 1.56774 12 
0 1.56779 12 
0 1.61671 12 
0 inf 12 
0 0.0427506 13 
0 0.0683874 13 
0 0.0799817 13 
0 0.14602 13 
0 0.159001 13 
0 0.164795 13 
0 0.182167 13 
0 0.209985 13 
0 0.21037 13 
0 0.22251 13 
0 0.226976 13 
0 0.233001 13 
0 0.237096 13 
0 0.247542 13 
0 0.248112 13 
0 0.33226 13 
0 0.347989 13 
0 0.348375 13 
0 0.354557 13 
0 0.356371 13 
0 0.369617 13 
0 0.374122 13 
0 0.382101 13 
0 0.386361 13 
0 0.389663 13 
0 0.39939 13 
0 0.401738 13 
0 0.404057 13 
0 0.405782 13 
0 0.496059 13 
0 0.496438 13 
0 0.496797 13 
0 0.498246 13 
0 0.500214 13 
0 0.514572 13 
0 0.518416 13 
0 0.519023 13 
0 0.520141 13 
0 0.603142 13 
0 0.606089 13 
0 0.610859 13 
0 0.611417 13 
0 0.636539 13 
0 0.648331 13 
0 0.649367 13 
0 0.652463 13 
0 0.665786 13 
0 0.667506 13 
0 0.66756 13 
0 0.668686 13 
0 0.694018 13 
0 0.694276 13 
0 0.695192 13 
0 0.73519 13 
0 0.736894 13 
0 0.73738 13 
0 0.900596 13 
0 0.924733 13 
0 0.931733 13 
0 0.933203 13 
0 0.933472 13 
0 0.942166 13 
0 1.02474 13 
0 1.02595 13 
0 1.03774 13 
0 1.04355 13 
0 1.04404 13 
0 1.05984 13 
0 1.09367 13 
0 1.09769 13 
0 1.09796 13 
0 1.09809 13 
0 1.10358 13 
0 1.18762 13 
0 1.18778 13 
0 1.18958 13 
0 1.18985 13 
0 1.22288 13 
0 1.22675 13 
0 1.24167 13 
0 1.43581 13 
0 1.43584 13 
0 1.43639 13 
0 inf 13 
0 0.0640567 14 
0 0.0644744 14 
0 0.0847632 14 
0 0.0873697 14 
0 0.144666 14 
0 0.205057 14 
0 0.215089 14 
0 0.216583 14 
0 0.221697 14 
0 0.224794 14 
0 0.262643 14 
0 0.290764 14 
0 0.299546 14 
0 0.300312 14 
0 0.322131 14 
0 0.322575 14 
0 0.322575 14 
0 0.325892 14 
0 0.328183 14 
0 0.334269 14 
0 0.334858 14 
0 0.335964 14 
0 0.337161 14 
0 0.337815 14 
0 0.338663 14 
0 0.340825 14 
0 0.341061 14 
0 0.343443 14 
0 0.345679 14 
0 0.368622 14 
0 0.370418 14 
0 0.371889 14 
0 0.383178 14 
0 0.389064 14 
0 0.389064 14 
0 0.412178 14 
0 0.488545 14 
0 0.50011 14 
0 0.505578 14 
0 0.505737 14 
0 0.505932 14 
0 0.527843 14 
0 0.542964 14 
0 0.543178 14 
0 0.543706 14 
0 0.549921 14 
0 0.550182 14 
0 0.552116 14 
0 0.564086 14 
0 0.565799 14 
0 0.566749 14 
0 0.603794 14 
0 0.608773 14 
0 0.617192 14 
0 0.639607 14 
0 0.639663 14 
0 0.639677 14 
0 0.663587 14 
0 0.688461 14 
0 0.688812 14 
0 0.692457 14 
0 0.928997 14 
0 0.936356 14 
0 0.936662 14 
0 0.937465 14 
0 0.955705 14 
0 0.958092 14 
0 0.958654 14 
0 1.03823 14 
0 1.04261 14 
0 1.04268 14 
0 1.04282 14 
0 1.04316 14 
0 1.04763 14 
0 1.04791 14 
0 1.10381 14 
0 1.11014 14 
0 1.11053 14 
0 1.11118 14 
0 inf 14 
0 0.0683933 15 
0 0.0738025 15 
0 0.102112 15 
0 0.121143 15 
0 0.188873 15 
0 0.206014 15 
0 0.235526 15 
0 0.236185 15 
0 0.242014 15 
0 0.25814 15 
0 0.275267 15 
0 0.275267 15 
0 0.278213 15 
0 0.296937 15 
0 0.29888 15 
0 0.30177 15 
0 0.304899 15 
0 0.307941 15 
0 0.311154 15 
0 0.311844 15 
0 0.320337 15 
0 0.321593 15 
0 0.321818 15 
0 0.322483 15 
0 0.324783 15 
0 0.325932 15 
0 0.341754 15 
0 0.341833 15 
0 0.348478 15 
0 0.350657 15 
0 0.368841 15 
0 0.373868 15 
0 0.373988 15 
0 0.374347 15 
0 0.387287 15 
0 0.387842 15 
0 0.391429 15 
0 0.391635 15 
0 0.442776 15 
0 0.466447 15 
0 0.483974 15 
0 0.517642 15 
0 0.537193 15 
0 0.537943 15 
0 0.607714 15 
0 0.62442 15 
0 0.652382 15 
0 0.68835 15 
0 0.773692 15 
0 0.774838 15 
0 0.774884 15 
0 0.816841 15 
0 0.927678 15 
0 0.932423 15 
0 0.933517 15 
0 1.04385 15 
0 1.04823 15 
0 1.04888 15 
0 1.04888 15 
0 1.1085 15 
0 1.11869 15 
0 1.11869 15 
0 1.11919 15 
0 1.20865 15 
0 1.20877 15 
0 1.20885 15 
0 1.35283 15 
0 1.35291 15 
0 1.35291 15 
0 1.4071 15 
0 1.4233 15 
0 1.4233 15 
0 1.8327 15 
0 1.83277 15 
0 1.8328 15 
0 inf 15 
0 0.0667951 16 
0 0.201616 16 
0 0.222591 16 
0 0.252839 16 
0 0.270342 16 
0 0.286695 16 
0 0.288675 16 
0 0.290408 16 
0 0.290439 16 
0 0.313563 16 
0 0.31459 16 
0 0.318636 16 
0 0.319001 16 
0 0.323233 16 
0 0.323427 16 
0 0.323593 16 
0 0.324147 16 
0 0.327497 16 
0 0.333905 16 
0 0.334146 16 
0 0.334146 16 
0 0.334387 16 
0 0.343995 16 
0 0.354259 16 
0 0.358784 16 
0 0.367381 16 
0 0.368623 16 
0 0.370006 16 
0 0.37855 16 
0 0.386738 16 
0 0.388056 16 
0 0.388218 16 
0 0.389531 16 
0 0.395324 16 
0 0.398573 16 
0 0.400367 16 
0 0.400994 16 
0 0.403597 16 
0 0.469868 16 
0 0.529058 16 
0 0.615128 16 
0 0.62958 16 
0 0.635133 16 
0 0.646554 16 
0 0.648588 16 
0 0.648767 16 
0 0.856121 16 
0 0.861385 16 
0 0.9477 16 
0 0.961805 16 
0 0.986237 16 
0 1.00681 16 
0 1.00852 16 
0 1.0087 16 
0 1.04495 16 
0 1.07725 16 
0 1.10665 16 
0 1.10701 16 
0 1.1195 16 
0 1.22554 16 
0 1.22561 16 
0 1.2257 16 
0 1.22705 16 
0 1.22728 16 
0 1.22743 16 
0 1.48357 16 
0 1.48376 16 
0 1.48376 16 
0 1.75285 16 
0 1.75309 16 
0 1.75317 16 
0 inf 16 
0 0.0598639 17 
0 0.0607529 17 
0 0.0629253 17 
0 0.0629261 17 
0 0.165718 17 
0 0.21326 17 
0 0.21347 17 
0 0.225549 17 
0 0.225827 17 
0 0.265149 17 
0 0.269826 17 
0 0.336045 17 
0 0.337773 17 
0 0.340916 17 
0 0.343142 17 
0 0.343582 17 
0 0.343782 17 
0 0.343869 17 
0 0.344016 17 
0 0.346146 17 
0 0.346465 17 
0 0.347287 17 
0 0.347803 17 
0 0.349448 17 
0 0.351777 17 
0 0.355365 17 
0 0.370755 17 
0 0.371334 17 
0 0.372033 17 
0 0.372418 17 
0 0.386106 17 
0 0.387125 17 
0 0.387149 17 
0 0.387287 17 
0 0.62369 17 
0 0.635302 17 
0 0.635513 17 
0 0.635584 17 
0 0.635795 17 
0 0.662269 17 
0 0.720774 17 
0 0.723008 17 
0 0.725125 17 
0 0.958592 17 
0 0.96073 17 
0 0.960832 17 
0 0.966683 17 
0 0.98446 17 
0 0.984897 17 
0 1.00781 17 
0 1.04649 17 
0 1.08078 17 
0 1.08215 17 
0 1.08216 17 
0 1.11584 17 
0 1.1168 17 
0 1.11814 17 
0 1.14365 17 
0 1.20209 17 
0 1.20273 17 
0 1.2028 17 
0 1.43967 17 
0 1.43975 17 
0 1.43975 17 
0 1.74461 17 
0 1.7488 17 
0 1.75043 17 
0 inf 17 
0 0.0257477 18 
0 0.0322388 18 
0 0.0354155 18 
0 0.14765 18 
0 0.148738 18 
0 0.148918 18 
0 0.214976 18 
0 0.215516 18 
0 0.215517 18 
0 0.215641 18 
0 0.241085 18 
0 0.25252 18 
0 0.256218 18 
0 0.273814 18 
0 0.274859 18 
0 0.27564 18 
0 0.35088 18 
0 0.356484 18 
0 0.356785 18 
0 0.357713 18 
0 0.357788 18 
0 0.366331 18 
0 0.367551 18 
0 0.36816 18 
0 0.368331 18 
0 0.372234 18 
0 0.373075 18 
0 0.37425 18 
0 0.374705 18 
0 0.388904 18 
0 0.388904 18 
0 0.389733 18 
0 0.389939 18 
0 0.668832 18 
0 0.669167 18 
0 0.670585 18 
0 0.670705 18 
0 0.703501 18 
0 0.719916 18 
0 0.720661 18 
0 0.749081 18 
0 0.753742 18 
0 0.753838 18 
0 0.942595 18 
0 0.971383 18 
0 0.971687 18 
0 1.05766 18 
0 1.05772 18 
0 1.05958 18 
0 1.07064 18 
0 1.07682 18 
0 1.07703 18 
0 1.16883 18 
0 1.18703 18 
0 1.18918 18 
0 1.20118 18 
0 1.20817 18 
0 1.21727 18 
0 1.22118 18 
0 1.30552 18 
0 1.31553 18 
0 1.55762 18 
0 1.69749 18 
0 inf 18 
0 0.0385609 19 
0 0.0405985 19 
0 0.0486327 19 
0 0.159996 19 
0 0.159997 19 
0 0.159997 19 
0 0.223716 19 
0 0.224356 19 
0 0.224715 19 
0 0.227673 19 
0 0.228614 19 
0 0.228615 19 
0 0.259018 19 
0 0.25919 19 
0 0.261119 19 
0 0.369206 19 
0 0.370296 19 
0 0.370514 19 
0 0.381797 19 
0 0.38189 19 
0 0.382172 19 
0 0.382453 19 
0 0.40922 19 
0 0.410007 19 
0 0.410117 19 
0 0.410706 19 
0 0.473323 19 
0 0.475739 19 
0 0.479864 19 
0 0.538557 19 
0 0.540218 19 
0 0.546173 19 
0 0.646921 19 
0 0.648041 19 
0 0.649202 19 
0 0.680142 19 
0 0.684673 19 
0 0.684673 19 
0 0.685092 19 
0 0.691231 19 
0 0.707351 19 
0 0.707503 19 
0 0.900089 19 
0 0.951747 19 
0 0.989453 19 
0 0.990132 19 
0 1.05651 19 
0 1.06744 19 
0 1.06787 19 
0 1.07343 19 
0 1.08367 19 
0 1.08486 19 
0 1.08673 19 
0 1.10343 19 
0 1.13667 19 
0 1.1373 19 
0 1.20734 19 
0 1.22724 19 
0 1.22757 19 
0 inf 19 
0 0.0799784 20 
0 0.0813118 20 
0 0.0851856 20 
0 0.168984 20 
0 0.168984 20 
0 0.17564 20 
0 0.214975 20 
0 0.216014 20 
0 0.217338 20 
0 0.276895 20 
0 0.277122 20 
0 0.279439 20 
0 0.284346 20 
0 0.285007 20 
0 0.307287 20 
0 0.307753 20 
0 0.387971 20 
0 0.388086 20 
0 0.403804 20 
0 0.408809 20 
0 0.410907 20 
0 0.430993 20 
0 0.431138 20 
0 0.460099 20 
0 0.462411 20 
0 0.469333 20 
0 0.535313 20 
0 0.539117 20 
0 0.611115 20 
0 0.615171 20 
0 0.646797 20 
0 0.647696 20 
0 0.647702 20 
0 0.650884 20 
0 0.652756 20 
0 0.653031 20 
0 0.690801 20 
0 0.692317 20 
0 0.698829 20 
0 0.7054 20 
0 0.706161 20 
0 0.709152 20 
0 0.994853 20 
0 1.05958 20 
0 1.06012 20 
0 1.06041 20 
0 1.12177 20 
0 1.12985 20 
0 1.13096 20 
0 1.20282 20 
0 1.21467 20 
0 1.21561 20 
0 1.2678 20 
0 1.29288 20 
0 1.29321 20 
0 inf 20 
