5.83823 9.32613 1 
1.83704 1.97882 1 
1.56367 1.6201 1 
0.472982 0.560893 1 
0.392952 0.407782 1 
0.22056 0.232191 1 
0.219388 0.248519 1 
0.214387 0.224044 1 
0.195487 0.20778 1 
0.155128 0.169751 1 
0.15413 0.159397 1 
0.142645 0.144439 1 
0.142276 0.145862 1 
0.135207 0.137104 1 
0.134061 0.135592 1 
0.128148 0.135971 1 
0.127745 0.132897 1 
0.127338 0.145862 1 
0.126934 0.151081 1 
0.123219 0.123637 1 
0.121103 0.145856 1 
0.119822 0.125711 1 
0.116761 0.117202 1 
0.114076 0.119384 1 
0.108031 0.117644 1 
0.106589 0.10851 1 
0.104634 0.124884 1 
0.104138 0.106592 1 
0.103142 0.109457 1 
0.0969493 0.111795 1 
0.0920272 0.0985317 1 
0.0903318 0.103138 1 
0.0793744 0.0793748 1 
0.0793743 0.0825633 1 
0.0773981 0.0825633 1 
0.0689306 0.0689321 1 
0.067421 0.0689336 1 
0.0618239 0.0642765 1 
6.48431 6.49555 2 
4.68856 6.49734 2 
1.39891 2.54706 2 
0.552635 0.587071 2 
0.487389 0.492243 2 
0.452904 0.488663 2 
0.445663 0.47024 2 
0.397521 0.430693 2 
0.385918 0.493291 2 
0.235063 0.24412 2 
0.196537 0.2333 2 
0.194428 0.200696 2 
0.190945 0.199666 2 
0.163551 0.16668 2 
0.154462 0.158099 2 
0.146218 0.155461 2 
0.138603 0.140087 2 
0.138601 0.158424 2 
0.132508 0.135592 2 
0.127337 0.137097 2 
0.126933 0.12734 2 
0.125708 0.128146 2 
0.124045 0.130537 2 
0.122799 0.13251 2 
0.122378 0.123637 2 
0.121104 0.127748 2 
0.120681 0.140087 2 
0.119815 0.141553 2 
0.119388 0.126115 2 
0.119386 0.13251 2 
0.108984 0.121104 2 
0.106103 0.118082 2 
0.099057 0.135592 2 
0.092032 0.100607 2 
0.0903295 0.0969472 2 
0.086837 0.0942519 2 
4.55827 4.63548 3 
4.55776 4.63539 3 
4.55019 4.59591 3 
1.2217 2.57428 3 
0.734969 0.768231 3 
0.327115 0.349397 3 
0.235064 0.24178 3 
0.205284 0.221489 3 
0.192023 0.20275 3 
0.161962 0.175436 3 
0.158095 0.186842 3 
0.151762 0.15379 3 
0.142639 0.160688 3 
0.134056 0.141552 3 
0.129751 0.132899 3 
0.124054 0.143005 3 
0.115875 0.126529 3 
0.104141 0.11408 3 
0.098011 0.107074 3 
0.0880099 0.0897579 3 
0.0825599 0.085031 3 
0.0819287 0.0964105 3 
2.30881 2.31506 4 
1.01558 2.42677 4 
0.241999 0.267922 4 
0.2366 0.276276 4 
0.13094 0.135589 4 
0.121105 0.132897 4 
0.121105 0.122374 4 
0.118953 0.14155 4 
0.117204 0.142282 4 
0.116764 0.138976 4 
0.115429 0.121103 4 
0.114529 0.122798 4 
0.114079 0.134442 4 
0.0819374 0.0856358 4 
0.0793798 0.0831847 4 
2.05944 2.0783 5 
0.844913 2.1073 5 
0.280172 0.294024 5 
0.247901 0.260689 5 
0.214623 0.233078 5 
0.206531 0.258301 5 
0.18265 0.187671 5 
0.121105 0.126119 5 
0.100094 0.117205 5 
0.077399 0.081299 5 
1.90745 1.92248 6 
1.90617 1.92326 6 
1.77057 1.86652 6 
1.76648 1.86733 6 
1.40548 1.8681 6 
0.257503 0.286543 6 
0.247688 0.283826 6 
0.233089 0.26129 6 
0.211475 0.219851 6 
0.151763 0.161329 6 
0.138973 0.141556 6 
0.129753 0.142283 6 
0.0868306 0.0964085 6 
1.55275 1.61254 7 
1.34854 1.56468 7 
1.31375 1.57241 7 
1.29203 1.55493 7 
1.10129 1.11467 7 
1.07471 1.10349 7 
0.292258 0.296994 7 
0.241567 0.248524 7 
0.240066 0.249974 7 
0.239208 0.27289 7 
0.231076 0.242633 7 
1.34049 1.34743 8 
1.12804 1.37889 8 
1.05674 1.37679 8 
0.915338 1.40477 8 
0.253664 0.281457 8 
0.208776 0.212938 8 
1.42594 1.46663 9 
1.34458 1.39218 9 
1.14225 1.18507 9 
0.889805 1.15112 9 
0.85688 0.860367 9 
0.814872 1.30247 9 
0.254476 0.273832 9 
0.132506 0.134053 9 
1.33682 1.52876 10 
1.33632 1.51638 10 
0.804598 1.00643 10 
0.59216 0.619352 10 
0.278324 0.309265 10 
0.204014 0.212931 10 
0.185735 0.202748 10 
0.880832 0.956329 11 
0.772701 1.02866 11 
0.50212 0.519969 11 
0.409427 0.500254 11 
0.211959 0.215103 11 
1.1027 1.25936 12 
1.0564 1.08891 12 
1.01909 1.14074 12 
0.796921 0.798924 12 
0.769291 0.844247 12 
0.50911 0.569084 12 
0.482976 0.505106 12 
0.395308 0.496941 12 
1.15144 1.19175 13 
0.986788 1.00458 13 
0.950971 0.956209 13 
0.840465 0.841098 13 
0.822056 0.829746 13 
0.715451 0.878658 13 
0.675045 0.762818 13 
0.674433 0.675272 13 
0.64392 0.729282 13 
0.539208 0.564196 13 
0.859367 0.875608 14 
0.633286 0.676724 14 
0.63247 0.718763 14 
0.611475 0.647397 14 
0.602101 0.612726 14 
1.19985 1.21202 15 
0.612918 0.688814 15 
0.2139 0.217727 15 
2.01025 2.05812 16 
2.00994 2.05962 16 
1.97079 2.03429 16 
1.51855 1.53559 18 
1.34637 1.41006 18 
1.30508 1.32112 18 
1.2932 1.32358 18 
1.29304 1.35555 18 
1.2924 1.35916 18 
0.59719 0.628786 20 
0.594594 0.626812 20 
0.583125 0.632164 20 
