0 0.0225485 1 
0 0.0225512 1 
0 0.0247002 1 
0 0.031895 1 
0 0.036367 1 
0 0.0363675 1 
0 0.0363686 1 
0 0.03774 1 
0 0.0377477 1 
0 0.0390619 1 
0 0.0390626 1 
0 0.0390645 1 
0 0.0390647 1 
0 0.0403458 1 
0 0.0415852 1 
0 0.0415866 1 
0 0.0415871 1 
0 0.0415876 1 
0 0.0427962 1 
0 0.0439659 1 
0 0.0451075 1 
0 0.0451089 1 
0 0.0462212 1 
0 0.0473086 1 
0 0.0473092 1 
0 0.0504308 1 
0 0.0504324 1 
0 0.0514305 1 
0 0.0514305 1 
0 0.0514307 1 
0 0.052408 1 
0 0.0533726 1 
0 0.054314 1 
0 0.0552469 1 
0 0.0552486 1 
0 0.056157 1 
0 0.0561584 1 
0 0.0570575 1 
0 0.0588127 1 
0 0.0605178 1 
0 0.0629893 1 
0 0.0645841 1 
0 0.0653672 1 
0 0.0653675 1 
0 0.0653695 1 
0 0.0661408 1 
0 0.0684085 1 
0 0.0706071 1 
0 0.0720315 1 
0 0.0741199 1 
0 0.0741229 1 
0 0.0748022 1 
0 0.0748031 1 
0 0.0774702 1 
0 0.0825585 1 
0 0.0825585 1 
0 0.086177 1 
0 0.0890812 1 
0 0.0907769 1 
0 0.0983101 1 
0 0.0993374 1 
0 0.100867 1 
0 0.103356 1 
0 0.103844 1 
0 0.105787 1 
0 0.107221 1 
0 0.108158 1 
0 0.109099 1 
0 0.111862 1 
0 0.115 1 
0 0.117633 1 
0 0.118062 1 
0 0.121452 1 
0 0.121871 1 
0 0.125171 1 
0 0.126787 1 
0 0.127188 1 
0 0.128382 1 
0 0.129173 1 
0 0.132285 1 
0 0.143357 1 
0 0.157234 1 
0 0.157557 1 
0 0.157564 1 
0 0.163575 1 
0 0.171771 1 
0 0.209878 1 
0 0.213966 1 
0 0.224184 1 
0 0.224633 1 
0 0.227112 1 
0 0.247682 1 
0 0.254971 1 
0 0.257348 1 
0 0.259516 1 
0 0.268184 1 
0 0.270271 1 
0 0.294925 1 
0 0.298867 1 
0 0.300395 1 
0 0.300568 1 
0 0.301076 1 
0 0.301582 1 
0 0.302428 1 
0 0.307259 1 
0 0.30858 1 
0 0.374688 1 
0 0.392085 1 
0 0.392201 1 
0 0.415853 1 
0 0.416339 1 
0 0.438263 1 
0 0.440693 1 
0 0.455594 1 
0 0.483724 1 
0 0.506636 1 
0 0.516973 1 
0 0.521967 1 
0 0.535897 1 
0 0.574397 1 
0 0.590125 1 
0 0.98783 1 
0 1.41047 1 
0 2.28282 1 
0 2.75237 1 
0 2.82086 1 
0 3.64788 1 
0 3.78504 1 
0 5.02666 1 
0 5.09182 1 
0 5.25264 1 
0 inf 1 
0 0.0318976 2 
0 0.0390639 2 
0 0.0390707 2 
0 0.04035 2 
0 0.0415852 2 
0 0.04159 2 
0 0.0439652 2 
0 0.0450993 2 
0 0.0473082 2 
0 0.0483708 2 
0 0.0494125 2 
0 0.0504286 2 
0 0.0504356 2 
0 0.0514283 2 
0 0.0514295 2 
0 0.0524109 2 
0 0.0533686 2 
0 0.0533686 2 
0 0.0533726 2 
0 0.0552451 2 
0 0.0561583 2 
0 0.056159 2 
0 0.056159 2 
0 0.056159 2 
0 0.0561592 2 
0 0.0570575 2 
0 0.0570596 2 
0 0.0579421 2 
0 0.0588136 2 
0 0.0629927 2 
0 0.0661368 2 
0 0.0691447 2 
0 0.0691485 2 
0 0.0698825 2 
0 0.0713213 2 
0 0.0727323 2 
0 0.0727348 2 
0 0.074119 2 
0 0.0747917 2 
0 0.07615 2 
0 0.0768125 2 
0 0.0787775 2 
0 0.0800637 2 
0 0.0831746 2 
0 0.0849941 2 
0 0.0855857 2 
0 0.0855905 2 
0 0.0861774 2 
0 0.0885046 2 
0 0.0890808 2 
0 0.0890833 2 
0 0.0929928 2 
0 0.0935375 2 
0 0.0988262 2 
0 0.0988263 2 
0 0.10579 2 
0 0.10579 2 
0 0.114559 2 
0 0.115448 2 
0 0.116758 2 
0 0.11676 2 
0 0.117195 2 
0 0.120617 2 
0 0.121877 2 
0 0.123532 2 
0 0.123947 2 
0 0.127587 2 
0 0.144769 2 
0 0.148925 2 
0 0.158202 2 
0 0.168171 2 
0 0.168177 2 
0 0.173247 2 
0 0.174992 2 
0 0.177015 2 
0 0.183238 2 
0 0.186257 2 
0 0.186259 2 
0 0.190572 2 
0 0.197396 2 
0 0.20867 2 
0 0.214442 2 
0 0.217968 2 
0 0.218668 2 
0 0.224181 2 
0 0.25074 2 
0 0.259513 2 
0 0.263935 2 
0 0.264753 2 
0 0.265288 2 
0 0.265715 2 
0 0.273451 2 
0 0.314624 2 
0 0.326524 2 
0 0.327302 2 
0 0.338259 2 
0 0.342193 2 
0 0.348669 2 
0 0.36508 2 
0 0.40146 2 
0 0.402091 2 
0 0.452526 2 
0 0.46114 2 
0 0.462461 2 
0 0.46288 2 
0 0.469644 2 
0 0.473909 2 
0 0.484757 2 
0 0.485697 2 
0 0.486769 2 
0 0.508773 2 
0 0.512578 2 
0 0.515829 2 
0 0.832459 2 
0 1.14511 2 
0 1.92163 2 
0 1.97877 2 
0 2.13994 2 
0 2.71436 2 
0 3.12179 2 
0 3.27459 2 
0 3.28068 2 
0 3.32271 2 
0 3.61245 2 
0 4.31015 2 
0 4.66488 2 
0 4.66912 2 
0 inf 2 
0 0.0334524 3 
0 0.0334545 3 
0 0.0390637 3 
0 0.039066 3 
0 0.039073 3 
0 0.0415859 3 
0 0.0427915 3 
0 0.0473073 3 
0 0.0473084 3 
0 0.0473099 3 
0 0.0494142 3 
0 0.0504296 3 
0 0.0524124 3 
0 0.0543166 3 
0 0.0543166 3 
0 0.0543176 3 
0 0.055248 3 
0 0.057058 3 
0 0.0588172 3 
0 0.0613535 3 
0 0.0621741 3 
0 0.0645757 3 
0 0.0661371 3 
0 0.0684021 3 
0 0.0684095 3 
0 0.0734299 3 
0 0.0741175 3 
0 0.0761501 3 
0 0.0819419 3 
0 0.0819426 3 
0 0.0825605 3 
0 0.0825605 3 
0 0.087931 3 
0 0.0879315 3 
0 0.0890785 3 
0 0.0962201 3 
0 0.0977911 3 
0 0.0977935 3 
0 0.0977935 3 
0 0.101867 3 
0 0.103848 3 
0 0.104334 3 
0 0.104821 3 
0 0.105304 3 
0 0.106267 3 
0 0.112769 3 
0 0.118914 3 
0 0.12061 3 
0 0.126789 3 
0 0.12719 3 
0 0.128769 3 
0 0.133051 3 
0 0.143355 3 
0 0.147559 3 
0 0.147898 3 
0 0.150626 3 
0 0.153304 3 
0 0.153304 3 
0 0.15561 3 
0 0.157237 3 
0 0.165117 3 
0 0.169974 3 
0 0.190848 3 
0 0.197652 3 
0 0.212529 3 
0 0.218436 3 
0 0.220522 3 
0 0.227339 3 
0 0.231767 3 
0 0.239539 3 
0 0.239539 3 
0 0.246027 3 
0 0.24624 3 
0 0.248497 3 
0 0.251956 3 
0 0.253564 3 
0 0.255161 3 
0 0.265518 3 
0 0.270275 3 
0 0.280792 3 
0 0.295749 3 
0 0.296266 3 
0 0.30593 3 
0 0.307262 3 
0 0.307919 3 
0 0.315914 3 
0 0.3284 3 
0 0.332562 3 
0 0.33622 3 
0 0.345621 3 
0 0.346351 3 
0 0.373731 3 
0 0.396217 3 
0 0.408002 3 
0 0.41098 3 
0 0.413656 3 
0 0.425295 3 
0 0.431598 3 
0 0.446737 3 
0 0.453353 3 
0 0.466342 3 
0 0.469322 3 
0 0.471054 3 
0 0.479086 3 
0 0.57731 3 
0 0.824292 3 
0 0.998555 3 
0 1.02153 3 
0 1.30743 3 
0 1.41915 3 
0 1.42391 3 
0 1.42391 3 
0 1.74908 3 
0 1.85998 3 
0 1.87888 3 
0 3.24805 3 
0 3.31346 3 
0 3.35617 3 
0 3.35672 3 
0 3.50576 3 
0 3.87452 3 
0 4.49886 3 
0 4.4992 3 
0 inf 3 
0 0.0247072 4 
0 0.0349438 4 
0 0.040343 4 
0 0.0427988 4 
0 0.0439666 4 
0 0.0524099 4 
0 0.0524101 4 
0 0.0524101 4 
0 0.0524167 4 
0 0.0533718 4 
0 0.0552389 4 
0 0.0596662 4 
0 0.0605167 4 
0 0.0621749 4 
0 0.0629887 4 
0 0.0653601 4 
0 0.0653632 4 
0 0.0691495 4 
0 0.071322 4 
0 0.0713221 4 
0 0.0727298 4 
0 0.0748021 4 
0 0.0754792 4 
0 0.0774689 4 
0 0.0774754 4 
0 0.0806914 4 
0 0.0825598 4 
0 0.0825599 4 
0 0.082561 4 
0 0.0837893 4 
0 0.0843849 4 
0 0.0843886 4 
0 0.0855859 4 
0 0.0855861 4 
0 0.0855906 4 
0 0.0855916 4 
0 0.0867699 4 
0 0.0890808 4 
0 0.0918852 4 
0 0.0962181 4 
0 0.0988265 4 
0 0.105306 4 
0 0.107696 4 
0 0.110495 4 
0 0.111863 4 
0 0.122296 4 
0 0.122697 4 
0 0.123947 4 
0 0.128772 4 
0 0.140121 4 
0 0.140122 4 
0 0.149608 4 
0 0.186527 4 
0 0.186528 4 
0 0.18653 4 
0 0.194801 4 
0 0.204486 4 
0 0.209886 4 
0 0.216564 4 
0 0.217502 4 
0 0.22029 4 
0 0.228227 4 
0 0.24123 4 
0 0.242912 4 
0 0.245202 4 
0 0.252764 4 
0 0.258142 4 
0 0.261082 4 
0 0.262636 4 
0 0.263555 4 
0 0.27364 4 
0 0.283317 4 
0 0.283857 4 
0 0.296343 4 
0 0.308278 4 
0 0.334396 4 
0 0.335698 4 
0 0.342628 4 
0 0.36213 4 
0 0.363105 4 
0 0.363485 4 
0 0.373073 4 
0 0.380365 4 
0 0.385283 4 
0 0.389428 4 
0 0.391149 4 
0 0.391513 4 
0 0.394258 4 
0 0.406861 4 
0 0.409323 4 
0 0.417933 4 
0 0.418537 4 
0 0.430814 4 
0 0.45235 4 
0 0.475273 4 
0 0.476022 4 
0 0.547644 4 
0 0.585709 4 
0 0.845252 4 
0 1.02828 4 
0 1.15812 4 
0 1.17726 4 
0 1.43297 4 
0 1.4341 4 
0 1.43438 4 
0 1.63672 4 
0 1.64456 4 
0 1.7282 4 
0 1.72997 4 
0 1.73141 4 
0 1.80878 4 
0 2.3796 4 
0 2.38722 4 
0 2.38728 4 
0 2.38779 4 
0 3.51851 4 
0 3.79279 4 
0 3.79758 4 
0 3.80288 4 
0 inf 4 
0 0.0349404 5 
0 0.0403457 5 
0 0.0403457 5 
0 0.0415922 5 
0 0.0427915 5 
0 0.0427962 5 
0 0.0439652 5 
0 0.047305 5 
0 0.0473112 5 
0 0.0483662 5 
0 0.0483691 5 
0 0.050428 5 
0 0.0504342 5 
0 0.0514307 5 
0 0.0524101 5 
0 0.0524107 5 
0 0.061354 5 
0 0.0621749 5 
0 0.0621762 5 
0 0.0621827 5 
0 0.0653657 5 
0 0.068405 5 
0 0.0720304 5 
0 0.0720328 5 
0 0.0741195 5 
0 0.0741197 5 
0 0.0747979 5 
0 0.0768158 5 
0 0.0787779 5 
0 0.0813204 5 
0 0.0819427 5 
0 0.0825617 5 
0 0.0951576 5 
0 0.0956879 5 
0 0.0962149 5 
0 0.0983099 5 
0 0.0998531 5 
0 0.103847 5 
0 0.104327 5 
0 0.104338 5 
0 0.105302 5 
0 0.109567 5 
0 0.110034 5 
0 0.110487 5 
0 0.113221 5 
0 0.118057 5 
0 0.125172 5 
0 0.147889 5 
0 0.147904 5 
0 0.149599 5 
0 0.152298 5 
0 0.158197 5 
0 0.159798 5 
0 0.185712 5 
0 0.187889 5 
0 0.198424 5 
0 0.21301 5 
0 0.214911 5 
0 0.215383 5 
0 0.218663 5 
0 0.220978 5 
0 0.221666 5 
0 0.228668 5 
0 0.230448 5 
0 0.233947 5 
0 0.245409 5 
0 0.27548 5 
0 0.275487 5 
0 0.292194 5 
0 0.2963 5 
0 0.326522 5 
0 0.331167 5 
0 0.332696 5 
0 0.333305 5 
0 0.333315 5 
0 0.334372 5 
0 0.340842 5 
0 0.342629 5 
0 0.347933 5 
0 0.363817 5 
0 0.382226 5 
0 0.388563 5 
0 0.405706 5 
0 0.478124 5 
0 0.511832 5 
0 0.546533 5 
0 0.546534 5 
0 0.552367 5 
0 0.576771 5 
0 0.875139 5 
0 0.908717 5 
0 0.982893 5 
0 0.982893 5 
0 0.983255 5 
0 0.999621 5 
0 1.0296 5 
0 1.03222 5 
0 1.55014 5 
0 1.58601 5 
0 1.67376 5 
0 1.73339 5 
0 1.73762 5 
0 1.76585 5 
0 1.76616 5 
0 1.76643 5 
0 1.79045 5 
0 1.79122 5 
0 1.81375 5 
0 1.88286 5 
0 1.88286 5 
0 1.88286 5 
0 2.01044 5 
0 2.02247 5 
0 2.02558 5 
0 2.03677 5 
0 inf 5 
0 0.0225552 6 
0 0.030259 6 
0 0.0403462 6 
0 0.0403477 6 
0 0.0439664 6 
0 0.0451066 6 
0 0.0473097 6 
0 0.050432 6 
0 0.0514299 6 
0 0.0514303 6 
0 0.0533724 6 
0 0.0552444 6 
0 0.0588118 6 
0 0.0588134 6 
0 0.0621764 6 
0 0.0637942 6 
0 0.0669039 6 
0 0.0698813 6 
0 0.0705984 6 
0 0.0761527 6 
0 0.0837836 6 
0 0.0837839 6 
0 0.0843796 6 
0 0.0918898 6 
0 0.0929876 6 
0 0.092992 6 
0 0.0940824 6 
0 0.0946206 6 
0 0.107696 6 
0 0.108162 6 
0 0.119346 6 
0 0.129959 6 
0 0.133425 6 
0 0.133813 6 
0 0.136451 6 
0 0.13682 6 
0 0.141933 6 
0 0.14547 6 
0 0.158195 6 
0 0.158528 6 
0 0.159473 6 
0 0.159476 6 
0 0.160754 6 
0 0.164814 6 
0 0.174991 6 
0 0.177299 6 
0 0.17901 6 
0 0.202229 6 
0 0.219368 6 
0 0.225763 6 
0 0.226218 6 
0 0.226887 6 
0 0.237832 6 
0 0.24101 6 
0 0.253608 6 
0 0.254767 6 
0 0.259897 6 
0 0.262236 6 
0 0.267039 6 
0 0.267046 6 
0 0.270632 6 
0 0.286534 6 
0 0.290059 6 
0 0.291285 6 
0 0.291448 6 
0 0.311043 6 
0 0.312992 6 
0 0.328069 6 
0 0.357505 6 
0 0.359634 6 
0 0.364132 6 
0 0.397984 6 
0 0.420092 6 
0 0.426039 6 
0 0.428895 6 
0 0.431912 6 
0 0.432266 6 
0 0.433614 6 
0 0.447469 6 
0 0.516274 6 
0 0.574838 6 
0 0.679889 6 
0 0.766557 6 
0 0.823563 6 
0 0.832175 6 
0 0.838023 6 
0 0.850913 6 
0 0.851081 6 
0 0.86072 6 
0 0.890817 6 
0 0.894452 6 
0 0.940308 6 
0 1.03364 6 
0 1.03577 6 
0 1.04563 6 
0 1.05878 6 
0 1.1606 6 
0 1.16074 6 
0 1.16109 6 
0 1.16196 6 
0 1.49309 6 
0 1.54656 6 
0 1.54814 6 
0 1.55342 6 
0 1.55747 6 
0 1.55982 6 
0 1.76758 6 
0 1.77586 6 
0 1.84023 6 
0 1.87397 6 
0 1.90712 6 
0 inf 6 
0 0.0494121 7 
0 0.0552497 7 
0 0.0596694 7 
0 0.0645944 7 
0 0.066912 7 
0 0.0676645 7 
0 0.068411 7 
0 0.0720323 7 
0 0.074805 7 
0 0.0794157 7 
0 0.080693 7 
0 0.0819457 7 
0 0.0849884 7 
0 0.0849895 7 
0 0.0849908 7 
0 0.0855823 7 
0 0.0890785 7 
0 0.0890837 7 
0 0.0896487 7 
0 0.0907808 7 
0 0.0935368 7 
0 0.100359 7 
0 0.105795 7 
0 0.109568 7 
0 0.117193 7 
0 0.123947 7 
0 0.127178 7 
0 0.128772 7 
0 0.131512 7 
0 0.1357 7 
0 0.136074 7 
0 0.14012 7 
0 0.140491 7 
0 0.140491 7 
0 0.151293 7 
0 0.151631 7 
0 0.153301 7 
0 0.159794 7 
0 0.16817 7 
0 0.172944 7 
0 0.174412 7 
0 0.201225 7 
0 0.202484 7 
0 0.204974 7 
0 0.207439 7 
0 0.226436 7 
0 0.226436 7 
0 0.243742 7 
0 0.24436 7 
0 0.249114 7 
0 0.249929 7 
0 0.25094 7 
0 0.257743 7 
0 0.265755 7 
0 0.267473 7 
0 0.291499 7 
0 0.297203 7 
0 0.312999 7 
0 0.315416 7 
0 0.317506 7 
0 0.328377 7 
0 0.346149 7 
0 0.355429 7 
0 0.35557 7 
0 0.374027 7 
0 0.374027 7 
0 0.378355 7 
0 0.380346 7 
0 0.408706 7 
0 0.446881 7 
0 0.449157 7 
0 0.459012 7 
0 0.465506 7 
0 0.476416 7 
0 0.477164 7 
0 0.484563 7 
0 0.497001 7 
0 0.567535 7 
0 0.571283 7 
0 0.600727 7 
0 0.829973 7 
0 0.837636 7 
0 0.867445 7 
0 0.86995 7 
0 0.870826 7 
0 0.878562 7 
0 0.99384 7 
0 0.993993 7 
0 0.998893 7 
0 0.998895 7 
0 1.03465 7 
0 1.07681 7 
0 1.23662 7 
0 1.31882 7 
0 1.33629 7 
0 1.33732 7 
0 1.35523 7 
0 1.54618 7 
0 1.54731 7 
0 1.56744 7 
0 1.56907 7 
0 1.57317 7 
0 1.5742 7 
0 1.58044 7 
0 1.6116 7 
0 1.66004 7 
0 1.82624 7 
0 inf 7 
0 0.0596709 8 
0 0.0768168 8 
0 0.0794234 8 
0 0.0819432 8 
0 0.0831784 8 
0 0.0837892 8 
0 0.0849852 8 
0 0.0855982 8 
0 0.0946185 8 
0 0.0946186 8 
0 0.0962177 8 
0 0.0977923 8 
0 0.104339 8 
0 0.111863 8 
0 0.113671 8 
0 0.11719 8 
0 0.118897 8 
0 0.121872 8 
0 0.128787 8 
0 0.129166 8 
0 0.129961 8 
0 0.131898 8 
0 0.133033 8 
0 0.133433 8 
0 0.139031 8 
0 0.139043 8 
0 0.140847 8 
0 0.140849 8 
0 0.142269 8 
0 0.146164 8 
0 0.149606 8 
0 0.150279 8 
0 0.154954 8 
0 0.160435 8 
0 0.166042 8 
0 0.169375 8 
0 0.17644 8 
0 0.181276 8 
0 0.187617 8 
0 0.190841 8 
0 0.201476 8 
0 0.207199 8 
0 0.212314 8 
0 0.222126 8 
0 0.222363 8 
0 0.243115 8 
0 0.245215 8 
0 0.251149 8 
0 0.25739 8 
0 0.289532 8 
0 0.297632 8 
0 0.298826 8 
0 0.300861 8 
0 0.310383 8 
0 0.312999 8 
0 0.323226 8 
0 0.32452 8 
0 0.325772 8 
0 0.355485 8 
0 0.355487 8 
0 0.372235 8 
0 0.373072 8 
0 0.393494 8 
0 0.394932 8 
0 0.404702 8 
0 0.406709 8 
0 0.411682 8 
0 0.413659 8 
0 0.416008 8 
0 0.474175 8 
0 0.548024 8 
0 0.674423 8 
0 0.676845 8 
0 0.694497 8 
0 0.742293 8 
0 0.782785 8 
0 0.81961 8 
0 0.820355 8 
0 0.822399 8 
0 0.845395 8 
0 0.871345 8 
0 0.877873 8 
0 0.879592 8 
0 0.890759 8 
0 1.01498 8 
0 1.01514 8 
0 1.02881 8 
0 1.03114 8 
0 1.04831 8 
0 1.05224 8 
0 1.05517 8 
0 1.19474 8 
0 1.2209 8 
0 1.54564 8 
0 1.54646 8 
0 1.54653 8 
0 1.5523 8 
0 1.55388 8 
0 1.55987 8 
0 1.57464 8 
0 1.57631 8 
0 1.58008 8 
0 1.62127 8 
0 inf 8 
0 0.0377534 9 
0 0.0561575 9 
0 0.0561577 9 
0 0.0645841 9 
0 0.0720338 9 
0 0.0896481 9 
0 0.0946153 9 
0 0.0977994 9 
0 0.11277 9 
0 0.122295 9 
0 0.122701 9 
0 0.124352 9 
0 0.125166 9 
0 0.128382 9 
0 0.128773 9 
0 0.129158 9 
0 0.129956 9 
0 0.131887 9 
0 0.133428 9 
0 0.133442 9 
0 0.135692 9 
0 0.13572 9 
0 0.13755 9 
0 0.137923 9 
0 0.140849 9 
0 0.154296 9 
0 0.172053 9 
0 0.172667 9 
0 0.18155 9 
0 0.187886 9 
0 0.188971 9 
0 0.191113 9 
0 0.194276 9 
0 0.208174 9 
0 0.218897 9 
0 0.22327 9 
0 0.227097 9 
0 0.23308 9 
0 0.23825 9 
0 0.242256 9 
0 0.248107 9 
0 0.250733 9 
0 0.252766 9 
0 0.260493 9 
0 0.273449 9 
0 0.282776 9 
0 0.283818 9 
0 0.313814 9 
0 0.314299 9 
0 0.315431 9 
0 0.318161 9 
0 0.321818 9 
0 0.323233 9 
0 0.3256 9 
0 0.331791 9 
0 0.340584 9 
0 0.344593 9 
0 0.434539 9 
0 0.434755 9 
0 0.436506 9 
0 0.485297 9 
0 0.491233 9 
0 0.569675 9 
0 0.583359 9 
0 0.584752 9 
0 0.60449 9 
0 0.647848 9 
0 0.652931 9 
0 0.660344 9 
0 0.66196 9 
0 0.849537 9 
0 0.852824 9 
0 0.854371 9 
0 0.855977 9 
0 0.858532 9 
0 0.862495 9 
0 0.876385 9 
0 0.881608 9 
0 0.886039 9 
0 0.888386 9 
0 0.890216 9 
0 0.897888 9 
0 0.898375 9 
0 0.911007 9 
0 1.01428 9 
0 1.01534 9 
0 1.03179 9 
0 1.04948 9 
0 1.05456 9 
0 1.54393 9 
0 1.54458 9 
0 1.55038 9 
0 1.55274 9 
0 1.5563 9 
0 1.57657 9 
0 1.58117 9 
0 1.62834 9 
0 1.80891 9 
0 1.81251 9 
0 inf 9 
0 0.0472709 10 
0 0.056171 10 
0 0.0604912 10 
0 0.0621503 10 
0 0.0781302 10 
0 0.0825643 10 
0 0.0929908 10 
0 0.0940803 10 
0 0.102362 10 
0 0.113221 10 
0 0.118915 10 
0 0.120614 10 
0 0.121035 10 
0 0.139784 10 
0 0.141209 10 
0 0.142292 10 
0 0.144069 10 
0 0.152638 10 
0 0.160437 10 
0 0.165731 10 
0 0.168176 10 
0 0.182117 10 
0 0.184885 10 
0 0.194274 10 
0 0.196377 10 
0 0.212541 10 
0 0.214917 10 
0 0.229068 10 
0 0.229071 10 
0 0.232642 10 
0 0.233301 10 
0 0.234586 10 
0 0.248284 10 
0 0.248493 10 
0 0.250125 10 
0 0.25235 10 
0 0.253378 10 
0 0.25833 10 
0 0.260112 10 
0 0.265907 10 
0 0.273256 10 
0 0.284749 10 
0 0.28639 10 
0 0.295789 10 
0 0.299038 10 
0 0.304121 10 
0 0.309079 10 
0 0.343227 10 
0 0.346179 10 
0 0.357034 10 
0 0.416851 10 
0 0.423751 10 
0 0.445061 10 
0 0.449597 10 
0 0.455777 10 
0 0.484044 10 
0 0.491135 10 
0 0.49823 10 
0 0.537325 10 
0 0.544565 10 
0 0.547918 10 
0 0.552175 10 
0 0.573591 10 
0 0.605432 10 
0 0.61667 10 
0 0.65322 10 
0 0.656715 10 
0 0.664476 10 
0 0.821881 10 
0 0.831726 10 
0 0.86837 10 
0 0.870418 10 
0 0.884665 10 
0 0.886799 10 
0 0.887086 10 
0 0.888337 10 
0 0.888337 10 
0 0.893487 10 
0 1.00966 10 
0 1.01132 10 
0 1.01725 10 
0 1.01845 10 
0 1.02554 10 
0 1.02673 10 
0 1.03384 10 
0 1.55099 10 
0 1.55168 10 
0 1.55361 10 
0 1.55835 10 
0 1.56044 10 
0 1.61863 10 
0 1.62638 10 
0 1.76832 10 
0 1.81961 10 
0 1.82095 10 
0 inf 10 
0 0.0483729 11 
0 0.0588163 11 
0 0.0596487 11 
0 0.073431 11 
0 0.116758 11 
0 0.121033 11 
0 0.121875 11 
0 0.133055 11 
0 0.142639 11 
0 0.14369 11 
0 0.143697 11 
0 0.14652 11 
0 0.147209 11 
0 0.16138 11 
0 0.162032 11 
0 0.17586 11 
0 0.180084 11 
0 0.180085 11 
0 0.186259 11 
0 0.20123 11 
0 0.204483 11 
0 0.209152 11 
0 0.210133 11 
0 0.222345 11 
0 0.223954 11 
0 0.234824 11 
0 0.24992 11 
0 0.257552 11 
0 0.259144 11 
0 0.259144 11 
0 0.262048 11 
0 0.28494 11 
0 0.288824 11 
0 0.288836 11 
0 0.295609 11 
0 0.298733 11 
0 0.303093 11 
0 0.306258 11 
0 0.314134 11 
0 0.314656 11 
0 0.324835 11 
0 0.326087 11 
0 0.339811 11 
0 0.353306 11 
0 0.355173 11 
0 0.400803 11 
0 0.405842 11 
0 0.409077 11 
0 0.413785 11 
0 0.460455 11 
0 0.530945 11 
0 0.537614 11 
0 0.548385 11 
0 0.568427 11 
0 0.577565 11 
0 0.582126 11 
0 0.582825 11 
0 0.59532 11 
0 0.607281 11 
0 0.61109 11 
0 0.616754 11 
0 0.617465 11 
0 0.664328 11 
0 0.669571 11 
0 0.681316 11 
0 0.720524 11 
0 0.827188 11 
0 0.829399 11 
0 0.840448 11 
0 0.840932 11 
0 0.846937 11 
0 0.847838 11 
0 0.847839 11 
0 0.856283 11 
0 0.85658 11 
0 0.856817 11 
0 1.01804 11 
0 1.01819 11 
0 1.01849 11 
0 1.02689 11 
0 1.02734 11 
0 1.50594 11 
0 1.50621 11 
0 1.54764 11 
0 1.54787 11 
0 1.55315 11 
0 1.55331 11 
0 1.55446 11 
0 1.69714 11 
0 1.70745 11 
0 1.71221 11 
0 inf 11 
0 0.0807357 12 
0 0.0879427 12 
0 0.0940755 12 
0 0.0977992 12 
0 0.101862 12 
0 0.125173 12 
0 0.147884 12 
0 0.160437 12 
0 0.166359 12 
0 0.169382 12 
0 0.175507 12 
0 0.177573 12 
0 0.212295 12 
0 0.212959 12 
0 0.213251 12 
0 0.217029 12 
0 0.225312 12 
0 0.23308 12 
0 0.235246 12 
0 0.253574 12 
0 0.257151 12 
0 0.260298 12 
0 0.26149 12 
0 0.263599 12 
0 0.267005 12 
0 0.27177 12 
0 0.277532 12 
0 0.282957 12 
0 0.285321 12 
0 0.288302 12 
0 0.289537 12 
0 0.295611 12 
0 0.299721 12 
0 0.30643 12 
0 0.307588 12 
0 0.309152 12 
0 0.314303 12 
0 0.319272 12 
0 0.326993 12 
0 0.334665 12 
0 0.336196 12 
0 0.365623 12 
0 0.376853 12 
0 0.381949 12 
0 0.384337 12 
0 0.386846 12 
0 0.396588 12 
0 0.428282 12 
0 0.428283 12 
0 0.435235 12 
0 0.545876 12 
0 0.550233 12 
0 0.55071 12 
0 0.553197 12 
0 0.575369 12 
0 0.576341 12 
0 0.578191 12 
0 0.579425 12 
0 0.581262 12 
0 0.665539 12 
0 0.666226 12 
0 0.672837 12 
0 0.818306 12 
0 0.818617 12 
0 0.856327 12 
0 0.856327 12 
0 0.87314 12 
0 0.873547 12 
0 0.875785 12 
0 0.876076 12 
0 0.877932 12 
0 0.904682 12 
0 1.03026 12 
0 1.031 12 
0 1.03493 12 
0 1.04145 12 
0 1.04364 12 
0 1.52804 12 
0 1.52964 12 
0 1.54997 12 
0 1.54997 12 
0 1.55263 12 
0 1.55286 12 
0 1.55335 12 
0 1.57214 12 
0 1.5736 12 
0 1.58606 12 
0 inf 12 
0 0.0913355 13 
0 0.105281 13 
0 0.117606 13 
0 0.122289 13 
0 0.126807 13 
0 0.134571 13 
0 0.139029 13 
0 0.144755 13 
0 0.154623 13 
0 0.190843 13 
0 0.206408 13 
0 0.214195 13 
0 0.226879 13 
0 0.251949 13 
0 0.252358 13 
0 0.252561 13 
0 0.255564 13 
0 0.257549 13 
0 0.258532 13 
0 0.262439 13 
0 0.267045 13 
0 0.273284 13 
0 0.274938 13 
0 0.275075 13 
0 0.277508 13 
0 0.277881 13 
0 0.279524 13 
0 0.283319 13 
0 0.287767 13 
0 0.310721 13 
0 0.314137 13 
0 0.323754 13 
0 0.3304 13 
0 0.349274 13 
0 0.353161 13 
0 0.367009 13 
0 0.376862 13 
0 0.387503 13 
0 0.397866 13 
0 0.402953 13 
0 0.408595 13 
0 0.414246 13 
0 0.419771 13 
0 0.436755 13 
0 0.475532 13 
0 0.47706 13 
0 0.477134 13 
0 0.521538 13 
0 0.528701 13 
0 0.529182 13 
0 0.546898 13 
0 0.557491 13 
0 0.580292 13 
0 0.583353 13 
0 0.587612 13 
0 0.593796 13 
0 0.594224 13 
0 0.594481 13 
0 0.8211 13 
0 0.821325 13 
0 0.821511 13 
0 0.82382 13 
0 0.825856 13 
0 0.830769 13 
0 0.831259 13 
0 0.864355 13 
0 0.870688 13 
0 0.871856 13 
0 1.02123 13 
0 1.02158 13 
0 1.08245 13 
0 1.08245 13 
0 1.09069 13 
0 1.52997 13 
0 1.53077 13 
0 1.54537 13 
0 1.5508 13 
0 1.56344 13 
0 1.5636 13 
0 1.5636 13 
0 1.59099 13 
0 1.61091 13 
0 1.61334 13 
0 inf 13 
0 0.055257 14 
0 0.0638448 14 
0 0.0676634 14 
0 0.0885064 14 
0 0.0885109 14 
0 0.0972727 14 
0 0.0977891 14 
0 0.107694 14 
0 0.123929 14 
0 0.140851 14 
0 0.238251 14 
0 0.242441 14 
0 0.244369 14 
0 0.246028 14 
0 0.24767 14 
0 0.248497 14 
0 0.256777 14 
0 0.258729 14 
0 0.258877 14 
0 0.263038 14 
0 0.264366 14 
0 0.264367 14 
0 0.274951 14 
0 0.276208 14 
0 0.27806 14 
0 0.279161 14 
0 0.279164 14 
0 0.28057 14 
0 0.283317 14 
0 0.297683 14 
0 0.315589 14 
0 0.317486 14 
0 0.362408 14 
0 0.377255 14 
0 0.391446 14 
0 0.417022 14 
0 0.426981 14 
0 0.430439 14 
0 0.436285 14 
0 0.465066 14 
0 0.467403 14 
0 0.475494 14 
0 0.475555 14 
0 0.495876 14 
0 0.50098 14 
0 0.560676 14 
0 0.567263 14 
0 0.571282 14 
0 0.580821 14 
0 0.581521 14 
0 0.59218 14 
0 0.821882 14 
0 0.827065 14 
0 0.837638 14 
0 0.837821 14 
0 0.838063 14 
0 0.868851 14 
0 0.874208 14 
0 0.878215 14 
0 0.899398 14 
0 0.913209 14 
0 0.915879 14 
0 0.952948 14 
0 0.954228 14 
0 1.01338 14 
0 1.01338 14 
0 1.02902 14 
0 1.02927 14 
0 1.02927 14 
0 1.53468 14 
0 1.54416 14 
0 1.54445 14 
0 1.59101 14 
0 1.59548 14 
0 1.59634 14 
0 1.79577 14 
0 1.8165 14 
0 1.81661 14 
0 1.81664 14 
0 inf 14 
0 0.0924393 15 
0 0.1189 15 
0 0.134188 15 
0 0.134194 15 
0 0.134934 15 
0 0.147553 15 
0 0.157234 15 
0 0.164199 15 
0 0.170277 15 
0 0.172351 15 
0 0.172946 15 
0 0.179018 15 
0 0.18043 15 
0 0.186737 15 
0 0.187894 15 
0 0.188635 15 
0 0.189173 15 
0 0.190513 15 
0 0.246028 15 
0 0.27568 15 
0 0.277518 15 
0 0.278051 15 
0 0.282963 15 
0 0.282975 15 
0 0.28441 15 
0 0.305284 15 
0 0.314296 15 
0 0.314333 15 
0 0.316232 15 
0 0.320722 15 
0 0.333771 15 
0 0.338454 15 
0 0.338676 15 
0 0.339678 15 
0 0.362847 15 
0 0.453779 15 
0 0.460448 15 
0 0.461555 15 
0 0.477591 15 
0 0.496488 15 
0 0.51053 15 
0 0.516483 15 
0 0.543361 15 
0 0.549491 15 
0 0.57217 15 
0 0.572969 15 
0 0.573058 15 
0 0.606265 15 
0 0.61112 15 
0 0.647336 15 
0 0.671406 15 
0 0.820293 15 
0 0.823736 15 
0 0.839577 15 
0 0.839699 15 
0 0.839759 15 
0 0.839759 15 
0 0.863316 15 
0 0.864259 15 
0 0.864494 15 
0 0.915564 15 
0 0.984732 15 
0 0.986538 15 
0 1.01448 15 
0 1.01529 15 
0 1.01689 15 
0 1.01914 15 
0 1.54742 15 
0 1.55718 15 
0 1.57162 15 
0 1.58412 15 
0 1.58422 15 
0 1.80207 15 
0 1.80216 15 
0 1.80419 15 
0 inf 15 
0 0.1137 16 
0 0.117191 16 
0 0.117631 16 
0 0.120188 16 
0 0.128385 16 
0 0.131126 16 
0 0.13113 16 
0 0.145803 16 
0 0.156586 16 
0 0.188635 16 
0 0.189491 16 
0 0.196348 16 
0 0.200459 16 
0 0.201208 16 
0 0.229731 16 
0 0.229731 16 
0 0.24185 16 
0 0.242924 16 
0 0.252517 16 
0 0.25257 16 
0 0.263034 16 
0 0.288143 16 
0 0.288143 16 
0 0.288143 16 
0 0.288688 16 
0 0.294427 16 
0 0.294427 16 
0 0.307279 16 
0 0.310137 16 
0 0.311854 16 
0 0.316399 16 
0 0.342786 16 
0 0.364643 16 
0 0.396064 16 
0 0.41317 16 
0 0.423506 16 
0 0.434884 16 
0 0.505723 16 
0 0.505723 16 
0 0.52157 16 
0 0.525162 16 
0 0.539219 16 
0 0.551162 16 
0 0.551623 16 
0 0.551623 16 
0 0.582998 16 
0 0.588223 16 
0 0.648048 16 
0 0.687203 16 
0 0.700909 16 
0 0.70178 16 
0 0.823326 16 
0 0.83413 16 
0 0.83413 16 
0 0.83687 16 
0 0.842419 16 
0 0.842419 16 
0 0.842419 16 
0 0.842721 16 
0 1.02729 16 
0 1.02734 16 
0 1.03109 16 
0 1.03109 16 
0 1.54419 16 
0 1.54537 16 
0 1.54577 16 
0 1.54705 16 
0 1.55474 16 
0 1.56172 16 
0 1.59957 16 
0 1.60322 16 
0 inf 16 
0 0.0940844 17 
0 0.101344 17 
0 0.102846 17 
0 0.114101 17 
0 0.116742 17 
0 0.118901 17 
0 0.146538 17 
0 0.16389 17 
0 0.165759 17 
0 0.166337 17 
0 0.170873 17 
0 0.172082 17 
0 0.217214 17 
0 0.217915 17 
0 0.221199 17 
0 0.221199 17 
0 0.222346 17 
0 0.223259 17 
0 0.225939 17 
0 0.255572 17 
0 0.27861 17 
0 0.28059 17 
0 0.300564 17 
0 0.3053 17 
0 0.305799 17 
0 0.307095 17 
0 0.309734 17 
0 0.323204 17 
0 0.336193 17 
0 0.357162 17 
0 0.376041 17 
0 0.383695 17 
0 0.397739 17 
0 0.399271 17 
0 0.40142 17 
0 0.402316 17 
0 0.407333 17 
0 0.420123 17 
0 0.494843 17 
0 0.504615 17 
0 0.593905 17 
0 0.600029 17 
0 0.605445 17 
0 0.606113 17 
0 0.60712 17 
0 0.616922 17 
0 0.618737 17 
0 0.819713 17 
0 0.820272 17 
0 0.822212 17 
0 0.822707 17 
0 0.823119 17 
0 0.833558 17 
0 0.846779 17 
0 0.84696 17 
0 1.04292 17 
0 1.07031 17 
0 1.07637 17 
0 1.07694 17 
0 1.54595 17 
0 1.54656 17 
0 1.54666 17 
0 1.55169 17 
0 1.55209 17 
0 1.55366 17 
0 1.55836 17 
0 1.55836 17 
0 inf 17 
0 0.0637656 18 
0 0.0713222 18 
0 0.0873512 18 
0 0.115005 18 
0 0.133421 18 
0 0.136061 18 
0 0.177879 18 
0 0.200736 18 
0 0.21279 18 
0 0.214694 18 
0 0.23503 18 
0 0.235672 18 
0 0.236318 18 
0 0.236561 18 
0 0.251352 18 
0 0.259947 18 
0 0.260534 18 
0 0.262091 18 
0 0.271592 18 
0 0.277139 18 
0 0.277872 18 
0 0.284932 18 
0 0.287945 18 
0 0.29076 18 
0 0.292154 18 
0 0.292676 18 
0 0.301077 18 
0 0.30793 18 
0 0.344405 18 
0 0.349278 18 
0 0.385124 18 
0 0.386705 18 
0 0.456788 18 
0 0.564454 18 
0 0.57012 18 
0 0.571973 18 
0 0.572595 18 
0 0.57437 18 
0 0.574741 18 
0 0.576075 18 
0 0.578893 18 
0 0.580465 18 
0 0.71802 18 
0 0.83778 18 
0 0.853361 18 
0 0.853361 18 
0 0.853659 18 
0 0.865832 18 
0 0.904451 18 
0 0.908267 18 
0 0.908491 18 
0 1.02193 18 
0 1.02986 18 
0 1.03798 18 
0 1.03798 18 
0 1.55564 18 
0 1.56008 18 
0 1.56031 18 
0 1.56474 18 
0 1.59204 18 
0 1.63009 18 
0 1.63093 18 
0 1.63458 18 
0 inf 18 
0 0.0543207 19 
0 0.0637974 19 
0 0.0669099 19 
0 0.142647 19 
0 0.154937 19 
0 0.162321 19 
0 0.165111 19 
0 0.166339 19 
0 0.168781 19 
0 0.173243 19 
0 0.185703 19 
0 0.190313 19 
0 0.196106 19 
0 0.20522 19 
0 0.206714 19 
0 0.207194 19 
0 0.207194 19 
0 0.208669 19 
0 0.215627 19 
0 0.221426 19 
0 0.221426 19 
0 0.223256 19 
0 0.26747 19 
0 0.26804 19 
0 0.26804 19 
0 0.274191 19 
0 0.275118 19 
0 0.27806 19 
0 0.280798 19 
0 0.286352 19 
0 0.346908 19 
0 0.397474 19 
0 0.401041 19 
0 0.568073 19 
0 0.57942 19 
0 0.69082 19 
0 0.70143 19 
0 0.712368 19 
0 0.721451 19 
0 0.840533 19 
0 0.852048 19 
0 0.853659 19 
0 0.854433 19 
0 0.86599 19 
0 0.868805 19 
0 0.871875 19 
0 0.873914 19 
0 1.04068 19 
0 1.04536 19 
0 1.04536 19 
0 1.56331 19 
0 1.57582 19 
0 1.57782 19 
0 1.57804 19 
0 1.6399 19 
0 1.73221 19 
0 1.73447 19 
0 1.7971 19 
0 2.48099 19 
0 inf 19 
0 0.0867648 20 
0 0.0867653 20 
0 0.0940838 20 
0 0.104333 20 
0 0.108163 20 
0 0.120196 20 
0 0.151964 20 
0 0.155282 20 
0 0.156262 20 
0 0.185714 20 
0 0.212058 20 
0 0.213957 20 
0 0.217965 20 
0 0.220738 20 
0 0.230437 20 
0 0.233944 20 
0 0.241023 20 
0 0.259509 20 
0 0.263221 20 
0 0.268797 20 
0 0.278463 20 
0 0.279345 20 
0 0.28061 20 
0 0.282093 20 
0 0.282237 20 
0 0.290227 20 
0 0.290753 20 
0 0.29716 20 
0 0.303261 20 
0 0.321504 20 
0 0.346618 20 
0 0.357316 20 
0 0.390518 20 
0 0.390909 20 
0 0.394776 20 
0 0.394776 20 
0 0.539215 20 
0 0.540722 20 
0 0.542694 20 
0 0.584056 20 
0 0.592438 20 
0 0.649848 20 
0 0.657319 20 
0 0.874951 20 
0 0.875416 20 
0 0.881207 20 
0 0.891206 20 
0 0.892062 20 
0 1.03103 20 
0 1.03266 20 
0 1.55404 20 
0 1.55639 20 
0 1.7612 20 
0 1.76235 20 
0 3.84394 20 
0 inf 20 
