0 0.0153937 1 
0 0.0352845 1 
0 0.0357012 1 
0 0.036523 1 
0 0.0403724 1 
0 0.0421722 1 
0 0.0425228 1 
0 0.0432141 1 
0 0.0448933 1 
0 0.0462024 1 
0 0.0465227 1 
0 0.0468304 1 
0 0.0471496 1 
0 0.0471504 1 
0 0.0474626 1 
0 0.0474634 1 
0 0.04777 1 
0 0.048084 1 
0 0.0480878 1 
0 0.0483913 1 
0 0.0486959 1 
0 0.0493032 1 
0 0.049601 1 
0 0.0496036 1 
0 0.0519362 1 
0 0.052786 1 
0 0.0538974 1 
0 0.0547147 1 
0 0.0549918 1 
0 0.0552547 1 
0 0.0555195 1 
0 0.0557859 1 
0 0.0576184 1 
0 0.0576187 1 
0 0.057875 1 
0 0.0581315 1 
0 0.0583837 1 
0 0.0583842 1 
0 0.0583847 1 
0 0.0583856 1 
0 0.0586381 1 
0 0.0598942 1 
0 0.0603809 1 
0 0.0608704 1 
0 0.0613545 1 
0 0.0613563 1 
0 0.0620755 1 
0 0.0620773 1 
0 0.0637229 1 
0 0.0693003 1 
0 0.0699398 1 
0 0.0720227 1 
0 0.0724366 1 
0 0.073245 1 
0 0.0732478 1 
0 0.073648 1 
0 0.074254 1 
0 0.0748466 1 
0 0.0760285 1 
0 0.0762207 1 
0 0.077 1 
0 0.0773817 1 
0 0.0779512 1 
0 0.077956 1 
0 0.0802 1 
0 0.0825705 1 
0 0.0827498 1 
0 0.083286 1 
0 0.0879558 1 
0 0.0896293 1 
0 0.0904501 1 
0 0.091269 1 
0 0.0922338 1 
0 0.0961688 1 
0 0.0986027 1 
0 0.100536 1 
0 0.10098 1 
0 0.103586 1 
0 0.10848 1 
0 0.108616 1 
0 0.109156 1 
0 0.111045 1 
0 0.118283 1 
0 0.120026 1 
0 0.12027 1 
0 0.13314 1 
0 0.1475 1 
0 0.158643 1 
0 0.187738 1 
0 0.198407 1 
0 0.211491 1 
0 0.224546 1 
0 0.225929 1 
0 0.231242 1 
0 0.252092 1 
0 0.259571 1 
0 0.271454 1 
0 0.306342 1 
0 0.324073 1 
0 0.37111 1 
0 0.375248 1 
0 0.404166 1 
0 0.405677 1 
0 0.436067 1 
0 0.457147 1 
0 0.458987 1 
0 0.461411 1 
0 0.500109 1 
0 0.505457 1 
0 0.515963 1 
0 0.519539 1 
0 0.543497 1 
0 0.556081 1 
0 0.561735 1 
0 0.590554 1 
0 0.63947 1 
0 0.657776 1 
0 0.791611 1 
0 0.80584 1 
0 0.856347 1 
0 1.07265 1 
0 1.9949 1 
0 2.11436 1 
0 2.12538 1 
0 2.82506 1 
0 2.83488 1 
0 3.37345 1 
0 5.42013 1 
0 6.15101 1 
0 6.17625 1 
0 6.22054 1 
0 inf 1 
0 0.0335587 2 
0 0.0352861 2 
0 0.0357008 2 
0 0.035701 2 
0 0.0369249 2 
0 0.0369255 2 
0 0.03811 2 
0 0.0400111 2 
0 0.0407417 2 
0 0.0414666 2 
0 0.0428676 2 
0 0.0428741 2 
0 0.0442337 2 
0 0.0452249 2 
0 0.0471507 2 
0 0.049302 2 
0 0.0501934 2 
0 0.0501949 2 
0 0.0519338 2 
0 0.0536275 2 
0 0.0538971 2 
0 0.0555195 2 
0 0.0568393 2 
0 0.0581313 2 
0 0.0583814 2 
0 0.0588934 2 
0 0.0615987 2 
0 0.0620765 2 
0 0.0627882 2 
0 0.0627895 2 
0 0.0630278 2 
0 0.0648767 2 
0 0.0660151 2 
0 0.067343 2 
0 0.0675631 2 
0 0.0682165 2 
0 0.0684315 2 
0 0.0688657 2 
0 0.0707768 2 
0 0.0711921 2 
0 0.0714032 2 
0 0.0718146 2 
0 0.0720226 2 
0 0.0720245 2 
0 0.0758322 2 
0 0.0781452 2 
0 0.079085 2 
0 0.0809409 2 
0 0.0855746 2 
0 0.0859113 2 
0 0.0872762 2 
0 0.0874498 2 
0 0.0879577 2 
0 0.0931955 2 
0 0.0952366 2 
0 0.0969368 2 
0 0.099351 2 
0 0.103446 2 
0 0.103588 2 
0 0.104586 2 
0 0.11316 2 
0 0.115618 2 
0 0.116006 2 
0 0.117783 2 
0 0.122231 2 
0 0.124146 2 
0 0.130664 2 
0 0.130675 2 
0 0.13168 2 
0 0.132582 2 
0 0.136229 2 
0 0.157983 2 
0 0.158169 2 
0 0.161781 2 
0 0.17311 2 
0 0.185106 2 
0 0.188681 2 
0 0.189146 2 
0 0.196375 2 
0 0.196753 2 
0 0.202546 2 
0 0.205234 2 
0 0.21296 2 
0 0.223886 2 
0 0.258479 2 
0 0.266397 2 
0 0.310242 2 
0 0.314909 2 
0 0.333579 2 
0 0.346142 2 
0 0.380728 2 
0 0.384636 2 
0 0.385977 2 
0 0.391661 2 
0 0.413961 2 
0 0.438781 2 
0 0.446815 2 
0 0.452947 2 
0 0.459956 2 
0 0.465348 2 
0 0.465534 2 
0 0.480665 2 
0 0.565606 2 
0 0.58661 2 
0 0.590853 2 
0 0.610386 2 
0 0.613877 2 
0 0.639193 2 
0 0.654862 2 
0 0.681723 2 
0 0.682483 2 
0 0.716567 2 
0 0.839693 2 
0 1.00666 2 
0 1.5553 2 
0 1.72516 2 
0 1.7462 2 
0 2.24203 2 
0 2.39087 2 
0 3.90636 2 
0 4.07856 2 
0 4.41027 2 
0 4.42404 2 
0 4.70777 2 
0 5.11565 2 
0 5.14716 2 
0 5.15314 2 
0 inf 2 
0 0.0403823 3 
0 0.0465201 3 
0 0.0477784 3 
0 0.0493011 3 
0 0.0510723 3 
0 0.0549828 3 
0 0.0549863 3 
0 0.0573567 3 
0 0.0573606 3 
0 0.0576197 3 
0 0.0583804 3 
0 0.058382 3 
0 0.058385 3 
0 0.0583853 3 
0 0.0591419 3 
0 0.0591423 3 
0 0.0620712 3 
0 0.0620758 3 
0 0.0623091 3 
0 0.0625518 3 
0 0.0627866 3 
0 0.0630283 3 
0 0.0637246 3 
0 0.0655536 3 
0 0.0657831 3 
0 0.0657831 3 
0 0.0660061 3 
0 0.0671237 3 
0 0.0692932 3 
0 0.069509 3 
0 0.0701496 3 
0 0.070358 3 
0 0.0707773 3 
0 0.0716069 3 
0 0.0758319 3 
0 0.0773789 3 
0 0.0787089 3 
0 0.0790847 3 
0 0.0796446 3 
0 0.0838154 3 
0 0.0859085 3 
0 0.0860866 3 
0 0.0866029 3 
0 0.0897935 3 
0 0.0899602 3 
0 0.0902921 3 
0 0.0917494 3 
0 0.0961715 3 
0 0.0989061 3 
0 0.0990529 3 
0 0.099644 3 
0 0.110911 3 
0 0.114722 3 
0 0.115365 3 
0 0.116898 3 
0 0.118905 3 
0 0.122826 3 
0 0.131003 3 
0 0.133028 3 
0 0.142389 3 
0 0.153412 3 
0 0.154276 3 
0 0.171128 3 
0 0.171657 3 
0 0.18366 3 
0 0.186864 3 
0 0.194629 3 
0 0.199453 3 
0 0.200927 3 
0 0.203058 3 
0 0.204724 3 
0 0.220613 3 
0 0.277184 3 
0 0.285251 3 
0 0.297082 3 
0 0.298902 3 
0 0.299399 3 
0 0.308274 3 
0 0.315827 3 
0 0.318536 3 
0 0.34027 3 
0 0.345757 3 
0 0.350333 3 
0 0.357087 3 
0 0.359125 3 
0 0.370744 3 
0 0.373408 3 
0 0.381643 3 
0 0.386614 3 
0 0.387157 3 
0 0.428912 3 
0 0.458834 3 
0 0.486459 3 
0 0.514298 3 
0 0.51442 3 
0 0.520035 3 
0 0.526168 3 
0 0.559984 3 
0 0.560195 3 
0 0.574554 3 
0 0.586966 3 
0 0.603439 3 
0 0.607633 3 
0 0.610488 3 
0 0.644579 3 
0 0.649505 3 
0 0.852182 3 
0 1.00389 3 
0 1.04008 3 
0 1.06803 3 
0 1.06893 3 
0 1.0706 3 
0 1.61382 3 
0 1.69065 3 
0 2.03619 3 
0 2.99528 3 
0 3.15438 3 
0 3.23024 3 
0 3.23828 3 
0 4.04461 3 
0 4.10824 3 
0 4.12081 3 
0 4.12242 3 
0 inf 3 
0 0.0196317 4 
0 0.0322093 4 
0 0.0428683 4 
0 0.0468343 4 
0 0.0468343 4 
0 0.0471454 4 
0 0.0477711 4 
0 0.0486968 4 
0 0.0490004 4 
0 0.0522193 4 
0 0.0530661 4 
0 0.0544444 4 
0 0.0547173 4 
0 0.0573609 4 
0 0.0578779 4 
0 0.0591433 4 
0 0.0613559 4 
0 0.0620755 4 
0 0.0620764 4 
0 0.0644177 4 
0 0.065332 4 
0 0.0666801 4 
0 0.067559 4 
0 0.0677781 4 
0 0.069081 4 
0 0.0695072 4 
0 0.072022 4 
0 0.0724264 4 
0 0.072841 4 
0 0.0734475 4 
0 0.0768058 4 
0 0.0802007 4 
0 0.0802061 4 
0 0.0818522 4 
0 0.0829239 4 
0 0.0838198 4 
0 0.0881298 4 
0 0.0925569 4 
0 0.0964751 4 
0 0.102581 4 
0 0.104727 4 
0 0.106552 4 
0 0.113418 4 
0 0.118532 4 
0 0.119529 4 
0 0.1199 4 
0 0.121983 4 
0 0.125339 4 
0 0.125341 4 
0 0.126284 4 
0 0.129415 4 
0 0.138908 4 
0 0.148805 4 
0 0.153414 4 
0 0.159483 4 
0 0.15994 4 
0 0.160588 4 
0 0.166653 4 
0 0.173028 4 
0 0.261106 4 
0 0.293702 4 
0 0.300706 4 
0 0.31449 4 
0 0.320393 4 
0 0.324874 4 
0 0.325208 4 
0 0.333719 4 
0 0.334336 4 
0 0.335047 4 
0 0.335187 4 
0 0.349423 4 
0 0.350566 4 
0 0.3578 4 
0 0.371907 4 
0 0.375207 4 
0 0.377936 4 
0 0.395839 4 
0 0.423759 4 
0 0.44752 4 
0 0.448631 4 
0 0.462284 4 
0 0.482236 4 
0 0.48441 4 
0 0.485881 4 
0 0.486991 4 
0 0.490223 4 
0 0.491872 4 
0 0.493178 4 
0 0.539656 4 
0 0.54774 4 
0 0.556506 4 
0 0.566929 4 
0 0.568496 4 
0 0.572807 4 
0 0.578445 4 
0 0.58752 4 
0 0.599432 4 
0 0.610408 4 
0 0.704138 4 
0 1.00598 4 
0 1.11838 4 
0 1.34304 4 
0 1.54527 4 
0 1.60327 4 
0 1.69131 4 
0 1.73685 4 
0 2.01254 4 
0 2.02241 4 
0 2.02452 4 
0 2.02484 4 
0 2.02663 4 
0 2.10135 4 
0 2.12918 4 
0 2.13088 4 
0 2.13211 4 
0 3.5247 4 
0 3.69432 4 
0 3.73735 4 
0 3.74519 4 
0 inf 4 
0 0.0340011 5 
0 0.0403777 5 
0 0.0483889 5 
0 0.0483889 5 
0 0.0483923 5 
0 0.0552548 5 
0 0.0552556 5 
0 0.058131 5 
0 0.0583854 5 
0 0.0639598 5 
0 0.064187 5 
0 0.0651074 5 
0 0.0657849 5 
0 0.0660071 5 
0 0.0666801 5 
0 0.067783 5 
0 0.0686505 5 
0 0.0734527 5 
0 0.0736517 5 
0 0.0742535 5 
0 0.0760259 5 
0 0.0760259 5 
0 0.0760306 5 
0 0.0773788 5 
0 0.079088 5 
0 0.0792709 5 
0 0.0825715 5 
0 0.0869425 5 
0 0.0887961 5 
0 0.0904503 5 
0 0.0909436 5 
0 0.0919111 5 
0 0.0935109 5 
0 0.094611 5 
0 0.0949282 5 
0 0.101853 5 
0 0.102294 5 
0 0.104161 5 
0 0.109028 5 
0 0.113941 5 
0 0.118155 5 
0 0.119029 5 
0 0.126981 5 
0 0.129187 5 
0 0.131914 5 
0 0.138378 5 
0 0.139121 5 
0 0.146698 5 
0 0.148806 5 
0 0.161323 5 
0 0.170525 5 
0 0.279477 5 
0 0.287666 5 
0 0.295964 5 
0 0.308854 5 
0 0.315415 5 
0 0.317744 5 
0 0.319276 5 
0 0.325074 5 
0 0.332985 5 
0 0.334294 5 
0 0.33518 5 
0 0.338529 5 
0 0.343093 5 
0 0.343695 5 
0 0.348641 5 
0 0.364863 5 
0 0.406884 5 
0 0.431617 5 
0 0.441037 5 
0 0.450435 5 
0 0.452535 5 
0 0.456721 5 
0 0.456911 5 
0 0.460213 5 
0 0.467257 5 
0 0.476642 5 
0 0.479494 5 
0 0.480021 5 
0 0.481668 5 
0 0.485917 5 
0 0.489952 5 
0 0.493478 5 
0 0.542455 5 
0 0.545425 5 
0 0.553251 5 
0 0.553706 5 
0 0.573529 5 
0 0.57415 5 
0 0.579187 5 
0 0.694069 5 
0 0.775708 5 
0 0.838539 5 
0 0.84677 5 
0 0.84677 5 
0 0.846998 5 
0 0.848088 5 
0 1.03514 5 
0 1.0509 5 
0 1.1594 5 
0 1.17839 5 
0 1.70476 5 
0 1.70545 5 
0 1.70556 5 
0 1.70593 5 
0 1.71146 5 
0 2.00871 5 
0 2.01659 5 
0 2.5154 5 
0 2.52063 5 
0 2.55348 5 
0 2.89135 5 
0 2.89166 5 
0 2.89262 5 
0 2.89939 5 
0 inf 5 
0 0.0335589 6 
0 0.0335623 6 
0 0.0348626 6 
0 0.0455526 6 
0 0.0530657 6 
0 0.0552535 6 
0 0.0591408 6 
0 0.0618372 6 
0 0.0669024 6 
0 0.0686473 6 
0 0.0690833 6 
0 0.0726336 6 
0 0.0734477 6 
0 0.074642 6 
0 0.0811184 6 
0 0.0831055 6 
0 0.0892976 6 
0 0.0897907 6 
0 0.0904534 6 
0 0.0938306 6 
0 0.0972446 6 
0 0.097392 6 
0 0.0976981 6 
0 0.105432 6 
0 0.108745 6 
0 0.108748 6 
0 0.110246 6 
0 0.113293 6 
0 0.113944 6 
0 0.116388 6 
0 0.119899 6 
0 0.120883 6 
0 0.121375 6 
0 0.123798 6 
0 0.124629 6 
0 0.126635 6 
0 0.130552 6 
0 0.130892 6 
0 0.134133 6 
0 0.135673 6 
0 0.144663 6 
0 0.151079 6 
0 0.159473 6 
0 0.190399 6 
0 0.216488 6 
0 0.246874 6 
0 0.269601 6 
0 0.278202 6 
0 0.285299 6 
0 0.295765 6 
0 0.296514 6 
0 0.306761 6 
0 0.327104 6 
0 0.328209 6 
0 0.332181 6 
0 0.333932 6 
0 0.337363 6 
0 0.33783 6 
0 0.357061 6 
0 0.372383 6 
0 0.373813 6 
0 0.381817 6 
0 0.381856 6 
0 0.382632 6 
0 0.383461 6 
0 0.384138 6 
0 0.387574 6 
0 0.390811 6 
0 0.404363 6 
0 0.421311 6 
0 0.426652 6 
0 0.438389 6 
0 0.476953 6 
0 0.478952 6 
0 0.485953 6 
0 0.496215 6 
0 0.497378 6 
0 0.502862 6 
0 0.540431 6 
0 0.540828 6 
0 0.553838 6 
0 0.55543 6 
0 0.556242 6 
0 0.556709 6 
0 0.55744 6 
0 0.561718 6 
0 0.763673 6 
0 0.765474 6 
0 0.817929 6 
0 1.01576 6 
0 1.01637 6 
0 1.0311 6 
0 1.03174 6 
0 1.03637 6 
0 1.043 6 
0 1.25996 6 
0 1.38075 6 
0 1.40027 6 
0 1.70917 6 
0 1.7643 6 
0 1.80077 6 
0 1.80826 6 
0 2.02473 6 
0 2.156 6 
0 2.15644 6 
0 2.15674 6 
0 2.15871 6 
0 2.50886 6 
0 2.52468 6 
0 2.53425 6 
0 2.53793 6 
0 inf 6 
0 0.0369204 7 
0 0.0392644 7 
0 0.0474637 7 
0 0.0486971 7 
0 0.0519339 7 
0 0.0519354 7 
0 0.0519368 7 
0 0.0581257 7 
0 0.058133 7 
0 0.0583812 7 
0 0.0601315 7 
0 0.0611132 7 
0 0.0618378 7 
0 0.0646492 7 
0 0.0675604 7 
0 0.0686537 7 
0 0.0736523 7 
0 0.0831057 7 
0 0.0871127 7 
0 0.0874479 7 
0 0.0964755 7 
0 0.0983031 7 
0 0.104159 7 
0 0.10957 7 
0 0.111977 7 
0 0.119659 7 
0 0.119777 7 
0 0.121625 7 
0 0.124031 7 
0 0.129986 7 
0 0.13269 7 
0 0.133584 7 
0 0.137952 7 
0 0.138052 7 
0 0.141348 7 
0 0.151955 7 
0 0.154278 7 
0 0.161321 7 
0 0.194032 7 
0 0.213648 7 
0 0.214409 7 
0 0.214825 7 
0 0.227762 7 
0 0.26971 7 
0 0.276593 7 
0 0.294428 7 
0 0.297163 7 
0 0.305691 7 
0 0.306985 7 
0 0.307238 7 
0 0.310601 7 
0 0.312124 7 
0 0.320742 7 
0 0.330702 7 
0 0.333594 7 
0 0.333595 7 
0 0.335108 7 
0 0.352646 7 
0 0.390908 7 
0 0.423243 7 
0 0.436167 7 
0 0.441309 7 
0 0.441309 7 
0 0.445845 7 
0 0.448902 7 
0 0.451133 7 
0 0.457922 7 
0 0.461496 7 
0 0.476003 7 
0 0.488642 7 
0 0.494101 7 
0 0.494551 7 
0 0.515852 7 
0 0.541323 7 
0 0.548336 7 
0 0.549151 7 
0 0.550014 7 
0 0.559707 7 
0 0.559998 7 
0 0.654029 7 
0 0.690557 7 
0 0.691308 7 
0 0.769255 7 
0 0.806283 7 
0 0.884679 7 
0 1.06832 7 
0 1.14246 7 
0 1.14587 7 
0 1.16721 7 
0 1.18009 7 
0 1.19831 7 
0 1.21092 7 
0 1.21938 7 
0 1.24261 7 
0 1.32274 7 
0 1.44706 7 
0 1.75267 7 
0 1.86028 7 
0 1.87273 7 
0 1.87275 7 
0 1.88298 7 
0 2.00563 7 
0 2.00625 7 
0 2.00729 7 
0 2.0211 7 
0 2.02724 7 
0 2.17834 7 
0 inf 7 
0 0.0468317 8 
0 0.0486935 8 
0 0.0563172 8 
0 0.0583832 8 
0 0.0613555 8 
0 0.0699327 8 
0 0.070775 8 
0 0.0711907 8 
0 0.0711915 8 
0 0.0711955 8 
0 0.0726347 8 
0 0.0744494 8 
0 0.077377 8 
0 0.0914321 8 
0 0.0927188 8 
0 0.0952433 8 
0 0.098906 8 
0 0.101856 8 
0 0.103155 8 
0 0.103156 8 
0 0.106829 8 
0 0.115364 8 
0 0.115618 8 
0 0.118154 8 
0 0.121004 8 
0 0.127221 8 
0 0.132821 8 
0 0.134029 8 
0 0.155812 8 
0 0.160131 8 
0 0.16059 8 
0 0.164513 8 
0 0.183665 8 
0 0.186316 8 
0 0.189158 8 
0 0.236927 8 
0 0.261053 8 
0 0.262525 8 
0 0.263988 8 
0 0.293144 8 
0 0.294961 8 
0 0.313593 8 
0 0.318097 8 
0 0.324007 8 
0 0.331444 8 
0 0.355515 8 
0 0.360935 8 
0 0.377001 8 
0 0.38247 8 
0 0.382621 8 
0 0.388631 8 
0 0.389651 8 
0 0.390946 8 
0 0.406088 8 
0 0.406088 8 
0 0.414827 8 
0 0.418344 8 
0 0.42722 8 
0 0.429986 8 
0 0.437527 8 
0 0.460584 8 
0 0.461066 8 
0 0.474907 8 
0 0.47675 8 
0 0.482545 8 
0 0.503314 8 
0 0.553917 8 
0 0.558496 8 
0 0.558712 8 
0 0.55916 8 
0 0.559239 8 
0 0.560856 8 
0 0.571978 8 
0 0.620537 8 
0 0.654468 8 
0 0.685625 8 
0 0.6868 8 
0 0.714769 8 
0 0.72406 8 
0 0.728085 8 
0 0.765144 8 
0 0.894858 8 
0 0.933374 8 
0 1.00883 8 
0 1.014 8 
0 1.06186 8 
0 1.21893 8 
0 1.2809 8 
0 1.31007 8 
0 1.31041 8 
0 1.34297 8 
0 1.68622 8 
0 1.68654 8 
0 1.68991 8 
0 1.70723 8 
0 1.72906 8 
0 1.7304 8 
0 1.93 8 
0 2.00545 8 
0 2.00618 8 
0 2.00797 8 
0 2.02316 8 
0 2.04864 8 
0 inf 8 
0 0.051935 9 
0 0.0519413 9 
0 0.0571002 9 
0 0.0627895 9 
0 0.0630266 9 
0 0.0788933 9 
0 0.0860813 9 
0 0.0869387 9 
0 0.090781 9 
0 0.0943009 9 
0 0.105004 9 
0 0.105145 9 
0 0.10515 9 
0 0.11237 9 
0 0.114072 9 
0 0.115109 9 
0 0.117655 9 
0 0.118033 9 
0 0.12101 9 
0 0.124389 9 
0 0.125462 9 
0 0.128961 9 
0 0.132378 9 
0 0.137198 9 
0 0.140079 9 
0 0.140183 9 
0 0.143836 9 
0 0.171409 9 
0 0.17551 9 
0 0.179924 9 
0 0.221298 9 
0 0.222633 9 
0 0.277075 9 
0 0.288462 9 
0 0.294754 9 
0 0.294955 9 
0 0.3091 9 
0 0.310487 9 
0 0.320519 9 
0 0.320519 9 
0 0.321433 9 
0 0.321433 9 
0 0.343025 9 
0 0.37866 9 
0 0.389214 9 
0 0.390535 9 
0 0.391036 9 
0 0.391293 9 
0 0.426164 9 
0 0.426223 9 
0 0.431593 9 
0 0.433477 9 
0 0.441293 9 
0 0.462112 9 
0 0.475615 9 
0 0.482866 9 
0 0.506704 9 
0 0.539257 9 
0 0.542765 9 
0 0.558484 9 
0 0.560179 9 
0 0.564918 9 
0 0.571773 9 
0 0.575552 9 
0 0.575799 9 
0 0.600965 9 
0 0.602614 9 
0 0.619073 9 
0 0.646089 9 
0 0.72722 9 
0 0.775441 9 
0 0.786665 9 
0 0.79045 9 
0 0.798836 9 
0 0.803397 9 
0 0.804227 9 
0 0.846846 9 
0 0.86492 9 
0 0.883529 9 
0 0.902232 9 
0 0.905224 9 
0 0.906681 9 
0 0.935438 9 
0 1.01836 9 
0 1.20789 9 
0 1.24425 9 
0 1.52698 9 
0 1.68506 9 
0 1.68826 9 
0 1.68864 9 
0 1.69641 9 
0 1.69697 9 
0 1.8279 9 
0 2.00742 9 
0 2.00774 9 
0 2.00873 9 
0 2.00913 9 
0 2.0117 9 
0 2.01196 9 
0 inf 9 
0 0.0608677 10 
0 0.0641897 10 
0 0.0677813 10 
0 0.0703576 10 
0 0.0716088 10 
0 0.0724288 10 
0 0.0811239 10 
0 0.0864318 10 
0 0.0896254 10 
0 0.0909408 10 
0 0.0917497 10 
0 0.0983017 10 
0 0.116793 10 
0 0.119774 10 
0 0.140784 10 
0 0.142082 10 
0 0.152248 10 
0 0.15553 10 
0 0.155927 10 
0 0.158472 10 
0 0.162427 10 
0 0.187581 10 
0 0.194333 10 
0 0.218935 10 
0 0.219003 10 
0 0.260409 10 
0 0.260989 10 
0 0.260989 10 
0 0.27256 10 
0 0.273212 10 
0 0.28146 10 
0 0.281914 10 
0 0.282039 10 
0 0.283058 10 
0 0.289538 10 
0 0.292133 10 
0 0.293201 10 
0 0.303438 10 
0 0.304607 10 
0 0.310839 10 
0 0.337472 10 
0 0.3595 10 
0 0.362087 10 
0 0.399255 10 
0 0.401476 10 
0 0.415036 10 
0 0.416748 10 
0 0.429498 10 
0 0.440322 10 
0 0.447514 10 
0 0.447542 10 
0 0.451105 10 
0 0.452859 10 
0 0.46428 10 
0 0.478287 10 
0 0.491744 10 
0 0.495258 10 
0 0.507584 10 
0 0.518469 10 
0 0.533825 10 
0 0.535161 10 
0 0.53624 10 
0 0.536732 10 
0 0.564257 10 
0 0.580565 10 
0 0.625046 10 
0 0.711301 10 
0 0.722994 10 
0 0.729361 10 
0 0.768732 10 
0 0.840246 10 
0 0.84573 10 
0 0.857133 10 
0 0.933795 10 
0 0.976011 10 
0 1.00035 10 
0 1.01963 10 
0 1.04279 10 
0 1.09104 10 
0 1.09227 10 
0 1.16209 10 
0 1.18512 10 
0 1.33625 10 
0 1.69321 10 
0 1.69355 10 
0 1.71115 10 
0 1.76556 10 
0 1.76941 10 
0 1.87682 10 
0 1.88062 10 
0 2.01875 10 
0 2.01922 10 
0 2.02673 10 
0 2.0669 10 
0 2.06873 10 
0 inf 10 
0 0.0596446 11 
0 0.0886304 11 
0 0.0927119 11 
0 0.115232 11 
0 0.119525 11 
0 0.122949 11 
0 0.124379 11 
0 0.1338 11 
0 0.145242 11 
0 0.162058 11 
0 0.16506 11 
0 0.170611 11 
0 0.178837 11 
0 0.180879 11 
0 0.182285 11 
0 0.185684 11 
0 0.18885 11 
0 0.18885 11 
0 0.209805 11 
0 0.217105 11 
0 0.217854 11 
0 0.227494 11 
0 0.2278 11 
0 0.268836 11 
0 0.27305 11 
0 0.274819 11 
0 0.28483 11 
0 0.293119 11 
0 0.294635 11 
0 0.29481 11 
0 0.29624 11 
0 0.299077 11 
0 0.313321 11 
0 0.331846 11 
0 0.335338 11 
0 0.345333 11 
0 0.379753 11 
0 0.383055 11 
0 0.387207 11 
0 0.388009 11 
0 0.406484 11 
0 0.409967 11 
0 0.410273 11 
0 0.410742 11 
0 0.41571 11 
0 0.416316 11 
0 0.416744 11 
0 0.442952 11 
0 0.444422 11 
0 0.446636 11 
0 0.45278 11 
0 0.464127 11 
0 0.476051 11 
0 0.485748 11 
0 0.492328 11 
0 0.492565 11 
0 0.497948 11 
0 0.498038 11 
0 0.50048 11 
0 0.508795 11 
0 0.509377 11 
0 0.611583 11 
0 0.625031 11 
0 0.657116 11 
0 0.660086 11 
0 0.699615 11 
0 0.716942 11 
0 0.786316 11 
0 0.805849 11 
0 0.806015 11 
0 0.80674 11 
0 0.97709 11 
0 1.03284 11 
0 1.03885 11 
0 1.06014 11 
0 1.22275 11 
0 1.42497 11 
0 1.42999 11 
0 1.52211 11 
0 1.55265 11 
0 1.60751 11 
0 1.68671 11 
0 1.68796 11 
0 1.7086 11 
0 1.7089 11 
0 1.71078 11 
0 2.0063 11 
0 2.00651 11 
0 2.02792 11 
0 2.046 11 
0 2.04616 11 
0 inf 11 
0 0.0651107 12 
0 0.0886611 12 
0 0.100096 12 
0 0.100713 12 
0 0.114719 12 
0 0.130517 12 
0 0.188189 12 
0 0.190319 12 
0 0.214966 12 
0 0.218673 12 
0 0.229382 12 
0 0.251044 12 
0 0.256651 12 
0 0.257372 12 
0 0.259224 12 
0 0.26506 12 
0 0.27173 12 
0 0.278938 12 
0 0.282361 12 
0 0.294332 12 
0 0.295086 12 
0 0.299689 12 
0 0.310662 12 
0 0.316386 12 
0 0.317694 12 
0 0.332203 12 
0 0.339572 12 
0 0.354604 12 
0 0.367612 12 
0 0.374204 12 
0 0.375153 12 
0 0.37938 12 
0 0.379475 12 
0 0.380745 12 
0 0.38602 12 
0 0.386901 12 
0 0.386902 12 
0 0.398902 12 
0 0.401421 12 
0 0.402417 12 
0 0.40921 12 
0 0.42117 12 
0 0.423171 12 
0 0.425686 12 
0 0.449529 12 
0 0.450013 12 
0 0.450804 12 
0 0.452517 12 
0 0.469247 12 
0 0.492679 12 
0 0.493118 12 
0 0.494031 12 
0 0.499093 12 
0 0.539161 12 
0 0.552864 12 
0 0.565938 12 
0 0.575414 12 
0 0.625283 12 
0 0.705922 12 
0 0.712466 12 
0 0.71282 12 
0 0.725205 12 
0 0.779636 12 
0 0.788485 12 
0 0.930547 12 
0 0.930977 12 
0 0.999733 12 
0 1.00352 12 
0 1.00829 12 
0 1.01349 12 
0 1.12563 12 
0 1.16089 12 
0 1.18383 12 
0 1.19386 12 
0 1.20109 12 
0 1.20824 12 
0 1.23099 12 
0 1.6873 12 
0 1.688 12 
0 1.70256 12 
0 1.70284 12 
0 1.70311 12 
0 2.0084 12 
0 2.0092 12 
0 2.02143 12 
0 2.02296 12 
0 2.0231 12 
0 inf 12 
0 0.0632631 13 
0 0.0864247 13 
0 0.137756 13 
0 0.139359 13 
0 0.160128 13 
0 0.167424 13 
0 0.189158 13 
0 0.196073 13 
0 0.198906 13 
0 0.224744 13 
0 0.235375 13 
0 0.253208 13 
0 0.255613 13 
0 0.256481 13 
0 0.262072 13 
0 0.263012 13 
0 0.27211 13 
0 0.279134 13 
0 0.28046 13 
0 0.282304 13 
0 0.285851 13 
0 0.313422 13 
0 0.315543 13 
0 0.349045 13 
0 0.353516 13 
0 0.355398 13 
0 0.358553 13 
0 0.362577 13 
0 0.379359 13 
0 0.379623 13 
0 0.379779 13 
0 0.379896 13 
0 0.38797 13 
0 0.394378 13 
0 0.397629 13 
0 0.400303 13 
0 0.407791 13 
0 0.425121 13 
0 0.4893 13 
0 0.494556 13 
0 0.505729 13 
0 0.507849 13 
0 0.508185 13 
0 0.511643 13 
0 0.521528 13 
0 0.530208 13 
0 0.537134 13 
0 0.543715 13 
0 0.54619 13 
0 0.547592 13 
0 0.567313 13 
0 0.575715 13 
0 0.579998 13 
0 0.580968 13 
0 0.584985 13 
0 0.60971 13 
0 0.699467 13 
0 0.712898 13 
0 0.732962 13 
0 0.737477 13 
0 0.80849 13 
0 0.809059 13 
0 0.828695 13 
0 0.833351 13 
0 0.86448 13 
0 0.866549 13 
0 0.884074 13 
0 0.903307 13 
0 0.907971 13 
0 0.920598 13 
0 1.39371 13 
0 1.39508 13 
0 1.62749 13 
0 1.68278 13 
0 1.68489 13 
0 1.68774 13 
0 1.68774 13 
0 1.68774 13 
0 2.00587 13 
0 2.00699 13 
0 2.00706 13 
0 2.00735 13 
0 2.00808 13 
0 inf 13 
0 0.0563192 14 
0 0.108234 14 
0 0.144148 14 
0 0.161932 14 
0 0.166837 14 
0 0.174738 14 
0 0.189149 14 
0 0.214895 14 
0 0.217921 14 
0 0.217974 14 
0 0.218857 14 
0 0.222282 14 
0 0.229308 14 
0 0.234786 14 
0 0.237932 14 
0 0.261896 14 
0 0.26238 14 
0 0.268288 14 
0 0.26983 14 
0 0.274742 14 
0 0.277912 14 
0 0.27956 14 
0 0.280983 14 
0 0.284029 14 
0 0.286622 14 
0 0.28776 14 
0 0.287761 14 
0 0.288841 14 
0 0.293975 14 
0 0.2989 14 
0 0.30127 14 
0 0.314077 14 
0 0.324624 14 
0 0.331525 14 
0 0.344129 14 
0 0.35719 14 
0 0.361315 14 
0 0.361561 14 
0 0.36336 14 
0 0.363769 14 
0 0.36902 14 
0 0.387361 14 
0 0.389611 14 
0 0.390978 14 
0 0.442282 14 
0 0.445156 14 
0 0.603509 14 
0 0.611317 14 
0 0.646382 14 
0 0.693604 14 
0 0.708248 14 
0 0.709183 14 
0 0.712297 14 
0 0.76846 14 
0 0.77858 14 
0 0.778654 14 
0 0.788867 14 
0 0.84385 14 
0 0.848759 14 
0 0.857999 14 
0 0.857999 14 
0 0.873518 14 
0 0.874282 14 
0 0.979601 14 
0 1.00473 14 
0 1.04715 14 
0 1.04804 14 
0 1.05122 14 
0 1.68471 14 
0 1.72811 14 
0 1.72829 14 
0 1.72839 14 
0 1.90466 14 
0 1.91234 14 
0 1.91268 14 
0 2.00406 14 
0 2.01079 14 
0 2.01085 14 
0 2.01085 14 
0 inf 14 
0 0.0712062 15 
0 0.109455 15 
0 0.114461 15 
0 0.139234 15 
0 0.141135 15 
0 0.175671 15 
0 0.181388 15 
0 0.203642 15 
0 0.207882 15 
0 0.217913 15 
0 0.218728 15 
0 0.226779 15 
0 0.233221 15 
0 0.246024 15 
0 0.25506 15 
0 0.255944 15 
0 0.257648 15 
0 0.25964 15 
0 0.264824 15 
0 0.268942 15 
0 0.276253 15 
0 0.276415 15 
0 0.279873 15 
0 0.281352 15 
0 0.281357 15 
0 0.284287 15 
0 0.295488 15 
0 0.295538 15 
0 0.297952 15 
0 0.306058 15 
0 0.306591 15 
0 0.314743 15 
0 0.316387 15 
0 0.31737 15 
0 0.320853 15 
0 0.322972 15 
0 0.355564 15 
0 0.368241 15 
0 0.390446 15 
0 0.474472 15 
0 0.475253 15 
0 0.477595 15 
0 0.484007 15 
0 0.486359 15 
0 0.488398 15 
0 0.491493 15 
0 0.492741 15 
0 0.623409 15 
0 0.640645 15 
0 0.707184 15 
0 0.717706 15 
0 0.723657 15 
0 0.74002 15 
0 0.746739 15 
0 0.802604 15 
0 0.831023 15 
0 0.833569 15 
0 0.835417 15 
0 1.04202 15 
0 1.05602 15 
0 1.05786 15 
0 1.05804 15 
0 1.06891 15 
0 1.12057 15 
0 1.68661 15 
0 1.75157 15 
0 1.75208 15 
0 1.75221 15 
0 1.86233 15 
0 1.89946 15 
0 1.90079 15 
0 2.00674 15 
0 2.06184 15 
0 2.06187 15 
0 2.17319 15 
0 inf 15 
0 0.102028 16 
0 0.177734 16 
0 0.240478 16 
0 0.24445 16 
0 0.245842 16 
0 0.247935 16 
0 0.24854 16 
0 0.25105 16 
0 0.256827 16 
0 0.259966 16 
0 0.262026 16 
0 0.267122 16 
0 0.267622 16 
0 0.270887 16 
0 0.271743 16 
0 0.271743 16 
0 0.272795 16 
0 0.275068 16 
0 0.275229 16 
0 0.27947 16 
0 0.285747 16 
0 0.295338 16 
0 0.299047 16 
0 0.308416 16 
0 0.314914 16 
0 0.316388 16 
0 0.318675 16 
0 0.324738 16 
0 0.32909 16 
0 0.346725 16 
0 0.352929 16 
0 0.364205 16 
0 0.379476 16 
0 0.385365 16 
0 0.388737 16 
0 0.389194 16 
0 0.389651 16 
0 0.392983 16 
0 0.48804 16 
0 0.549936 16 
0 0.551906 16 
0 0.555599 16 
0 0.555733 16 
0 0.558716 16 
0 0.649763 16 
0 0.757841 16 
0 0.759799 16 
0 0.794496 16 
0 0.796356 16 
0 0.800369 16 
0 0.800517 16 
0 0.802441 16 
0 0.852781 16 
0 0.861222 16 
0 0.868562 16 
0 0.869841 16 
0 0.872139 16 
0 1.0103 16 
0 1.0103 16 
0 1.01136 16 
0 1.6898 16 
0 1.7118 16 
0 1.71301 16 
0 1.71333 16 
0 1.79179 16 
0 1.84196 16 
0 1.84959 16 
0 2.00823 16 
0 2.03398 16 
0 2.03422 16 
0 2.03436 16 
0 inf 16 
0 0.0634953 17 
0 0.0785245 17 
0 0.0915934 17 
0 0.0915937 17 
0 0.120011 17 
0 0.127553 17 
0 0.187425 17 
0 0.205646 17 
0 0.261788 17 
0 0.26484 17 
0 0.274368 17 
0 0.274584 17 
0 0.275232 17 
0 0.278745 17 
0 0.278957 17 
0 0.279347 17 
0 0.279541 17 
0 0.281193 17 
0 0.282874 17 
0 0.283712 17 
0 0.290295 17 
0 0.290321 17 
0 0.291379 17 
0 0.291785 17 
0 0.321547 17 
0 0.326743 17 
0 0.330056 17 
0 0.334339 17 
0 0.33456 17 
0 0.347723 17 
0 0.398559 17 
0 0.398559 17 
0 0.398597 17 
0 0.401265 17 
0 0.413732 17 
0 0.414126 17 
0 0.428203 17 
0 0.541518 17 
0 0.541929 17 
0 0.545417 17 
0 0.697387 17 
0 0.699488 17 
0 0.717061 17 
0 0.793839 17 
0 0.809171 17 
0 0.812096 17 
0 0.834165 17 
0 0.928401 17 
0 0.931079 17 
0 0.931461 17 
0 0.960962 17 
0 1.00772 17 
0 1.01008 17 
0 1.01083 17 
0 1.01799 17 
0 1.08808 17 
0 1.11524 17 
0 1.12093 17 
0 1.68795 17 
0 1.69005 17 
0 1.69134 17 
0 1.69176 17 
0 2.00754 17 
0 2.01003 17 
0 2.01014 17 
0 2.01017 17 
0 2.02452 17 
0 inf 17 
0 0.0894427 18 
0 0.0914111 18 
0 0.0958419 18 
0 0.102027 18 
0 0.122612 18 
0 0.122612 18 
0 0.123512 18 
0 0.125227 18 
0 0.141515 18 
0 0.155868 18 
0 0.217147 18 
0 0.235482 18 
0 0.235482 18 
0 0.269446 18 
0 0.270927 18 
0 0.277408 18 
0 0.298931 18 
0 0.300119 18 
0 0.300907 18 
0 0.31604 18 
0 0.324017 18 
0 0.32439 18 
0 0.326205 18 
0 0.326212 18 
0 0.328926 18 
0 0.329646 18 
0 0.343025 18 
0 0.345093 18 
0 0.412702 18 
0 0.423303 18 
0 0.42679 18 
0 0.435165 18 
0 0.438286 18 
0 0.442224 18 
0 0.442727 18 
0 0.463869 18 
0 0.548098 18 
0 0.71253 18 
0 0.713527 18 
0 0.812335 18 
0 0.821168 18 
0 0.824697 18 
0 0.891852 18 
0 0.904482 18 
0 0.918143 18 
0 0.92531 18 
0 0.925518 18 
0 0.925822 18 
0 0.964225 18 
0 0.97418 18 
0 1.01693 18 
0 1.39228 18 
0 1.41995 18 
0 1.41995 18 
0 1.68783 18 
0 1.6879 18 
0 1.6911 18 
0 1.69127 18 
0 1.99726 18 
0 2.00847 18 
0 2.00873 18 
0 2.00985 18 
0 2.01038 18 
0 inf 18 
0 0.040383 19 
0 0.0455557 19 
0 0.0593944 19 
0 0.144627 19 
0 0.145138 19 
0 0.148426 19 
0 0.149619 19 
0 0.150015 19 
0 0.158323 19 
0 0.221669 19 
0 0.224855 19 
0 0.233394 19 
0 0.276667 19 
0 0.278536 19 
0 0.284151 19 
0 0.287645 19 
0 0.289269 19 
0 0.289269 19 
0 0.302967 19 
0 0.303798 19 
0 0.304184 19 
0 0.309068 19 
0 0.310934 19 
0 0.316694 19 
0 0.317208 19 
0 0.317535 19 
0 0.380506 19 
0 0.381129 19 
0 0.474607 19 
0 0.475106 19 
0 0.479601 19 
0 0.479941 19 
0 0.480589 19 
0 0.481962 19 
0 0.485059 19 
0 0.487101 19 
0 0.487223 19 
0 0.831848 19 
0 0.833129 19 
0 0.856853 19 
0 0.861338 19 
0 0.861682 19 
0 0.880002 19 
0 0.914326 19 
0 0.927536 19 
0 0.928788 19 
0 0.94115 19 
0 0.942914 19 
0 0.944422 19 
0 1.0469 19 
0 1.04934 19 
0 1.09792 19 
0 1.69293 19 
0 1.69324 19 
0 1.69325 19 
0 1.87624 19 
0 2.00834 19 
0 2.01324 19 
0 2.01335 19 
0 inf 19 
0 0.0930374 20 
0 0.0966553 20 
0 0.10475 20 
0 0.110934 20 
0 0.11158 20 
0 0.114723 20 
0 0.169008 20 
0 0.181195 20 
0 0.184358 20 
0 0.280786 20 
0 0.282744 20 
0 0.285405 20 
0 0.286803 20 
0 0.289646 20 
0 0.292724 20 
0 0.300151 20 
0 0.300387 20 
0 0.300535 20 
0 0.305184 20 
0 0.315853 20 
0 0.339136 20 
0 0.346059 20 
0 0.346102 20 
0 0.347922 20 
0 0.35634 20 
0 0.388283 20 
0 0.447327 20 
0 0.447427 20 
0 0.482651 20 
0 0.483142 20 
0 0.484612 20 
0 0.49116 20 
0 0.492155 20 
0 0.493478 20 
0 0.510562 20 
0 0.531098 20 
0 0.535608 20 
0 0.540759 20 
0 0.557242 20 
0 0.719792 20 
0 0.720266 20 
0 0.797787 20 
0 0.967747 20 
0 0.982295 20 
0 0.983079 20 
0 0.986908 20 
0 0.988709 20 
0 1.70683 20 
0 1.70683 20 
0 1.84513 20 
0 1.84513 20 
0 2.02532 20 
0 2.1276 20 
0 2.13941 20 
0 2.39953 20 
0 inf 20 
