0 0.0117821 1 
0 0.0166563 1 
0 0.0186161 1 
0 0.0186223 1 
0 0.0186229 1 
0 0.0198256 1 
0 0.0203996 1 
0 0.0203998 1 
0 0.0204003 1 
0 0.0215036 1 
0 0.0220343 1 
0 0.0225532 1 
0 0.0235559 1 
0 0.0235559 1 
0 0.0249848 1 
0 0.0249848 1 
0 0.0249848 1 
0 0.024985 1 
0 0.0263327 1 
0 0.0267718 1 
0 0.0272024 1 
0 0.0276221 1 
0 0.0280371 1 
0 0.0280383 1 
0 0.0311662 1 
0 0.0315306 1 
0 0.0318909 1 
0 0.032259 1 
0 0.0326127 1 
0 0.0329582 1 
0 0.032964 1 
0 0.0346729 1 
0 0.0350022 1 
0 0.0350091 1 
0 0.0353341 1 
0 0.0356571 1 
0 0.0356584 1 
0 0.0356602 1 
0 0.0356611 1 
0 0.0356638 1 
0 0.0359819 1 
0 0.0366192 1 
0 0.0366214 1 
0 0.0369339 1 
0 0.0369342 1 
0 0.0381651 1 
0 0.0384673 1 
0 0.0384673 1 
0 0.040229 1 
0 0.0402296 1 
0 0.0405143 1 
0 0.0405159 1 
0 0.0405167 1 
0 0.0419184 1 
0 0.0427353 1 
0 0.0427388 1 
0 0.044849 1 
0 0.0448503 1 
0 0.0451026 1 
0 0.0485615 1 
0 0.0485619 1 
0 0.0487986 1 
0 0.0487989 1 
0 0.0487994 1 
0 0.0487994 1 
0 0.0506601 1 
0 0.0513386 1 
0 0.0513391 1 
0 0.0515653 1 
0 0.0539739 1 
0 0.0548233 1 
0 0.0584961 1 
0 0.0586922 1 
0 0.0693583 1 
0 0.082587 1 
0 0.0825879 1 
0 0.0832812 1 
0 0.0936088 1 
0 0.0951978 1 
0 0.102561 1 
0 0.103459 1 
0 0.10435 1 
0 0.106438 1 
0 0.110585 1 
0 0.113277 1 
0 0.113278 1 
0 0.123529 1 
0 0.12353 1 
0 0.124182 1 
0 0.128212 1 
0 0.129114 1 
0 0.149211 1 
0 0.154463 1 
0 0.155887 1 
0 0.156472 1 
0 0.160844 1 
0 0.181254 1 
0 0.183475 1 
0 0.186783 1 
0 0.193711 1 
0 0.260495 1 
0 0.263497 1 
0 0.333789 1 
0 0.33956 1 
0 0.4493 1 
0 0.497449 1 
0 0.524528 1 
0 0.534191 1 
0 0.56548 1 
0 0.579547 1 
0 0.633257 1 
0 0.640734 1 
0 0.679932 1 
0 0.691829 1 
0 0.750213 1 
0 0.761921 1 
0 0.793602 1 
0 0.954926 1 
0 0.968472 1 
0 1.03683 1 
0 1.44631 1 
0 1.46101 1 
0 1.47827 1 
0 2.20956 1 
0 2.66809 1 
0 2.70129 1 
0 2.90093 1 
0 3.79879 1 
0 4.23702 1 
0 4.28898 1 
0 4.36832 1 
0 inf 1 
0 0.0166563 2 
0 0.0166566 2 
0 0.0186226 2 
0 0.0186265 2 
0 0.0204003 2 
0 0.0214998 2 
0 0.021502 2 
0 0.0215087 2 
0 0.0220343 2 
0 0.0230584 2 
0 0.0230596 2 
0 0.02306 2 
0 0.0240422 2 
0 0.024518 2 
0 0.0258935 2 
0 0.0263361 2 
0 0.0263367 2 
0 0.0267716 2 
0 0.0272001 2 
0 0.0280314 2 
0 0.0288498 2 
0 0.0292482 2 
0 0.029646 2 
0 0.030028 2 
0 0.030411 2 
0 0.0319059 2 
0 0.032963 2 
0 0.0329632 2 
0 0.0329639 2 
0 0.0346854 2 
0 0.0356582 2 
0 0.0369385 2 
0 0.0378587 2 
0 0.0378601 2 
0 0.0381666 2 
0 0.0381669 2 
0 0.0384671 2 
0 0.039363 2 
0 0.0393667 2 
0 0.0396558 2 
0 0.0413586 2 
0 0.0413631 2 
0 0.0413656 2 
0 0.0445902 2 
0 0.0448494 2 
0 0.044854 2 
0 0.0480833 2 
0 0.049972 2 
0 0.0501997 2 
0 0.050201 2 
0 0.0524537 2 
0 0.0526729 2 
0 0.0541869 2 
0 0.0544023 2 
0 0.0548214 2 
0 0.0548231 2 
0 0.0550336 2 
0 0.055868 2 
0 0.0560739 2 
0 0.0655769 2 
0 0.0721265 2 
0 0.0727652 2 
0 0.0735651 2 
0 0.0740202 2 
0 0.0740212 2 
0 0.085338 2 
0 0.0878747 2 
0 0.0955646 2 
0 0.0968836 2 
0 0.0979568 2 
0 0.101778 2 
0 0.103352 2 
0 0.104126 2 
0 0.119243 2 
0 0.119534 2 
0 0.13308 2 
0 0.134118 2 
0 0.143608 2 
0 0.149365 2 
0 0.151143 2 
0 0.165865 2 
0 0.166704 2 
0 0.176012 2 
0 0.17745 2 
0 0.177777 2 
0 0.179659 2 
0 0.182527 2 
0 0.185726 2 
0 0.2311 2 
0 0.268706 2 
0 0.269783 2 
0 0.280788 2 
0 0.379931 2 
0 0.408514 2 
0 0.417722 2 
0 0.455196 2 
0 0.509984 2 
0 0.521205 2 
0 0.527793 2 
0 0.567369 2 
0 0.571456 2 
0 0.577793 2 
0 0.614772 2 
0 0.690126 2 
0 0.703467 2 
0 0.749028 2 
0 0.749413 2 
0 0.753944 2 
0 0.790636 2 
0 0.790817 2 
0 0.795083 2 
0 0.805424 2 
0 0.830822 2 
0 1.26674 2 
0 1.30278 2 
0 1.78823 2 
0 2.03014 2 
0 2.09239 2 
0 2.60554 2 
0 2.84581 2 
0 3.24433 2 
0 3.25814 2 
0 3.32224 2 
0 3.33446 2 
0 3.48531 2 
0 3.48696 2 
0 3.70695 2 
0 inf 2 
0 0.0179912 3 
0 0.02306 3 
0 0.0249848 3 
0 0.0254432 3 
0 0.0263361 3 
0 0.0267695 3 
0 0.0276218 3 
0 0.0276218 3 
0 0.0288503 3 
0 0.030024 3 
0 0.0300256 3 
0 0.0300288 3 
0 0.0311677 3 
0 0.0315308 3 
0 0.0318943 3 
0 0.0329582 3 
0 0.0343385 3 
0 0.0346711 3 
0 0.0346725 3 
0 0.0346753 3 
0 0.0356611 3 
0 0.0356613 3 
0 0.0363029 3 
0 0.0366196 3 
0 0.0366214 3 
0 0.0372426 3 
0 0.0372457 3 
0 0.0381636 3 
0 0.0381653 3 
0 0.03906 3 
0 0.0390616 3 
0 0.039358 3 
0 0.0427381 3 
0 0.0432758 3 
0 0.0448487 3 
0 0.0448494 3 
0 0.0451078 3 
0 0.0463693 3 
0 0.0463693 3 
0 0.0463697 3 
0 0.0468626 3 
0 0.0468652 3 
0 0.0468692 3 
0 0.0468698 3 
0 0.0487987 3 
0 0.0490363 3 
0 0.0560759 3 
0 0.0580988 3 
0 0.0582984 3 
0 0.0652221 3 
0 0.0657528 3 
0 0.0662765 3 
0 0.069843 3 
0 0.0754163 3 
0 0.0778318 3 
0 0.0858825 3 
0 0.0899553 3 
0 0.0913679 3 
0 0.0959276 3 
0 0.099593 3 
0 0.107625 3 
0 0.121071 3 
0 0.126031 3 
0 0.126853 3 
0 0.129021 3 
0 0.130356 3 
0 0.133078 3 
0 0.133771 3 
0 0.135488 3 
0 0.137267 3 
0 0.140595 3 
0 0.141333 3 
0 0.144168 3 
0 0.168767 3 
0 0.175887 3 
0 0.204229 3 
0 0.258175 3 
0 0.277133 3 
0 0.324098 3 
0 0.345678 3 
0 0.370404 3 
0 0.414607 3 
0 0.441223 3 
0 0.451063 3 
0 0.454623 3 
0 0.458268 3 
0 0.466402 3 
0 0.495386 3 
0 0.508383 3 
0 0.573428 3 
0 0.589978 3 
0 0.595739 3 
0 0.615278 3 
0 0.631782 3 
0 0.637059 3 
0 0.654039 3 
0 0.656156 3 
0 0.687854 3 
0 0.712156 3 
0 0.712628 3 
0 0.724721 3 
0 0.744986 3 
0 0.747673 3 
0 0.751328 3 
0 0.752416 3 
0 1.03074 3 
0 1.28426 3 
0 1.65309 3 
0 1.66614 3 
0 1.679 3 
0 1.70873 3 
0 1.71625 3 
0 2.08709 3 
0 2.09001 3 
0 2.09007 3 
0 2.94794 3 
0 3.03658 3 
0 3.04396 3 
0 3.10745 3 
0 3.11439 3 
0 3.11556 3 
0 3.50928 3 
0 3.51807 3 
0 inf 3 
0 0.0127227 4 
0 0.0136015 4 
0 0.020959 4 
0 0.0230665 4 
0 0.0235529 4 
0 0.0245212 4 
0 0.0263358 4 
0 0.0304108 4 
0 0.0311616 4 
0 0.0326114 4 
0 0.0329728 4 
0 0.0339999 4 
0 0.0346708 4 
0 0.034672 4 
0 0.0350047 4 
0 0.0356692 4 
0 0.0366211 4 
0 0.0366266 4 
0 0.0372446 4 
0 0.0399443 4 
0 0.04023 4 
0 0.0408007 4 
0 0.0410779 4 
0 0.0416421 4 
0 0.0424678 4 
0 0.042741 4 
0 0.0432689 4 
0 0.0435404 4 
0 0.0435418 4 
0 0.0440684 4 
0 0.0458677 4 
0 0.0458684 4 
0 0.0466168 4 
0 0.0478416 4 
0 0.0478425 4 
0 0.048319 4 
0 0.0497386 4 
0 0.0526724 4 
0 0.0558694 4 
0 0.0566896 4 
0 0.0596736 4 
0 0.060632 4 
0 0.0628775 4 
0 0.0636085 4 
0 0.067144 4 
0 0.0795961 4 
0 0.0800249 4 
0 0.080893 4 
0 0.0874822 4 
0 0.0889201 4 
0 0.0890499 4 
0 0.0890508 4 
0 0.0900832 4 
0 0.104688 4 
0 0.105347 4 
0 0.105894 4 
0 0.107628 4 
0 0.111737 4 
0 0.117287 4 
0 0.117386 4 
0 0.117386 4 
0 0.133777 4 
0 0.138948 4 
0 0.142236 4 
0 0.144415 4 
0 0.150598 4 
0 0.150599 4 
0 0.254213 4 
0 0.262834 4 
0 0.368005 4 
0 0.404674 4 
0 0.410094 4 
0 0.41645 4 
0 0.42502 4 
0 0.457519 4 
0 0.474754 4 
0 0.48171 4 
0 0.487718 4 
0 0.5016 4 
0 0.556523 4 
0 0.560001 4 
0 0.564612 4 
0 0.565666 4 
0 0.596867 4 
0 0.609062 4 
0 0.613017 4 
0 0.634446 4 
0 0.640731 4 
0 0.646835 4 
0 0.652562 4 
0 0.666095 4 
0 0.690702 4 
0 0.691638 4 
0 0.703798 4 
0 0.704 4 
0 0.720682 4 
0 0.730069 4 
0 0.768888 4 
0 1.0472 4 
0 1.1037 4 
0 1.17616 4 
0 1.17778 4 
0 1.18155 4 
0 1.29515 4 
0 1.31789 4 
0 1.66537 4 
0 1.68307 4 
0 1.90494 4 
0 1.99529 4 
0 2.01075 4 
0 2.01075 4 
0 2.01158 4 
0 2.21006 4 
0 2.46814 4 
0 2.6887 4 
0 2.7237 4 
0 2.85824 4 
0 2.85955 4 
0 2.86004 4 
0 inf 4 
0 0.0127217 5 
0 0.0209562 5 
0 0.0225517 5 
0 0.0225529 5 
0 0.0280374 5 
0 0.0300277 5 
0 0.0311602 5 
0 0.0326117 5 
0 0.0333122 5 
0 0.0353339 5 
0 0.036618 5 
0 0.037242 5 
0 0.0372439 5 
0 0.0372452 5 
0 0.037554 5 
0 0.0381632 5 
0 0.0384674 5 
0 0.0396497 5 
0 0.0402343 5 
0 0.0410822 5 
0 0.0413617 5 
0 0.041363 5 
0 0.0421939 5 
0 0.0427392 5 
0 0.0440687 5 
0 0.0448488 5 
0 0.0456161 5 
0 0.0461196 5 
0 0.0461201 5 
0 0.0463714 5 
0 0.0463721 5 
0 0.0466159 5 
0 0.048327 5 
0 0.0488012 5 
0 0.0490363 5 
0 0.0495055 5 
0 0.04974 5 
0 0.0501997 5 
0 0.0539734 5 
0 0.0554517 5 
0 0.0554525 5 
0 0.0604403 5 
0 0.0686782 5 
0 0.0788582 5 
0 0.0795899 5 
0 0.0798886 5 
0 0.0965254 5 
0 0.096884 5 
0 0.0974795 5 
0 0.0974812 5 
0 0.105894 5 
0 0.109753 5 
0 0.111013 5 
0 0.113179 5 
0 0.129291 5 
0 0.133342 5 
0 0.144889 5 
0 0.16517 5 
0 0.201664 5 
0 0.205979 5 
0 0.258354 5 
0 0.352376 5 
0 0.414412 5 
0 0.41578 5 
0 0.41885 5 
0 0.466234 5 
0 0.471841 5 
0 0.503682 5 
0 0.515082 5 
0 0.517806 5 
0 0.5197 5 
0 0.519703 5 
0 0.526685 5 
0 0.52929 5 
0 0.553733 5 
0 0.562792 5 
0 0.565805 5 
0 0.574642 5 
0 0.591633 5 
0 0.592882 5 
0 0.604762 5 
0 0.649319 5 
0 0.653296 5 
0 0.65365 5 
0 0.657967 5 
0 0.695546 5 
0 0.697222 5 
0 0.699209 5 
0 0.775202 5 
0 0.870829 5 
0 0.925111 5 
0 1.11025 5 
0 1.13802 5 
0 1.13802 5 
0 1.14293 5 
0 1.16184 5 
0 1.24881 5 
0 1.32226 5 
0 1.41708 5 
0 1.42439 5 
0 1.50274 5 
0 1.68565 5 
0 1.69855 5 
0 1.83683 5 
0 1.87641 5 
0 1.8831 5 
0 1.96155 5 
0 2.05041 5 
0 2.06397 5 
0 2.06469 5 
0 2.06504 5 
0 2.07306 5 
0 2.07721 5 
0 2.07861 5 
0 2.09086 5 
0 inf 5 
0 0.0263416 6 
0 0.0271967 6 
0 0.0276202 6 
0 0.0276214 6 
0 0.0276228 6 
0 0.0296414 6 
0 0.0300303 6 
0 0.0300327 6 
0 0.0326111 6 
0 0.0329597 6 
0 0.0333128 6 
0 0.033315 6 
0 0.0363013 6 
0 0.0366212 6 
0 0.0402282 6 
0 0.0405157 6 
0 0.0410826 6 
0 0.0413631 6 
0 0.0419187 6 
0 0.0421926 6 
0 0.0427371 6 
0 0.0438077 6 
0 0.0448493 6 
0 0.0453604 6 
0 0.0456153 6 
0 0.0463687 6 
0 0.0471111 6 
0 0.0485623 6 
0 0.0497396 6 
0 0.0497433 6 
0 0.0501997 6 
0 0.0541894 6 
0 0.0570965 6 
0 0.0592824 6 
0 0.0615774 6 
0 0.0630605 6 
0 0.0659274 6 
0 0.0738654 6 
0 0.0772335 6 
0 0.0865543 6 
0 0.0914849 6 
0 0.102225 6 
0 0.112561 6 
0 0.116497 6 
0 0.121069 6 
0 0.123343 6 
0 0.124088 6 
0 0.125296 6 
0 0.130447 6 
0 0.147261 6 
0 0.199763 6 
0 0.23185 6 
0 0.255474 6 
0 0.262964 6 
0 0.311974 6 
0 0.401037 6 
0 0.407214 6 
0 0.411107 6 
0 0.416311 6 
0 0.432922 6 
0 0.437948 6 
0 0.438021 6 
0 0.443432 6 
0 0.444603 6 
0 0.492672 6 
0 0.494078 6 
0 0.50548 6 
0 0.520945 6 
0 0.556523 6 
0 0.560358 6 
0 0.563166 6 
0 0.568348 6 
0 0.572995 6 
0 0.5737 6 
0 0.578927 6 
0 0.603767 6 
0 0.614074 6 
0 0.640231 6 
0 0.642394 6 
0 0.676817 6 
0 0.686585 6 
0 0.686921 6 
0 0.686989 6 
0 0.770504 6 
0 0.774415 6 
0 0.974923 6 
0 1.08609 6 
0 1.09025 6 
0 1.09342 6 
0 1.09389 6 
0 1.09482 6 
0 1.11637 6 
0 1.12667 6 
0 1.12841 6 
0 1.19514 6 
0 1.2461 6 
0 1.25244 6 
0 1.28114 6 
0 1.2919 6 
0 1.396 6 
0 1.61096 6 
0 1.6921 6 
0 1.78191 6 
0 1.78209 6 
0 1.78506 6 
0 1.82114 6 
0 1.89032 6 
0 2.12246 6 
0 2.14528 6 
0 2.16175 6 
0 2.26019 6 
0 inf 6 
0 0.023556 7 
0 0.0300292 7 
0 0.0304066 7 
0 0.0326108 7 
0 0.0339951 7 
0 0.0346723 7 
0 0.0346737 7 
0 0.0353339 7 
0 0.0353359 7 
0 0.0356586 7 
0 0.0369303 7 
0 0.0369362 7 
0 0.0375496 7 
0 0.0375587 7 
0 0.0384699 7 
0 0.039944 7 
0 0.0416406 7 
0 0.0430054 7 
0 0.045107 7 
0 0.045108 7 
0 0.0458678 7 
0 0.0466213 7 
0 0.0471126 7 
0 0.0504302 7 
0 0.0552445 7 
0 0.0570962 7 
0 0.0598649 7 
0 0.0636116 7 
0 0.0641494 7 
0 0.0657513 7 
0 0.0693445 7 
0 0.0727635 7 
0 0.0743355 7 
0 0.077237 7 
0 0.0784219 7 
0 0.0818832 7 
0 0.0825875 7 
0 0.0939773 7 
0 0.10763 7 
0 0.13009 7 
0 0.143368 7 
0 0.154317 7 
0 0.190337 7 
0 0.198951 7 
0 0.208316 7 
0 0.253461 7 
0 0.257323 7 
0 0.299795 7 
0 0.307317 7 
0 0.310907 7 
0 0.349472 7 
0 0.350265 7 
0 0.393933 7 
0 0.395076 7 
0 0.410319 7 
0 0.428629 7 
0 0.466339 7 
0 0.472327 7 
0 0.484949 7 
0 0.48736 7 
0 0.489987 7 
0 0.499256 7 
0 0.499719 7 
0 0.5151 7 
0 0.51826 7 
0 0.527616 7 
0 0.532327 7 
0 0.543671 7 
0 0.554109 7 
0 0.561574 7 
0 0.576519 7 
0 0.604322 7 
0 0.611496 7 
0 0.633792 7 
0 0.642397 7 
0 0.643116 7 
0 0.677685 7 
0 0.70352 7 
0 0.707142 7 
0 0.712354 7 
0 0.759003 7 
0 0.787032 7 
0 0.84573 7 
0 1.08813 7 
0 1.09119 7 
0 1.09348 7 
0 1.15134 7 
0 1.23221 7 
0 1.29809 7 
0 1.32143 7 
0 1.40932 7 
0 1.43053 7 
0 1.43064 7 
0 1.43311 7 
0 1.44366 7 
0 1.44501 7 
0 1.62629 7 
0 1.66467 7 
0 1.66525 7 
0 1.66539 7 
0 1.68468 7 
0 1.68487 7 
0 1.68544 7 
0 1.70532 7 
0 1.71875 7 
0 2.0502 7 
0 2.42519 7 
0 inf 7 
0 0.0209599 8 
0 0.0267691 8 
0 0.0300255 8 
0 0.0315411 8 
0 0.0353348 8 
0 0.0366205 8 
0 0.0399451 8 
0 0.0466186 8 
0 0.0485608 8 
0 0.0495035 8 
0 0.0497394 8 
0 0.0520112 8 
0 0.054188 8 
0 0.0550361 8 
0 0.0562791 8 
0 0.0575033 8 
0 0.0582974 8 
0 0.0608195 8 
0 0.0645113 8 
0 0.0659276 8 
0 0.0678288 8 
0 0.0685078 8 
0 0.068845 8 
0 0.0751063 8 
0 0.0785741 8 
0 0.0787144 8 
0 0.0820188 8 
0 0.0845202 8 
0 0.0866834 8 
0 0.0891753 8 
0 0.106982 8 
0 0.109438 8 
0 0.118854 8 
0 0.124924 8 
0 0.148352 8 
0 0.186218 8 
0 0.201664 8 
0 0.203263 8 
0 0.205074 8 
0 0.205812 8 
0 0.252285 8 
0 0.258936 8 
0 0.279896 8 
0 0.281543 8 
0 0.33096 8 
0 0.331518 8 
0 0.364637 8 
0 0.379639 8 
0 0.388637 8 
0 0.411248 8 
0 0.432468 8 
0 0.479277 8 
0 0.484292 8 
0 0.502495 8 
0 0.50558 8 
0 0.506163 8 
0 0.513056 8 
0 0.513977 8 
0 0.517297 8 
0 0.527995 8 
0 0.528439 8 
0 0.530288 8 
0 0.533852 8 
0 0.553336 8 
0 0.566781 8 
0 0.603116 8 
0 0.606516 8 
0 0.657229 8 
0 0.660239 8 
0 0.664149 8 
0 0.677005 8 
0 0.677261 8 
0 0.709641 8 
0 0.796602 8 
0 0.822657 8 
0 0.899477 8 
0 0.913672 8 
0 0.922803 8 
0 0.941009 8 
0 0.951423 8 
0 0.959641 8 
0 0.968379 8 
0 1.09152 8 
0 1.09204 8 
0 1.09398 8 
0 1.10471 8 
0 1.12207 8 
0 1.15731 8 
0 1.25309 8 
0 1.27161 8 
0 1.27757 8 
0 1.31067 8 
0 1.32007 8 
0 1.32269 8 
0 1.38007 8 
0 1.43333 8 
0 1.60934 8 
0 1.6456 8 
0 1.64577 8 
0 1.66037 8 
0 1.67756 8 
0 1.67762 8 
0 1.71719 8 
0 inf 8 
0 0.0300246 9 
0 0.030032 9 
0 0.0372471 9 
0 0.0387663 9 
0 0.0448493 9 
0 0.0466231 9 
0 0.0478422 9 
0 0.053117 9 
0 0.0533303 9 
0 0.0594756 9 
0 0.0621368 9 
0 0.0639715 9 
0 0.0655794 9 
0 0.0691767 9 
0 0.070995 9 
0 0.0773784 9 
0 0.0782741 9 
0 0.0791524 9 
0 0.0795951 9 
0 0.0872155 9 
0 0.08931 9 
0 0.116993 9 
0 0.121166 9 
0 0.121167 9 
0 0.123439 9 
0 0.126843 9 
0 0.138274 9 
0 0.14166 9 
0 0.16256 9 
0 0.167771 9 
0 0.186287 9 
0 0.198101 9 
0 0.20063 9 
0 0.226062 9 
0 0.22813 9 
0 0.258756 9 
0 0.30806 9 
0 0.309856 9 
0 0.326361 9 
0 0.334202 9 
0 0.345834 9 
0 0.368488 9 
0 0.391029 9 
0 0.401779 9 
0 0.407492 9 
0 0.409134 9 
0 0.417137 9 
0 0.485652 9 
0 0.485652 9 
0 0.499815 9 
0 0.506003 9 
0 0.508556 9 
0 0.542702 9 
0 0.543372 9 
0 0.545346 9 
0 0.54668 9 
0 0.553983 9 
0 0.560247 9 
0 0.580323 9 
0 0.601677 9 
0 0.633628 9 
0 0.635541 9 
0 0.673569 9 
0 0.673981 9 
0 0.731188 9 
0 0.733613 9 
0 0.734736 9 
0 0.776252 9 
0 0.79411 9 
0 0.803369 9 
0 0.818399 9 
0 0.833874 9 
0 0.846397 9 
0 0.899092 9 
0 0.916412 9 
0 0.943138 9 
0 0.988682 9 
0 1.08935 9 
0 1.08969 9 
0 1.11236 9 
0 1.16316 9 
0 1.18992 9 
0 1.19027 9 
0 1.2458 9 
0 1.25046 9 
0 1.25047 9 
0 1.25071 9 
0 1.26425 9 
0 1.26565 9 
0 1.32526 9 
0 1.38645 9 
0 1.38665 9 
0 1.64522 9 
0 1.64601 9 
0 1.67446 9 
0 1.76287 9 
0 1.76338 9 
0 2.13779 9 
0 2.13918 9 
0 inf 9 
0 0.0366215 10 
0 0.0410833 10 
0 0.0419204 10 
0 0.0468648 10 
0 0.0487983 10 
0 0.0522327 10 
0 0.053543 10 
0 0.0558648 10 
0 0.0564841 10 
0 0.0582967 10 
0 0.0645112 10 
0 0.0751064 10 
0 0.0763324 10 
0 0.08287 10 
0 0.085873 10 
0 0.0934733 10 
0 0.0968822 10 
0 0.11328 10 
0 0.127403 10 
0 0.129557 10 
0 0.135909 10 
0 0.159217 10 
0 0.174528 10 
0 0.180935 10 
0 0.204454 10 
0 0.205811 10 
0 0.207761 10 
0 0.21108 10 
0 0.240341 10 
0 0.257053 10 
0 0.270205 10 
0 0.272071 10 
0 0.277005 10 
0 0.284549 10 
0 0.293057 10 
0 0.354361 10 
0 0.356336 10 
0 0.359541 10 
0 0.363347 10 
0 0.36912 10 
0 0.38092 10 
0 0.410573 10 
0 0.442505 10 
0 0.445239 10 
0 0.465925 10 
0 0.473871 10 
0 0.488178 10 
0 0.491612 10 
0 0.497386 10 
0 0.509045 10 
0 0.512988 10 
0 0.513461 10 
0 0.544365 10 
0 0.553608 10 
0 0.577986 10 
0 0.601992 10 
0 0.630616 10 
0 0.631257 10 
0 0.642862 10 
0 0.643293 10 
0 0.693238 10 
0 0.696914 10 
0 0.713445 10 
0 0.713494 10 
0 0.71364 10 
0 0.833157 10 
0 0.910601 10 
0 0.920337 10 
0 0.920739 10 
0 0.935905 10 
0 1.05594 10 
0 1.05664 10 
0 1.05854 10 
0 1.06185 10 
0 1.08702 10 
0 1.08743 10 
0 1.12972 10 
0 1.12983 10 
0 1.20134 10 
0 1.20181 10 
0 1.24751 10 
0 1.24992 10 
0 1.30395 10 
0 1.30459 10 
0 1.30819 10 
0 1.33222 10 
0 1.33223 10 
0 1.37654 10 
0 1.64622 10 
0 1.64664 10 
0 1.6749 10 
0 1.68508 10 
0 1.68512 10 
0 1.9607 10 
0 1.96094 10 
0 inf 10 
0 0.0366137 11 
0 0.0531101 11 
0 0.0541892 11 
0 0.0562785 11 
0 0.0623223 11 
0 0.0804544 11 
0 0.0921141 11 
0 0.105343 11 
0 0.112037 11 
0 0.114998 11 
0 0.124089 11 
0 0.14758 11 
0 0.147889 11 
0 0.153712 11 
0 0.164471 11 
0 0.167878 11 
0 0.169554 11 
0 0.181155 11 
0 0.193412 11 
0 0.20687 11 
0 0.222508 11 
0 0.232107 11 
0 0.236885 11 
0 0.254016 11 
0 0.256871 11 
0 0.263884 11 
0 0.266589 11 
0 0.278972 11 
0 0.302817 11 
0 0.319025 11 
0 0.377291 11 
0 0.399788 11 
0 0.400713 11 
0 0.412434 11 
0 0.413023 11 
0 0.41819 11 
0 0.426612 11 
0 0.444578 11 
0 0.444777 11 
0 0.474281 11 
0 0.480564 11 
0 0.482402 11 
0 0.510151 11 
0 0.510627 11 
0 0.510985 11 
0 0.511324 11 
0 0.512272 11 
0 0.523416 11 
0 0.555026 11 
0 0.599097 11 
0 0.604839 11 
0 0.628736 11 
0 0.638098 11 
0 0.676784 11 
0 0.676835 11 
0 0.698106 11 
0 0.705026 11 
0 0.740699 11 
0 0.741822 11 
0 0.744659 11 
0 0.744752 11 
0 0.74487 11 
0 0.744923 11 
0 0.751003 11 
0 0.755317 11 
0 0.765895 11 
0 0.842896 11 
0 0.881773 11 
0 0.940939 11 
0 1.05558 11 
0 1.05896 11 
0 1.08847 11 
0 1.08966 11 
0 1.13226 11 
0 1.13255 11 
0 1.13275 11 
0 1.16661 11 
0 1.18382 11 
0 1.21736 11 
0 1.2174 11 
0 1.27818 11 
0 1.27832 11 
0 1.28225 11 
0 1.28443 11 
0 1.34567 11 
0 1.34574 11 
0 1.64529 11 
0 1.64617 11 
0 1.65329 11 
0 1.65427 11 
0 1.65444 11 
0 inf 11 
0 0.0676546 12 
0 0.0944695 12 
0 0.0955588 12 
0 0.0978274 12 
0 0.113478 12 
0 0.129917 12 
0 0.14679 12 
0 0.161093 12 
0 0.162166 12 
0 0.166842 12 
0 0.188388 12 
0 0.199298 12 
0 0.219192 12 
0 0.224246 12 
0 0.261599 12 
0 0.267754 12 
0 0.27225 12 
0 0.272615 12 
0 0.287983 12 
0 0.30093 12 
0 0.303724 12 
0 0.3111 12 
0 0.338882 12 
0 0.366928 12 
0 0.367274 12 
0 0.36799 12 
0 0.36799 12 
0 0.379799 12 
0 0.396428 12 
0 0.404574 12 
0 0.405443 12 
0 0.40551 12 
0 0.410403 12 
0 0.46421 12 
0 0.468116 12 
0 0.478121 12 
0 0.480641 12 
0 0.480905 12 
0 0.485237 12 
0 0.494179 12 
0 0.499079 12 
0 0.507949 12 
0 0.511162 12 
0 0.520078 12 
0 0.523468 12 
0 0.531049 12 
0 0.531506 12 
0 0.544422 12 
0 0.550988 12 
0 0.554789 12 
0 0.554894 12 
0 0.556894 12 
0 0.558114 12 
0 0.582486 12 
0 0.593136 12 
0 0.633812 12 
0 0.635269 12 
0 0.648381 12 
0 0.665706 12 
0 0.687507 12 
0 0.692787 12 
0 0.702991 12 
0 0.75388 12 
0 0.755305 12 
0 0.847812 12 
0 0.872415 12 
0 0.887882 12 
0 0.924942 12 
0 0.925504 12 
0 0.926004 12 
0 0.932757 12 
0 0.933668 12 
0 0.936221 12 
0 0.953157 12 
0 1.09169 12 
0 1.09227 12 
0 1.09869 12 
0 1.09877 12 
0 1.10302 12 
0 1.2975 12 
0 1.29835 12 
0 1.29856 12 
0 1.64548 12 
0 1.64699 12 
0 1.66357 12 
0 1.66363 12 
0 1.66438 12 
0 inf 12 
0 0.077078 13 
0 0.0779684 13 
0 0.0822974 13 
0 0.120109 13 
0 0.159038 13 
0 0.159621 13 
0 0.167841 13 
0 0.167842 13 
0 0.179518 13 
0 0.213819 13 
0 0.239075 13 
0 0.25202 13 
0 0.263577 13 
0 0.269773 13 
0 0.275697 13 
0 0.279321 13 
0 0.315308 13 
0 0.316734 13 
0 0.325562 13 
0 0.326617 13 
0 0.327465 13 
0 0.3294 13 
0 0.337958 13 
0 0.341322 13 
0 0.345836 13 
0 0.351439 13 
0 0.362427 13 
0 0.362473 13 
0 0.362779 13 
0 0.3637 13 
0 0.367037 13 
0 0.378772 13 
0 0.380477 13 
0 0.380569 13 
0 0.391399 13 
0 0.422999 13 
0 0.423026 13 
0 0.423217 13 
0 0.42809 13 
0 0.444633 13 
0 0.448984 13 
0 0.452108 13 
0 0.469222 13 
0 0.472058 13 
0 0.493231 13 
0 0.536294 13 
0 0.536836 13 
0 0.566978 13 
0 0.622401 13 
0 0.695003 13 
0 0.718476 13 
0 0.776124 13 
0 0.78098 13 
0 0.785761 13 
0 0.824672 13 
0 0.824896 13 
0 0.82624 13 
0 0.830478 13 
0 0.831355 13 
0 0.83173 13 
0 0.864093 13 
0 0.902269 13 
0 0.955284 13 
0 0.962906 13 
0 1.08716 13 
0 1.08954 13 
0 1.11533 13 
0 1.11548 13 
0 1.11583 13 
0 1.27237 13 
0 1.27269 13 
0 1.27269 13 
0 1.31464 13 
0 1.31689 13 
0 1.32061 13 
0 1.39424 13 
0 1.39424 13 
0 1.3956 13 
0 1.64791 13 
0 1.65127 13 
0 1.75435 13 
0 1.75435 13 
0 1.75725 13 
0 inf 13 
0 0.0471144 14 
0 0.0834134 14 
0 0.107839 14 
0 0.124178 14 
0 0.137435 14 
0 0.159942 14 
0 0.253483 14 
0 0.259032 14 
0 0.262081 14 
0 0.264438 14 
0 0.292716 14 
0 0.303016 14 
0 0.305009 14 
0 0.309531 14 
0 0.310133 14 
0 0.310952 14 
0 0.311954 14 
0 0.312139 14 
0 0.313982 14 
0 0.314058 14 
0 0.320229 14 
0 0.328169 14 
0 0.328732 14 
0 0.331673 14 
0 0.332091 14 
0 0.345934 14 
0 0.368991 14 
0 0.369022 14 
0 0.370564 14 
0 0.374505 14 
0 0.377488 14 
0 0.378008 14 
0 0.37816 14 
0 0.397859 14 
0 0.398469 14 
0 0.398934 14 
0 0.402625 14 
0 0.428457 14 
0 0.447432 14 
0 0.472933 14 
0 0.504356 14 
0 0.557062 14 
0 0.56352 14 
0 0.568573 14 
0 0.570407 14 
0 0.596514 14 
0 0.596669 14 
0 0.699827 14 
0 0.735395 14 
0 0.754957 14 
0 0.755018 14 
0 0.7613 14 
0 0.792032 14 
0 0.911412 14 
0 1.00713 14 
0 1.03066 14 
0 1.09063 14 
0 1.24408 14 
0 1.24415 14 
0 1.24438 14 
0 1.24804 14 
0 1.25335 14 
0 1.25343 14 
0 1.25923 14 
0 1.25923 14 
0 1.25927 14 
0 1.27492 14 
0 1.31224 14 
0 1.31254 14 
0 1.31261 14 
0 1.55882 14 
0 1.64562 14 
0 1.64956 14 
0 1.699 14 
0 1.699 14 
0 1.69907 14 
0 1.87347 14 
0 1.89935 14 
0 1.89941 14 
0 inf 14 
0 0.0478417 15 
0 0.0757161 15 
0 0.0769319 15 
0 0.109118 15 
0 0.132549 15 
0 0.156472 15 
0 0.159144 15 
0 0.159362 15 
0 0.161094 15 
0 0.161094 15 
0 0.211135 15 
0 0.237131 15 
0 0.238152 15 
0 0.238298 15 
0 0.238823 15 
0 0.255618 15 
0 0.264147 15 
0 0.265543 15 
0 0.270717 15 
0 0.270717 15 
0 0.271127 15 
0 0.275171 15 
0 0.287599 15 
0 0.288339 15 
0 0.302355 15 
0 0.321732 15 
0 0.326014 15 
0 0.326156 15 
0 0.342788 15 
0 0.378862 15 
0 0.378984 15 
0 0.391291 15 
0 0.391615 15 
0 0.398606 15 
0 0.40092 15 
0 0.40092 15 
0 0.401035 15 
0 0.429263 15 
0 0.479836 15 
0 0.523762 15 
0 0.562639 15 
0 0.563519 15 
0 0.639148 15 
0 0.647184 15 
0 0.756157 15 
0 0.756646 15 
0 0.756829 15 
0 0.756967 15 
0 0.763642 15 
0 0.782547 15 
0 0.810483 15 
0 0.825632 15 
0 0.844685 15 
0 0.844904 15 
0 0.845341 15 
0 1.09228 15 
0 1.10067 15 
0 1.16588 15 
0 1.16608 15 
0 1.16608 15 
0 1.19104 15 
0 1.27815 15 
0 1.29582 15 
0 1.29617 15 
0 1.29625 15 
0 1.3174 15 
0 1.31908 15 
0 1.31911 15 
0 1.55472 15 
0 1.55484 15 
0 1.55558 15 
0 1.65533 15 
0 1.6665 15 
0 1.66658 15 
0 1.66667 15 
0 inf 15 
0 0.0706615 16 
0 0.0743352 16 
0 0.0815933 16 
0 0.0912299 16 
0 0.102671 16 
0 0.105339 16 
0 0.11398 16 
0 0.121066 16 
0 0.162878 16 
0 0.165692 16 
0 0.190671 16 
0 0.191578 16 
0 0.219864 16 
0 0.219864 16 
0 0.225793 16 
0 0.273732 16 
0 0.27407 16 
0 0.274407 16 
0 0.27508 16 
0 0.321507 16 
0 0.327676 16 
0 0.328381 16 
0 0.328521 16 
0 0.331045 16 
0 0.336497 16 
0 0.377707 16 
0 0.398039 16 
0 0.41686 16 
0 0.439575 16 
0 0.439864 16 
0 0.441123 16 
0 0.442797 16 
0 0.449874 16 
0 0.451413 16 
0 0.549477 16 
0 0.560063 16 
0 0.560567 16 
0 0.60503 16 
0 0.617762 16 
0 0.618062 16 
0 0.618192 16 
0 0.647626 16 
0 0.75864 16 
0 0.759052 16 
0 0.75925 16 
0 0.759752 16 
0 0.779349 16 
0 0.826909 16 
0 0.906942 16 
0 0.916209 16 
0 0.921593 16 
0 0.923398 16 
0 1.02675 16 
0 1.09347 16 
0 1.111 16 
0 1.1111 16 
0 1.1111 16 
0 1.12208 16 
0 1.26714 16 
0 1.26761 16 
0 1.26863 16 
0 1.311 16 
0 1.31114 16 
0 1.31121 16 
0 1.36463 16 
0 1.37065 16 
0 1.37086 16 
0 1.66009 16 
0 1.66014 16 
0 1.66016 16 
0 1.66019 16 
0 inf 16 
0 0.0717963 17 
0 0.0741726 17 
0 0.0829983 17 
0 0.0891749 17 
0 0.154386 17 
0 0.154386 17 
0 0.156247 17 
0 0.174093 17 
0 0.178262 17 
0 0.179811 17 
0 0.180325 17 
0 0.188746 17 
0 0.285675 17 
0 0.285756 17 
0 0.287088 17 
0 0.293225 17 
0 0.36003 17 
0 0.36617 17 
0 0.368126 17 
0 0.371409 17 
0 0.389992 17 
0 0.397008 17 
0 0.397241 17 
0 0.397241 17 
0 0.397445 17 
0 0.532794 17 
0 0.53351 17 
0 0.53952 17 
0 0.559903 17 
0 0.600315 17 
0 0.601412 17 
0 0.601412 17 
0 0.604399 17 
0 0.608345 17 
0 0.624416 17 
0 0.62725 17 
0 0.636399 17 
0 0.637397 17 
0 0.639516 17 
0 0.685374 17 
0 0.696086 17 
0 0.709194 17 
0 0.76017 17 
0 0.780826 17 
0 0.780826 17 
0 0.781003 17 
0 0.781536 17 
0 0.840269 17 
0 0.840544 17 
0 0.948732 17 
0 0.954018 17 
0 0.96161 17 
0 0.963531 17 
0 1.06339 17 
0 1.1028 17 
0 1.10824 17 
0 1.10831 17 
0 1.10834 17 
0 1.2733 17 
0 1.31098 17 
0 1.31106 17 
0 1.31122 17 
0 1.31128 17 
0 1.67245 17 
0 1.67259 17 
0 1.6726 17 
0 1.67279 17 
0 inf 17 
0 0.111627 18 
0 0.11235 18 
0 0.113171 18 
0 0.19079 18 
0 0.19097 18 
0 0.190971 18 
0 0.191093 18 
0 0.192747 18 
0 0.219287 18 
0 0.220969 18 
0 0.221803 18 
0 0.348599 18 
0 0.353865 18 
0 0.35455 18 
0 0.360529 18 
0 0.360786 18 
0 0.362799 18 
0 0.363689 18 
0 0.411555 18 
0 0.411585 18 
0 0.415355 18 
0 0.423682 18 
0 0.426157 18 
0 0.430217 18 
0 0.43062 18 
0 0.43062 18 
0 0.446948 18 
0 0.466388 18 
0 0.519309 18 
0 0.557768 18 
0 0.557872 18 
0 0.558679 18 
0 0.602234 18 
0 0.602311 18 
0 0.602541 18 
0 0.60825 18 
0 0.710022 18 
0 0.732272 18 
0 0.732903 18 
0 0.733613 18 
0 0.757908 18 
0 0.758595 18 
0 0.758975 18 
0 0.760679 18 
0 0.863235 18 
0 1.11121 18 
0 1.1124 18 
0 1.1127 18 
0 1.11274 18 
0 1.11497 18 
0 1.15362 18 
0 1.15738 18 
0 1.15833 18 
0 1.25161 18 
0 1.25176 18 
0 1.32451 18 
0 1.32451 18 
0 1.32471 18 
0 1.32652 18 
0 1.67314 18 
0 1.67316 18 
0 1.67321 18 
0 1.67473 18 
0 inf 18 
0 0.128565 19 
0 0.129372 19 
0 0.134197 19 
0 0.212275 19 
0 0.212383 19 
0 0.212655 19 
0 0.222438 19 
0 0.241952 19 
0 0.248372 19 
0 0.256455 19 
0 0.25668 19 
0 0.256815 19 
0 0.262439 19 
0 0.262747 19 
0 0.262836 19 
0 0.267423 19 
0 0.26807 19 
0 0.29404 19 
0 0.294354 19 
0 0.295295 19 
0 0.413854 19 
0 0.413854 19 
0 0.413993 19 
0 0.430888 19 
0 0.430969 19 
0 0.431933 19 
0 0.553858 19 
0 0.554421 19 
0 0.554567 19 
0 0.568482 19 
0 0.572921 19 
0 0.579757 19 
0 0.601984 19 
0 0.602291 19 
0 0.602349 19 
0 0.605893 19 
0 0.740078 19 
0 0.740157 19 
0 0.740188 19 
0 0.771574 19 
0 0.796114 19 
0 0.796346 19 
0 1.12943 19 
0 1.13563 19 
0 1.13566 19 
0 1.25286 19 
0 1.2539 19 
0 1.27792 19 
0 1.31091 19 
0 1.31109 19 
0 1.31165 19 
0 1.31368 19 
0 1.31403 19 
0 1.32044 19 
0 1.41679 19 
0 1.68405 19 
0 1.68789 19 
0 1.68791 19 
0 1.68791 19 
0 inf 19 
0 0.082029 20 
0 0.0857496 20 
0 0.105889 20 
0 0.110169 20 
0 0.110389 20 
0 0.111732 20 
0 0.134467 20 
0 0.157068 20 
0 0.203945 20 
0 0.2062 20 
0 0.206928 20 
0 0.246074 20 
0 0.253844 20 
0 0.256566 20 
0 0.257241 20 
0 0.259075 20 
0 0.26001 20 
0 0.262136 20 
0 0.263142 20 
0 0.266271 20 
0 0.266488 20 
0 0.267462 20 
0 0.268175 20 
0 0.409558 20 
0 0.409699 20 
0 0.409784 20 
0 0.436857 20 
0 0.43728 20 
0 0.437491 20 
0 0.554734 20 
0 0.555068 20 
0 0.555171 20 
0 0.602082 20 
0 0.602368 20 
0 0.602522 20 
0 0.603461 20 
0 0.623864 20 
0 0.62416 20 
0 0.700954 20 
0 0.709708 20 
0 0.709708 20 
0 0.830614 20 
0 0.83099 20 
0 1.13001 20 
0 1.13062 20 
0 1.25959 20 
0 1.26022 20 
0 1.3056 20 
0 1.30613 20 
0 1.3693 20 
0 1.37014 20 
0 1.67445 20 
0 1.67459 20 
0 1.96239 20 
0 2.57135 20 
0 inf 20 
