6.26938 8.30154 1 
2.07903 2.13839 1 
0.899524 2.20239 1 
0.289894 0.339118 1 
0.286493 0.292759 1 
0.181936 0.200766 1 
0.145526 0.166119 1 
0.114682 0.12693 1 
0.104946 0.112882 1 
0.101542 0.102399 1 
0.0962068 0.0969674 1 
0.0929618 0.0966718 1 
0.091686 0.0962091 1 
0.0850566 0.124833 1 
0.0834977 0.0978724 1 
0.0782438 0.0791743 1 
0.0747992 0.0804588 1 
0.0720137 0.0778774 1 
0.0682405 0.0691047 1 
0.0671649 0.0740121 1 
0.0671645 0.0763498 1 
0.0660648 0.070151 1 
0.0647302 0.0665118 1 
0.0647214 0.0769225 1 
0.0635794 0.0728147 1 
0.062651 0.0761577 1 
0.0624179 0.0744065 1 
0.0609935 0.066065 1 
0.0590409 0.0628849 1 
6.03721 6.59258 2 
6.01109 6.62243 2 
5.86234 5.91779 2 
5.31395 5.45351 2 
5.1234 6.65034 2 
1.93811 1.93858 2 
0.740311 2.95696 2 
0.261697 0.279508 2 
0.251251 0.251424 2 
0.235543 0.29669 2 
0.232097 0.242951 2 
0.213286 0.221768 2 
0.141447 0.146832 2 
0.128534 0.147129 2 
0.094832 0.0959084 2 
0.0916802 0.0952881 2 
0.0813706 0.0959084 2 
0.0806407 0.0811839 2 
0.0786175 0.0811839 2 
0.0782439 0.0824372 2 
0.0746031 0.0827915 2 
0.0740083 0.0763476 2 
0.0724112 0.0833205 2 
0.0697343 0.0728141 2 
0.0690989 0.0749939 2 
0.0678157 0.0855754 2 
0.686887 3.06543 3 
0.256669 0.279035 3 
0.25154 0.283098 3 
0.23361 0.257352 3 
0.231594 0.295502 3 
0.216694 0.256554 3 
0.185522 0.185682 3 
0.140721 0.153275 3 
0.140721 0.157233 3 
0.0890944 0.0952905 3 
0.0761571 0.0969672 3 
0.0761569 0.0827918 3 
0.0746033 0.0820814 3 
0.0722084 0.0822592 3 
0.0680311 0.0857466 3 
0.741324 2.93285 4 
0.312929 0.321609 4 
0.244813 0.298217 4 
0.240222 0.245231 4 
0.226413 0.227185 4 
0.225763 0.237525 4 
0.223812 0.233796 4 
0.211701 0.227511 4 
0.144315 0.149499 4 
0.102255 0.109319 4 
0.0949799 0.0960597 4 
0.0912097 0.0912109 4 
0.0891018 0.0999497 4 
0.087944 0.101403 4 
0.0833184 0.0894256 4 
0.0815441 0.0817233 4 
0.0774919 0.0859169 4 
0.07519 0.0829687 4 
0.0631177 0.0635794 4 
2.59011 2.598 5 
1.26081 2.63668 5 
0.268983 0.269253 5 
0.235915 0.256098 5 
0.235106 0.243615 5 
0.186622 0.195966 5 
0.121986 0.124488 5 
0.121985 0.124247 5 
0.105919 0.106334 5 
0.0797316 0.0915381 5 
0.07673 0.0860939 5 
0.0759626 0.0797338 5 
0.0755759 0.0797258 5 
2.57973 2.89089 6 
2.57765 2.8754 6 
2.56158 2.86457 6 
2.55711 2.84958 6 
2.40416 2.40774 6 
2.27314 2.4012 6 
2.26618 2.39889 6 
1.43462 2.42334 6 
0.293664 0.295305 6 
0.260354 0.262815 6 
0.222891 0.226411 6 
0.192952 0.214109 6 
0.171745 0.174119 6 
0.131573 0.135197 6 
0.108512 0.111842 6 
0.0724178 0.0761614 6 
2.24903 2.55434 7 
2.24039 2.33987 7 
2.23758 2.33596 7 
2.23465 2.50383 7 
2.08801 2.12776 7 
2.08254 2.14006 7 
2.04916 2.10846 7 
1.85341 2.2173 7 
2.6788 2.99949 8 
2.02578 2.38752 8 
1.93984 2.07635 8 
1.88558 1.89529 8 
1.88104 1.89117 8 
1.87399 1.89528 8 
1.8196 1.90747 8 
1.06921 1.09803 8 
0.150572 0.164784 8 
0.096064 0.108247 8 
2.15983 2.16977 9 
2.06098 2.44023 9 
1.93741 1.97233 9 
1.67076 1.6734 9 
1.62759 1.72398 9 
1.60831 1.63394 9 
1.51789 1.69123 9 
1.11123 1.28055 9 
0.144315 0.169602 9 
0.113273 0.123774 9 
2.56021 2.64028 10 
2.48779 2.61222 10 
1.86221 2.19302 10 
1.86183 2.21094 10 
1.41891 1.44328 10 
1.38301 1.47544 10 
2.19771 2.76947 11 
2.13823 2.76279 11 
1.73743 1.86639 11 
1.7372 1.86555 11 
1.58256 1.61924 11 
1.23367 1.26012 11 
0.689452 0.71364 11 
0.496754 0.557849 11 
1.25445 1.28575 12 
1.22311 1.30646 12 
1.02448 1.18571 12 
0.859013 0.883538 12 
0.42593 0.448492 12 
1.90169 1.94918 13 
1.20987 1.24167 13 
0.906572 1.09465 13 
0.882717 0.959031 13 
0.864715 0.993794 13 
0.794667 1.05359 13 
0.445068 0.470364 13 
1.99495 2.07972 14 
1.98658 2.06059 14 
1.18898 1.44067 14 
0.792337 1.05598 14 
0.785566 0.937495 14 
0.749576 0.953685 14 
0.633038 0.635389 14 
2.48627 2.58069 15 
1.74646 1.77328 15 
1.74574 1.77216 15 
1.74238 1.74712 15 
1.01712 1.12968 15 
0.993958 1.01834 15 
0.86926 0.912511 15 
0.454871 0.479945 15 
2.46038 2.67409 16 
2.44186 2.67176 16 
1.74255 1.79592 16 
1.74227 1.79591 16 
1.74103 1.79591 16 
1.27657 1.37256 16 
1.98653 2.48867 17 
1.98491 2.50446 17 
1.7609 1.76444 17 
1.5703 1.71631 17 
1.49994 1.81603 17 
1.85861 1.88801 18 
1.8446 1.87812 18 
1.83364 1.97857 18 
1.77347 1.94826 18 
1.59965 1.94667 18 
0.253227 0.257689 18 
0.251369 0.255118 18 
1.33489 1.40247 19 
1.33056 1.36252 19 
1.32579 1.37362 19 
0.936949 0.984273 19 
0.569055 0.571819 19 
1.0395 1.27542 20 
1.03779 1.28166 20 
0.708367 0.727708 20 
0.700215 0.727708 20 
