5.30572 9.37922 1 
0.680083 1.59422 1 
0.407972 0.588668 1 
0.348817 0.368776 1 
0.339032 0.421686 1 
0.320332 0.340427 1 
0.217542 0.232703 1 
0.212019 0.219708 1 
0.192562 0.211352 1 
0.177712 0.204511 1 
0.173391 0.190836 1 
0.172566 0.204741 1 
0.166981 0.175834 1 
0.164981 0.178776 1 
0.160613 0.161202 1 
0.15703 0.164116 1 
0.153053 0.177177 1 
0.145099 0.15703 1 
0.135638 0.137028 1 
0.117667 0.118072 1 
0.100736 0.103523 1 
0.0978716 0.111463 1 
0.0973854 0.106234 1 
0.094917 0.105787 1 
0.0923859 0.0923882 1 
0.0903122 0.101204 1 
0.0892522 0.094417 1 
0.0865577 0.093915 1 
0.0865574 0.0964065 1 
0.0820585 0.0881833 1 
0.0803066 0.0973838 1 
0.0779085 0.100266 1 
0.0600414 0.0667741 1 
0.0600284 0.0623508 1 
0.0592412 0.0600365 1 
0.0467031 0.0496527 1 
0.0435497 0.0496488 1 
0.035107 0.0364277 1 
6.63198 6.82429 2 
6.62374 6.71858 2 
4.26677 6.92185 2 
0.550008 2.14365 2 
0.491766 0.495231 2 
0.443604 0.475692 2 
0.441353 0.47897 2 
0.421236 0.517696 2 
0.409945 0.41637 2 
0.390393 0.516697 2 
0.356753 0.500942 2 
0.326494 0.352202 2 
0.252453 0.27989 2 
0.225887 0.247134 2 
0.186819 0.215572 2 
0.180097 0.19034 2 
0.177177 0.194042 2 
0.174747 0.191085 2 
0.172568 0.18452 2 
0.160023 0.183226 2 
0.13174 0.135634 2 
0.104434 0.107126 2 
0.104434 0.104434 2 
0.104434 0.106236 2 
0.102139 0.10888 2 
0.101205 0.101206 2 
0.10026 0.103974 2 
0.0983541 0.115228 2 
0.0973836 0.0993154 2 
0.0968977 0.107126 2 
0.0954162 0.111038 2 
0.080306 0.0814798 2 
0.079714 0.119272 2 
0.0791173 0.0954159 2 
0.0785147 0.0881838 2 
0.0550889 0.0623555 2 
0.0477059 0.0600219 2 
0.0435497 0.0496488 2 
0.0351014 0.03894 2 
4.94996 5.0603 3 
4.84088 5.27764 3 
4.65277 5.18707 3 
3.72309 5.54535 3 
0.533039 0.537652 3 
0.502857 2.00863 3 
0.502826 0.542826 3 
0.437257 0.454902 3 
0.433551 0.449555 3 
0.420676 0.463885 3 
0.415687 0.464084 3 
0.415 0.429489 3 
0.412138 0.458328 3 
0.401882 0.406341 3 
0.350853 0.382289 3 
0.24771 0.299846 3 
0.144774 0.177978 3 
0.102137 0.104886 3 
0.101206 0.103979 3 
0.100265 0.105788 3 
0.0993144 0.104435 3 
0.0949202 0.111037 3 
0.088722 0.0892554 3 
0.088719 0.109313 3 
0.0881859 0.115224 3 
0.0860084 0.108007 3 
0.0576125 0.0638695 3 
0.048692 0.0524515 3 
0.04869 0.0506028 3 
3.626 4.23533 4 
3.62537 4.2365 4 
3.62481 4.22915 4 
1.73375 1.74282 4 
1.72362 1.73845 4 
1.72122 1.74303 4 
0.818646 1.77797 4 
0.511988 0.514853 4 
0.424943 0.432236 4 
0.387096 0.449034 4 
0.363083 0.430049 4 
0.36269 0.373511 4 
0.358477 0.449034 4 
0.345403 0.399868 4 
0.344169 0.349778 4 
0.14246 0.152122 4 
0.12585 0.12772 4 
0.112311 0.12772 4 
0.0978729 0.101674 4 
0.0928991 0.0988351 4 
0.0865588 0.105339 4 
0.0778987 0.0854568 4 
0.0608119 0.0623524 4 
1.43042 1.55397 5 
1.42803 1.5144 5 
1.10241 1.57699 5 
0.312547 0.324014 5 
0.273545 0.274239 5 
0.217321 0.219499 5 
0.120457 0.146402 5 
0.118874 0.121632 5 
0.106235 0.107567 5 
0.101674 0.115636 5 
0.0826337 0.0865577 5 
0.0638588 0.0660466 5 
1.3797 1.40285 6 
1.22407 1.37344 6 
1.21657 1.39413 6 
0.49022 0.507331 6 
0.163826 0.204511 6 
0.111036 0.113151 6 
0.104434 0.114816 6 
0.0968963 0.101673 6 
0.0959136 0.109313 6 
0.0923878 0.115228 6 
2.01775 2.12457 7 
1.53673 1.58063 7 
1.51369 1.52028 7 
1.07307 1.12759 7 
1.0678 1.13633 7 
1.03791 1.21155 7 
0.447232 0.460705 7 
0.362558 0.364514 7 
0.333529 0.348275 7 
0.326201 0.350315 7 
0.254885 0.255624 7 
0.119272 0.128091 7 
1.49408 1.62375 8 
1.26794 1.38451 8 
0.926749 1.04934 8 
0.471793 0.481246 8 
0.438775 0.44222 8 
0.311171 0.346094 8 
0.255627 0.257292 8 
0.248094 0.310568 8 
0.153361 0.158233 8 
1.67895 1.76718 9 
1.6258 1.92729 9 
1.62074 1.92256 9 
1.24324 1.34185 9 
0.978458 1.02624 9 
0.928304 0.929966 9 
0.833768 0.910481 9 
0.439072 0.441035 9 
0.413395 0.477384 9 
0.320672 0.331849 9 
0.28158 0.287906 9 
1.69444 1.87017 10 
1.69351 1.84737 10 
1.64794 1.72984 10 
1.27867 1.59598 10 
0.749427 0.827946 10 
0.360591 0.423155 10 
0.332576 0.342775 10 
1.36634 1.3899 11 
1.34943 1.3822 11 
1.19171 1.28244 11 
1.16695 1.23491 11 
0.634124 0.634948 11 
0.617073 0.667491 11 
0.471286 0.520257 11 
0.407021 0.419412 11 
0.400461 0.430479 11 
0.393657 0.395694 11 
0.307076 0.378824 11 
1.13176 1.14131 12 
0.627137 0.631502 12 
0.605196 0.827832 12 
0.587793 0.589642 12 
0.46876 0.566759 12 
0.426494 0.441561 12 
0.40774 0.41064 12 
0.359535 0.440553 12 
1.41063 1.41109 13 
1.41053 1.41588 13 
1.37046 1.40893 13 
0.648838 0.706092 13 
0.356755 0.376923 13 
0.348805 0.412481 13 
0.591329 0.599608 14 
1.44641 1.62822 15 
1.43743 1.62822 15 
1.37584 1.61949 15 
0.834449 0.837571 15 
0.232075 0.242284 15 
1.18628 1.36683 16 
1.0348 1.0454 16 
0.435845 0.520303 16 
0.397393 0.40403 16 
1.22624 1.29013 17 
0.325075 0.345942 17 
0.32332 0.341527 17 
0.297667 0.332666 17 
1.01667 1.03516 18 
1.38789 1.53367 19 
1.37385 1.53268 19 
1.36202 1.48776 19 
0.296501 0.422808 19 
1.37039 1.57845 20 
1.29825 1.57748 20 
0.313452 0.33311 20 
0.245979 0.24675 20 
