5.53928 9.19498 1 
0.65118 1.58792 1 
0.470101 0.495774 1 
0.299695 0.317831 1 
0.261408 0.271698 1 
0.259878 0.267671 1 
0.220372 0.247947 1 
0.216183 0.224736 1 
0.214593 0.228269 1 
0.20339 0.218553 1 
0.197982 0.212997 1 
0.173686 0.180779 1 
0.145006 0.147351 1 
0.126033 0.166641 1 
0.124207 0.134796 1 
0.112118 0.114637 1 
0.107962 0.12828 1 
0.102535 0.108492 1 
0.101976 0.102535 1 
0.100281 0.107964 1 
0.100281 0.114138 1 
0.0973905 0.113132 1 
0.0968021 0.106364 1 
0.0950148 0.107964 1 
0.0950148 0.0968021 1 
0.0938044 0.101976 1 
0.0938044 0.0950148 1 
0.0925781 0.114637 1 
0.0834916 0.0997097 1 
0.0821114 0.0985569 1 
0.0814126 0.104193 1 
0.0778226 0.0792772 1 
0.0763406 0.0792772 1 
0.074061 0.0814108 1 
0.070098 0.0725018 1 
0.0692776 0.0692781 1 
0.0692723 0.0724957 1 
0.0667578 0.0676085 1 
0.0658914 0.0700923 1 
0.0641348 0.0658943 1 
0.0623318 0.066758 1 
0.0604704 0.0667577 1 
0.0595194 0.0709094 1 
0.059518 0.0658962 1 
4.83442 6.93711 2 
0.566206 1.94585 2 
0.389111 0.503662 2 
0.3802 0.406907 2 
0.31239 0.31385 2 
0.299883 0.314756 2 
0.265961 0.277529 2 
0.265742 0.358704 2 
0.238308 0.240932 2 
0.231254 0.233468 2 
0.227775 0.254539 2 
0.213526 0.255211 2 
0.20254 0.237349 2 
0.129609 0.132228 2 
0.110578 0.114637 2 
0.104193 0.104193 2 
0.0938044 0.0985569 2 
0.0875014 0.0938044 2 
0.0834916 0.107433 2 
0.0807064 0.0814115 2 
0.0792792 0.09621 2 
0.0792759 0.0828012 2 
0.0785539 0.0792773 2 
0.0778231 0.0792773 2 
0.0641387 0.0692761 2 
0.06233 0.0724977 2 
0.0595181 0.0641353 2 
5.31259 5.37858 3 
5.27778 5.38698 3 
4.52367 5.4125 3 
0.547398 1.83709 3 
0.433558 0.446413 3 
0.429851 0.433298 3 
0.423422 0.430648 3 
0.423289 0.447567 3 
0.393638 0.445003 3 
0.345396 0.379746 3 
0.335832 0.345722 3 
0.115135 0.125579 3 
0.112118 0.114138 3 
0.11006 0.12047 3 
0.11006 0.112626 3 
0.1069 0.112626 3 
0.1069 0.112626 3 
0.106364 0.110578 3 
0.105826 0.116123 3 
0.103643 0.110578 3 
0.103091 0.116612 3 
0.101976 0.101976 3 
0.0968021 0.0968021 3 
0.09621 0.124666 3 
0.0944115 0.099135 3 
0.0834887 0.0874977 3 
0.0785534 0.0785543 3 
0.0770824 0.0778192 3 
0.0725019 0.0740609 3 
0.0684459 0.0700951 3 
0.0676086 0.0763403 3 
0.0676062 0.0709048 3 
0.0585502 0.0658965 3 
1.53349 1.64998 4 
1.52846 1.57315 4 
0.585697 1.65129 4 
0.376577 0.384978 4 
0.313666 0.403103 4 
0.116614 0.122353 4 
0.116612 0.120941 4 
0.111607 0.113132 4 
0.100849 0.113636 4 
0.0900755 0.0968021 4 
0.0700967 0.0717068 4 
0.0700967 0.075586 4 
0.0667561 0.0755881 4 
0.062331 0.0650214 4 
0.0623294 0.0632417 4 
0.0623294 0.0632396 4 
0.0614059 0.0700951 4 
0.0585503 0.0595188 4 
1.41428 1.47135 5 
1.40569 1.4449 5 
1.03621 1.47496 5 
0.344569 0.350163 5 
0.338375 0.363291 5 
0.318005 0.336341 5 
0.215918 0.230262 5 
0.0861855 0.0956119 5 
0.0725004 0.0778198 5 
0.069276 0.0763379 5 
0.0650233 0.0748267 5 
0.0632407 0.0632417 5 
1.26719 1.3435 6 
1.22293 1.22353 6 
1.22138 1.23834 6 
1.20201 1.24271 6 
1.19318 1.27793 6 
1.17513 1.27923 6 
0.349671 0.390577 6 
0.338539 0.352434 6 
0.302348 0.341066 6 
0.302159 0.320868 6 
0.293528 0.294111 6 
0.143817 0.146572 6 
0.134796 0.162122 6 
0.130488 0.136481 6 
0.0692751 0.0785543 6 
0.0667579 0.0792772 6 
1.01605 1.10842 7 
0.978759 1.18137 7 
0.475307 0.491034 7 
0.404945 0.410131 7 
0.280793 0.287033 7 
0.146572 0.154911 7 
0.0709083 0.0748281 7 
1.14742 1.2053 8 
0.898135 0.96836 8 
0.820121 0.965875 8 
0.749756 1.04749 8 
0.377485 0.39189 8 
0.355824 0.38005 8 
0.0755871 0.0770845 8 
0.0732843 0.0874993 8 
0.935131 1.00256 9 
0.772708 0.800809 9 
0.627702 0.844762 9 
0.345228 0.457414 9 
0.332586 0.334639 9 
0.618718 0.661641 10 
0.52782 0.67448 10 
0.458167 0.468283 10 
0.348525 0.349016 10 
1.09834 1.13414 11 
1.06887 1.09293 11 
0.819759 0.85136 11 
0.649195 0.721167 11 
0.584724 0.677854 11 
0.531919 0.620931 11 
0.460279 0.512884 11 
0.379897 0.384825 11 
0.367665 0.408035 11 
0.343242 0.349835 11 
0.298766 0.341396 11 
1.02817 1.03449 12 
0.976425 1.04892 12 
0.972907 0.986881 12 
0.583839 0.638531 12 
0.568775 0.59104 12 
0.514664 0.543184 12 
0.511659 0.583349 12 
0.480563 0.600344 12 
0.340731 0.42799 12 
0.333442 0.401965 12 
0.490679 0.523474 13 
0.481037 0.506157 13 
0.72328 0.725101 14 
0.711335 0.725101 14 
0.670137 0.680624 14 
0.595659 0.639513 14 
0.757922 0.759051 15 
0.649691 0.652952 15 
0.593549 0.609133 15 
1.18264 1.2199 16 
0.994726 1.02209 16 
0.974234 0.992824 16 
0.884418 0.92348 16 
1.02272 1.03162 17 
0.781008 0.816072 17 
0.763198 0.779717 17 
0.760324 0.817631 17 
0.502196 0.5263 17 
0.951718 1.02362 18 
0.511996 0.571876 18 
0.276699 0.280796 19 
0.241414 0.242357 20 
