0 0.0190517 1 
0 0.0197205 1 
0 0.0209941 1 
0 0.0221948 1 
0 0.0221955 1 
0 0.0227719 1 
0 0.0233338 1 
0 0.023883 1 
0 0.0244195 1 
0 0.0244195 1 
0 0.02442 1 
0 0.0249462 1 
0 0.0249468 1 
0 0.0259633 1 
0 0.0259633 1 
0 0.0264578 1 
0 0.0264592 1 
0 0.026947 1 
0 0.0278888 1 
0 0.0278896 1 
0 0.0283496 1 
0 0.0283538 1 
0 0.0301231 1 
0 0.0301238 1 
0 0.030124 1 
0 0.0313877 1 
0 0.0313884 1 
0 0.0313897 1 
0 0.0317976 1 
0 0.0326044 1 
0 0.032997 1 
0 0.0333877 1 
0 0.0341597 1 
0 0.0352768 1 
0 0.0360021 1 
0 0.0367202 1 
0 0.0387782 1 
0 0.0394436 1 
0 0.0407326 1 
0 0.0416804 1 
0 0.0440966 1 
0 0.0452607 1 
0 0.0458279 1 
0 0.0461086 1 
0 0.0461112 1 
0 0.0466633 1 
0 0.0472178 1 
0 0.0474931 1 
0 0.0483039 1 
0 0.0493658 1 
0 0.0498899 1 
0 0.0498899 1 
0 0.0498899 1 
0 0.0506632 1 
0 0.0506632 1 
0 0.0514221 1 
0 0.0516757 1 
0 0.0516757 1 
0 0.0516759 1 
0 0.0536494 1 
0 0.0538875 1 
0 0.0543666 1 
0 0.0573822 1 
0 0.0580552 1 
0 0.0580558 1 
0 0.0587223 1 
0 0.0589469 1 
0 0.0598156 1 
0 0.0600316 1 
0 0.0621538 1 
0 0.0623623 1 
0 0.0627763 1 
0 0.0648089 1 
0 0.0692565 1 
0 0.0787231 1 
0 0.0845925 1 
0 0.0868604 1 
0 0.0890741 1 
0 0.0963402 1 
0 0.103097 1 
0 0.104474 1 
0 0.108135 1 
0 0.109563 1 
0 0.110271 1 
0 0.110273 1 
0 0.111203 1 
0 0.114763 1 
0 0.116446 1 
0 0.124416 1 
0 0.129121 1 
0 0.140091 1 
0 0.142388 1 
0 0.153935 1 
0 0.181388 1 
0 0.188949 1 
0 0.192614 1 
0 0.19315 1 
0 0.194424 1 
0 0.195817 1 
0 0.195817 1 
0 0.200529 1 
0 0.212274 1 
0 0.254895 1 
0 0.262277 1 
0 0.281157 1 
0 0.305119 1 
0 0.323281 1 
0 0.323764 1 
0 0.347431 1 
0 0.36275 1 
0 0.369381 1 
0 0.385672 1 
0 0.420032 1 
0 0.421737 1 
0 0.432158 1 
0 0.460617 1 
0 0.496535 1 
0 0.529728 1 
0 0.564241 1 
0 0.962235 1 
0 1.45544 1 
0 1.88676 1 
0 2.42909 1 
0 2.60131 1 
0 2.72886 1 
0 3.08612 1 
0 4.15209 1 
0 5.22155 1 
0 6.45569 1 
0 6.60949 1 
0 6.66721 1 
0 inf 1 
0 0.0197199 2 
0 0.0215993 2 
0 0.0221939 2 
0 0.0233336 2 
0 0.0238848 2 
0 0.0254592 2 
0 0.0259628 2 
0 0.0264617 2 
0 0.0274202 2 
0 0.0283505 2 
0 0.0296895 2 
0 0.0296916 2 
0 0.0305533 2 
0 0.0309724 2 
0 0.0309759 2 
0 0.0317985 2 
0 0.0329987 2 
0 0.0333847 2 
0 0.0333903 2 
0 0.034534 2 
0 0.0345359 2 
0 0.0360039 2 
0 0.0363632 2 
0 0.037417 2 
0 0.0374196 2 
0 0.0374209 2 
0 0.0377656 2 
0 0.0404156 2 
0 0.044971 2 
0 0.0449712 2 
0 0.0466669 2 
0 0.0469467 2 
0 0.0477658 2 
0 0.0480361 2 
0 0.0485733 2 
0 0.0488386 2 
0 0.0493671 2 
0 0.0496294 2 
0 0.0496294 2 
0 0.0509179 2 
0 0.0514221 2 
0 0.0514244 2 
0 0.0516736 2 
0 0.0519269 2 
0 0.0531603 2 
0 0.0536464 2 
0 0.0536464 2 
0 0.054604 2 
0 0.0550772 2 
0 0.0562414 2 
0 0.0566999 2 
0 0.0566999 2 
0 0.0566999 2 
0 0.0576071 2 
0 0.0589416 2 
0 0.0595994 2 
0 0.0617311 2 
0 0.061735 2 
0 0.061945 2 
0 0.0631879 2 
0 0.0636001 2 
0 0.065013 2 
0 0.0711027 2 
0 0.0753503 2 
0 0.0827323 2 
0 0.0892183 2 
0 0.0995176 2 
0 0.10029 2 
0 0.10107 2 
0 0.101582 2 
0 0.104473 2 
0 0.116112 2 
0 0.121987 2 
0 0.121988 2 
0 0.133851 2 
0 0.138417 2 
0 0.138886 2 
0 0.147577 2 
0 0.156941 2 
0 0.16102 2 
0 0.166243 2 
0 0.174768 2 
0 0.175499 2 
0 0.177193 2 
0 0.177779 2 
0 0.177994 2 
0 0.17814 2 
0 0.180818 2 
0 0.199944 2 
0 0.215545 2 
0 0.225934 2 
0 0.244039 2 
0 0.268616 2 
0 0.288605 2 
0 0.295372 2 
0 0.31689 2 
0 0.31702 2 
0 0.32747 2 
0 0.340848 2 
0 0.352964 2 
0 0.359219 2 
0 0.368234 2 
0 0.391814 2 
0 0.42097 2 
0 0.421804 2 
0 0.426312 2 
0 0.427776 2 
0 0.42926 2 
0 0.437369 2 
0 0.4458 2 
0 0.450436 2 
0 0.919114 2 
0 1.30583 2 
0 1.32476 2 
0 1.65081 2 
0 1.74437 2 
0 2.17834 2 
0 2.1946 2 
0 3.53954 2 
0 4.03128 2 
0 4.25793 2 
0 4.48933 2 
0 4.57973 2 
0 4.98568 2 
0 5.48393 2 
0 5.51271 2 
0 5.74474 2 
0 inf 2 
0 0.0161023 3 
0 0.0197201 3 
0 0.019721 3 
0 0.0238798 3 
0 0.0238821 3 
0 0.0244193 3 
0 0.0259623 3 
0 0.0264578 3 
0 0.0283495 3 
0 0.0283501 3 
0 0.0283518 3 
0 0.0296895 3 
0 0.031798 3 
0 0.0317981 3 
0 0.0317992 3 
0 0.0318006 3 
0 0.0337762 3 
0 0.0337778 3 
0 0.0345347 3 
0 0.0349076 3 
0 0.0349078 3 
0 0.0377647 3 
0 0.0387783 3 
0 0.0400943 3 
0 0.0404174 3 
0 0.0426012 3 
0 0.0435051 3 
0 0.0438037 3 
0 0.0458266 3 
0 0.0463888 3 
0 0.0469435 3 
0 0.0480378 3 
0 0.0485728 3 
0 0.0493674 3 
0 0.0506648 3 
0 0.0511738 3 
0 0.0526698 3 
0 0.0536462 3 
0 0.0538869 3 
0 0.0546038 3 
0 0.054842 3 
0 0.0553134 3 
0 0.056471 3 
0 0.0571545 3 
0 0.057382 3 
0 0.0582787 3 
0 0.0593785 3 
0 0.0598151 3 
0 0.0602452 3 
0 0.0642052 3 
0 0.0661947 3 
0 0.0661953 3 
0 0.0673585 3 
0 0.0707381 3 
0 0.0730807 3 
0 0.0758707 3 
0 0.0872979 3 
0 0.088046 3 
0 0.0892169 3 
0 0.0909416 3 
0 0.0922154 3 
0 0.0970135 3 
0 0.0996495 3 
0 0.111321 3 
0 0.113855 3 
0 0.11811 3 
0 0.119745 3 
0 0.140555 3 
0 0.150272 3 
0 0.166172 3 
0 0.168035 3 
0 0.172067 3 
0 0.172825 3 
0 0.176749 3 
0 0.176749 3 
0 0.17675 3 
0 0.194092 3 
0 0.211052 3 
0 0.222061 3 
0 0.261752 3 
0 0.274882 3 
0 0.278614 3 
0 0.282308 3 
0 0.288722 3 
0 0.290879 3 
0 0.29728 3 
0 0.300052 3 
0 0.314955 3 
0 0.321994 3 
0 0.324987 3 
0 0.34151 3 
0 0.356865 3 
0 0.358864 3 
0 0.35949 3 
0 0.361786 3 
0 0.392569 3 
0 0.394743 3 
0 0.397483 3 
0 0.400592 3 
0 0.40668 3 
0 0.425813 3 
0 0.436861 3 
0 0.443351 3 
0 0.547785 3 
0 0.74493 3 
0 0.923714 3 
0 1.5356 3 
0 1.63174 3 
0 1.71228 3 
0 1.71773 3 
0 1.99649 3 
0 2.79181 3 
0 2.87767 3 
0 2.9219 3 
0 2.93518 3 
0 2.93792 3 
0 2.94968 3 
0 2.95996 3 
0 2.96968 3 
0 4.04593 3 
0 4.98351 3 
0 4.99004 3 
0 4.99091 3 
0 inf 3 
0 0.0124726 4 
0 0.0152758 4 
0 0.0190476 4 
0 0.0233335 4 
0 0.0274238 4 
0 0.029691 4 
0 0.0305507 4 
0 0.0322031 4 
0 0.0322036 4 
0 0.032204 4 
0 0.032205 4 
0 0.032205 4 
0 0.0322068 4 
0 0.0329985 4 
0 0.0341599 4 
0 0.034534 4 
0 0.0356406 4 
0 0.0360038 4 
0 0.0360055 4 
0 0.0367206 4 
0 0.0370687 4 
0 0.0374173 4 
0 0.0377663 4 
0 0.0381029 4 
0 0.0381037 4 
0 0.0387763 4 
0 0.0391123 4 
0 0.0419889 4 
0 0.0438 4 
0 0.04497 4 
0 0.0483054 4 
0 0.0483075 4 
0 0.0506665 4 
0 0.0529156 4 
0 0.0531625 4 
0 0.0543633 4 
0 0.054365 4 
0 0.0546072 4 
0 0.0555457 4 
0 0.0560105 4 
0 0.0564681 4 
0 0.0566973 4 
0 0.0567006 4 
0 0.0589419 4 
0 0.059381 4 
0 0.060032 4 
0 0.0615254 4 
0 0.0681245 4 
0 0.0685012 4 
0 0.0685057 4 
0 0.0953985 4 
0 0.0967372 4 
0 0.0975439 4 
0 0.10705 4 
0 0.11744 4 
0 0.131699 4 
0 0.132391 4 
0 0.133655 4 
0 0.134715 4 
0 0.137007 4 
0 0.137012 4 
0 0.155785 4 
0 0.162376 4 
0 0.163648 4 
0 0.163648 4 
0 0.163649 4 
0 0.178139 4 
0 0.180453 4 
0 0.211964 4 
0 0.246199 4 
0 0.264485 4 
0 0.265521 4 
0 0.267525 4 
0 0.270276 4 
0 0.277686 4 
0 0.27932 4 
0 0.288388 4 
0 0.293392 4 
0 0.314914 4 
0 0.320143 4 
0 0.334991 4 
0 0.337173 4 
0 0.337313 4 
0 0.345083 4 
0 0.356465 4 
0 0.360997 4 
0 0.373729 4 
0 0.374426 4 
0 0.380608 4 
0 0.381341 4 
0 0.388089 4 
0 0.398897 4 
0 0.401736 4 
0 0.403933 4 
0 0.410673 4 
0 0.7002 4 
0 0.826158 4 
0 0.938316 4 
0 1.22407 4 
0 1.47592 4 
0 1.49985 4 
0 1.64624 4 
0 1.72303 4 
0 1.77285 4 
0 1.77745 4 
0 1.78402 4 
0 1.8023 4 
0 2.24426 4 
0 2.25974 4 
0 2.25974 4 
0 2.25982 4 
0 3.08508 4 
0 3.08623 4 
0 3.08658 4 
0 3.08767 4 
0 3.15274 4 
0 3.1658 4 
0 3.16865 4 
0 3.25507 4 
0 inf 4 
0 0.0197223 5 
0 0.0244191 5 
0 0.0269399 5 
0 0.0269401 5 
0 0.0313878 5 
0 0.0326031 5 
0 0.0326038 5 
0 0.0329994 5 
0 0.034157 5 
0 0.0356426 5 
0 0.0360062 5 
0 0.0363625 5 
0 0.0377613 5 
0 0.037764 5 
0 0.0387785 5 
0 0.0391108 5 
0 0.0391117 5 
0 0.0394406 5 
0 0.0400944 5 
0 0.040095 5 
0 0.0419867 5 
0 0.0449699 5 
0 0.0461077 5 
0 0.046668 5 
0 0.0504071 5 
0 0.0509184 5 
0 0.0519279 5 
0 0.0524202 5 
0 0.0529145 5 
0 0.0534039 5 
0 0.0534059 5 
0 0.0538879 5 
0 0.0543667 5 
0 0.0555453 5 
0 0.0557788 5 
0 0.0571523 5 
0 0.0595996 5 
0 0.0621558 5 
0 0.0623637 5 
0 0.0638016 5 
0 0.0652072 5 
0 0.0690715 5 
0 0.0758704 5 
0 0.0772197 5 
0 0.0778928 5 
0 0.0824166 5 
0 0.0855115 5 
0 0.0871573 5 
0 0.0919363 5 
0 0.105087 5 
0 0.109917 5 
0 0.112014 5 
0 0.118872 5 
0 0.120174 5 
0 0.134234 5 
0 0.137573 5 
0 0.13842 5 
0 0.154196 5 
0 0.165543 5 
0 0.174465 5 
0 0.215543 5 
0 0.217644 5 
0 0.227808 5 
0 0.269305 5 
0 0.270112 5 
0 0.294566 5 
0 0.295634 5 
0 0.302772 5 
0 0.306644 5 
0 0.322995 5 
0 0.327297 5 
0 0.328764 5 
0 0.329611 5 
0 0.337198 5 
0 0.341527 5 
0 0.341679 5 
0 0.346475 5 
0 0.34693 5 
0 0.347215 5 
0 0.358506 5 
0 0.358506 5 
0 0.359847 5 
0 0.361142 5 
0 0.373413 5 
0 0.374153 5 
0 0.37435 5 
0 0.37435 5 
0 0.690619 5 
0 0.938033 5 
0 0.97462 5 
0 1.06092 5 
0 1.47313 5 
0 1.4761 5 
0 1.63551 5 
0 1.70696 5 
0 1.71378 5 
0 1.71457 5 
0 1.71984 5 
0 1.74198 5 
0 2.22799 5 
0 2.22946 5 
0 2.23052 5 
0 2.23161 5 
0 2.41259 5 
0 2.44209 5 
0 2.44209 5 
0 2.44952 5 
0 2.61883 5 
0 2.62032 5 
0 2.62041 5 
0 2.62348 5 
0 2.64284 5 
0 2.69225 5 
0 2.69493 5 
0 2.73441 5 
0 inf 5 
0 0.0161017 6 
0 0.0190477 6 
0 0.0238825 6 
0 0.0244197 6 
0 0.0259642 6 
0 0.0305529 6 
0 0.0313855 6 
0 0.0313876 6 
0 0.0313882 6 
0 0.0329964 6 
0 0.0341574 6 
0 0.0345343 6 
0 0.0363623 6 
0 0.0374165 6 
0 0.0432065 6 
0 0.0440973 6 
0 0.0449703 6 
0 0.0469459 6 
0 0.0472195 6 
0 0.0472204 6 
0 0.0496253 6 
0 0.051427 6 
0 0.0529187 6 
0 0.0536464 6 
0 0.0555455 6 
0 0.0571562 6 
0 0.0571574 6 
0 0.0576076 6 
0 0.0582883 6 
0 0.0615251 6 
0 0.0629818 6 
0 0.064004 6 
0 0.0665881 6 
0 0.0701877 6 
0 0.073792 6 
0 0.0744829 6 
0 0.0767124 6 
0 0.0783896 6 
0 0.0808305 6 
0 0.0827309 6 
0 0.0884781 6 
0 0.0930566 6 
0 0.100556 6 
0 0.109208 6 
0 0.111908 6 
0 0.120281 6 
0 0.129415 6 
0 0.129815 6 
0 0.135193 6 
0 0.150189 6 
0 0.163971 6 
0 0.166017 6 
0 0.168121 6 
0 0.18816 6 
0 0.210368 6 
0 0.213743 6 
0 0.229245 6 
0 0.256878 6 
0 0.261083 6 
0 0.266099 6 
0 0.27222 6 
0 0.272553 6 
0 0.273504 6 
0 0.286145 6 
0 0.286768 6 
0 0.288271 6 
0 0.289657 6 
0 0.295072 6 
0 0.298041 6 
0 0.313171 6 
0 0.313378 6 
0 0.328783 6 
0 0.364053 6 
0 0.369229 6 
0 0.379208 6 
0 0.379447 6 
0 0.380762 6 
0 0.380762 6 
0 0.409818 6 
0 0.670486 6 
0 0.92751 6 
0 0.98288 6 
0 1.0233 6 
0 1.07467 6 
0 1.10437 6 
0 1.30043 6 
0 1.41282 6 
0 1.41509 6 
0 1.41591 6 
0 1.42638 6 
0 1.45802 6 
0 1.46857 6 
0 1.48472 6 
0 1.48483 6 
0 1.4893 6 
0 1.50074 6 
0 1.64029 6 
0 1.66651 6 
0 1.71687 6 
0 2.16536 6 
0 2.16638 6 
0 2.17704 6 
0 2.23703 6 
0 2.36328 6 
0 2.36346 6 
0 2.36478 6 
0 2.37559 6 
0 2.53709 6 
0 2.53825 6 
0 2.53862 6 
0 2.54346 6 
0 inf 6 
0 0.0259628 7 
0 0.0283498 7 
0 0.0317974 7 
0 0.0341564 7 
0 0.034534 7 
0 0.0345342 7 
0 0.0356426 7 
0 0.0363621 7 
0 0.0394392 7 
0 0.0416764 7 
0 0.0422963 7 
0 0.0425966 7 
0 0.0429043 7 
0 0.0461104 7 
0 0.0472158 7 
0 0.0472166 7 
0 0.050919 7 
0 0.0526705 7 
0 0.0529163 7 
0 0.0534042 7 
0 0.053887 7 
0 0.0564727 7 
0 0.0569293 7 
0 0.0580618 7 
0 0.0589434 7 
0 0.0615251 7 
0 0.0623617 7 
0 0.062363 7 
0 0.0638003 7 
0 0.0729061 7 
0 0.0739596 7 
0 0.0836698 7 
0 0.0872981 7 
0 0.0889335 7 
0 0.0925014 7 
0 0.0941687 7 
0 0.0948502 7 
0 0.100813 7 
0 0.101198 7 
0 0.105468 7 
0 0.113282 7 
0 0.115439 7 
0 0.119412 7 
0 0.161586 7 
0 0.165153 7 
0 0.165955 7 
0 0.168034 7 
0 0.168034 7 
0 0.190698 7 
0 0.204068 7 
0 0.210263 7 
0 0.215362 7 
0 0.238485 7 
0 0.263287 7 
0 0.263877 7 
0 0.265269 7 
0 0.281715 7 
0 0.289951 7 
0 0.293991 7 
0 0.294625 7 
0 0.311294 7 
0 0.323067 7 
0 0.326011 7 
0 0.329426 7 
0 0.34432 7 
0 0.344884 7 
0 0.363904 7 
0 0.39236 7 
0 0.397703 7 
0 0.405546 7 
0 0.424565 7 
0 0.701552 7 
0 0.729514 7 
0 0.75994 7 
0 0.813336 7 
0 0.921678 7 
0 0.951148 7 
0 0.973609 7 
0 0.978987 7 
0 0.982703 7 
0 1.18682 7 
0 1.24021 7 
0 1.35459 7 
0 1.35844 7 
0 1.36424 7 
0 1.37168 7 
0 1.37636 7 
0 1.39063 7 
0 1.40362 7 
0 1.42545 7 
0 1.45099 7 
0 1.4515 7 
0 1.45249 7 
0 1.45989 7 
0 1.48315 7 
0 1.54035 7 
0 1.63773 7 
0 1.72457 7 
0 1.74313 7 
0 1.94432 7 
0 1.94602 7 
0 1.94615 7 
0 1.94813 7 
0 2.34632 7 
0 2.34679 7 
0 2.34845 7 
0 2.34872 7 
0 inf 7 
0 0.0249432 8 
0 0.0397686 8 
0 0.0400973 8 
0 0.0413619 8 
0 0.0416775 8 
0 0.0416788 8 
0 0.0419898 8 
0 0.0426014 8 
0 0.0458262 8 
0 0.0491042 8 
0 0.0511718 8 
0 0.0529193 8 
0 0.055077 8 
0 0.0587222 8 
0 0.0688811 8 
0 0.0701928 8 
0 0.0753514 8 
0 0.0763772 8 
0 0.0783874 8 
0 0.0801876 8 
0 0.0811498 8 
0 0.0836664 8 
0 0.0909391 8 
0 0.0913684 8 
0 0.0913895 8 
0 0.096878 8 
0 0.100041 8 
0 0.101575 8 
0 0.102599 8 
0 0.104227 8 
0 0.104477 8 
0 0.107551 8 
0 0.108736 8 
0 0.111441 8 
0 0.11799 8 
0 0.126685 8 
0 0.140742 8 
0 0.151227 8 
0 0.153191 8 
0 0.155785 8 
0 0.1567 8 
0 0.166804 8 
0 0.173243 8 
0 0.188317 8 
0 0.206699 8 
0 0.210799 8 
0 0.222274 8 
0 0.227975 8 
0 0.242268 8 
0 0.266212 8 
0 0.268716 8 
0 0.281132 8 
0 0.281531 8 
0 0.304379 8 
0 0.320097 8 
0 0.325175 8 
0 0.352599 8 
0 0.353187 8 
0 0.356322 8 
0 0.356322 8 
0 0.380154 8 
0 0.380801 8 
0 0.441388 8 
0 0.680356 8 
0 0.693809 8 
0 0.696171 8 
0 0.762542 8 
0 0.76905 8 
0 0.783638 8 
0 0.786302 8 
0 0.793971 8 
0 0.801769 8 
0 0.858396 8 
0 0.977079 8 
0 0.980348 8 
0 0.983054 8 
0 0.983837 8 
0 1.31781 8 
0 1.32237 8 
0 1.35604 8 
0 1.35876 8 
0 1.3682 8 
0 1.36877 8 
0 1.37662 8 
0 1.43001 8 
0 1.44729 8 
0 1.44729 8 
0 1.45199 8 
0 1.45217 8 
0 1.45391 8 
0 1.55449 8 
0 1.5786 8 
0 1.65476 8 
0 1.65478 8 
0 1.66285 8 
0 1.66882 8 
0 1.69154 8 
0 1.72291 8 
0 1.74314 8 
0 1.74325 8 
0 1.75161 8 
0 1.77139 8 
0 1.82371 8 
0 inf 8 
0 0.0161023 9 
0 0.0288047 9 
0 0.0474954 9 
0 0.049367 9 
0 0.0504069 9 
0 0.0638007 9 
0 0.0640268 9 
0 0.064807 9 
0 0.0650061 9 
0 0.0661953 9 
0 0.067166 9 
0 0.0707388 9 
0 0.0721886 9 
0 0.0721947 9 
0 0.0736107 9 
0 0.0773889 9 
0 0.083047 9 
0 0.0850417 9 
0 0.0889583 9 
0 0.099912 9 
0 0.101964 9 
0 0.10209 9 
0 0.103226 9 
0 0.104227 9 
0 0.106684 9 
0 0.114989 9 
0 0.118207 9 
0 0.118542 9 
0 0.12149 9 
0 0.127409 9 
0 0.132878 9 
0 0.136221 9 
0 0.16347 9 
0 0.168436 9 
0 0.169307 9 
0 0.172902 9 
0 0.174172 9 
0 0.211575 9 
0 0.211781 9 
0 0.216742 9 
0 0.221689 9 
0 0.234477 9 
0 0.235581 9 
0 0.272024 9 
0 0.280978 9 
0 0.310439 9 
0 0.311135 9 
0 0.314588 9 
0 0.314709 9 
0 0.314997 9 
0 0.324497 9 
0 0.332094 9 
0 0.332913 9 
0 0.390925 9 
0 0.393931 9 
0 0.438221 9 
0 0.478715 9 
0 0.66725 9 
0 0.688635 9 
0 0.693419 9 
0 0.710582 9 
0 0.724514 9 
0 0.729649 9 
0 0.737372 9 
0 0.827756 9 
0 0.8913 9 
0 0.935077 9 
0 0.963123 9 
0 0.963392 9 
0 0.975474 9 
0 0.983996 9 
0 0.998582 9 
0 1.0272 9 
0 1.0324 9 
0 1.0814 9 
0 1.19853 9 
0 1.21087 9 
0 1.21192 9 
0 1.21281 9 
0 1.36113 9 
0 1.36299 9 
0 1.41008 9 
0 1.45095 9 
0 1.45184 9 
0 1.46818 9 
0 1.49824 9 
0 1.49876 9 
0 1.51834 9 
0 1.51848 9 
0 1.62965 9 
0 1.63032 9 
0 1.64181 9 
0 1.65448 9 
0 1.65491 9 
0 1.7174 9 
0 1.72139 9 
0 1.72329 9 
0 1.7234 9 
0 1.72413 9 
0 inf 9 
0 0.0506651 10 
0 0.0532098 10 
0 0.055077 10 
0 0.0553097 10 
0 0.0580569 10 
0 0.0589433 10 
0 0.0600311 10 
0 0.0669776 10 
0 0.067166 10 
0 0.0723705 10 
0 0.0868608 10 
0 0.0895054 10 
0 0.0902317 10 
0 0.0930553 10 
0 0.0944634 10 
0 0.0968821 10 
0 0.104001 10 
0 0.105587 10 
0 0.108725 10 
0 0.113963 10 
0 0.130294 10 
0 0.130989 10 
0 0.131795 10 
0 0.139631 10 
0 0.144557 10 
0 0.145985 10 
0 0.155613 10 
0 0.161826 10 
0 0.189184 10 
0 0.195652 10 
0 0.203775 10 
0 0.204939 10 
0 0.23311 10 
0 0.233647 10 
0 0.276241 10 
0 0.276421 10 
0 0.276803 10 
0 0.280711 10 
0 0.2851 10 
0 0.293724 10 
0 0.297016 10 
0 0.310727 10 
0 0.323056 10 
0 0.335789 10 
0 0.347296 10 
0 0.347557 10 
0 0.352969 10 
0 0.357821 10 
0 0.381921 10 
0 0.409158 10 
0 0.418216 10 
0 0.418623 10 
0 0.418839 10 
0 0.650712 10 
0 0.658703 10 
0 0.660264 10 
0 0.686061 10 
0 0.737157 10 
0 0.769703 10 
0 0.797366 10 
0 0.818719 10 
0 0.885891 10 
0 0.909473 10 
0 0.912179 10 
0 0.913032 10 
0 0.914065 10 
0 0.914848 10 
0 0.94659 10 
0 0.946796 10 
0 0.975665 10 
0 0.980156 10 
0 0.981742 10 
0 1.00721 10 
0 1.05401 10 
0 1.07664 10 
0 1.34661 10 
0 1.34796 10 
0 1.41397 10 
0 1.45459 10 
0 1.45463 10 
0 1.45857 10 
0 1.45899 10 
0 1.47221 10 
0 1.47256 10 
0 1.47257 10 
0 1.62866 10 
0 1.62933 10 
0 1.62951 10 
0 1.62957 10 
0 1.63216 10 
0 1.71752 10 
0 1.7222 10 
0 1.72678 10 
0 1.74848 10 
0 1.7486 10 
0 inf 10 
0 0.0458841 11 
0 0.0491577 11 
0 0.0613079 11 
0 0.0631895 11 
0 0.0763984 11 
0 0.0886309 11 
0 0.0903741 11 
0 0.0937512 11 
0 0.0937525 11 
0 0.102484 11 
0 0.105587 11 
0 0.11097 11 
0 0.112595 11 
0 0.115973 11 
0 0.12292 11 
0 0.124833 11 
0 0.127705 11 
0 0.162214 11 
0 0.173267 11 
0 0.179051 11 
0 0.18733 11 
0 0.194003 11 
0 0.218711 11 
0 0.231603 11 
0 0.249454 11 
0 0.249455 11 
0 0.252173 11 
0 0.252173 11 
0 0.256061 11 
0 0.26852 11 
0 0.274775 11 
0 0.289343 11 
0 0.293968 11 
0 0.305344 11 
0 0.306735 11 
0 0.306867 11 
0 0.313425 11 
0 0.314588 11 
0 0.327558 11 
0 0.329394 11 
0 0.330657 11 
0 0.346069 11 
0 0.360762 11 
0 0.364779 11 
0 0.403965 11 
0 0.404509 11 
0 0.420105 11 
0 0.479072 11 
0 0.482712 11 
0 0.657608 11 
0 0.662145 11 
0 0.679188 11 
0 0.684663 11 
0 0.716839 11 
0 0.717273 11 
0 0.731304 11 
0 0.755186 11 
0 0.770797 11 
0 0.789852 11 
0 0.801906 11 
0 0.859353 11 
0 0.867999 11 
0 0.878381 11 
0 0.911068 11 
0 0.915115 11 
0 0.926764 11 
0 0.926764 11 
0 0.930394 11 
0 0.931642 11 
0 0.95223 11 
0 1.02566 11 
0 1.34645 11 
0 1.34779 11 
0 1.37449 11 
0 1.37543 11 
0 1.37551 11 
0 1.44704 11 
0 1.4479 11 
0 1.45109 11 
0 1.45123 11 
0 1.45152 11 
0 1.6272 11 
0 1.62724 11 
0 1.63186 11 
0 1.63436 11 
0 1.63436 11 
0 1.71897 11 
0 1.71934 11 
0 1.73321 11 
0 1.74379 11 
0 1.74562 11 
0 inf 11 
0 0.0685036 12 
0 0.0702236 12 
0 0.0743325 12 
0 0.0779226 12 
0 0.0877689 12 
0 0.106922 12 
0 0.110596 12 
0 0.111792 12 
0 0.119281 12 
0 0.146609 12 
0 0.15793 12 
0 0.174875 12 
0 0.188364 12 
0 0.190423 12 
0 0.19279 12 
0 0.202134 12 
0 0.212214 12 
0 0.216604 12 
0 0.218587 12 
0 0.226265 12 
0 0.230649 12 
0 0.235661 12 
0 0.240947 12 
0 0.260177 12 
0 0.269582 12 
0 0.270495 12 
0 0.273351 12 
0 0.279767 12 
0 0.282305 12 
0 0.294144 12 
0 0.296111 12 
0 0.296554 12 
0 0.298558 12 
0 0.30657 12 
0 0.33179 12 
0 0.332374 12 
0 0.347193 12 
0 0.352295 12 
0 0.395794 12 
0 0.395827 12 
0 0.417559 12 
0 0.424003 12 
0 0.429166 12 
0 0.444595 12 
0 0.465638 12 
0 0.505218 12 
0 0.518517 12 
0 0.654835 12 
0 0.658527 12 
0 0.669078 12 
0 0.669898 12 
0 0.672777 12 
0 0.673143 12 
0 0.688161 12 
0 0.706003 12 
0 0.766403 12 
0 0.769527 12 
0 0.769533 12 
0 0.771797 12 
0 0.912631 12 
0 0.91948 12 
0 0.96934 12 
0 0.970369 12 
0 0.973343 12 
0 1.09143 12 
0 1.11009 12 
0 1.20919 12 
0 1.34709 12 
0 1.34771 12 
0 1.35612 12 
0 1.35753 12 
0 1.35756 12 
0 1.44728 12 
0 1.44728 12 
0 1.44761 12 
0 1.44787 12 
0 1.44822 12 
0 1.627 12 
0 1.62751 12 
0 1.65065 12 
0 1.651 12 
0 1.65132 12 
0 1.7162 12 
0 1.71625 12 
0 1.73149 12 
0 1.73283 12 
0 1.73295 12 
0 inf 12 
0 0.0458591 13 
0 0.0607195 13 
0 0.0668008 13 
0 0.127374 13 
0 0.154627 13 
0 0.166209 13 
0 0.168102 13 
0 0.168793 13 
0 0.186288 13 
0 0.197442 13 
0 0.219002 13 
0 0.220406 13 
0 0.221635 13 
0 0.226403 13 
0 0.237533 13 
0 0.240072 13 
0 0.24127 13 
0 0.243698 13 
0 0.247079 13 
0 0.248131 13 
0 0.249949 13 
0 0.253769 13 
0 0.261422 13 
0 0.263152 13 
0 0.269191 13 
0 0.273357 13 
0 0.280508 13 
0 0.285577 13 
0 0.288806 13 
0 0.292751 13 
0 0.303171 13 
0 0.304278 13 
0 0.30994 13 
0 0.331164 13 
0 0.333005 13 
0 0.334337 13 
0 0.337452 13 
0 0.337606 13 
0 0.33933 13 
0 0.341232 13 
0 0.392473 13 
0 0.642694 13 
0 0.649296 13 
0 0.654657 13 
0 0.657502 13 
0 0.658048 13 
0 0.673195 13 
0 0.673484 13 
0 0.673484 13 
0 0.675751 13 
0 0.677549 13 
0 0.695715 13 
0 0.908203 13 
0 0.916854 13 
0 0.93923 13 
0 0.939562 13 
0 0.94032 13 
0 1.01591 13 
0 1.01763 13 
0 1.02259 13 
0 1.08966 13 
0 1.09867 13 
0 1.10008 13 
0 1.34586 13 
0 1.34889 13 
0 1.42136 13 
0 1.4218 13 
0 1.42253 13 
0 1.44723 13 
0 1.45005 13 
0 1.4767 13 
0 1.47684 13 
0 1.47758 13 
0 1.62552 13 
0 1.62909 13 
0 1.64974 13 
0 1.6498 13 
0 1.65046 13 
0 1.71753 13 
0 1.71792 13 
0 1.72069 13 
0 1.72117 13 
0 1.72117 13 
0 inf 13 
0 0.0469744 14 
0 0.0813126 14 
0 0.124512 14 
0 0.127271 14 
0 0.130114 14 
0 0.135768 14 
0 0.152238 14 
0 0.177085 14 
0 0.180566 14 
0 0.181137 14 
0 0.187634 14 
0 0.198327 14 
0 0.20589 14 
0 0.207238 14 
0 0.207488 14 
0 0.231701 14 
0 0.231701 14 
0 0.23437 14 
0 0.235198 14 
0 0.235229 14 
0 0.235579 14 
0 0.245554 14 
0 0.246779 14 
0 0.264636 14 
0 0.266636 14 
0 0.267025 14 
0 0.277125 14 
0 0.28273 14 
0 0.28822 14 
0 0.318759 14 
0 0.33178 14 
0 0.346182 14 
0 0.351812 14 
0 0.351821 14 
0 0.352851 14 
0 0.353036 14 
0 0.356361 14 
0 0.363404 14 
0 0.365112 14 
0 0.42124 14 
0 0.610914 14 
0 0.637652 14 
0 0.685122 14 
0 0.700581 14 
0 0.707757 14 
0 0.70869 14 
0 0.735885 14 
0 0.845022 14 
0 0.916218 14 
0 0.921395 14 
0 0.921522 14 
0 0.922703 14 
0 0.925845 14 
0 0.929408 14 
0 1.05697 14 
0 1.05825 14 
0 1.05833 14 
0 1.05988 14 
0 1.09074 14 
0 1.09199 14 
0 1.35164 14 
0 1.36273 14 
0 1.44735 14 
0 1.4495 14 
0 1.47277 14 
0 1.47341 14 
0 1.47348 14 
0 1.47722 14 
0 1.48247 14 
0 1.48289 14 
0 1.62456 14 
0 1.62953 14 
0 1.6365 14 
0 1.63656 14 
0 1.63668 14 
0 1.71637 14 
0 1.72036 14 
0 1.72041 14 
0 1.72184 14 
0 inf 14 
0 0.0600394 15 
0 0.0648528 15 
0 0.0709651 15 
0 0.0724119 15 
0 0.0792439 15 
0 0.106077 15 
0 0.117677 15 
0 0.127477 15 
0 0.127782 15 
0 0.133826 15 
0 0.137662 15 
0 0.14173 15 
0 0.153 15 
0 0.176607 15 
0 0.176944 15 
0 0.177485 15 
0 0.213217 15 
0 0.215875 15 
0 0.217013 15 
0 0.217788 15 
0 0.221655 15 
0 0.238179 15 
0 0.260042 15 
0 0.263606 15 
0 0.268909 15 
0 0.287145 15 
0 0.287145 15 
0 0.291885 15 
0 0.293833 15 
0 0.315732 15 
0 0.320667 15 
0 0.327202 15 
0 0.330809 15 
0 0.331976 15 
0 0.332221 15 
0 0.332367 15 
0 0.332562 15 
0 0.335241 15 
0 0.336101 15 
0 0.336663 15 
0 0.429528 15 
0 0.723752 15 
0 0.834237 15 
0 0.836844 15 
0 0.837454 15 
0 0.844114 15 
0 0.84413 15 
0 0.885906 15 
0 0.889824 15 
0 0.90686 15 
0 0.913475 15 
0 0.913517 15 
0 0.932903 15 
0 0.933001 15 
0 0.934001 15 
0 0.934001 15 
0 0.977664 15 
0 1.08097 15 
0 1.10506 15 
0 1.36254 15 
0 1.40615 15 
0 1.40747 15 
0 1.40762 15 
0 1.45273 15 
0 1.45863 15 
0 1.46074 15 
0 1.46076 15 
0 1.63142 15 
0 1.63218 15 
0 1.6329 15 
0 1.6329 15 
0 1.71944 15 
0 1.73957 15 
0 1.74199 15 
0 1.74199 15 
0 inf 15 
0 0.0401299 16 
0 0.0630058 16 
0 0.0646324 16 
0 0.064831 16 
0 0.065603 16 
0 0.0848984 16 
0 0.0969086 16 
0 0.114109 16 
0 0.139818 16 
0 0.14556 16 
0 0.153873 16 
0 0.171371 16 
0 0.1719 16 
0 0.1719 16 
0 0.173773 16 
0 0.183915 16 
0 0.184828 16 
0 0.185877 16 
0 0.199143 16 
0 0.202811 16 
0 0.203258 16 
0 0.203258 16 
0 0.219982 16 
0 0.23587 16 
0 0.240876 16 
0 0.266828 16 
0 0.316963 16 
0 0.343177 16 
0 0.350978 16 
0 0.35315 16 
0 0.353187 16 
0 0.35575 16 
0 0.35632 16 
0 0.357818 16 
0 0.418926 16 
0 0.422961 16 
0 0.433628 16 
0 0.439579 16 
0 0.483304 16 
0 0.517917 16 
0 0.748662 16 
0 0.759747 16 
0 0.767995 16 
0 0.769092 16 
0 0.813534 16 
0 0.849316 16 
0 0.849392 16 
0 0.929042 16 
0 0.929753 16 
0 0.929753 16 
0 0.93038 16 
0 1.0054 16 
0 1.01096 16 
0 1.10446 16 
0 1.15592 16 
0 1.36645 16 
0 1.3745 16 
0 1.37514 16 
0 1.3754 16 
0 1.45306 16 
0 1.45373 16 
0 1.45431 16 
0 1.45505 16 
0 1.63938 16 
0 1.63971 16 
0 1.63973 16 
0 1.64142 16 
0 1.72297 16 
0 1.73655 16 
0 1.74313 16 
0 1.74314 16 
0 inf 16 
0 0.0832248 17 
0 0.0850733 17 
0 0.085074 17 
0 0.135306 17 
0 0.136166 17 
0 0.139459 17 
0 0.162152 17 
0 0.167779 17 
0 0.170538 17 
0 0.171437 17 
0 0.171437 17 
0 0.172116 17 
0 0.172492 17 
0 0.179788 17 
0 0.187691 17 
0 0.25879 17 
0 0.276393 17 
0 0.285645 17 
0 0.295636 17 
0 0.31002 17 
0 0.310229 17 
0 0.315431 17 
0 0.316416 17 
0 0.316416 17 
0 0.317411 17 
0 0.320932 17 
0 0.323697 17 
0 0.327519 17 
0 0.327638 17 
0 0.345779 17 
0 0.375159 17 
0 0.41044 17 
0 0.411717 17 
0 0.413319 17 
0 0.413444 17 
0 0.446219 17 
0 0.518294 17 
0 0.527756 17 
0 0.597517 17 
0 0.600697 17 
0 0.716905 17 
0 0.814349 17 
0 0.814986 17 
0 0.81551 17 
0 0.815511 17 
0 0.93636 17 
0 0.936734 17 
0 0.937231 17 
0 0.938186 17 
0 1.14861 17 
0 1.14879 17 
0 1.3738 17 
0 1.38268 17 
0 1.38305 17 
0 1.38347 17 
0 1.45454 17 
0 1.45462 17 
0 1.4552 17 
0 1.4552 17 
0 1.63761 17 
0 1.63867 17 
0 1.639 17 
0 1.63905 17 
0 1.72258 17 
0 1.72598 17 
0 1.72823 17 
0 1.72897 17 
0 inf 17 
0 0.133465 18 
0 0.134914 18 
0 0.137968 18 
0 0.138998 18 
0 0.138998 18 
0 0.143933 18 
0 0.14925 18 
0 0.182285 18 
0 0.184548 18 
0 0.194133 18 
0 0.225823 18 
0 0.250585 18 
0 0.250999 18 
0 0.266001 18 
0 0.266245 18 
0 0.270303 18 
0 0.277491 18 
0 0.283185 18 
0 0.283551 18 
0 0.285959 18 
0 0.286769 18 
0 0.290006 18 
0 0.290318 18 
0 0.291521 18 
0 0.293259 18 
0 0.323474 18 
0 0.325295 18 
0 0.325454 18 
0 0.325733 18 
0 0.350783 18 
0 0.353434 18 
0 0.495699 18 
0 0.498099 18 
0 0.505542 18 
0 0.547328 18 
0 0.701942 18 
0 0.704007 18 
0 0.869104 18 
0 0.886356 18 
0 0.888109 18 
0 0.889859 18 
0 0.924984 18 
0 0.926385 18 
0 0.926385 18 
0 0.933744 18 
0 1.10412 18 
0 1.10721 18 
0 1.39739 18 
0 1.40788 18 
0 1.40813 18 
0 1.40846 18 
0 1.46411 18 
0 1.46727 18 
0 1.46783 18 
0 1.46791 18 
0 1.64059 18 
0 1.64072 18 
0 1.64072 18 
0 1.65501 18 
0 1.72003 18 
0 1.72006 18 
0 1.72078 18 
0 2.05412 18 
0 inf 18 
0 0.0955252 19 
0 0.0960665 19 
0 0.127697 19 
0 0.130723 19 
0 0.133374 19 
0 0.133859 19 
0 0.161906 19 
0 0.172376 19 
0 0.178944 19 
0 0.214276 19 
0 0.214457 19 
0 0.217697 19 
0 0.217794 19 
0 0.217854 19 
0 0.217854 19 
0 0.218054 19 
0 0.219535 19 
0 0.232111 19 
0 0.252901 19 
0 0.260729 19 
0 0.273736 19 
0 0.273736 19 
0 0.279361 19 
0 0.28062 19 
0 0.281174 19 
0 0.285338 19 
0 0.290327 19 
0 0.291752 19 
0 0.29317 19 
0 0.322452 19 
0 0.322734 19 
0 0.327241 19 
0 0.563408 19 
0 0.575617 19 
0 0.699273 19 
0 0.708555 19 
0 0.912941 19 
0 0.913154 19 
0 0.913324 19 
0 0.935484 19 
0 0.975174 19 
0 0.976383 19 
0 1.0971 19 
0 1.10764 19 
0 1.41671 19 
0 1.42894 19 
0 1.42935 19 
0 1.46015 19 
0 1.46294 19 
0 1.46344 19 
0 1.46351 19 
0 1.63366 19 
0 1.63386 19 
0 1.63398 19 
0 1.72027 19 
0 1.72027 19 
0 1.72054 19 
0 1.99262 19 
0 3.25385 19 
0 inf 19 
0 0.0744908 20 
0 0.0900877 20 
0 0.0931987 20 
0 0.103346 20 
0 0.104599 20 
0 0.111201 20 
0 0.120171 20 
0 0.123148 20 
0 0.134908 20 
0 0.157607 20 
0 0.160217 20 
0 0.164055 20 
0 0.213912 20 
0 0.217994 20 
0 0.218054 20 
0 0.22087 20 
0 0.223495 20 
0 0.227633 20 
0 0.232608 20 
0 0.243346 20 
0 0.254746 20 
0 0.258681 20 
0 0.267368 20 
0 0.267556 20 
0 0.269685 20 
0 0.271022 20 
0 0.272173 20 
0 0.277076 20 
0 0.311769 20 
0 0.312101 20 
0 0.312931 20 
0 0.33165 20 
0 0.332898 20 
0 0.336731 20 
0 0.390348 20 
0 0.637893 20 
0 0.712039 20 
0 0.71224 20 
0 0.71224 20 
0 0.880563 20 
0 0.880681 20 
0 0.909362 20 
0 0.909404 20 
0 0.909618 20 
0 1.12878 20 
0 1.13281 20 
0 1.4131 20 
0 1.41313 20 
0 1.47218 20 
0 1.47232 20 
0 1.63216 20 
0 1.63289 20 
0 1.72126 20 
0 1.72195 20 
0 1.72198 20 
0 inf 20 
