5.40227 8.96382 1 
0.861546 2.24766 1 
0.18185 0.188758 1 
0.180708 0.227424 1 
0.14188 0.188242 1 
0.135113 0.138287 1 
0.101879 0.103227 1 
0.0908449 0.187818 1 
0.0878688 0.0909533 1 
0.0668659 0.0675985 1 
0.0587054 0.0643058 1 
0.0576948 0.0632325 1 
0.0575238 0.0593769 1 
0.0571804 0.058205 1 
0.0570083 0.0592115 1 
0.0552535 0.0566619 1 
0.0545355 0.0656775 1 
0.0539906 0.0742619 1 
0.0500142 0.0590446 1 
0.0498164 0.053256 1 
0.046121 0.0475922 1 
0.0454759 0.0530707 1 
0.0446013 0.046121 1 
0.0432562 0.0484128 1 
4.1771 6.76314 2 
0.7097 3.02423 2 
0.272676 0.275194 2 
0.228287 0.249083 2 
0.227292 0.231925 2 
0.214456 0.259162 2 
0.210561 0.225467 2 
0.209769 0.224815 2 
0.198674 0.216102 2 
0.193703 0.234124 2 
0.178789 0.260824 2 
0.149058 0.176915 2 
0.14223 0.188193 2 
0.132475 0.136649 2 
0.0742628 0.0803756 2 
0.06716 0.0753167 2 
0.0667191 0.0806212 2 
0.0585421 0.0602007 2 
0.0473853 0.0509893 2 
0.0425678 0.0511815 2 
4.80975 4.91226 3 
4.7658 5.19355 3 
4.71312 5.12088 3 
4.48447 5.20119 3 
0.673447 3.06868 3 
0.243604 0.253277 3 
0.241331 0.24638 3 
0.238957 0.244014 3 
0.232947 0.25226 3 
0.21592 0.232943 3 
0.200209 0.228079 3 
0.165346 0.219226 3 
0.165108 0.178741 3 
0.163484 0.1705 3 
0.157283 0.261837 3 
0.130082 0.192789 3 
0.111303 0.111482 3 
0.108887 0.112275 3 
0.0918128 0.115982 3 
0.0807428 0.0869687 3 
0.0536251 0.0575236 3 
0.0506005 0.0513739 3 
1.33909 2.77667 4 
0.226475 0.25483 4 
0.20911 0.219946 4 
0.209012 0.212609 4 
0.204966 0.226564 4 
0.204535 0.242228 4 
0.2005 0.200891 4 
0.197176 0.243244 4 
0.194619 0.203043 4 
0.186398 0.214823 4 
0.172402 0.19828 4 
0.171141 0.175178 4 
0.161243 0.198775 4 
0.148788 0.180326 4 
0.0960076 0.107526 4 
0.0739968 0.0772522 4 
0.060037 0.0668658 4 
1.50714 2.49629 5 
0.219675 0.245061 5 
0.204829 0.20655 5 
0.171083 0.175455 5 
0.168053 0.204151 5 
0.161729 0.190215 5 
0.153994 0.198827 5 
0.152062 0.219179 5 
0.140129 0.203081 5 
0.118669 0.119903 5 
0.0716946 0.0806199 5 
0.0568341 0.0578644 5 
2.24631 2.24861 6 
2.23837 2.30967 6 
2.23583 2.24872 6 
2.20251 2.31027 6 
1.6132 2.26396 6 
0.17154 0.176742 6 
0.168933 0.170447 6 
0.168121 0.200448 6 
0.167648 0.17824 6 
0.165519 0.172054 6 
0.163845 0.192987 6 
0.163665 0.182333 6 
0.153872 0.207306 6 
2.54166 2.57494 7 
2.46053 2.52505 7 
2.36383 2.41021 7 
2.01965 2.18351 7 
1.96164 2.00681 7 
1.85122 1.98903 7 
1.83511 2.02703 7 
0.159898 0.171081 7 
0.152125 0.179951 7 
0.145237 0.145575 7 
0.142228 0.188862 7 
0.136213 0.160139 7 
0.061335 0.065977 7 
0.0490205 0.0523255 7 
2.14783 2.33623 8 
1.8852 2.24851 8 
1.79956 1.93528 8 
1.74234 1.81969 8 
1.46313 1.7042 8 
1.44141 1.84777 8 
0.257905 0.26083 8 
0.189072 0.23771 8 
0.127011 0.141606 8 
0.125998 0.191969 8 
0.119335 0.138654 8 
2.24515 2.30032 9 
2.19137 2.24662 9 
1.52315 1.53251 9 
1.46615 1.53852 9 
1.41942 1.45718 9 
0.54133 0.573986 9 
0.484543 0.490847 9 
0.148527 0.189126 9 
0.128855 0.145781 9 
1.87127 2.15753 10 
1.84036 2.14465 10 
1.24609 1.30451 10 
0.919444 0.968241 10 
0.529633 0.550687 10 
0.480214 0.48589 10 
0.165344 0.195825 10 
0.110414 0.118334 10 
1.59612 1.66806 11 
1.59567 1.82572 11 
1.38784 1.5374 11 
1.38693 1.49382 11 
1.16406 1.1807 11 
1.14163 1.16748 11 
0.80096 0.801016 11 
0.539646 0.557798 11 
0.537538 0.568662 11 
0.463735 0.486883 11 
0.201347 0.214963 11 
0.175684 0.179234 11 
0.949348 1.03037 12 
0.915639 0.933628 12 
0.895717 1.00214 12 
0.816355 0.918848 12 
0.815723 1.06325 12 
0.813789 0.918023 12 
0.655974 0.670041 12 
0.488416 0.504883 12 
0.359812 0.414286 12 
0.191605 0.195165 12 
1.87999 1.9321 13 
1.87854 1.9321 13 
1.87634 1.93703 13 
0.467773 0.490319 13 
0.466192 0.526819 13 
0.436384 0.448009 13 
0.4262 0.452549 13 
0.474234 0.510966 14 
1.77606 2.14752 15 
1.76124 2.16793 15 
1.75932 2.04803 15 
0.553623 0.571058 15 
0.442827 0.451443 15 
1.59223 1.75061 16 
1.59202 1.80762 16 
1.57313 1.79148 16 
0.454832 0.458304 16 
0.957214 1.02467 17 
0.956278 1.1307 17 
0.432567 0.434371 17 
0.473537 0.507507 18 
0.442843 0.478443 18 
0.544539 0.593022 19 
0.297711 0.314066 19 
0.690897 0.722989 20 
0.456662 0.470932 20 
