4.61565 7.24832 1 
1.131 2.81163 1 
0.243387 0.248905 1 
0.204792 0.207676 1 
0.10339 0.11002 1 
0.070701 0.0796825 1 
0.0687425 0.0744645 1 
0.0645301 0.0704856 1 
0.0593295 0.0662425 1 
0.0575451 0.0585152 1 
0.05614 0.0574103 1 
0.0539445 0.0640281 1 
0.0500721 0.0537842 1 
0.0497523 0.0554077 1 
0.0450023 0.0516497 1 
0.0437385 0.0444663 1 
0.0435478 0.0474301 1 
0.0422411 0.0462379 1 
0.041083 0.0455378 1 
0.0404926 0.0460637 1 
0.0384565 0.0435524 1 
0.0384561 0.0433675 1 
0.0380338 0.0412641 1 
0.0360778 0.0390713 1 
0.0332975 0.0337841 1 
0.0325712 0.0325774 1 
5.32766 5.48415 2 
5.32155 5.3465 2 
3.77548 5.48519 2 
0.917144 3.71637 2 
0.196623 0.222256 2 
0.193991 0.223054 2 
0.193701 0.211167 2 
0.1937 0.197965 2 
0.0618492 0.0623674 2 
0.0511913 0.0601435 2 
0.0458889 0.0492676 2 
0.0450045 0.0513448 2 
0.0404921 0.0422385 2 
3.49568 3.90769 3 
3.49543 3.90659 3 
3.49162 3.89789 3 
0.861127 3.90815 3 
0.175406 0.180289 3 
0.163848 0.163994 3 
0.159219 0.162418 3 
0.155023 0.157087 3 
0.0761741 0.078467 3 
0.0549733 0.0614624 3 
0.0522809 0.0571281 3 
0.0522788 0.0524292 3 
0.0510328 0.0524292 3 
0.0477769 0.0537908 3 
0.0464118 0.0536423 3 
1.11561 1.14886 4 
0.840364 3.82741 4 
0.0564136 0.0590615 4 
0.0522809 0.0528902 4 
0.0489446 0.0502386 4 
0.0487789 0.0510309 4 
0.0464118 0.0495961 4 
1.82994 1.88081 5 
1.71568 1.72025 5 
1.16536 3.58188 5 
0.143554 0.152891 5 
0.133154 0.133517 5 
0.0853273 0.0915998 5 
0.0457155 0.0474361 5 
2.99055 3.01329 6 
2.97409 2.98081 6 
2.94709 3.14754 6 
2.94481 3.00944 6 
2.87937 2.91739 6 
2.49238 2.51825 6 
2.04641 2.1226 6 
2.04401 2.13622 6 
2.0397 2.07602 6 
2.03956 2.07946 6 
2.03926 2.09698 6 
1.99259 3.21323 6 
1.87981 1.89911 6 
0.147256 0.160877 6 
0.107655 0.109359 6 
0.0531889 0.0533458 6 
2.46596 2.50932 7 
2.33617 2.48789 7 
2.13688 2.6064 7 
1.98191 2.46596 7 
1.94774 2.70236 7 
1.94019 2.70688 7 
1.92885 2.03478 7 
0.0953031 0.103241 7 
2.47586 3.06258 8 
1.7238 2.34931 8 
1.71828 2.317 8 
1.44907 2.42689 8 
2.50531 2.56885 9 
2.1679 2.34897 9 
1.65814 2.05821 9 
1.64604 1.64975 9 
1.63401 2.18851 9 
1.14231 2.22704 9 
0.051661 0.0561306 9 
2.10021 2.17749 10 
2.04414 2.06371 10 
1.05712 1.97255 10 
0.576791 0.615956 10 
0.115226 0.117988 10 
2.04388 2.5486 11 
2.04322 2.73304 11 
1.85118 2.04232 11 
1.17469 1.80443 11 
0.496154 0.496744 11 
1.7761 1.83655 12 
1.76644 1.83527 12 
1.43947 1.60522 12 
1.39547 1.448 12 
1.39417 1.59787 12 
1.2949 1.49481 12 
1.57601 1.69704 13 
1.56163 1.6768 13 
1.17368 1.21644 13 
1.04216 1.14227 13 
0.939173 1.09002 13 
0.857017 0.946815 13 
0.834432 1.06659 13 
1.06747 1.08157 14 
1.04666 1.11796 14 
0.918876 0.967782 14 
0.736348 0.924035 14 
0.648863 0.674648 14 
1.01047 1.02656 15 
0.931841 1.07869 15 
0.902466 1.02335 15 
2.0522 2.0923 16 
2.05128 2.09226 16 
2.05123 2.09213 16 
0.939736 0.952295 16 
1.79195 1.93373 17 
1.79073 1.93906 17 
1.78993 1.94181 17 
2.1229 2.13582 18 
2.12166 2.13867 18 
2.11357 2.13918 18 
1.31908 1.38277 18 
