0 0.0304469 1 
0 0.0318007 1 
0 0.042068 1 
0 0.0485832 1 
0 0.0485837 1 
0 0.0502809 1 
0 0.0511157 1 
0 0.0511191 1 
0 0.0519299 1 
0 0.0527353 1 
0 0.0527382 1 
0 0.0535312 1 
0 0.0543182 1 
0 0.0615813 1 
0 0.0615813 1 
0 0.0615813 1 
0 0.0636009 1 
0 0.06426 1 
0 0.06426 1 
0 0.0642607 1 
0 0.064262 1 
0 0.0649124 1 
0 0.0674589 1 
0 0.0680807 1 
0 0.0680843 1 
0 0.0680874 1 
0 0.0686968 1 
0 0.0686979 1 
0 0.0693112 1 
0 0.0705129 1 
0 0.0716981 1 
0 0.071701 1 
0 0.0717015 1 
0 0.0722834 1 
0 0.072288 1 
0 0.0722885 1 
0 0.0751476 1 
0 0.0757051 1 
0 0.0762541 1 
0 0.0768122 1 
0 0.0773568 1 
0 0.0784382 1 
0 0.0789694 1 
0 0.0789756 1 
0 0.0795104 1 
0 0.0805542 1 
0 0.0805542 1 
0 0.0810846 1 
0 0.0815997 1 
0 0.08262 1 
0 0.0836393 1 
0 0.0846386 1 
0 0.0851373 1 
0 0.0866069 1 
0 0.088533 1 
0 0.0890082 1 
0 0.0918036 1 
0 0.0927181 1 
0 0.0931765 1 
0 0.0949624 1 
0 0.0949683 1 
0 0.0980196 1 
0 0.0980222 1 
0 0.0984467 1 
0 0.105874 1 
0 0.106662 1 
0 0.113189 1 
0 0.113934 1 
0 0.114672 1 
0 0.116487 1 
0 0.116851 1 
0 0.11721 1 
0 0.121099 1 
0 0.122142 1 
0 0.12351 1 
0 0.130807 1 
0 0.131444 1 
0 0.13209 1 
0 0.134298 1 
0 0.135551 1 
0 0.136789 1 
0 0.141925 1 
0 0.142524 1 
0 0.148319 1 
0 0.14973 1 
0 0.15307 1 
0 0.153619 1 
0 0.162422 1 
0 0.168534 1 
0 0.172485 1 
0 0.178961 1 
0 0.180835 1 
0 0.181533 1 
0 0.183382 1 
0 0.221672 1 
0 0.22224 1 
0 0.227487 1 
0 0.252758 1 
0 0.252924 1 
0 0.315248 1 
0 0.346317 1 
0 0.360856 1 
0 0.40696 1 
0 0.411701 1 
0 0.414456 1 
0 0.416395 1 
0 0.421121 1 
0 0.423316 1 
0 0.437314 1 
0 0.451052 1 
0 0.484603 1 
0 0.508763 1 
0 0.509584 1 
0 0.524668 1 
0 0.539626 1 
0 0.641241 1 
0 0.736814 1 
0 0.789863 1 
0 0.856952 1 
0 0.875506 1 
0 0.899372 1 
0 1.07897 1 
0 1.57386 1 
0 1.61565 1 
0 2.11358 1 
0 3.14636 1 
0 3.33017 1 
0 4.82971 1 
0 4.9978 1 
0 5.12668 1 
0 5.51309 1 
0 inf 1 
0 0.0389474 2 
0 0.0459 2 
0 0.0459 2 
0 0.0459004 2 
0 0.0485764 2 
0 0.0502804 2 
0 0.0502804 2 
0 0.0502886 2 
0 0.055088 2 
0 0.0558398 2 
0 0.0580594 2 
0 0.0587807 2 
0 0.0594932 2 
0 0.0594932 2 
0 0.0595009 2 
0 0.0608926 2 
0 0.0615888 2 
0 0.0622683 2 
0 0.0622683 2 
0 0.0655583 2 
0 0.0668383 2 
0 0.0699187 2 
0 0.0705138 2 
0 0.0717015 2 
0 0.0717019 2 
0 0.0717058 2 
0 0.0745861 2 
0 0.0751448 2 
0 0.0762579 2 
0 0.0762668 2 
0 0.0795069 2 
0 0.0800329 2 
0 0.0815992 2 
0 0.08262 2 
0 0.0841387 2 
0 0.084147 2 
0 0.0846437 2 
0 0.0866131 2 
0 0.0870924 2 
0 0.0880544 2 
0 0.0890093 2 
0 0.0899489 2 
0 0.0904152 2 
0 0.0904158 2 
0 0.0922638 2 
0 0.0945176 2 
0 0.0945216 2 
0 0.0949704 2 
0 0.0980204 2 
0 0.0980231 2 
0 0.0980301 2 
0 0.102641 2 
0 0.10305 2 
0 0.105077 2 
0 0.105479 2 
0 0.107852 2 
0 0.109403 2 
0 0.113931 2 
0 0.117566 2 
0 0.118999 2 
0 0.120399 2 
0 0.132719 2 
0 0.141333 2 
0 0.141927 2 
0 0.142517 2 
0 0.152239 2 
0 0.15634 2 
0 0.158752 2 
0 0.159542 2 
0 0.159545 2 
0 0.159546 2 
0 0.162939 2 
0 0.16397 2 
0 0.164741 2 
0 0.16525 2 
0 0.175875 2 
0 0.207531 2 
0 0.210553 2 
0 0.214546 2 
0 0.224688 2 
0 0.236919 2 
0 0.242026 2 
0 0.247374 2 
0 0.261762 2 
0 0.277094 2 
0 0.285926 2 
0 0.294067 2 
0 0.304622 2 
0 0.323409 2 
0 0.330117 2 
0 0.343138 2 
0 0.359338 2 
0 0.360959 2 
0 0.36328 2 
0 0.390259 2 
0 0.397107 2 
0 0.403944 2 
0 0.43692 2 
0 0.455274 2 
0 0.475656 2 
0 0.478287 2 
0 0.492599 2 
0 0.562343 2 
0 0.605803 2 
0 0.635119 2 
0 0.63691 2 
0 0.651634 2 
0 0.677445 2 
0 0.679491 2 
0 0.70046 2 
0 0.70412 2 
0 0.705282 2 
0 0.830716 2 
0 0.873627 2 
0 0.985622 2 
0 1.39095 2 
0 1.60028 2 
0 2.05221 2 
0 2.71517 2 
0 2.81261 2 
0 3.12739 2 
0 3.23214 2 
0 3.23464 2 
0 4.13188 2 
0 4.74427 2 
0 4.82032 2 
0 4.8942 2 
0 inf 2 
0 0.0355615 3 
0 0.0389474 3 
0 0.0440257 3 
0 0.0440316 3 
0 0.044032 3 
0 0.0459016 3 
0 0.046809 3 
0 0.0573286 3 
0 0.0608947 3 
0 0.0615903 3 
0 0.0636021 3 
0 0.0636029 3 
0 0.06426 3 
0 0.0649124 3 
0 0.0655583 3 
0 0.0661999 3 
0 0.0674671 3 
0 0.0686979 3 
0 0.0699132 3 
0 0.0717024 3 
0 0.0717058 3 
0 0.0734385 3 
0 0.0751464 3 
0 0.077351 3 
0 0.0784389 3 
0 0.078974 3 
0 0.0795138 3 
0 0.0800305 3 
0 0.0856339 3 
0 0.086116 3 
0 0.0861188 3 
0 0.0904209 3 
0 0.0922578 3 
0 0.092715 3 
0 0.0931684 3 
0 0.093179 3 
0 0.0940686 3 
0 0.103463 3 
0 0.109399 3 
0 0.113191 3 
0 0.113921 3 
0 0.116491 3 
0 0.133349 3 
0 0.133356 3 
0 0.133989 3 
0 0.134302 3 
0 0.135236 3 
0 0.136167 3 
0 0.138013 3 
0 0.138013 3 
0 0.13802 3 
0 0.143409 3 
0 0.148033 3 
0 0.148602 3 
0 0.148604 3 
0 0.149168 3 
0 0.149447 3 
0 0.158748 3 
0 0.16112 3 
0 0.162676 3 
0 0.167781 3 
0 0.17077 3 
0 0.176111 3 
0 0.184757 3 
0 0.188594 3 
0 0.192356 3 
0 0.198818 3 
0 0.225066 3 
0 0.238694 3 
0 0.24185 3 
0 0.2422 3 
0 0.24651 3 
0 0.256257 3 
0 0.258515 3 
0 0.258526 3 
0 0.278765 3 
0 0.289301 3 
0 0.293348 3 
0 0.30143 3 
0 0.304346 3 
0 0.315764 3 
0 0.332279 3 
0 0.334303 3 
0 0.344854 3 
0 0.362534 3 
0 0.364281 3 
0 0.382398 3 
0 0.399199 3 
0 0.427624 3 
0 0.445842 3 
0 0.50069 3 
0 0.572327 3 
0 0.572916 3 
0 0.584705 3 
0 0.58471 3 
0 0.59007 3 
0 0.59342 3 
0 0.594552 3 
0 0.613604 3 
0 0.614822 3 
0 0.625232 3 
0 0.636359 3 
0 0.645114 3 
0 0.648849 3 
0 0.838894 3 
0 0.909886 3 
0 0.992827 3 
0 1.21014 3 
0 1.52764 3 
0 1.6876 3 
0 1.75182 3 
0 1.76532 3 
0 2.07229 3 
0 2.07309 3 
0 2.07593 3 
0 2.29377 3 
0 2.68051 3 
0 2.68742 3 
0 2.68841 3 
0 3.19738 3 
0 4.05802 3 
0 4.07073 3 
0 4.07086 3 
0 inf 3 
0 0.0389498 4 
0 0.058067 4 
0 0.0587807 4 
0 0.0622613 4 
0 0.0622671 4 
0 0.0674687 4 
0 0.0699225 4 
0 0.0699246 4 
0 0.0716991 4 
0 0.071701 4 
0 0.0717106 4 
0 0.0722899 4 
0 0.0745824 4 
0 0.0784386 4 
0 0.0784454 4 
0 0.0805594 4 
0 0.0805611 4 
0 0.0805653 4 
0 0.0810756 4 
0 0.0810769 4 
0 0.0815928 4 
0 0.0826289 4 
0 0.0831293 4 
0 0.0851357 4 
0 0.0851439 4 
0 0.0870927 4 
0 0.0880574 4 
0 0.0890067 4 
0 0.0890105 4 
0 0.0908852 4 
0 0.0913458 4 
0 0.0927154 4 
0 0.0940773 4 
0 0.0962868 4 
0 0.098017 4 
0 0.0993034 4 
0 0.104671 4 
0 0.10667 4 
0 0.106674 4 
0 0.110545 4 
0 0.111303 4 
0 0.120401 4 
0 0.134298 4 
0 0.137987 4 
0 0.138008 4 
0 0.138016 4 
0 0.138624 4 
0 0.141035 4 
0 0.143701 4 
0 0.145158 4 
0 0.145736 4 
0 0.178492 4 
0 0.193233 4 
0 0.203633 4 
0 0.205284 4 
0 0.214153 4 
0 0.216667 4 
0 0.218217 4 
0 0.218988 4 
0 0.224687 4 
0 0.224688 4 
0 0.233157 4 
0 0.244451 4 
0 0.253257 4 
0 0.261924 4 
0 0.265127 4 
0 0.266233 4 
0 0.275111 4 
0 0.310245 4 
0 0.319908 4 
0 0.321453 4 
0 0.341155 4 
0 0.363145 4 
0 0.371674 4 
0 0.377846 4 
0 0.379085 4 
0 0.387778 4 
0 0.388304 4 
0 0.391867 4 
0 0.392189 4 
0 0.39508 4 
0 0.437205 4 
0 0.455636 4 
0 0.467482 4 
0 0.467483 4 
0 0.536103 4 
0 0.547022 4 
0 0.558089 4 
0 0.572892 4 
0 0.624414 4 
0 0.625389 4 
0 0.631451 4 
0 0.642933 4 
0 0.65559 4 
0 0.661129 4 
0 0.720191 4 
0 0.816543 4 
0 0.829295 4 
0 1.01437 4 
0 1.21101 4 
0 1.29435 4 
0 1.37052 4 
0 1.52862 4 
0 1.53523 4 
0 1.53547 4 
0 1.53556 4 
0 1.6229 4 
0 1.84228 4 
0 2.01854 4 
0 2.21326 4 
0 2.21692 4 
0 2.21846 4 
0 2.72452 4 
0 2.73598 4 
0 2.73741 4 
0 2.84598 4 
0 2.84846 4 
0 2.84846 4 
0 2.8486 4 
0 inf 4 
0 0.0389479 5 
0 0.0459004 5 
0 0.0494451 5 
0 0.0511135 5 
0 0.0565974 5 
0 0.0594921 5 
0 0.0642603 5 
0 0.0674678 5 
0 0.0680818 5 
0 0.07344 5 
0 0.0784342 5 
0 0.0795102 5 
0 0.0815977 5 
0 0.0831353 5 
0 0.0831364 5 
0 0.0831366 5 
0 0.0846441 5 
0 0.0870986 5 
0 0.0890162 5 
0 0.0904149 5 
0 0.0908851 5 
0 0.0922581 5 
0 0.0940778 5 
0 0.0949654 5 
0 0.0958442 5 
0 0.0975847 5 
0 0.0980206 5 
0 0.0993026 5 
0 0.0997268 5 
0 0.101396 5 
0 0.105079 5 
0 0.113554 5 
0 0.113554 5 
0 0.119349 5 
0 0.120056 5 
0 0.127868 5 
0 0.140136 5 
0 0.145745 5 
0 0.148882 5 
0 0.156343 5 
0 0.161643 5 
0 0.177071 5 
0 0.18612 5 
0 0.186121 5 
0 0.187475 5 
0 0.187924 5 
0 0.188145 5 
0 0.192137 5 
0 0.196691 5 
0 0.218974 5 
0 0.227117 5 
0 0.23098 5 
0 0.23496 5 
0 0.236564 5 
0 0.237634 5 
0 0.255577 5 
0 0.282371 5 
0 0.288165 5 
0 0.288651 5 
0 0.294651 5 
0 0.301846 5 
0 0.301856 5 
0 0.309653 5 
0 0.312985 5 
0 0.325329 5 
0 0.334754 5 
0 0.36267 5 
0 0.363715 5 
0 0.392513 5 
0 0.401655 5 
0 0.404581 5 
0 0.40666 5 
0 0.422015 5 
0 0.453599 5 
0 0.454713 5 
0 0.459139 5 
0 0.505775 5 
0 0.536285 5 
0 0.537756 5 
0 0.586362 5 
0 0.591513 5 
0 0.597751 5 
0 0.597962 5 
0 0.598437 5 
0 0.620698 5 
0 0.623069 5 
0 0.623745 5 
0 0.739591 5 
0 0.849697 5 
0 0.861014 5 
0 1.02178 5 
0 1.21529 5 
0 1.21715 5 
0 1.30009 5 
0 1.30221 5 
0 1.30304 5 
0 1.30733 5 
0 1.30785 5 
0 1.3795 5 
0 1.45432 5 
0 1.45481 5 
0 1.45501 5 
0 1.45533 5 
0 1.47825 5 
0 1.71256 5 
0 1.75515 5 
0 1.75796 5 
0 1.7593 5 
0 1.75947 5 
0 1.80002 5 
0 1.83028 5 
0 2.12922 5 
0 2.62106 5 
0 2.62337 5 
0 2.6278 5 
0 inf 5 
0 0.0420742 6 
0 0.0527366 6 
0 0.0558434 6 
0 0.0573296 6 
0 0.0580597 6 
0 0.0580657 6 
0 0.0580667 6 
0 0.0699196 6 
0 0.0705149 6 
0 0.0768073 6 
0 0.077904 6 
0 0.080034 6 
0 0.0831309 6 
0 0.0841394 6 
0 0.0851399 6 
0 0.0856324 6 
0 0.0927143 6 
0 0.0997264 6 
0 0.0997267 6 
0 0.100148 6 
0 0.10015 6 
0 0.104681 6 
0 0.106268 6 
0 0.106274 6 
0 0.110922 6 
0 0.11131 6 
0 0.116494 6 
0 0.124867 6 
0 0.13524 6 
0 0.143993 6 
0 0.143994 6 
0 0.143996 6 
0 0.151132 6 
0 0.181302 6 
0 0.188371 6 
0 0.192136 6 
0 0.193884 6 
0 0.194753 6 
0 0.195613 6 
0 0.208343 6 
0 0.215305 6 
0 0.219029 6 
0 0.220338 6 
0 0.221673 6 
0 0.223185 6 
0 0.227302 6 
0 0.231527 6 
0 0.231538 6 
0 0.239514 6 
0 0.242205 6 
0 0.248556 6 
0 0.300869 6 
0 0.301873 6 
0 0.306307 6 
0 0.306719 6 
0 0.330899 6 
0 0.360933 6 
0 0.362447 6 
0 0.370156 6 
0 0.373608 6 
0 0.381481 6 
0 0.384065 6 
0 0.386363 6 
0 0.388086 6 
0 0.457349 6 
0 0.46038 6 
0 0.463391 6 
0 0.468366 6 
0 0.53414 6 
0 0.542277 6 
0 0.542277 6 
0 0.543209 6 
0 0.548151 6 
0 0.561243 6 
0 0.586278 6 
0 0.597274 6 
0 0.61603 6 
0 0.617055 6 
0 0.621479 6 
0 0.730192 6 
0 0.870052 6 
0 0.916498 6 
0 0.989395 6 
0 1.06583 6 
0 1.06761 6 
0 1.06938 6 
0 1.07716 6 
0 1.16597 6 
0 1.17485 6 
0 1.17884 6 
0 1.24466 6 
0 1.28769 6 
0 1.28769 6 
0 1.2949 6 
0 1.2949 6 
0 1.30331 6 
0 1.31254 6 
0 1.37527 6 
0 1.37677 6 
0 1.37677 6 
0 1.37711 6 
0 1.38654 6 
0 1.46522 6 
0 1.55024 6 
0 1.62081 6 
0 1.62568 6 
0 1.6292 6 
0 1.6294 6 
0 1.63185 6 
0 1.63601 6 
0 1.7067 6 
0 inf 6 
0 0.0485764 7 
0 0.0485779 7 
0 0.0527351 7 
0 0.056593 7 
0 0.0608959 7 
0 0.0723244 7 
0 0.0740175 7 
0 0.07515 7 
0 0.0810833 7 
0 0.0826278 7 
0 0.0831301 7 
0 0.0841448 7 
0 0.0851334 7 
0 0.09088 7 
0 0.0936247 7 
0 0.0945173 7 
0 0.0962921 7 
0 0.0980192 7 
0 0.100143 7 
0 0.100568 7 
0 0.100987 7 
0 0.103045 7 
0 0.115766 7 
0 0.119703 7 
0 0.120052 7 
0 0.121451 7 
0 0.139532 7 
0 0.168535 7 
0 0.169284 7 
0 0.17419 7 
0 0.183166 7 
0 0.185906 7 
0 0.205288 7 
0 0.208944 7 
0 0.211551 7 
0 0.212148 7 
0 0.212956 7 
0 0.215303 7 
0 0.230733 7 
0 0.244108 7 
0 0.244449 7 
0 0.246171 7 
0 0.246514 7 
0 0.258858 7 
0 0.269542 7 
0 0.272203 7 
0 0.277112 7 
0 0.291168 7 
0 0.29178 7 
0 0.297736 7 
0 0.310654 7 
0 0.315869 7 
0 0.315869 7 
0 0.381406 7 
0 0.404027 7 
0 0.417669 7 
0 0.43088 7 
0 0.431564 7 
0 0.452486 7 
0 0.45285 7 
0 0.454346 7 
0 0.4585 7 
0 0.462071 7 
0 0.533903 7 
0 0.54679 7 
0 0.55615 7 
0 0.556712 7 
0 0.557998 7 
0 0.562511 7 
0 0.600546 7 
0 0.603695 7 
0 0.603905 7 
0 0.70785 7 
0 0.76093 7 
0 0.804298 7 
0 0.875973 7 
0 0.906723 7 
0 0.944239 7 
0 0.963438 7 
0 0.969543 7 
0 0.987843 7 
0 1.01879 7 
0 1.07198 7 
0 1.08095 7 
0 1.08484 7 
0 1.09182 7 
0 1.09512 7 
0 1.10313 7 
0 1.15202 7 
0 1.21902 7 
0 1.21978 7 
0 1.22003 7 
0 1.23561 7 
0 1.24335 7 
0 1.28604 7 
0 1.29432 7 
0 1.29968 7 
0 1.29981 7 
0 1.30088 7 
0 1.32733 7 
0 1.37065 7 
0 1.37288 7 
0 1.38389 7 
0 1.38435 7 
0 1.39913 7 
0 1.42307 7 
0 1.42307 7 
0 inf 7 
0 0.0587869 8 
0 0.0668318 8 
0 0.0693091 8 
0 0.0789703 8 
0 0.0795078 8 
0 0.0831671 8 
0 0.0831671 8 
0 0.0846377 8 
0 0.0885397 8 
0 0.0904484 8 
0 0.0975925 8 
0 0.112441 8 
0 0.113956 8 
0 0.115035 8 
0 0.115404 8 
0 0.11613 8 
0 0.120395 8 
0 0.124187 8 
0 0.125203 8 
0 0.128862 8 
0 0.129831 8 
0 0.131452 8 
0 0.139516 8 
0 0.148317 8 
0 0.15768 8 
0 0.163712 8 
0 0.163935 8 
0 0.164749 8 
0 0.182228 8 
0 0.184982 8 
0 0.189705 8 
0 0.191474 8 
0 0.196688 8 
0 0.220906 8 
0 0.22471 8 
0 0.232996 8 
0 0.242375 8 
0 0.247876 8 
0 0.263853 8 
0 0.284448 8 
0 0.288954 8 
0 0.290899 8 
0 0.291133 8 
0 0.301515 8 
0 0.352321 8 
0 0.357073 8 
0 0.359426 8 
0 0.386999 8 
0 0.388228 8 
0 0.388228 8 
0 0.38823 8 
0 0.394752 8 
0 0.40362 8 
0 0.406118 8 
0 0.430036 8 
0 0.513949 8 
0 0.525704 8 
0 0.530718 8 
0 0.566094 8 
0 0.566094 8 
0 0.566094 8 
0 0.573571 8 
0 0.585698 8 
0 0.602024 8 
0 0.609305 8 
0 0.628743 8 
0 0.628743 8 
0 0.631341 8 
0 0.634845 8 
0 0.634945 8 
0 0.642983 8 
0 0.717265 8 
0 0.882318 8 
0 0.893435 8 
0 0.897471 8 
0 0.899226 8 
0 0.921608 8 
0 0.928942 8 
0 1.05945 8 
0 1.07751 8 
0 1.08155 8 
0 1.08418 8 
0 1.13846 8 
0 1.16495 8 
0 1.20711 8 
0 1.20934 8 
0 1.21702 8 
0 1.23223 8 
0 1.26261 8 
0 1.28661 8 
0 1.28818 8 
0 1.28835 8 
0 1.30224 8 
0 1.30685 8 
0 1.33139 8 
0 1.37457 8 
0 1.37641 8 
0 1.38626 8 
0 1.39015 8 
0 1.40297 8 
0 1.42265 8 
0 1.5722 8 
0 1.61074 8 
0 inf 8 
0 0.0768069 9 
0 0.0789722 9 
0 0.0805569 9 
0 0.085626 9 
0 0.0875727 9 
0 0.0904215 9 
0 0.0908803 9 
0 0.0993041 9 
0 0.106277 9 
0 0.109784 9 
0 0.111688 9 
0 0.117209 9 
0 0.118282 9 
0 0.122829 9 
0 0.131111 9 
0 0.143109 9 
0 0.17827 9 
0 0.17873 9 
0 0.181084 9 
0 0.182232 9 
0 0.186824 9 
0 0.189511 9 
0 0.199262 9 
0 0.207935 9 
0 0.208943 9 
0 0.23316 9 
0 0.236222 9 
0 0.243754 9 
0 0.244735 9 
0 0.248833 9 
0 0.254587 9 
0 0.285488 9 
0 0.286039 9 
0 0.286039 9 
0 0.292776 9 
0 0.296346 9 
0 0.309159 9 
0 0.31537 9 
0 0.317619 9 
0 0.320527 9 
0 0.326266 9 
0 0.332526 9 
0 0.332526 9 
0 0.3412 9 
0 0.347079 9 
0 0.358075 9 
0 0.384375 9 
0 0.474999 9 
0 0.477917 9 
0 0.484225 9 
0 0.540745 9 
0 0.561374 9 
0 0.565481 9 
0 0.565861 9 
0 0.572552 9 
0 0.573655 9 
0 0.576951 9 
0 0.592777 9 
0 0.603822 9 
0 0.607987 9 
0 0.610498 9 
0 0.614263 9 
0 0.618446 9 
0 0.62818 9 
0 0.719965 9 
0 0.723925 9 
0 0.733018 9 
0 0.734667 9 
0 0.7723 9 
0 0.853468 9 
0 0.855835 9 
0 0.867222 9 
0 0.876495 9 
0 0.887532 9 
0 0.917239 9 
0 0.918524 9 
0 1.01429 9 
0 1.04958 9 
0 1.0521 9 
0 1.05262 9 
0 1.11348 9 
0 1.17423 9 
0 1.19642 9 
0 1.20553 9 
0 1.20763 9 
0 1.21337 9 
0 1.21362 9 
0 1.2157 9 
0 1.23422 9 
0 1.29728 9 
0 1.29819 9 
0 1.29932 9 
0 1.31622 9 
0 1.33374 9 
0 1.36892 9 
0 1.36975 9 
0 1.37076 9 
0 1.37812 9 
0 1.37849 9 
0 inf 9 
0 0.0810751 10 
0 0.0815954 10 
0 0.0856343 10 
0 0.0880594 10 
0 0.094966 10 
0 0.113558 10 
0 0.117927 10 
0 0.11862 10 
0 0.124894 10 
0 0.127873 10 
0 0.128858 10 
0 0.134308 10 
0 0.135261 10 
0 0.135264 10 
0 0.15109 10 
0 0.165259 10 
0 0.17126 10 
0 0.180339 10 
0 0.180603 10 
0 0.19123 10 
0 0.197527 10 
0 0.206093 10 
0 0.216085 10 
0 0.23514 10 
0 0.239752 10 
0 0.243592 10 
0 0.257699 10 
0 0.260582 10 
0 0.267759 10 
0 0.268116 10 
0 0.268116 10 
0 0.26825 10 
0 0.271529 10 
0 0.275558 10 
0 0.293492 10 
0 0.298051 10 
0 0.305581 10 
0 0.308065 10 
0 0.31204 10 
0 0.322142 10 
0 0.337475 10 
0 0.352587 10 
0 0.372348 10 
0 0.399543 10 
0 0.407892 10 
0 0.421518 10 
0 0.422715 10 
0 0.438684 10 
0 0.451451 10 
0 0.474553 10 
0 0.481708 10 
0 0.482146 10 
0 0.517225 10 
0 0.566994 10 
0 0.566995 10 
0 0.598791 10 
0 0.60138 10 
0 0.649423 10 
0 0.737193 10 
0 0.739695 10 
0 0.752348 10 
0 0.786481 10 
0 0.787284 10 
0 0.804499 10 
0 0.816199 10 
0 0.851168 10 
0 0.893671 10 
0 0.895165 10 
0 0.926823 10 
0 0.927369 10 
0 1.04745 10 
0 1.09559 10 
0 1.09927 10 
0 1.13597 10 
0 1.14041 10 
0 1.20106 10 
0 1.20144 10 
0 1.20791 10 
0 1.20906 10 
0 1.21899 10 
0 1.22034 10 
0 1.28835 10 
0 1.28913 10 
0 1.29982 10 
0 1.30128 10 
0 1.30356 10 
0 1.30705 10 
0 1.3086 10 
0 1.32889 10 
0 1.32952 10 
0 1.37546 10 
0 1.37555 10 
0 1.3757 10 
0 1.46541 10 
0 1.46599 10 
0 inf 10 
0 0.0594932 11 
0 0.0674618 11 
0 0.0789769 11 
0 0.094517 11 
0 0.114294 11 
0 0.117235 11 
0 0.117906 11 
0 0.12077 11 
0 0.13557 11 
0 0.14856 11 
0 0.14856 11 
0 0.149709 11 
0 0.150551 11 
0 0.151134 11 
0 0.156072 11 
0 0.158748 11 
0 0.159277 11 
0 0.1637 11 
0 0.167785 11 
0 0.175635 11 
0 0.186798 11 
0 0.201732 11 
0 0.220908 11 
0 0.223751 11 
0 0.24353 11 
0 0.247045 11 
0 0.25258 11 
0 0.253777 11 
0 0.285082 11 
0 0.285082 11 
0 0.287842 11 
0 0.297485 11 
0 0.305283 11 
0 0.311641 11 
0 0.313456 11 
0 0.324552 11 
0 0.326495 11 
0 0.359587 11 
0 0.372579 11 
0 0.377634 11 
0 0.386364 11 
0 0.392414 11 
0 0.402062 11 
0 0.409845 11 
0 0.410256 11 
0 0.468643 11 
0 0.468644 11 
0 0.536049 11 
0 0.536991 11 
0 0.550382 11 
0 0.598794 11 
0 0.600691 11 
0 0.638874 11 
0 0.649621 11 
0 0.685413 11 
0 0.727773 11 
0 0.732218 11 
0 0.733646 11 
0 0.735835 11 
0 0.744634 11 
0 0.753349 11 
0 0.836475 11 
0 0.837079 11 
0 0.848282 11 
0 0.91872 11 
0 0.95325 11 
0 0.991481 11 
0 1.065 11 
0 1.06599 11 
0 1.07927 11 
0 1.09666 11 
0 1.1055 11 
0 1.25607 11 
0 1.25825 11 
0 1.2657 11 
0 1.26826 11 
0 1.29065 11 
0 1.29262 11 
0 1.29633 11 
0 1.29812 11 
0 1.29828 11 
0 1.30881 11 
0 1.38471 11 
0 1.3851 11 
0 1.39167 11 
0 1.39212 11 
0 1.39487 11 
0 1.39535 11 
0 1.39964 11 
0 1.41211 11 
0 1.41282 11 
0 inf 11 
0 0.0784714 12 
0 0.0795064 12 
0 0.0927218 12 
0 0.101012 12 
0 0.101012 12 
0 0.160074 12 
0 0.161659 12 
0 0.167283 12 
0 0.169032 12 
0 0.180118 12 
0 0.181284 12 
0 0.189262 12 
0 0.192136 12 
0 0.199664 12 
0 0.205255 12 
0 0.207733 12 
0 0.212146 12 
0 0.215693 12 
0 0.219556 12 
0 0.25203 12 
0 0.252749 12 
0 0.254525 12 
0 0.254748 12 
0 0.259447 12 
0 0.275765 12 
0 0.276985 12 
0 0.289553 12 
0 0.301724 12 
0 0.302283 12 
0 0.314159 12 
0 0.318554 12 
0 0.324067 12 
0 0.344733 12 
0 0.346196 12 
0 0.356159 12 
0 0.377071 12 
0 0.37841 12 
0 0.398697 12 
0 0.453684 12 
0 0.519098 12 
0 0.520153 12 
0 0.529067 12 
0 0.536741 12 
0 0.54243 12 
0 0.546927 12 
0 0.547851 12 
0 0.568438 12 
0 0.568439 12 
0 0.588012 12 
0 0.645715 12 
0 0.710536 12 
0 0.711247 12 
0 0.77797 12 
0 0.803399 12 
0 0.868579 12 
0 0.871987 12 
0 0.874304 12 
0 0.892762 12 
0 0.896986 12 
0 0.900426 12 
0 0.955372 12 
0 0.977224 12 
0 1.07579 12 
0 1.07892 12 
0 1.11075 12 
0 1.14099 12 
0 1.14394 12 
0 1.17983 12 
0 1.18354 12 
0 1.18666 12 
0 1.20585 12 
0 1.20613 12 
0 1.23056 12 
0 1.23076 12 
0 1.23224 12 
0 1.23295 12 
0 1.26315 12 
0 1.29021 12 
0 1.29037 12 
0 1.30331 12 
0 1.31976 12 
0 1.31986 12 
0 1.37493 12 
0 1.37723 12 
0 1.38069 12 
0 1.38166 12 
0 1.38471 12 
0 inf 12 
0 0.143111 13 
0 0.143112 13 
0 0.151653 13 
0 0.162437 13 
0 0.19559 13 
0 0.201755 13 
0 0.205493 13 
0 0.209953 13 
0 0.21821 13 
0 0.230253 13 
0 0.231166 13 
0 0.231915 13 
0 0.235699 13 
0 0.236567 13 
0 0.241501 13 
0 0.263205 13 
0 0.268799 13 
0 0.286076 13 
0 0.288716 13 
0 0.292346 13 
0 0.305317 13 
0 0.31416 13 
0 0.315097 13 
0 0.330758 13 
0 0.332666 13 
0 0.342283 13 
0 0.345098 13 
0 0.361907 13 
0 0.368255 13 
0 0.400074 13 
0 0.406237 13 
0 0.407991 13 
0 0.409538 13 
0 0.410771 13 
0 0.422603 13 
0 0.430023 13 
0 0.483888 13 
0 0.49009 13 
0 0.493431 13 
0 0.536029 13 
0 0.536736 13 
0 0.552541 13 
0 0.557099 13 
0 0.571639 13 
0 0.651237 13 
0 0.656017 13 
0 0.665475 13 
0 0.68529 13 
0 0.686158 13 
0 0.709737 13 
0 0.710686 13 
0 0.716502 13 
0 0.726694 13 
0 0.770955 13 
0 0.8396 13 
0 0.840052 13 
0 0.854378 13 
0 0.856679 13 
0 1.05537 13 
0 1.06076 13 
0 1.06298 13 
0 1.11801 13 
0 1.11982 13 
0 1.12223 13 
0 1.13061 13 
0 1.16333 13 
0 1.19422 13 
0 1.19873 13 
0 1.21515 13 
0 1.21546 13 
0 1.21895 13 
0 1.21951 13 
0 1.22668 13 
0 1.29542 13 
0 1.29585 13 
0 1.29747 13 
0 1.29932 13 
0 1.30191 13 
0 1.37042 13 
0 1.37052 13 
0 1.39438 13 
0 1.39447 13 
0 1.39556 13 
0 inf 13 
0 0.0784714 14 
0 0.14487 14 
0 0.146301 14 
0 0.153046 14 
0 0.169746 14 
0 0.203015 14 
0 0.207531 14 
0 0.209554 14 
0 0.212944 14 
0 0.213737 14 
0 0.218218 14 
0 0.218218 14 
0 0.219751 14 
0 0.221882 14 
0 0.223183 14 
0 0.230794 14 
0 0.241678 14 
0 0.243762 14 
0 0.263554 14 
0 0.278953 14 
0 0.288151 14 
0 0.288858 14 
0 0.288881 14 
0 0.295068 14 
0 0.301284 14 
0 0.312542 14 
0 0.335817 14 
0 0.340301 14 
0 0.340304 14 
0 0.357692 14 
0 0.359101 14 
0 0.36156 14 
0 0.373031 14 
0 0.380743 14 
0 0.383611 14 
0 0.387871 14 
0 0.400811 14 
0 0.414651 14 
0 0.419 14 
0 0.424277 14 
0 0.460842 14 
0 0.503685 14 
0 0.545152 14 
0 0.556548 14 
0 0.564968 14 
0 0.570901 14 
0 0.605161 14 
0 0.636918 14 
0 0.637646 14 
0 0.681891 14 
0 0.703915 14 
0 0.707676 14 
0 0.871443 14 
0 0.872603 14 
0 0.88488 14 
0 1.06499 14 
0 1.07688 14 
0 1.07903 14 
0 1.13161 14 
0 1.13224 14 
0 1.13447 14 
0 1.13521 14 
0 1.15581 14 
0 1.1564 14 
0 1.20351 14 
0 1.21021 14 
0 1.22663 14 
0 1.22687 14 
0 1.22903 14 
0 1.2951 14 
0 1.29549 14 
0 1.31437 14 
0 1.32103 14 
0 1.32205 14 
0 1.36941 14 
0 1.37015 14 
0 1.37334 14 
0 1.37481 14 
0 1.37481 14 
0 inf 14 
0 0.0699601 15 
0 0.109784 15 
0 0.117907 15 
0 0.122483 15 
0 0.127825 15 
0 0.139236 15 
0 0.14311 15 
0 0.14715 15 
0 0.147746 15 
0 0.181068 15 
0 0.182689 15 
0 0.18315 15 
0 0.194965 15 
0 0.204652 15 
0 0.215499 15 
0 0.216475 15 
0 0.216475 15 
0 0.226731 15 
0 0.242224 15 
0 0.242919 15 
0 0.244451 15 
0 0.245166 15 
0 0.24651 15 
0 0.250603 15 
0 0.282816 15 
0 0.284154 15 
0 0.292917 15 
0 0.296493 15 
0 0.296919 15 
0 0.306315 15 
0 0.341421 15 
0 0.34826 15 
0 0.356863 15 
0 0.358631 15 
0 0.406755 15 
0 0.425591 15 
0 0.426871 15 
0 0.430704 15 
0 0.44351 15 
0 0.529467 15 
0 0.572963 15 
0 0.574516 15 
0 0.686396 15 
0 0.687623 15 
0 0.73708 15 
0 0.742265 15 
0 0.745436 15 
0 0.838492 15 
0 0.913858 15 
0 0.913859 15 
0 0.91455 15 
0 1.05474 15 
0 1.08142 15 
0 1.08328 15 
0 1.08515 15 
0 1.13221 15 
0 1.13325 15 
0 1.13459 15 
0 1.20125 15 
0 1.20529 15 
0 1.20539 15 
0 1.21659 15 
0 1.21829 15 
0 1.28668 15 
0 1.28691 15 
0 1.29063 15 
0 1.29086 15 
0 1.3155 15 
0 1.31653 15 
0 1.31704 15 
0 1.37788 15 
0 1.47379 15 
0 1.47484 15 
0 1.47599 15 
0 1.54683 15 
0 inf 15 
0 0.0459 16 
0 0.0846391 16 
0 0.0945186 16 
0 0.117571 16 
0 0.143989 16 
0 0.146887 16 
0 0.152769 16 
0 0.153066 16 
0 0.154142 16 
0 0.156073 16 
0 0.17443 16 
0 0.213517 16 
0 0.21452 16 
0 0.215915 16 
0 0.219015 16 
0 0.220316 16 
0 0.228065 16 
0 0.229696 16 
0 0.230064 16 
0 0.230821 16 
0 0.231342 16 
0 0.233159 16 
0 0.260519 16 
0 0.263734 16 
0 0.273771 16 
0 0.274999 16 
0 0.275688 16 
0 0.30899 16 
0 0.347776 16 
0 0.347776 16 
0 0.354496 16 
0 0.356394 16 
0 0.367311 16 
0 0.374695 16 
0 0.461505 16 
0 0.497087 16 
0 0.506918 16 
0 0.528106 16 
0 0.589648 16 
0 0.631998 16 
0 0.697419 16 
0 0.69935 16 
0 0.699531 16 
0 0.700253 16 
0 0.700313 16 
0 0.73029 16 
0 0.857133 16 
0 0.860077 16 
0 0.861252 16 
0 1.05266 16 
0 1.1079 16 
0 1.16833 16 
0 1.17006 16 
0 1.21951 16 
0 1.23615 16 
0 1.24027 16 
0 1.24992 16 
0 1.28655 16 
0 1.32106 16 
0 1.3813 16 
0 1.38847 16 
0 1.38863 16 
0 1.38884 16 
0 1.41981 16 
0 1.42692 16 
0 1.42822 16 
0 1.49088 16 
0 1.49571 16 
0 1.49571 16 
0 1.50255 16 
0 1.50279 16 
0 inf 16 
0 0.164741 17 
0 0.164759 17 
0 0.17273 17 
0 0.181794 17 
0 0.183822 17 
0 0.183822 17 
0 0.184087 17 
0 0.185421 17 
0 0.187713 17 
0 0.191917 17 
0 0.192353 17 
0 0.200925 17 
0 0.229901 17 
0 0.23712 17 
0 0.24499 17 
0 0.246875 17 
0 0.247727 17 
0 0.249591 17 
0 0.253755 17 
0 0.25508 17 
0 0.272534 17 
0 0.274845 17 
0 0.282335 17 
0 0.284638 17 
0 0.3031 17 
0 0.303101 17 
0 0.309701 17 
0 0.314024 17 
0 0.321421 17 
0 0.327655 17 
0 0.442467 17 
0 0.45476 17 
0 0.535552 17 
0 0.548996 17 
0 0.648984 17 
0 0.68492 17 
0 0.685842 17 
0 0.699832 17 
0 0.701516 17 
0 0.724963 17 
0 0.773463 17 
0 0.791128 17 
0 0.841853 17 
0 0.847888 17 
0 0.854226 17 
0 1.0557 17 
0 1.11433 17 
0 1.12947 17 
0 1.12992 17 
0 1.2047 17 
0 1.21306 17 
0 1.21306 17 
0 1.21334 17 
0 1.2353 17 
0 1.23561 17 
0 1.23684 17 
0 1.24034 17 
0 1.24738 17 
0 1.25008 17 
0 1.29647 17 
0 1.3438 17 
0 1.34556 17 
0 1.34744 17 
0 1.37042 17 
0 1.38772 17 
0 1.38787 17 
0 1.38802 17 
0 inf 17 
0 0.0609418 18 
0 0.0880892 18 
0 0.102256 18 
0 0.126192 18 
0 0.134257 18 
0 0.143673 18 
0 0.144244 18 
0 0.144245 18 
0 0.149427 18 
0 0.164719 18 
0 0.21627 18 
0 0.225089 18 
0 0.228219 18 
0 0.242541 18 
0 0.243264 18 
0 0.247897 18 
0 0.249729 18 
0 0.249731 18 
0 0.262084 18 
0 0.290064 18 
0 0.291079 18 
0 0.292957 18 
0 0.320138 18 
0 0.347896 18 
0 0.35031 18 
0 0.418191 18 
0 0.419818 18 
0 0.420903 18 
0 0.708866 18 
0 0.71035 18 
0 0.713902 18 
0 0.715033 18 
0 0.728561 18 
0 0.747976 18 
0 0.751844 18 
0 0.77379 18 
0 0.817529 18 
0 0.829418 18 
0 0.842553 18 
0 0.843353 18 
0 0.865583 18 
0 0.890335 18 
0 0.89166 18 
0 0.94564 18 
0 1.05022 18 
0 1.07418 18 
0 1.07485 18 
0 1.07496 18 
0 1.10253 18 
0 1.21535 18 
0 1.2155 18 
0 1.21754 18 
0 1.2253 18 
0 1.2253 18 
0 1.29585 18 
0 1.30096 18 
0 1.30421 18 
0 1.31146 18 
0 1.31393 18 
0 1.36975 18 
0 1.3699 18 
0 1.37122 18 
0 1.37221 18 
0 inf 18 
0 0.0954388 19 
0 0.109379 19 
0 0.130464 19 
0 0.131466 19 
0 0.134946 19 
0 0.164706 19 
0 0.167809 19 
0 0.16881 19 
0 0.172964 19 
0 0.177524 19 
0 0.18035 19 
0 0.183132 19 
0 0.19923 19 
0 0.206094 19 
0 0.208529 19 
0 0.223554 19 
0 0.237626 19 
0 0.250575 19 
0 0.278348 19 
0 0.280461 19 
0 0.28773 19 
0 0.31214 19 
0 0.314159 19 
0 0.31948 19 
0 0.396042 19 
0 0.432754 19 
0 0.435858 19 
0 0.451727 19 
0 0.452844 19 
0 0.457935 19 
0 0.604816 19 
0 0.651307 19 
0 0.658513 19 
0 0.729616 19 
0 0.729616 19 
0 0.730597 19 
0 0.811419 19 
0 0.812198 19 
0 0.848286 19 
0 0.849129 19 
0 0.849874 19 
0 1.09032 19 
0 1.09096 19 
0 1.12799 19 
0 1.17416 19 
0 1.1776 19 
0 1.18185 19 
0 1.20459 19 
0 1.20595 19 
0 1.20627 19 
0 1.29776 19 
0 1.34145 19 
0 1.34145 19 
0 1.35047 19 
0 1.38221 19 
0 1.3827 19 
0 1.38322 19 
0 1.49388 19 
0 3.98469 19 
0 inf 19 
0 0.116512 20 
0 0.131467 20 
0 0.134913 20 
0 0.137083 20 
0 0.141915 20 
0 0.159295 20 
0 0.167747 20 
0 0.192381 20 
0 0.194506 20 
0 0.212735 20 
0 0.217826 20 
0 0.218018 20 
0 0.218018 20 
0 0.221272 20 
0 0.224112 20 
0 0.230234 20 
0 0.236205 20 
0 0.273731 20 
0 0.278463 20 
0 0.278614 20 
0 0.27952 20 
0 0.27952 20 
0 0.279671 20 
0 0.281316 20 
0 0.283849 20 
0 0.298327 20 
0 0.31028 20 
0 0.312039 20 
0 0.320567 20 
0 0.369622 20 
0 0.384705 20 
0 0.388195 20 
0 0.539184 20 
0 0.540745 20 
0 0.541679 20 
0 0.57473 20 
0 0.741639 20 
0 0.741639 20 
0 0.742604 20 
0 0.852356 20 
0 0.855564 20 
0 0.855564 20 
0 0.880895 20 
0 0.880895 20 
0 1.02237 20 
0 1.21529 20 
0 1.21861 20 
0 1.21878 20 
0 1.21989 20 
0 1.22103 20 
0 1.30434 20 
0 1.30589 20 
0 1.37622 20 
0 1.37867 20 
0 1.54971 20 
0 inf 20 
