0 0.00989684 1 
0 0.0125158 1 
0 0.0132767 1 
0 0.0153286 1 
0 0.0187855 1 
0 0.0207679 1 
0 0.0242513 1 
0 0.0246625 1 
0 0.0273002 1 
0 0.0276573 1 
0 0.028014 1 
0 0.0280178 1 
0 0.0297114 1 
0 0.0297114 1 
0 0.0300324 1 
0 0.0300404 1 
0 0.0313192 1 
0 0.0319285 1 
0 0.0319341 1 
0 0.0319397 1 
0 0.0325456 1 
0 0.0328462 1 
0 0.0328484 1 
0 0.0334406 1 
0 0.0334406 1 
0 0.0340183 1 
0 0.0348819 1 
0 0.0357084 1 
0 0.0359821 1 
0 0.0367911 1 
0 0.0370545 1 
0 0.0370569 1 
0 0.0370616 1 
0 0.0373207 1 
0 0.0381004 1 
0 0.0383522 1 
0 0.0386084 1 
0 0.0398567 1 
0 0.0398678 1 
0 0.0405951 1 
0 0.0405983 1 
0 0.0410746 1 
0 0.0413107 1 
0 0.0417904 1 
0 0.0436231 1 
0 0.0438517 1 
0 0.0447359 1 
0 0.0451675 1 
0 0.0451695 1 
0 0.0455975 1 
0 0.045598 1 
0 0.0456058 1 
0 0.0464561 1 
0 0.0470775 1 
0 0.0487221 1 
0 0.0489262 1 
0 0.049722 1 
0 0.0497266 1 
0 0.0499182 1 
0 0.0505057 1 
0 0.0522208 1 
0 0.0529663 1 
0 0.0531577 1 
0 0.0535155 1 
0 0.0535155 1 
0 0.0542474 1 
0 0.0544278 1 
0 0.055503 1 
0 0.0555032 1 
0 0.0579146 1 
0 0.0600788 1 
0 0.0615333 1 
0 0.0651074 1 
0 0.0705896 1 
0 0.0735874 1 
0 0.0738506 1 
0 0.0746456 1 
0 0.0768432 1 
0 0.0783651 1 
0 0.0792333 1 
0 0.0858862 1 
0 0.0872446 1 
0 0.0920623 1 
0 0.0929078 1 
0 0.105096 1 
0 0.105467 1 
0 0.108585 1 
0 0.108585 1 
0 0.112748 1 
0 0.113788 1 
0 0.127836 1 
0 0.141731 1 
0 0.144345 1 
0 0.162499 1 
0 0.163583 1 
0 0.168836 1 
0 0.174663 1 
0 0.202199 1 
0 0.221506 1 
0 0.22257 1 
0 0.279286 1 
0 0.289535 1 
0 0.373812 1 
0 0.431639 1 
0 0.457393 1 
0 0.481597 1 
0 0.566637 1 
0 0.631156 1 
0 0.673136 1 
0 0.703434 1 
0 0.716074 1 
0 0.723095 1 
0 0.750726 1 
0 0.781603 1 
0 0.786898 1 
0 0.929878 1 
0 1.00286 1 
0 1.01246 1 
0 1.13691 1 
0 1.20942 1 
0 1.25031 1 
0 1.52209 1 
0 1.5418 1 
0 1.68761 1 
0 2.41279 1 
0 2.4765 1 
0 2.61299 1 
0 3.12165 1 
0 3.74258 1 
0 3.79498 1 
0 3.83067 1 
0 inf 1 
0 0.0187855 2 
0 0.0193076 2 
0 0.0193076 2 
0 0.0216984 2 
0 0.0225828 2 
0 0.0230055 2 
0 0.027297 2 
0 0.0280083 2 
0 0.0283534 2 
0 0.0300457 2 
0 0.03132 2 
0 0.0313206 2 
0 0.0331404 2 
0 0.0343147 2 
0 0.0345968 2 
0 0.0357109 2 
0 0.0357133 2 
0 0.0367926 2 
0 0.0367935 2 
0 0.0373136 2 
0 0.0378347 2 
0 0.0378476 2 
0 0.0386153 2 
0 0.0388708 2 
0 0.0391236 2 
0 0.0393646 2 
0 0.0401065 2 
0 0.041316 2 
0 0.0420223 2 
0 0.0422538 2 
0 0.0422586 2 
0 0.0424869 2 
0 0.0424879 2 
0 0.0464536 2 
0 0.0470793 2 
0 0.0470821 2 
0 0.0479122 2 
0 0.0481166 2 
0 0.0487223 2 
0 0.0487256 2 
0 0.0497122 2 
0 0.0508885 2 
0 0.0510795 2 
0 0.0510854 2 
0 0.0514573 2 
0 0.0516531 2 
0 0.051654 2 
0 0.0520291 2 
0 0.0531506 2 
0 0.0531575 2 
0 0.0585967 2 
0 0.0589275 2 
0 0.0595897 2 
0 0.0613796 2 
0 0.0640279 2 
0 0.064795 2 
0 0.0670223 2 
0 0.0670242 2 
0 0.0670243 2 
0 0.0697463 2 
0 0.0703184 2 
0 0.071 2 
0 0.0710077 2 
0 0.0726464 2 
0 0.0731847 2 
0 0.0829831 2 
0 0.0860051 2 
0 0.0959222 2 
0 0.101101 2 
0 0.101101 2 
0 0.10556 2 
0 0.111709 2 
0 0.120573 2 
0 0.120896 2 
0 0.127298 2 
0 0.128757 2 
0 0.139014 2 
0 0.143381 2 
0 0.149678 2 
0 0.150005 2 
0 0.151952 2 
0 0.154006 2 
0 0.156093 2 
0 0.157229 2 
0 0.168143 2 
0 0.184329 2 
0 0.197341 2 
0 0.221594 2 
0 0.225456 2 
0 0.253125 2 
0 0.261737 2 
0 0.302187 2 
0 0.384658 2 
0 0.408856 2 
0 0.409119 2 
0 0.441117 2 
0 0.555036 2 
0 0.582542 2 
0 0.592682 2 
0 0.647757 2 
0 0.64861 2 
0 0.650576 2 
0 0.656335 2 
0 0.803477 2 
0 0.818027 2 
0 0.905865 2 
0 0.915591 2 
0 0.918646 2 
0 0.929618 2 
0 0.962769 2 
0 0.963627 2 
0 0.971327 2 
0 1.01044 2 
0 1.02398 2 
0 1.41041 2 
0 1.41561 2 
0 1.5234 2 
0 1.96148 2 
0 2.54028 2 
0 2.60842 2 
0 2.72428 2 
0 2.75867 2 
0 2.87814 2 
0 3.07164 2 
0 3.17921 2 
0 3.19944 2 
0 3.203 2 
0 inf 2 
0 0.0182654 3 
0 0.0187949 3 
0 0.0202964 3 
0 0.0230055 3 
0 0.0234376 3 
0 0.0238526 3 
0 0.0238563 3 
0 0.0258243 3 
0 0.025826 3 
0 0.0273035 3 
0 0.0280083 3 
0 0.0287035 3 
0 0.0297084 3 
0 0.0300398 3 
0 0.0328443 3 
0 0.0345994 3 
0 0.0354345 3 
0 0.0383575 3 
0 0.0388583 3 
0 0.0391122 3 
0 0.0398655 3 
0 0.0405966 3 
0 0.0413132 3 
0 0.0413147 3 
0 0.0436304 3 
0 0.0438457 3 
0 0.0445096 3 
0 0.0447309 3 
0 0.046874 3 
0 0.0468755 3 
0 0.0468757 3 
0 0.0479139 3 
0 0.049516 3 
0 0.0495182 3 
0 0.0522209 3 
0 0.0549623 3 
0 0.0553167 3 
0 0.0556811 3 
0 0.0561967 3 
0 0.0561975 3 
0 0.0561976 3 
0 0.0584266 3 
0 0.0590953 3 
0 0.0595839 3 
0 0.0602436 3 
0 0.0632581 3 
0 0.0637277 3 
0 0.0643402 3 
0 0.0646391 3 
0 0.0670262 3 
0 0.0683298 3 
0 0.0683325 3 
0 0.0693264 3 
0 0.0700312 3 
0 0.0703102 3 
0 0.0708697 3 
0 0.0764618 3 
0 0.0793566 3 
0 0.0821535 3 
0 0.0822674 3 
0 0.0891407 3 
0 0.0972437 3 
0 0.105657 3 
0 0.106764 3 
0 0.111528 3 
0 0.116937 3 
0 0.128144 3 
0 0.133176 3 
0 0.144677 3 
0 0.154131 3 
0 0.16626 3 
0 0.16813 3 
0 0.17005 3 
0 0.172057 3 
0 0.200253 3 
0 0.208035 3 
0 0.233705 3 
0 0.235833 3 
0 0.288058 3 
0 0.3569 3 
0 0.37732 3 
0 0.396458 3 
0 0.403811 3 
0 0.472423 3 
0 0.480421 3 
0 0.521904 3 
0 0.525208 3 
0 0.536297 3 
0 0.54039 3 
0 0.549877 3 
0 0.566896 3 
0 0.749516 3 
0 0.759488 3 
0 0.761935 3 
0 0.774523 3 
0 0.78336 3 
0 0.793813 3 
0 0.809375 3 
0 0.846932 3 
0 0.866632 3 
0 0.880423 3 
0 0.896055 3 
0 0.896554 3 
0 0.905665 3 
0 0.923235 3 
0 0.924633 3 
0 1.08912 3 
0 1.23236 3 
0 1.36218 3 
0 1.72096 3 
0 1.75045 3 
0 1.91083 3 
0 1.94998 3 
0 1.95213 3 
0 1.95229 3 
0 2.34396 3 
0 2.36882 3 
0 2.5167 3 
0 2.87067 3 
0 2.88086 3 
0 2.88098 3 
0 2.90497 3 
0 2.90801 3 
0 inf 3 
0 0.0242588 4 
0 0.0280083 4 
0 0.0297084 4 
0 0.0310015 4 
0 0.0316225 4 
0 0.0316242 4 
0 0.0316253 4 
0 0.0316327 4 
0 0.0328376 4 
0 0.0340275 4 
0 0.0351595 4 
0 0.0386198 4 
0 0.0393612 4 
0 0.0405925 4 
0 0.0408335 4 
0 0.0408335 4 
0 0.0415498 4 
0 0.0422501 4 
0 0.0462406 4 
0 0.0472877 4 
0 0.0472981 4 
0 0.0474938 4 
0 0.0479048 4 
0 0.0485187 4 
0 0.0487206 4 
0 0.0487225 4 
0 0.0487255 4 
0 0.0487256 4 
0 0.0487256 4 
0 0.0514668 4 
0 0.0516568 4 
0 0.052033 4 
0 0.0533331 4 
0 0.0533385 4 
0 0.054784 4 
0 0.0547904 4 
0 0.0549611 4 
0 0.0555006 4 
0 0.0561973 4 
0 0.0568907 4 
0 0.0587606 4 
0 0.0621705 4 
0 0.0627962 4 
0 0.0641867 4 
0 0.0759434 4 
0 0.076847 4 
0 0.082268 4 
0 0.0827437 4 
0 0.0925926 4 
0 0.0934343 4 
0 0.0934365 4 
0 0.0957195 4 
0 0.0982446 4 
0 0.0991397 4 
0 0.10042 4 
0 0.102259 4 
0 0.116348 4 
0 0.126295 4 
0 0.127223 4 
0 0.128831 4 
0 0.133622 4 
0 0.148364 4 
0 0.156349 4 
0 0.189941 4 
0 0.190568 4 
0 0.229167 4 
0 0.308707 4 
0 0.352143 4 
0 0.367202 4 
0 0.367941 4 
0 0.442463 4 
0 0.446275 4 
0 0.458583 4 
0 0.464149 4 
0 0.469356 4 
0 0.493572 4 
0 0.494341 4 
0 0.547821 4 
0 0.568896 4 
0 0.626953 4 
0 0.684579 4 
0 0.704343 4 
0 0.709777 4 
0 0.715849 4 
0 0.723252 4 
0 0.727707 4 
0 0.728312 4 
0 0.733404 4 
0 0.743715 4 
0 0.783619 4 
0 0.785115 4 
0 0.792371 4 
0 0.828257 4 
0 0.837069 4 
0 0.847557 4 
0 0.849075 4 
0 0.853673 4 
0 0.857446 4 
0 0.858325 4 
0 0.927473 4 
0 1.05938 4 
0 1.15431 4 
0 1.2706 4 
0 1.27255 4 
0 1.27514 4 
0 1.28692 4 
0 1.36331 4 
0 1.66959 4 
0 1.67803 4 
0 1.68195 4 
0 1.68587 4 
0 1.78426 4 
0 1.82556 4 
0 1.82609 4 
0 1.82652 4 
0 1.89242 4 
0 2.02924 4 
0 2.34859 4 
0 2.3534 4 
0 inf 4 
0 0.017719 5 
0 0.022142 5 
0 0.0234334 5 
0 0.0250456 5 
0 0.0254415 5 
0 0.0410703 5 
0 0.0424723 5 
0 0.0431619 5 
0 0.0436152 5 
0 0.0445092 5 
0 0.044514 5 
0 0.0445142 5 
0 0.0451671 5 
0 0.0472873 5 
0 0.047292 5 
0 0.048316 5 
0 0.0483226 5 
0 0.0487182 5 
0 0.0495182 5 
0 0.0503125 5 
0 0.0504997 5 
0 0.0522192 5 
0 0.0522195 5 
0 0.0529644 5 
0 0.0547909 5 
0 0.0562003 5 
0 0.0568947 5 
0 0.0570644 5 
0 0.0587578 5 
0 0.0587578 5 
0 0.0602476 5 
0 0.0608955 5 
0 0.0610481 5 
0 0.0632637 5 
0 0.0647925 5 
0 0.0650949 5 
0 0.0676044 5 
0 0.0704472 5 
0 0.0711432 5 
0 0.0743828 5 
0 0.075035 5 
0 0.0754258 5 
0 0.0783632 5 
0 0.0817954 5 
0 0.0828684 5 
0 0.0841556 5 
0 0.0864581 5 
0 0.0913127 5 
0 0.0917406 5 
0 0.0953076 5 
0 0.0968374 5 
0 0.0978452 5 
0 0.113704 5 
0 0.11769 5 
0 0.130572 5 
0 0.147896 5 
0 0.162807 5 
0 0.233239 5 
0 0.366266 5 
0 0.373642 5 
0 0.397615 5 
0 0.444534 5 
0 0.447409 5 
0 0.449502 5 
0 0.457572 5 
0 0.539721 5 
0 0.553299 5 
0 0.553652 5 
0 0.558505 5 
0 0.567167 5 
0 0.570531 5 
0 0.573427 5 
0 0.6218 5 
0 0.628437 5 
0 0.640154 5 
0 0.641385 5 
0 0.642989 5 
0 0.643674 5 
0 0.651802 5 
0 0.652057 5 
0 0.663003 5 
0 0.675098 5 
0 0.698751 5 
0 0.699069 5 
0 0.700204 5 
0 0.700372 5 
0 0.729259 5 
0 0.779049 5 
0 0.790702 5 
0 0.814221 5 
0 0.818943 5 
0 0.822528 5 
0 0.852542 5 
0 0.853636 5 
0 0.858048 5 
0 0.937897 5 
0 0.9441 5 
0 0.981756 5 
0 0.987965 5 
0 1.16877 5 
0 1.17729 5 
0 1.2611 5 
0 1.28807 5 
0 1.34052 5 
0 1.36143 5 
0 1.39099 5 
0 1.51234 5 
0 1.94081 5 
0 1.97901 5 
0 1.97955 5 
0 1.98095 5 
0 2.10238 5 
0 2.11098 5 
0 2.11165 5 
0 2.1136 5 
0 inf 5 
0 0.0367882 6 
0 0.0367984 6 
0 0.0378425 6 
0 0.0386118 6 
0 0.0386123 6 
0 0.0398625 6 
0 0.0403576 6 
0 0.0422579 6 
0 0.0434017 6 
0 0.0447364 6 
0 0.0455962 6 
0 0.0481079 6 
0 0.0493171 6 
0 0.0503025 6 
0 0.051082 6 
0 0.0518413 6 
0 0.0520331 6 
0 0.0525912 6 
0 0.0529731 6 
0 0.0535204 6 
0 0.0540682 6 
0 0.0589215 6 
0 0.0615329 6 
0 0.0618455 6 
0 0.0621683 6 
0 0.0627948 6 
0 0.0629493 6 
0 0.0632542 6 
0 0.0634091 6 
0 0.0634112 6 
0 0.0634168 6 
0 0.0671711 6 
0 0.0725084 6 
0 0.0725084 6 
0 0.0789801 6 
0 0.0836929 6 
0 0.0847405 6 
0 0.0942716 6 
0 0.0974436 6 
0 0.0979463 6 
0 0.106484 6 
0 0.115589 6 
0 0.119591 6 
0 0.125904 6 
0 0.127918 6 
0 0.128147 6 
0 0.128453 6 
0 0.129971 6 
0 0.172285 6 
0 0.234121 6 
0 0.279906 6 
0 0.364629 6 
0 0.38533 6 
0 0.398548 6 
0 0.426163 6 
0 0.435634 6 
0 0.437073 6 
0 0.483806 6 
0 0.500176 6 
0 0.50796 6 
0 0.50796 6 
0 0.524598 6 
0 0.527285 6 
0 0.537373 6 
0 0.539045 6 
0 0.585682 6 
0 0.587236 6 
0 0.590236 6 
0 0.600173 6 
0 0.600811 6 
0 0.618128 6 
0 0.65089 6 
0 0.660761 6 
0 0.661652 6 
0 0.663724 6 
0 0.667178 6 
0 0.667355 6 
0 0.667355 6 
0 0.695781 6 
0 0.713206 6 
0 0.724685 6 
0 0.791982 6 
0 0.797549 6 
0 0.802025 6 
0 0.802783 6 
0 0.802807 6 
0 0.823293 6 
0 0.827464 6 
0 0.827689 6 
0 0.868378 6 
0 0.884052 6 
0 0.905159 6 
0 0.950744 6 
0 0.999443 6 
0 1.11456 6 
0 1.18727 6 
0 1.19068 6 
0 1.19131 6 
0 1.21773 6 
0 1.34893 6 
0 1.41022 6 
0 1.41646 6 
0 1.42387 6 
0 1.54537 6 
0 1.57103 6 
0 1.575 6 
0 1.75777 6 
0 1.86328 6 
0 1.86328 6 
0 1.86345 6 
0 1.87978 6 
0 inf 6 
0 0.0212455 7 
0 0.0216894 7 
0 0.0325466 7 
0 0.0417796 7 
0 0.0420146 7 
0 0.0424784 7 
0 0.0429385 7 
0 0.0447273 7 
0 0.045379 7 
0 0.0458209 7 
0 0.046026 7 
0 0.0464478 7 
0 0.0472919 7 
0 0.0495218 7 
0 0.0504999 7 
0 0.0510721 7 
0 0.0524009 7 
0 0.053143 7 
0 0.053706 7 
0 0.0556735 7 
0 0.0563763 7 
0 0.0570693 7 
0 0.0577517 7 
0 0.0597542 7 
0 0.0599149 7 
0 0.0600776 7 
0 0.0637228 7 
0 0.0827496 7 
0 0.08381 7 
0 0.0897975 7 
0 0.0901234 7 
0 0.0951004 7 
0 0.100808 7 
0 0.103782 7 
0 0.108313 7 
0 0.108492 7 
0 0.115925 7 
0 0.117607 7 
0 0.123383 7 
0 0.132728 7 
0 0.157418 7 
0 0.1689 7 
0 0.199151 7 
0 0.228008 7 
0 0.261075 7 
0 0.269314 7 
0 0.363088 7 
0 0.370368 7 
0 0.37308 7 
0 0.374617 7 
0 0.375596 7 
0 0.375872 7 
0 0.377227 7 
0 0.480089 7 
0 0.512963 7 
0 0.512963 7 
0 0.521101 7 
0 0.522011 7 
0 0.537299 7 
0 0.57614 7 
0 0.577841 7 
0 0.584524 7 
0 0.613234 7 
0 0.618823 7 
0 0.619029 7 
0 0.624609 7 
0 0.636479 7 
0 0.637813 7 
0 0.64261 7 
0 0.649301 7 
0 0.650558 7 
0 0.652666 7 
0 0.667821 7 
0 0.678213 7 
0 0.688069 7 
0 0.706936 7 
0 0.723412 7 
0 0.788342 7 
0 0.790363 7 
0 0.794342 7 
0 0.794342 7 
0 0.812988 7 
0 0.817515 7 
0 0.824668 7 
0 0.826109 7 
0 0.826536 7 
0 0.913442 7 
0 1.11964 7 
0 1.15286 7 
0 1.15302 7 
0 1.15572 7 
0 1.16005 7 
0 1.19738 7 
0 1.21248 7 
0 1.27969 7 
0 1.29128 7 
0 1.29302 7 
0 1.29326 7 
0 1.295 7 
0 1.31175 7 
0 1.31426 7 
0 1.32793 7 
0 1.53276 7 
0 1.66826 7 
0 1.66955 7 
0 1.67286 7 
0 1.71499 7 
0 inf 7 
0 0.0325456 8 
0 0.0351537 8 
0 0.0367869 8 
0 0.0391118 8 
0 0.0410795 8 
0 0.0436256 8 
0 0.0470895 8 
0 0.0504985 8 
0 0.0525915 8 
0 0.053333 8 
0 0.0547831 8 
0 0.0547872 8 
0 0.0577456 8 
0 0.0643364 8 
0 0.0670198 8 
0 0.067465 8 
0 0.076336 8 
0 0.0825105 8 
0 0.0827404 8 
0 0.0865731 8 
0 0.087584 8 
0 0.0913112 8 
0 0.09396 8 
0 0.0963296 8 
0 0.0964314 8 
0 0.0964314 8 
0 0.0995347 8 
0 0.109036 8 
0 0.125121 8 
0 0.127223 8 
0 0.13243 8 
0 0.170572 8 
0 0.178405 8 
0 0.186875 8 
0 0.188853 8 
0 0.192332 8 
0 0.229208 8 
0 0.251923 8 
0 0.257599 8 
0 0.263025 8 
0 0.315416 8 
0 0.315417 8 
0 0.345687 8 
0 0.366347 8 
0 0.381594 8 
0 0.402024 8 
0 0.402024 8 
0 0.468645 8 
0 0.469192 8 
0 0.478602 8 
0 0.484856 8 
0 0.503567 8 
0 0.516549 8 
0 0.517687 8 
0 0.538339 8 
0 0.583802 8 
0 0.585329 8 
0 0.587736 8 
0 0.59869 8 
0 0.602373 8 
0 0.608786 8 
0 0.610823 8 
0 0.617251 8 
0 0.659406 8 
0 0.663935 8 
0 0.666509 8 
0 0.66667 8 
0 0.688725 8 
0 0.697957 8 
0 0.698407 8 
0 0.700815 8 
0 0.723195 8 
0 0.759542 8 
0 0.760626 8 
0 0.760781 8 
0 0.760807 8 
0 0.80579 8 
0 0.808123 8 
0 0.819286 8 
0 0.822752 8 
0 0.824013 8 
0 0.824442 8 
0 0.944237 8 
0 0.949134 8 
0 0.949423 8 
0 0.957745 8 
0 1.00117 8 
0 1.00532 8 
0 1.00557 8 
0 1.16026 8 
0 1.16183 8 
0 1.16943 8 
0 1.36516 8 
0 1.39796 8 
0 1.39994 8 
0 1.44626 8 
0 1.54998 8 
0 1.63431 8 
0 1.64723 8 
0 1.65445 8 
0 1.85105 8 
0 1.90322 8 
0 2.08367 8 
0 inf 8 
0 0.0429443 9 
0 0.0438416 9 
0 0.0453887 9 
0 0.047284 9 
0 0.0472878 9 
0 0.0487209 9 
0 0.0554998 9 
0 0.0582578 9 
0 0.0594242 9 
0 0.0604021 9 
0 0.0665834 9 
0 0.0721039 9 
0 0.073179 9 
0 0.0731841 9 
0 0.0749034 9 
0 0.0768443 9 
0 0.0811976 9 
0 0.0863427 9 
0 0.0875814 9 
0 0.0885859 9 
0 0.0918479 9 
0 0.0921679 9 
0 0.10975 9 
0 0.122269 9 
0 0.133025 9 
0 0.147832 9 
0 0.160777 9 
0 0.175507 9 
0 0.208427 9 
0 0.212896 9 
0 0.236952 9 
0 0.245719 9 
0 0.246993 9 
0 0.247605 9 
0 0.259179 9 
0 0.279991 9 
0 0.317147 9 
0 0.328883 9 
0 0.351043 9 
0 0.351936 9 
0 0.367094 9 
0 0.415562 9 
0 0.426743 9 
0 0.42757 9 
0 0.433773 9 
0 0.463463 9 
0 0.527498 9 
0 0.533709 9 
0 0.535544 9 
0 0.537007 9 
0 0.560833 9 
0 0.570333 9 
0 0.572736 9 
0 0.584054 9 
0 0.584659 9 
0 0.596617 9 
0 0.629735 9 
0 0.638645 9 
0 0.660754 9 
0 0.660932 9 
0 0.665572 9 
0 0.666519 9 
0 0.668208 9 
0 0.674779 9 
0 0.687842 9 
0 0.72478 9 
0 0.757964 9 
0 0.758158 9 
0 0.759826 9 
0 0.79342 9 
0 0.798042 9 
0 0.809757 9 
0 0.822333 9 
0 0.826141 9 
0 0.833309 9 
0 0.852194 9 
0 0.886286 9 
0 0.896098 9 
0 0.92022 9 
0 0.921743 9 
0 0.953069 9 
0 1.00326 9 
0 1.08022 9 
0 1.08051 9 
0 1.08213 9 
0 1.15527 9 
0 1.15578 9 
0 1.16601 9 
0 1.18221 9 
0 1.20364 9 
0 1.20699 9 
0 1.22272 9 
0 1.24825 9 
0 1.25683 9 
0 1.27616 9 
0 1.2906 9 
0 1.46958 9 
0 1.66953 9 
0 1.75343 9 
0 inf 9 
0 0.0357059 10 
0 0.0380983 10 
0 0.054607 10 
0 0.0556756 10 
0 0.062333 10 
0 0.0652451 10 
0 0.0658436 10 
0 0.0726447 10 
0 0.0865706 10 
0 0.0881408 10 
0 0.0935411 10 
0 0.0984512 10 
0 0.100222 10 
0 0.11152 10 
0 0.119919 10 
0 0.122825 10 
0 0.129743 10 
0 0.135434 10 
0 0.143548 10 
0 0.155026 10 
0 0.188874 10 
0 0.191504 10 
0 0.198823 10 
0 0.205454 10 
0 0.205979 10 
0 0.230574 10 
0 0.248909 10 
0 0.252525 10 
0 0.25857 10 
0 0.260203 10 
0 0.271958 10 
0 0.28465 10 
0 0.299779 10 
0 0.336782 10 
0 0.339567 10 
0 0.366025 10 
0 0.376294 10 
0 0.389739 10 
0 0.393577 10 
0 0.403422 10 
0 0.44523 10 
0 0.445494 10 
0 0.463186 10 
0 0.465397 10 
0 0.47518 10 
0 0.525225 10 
0 0.530849 10 
0 0.537829 10 
0 0.537897 10 
0 0.543607 10 
0 0.543607 10 
0 0.557856 10 
0 0.58281 10 
0 0.582861 10 
0 0.60771 10 
0 0.62152 10 
0 0.62713 10 
0 0.62788 10 
0 0.631959 10 
0 0.663546 10 
0 0.664211 10 
0 0.696154 10 
0 0.722231 10 
0 0.730316 10 
0 0.733763 10 
0 0.734137 10 
0 0.784939 10 
0 0.789391 10 
0 0.791074 10 
0 0.791129 10 
0 0.792523 10 
0 0.809831 10 
0 0.8119 10 
0 0.877741 10 
0 0.917594 10 
0 0.918278 10 
0 0.948345 10 
0 0.972884 10 
0 0.989915 10 
0 1.08786 10 
0 1.11072 10 
0 1.11072 10 
0 1.16934 10 
0 1.16987 10 
0 1.24483 10 
0 1.27898 10 
0 1.56551 10 
0 1.56588 10 
0 1.62236 10 
0 1.65316 10 
0 1.6563 10 
0 1.6649 10 
0 1.6649 10 
0 1.71754 10 
0 1.7179 10 
0 inf 10 
0 0.0238572 11 
0 0.0696105 11 
0 0.0726461 11 
0 0.0729145 11 
0 0.0754274 11 
0 0.0778619 11 
0 0.0883647 11 
0 0.0885936 11 
0 0.109309 11 
0 0.111881 11 
0 0.135294 11 
0 0.135869 11 
0 0.140998 11 
0 0.141616 11 
0 0.142017 11 
0 0.167377 11 
0 0.170881 11 
0 0.195762 11 
0 0.200672 11 
0 0.205312 11 
0 0.209116 11 
0 0.245464 11 
0 0.248431 11 
0 0.253199 11 
0 0.27615 11 
0 0.288618 11 
0 0.292997 11 
0 0.300073 11 
0 0.310505 11 
0 0.313898 11 
0 0.321551 11 
0 0.348434 11 
0 0.350707 11 
0 0.351294 11 
0 0.363053 11 
0 0.39944 11 
0 0.399808 11 
0 0.400925 11 
0 0.410211 11 
0 0.447159 11 
0 0.448212 11 
0 0.477674 11 
0 0.486732 11 
0 0.489305 11 
0 0.527221 11 
0 0.529067 11 
0 0.53102 11 
0 0.532201 11 
0 0.540103 11 
0 0.580398 11 
0 0.580618 11 
0 0.580724 11 
0 0.590573 11 
0 0.625955 11 
0 0.626519 11 
0 0.653507 11 
0 0.662223 11 
0 0.677507 11 
0 0.678086 11 
0 0.682379 11 
0 0.712417 11 
0 0.712692 11 
0 0.764979 11 
0 0.764979 11 
0 0.796704 11 
0 0.801308 11 
0 0.849309 11 
0 0.84977 11 
0 0.93224 11 
0 0.936062 11 
0 1.00401 11 
0 1.0046 11 
0 1.0081 11 
0 1.06195 11 
0 1.14287 11 
0 1.14403 11 
0 1.1538 11 
0 1.15647 11 
0 1.20077 11 
0 1.2834 11 
0 1.3227 11 
0 1.40574 11 
0 1.42329 11 
0 1.42398 11 
0 1.59832 11 
0 1.59842 11 
0 1.62194 11 
0 1.69981 11 
0 1.70007 11 
0 2.01481 11 
0 2.01481 11 
0 inf 11 
0 0.0540672 12 
0 0.0590953 12 
0 0.0742573 12 
0 0.10584 12 
0 0.108855 12 
0 0.124179 12 
0 0.12992 12 
0 0.140489 12 
0 0.15305 12 
0 0.157243 12 
0 0.168894 12 
0 0.19015 12 
0 0.191879 12 
0 0.192915 12 
0 0.196244 12 
0 0.235741 12 
0 0.238389 12 
0 0.23939 12 
0 0.251535 12 
0 0.273817 12 
0 0.281182 12 
0 0.288268 12 
0 0.308921 12 
0 0.343746 12 
0 0.350712 12 
0 0.360748 12 
0 0.393726 12 
0 0.39601 12 
0 0.397113 12 
0 0.398075 12 
0 0.398676 12 
0 0.402375 12 
0 0.405396 12 
0 0.406962 12 
0 0.408649 12 
0 0.419919 12 
0 0.421411 12 
0 0.422155 12 
0 0.45109 12 
0 0.484408 12 
0 0.485965 12 
0 0.534232 12 
0 0.534232 12 
0 0.540076 12 
0 0.580229 12 
0 0.582591 12 
0 0.592808 12 
0 0.593139 12 
0 0.598362 12 
0 0.631851 12 
0 0.641617 12 
0 0.694027 12 
0 0.698531 12 
0 0.701217 12 
0 0.705142 12 
0 0.706018 12 
0 0.741006 12 
0 0.741006 12 
0 0.746488 12 
0 0.747591 12 
0 0.799814 12 
0 0.807868 12 
0 0.918203 12 
0 0.918716 12 
0 0.967389 12 
0 0.967713 12 
0 0.968038 12 
0 0.986763 12 
0 1.05831 12 
0 1.07538 12 
0 1.14601 12 
0 1.15749 12 
0 1.1608 12 
0 1.22572 12 
0 1.32878 12 
0 1.33629 12 
0 1.35639 12 
0 1.39089 12 
0 1.39821 12 
0 1.39861 12 
0 1.39962 12 
0 1.4037 12 
0 1.40373 12 
0 1.42204 12 
0 1.42206 12 
0 1.72622 12 
0 1.72647 12 
0 inf 12 
0 0.105373 13 
0 0.126839 13 
0 0.138402 13 
0 0.146704 13 
0 0.152019 13 
0 0.157598 13 
0 0.163941 13 
0 0.166141 13 
0 0.19205 13 
0 0.194839 13 
0 0.241223 13 
0 0.270365 13 
0 0.273831 13 
0 0.320268 13 
0 0.345563 13 
0 0.345648 13 
0 0.348441 13 
0 0.35741 13 
0 0.371178 13 
0 0.386371 13 
0 0.387968 13 
0 0.394893 13 
0 0.394893 13 
0 0.398062 13 
0 0.4006 13 
0 0.40148 13 
0 0.409721 13 
0 0.425984 13 
0 0.443072 13 
0 0.444729 13 
0 0.462549 13 
0 0.478219 13 
0 0.507003 13 
0 0.513157 13 
0 0.556379 13 
0 0.567518 13 
0 0.567868 13 
0 0.569076 13 
0 0.569438 13 
0 0.576958 13 
0 0.579197 13 
0 0.587547 13 
0 0.59769 13 
0 0.620437 13 
0 0.636668 13 
0 0.636913 13 
0 0.648833 13 
0 0.650282 13 
0 0.653668 13 
0 0.657431 13 
0 0.672496 13 
0 0.672962 13 
0 0.672962 13 
0 0.712596 13 
0 0.712802 13 
0 0.713421 13 
0 0.714363 13 
0 0.733229 13 
0 0.735968 13 
0 0.740432 13 
0 0.740856 13 
0 0.741081 13 
0 0.78968 13 
0 0.808716 13 
0 0.919282 13 
0 0.923529 13 
0 0.935219 13 
0 0.93544 13 
0 0.936446 13 
0 1.15414 13 
0 1.15833 13 
0 1.30521 13 
0 1.30537 13 
0 1.30702 13 
0 1.3108 13 
0 1.31106 13 
0 1.31219 13 
0 1.32876 13 
0 1.3292 13 
0 1.32966 13 
0 1.51643 13 
0 1.53576 13 
0 1.53658 13 
0 inf 13 
0 0.0462454 14 
0 0.0538823 14 
0 0.110735 14 
0 0.128599 14 
0 0.148106 14 
0 0.155531 14 
0 0.161489 14 
0 0.201278 14 
0 0.225065 14 
0 0.256652 14 
0 0.285405 14 
0 0.31446 14 
0 0.322493 14 
0 0.323299 14 
0 0.341162 14 
0 0.341364 14 
0 0.341787 14 
0 0.342302 14 
0 0.342389 14 
0 0.342847 14 
0 0.344595 14 
0 0.345391 14 
0 0.345732 14 
0 0.358394 14 
0 0.369161 14 
0 0.384794 14 
0 0.387557 14 
0 0.40403 14 
0 0.409702 14 
0 0.418062 14 
0 0.419117 14 
0 0.422176 14 
0 0.423568 14 
0 0.42728 14 
0 0.43123 14 
0 0.474983 14 
0 0.552315 14 
0 0.570195 14 
0 0.570815 14 
0 0.572462 14 
0 0.573895 14 
0 0.579501 14 
0 0.584204 14 
0 0.596687 14 
0 0.596818 14 
0 0.596884 14 
0 0.609181 14 
0 0.620054 14 
0 0.623999 14 
0 0.628682 14 
0 0.648723 14 
0 0.650331 14 
0 0.65052 14 
0 0.653656 14 
0 0.65774 14 
0 0.77092 14 
0 0.774221 14 
0 0.779676 14 
0 0.791219 14 
0 0.80175 14 
0 0.829858 14 
0 0.83124 14 
0 0.834255 14 
0 0.848341 14 
0 0.849081 14 
0 0.850131 14 
0 0.918246 14 
0 0.92234 14 
0 1.14968 14 
0 1.14978 14 
0 1.14981 14 
0 1.15453 14 
0 1.15684 14 
0 1.15697 14 
0 1.15725 14 
0 1.15748 14 
0 1.66571 14 
0 1.66609 14 
0 1.66741 14 
0 inf 14 
0 0.0322453 15 
0 0.0849655 15 
0 0.1011 15 
0 0.138545 15 
0 0.140483 15 
0 0.141046 15 
0 0.152604 15 
0 0.239593 15 
0 0.246374 15 
0 0.249302 15 
0 0.266251 15 
0 0.274424 15 
0 0.284803 15 
0 0.298558 15 
0 0.301825 15 
0 0.308778 15 
0 0.308893 15 
0 0.310725 15 
0 0.324825 15 
0 0.327039 15 
0 0.327197 15 
0 0.329259 15 
0 0.330649 15 
0 0.330686 15 
0 0.331123 15 
0 0.333015 15 
0 0.338157 15 
0 0.339547 15 
0 0.342423 15 
0 0.385736 15 
0 0.386518 15 
0 0.387431 15 
0 0.387431 15 
0 0.387734 15 
0 0.394025 15 
0 0.397321 15 
0 0.411559 15 
0 0.453094 15 
0 0.453094 15 
0 0.454478 15 
0 0.54826 15 
0 0.548636 15 
0 0.548761 15 
0 0.5624 15 
0 0.582322 15 
0 0.63612 15 
0 0.660271 15 
0 0.69707 15 
0 0.697844 15 
0 0.702517 15 
0 0.704427 15 
0 0.769094 15 
0 0.769667 15 
0 0.772872 15 
0 0.813552 15 
0 0.855654 15 
0 0.901699 15 
0 0.918566 15 
0 0.926806 15 
0 1.06985 15 
0 1.06985 15 
0 1.06999 15 
0 1.16146 15 
0 1.53483 15 
0 1.53486 15 
0 1.53488 15 
0 1.57695 15 
0 1.57723 15 
0 1.57748 15 
0 1.6506 15 
0 1.65248 15 
0 1.6525 15 
0 1.6637 15 
0 1.66386 15 
0 1.66707 15 
0 inf 15 
0 0.0561981 16 
0 0.0715567 16 
0 0.0838047 16 
0 0.103117 16 
0 0.111536 16 
0 0.123554 16 
0 0.142658 16 
0 0.207093 16 
0 0.210709 16 
0 0.218745 16 
0 0.249184 16 
0 0.289691 16 
0 0.292553 16 
0 0.307583 16 
0 0.309274 16 
0 0.309275 16 
0 0.309496 16 
0 0.330858 16 
0 0.330858 16 
0 0.333339 16 
0 0.334631 16 
0 0.339604 16 
0 0.340757 16 
0 0.340757 16 
0 0.340757 16 
0 0.347228 16 
0 0.34813 16 
0 0.352164 16 
0 0.352165 16 
0 0.384386 16 
0 0.384489 16 
0 0.385127 16 
0 0.38693 16 
0 0.388367 16 
0 0.389753 16 
0 0.391819 16 
0 0.391819 16 
0 0.392344 16 
0 0.39597 16 
0 0.396045 16 
0 0.433023 16 
0 0.448162 16 
0 0.448162 16 
0 0.44849 16 
0 0.585211 16 
0 0.65303 16 
0 0.820603 16 
0 0.837415 16 
0 0.858425 16 
0 0.927219 16 
0 0.928572 16 
0 0.929343 16 
0 0.929923 16 
0 0.953392 16 
0 0.953556 16 
0 0.95368 16 
0 0.956769 16 
0 1.13216 16 
0 1.17052 16 
0 1.40481 16 
0 1.40492 16 
0 1.40626 16 
0 1.62933 16 
0 1.63549 16 
0 1.63549 16 
0 1.71575 16 
0 1.71581 16 
0 1.71822 16 
0 1.95731 16 
0 1.96477 16 
0 1.96499 16 
0 inf 16 
0 0.0542448 17 
0 0.132016 17 
0 0.138753 17 
0 0.138965 17 
0 0.161713 17 
0 0.262601 17 
0 0.266388 17 
0 0.288246 17 
0 0.288348 17 
0 0.309332 17 
0 0.314958 17 
0 0.315363 17 
0 0.339346 17 
0 0.339461 17 
0 0.34024 17 
0 0.341076 17 
0 0.34844 17 
0 0.348778 17 
0 0.348918 17 
0 0.350131 17 
0 0.350802 17 
0 0.350803 17 
0 0.351048 17 
0 0.351394 17 
0 0.351808 17 
0 0.384208 17 
0 0.386219 17 
0 0.386524 17 
0 0.386752 17 
0 0.391713 17 
0 0.393809 17 
0 0.394706 17 
0 0.395078 17 
0 0.457739 17 
0 0.468212 17 
0 0.4684 17 
0 0.469583 17 
0 0.469802 17 
0 0.471469 17 
0 0.488643 17 
0 0.584206 17 
0 0.687775 17 
0 0.688231 17 
0 0.688459 17 
0 0.727847 17 
0 0.863063 17 
0 0.939191 17 
0 0.941329 17 
0 0.942662 17 
0 0.944658 17 
0 0.99644 17 
0 1.12397 17 
0 1.15826 17 
0 1.17452 17 
0 1.31262 17 
0 1.31349 17 
0 1.31369 17 
0 1.34276 17 
0 1.36267 17 
0 1.36307 17 
0 1.3633 17 
0 1.40978 17 
0 1.41457 17 
0 1.41592 17 
0 1.76293 17 
0 1.76311 17 
0 1.76319 17 
0 inf 17 
0 0.0580985 18 
0 0.058937 18 
0 0.0632727 18 
0 0.133787 18 
0 0.134664 18 
0 0.137333 18 
0 0.213952 18 
0 0.21646 18 
0 0.21777 18 
0 0.260154 18 
0 0.26375 18 
0 0.268615 18 
0 0.286083 18 
0 0.287177 18 
0 0.28803 18 
0 0.356463 18 
0 0.358684 18 
0 0.361925 18 
0 0.364599 18 
0 0.38533 18 
0 0.38533 18 
0 0.385355 18 
0 0.398857 18 
0 0.405008 18 
0 0.405008 18 
0 0.422314 18 
0 0.433977 18 
0 0.434406 18 
0 0.452353 18 
0 0.504169 18 
0 0.504578 18 
0 0.504636 18 
0 0.504947 18 
0 0.570602 18 
0 0.59637 18 
0 0.601235 18 
0 0.606288 18 
0 0.606353 18 
0 0.809116 18 
0 0.830278 18 
0 0.881651 18 
0 0.892094 18 
0 0.920632 18 
0 0.924077 18 
0 0.951462 18 
0 0.951647 18 
0 0.951926 18 
0 0.951956 18 
0 0.956174 18 
0 0.977667 18 
0 0.997621 18 
0 1.00151 18 
0 1.01195 18 
0 1.02313 18 
0 1.0246 18 
0 1.18168 18 
0 1.20078 18 
0 1.20225 18 
0 1.20339 18 
0 1.42142 18 
0 1.51749 18 
0 1.53287 18 
0 1.70781 18 
0 inf 18 
0 0.0547962 19 
0 0.0584328 19 
0 0.0628034 19 
0 0.14016 19 
0 0.144569 19 
0 0.144569 19 
0 0.192729 19 
0 0.194351 19 
0 0.196359 19 
0 0.255321 19 
0 0.264826 19 
0 0.26538 19 
0 0.292725 19 
0 0.30966 19 
0 0.310293 19 
0 0.362546 19 
0 0.362899 19 
0 0.37345 19 
0 0.394735 19 
0 0.395728 19 
0 0.395901 19 
0 0.411043 19 
0 0.411115 19 
0 0.415694 19 
0 0.457997 19 
0 0.465113 19 
0 0.476056 19 
0 0.487864 19 
0 0.507505 19 
0 0.508663 19 
0 0.509357 19 
0 0.591365 19 
0 0.597677 19 
0 0.599512 19 
0 0.599774 19 
0 0.608 19 
0 0.60916 19 
0 0.60916 19 
0 0.612518 19 
0 0.71537 19 
0 0.715576 19 
0 0.723805 19 
0 0.739844 19 
0 0.907701 19 
0 0.93123 19 
0 0.932704 19 
0 0.941023 19 
0 0.941492 19 
0 0.973287 19 
0 0.973287 19 
0 0.973498 19 
0 1.19517 19 
0 1.21506 19 
0 1.2155 19 
0 1.21568 19 
0 1.37447 19 
0 1.43706 19 
0 1.63937 19 
0 2.20266 19 
0 inf 19 
0 0.0773625 20 
0 0.120986 20 
0 0.141068 20 
0 0.141553 20 
0 0.141883 20 
0 0.149966 20 
0 0.25733 20 
0 0.258811 20 
0 0.267408 20 
0 0.267811 20 
0 0.271269 20 
0 0.276407 20 
0 0.289739 20 
0 0.299424 20 
0 0.302516 20 
0 0.303919 20 
0 0.308953 20 
0 0.311985 20 
0 0.31832 20 
0 0.318597 20 
0 0.335047 20 
0 0.33566 20 
0 0.336099 20 
0 0.355197 20 
0 0.374056 20 
0 0.374998 20 
0 0.40779 20 
0 0.407791 20 
0 0.408295 20 
0 0.440707 20 
0 0.442417 20 
0 0.456453 20 
0 0.538266 20 
0 0.538704 20 
0 0.539413 20 
0 0.55158 20 
0 0.551864 20 
0 0.552858 20 
0 0.60577 20 
0 0.605818 20 
0 0.64189 20 
0 0.715426 20 
0 0.72482 20 
0 0.724874 20 
0 0.972238 20 
0 0.972329 20 
0 0.9724 20 
0 0.988219 20 
0 0.989171 20 
0 1.0815 20 
0 1.08295 20 
0 1.24483 20 
0 1.2451 20 
0 1.34207 20 
0 1.62777 20 
0 inf 20 
