0 0.0114464 1 
0 0.0129793 1 
0 0.015599 1 
0 0.0161877 1 
0 0.0161902 1 
0 0.0183537 1 
0 0.0202937 1 
0 0.0202944 1 
0 0.0211954 1 
0 0.0216288 1 
0 0.0232973 1 
0 0.0232977 1 
0 0.0232977 1 
0 0.0233014 1 
0 0.0236978 1 
0 0.0236985 1 
0 0.0240923 1 
0 0.0248536 1 
0 0.0248536 1 
0 0.0263124 1 
0 0.026317 1 
0 0.026317 1 
0 0.0266673 1 
0 0.0270197 1 
0 0.0270199 1 
0 0.0280385 1 
0 0.0280397 1 
0 0.0280406 1 
0 0.0293429 1 
0 0.0293433 1 
0 0.0305923 1 
0 0.0305926 1 
0 0.0314995 1 
0 0.0317944 1 
0 0.0320846 1 
0 0.0337951 1 
0 0.03461 1 
0 0.036197 1 
0 0.0361975 1 
0 0.0372165 1 
0 0.0391772 1 
0 0.0394158 1 
0 0.0405852 1 
0 0.0405852 1 
0 0.0412702 1 
0 0.0412704 1 
0 0.0414974 1 
0 0.0414975 1 
0 0.0428299 1 
0 0.0434799 1 
0 0.044121 1 
0 0.0453754 1 
0 0.0453754 1 
0 0.0453756 1 
0 0.0457864 1 
0 0.0457914 1 
0 0.0459947 1 
0 0.0467971 1 
0 0.0473935 1 
0 0.0473935 1 
0 0.0477867 1 
0 0.0495178 1 
0 0.0498946 1 
0 0.0504546 1 
0 0.0504575 1 
0 0.0550658 1 
0 0.056905 1 
0 0.0585278 1 
0 0.0586865 1 
0 0.0611849 1 
0 0.0648976 1 
0 0.0663235 1 
0 0.0690895 1 
0 0.0725244 1 
0 0.0729102 1 
0 0.0730374 1 
0 0.0739297 1 
0 0.0788308 1 
0 0.0788316 1 
0 0.0798918 1 
0 0.0800091 1 
0 0.0816299 1 
0 0.0880298 1 
0 0.0954755 1 
0 0.108679 1 
0 0.122292 1 
0 0.128846 1 
0 0.134256 1 
0 0.157426 1 
0 0.161877 1 
0 0.165991 1 
0 0.166097 1 
0 0.166384 1 
0 0.166385 1 
0 0.168559 1 
0 0.174293 1 
0 0.17696 1 
0 0.178745 1 
0 0.185125 1 
0 0.18714 1 
0 0.240067 1 
0 0.29199 1 
0 0.306598 1 
0 0.311085 1 
0 0.390036 1 
0 0.391424 1 
0 0.436131 1 
0 0.457893 1 
0 0.45896 1 
0 0.462771 1 
0 0.528588 1 
0 0.546386 1 
0 0.572259 1 
0 0.575485 1 
0 0.629346 1 
0 0.637247 1 
0 0.776771 1 
0 0.797279 1 
0 0.82981 1 
0 0.841617 1 
0 1.41675 1 
0 1.4587 1 
0 1.66203 1 
0 2.44441 1 
0 2.49667 1 
0 2.98396 1 
0 3.41567 1 
0 4.7816 1 
0 4.8894 1 
0 5.05302 1 
0 5.06293 1 
0 inf 1 
0 0.0136801 2 
0 0.0149851 2 
0 0.016188 2 
0 0.0167556 2 
0 0.0178383 2 
0 0.0202944 2 
0 0.0207503 2 
0 0.0211905 2 
0 0.021632 2 
0 0.0232988 2 
0 0.0236937 2 
0 0.0240914 2 
0 0.024468 2 
0 0.0244733 2 
0 0.0248534 2 
0 0.0252322 2 
0 0.0263153 2 
0 0.0263206 2 
0 0.0266713 2 
0 0.0270181 2 
0 0.0277018 2 
0 0.0277024 2 
0 0.02804 2 
0 0.0280415 2 
0 0.0283689 2 
0 0.0293431 2 
0 0.0299783 2 
0 0.0308961 2 
0 0.0314963 2 
0 0.0314965 2 
0 0.0314966 2 
0 0.0320933 2 
0 0.0323756 2 
0 0.032949 2 
0 0.0351472 2 
0 0.036197 2 
0 0.0374674 2 
0 0.0379648 2 
0 0.0391772 2 
0 0.0394153 2 
0 0.0398892 2 
0 0.0401212 2 
0 0.0401213 2 
0 0.0410437 2 
0 0.0410437 2 
0 0.042829 2 
0 0.0432643 2 
0 0.0439079 2 
0 0.0457862 2 
0 0.0560767 2 
0 0.0582055 2 
0 0.0586843 2 
0 0.0613374 2 
0 0.0617906 2 
0 0.0640235 2 
0 0.0650463 2 
0 0.0667442 2 
0 0.0670247 2 
0 0.0697616 2 
0 0.0698955 2 
0 0.0720052 2 
0 0.0764229 2 
0 0.0805923 2 
0 0.0824322 2 
0 0.0847782 2 
0 0.0901335 2 
0 0.0905471 2 
0 0.0919813 2 
0 0.0946915 2 
0 0.101555 2 
0 0.103741 2 
0 0.117216 2 
0 0.118007 2 
0 0.118008 2 
0 0.141251 2 
0 0.141324 2 
0 0.144011 2 
0 0.145176 2 
0 0.14614 2 
0 0.159015 2 
0 0.164577 2 
0 0.1685 2 
0 0.169285 2 
0 0.175254 2 
0 0.175526 2 
0 0.197882 2 
0 0.215977 2 
0 0.228601 2 
0 0.229175 2 
0 0.229869 2 
0 0.247401 2 
0 0.273377 2 
0 0.294681 2 
0 0.32599 2 
0 0.364239 2 
0 0.376624 2 
0 0.430087 2 
0 0.437405 2 
0 0.447368 2 
0 0.467196 2 
0 0.483196 2 
0 0.490113 2 
0 0.50806 2 
0 0.56469 2 
0 0.607559 2 
0 0.607564 2 
0 0.620497 2 
0 0.642102 2 
0 0.646832 2 
0 0.651498 2 
0 0.658047 2 
0 0.674223 2 
0 0.7846 2 
0 1.0817 2 
0 1.46823 2 
0 1.83557 2 
0 2.02248 2 
0 2.20026 2 
0 2.63106 2 
0 3.57688 2 
0 3.59243 2 
0 3.75402 2 
0 3.94894 2 
0 4.03369 2 
0 4.10652 2 
0 4.20322 2 
0 4.20385 2 
0 inf 2 
0 0.0136806 3 
0 0.0155994 3 
0 0.0216282 3 
0 0.0216294 3 
0 0.0236981 3 
0 0.0237011 3 
0 0.0252266 3 
0 0.0252288 3 
0 0.0263155 3 
0 0.0266697 3 
0 0.0266715 3 
0 0.0273624 3 
0 0.0280375 3 
0 0.0280375 3 
0 0.0290226 3 
0 0.0293434 3 
0 0.0293434 3 
0 0.0293455 3 
0 0.030592 3 
0 0.0312005 3 
0 0.0317926 3 
0 0.0326628 3 
0 0.0329483 3 
0 0.0329492 3 
0 0.0364584 3 
0 0.0364603 3 
0 0.0379646 3 
0 0.0384528 3 
0 0.0391771 3 
0 0.0396514 3 
0 0.0414967 3 
0 0.0417223 3 
0 0.0432641 3 
0 0.0447527 3 
0 0.0461934 3 
0 0.0471957 3 
0 0.0471976 3 
0 0.0483711 3 
0 0.0493287 3 
0 0.0493289 3 
0 0.0500814 3 
0 0.0502711 3 
0 0.051008 3 
0 0.0513734 3 
0 0.0543858 3 
0 0.054554 3 
0 0.0555738 3 
0 0.0617936 3 
0 0.070296 3 
0 0.070694 3 
0 0.0722626 3 
0 0.0739323 3 
0 0.0758084 3 
0 0.0778713 3 
0 0.0854407 3 
0 0.088452 3 
0 0.0906228 3 
0 0.0906496 3 
0 0.0941949 3 
0 0.0961599 3 
0 0.0990358 3 
0 0.108937 3 
0 0.13215 3 
0 0.13454 3 
0 0.141257 3 
0 0.143817 3 
0 0.144337 3 
0 0.14511 3 
0 0.145947 3 
0 0.158841 3 
0 0.159018 3 
0 0.164344 3 
0 0.176857 3 
0 0.177066 3 
0 0.187289 3 
0 0.190218 3 
0 0.194784 3 
0 0.215667 3 
0 0.272905 3 
0 0.294556 3 
0 0.320952 3 
0 0.324481 3 
0 0.33599 3 
0 0.367787 3 
0 0.371441 3 
0 0.387614 3 
0 0.391822 3 
0 0.401709 3 
0 0.432068 3 
0 0.472698 3 
0 0.481684 3 
0 0.492706 3 
0 0.519738 3 
0 0.531217 3 
0 0.538136 3 
0 0.540224 3 
0 0.547783 3 
0 0.573483 3 
0 0.573538 3 
0 0.588551 3 
0 0.606911 3 
0 0.61193 3 
0 0.624757 3 
0 0.630645 3 
0 0.786733 3 
0 0.800083 3 
0 1.01579 3 
0 1.45154 3 
0 1.68543 3 
0 1.81519 3 
0 1.88534 3 
0 2.21717 3 
0 2.22026 3 
0 2.2212 3 
0 2.22143 3 
0 2.77535 3 
0 3.23423 3 
0 3.24301 3 
0 3.24387 3 
0 3.79839 3 
0 4.04774 3 
0 4.37048 3 
0 4.37834 3 
0 inf 3 
0 0.0114493 4 
0 0.0136824 4 
0 0.0161877 4 
0 0.0167554 4 
0 0.0178383 4 
0 0.0183555 4 
0 0.0216323 4 
0 0.0252264 4 
0 0.0259585 4 
0 0.0266684 4 
0 0.026672 4 
0 0.027016 4 
0 0.0273614 4 
0 0.0286978 4 
0 0.0293427 4 
0 0.0293433 4 
0 0.0296606 4 
0 0.0308965 4 
0 0.0314989 4 
0 0.0317945 4 
0 0.0323727 4 
0 0.0329486 4 
0 0.033234 4 
0 0.0337926 4 
0 0.0340701 4 
0 0.0359356 4 
0 0.036965 4 
0 0.0377155 4 
0 0.0379629 4 
0 0.0419488 4 
0 0.0421689 4 
0 0.0421724 4 
0 0.0441183 4 
0 0.0445438 4 
0 0.0463965 4 
0 0.049895 4 
0 0.0511929 4 
0 0.0519171 4 
0 0.0560768 4 
0 0.0565711 4 
0 0.0577216 4 
0 0.0608784 4 
0 0.0614911 4 
0 0.0646068 4 
0 0.0646071 4 
0 0.0653274 4 
0 0.0684087 4 
0 0.0693582 4 
0 0.0702963 4 
0 0.0847753 4 
0 0.0880324 4 
0 0.0881328 4 
0 0.0951805 4 
0 0.0957694 4 
0 0.0958663 4 
0 0.0966444 4 
0 0.116652 4 
0 0.119741 4 
0 0.120597 4 
0 0.123818 4 
0 0.147606 4 
0 0.168287 4 
0 0.168509 4 
0 0.177063 4 
0 0.179999 4 
0 0.184112 4 
0 0.189658 4 
0 0.189968 4 
0 0.22094 4 
0 0.294606 4 
0 0.312672 4 
0 0.33263 4 
0 0.344739 4 
0 0.356063 4 
0 0.365763 4 
0 0.37478 4 
0 0.385652 4 
0 0.399702 4 
0 0.447511 4 
0 0.450365 4 
0 0.454337 4 
0 0.458648 4 
0 0.461909 4 
0 0.481392 4 
0 0.495864 4 
0 0.498105 4 
0 0.516503 4 
0 0.522986 4 
0 0.528078 4 
0 0.535158 4 
0 0.556977 4 
0 0.579509 4 
0 0.582167 4 
0 0.582356 4 
0 0.597836 4 
0 0.608187 4 
0 0.8047 4 
0 0.825668 4 
0 0.971629 4 
0 1.08084 4 
0 1.46819 4 
0 1.58588 4 
0 1.64327 4 
0 1.66423 4 
0 1.66432 4 
0 1.66544 4 
0 1.67088 4 
0 1.88186 4 
0 1.89319 4 
0 1.89471 4 
0 1.89773 4 
0 1.96264 4 
0 2.12601 4 
0 2.42567 4 
0 2.42768 4 
0 2.43372 4 
0 2.65032 4 
0 2.65828 4 
0 2.76693 4 
0 inf 4 
0 0.0202939 5 
0 0.0224789 5 
0 0.0277054 5 
0 0.0299723 5 
0 0.0317934 5 
0 0.0329491 5 
0 0.0346118 5 
0 0.0356764 5 
0 0.0364551 5 
0 0.0367107 5 
0 0.0372173 5 
0 0.0372194 5 
0 0.0374674 5 
0 0.0374678 5 
0 0.0377179 5 
0 0.0382106 5 
0 0.0382128 5 
0 0.0410463 5 
0 0.0412722 5 
0 0.0412731 5 
0 0.041946 5 
0 0.0421683 5 
0 0.0434793 5 
0 0.0443319 5 
0 0.0445422 5 
0 0.0445438 5 
0 0.0451679 5 
0 0.0461933 5 
0 0.0463905 5 
0 0.0463955 5 
0 0.0469974 5 
0 0.0471955 5 
0 0.0485677 5 
0 0.0513755 5 
0 0.0550679 5 
0 0.0552322 5 
0 0.056572 5 
0 0.0565758 5 
0 0.0573931 5 
0 0.0577223 5 
0 0.0591643 5 
0 0.0597914 5 
0 0.0605705 5 
0 0.0667451 5 
0 0.067024 5 
0 0.0712206 5 
0 0.0744349 5 
0 0.082086 5 
0 0.0858729 5 
0 0.100257 5 
0 0.1188 5 
0 0.120676 5 
0 0.120753 5 
0 0.125093 5 
0 0.129577 5 
0 0.136611 5 
0 0.144449 5 
0 0.174031 5 
0 0.179745 5 
0 0.186488 5 
0 0.217008 5 
0 0.252898 5 
0 0.293928 5 
0 0.33546 5 
0 0.339904 5 
0 0.380266 5 
0 0.393859 5 
0 0.412836 5 
0 0.426509 5 
0 0.432779 5 
0 0.439985 5 
0 0.4409 5 
0 0.443038 5 
0 0.444284 5 
0 0.446202 5 
0 0.446707 5 
0 0.456952 5 
0 0.466723 5 
0 0.473554 5 
0 0.47592 5 
0 0.497621 5 
0 0.526436 5 
0 0.528548 5 
0 0.529238 5 
0 0.542206 5 
0 0.58047 5 
0 0.584663 5 
0 0.586198 5 
0 0.739837 5 
0 0.816558 5 
0 0.829533 5 
0 0.97958 5 
0 1.35426 5 
0 1.47084 5 
0 1.47452 5 
0 1.51512 5 
0 1.67912 5 
0 1.68842 5 
0 1.70216 5 
0 1.72196 5 
0 1.72209 5 
0 1.72496 5 
0 1.86846 5 
0 1.86884 5 
0 1.86906 5 
0 1.87578 5 
0 1.88829 5 
0 1.92478 5 
0 1.96228 5 
0 1.96375 5 
0 1.97516 5 
0 2.53963 5 
0 2.82403 5 
0 2.82851 5 
0 2.85937 5 
0 inf 5 
0 0.0122372 6 
0 0.0188575 6 
0 0.0224805 6 
0 0.024087 6 
0 0.0255974 6 
0 0.0266715 6 
0 0.0283704 6 
0 0.0382116 6 
0 0.0391748 6 
0 0.0391755 6 
0 0.0391779 6 
0 0.0394157 6 
0 0.0408181 6 
0 0.0419464 6 
0 0.0436965 6 
0 0.0437003 6 
0 0.0441252 6 
0 0.0451667 6 
0 0.0471964 6 
0 0.0477848 6 
0 0.0487542 6 
0 0.0487566 6 
0 0.0489499 6 
0 0.0491387 6 
0 0.049328 6 
0 0.0495196 6 
0 0.0498946 6 
0 0.0510097 6 
0 0.0529864 6 
0 0.0536897 6 
0 0.0536902 6 
0 0.0557406 6 
0 0.0572334 6 
0 0.0577196 6 
0 0.0610312 6 
0 0.0614867 6 
0 0.0614874 6 
0 0.0622469 6 
0 0.0646072 6 
0 0.0700292 6 
0 0.0714861 6 
0 0.0911669 6 
0 0.0957722 6 
0 0.0985617 6 
0 0.0998584 6 
0 0.121832 6 
0 0.123814 6 
0 0.134749 6 
0 0.138108 6 
0 0.138108 6 
0 0.186688 6 
0 0.18674 6 
0 0.212651 6 
0 0.219807 6 
0 0.220858 6 
0 0.272724 6 
0 0.33033 6 
0 0.332293 6 
0 0.340039 6 
0 0.340156 6 
0 0.343896 6 
0 0.347245 6 
0 0.348931 6 
0 0.382284 6 
0 0.383824 6 
0 0.386158 6 
0 0.391442 6 
0 0.401152 6 
0 0.403386 6 
0 0.40829 6 
0 0.424897 6 
0 0.458301 6 
0 0.460825 6 
0 0.471268 6 
0 0.472042 6 
0 0.497338 6 
0 0.506527 6 
0 0.53115 6 
0 0.533962 6 
0 0.541259 6 
0 0.548376 6 
0 0.558035 6 
0 0.558437 6 
0 0.571541 6 
0 0.592963 6 
0 0.839038 6 
0 0.903648 6 
0 0.926808 6 
0 0.950759 6 
0 1.04021 6 
0 1.33025 6 
0 1.40566 6 
0 1.44374 6 
0 1.44374 6 
0 1.44716 6 
0 1.48028 6 
0 1.51485 6 
0 1.66296 6 
0 1.66311 6 
0 1.66899 6 
0 1.66919 6 
0 1.68084 6 
0 1.8571 6 
0 1.86396 6 
0 1.89558 6 
0 1.97697 6 
0 2.17002 6 
0 2.50338 6 
0 2.50357 6 
0 2.50411 6 
0 2.51843 6 
0 inf 6 
0 0.0263163 7 
0 0.0293482 7 
0 0.0311987 7 
0 0.0332346 7 
0 0.0372167 7 
0 0.0384543 7 
0 0.0384556 7 
0 0.0384601 7 
0 0.0396512 7 
0 0.0419466 7 
0 0.0421684 7 
0 0.0439079 7 
0 0.0459905 7 
0 0.0477878 7 
0 0.0498978 7 
0 0.0508243 7 
0 0.0510083 7 
0 0.0522786 7 
0 0.0542097 7 
0 0.0560757 7 
0 0.0560765 7 
0 0.0564123 7 
0 0.0588445 7 
0 0.0596346 7 
0 0.0623972 7 
0 0.0644627 7 
0 0.0657538 7 
0 0.0671671 7 
0 0.0674392 7 
0 0.0681321 7 
0 0.0690876 7 
0 0.0697614 7 
0 0.0704334 7 
0 0.0744343 7 
0 0.0764189 7 
0 0.0770298 7 
0 0.080478 7 
0 0.0832222 7 
0 0.0844463 7 
0 0.0910604 7 
0 0.0987636 7 
0 0.120521 7 
0 0.156301 7 
0 0.188087 7 
0 0.191635 7 
0 0.195744 7 
0 0.196141 7 
0 0.203217 7 
0 0.213213 7 
0 0.213961 7 
0 0.215406 7 
0 0.235425 7 
0 0.282582 7 
0 0.283112 7 
0 0.285129 7 
0 0.288003 7 
0 0.324165 7 
0 0.327526 7 
0 0.331701 7 
0 0.334965 7 
0 0.395954 7 
0 0.410869 7 
0 0.411256 7 
0 0.419535 7 
0 0.42902 7 
0 0.436287 7 
0 0.455125 7 
0 0.45625 7 
0 0.496962 7 
0 0.511281 7 
0 0.520713 7 
0 0.522346 7 
0 0.581491 7 
0 0.586454 7 
0 0.588732 7 
0 0.593467 7 
0 0.794167 7 
0 0.798949 7 
0 0.798993 7 
0 0.804238 7 
0 0.806195 7 
0 0.821879 7 
0 0.842446 7 
0 0.918039 7 
0 1.11097 7 
0 1.20372 7 
0 1.32142 7 
0 1.32367 7 
0 1.46823 7 
0 1.50504 7 
0 1.50811 7 
0 1.62661 7 
0 1.64069 7 
0 1.6409 7 
0 1.64334 7 
0 1.65986 7 
0 1.72084 7 
0 1.78922 7 
0 1.81247 7 
0 1.8446 7 
0 1.84646 7 
0 1.85293 7 
0 1.87001 7 
0 1.89756 7 
0 1.90942 7 
0 2.11226 7 
0 2.20579 7 
0 inf 7 
0 0.0320907 8 
0 0.0320907 8 
0 0.0346116 8 
0 0.0374669 8 
0 0.0398915 8 
0 0.041271 8 
0 0.0428322 8 
0 0.0430461 8 
0 0.0441208 8 
0 0.0467972 8 
0 0.0479835 8 
0 0.0493279 8 
0 0.052277 8 
0 0.0545543 8 
0 0.0572283 8 
0 0.0572327 8 
0 0.0586857 8 
0 0.0596341 8 
0 0.0610329 8 
0 0.061337 8 
0 0.0654699 8 
0 0.0657569 8 
0 0.06758 8 
0 0.0702959 8 
0 0.0815154 8 
0 0.0849993 8 
0 0.0855865 8 
0 0.0859865 8 
0 0.0933941 8 
0 0.0951831 8 
0 0.0985625 8 
0 0.106151 8 
0 0.106505 8 
0 0.110047 8 
0 0.141786 8 
0 0.155083 8 
0 0.180696 8 
0 0.183931 8 
0 0.186136 8 
0 0.188072 8 
0 0.196896 8 
0 0.20862 8 
0 0.211693 8 
0 0.215015 8 
0 0.236852 8 
0 0.239798 8 
0 0.247738 8 
0 0.289538 8 
0 0.290055 8 
0 0.296037 8 
0 0.303951 8 
0 0.319709 8 
0 0.322657 8 
0 0.328944 8 
0 0.331159 8 
0 0.332506 8 
0 0.333474 8 
0 0.338633 8 
0 0.404783 8 
0 0.406785 8 
0 0.408622 8 
0 0.418897 8 
0 0.422302 8 
0 0.427132 8 
0 0.4283 8 
0 0.454858 8 
0 0.496189 8 
0 0.548669 8 
0 0.551228 8 
0 0.557055 8 
0 0.563968 8 
0 0.564913 8 
0 0.596277 8 
0 0.616275 8 
0 0.622301 8 
0 0.768288 8 
0 0.792685 8 
0 0.887066 8 
0 0.942892 8 
0 0.954263 8 
0 0.984612 8 
0 0.987649 8 
0 1.05165 8 
0 1.079 8 
0 1.30539 8 
0 1.46281 8 
0 1.46389 8 
0 1.48411 8 
0 1.50126 8 
0 1.50582 8 
0 1.52105 8 
0 1.64232 8 
0 1.64254 8 
0 1.64868 8 
0 1.64964 8 
0 1.64993 8 
0 1.71178 8 
0 1.83435 8 
0 1.83703 8 
0 1.87652 8 
0 1.88692 8 
0 1.887 8 
0 1.92336 8 
0 inf 8 
0 0.0359419 9 
0 0.0369642 9 
0 0.0445443 9 
0 0.0457867 9 
0 0.0497092 9 
0 0.049897 9 
0 0.053515 9 
0 0.0536921 9 
0 0.0540381 9 
0 0.0543849 9 
0 0.0613395 9 
0 0.0644608 9 
0 0.0667439 9 
0 0.0689519 9 
0 0.0712662 9 
0 0.0750583 9 
0 0.0781153 9 
0 0.0814012 9 
0 0.0868493 9 
0 0.0905456 9 
0 0.0945897 9 
0 0.098918 9 
0 0.101556 9 
0 0.116426 9 
0 0.118088 9 
0 0.118878 9 
0 0.119429 9 
0 0.122755 9 
0 0.126437 9 
0 0.132875 9 
0 0.150077 9 
0 0.152772 9 
0 0.152913 9 
0 0.165234 9 
0 0.185179 9 
0 0.192448 9 
0 0.202653 9 
0 0.211854 9 
0 0.214753 9 
0 0.219278 9 
0 0.257601 9 
0 0.260126 9 
0 0.263101 9 
0 0.264963 9 
0 0.267914 9 
0 0.283201 9 
0 0.287888 9 
0 0.317048 9 
0 0.327416 9 
0 0.330712 9 
0 0.336498 9 
0 0.38774 9 
0 0.39034 9 
0 0.39168 9 
0 0.394568 9 
0 0.394568 9 
0 0.454295 9 
0 0.454508 9 
0 0.456453 9 
0 0.495 9 
0 0.524692 9 
0 0.527721 9 
0 0.530388 9 
0 0.530639 9 
0 0.552881 9 
0 0.553236 9 
0 0.567883 9 
0 0.717135 9 
0 0.771782 9 
0 0.836774 9 
0 0.842922 9 
0 0.846936 9 
0 0.847211 9 
0 0.873063 9 
0 0.945743 9 
0 0.946188 9 
0 0.973988 9 
0 0.977268 9 
0 1.26987 9 
0 1.29546 9 
0 1.3188 9 
0 1.4445 9 
0 1.44529 9 
0 1.47482 9 
0 1.51103 9 
0 1.51112 9 
0 1.52645 9 
0 1.6483 9 
0 1.64843 9 
0 1.66655 9 
0 1.66917 9 
0 1.68657 9 
0 1.72856 9 
0 1.72858 9 
0 1.84122 9 
0 1.84465 9 
0 1.88545 9 
0 1.93871 9 
0 1.93939 9 
0 inf 9 
0 0.0240879 10 
0 0.0471911 10 
0 0.0519173 10 
0 0.0540361 10 
0 0.0557427 10 
0 0.0585284 10 
0 0.074312 10 
0 0.0775158 10 
0 0.0795398 10 
0 0.0797807 10 
0 0.0810553 10 
0 0.0812092 10 
0 0.0831034 10 
0 0.0864194 10 
0 0.0869605 10 
0 0.0920831 10 
0 0.098847 10 
0 0.111331 10 
0 0.111735 10 
0 0.116552 10 
0 0.121615 10 
0 0.122155 10 
0 0.128369 10 
0 0.12979 10 
0 0.133906 10 
0 0.136813 10 
0 0.137752 10 
0 0.140988 10 
0 0.144153 10 
0 0.188832 10 
0 0.198447 10 
0 0.201272 10 
0 0.21119 10 
0 0.213968 10 
0 0.232405 10 
0 0.240255 10 
0 0.268184 10 
0 0.293355 10 
0 0.299253 10 
0 0.302519 10 
0 0.330683 10 
0 0.355772 10 
0 0.365935 10 
0 0.37019 10 
0 0.377511 10 
0 0.377645 10 
0 0.377898 10 
0 0.38158 10 
0 0.38172 10 
0 0.385817 10 
0 0.387574 10 
0 0.387574 10 
0 0.425685 10 
0 0.426147 10 
0 0.45531 10 
0 0.474889 10 
0 0.494754 10 
0 0.517359 10 
0 0.518498 10 
0 0.53305 10 
0 0.535715 10 
0 0.53739 10 
0 0.569669 10 
0 0.597213 10 
0 0.641136 10 
0 0.777775 10 
0 0.778064 10 
0 0.77893 10 
0 0.797794 10 
0 0.798954 10 
0 0.872227 10 
0 0.874883 10 
0 0.91337 10 
0 1.16849 10 
0 1.32264 10 
0 1.45145 10 
0 1.45372 10 
0 1.46049 10 
0 1.46136 10 
0 1.46933 10 
0 1.47632 10 
0 1.49054 10 
0 1.52301 10 
0 1.64724 10 
0 1.64806 10 
0 1.67724 10 
0 1.6834 10 
0 1.68343 10 
0 1.69094 10 
0 1.69103 10 
0 1.8326 10 
0 1.83684 10 
0 1.88199 10 
0 1.88876 10 
0 1.88876 10 
0 inf 10 
0 0.062898 11 
0 0.072782 11 
0 0.075307 11 
0 0.0777531 11 
0 0.0786356 11 
0 0.0815114 11 
0 0.0917979 11 
0 0.0921571 11 
0 0.100325 11 
0 0.102566 11 
0 0.111739 11 
0 0.115932 11 
0 0.122231 11 
0 0.130583 11 
0 0.136895 11 
0 0.139645 11 
0 0.144152 11 
0 0.150432 11 
0 0.163837 11 
0 0.169893 11 
0 0.184432 11 
0 0.18568 11 
0 0.186631 11 
0 0.187937 11 
0 0.193582 11 
0 0.19774 11 
0 0.210843 11 
0 0.22317 11 
0 0.234382 11 
0 0.250982 11 
0 0.265929 11 
0 0.310543 11 
0 0.313875 11 
0 0.324917 11 
0 0.32832 11 
0 0.332718 11 
0 0.338183 11 
0 0.34323 11 
0 0.344727 11 
0 0.351913 11 
0 0.36254 11 
0 0.363159 11 
0 0.413495 11 
0 0.414941 11 
0 0.415316 11 
0 0.417647 11 
0 0.422445 11 
0 0.422799 11 
0 0.439797 11 
0 0.439967 11 
0 0.457218 11 
0 0.465238 11 
0 0.466766 11 
0 0.468367 11 
0 0.469601 11 
0 0.469645 11 
0 0.500976 11 
0 0.506698 11 
0 0.519214 11 
0 0.536184 11 
0 0.586684 11 
0 0.591474 11 
0 0.591854 11 
0 0.722081 11 
0 0.75074 11 
0 0.801871 11 
0 0.803259 11 
0 0.807895 11 
0 0.924 11 
0 0.960989 11 
0 0.965216 11 
0 1.07223 11 
0 1.10248 11 
0 1.18735 11 
0 1.21702 11 
0 1.30929 11 
0 1.44282 11 
0 1.44295 11 
0 1.44934 11 
0 1.45024 11 
0 1.45128 11 
0 1.64048 11 
0 1.64097 11 
0 1.65475 11 
0 1.65479 11 
0 1.65497 11 
0 1.82545 11 
0 1.83458 11 
0 1.86945 11 
0 1.8698 11 
0 1.87018 11 
0 inf 11 
0 0.0669326 12 
0 0.09662 12 
0 0.100194 12 
0 0.101808 12 
0 0.102123 12 
0 0.103289 12 
0 0.103387 12 
0 0.109636 12 
0 0.161531 12 
0 0.170214 12 
0 0.184275 12 
0 0.195699 12 
0 0.204979 12 
0 0.205891 12 
0 0.210445 12 
0 0.214335 12 
0 0.2195 12 
0 0.220042 12 
0 0.225353 12 
0 0.230758 12 
0 0.238124 12 
0 0.238947 12 
0 0.243897 12 
0 0.262557 12 
0 0.270936 12 
0 0.294423 12 
0 0.295538 12 
0 0.300486 12 
0 0.312648 12 
0 0.318806 12 
0 0.319948 12 
0 0.325842 12 
0 0.327 12 
0 0.327808 12 
0 0.32926 12 
0 0.330756 12 
0 0.330983 12 
0 0.334768 12 
0 0.338515 12 
0 0.349808 12 
0 0.350286 12 
0 0.39106 12 
0 0.396083 12 
0 0.412147 12 
0 0.413394 12 
0 0.415159 12 
0 0.418283 12 
0 0.420576 12 
0 0.436014 12 
0 0.449245 12 
0 0.482127 12 
0 0.496751 12 
0 0.500299 12 
0 0.508116 12 
0 0.529314 12 
0 0.546064 12 
0 0.549619 12 
0 0.551795 12 
0 0.554105 12 
0 0.573207 12 
0 0.579123 12 
0 0.654498 12 
0 0.692909 12 
0 0.702764 12 
0 0.81346 12 
0 0.891559 12 
0 0.916551 12 
0 0.920707 12 
0 0.922629 12 
0 1.30563 12 
0 1.31059 12 
0 1.44115 12 
0 1.44457 12 
0 1.48226 12 
0 1.48233 12 
0 1.4825 12 
0 1.53957 12 
0 1.64218 12 
0 1.64274 12 
0 1.64319 12 
0 1.64415 12 
0 1.64483 12 
0 1.83119 12 
0 1.83156 12 
0 1.83398 12 
0 1.84223 12 
0 1.84284 12 
0 inf 12 
0 0.0562725 13 
0 0.0610843 13 
0 0.0773135 13 
0 0.104031 13 
0 0.105509 13 
0 0.114317 13 
0 0.117598 13 
0 0.132788 13 
0 0.142259 13 
0 0.157535 13 
0 0.16566 13 
0 0.176588 13 
0 0.176798 13 
0 0.200928 13 
0 0.218595 13 
0 0.232227 13 
0 0.234089 13 
0 0.234449 13 
0 0.234449 13 
0 0.237435 13 
0 0.243871 13 
0 0.268176 13 
0 0.269836 13 
0 0.27441 13 
0 0.288444 13 
0 0.288704 13 
0 0.288746 13 
0 0.291671 13 
0 0.299929 13 
0 0.307217 13 
0 0.312547 13 
0 0.314401 13 
0 0.315471 13 
0 0.321086 13 
0 0.325716 13 
0 0.334766 13 
0 0.338658 13 
0 0.338742 13 
0 0.341163 13 
0 0.366679 13 
0 0.381491 13 
0 0.386178 13 
0 0.399232 13 
0 0.39942 13 
0 0.39963 13 
0 0.403005 13 
0 0.412098 13 
0 0.466597 13 
0 0.469517 13 
0 0.507958 13 
0 0.546826 13 
0 0.550885 13 
0 0.553258 13 
0 0.553258 13 
0 0.751012 13 
0 0.827287 13 
0 0.852639 13 
0 0.852639 13 
0 0.853078 13 
0 0.865336 13 
0 0.865897 13 
0 0.879723 13 
0 1.07218 13 
0 1.21404 13 
0 1.23804 13 
0 1.44296 13 
0 1.44702 13 
0 1.51496 13 
0 1.51497 13 
0 1.51659 13 
0 1.64006 13 
0 1.64083 13 
0 1.64881 13 
0 1.65582 13 
0 1.65722 13 
0 1.67418 13 
0 1.67438 13 
0 1.67443 13 
0 1.82431 13 
0 1.83896 13 
0 1.93174 13 
0 1.93182 13 
0 1.93457 13 
0 inf 13 
0 0.0661788 14 
0 0.0852578 14 
0 0.100843 14 
0 0.10394 14 
0 0.108596 14 
0 0.120759 14 
0 0.139782 14 
0 0.151622 14 
0 0.151798 14 
0 0.165439 14 
0 0.195349 14 
0 0.203254 14 
0 0.203254 14 
0 0.219918 14 
0 0.238634 14 
0 0.238634 14 
0 0.242176 14 
0 0.242446 14 
0 0.244675 14 
0 0.247067 14 
0 0.268236 14 
0 0.271476 14 
0 0.272184 14 
0 0.274727 14 
0 0.275057 14 
0 0.286265 14 
0 0.301914 14 
0 0.302193 14 
0 0.302441 14 
0 0.302935 14 
0 0.30349 14 
0 0.308994 14 
0 0.317659 14 
0 0.327037 14 
0 0.328494 14 
0 0.330114 14 
0 0.331895 14 
0 0.333633 14 
0 0.35076 14 
0 0.366461 14 
0 0.366461 14 
0 0.367763 14 
0 0.367789 14 
0 0.368955 14 
0 0.373669 14 
0 0.439112 14 
0 0.465837 14 
0 0.599144 14 
0 0.735871 14 
0 0.777544 14 
0 0.804613 14 
0 0.818955 14 
0 0.81899 14 
0 0.824593 14 
0 0.857835 14 
0 0.879159 14 
0 0.919154 14 
0 0.956384 14 
0 0.957841 14 
0 0.96052 14 
0 0.960598 14 
0 0.960637 14 
0 0.966881 14 
0 1.44158 14 
0 1.45028 14 
0 1.46505 14 
0 1.46553 14 
0 1.46556 14 
0 1.59276 14 
0 1.61227 14 
0 1.61232 14 
0 1.64311 14 
0 1.70442 14 
0 1.7045 14 
0 1.70472 14 
0 1.84191 14 
0 1.89701 14 
0 1.89723 14 
0 1.89733 14 
0 inf 14 
0 0.0538631 15 
0 0.0685904 15 
0 0.0771534 15 
0 0.108521 15 
0 0.109892 15 
0 0.109893 15 
0 0.111248 15 
0 0.113483 15 
0 0.131919 15 
0 0.14576 15 
0 0.217446 15 
0 0.22359 15 
0 0.227045 15 
0 0.227532 15 
0 0.228885 15 
0 0.22909 15 
0 0.229628 15 
0 0.242975 15 
0 0.245152 15 
0 0.249037 15 
0 0.249637 15 
0 0.251838 15 
0 0.257337 15 
0 0.258804 15 
0 0.259991 15 
0 0.263424 15 
0 0.263424 15 
0 0.276245 15 
0 0.296539 15 
0 0.321843 15 
0 0.326216 15 
0 0.339859 15 
0 0.339942 15 
0 0.348621 15 
0 0.355025 15 
0 0.355446 15 
0 0.356821 15 
0 0.358129 15 
0 0.358782 15 
0 0.376626 15 
0 0.380581 15 
0 0.380704 15 
0 0.380704 15 
0 0.463439 15 
0 0.501442 15 
0 0.582879 15 
0 0.583312 15 
0 0.583312 15 
0 0.591182 15 
0 0.714322 15 
0 0.809002 15 
0 0.809765 15 
0 0.809835 15 
0 0.810008 15 
0 0.893852 15 
0 0.933893 15 
0 0.935296 15 
0 0.936895 15 
0 1.04456 15 
0 1.2502 15 
0 1.45717 15 
0 1.45724 15 
0 1.45725 15 
0 1.45742 15 
0 1.6437 15 
0 1.65731 15 
0 1.65765 15 
0 1.65777 15 
0 1.67414 15 
0 1.68999 15 
0 1.69003 15 
0 1.85937 15 
0 1.88038 15 
0 1.88046 15 
0 1.88068 15 
0 inf 15 
0 0.0776761 16 
0 0.0867829 16 
0 0.111246 16 
0 0.112168 16 
0 0.112433 16 
0 0.113757 16 
0 0.142644 16 
0 0.14862 16 
0 0.149444 16 
0 0.151929 16 
0 0.188137 16 
0 0.189274 16 
0 0.192413 16 
0 0.198952 16 
0 0.230475 16 
0 0.231326 16 
0 0.231326 16 
0 0.231811 16 
0 0.242817 16 
0 0.260698 16 
0 0.270088 16 
0 0.271746 16 
0 0.27185 16 
0 0.275746 16 
0 0.276046 16 
0 0.283242 16 
0 0.317066 16 
0 0.342664 16 
0 0.350068 16 
0 0.367262 16 
0 0.368153 16 
0 0.36856 16 
0 0.370957 16 
0 0.409234 16 
0 0.410513 16 
0 0.411606 16 
0 0.412401 16 
0 0.421116 16 
0 0.422514 16 
0 0.461901 16 
0 0.469911 16 
0 0.494973 16 
0 0.495729 16 
0 0.498015 16 
0 0.519279 16 
0 0.816471 16 
0 0.816562 16 
0 0.816562 16 
0 0.816837 16 
0 0.891986 16 
0 0.908026 16 
0 0.917937 16 
0 0.932637 16 
0 0.984623 16 
0 1.01433 16 
0 1.02832 16 
0 1.03033 16 
0 1.22386 16 
0 1.34296 16 
0 1.46167 16 
0 1.46274 16 
0 1.46285 16 
0 1.4629 16 
0 1.64773 16 
0 1.64862 16 
0 1.64862 16 
0 1.64876 16 
0 1.8764 16 
0 1.87652 16 
0 1.87652 16 
0 1.877 16 
0 inf 16 
0 0.0748528 17 
0 0.0767054 17 
0 0.0780358 17 
0 0.0802826 17 
0 0.12398 17 
0 0.127846 17 
0 0.12843 17 
0 0.156243 17 
0 0.165815 17 
0 0.166097 17 
0 0.166941 17 
0 0.168336 17 
0 0.235806 17 
0 0.239076 17 
0 0.239702 17 
0 0.259899 17 
0 0.259899 17 
0 0.261622 17 
0 0.262933 17 
0 0.265033 17 
0 0.34026 17 
0 0.343326 17 
0 0.348109 17 
0 0.353613 17 
0 0.353778 17 
0 0.353884 17 
0 0.354913 17 
0 0.355645 17 
0 0.356309 17 
0 0.37561 17 
0 0.407494 17 
0 0.408755 17 
0 0.411675 17 
0 0.455516 17 
0 0.472697 17 
0 0.47412 17 
0 0.488265 17 
0 0.497037 17 
0 0.502151 17 
0 0.522446 17 
0 0.523216 17 
0 0.523448 17 
0 0.540202 17 
0 0.830788 17 
0 0.830844 17 
0 0.830979 17 
0 0.831182 17 
0 0.863416 17 
0 1.01193 17 
0 1.01948 17 
0 1.05371 17 
0 1.08131 17 
0 1.08524 17 
0 1.08832 17 
0 1.46578 17 
0 1.46583 17 
0 1.46597 17 
0 1.46603 17 
0 1.50711 17 
0 1.6528 17 
0 1.65376 17 
0 1.65412 17 
0 1.65426 17 
0 1.88107 17 
0 1.88108 17 
0 1.88117 17 
0 1.88137 17 
0 inf 17 
0 0.104497 18 
0 0.104854 18 
0 0.105122 18 
0 0.147719 18 
0 0.150168 18 
0 0.150728 18 
0 0.166837 18 
0 0.167453 18 
0 0.167732 18 
0 0.179899 18 
0 0.193869 18 
0 0.195216 18 
0 0.204076 18 
0 0.233277 18 
0 0.236521 18 
0 0.297112 18 
0 0.301671 18 
0 0.324999 18 
0 0.333221 18 
0 0.336359 18 
0 0.336915 18 
0 0.337137 18 
0 0.338895 18 
0 0.341597 18 
0 0.341597 18 
0 0.342254 18 
0 0.343346 18 
0 0.345147 18 
0 0.346541 18 
0 0.346622 18 
0 0.348997 18 
0 0.352837 18 
0 0.371896 18 
0 0.458558 18 
0 0.460746 18 
0 0.460807 18 
0 0.461456 18 
0 0.49447 18 
0 0.49585 18 
0 0.495982 18 
0 0.521149 18 
0 0.522655 18 
0 0.805431 18 
0 0.805628 18 
0 0.805907 18 
0 0.806 18 
0 1.01169 18 
0 1.02555 18 
0 1.02787 18 
0 1.25171 18 
0 1.47405 18 
0 1.47416 18 
0 1.47426 18 
0 1.47732 18 
0 1.60937 18 
0 1.65853 18 
0 1.6663 18 
0 1.66655 18 
0 1.66669 18 
0 1.88393 18 
0 1.88399 18 
0 1.88405 18 
0 1.88505 18 
0 inf 18 
0 0.148379 19 
0 0.152853 19 
0 0.152853 19 
0 0.155851 19 
0 0.159413 19 
0 0.160291 19 
0 0.162281 19 
0 0.169058 19 
0 0.200093 19 
0 0.200793 19 
0 0.200793 19 
0 0.215572 19 
0 0.215876 19 
0 0.216266 19 
0 0.224095 19 
0 0.224429 19 
0 0.224804 19 
0 0.266135 19 
0 0.281663 19 
0 0.281896 19 
0 0.282194 19 
0 0.284228 19 
0 0.285149 19 
0 0.291941 19 
0 0.335683 19 
0 0.336101 19 
0 0.339426 19 
0 0.339847 19 
0 0.340507 19 
0 0.340727 19 
0 0.391347 19 
0 0.455536 19 
0 0.45648 19 
0 0.456665 19 
0 0.494508 19 
0 0.494527 19 
0 0.494602 19 
0 0.518609 19 
0 0.570837 19 
0 0.571362 19 
0 0.720327 19 
0 0.800249 19 
0 0.800389 19 
0 0.800389 19 
0 0.808105 19 
0 0.956627 19 
0 0.981381 19 
0 0.982639 19 
0 1.30921 19 
0 1.45961 19 
0 1.45989 19 
0 1.47491 19 
0 1.59811 19 
0 1.66166 19 
0 1.6639 19 
0 1.66393 19 
0 1.89205 19 
0 1.89792 19 
0 1.89796 19 
0 inf 19 
0 0.0694953 20 
0 0.0767881 20 
0 0.0934965 20 
0 0.120908 20 
0 0.120909 20 
0 0.120909 20 
0 0.163663 20 
0 0.167338 20 
0 0.176635 20 
0 0.182879 20 
0 0.184565 20 
0 0.192659 20 
0 0.193966 20 
0 0.195312 20 
0 0.197067 20 
0 0.198015 20 
0 0.221574 20 
0 0.244109 20 
0 0.244683 20 
0 0.267115 20 
0 0.270239 20 
0 0.271011 20 
0 0.271897 20 
0 0.291832 20 
0 0.329805 20 
0 0.329918 20 
0 0.33006 20 
0 0.342317 20 
0 0.342563 20 
0 0.342891 20 
0 0.45775 20 
0 0.45775 20 
0 0.457914 20 
0 0.483589 20 
0 0.496548 20 
0 0.496718 20 
0 0.496963 20 
0 0.59374 20 
0 0.593929 20 
0 0.613461 20 
0 0.777017 20 
0 0.777017 20 
0 1.04572 20 
0 1.04915 20 
0 1.04927 20 
0 1.46622 20 
0 1.4664 20 
0 1.47664 20 
0 1.6072 20 
0 1.67091 20 
0 1.67635 20 
0 1.67647 20 
0 1.88147 20 
0 1.88151 20 
0 3.59703 20 
0 inf 20 
