0 0.0133208 1 
0 0.0193055 1 
0 0.0202051 1 
0 0.0202071 1 
0 0.0214782 1 
0 0.0214786 1 
0 0.0238295 1 
0 0.0263074 1 
0 0.0273 1 
0 0.0273049 1 
0 0.0288857 1 
0 0.0294871 1 
0 0.0297881 1 
0 0.0300831 1 
0 0.0309549 1 
0 0.0309549 1 
0 0.033702 1 
0 0.033702 1 
0 0.0339638 1 
0 0.0347408 1 
0 0.0349865 1 
0 0.0354967 1 
0 0.035505 1 
0 0.0362359 1 
0 0.0369666 1 
0 0.0374399 1 
0 0.0374401 1 
0 0.0379112 1 
0 0.0381464 1 
0 0.0386074 1 
0 0.0390643 1 
0 0.0392843 1 
0 0.0392901 1 
0 0.039294 1 
0 0.0392951 1 
0 0.0408402 1 
0 0.0408406 1 
0 0.0410569 1 
0 0.041057 1 
0 0.0410607 1 
0 0.0412731 1 
0 0.0412731 1 
0 0.0417053 1 
0 0.0417072 1 
0 0.0417092 1 
0 0.0421237 1 
0 0.0433708 1 
0 0.0437757 1 
0 0.0439789 1 
0 0.0441814 1 
0 0.0449752 1 
0 0.044987 1 
0 0.0455622 1 
0 0.0461438 1 
0 0.0472954 1 
0 0.0478432 1 
0 0.0480338 1 
0 0.0483953 1 
0 0.0496632 1 
0 0.049664 1 
0 0.0498423 1 
0 0.0503725 1 
0 0.0508985 1 
0 0.0510691 1 
0 0.0510716 1 
0 0.0514125 1 
0 0.0527855 1 
0 0.0531153 1 
0 0.0569836 1 
0 0.05898 1 
0 0.0591215 1 
0 0.0591222 1 
0 0.0595743 1 
0 0.0649858 1 
0 0.0656659 1 
0 0.0664697 1 
0 0.0686998 1 
0 0.0689579 1 
0 0.0712381 1 
0 0.0795917 1 
0 0.0871484 1 
0 0.09438 1 
0 0.108872 1 
0 0.112009 1 
0 0.114662 1 
0 0.11582 1 
0 0.115824 1 
0 0.116208 1 
0 0.116283 1 
0 0.123245 1 
0 0.125455 1 
0 0.131532 1 
0 0.135845 1 
0 0.142601 1 
0 0.148329 1 
0 0.154944 1 
0 0.162051 1 
0 0.1897 1 
0 0.208925 1 
0 0.240509 1 
0 0.255363 1 
0 0.347722 1 
0 0.354441 1 
0 0.419016 1 
0 0.499394 1 
0 0.593461 1 
0 0.595452 1 
0 0.635826 1 
0 0.67164 1 
0 0.673776 1 
0 0.691726 1 
0 0.756505 1 
0 0.759028 1 
0 0.760833 1 
0 0.768447 1 
0 0.783856 1 
0 0.852891 1 
0 0.960259 1 
0 1.0304 1 
0 1.07921 1 
0 1.11653 1 
0 1.21374 1 
0 1.36439 1 
0 1.85808 1 
0 2.1961 1 
0 2.38513 1 
0 2.84903 1 
0 3.28839 1 
0 3.38303 1 
0 3.63459 1 
0 3.64452 1 
0 inf 1 
0 0.0202013 2 
0 0.0226847 2 
0 0.0238332 2 
0 0.0241996 2 
0 0.0256199 2 
0 0.026306 2 
0 0.0272992 2 
0 0.0272993 2 
0 0.0276251 2 
0 0.0279423 2 
0 0.028882 2 
0 0.0291879 2 
0 0.0297918 2 
0 0.0303793 2 
0 0.03067 2 
0 0.033175 2 
0 0.0339617 2 
0 0.0339633 2 
0 0.0342219 2 
0 0.0349904 2 
0 0.0359907 2 
0 0.0362359 2 
0 0.0362359 2 
0 0.0364802 2 
0 0.0372021 2 
0 0.0372022 2 
0 0.0374429 2 
0 0.0379113 2 
0 0.0383791 2 
0 0.038607 2 
0 0.0392932 2 
0 0.0397395 2 
0 0.0397395 2 
0 0.0414887 2 
0 0.0414896 2 
0 0.0417092 2 
0 0.0427544 2 
0 0.0431643 2 
0 0.0435708 2 
0 0.0435708 2 
0 0.0447803 2 
0 0.04537 2 
0 0.0463366 2 
0 0.0469102 2 
0 0.0480242 2 
0 0.0480338 2 
0 0.0498413 2 
0 0.050194 2 
0 0.0505533 2 
0 0.0507243 2 
0 0.0509036 2 
0 0.0514207 2 
0 0.0524454 2 
0 0.0541111 2 
0 0.05427 2 
0 0.0561996 2 
0 0.0569799 2 
0 0.058062 2 
0 0.0610432 2 
0 0.0645748 2 
0 0.0653954 2 
0 0.0663423 2 
0 0.0688336 2 
0 0.0751172 2 
0 0.0752352 2 
0 0.0769838 2 
0 0.0850905 2 
0 0.0865318 2 
0 0.089359 2 
0 0.0962422 2 
0 0.106482 2 
0 0.106648 2 
0 0.107636 2 
0 0.111607 2 
0 0.112478 2 
0 0.11342 2 
0 0.115746 2 
0 0.129836 2 
0 0.131533 2 
0 0.132006 2 
0 0.139774 2 
0 0.144144 2 
0 0.147982 2 
0 0.154597 2 
0 0.156713 2 
0 0.1798 2 
0 0.186636 2 
0 0.225896 2 
0 0.234162 2 
0 0.286039 2 
0 0.333152 2 
0 0.334978 2 
0 0.33875 2 
0 0.416137 2 
0 0.474387 2 
0 0.49707 2 
0 0.564493 2 
0 0.612012 2 
0 0.631241 2 
0 0.6375 2 
0 0.640369 2 
0 0.644551 2 
0 0.695764 2 
0 0.695912 2 
0 0.738228 2 
0 0.816623 2 
0 0.830724 2 
0 0.887061 2 
0 0.901057 2 
0 0.901086 2 
0 0.915185 2 
0 0.932553 2 
0 0.95184 2 
0 0.976272 2 
0 1.20892 2 
0 1.43919 2 
0 1.52785 2 
0 1.83698 2 
0 1.95871 2 
0 2.17051 2 
0 2.41671 2 
0 2.46079 2 
0 2.47409 2 
0 2.48233 2 
0 3.07383 2 
0 3.44545 2 
0 3.52359 2 
0 inf 2 
0 0.0133208 3 
0 0.0183611 3 
0 0.0202038 3 
0 0.0222923 3 
0 0.0230718 3 
0 0.0230719 3 
0 0.0245665 3 
0 0.0256221 3 
0 0.0282579 3 
0 0.0309562 3 
0 0.031243 3 
0 0.0320799 3 
0 0.0323583 3 
0 0.0339628 3 
0 0.0352456 3 
0 0.0352475 3 
0 0.0362359 3 
0 0.0362404 3 
0 0.0372066 3 
0 0.037441 3 
0 0.0374419 3 
0 0.0381446 3 
0 0.0392876 3 
0 0.0399619 3 
0 0.0421243 3 
0 0.0439767 3 
0 0.0445752 3 
0 0.0449772 3 
0 0.0451724 3 
0 0.0455636 3 
0 0.0457572 3 
0 0.0457593 3 
0 0.0472835 3 
0 0.0476563 3 
0 0.0480304 3 
0 0.0483953 3 
0 0.0485794 3 
0 0.0491249 3 
0 0.0493101 3 
0 0.049665 3 
0 0.0505458 3 
0 0.0512497 3 
0 0.0529493 3 
0 0.0541025 3 
0 0.0547685 3 
0 0.055248 3 
0 0.0577669 3 
0 0.0591165 3 
0 0.0641602 3 
0 0.0641668 3 
0 0.0660734 3 
0 0.0690885 3 
0 0.0697302 3 
0 0.070619 3 
0 0.070619 3 
0 0.0741724 3 
0 0.0759396 3 
0 0.0800352 3 
0 0.0807013 3 
0 0.0889612 3 
0 0.0916141 3 
0 0.0940982 3 
0 0.0955022 3 
0 0.0977056 3 
0 0.109765 3 
0 0.112636 3 
0 0.128527 3 
0 0.130651 3 
0 0.131258 3 
0 0.140026 3 
0 0.140342 3 
0 0.170647 3 
0 0.178261 3 
0 0.194415 3 
0 0.223253 3 
0 0.235967 3 
0 0.283237 3 
0 0.286954 3 
0 0.321635 3 
0 0.338016 3 
0 0.359373 3 
0 0.418851 3 
0 0.449227 3 
0 0.475671 3 
0 0.488211 3 
0 0.521119 3 
0 0.528497 3 
0 0.529983 3 
0 0.54892 3 
0 0.628851 3 
0 0.630155 3 
0 0.639234 3 
0 0.701793 3 
0 0.712444 3 
0 0.739046 3 
0 0.73919 3 
0 0.752334 3 
0 0.769614 3 
0 0.776799 3 
0 0.783941 3 
0 0.836308 3 
0 0.843558 3 
0 0.845286 3 
0 0.870143 3 
0 0.872375 3 
0 0.887921 3 
0 1.13103 3 
0 1.14199 3 
0 1.1925 3 
0 1.60711 3 
0 1.73812 3 
0 1.93395 3 
0 1.99846 3 
0 2.0006 3 
0 2.00072 3 
0 2.16104 3 
0 2.21273 3 
0 2.5949 3 
0 2.70203 3 
0 2.70313 3 
0 2.70368 3 
0 2.76373 3 
0 2.77102 3 
0 inf 3 
0 0.0202021 4 
0 0.0234565 4 
0 0.0259681 4 
0 0.0269729 4 
0 0.0273024 4 
0 0.0297883 4 
0 0.0300847 4 
0 0.030667 4 
0 0.0315251 4 
0 0.0318035 4 
0 0.032082 4 
0 0.0339636 4 
0 0.0342207 4 
0 0.0342208 4 
0 0.034222 4 
0 0.0347376 4 
0 0.0347386 4 
0 0.0349922 4 
0 0.0352436 4 
0 0.0362376 4 
0 0.036477 4 
0 0.0364828 4 
0 0.0372023 4 
0 0.0372047 4 
0 0.0374452 4 
0 0.0388369 4 
0 0.0417014 4 
0 0.0423384 4 
0 0.043369 4 
0 0.0447828 4 
0 0.0449786 4 
0 0.0449795 4 
0 0.0480299 4 
0 0.0494853 4 
0 0.0507209 4 
0 0.0521007 4 
0 0.0522778 4 
0 0.0555647 4 
0 0.0565166 4 
0 0.0591315 4 
0 0.0722232 4 
0 0.0738067 4 
0 0.0740466 4 
0 0.0755842 4 
0 0.0765214 4 
0 0.0780138 4 
0 0.0789183 4 
0 0.0793658 4 
0 0.0804777 4 
0 0.0814646 4 
0 0.0815733 4 
0 0.0822256 4 
0 0.0831877 4 
0 0.0832967 4 
0 0.0851946 4 
0 0.0864348 4 
0 0.0873482 4 
0 0.0873506 4 
0 0.100832 4 
0 0.11513 4 
0 0.115669 4 
0 0.118324 4 
0 0.134397 4 
0 0.250659 4 
0 0.311142 4 
0 0.323804 4 
0 0.324081 4 
0 0.343096 4 
0 0.345471 4 
0 0.387469 4 
0 0.450753 4 
0 0.458606 4 
0 0.459225 4 
0 0.460485 4 
0 0.480795 4 
0 0.491657 4 
0 0.572055 4 
0 0.57961 4 
0 0.620071 4 
0 0.620243 4 
0 0.649467 4 
0 0.658125 4 
0 0.678824 4 
0 0.693045 4 
0 0.717277 4 
0 0.728867 4 
0 0.729966 4 
0 0.730558 4 
0 0.733467 4 
0 0.733738 4 
0 0.743737 4 
0 0.76675 4 
0 0.768541 4 
0 0.787219 4 
0 0.797761 4 
0 0.797964 4 
0 0.80369 4 
0 0.811774 4 
0 0.959039 4 
0 0.994866 4 
0 1.01499 4 
0 1.01505 4 
0 1.01529 4 
0 1.05424 4 
0 1.14788 4 
0 1.19936 4 
0 1.42046 4 
0 1.45639 4 
0 1.45822 4 
0 1.57967 4 
0 1.67618 4 
0 1.6769 4 
0 1.67742 4 
0 1.82906 4 
0 1.83201 4 
0 1.83723 4 
0 2.26567 4 
0 2.26717 4 
0 2.26756 4 
0 inf 4 
0 0.0234578 5 
0 0.0285711 5 
0 0.0288783 5 
0 0.0294861 5 
0 0.03208 5 
0 0.0326309 5 
0 0.0342242 5 
0 0.0357449 5 
0 0.0367255 5 
0 0.0372049 5 
0 0.0372055 5 
0 0.0374426 5 
0 0.0379141 5 
0 0.0381448 5 
0 0.0383762 5 
0 0.038378 5 
0 0.0399619 5 
0 0.0399644 5 
0 0.0401835 5 
0 0.0401847 5 
0 0.0419148 5 
0 0.0427495 5 
0 0.0439776 5 
0 0.0441863 5 
0 0.0457594 5 
0 0.0457595 5 
0 0.0457597 5 
0 0.0476608 5 
0 0.0501981 5 
0 0.0509019 5 
0 0.0512514 5 
0 0.0521112 5 
0 0.0522761 5 
0 0.0537865 5 
0 0.0565189 5 
0 0.0582203 5 
0 0.0586751 5 
0 0.0594198 5 
0 0.060024 5 
0 0.0624767 5 
0 0.0667299 5 
0 0.0676556 5 
0 0.0677991 5 
0 0.0721109 5 
0 0.0722357 5 
0 0.076405 5 
0 0.079149 5 
0 0.0795888 5 
0 0.0799247 5 
0 0.0831844 5 
0 0.0882637 5 
0 0.0936244 5 
0 0.126719 5 
0 0.131056 5 
0 0.136558 5 
0 0.276869 5 
0 0.320031 5 
0 0.361184 5 
0 0.386482 5 
0 0.406355 5 
0 0.409676 5 
0 0.445836 5 
0 0.463933 5 
0 0.476699 5 
0 0.477027 5 
0 0.477536 5 
0 0.521126 5 
0 0.586987 5 
0 0.588114 5 
0 0.590913 5 
0 0.604934 5 
0 0.606128 5 
0 0.606947 5 
0 0.612629 5 
0 0.621572 5 
0 0.663353 5 
0 0.67017 5 
0 0.706672 5 
0 0.724399 5 
0 0.729402 5 
0 0.736689 5 
0 0.737015 5 
0 0.738289 5 
0 0.739639 5 
0 0.7407 5 
0 0.747418 5 
0 0.749895 5 
0 0.777021 5 
0 0.778606 5 
0 0.78053 5 
0 0.817294 5 
0 0.973985 5 
0 1.13562 5 
0 1.17122 5 
0 1.19644 5 
0 1.2028 5 
0 1.20669 5 
0 1.21089 5 
0 1.23391 5 
0 1.32918 5 
0 1.35073 5 
0 1.35296 5 
0 1.35345 5 
0 1.35492 5 
0 1.41949 5 
0 1.54729 5 
0 1.5483 5 
0 1.58038 5 
0 1.72002 5 
0 1.74763 5 
0 1.75125 5 
0 1.75767 5 
0 1.86764 5 
0 1.87223 5 
0 1.88865 5 
0 inf 5 
0 0.0173677 6 
0 0.0230723 6 
0 0.0230754 6 
0 0.0241983 6 
0 0.0241984 6 
0 0.0242013 6 
0 0.0263042 6 
0 0.026639 6 
0 0.029788 6 
0 0.029788 6 
0 0.0306686 6 
0 0.0339636 6 
0 0.0354946 6 
0 0.0354947 6 
0 0.0374409 6 
0 0.038145 6 
0 0.0390646 6 
0 0.0392943 6 
0 0.0395157 6 
0 0.0397396 6 
0 0.0443855 6 
0 0.0463355 6 
0 0.0515854 6 
0 0.0536152 6 
0 0.0549239 6 
0 0.0555657 6 
0 0.0582224 6 
0 0.0598776 6 
0 0.0603213 6 
0 0.0604646 6 
0 0.0653948 6 
0 0.0657943 6 
0 0.0681871 6 
0 0.0683179 6 
0 0.0687041 6 
0 0.0701104 6 
0 0.0719824 6 
0 0.0751179 6 
0 0.0762877 6 
0 0.0769845 6 
0 0.079702 6 
0 0.0850834 6 
0 0.0948449 6 
0 0.104885 6 
0 0.109683 6 
0 0.117643 6 
0 0.137077 6 
0 0.29483 6 
0 0.316603 6 
0 0.316743 6 
0 0.339323 6 
0 0.344566 6 
0 0.3711 6 
0 0.438438 6 
0 0.441764 6 
0 0.443448 6 
0 0.477907 6 
0 0.486303 6 
0 0.496471 6 
0 0.50464 6 
0 0.504921 6 
0 0.530511 6 
0 0.582082 6 
0 0.583207 6 
0 0.585122 6 
0 0.587302 6 
0 0.615375 6 
0 0.661923 6 
0 0.662418 6 
0 0.66956 6 
0 0.676833 6 
0 0.691517 6 
0 0.697266 6 
0 0.706015 6 
0 0.706969 6 
0 0.709188 6 
0 0.713028 6 
0 0.715704 6 
0 0.733408 6 
0 0.734279 6 
0 0.734701 6 
0 0.738711 6 
0 0.775209 6 
0 0.789184 6 
0 0.793445 6 
0 0.794931 6 
0 0.937843 6 
0 0.939345 6 
0 0.93977 6 
0 0.948368 6 
0 1.02238 6 
0 1.02289 6 
0 1.12765 6 
0 1.1376 6 
0 1.21854 6 
0 1.23522 6 
0 1.23562 6 
0 1.2368 6 
0 1.25406 6 
0 1.25954 6 
0 1.29912 6 
0 1.32806 6 
0 1.34919 6 
0 1.35319 6 
0 1.4293 6 
0 1.48688 6 
0 1.49049 6 
0 1.4945 6 
0 1.51167 6 
0 1.54764 6 
0 1.63713 6 
0 inf 6 
0 0.021888 7 
0 0.0252763 7 
0 0.0285715 7 
0 0.0300821 7 
0 0.0303779 7 
0 0.0320839 7 
0 0.0342229 7 
0 0.0347393 7 
0 0.0349901 7 
0 0.0352427 7 
0 0.0374436 7 
0 0.0399628 7 
0 0.0399636 7 
0 0.0421279 7 
0 0.0423339 7 
0 0.0453691 7 
0 0.0472834 7 
0 0.0494853 7 
0 0.0494878 7 
0 0.0509011 7 
0 0.0532939 7 
0 0.0547623 7 
0 0.0554055 7 
0 0.0563559 7 
0 0.0611882 7 
0 0.0636073 7 
0 0.0645733 7 
0 0.0645785 7 
0 0.0666014 7 
0 0.0666014 7 
0 0.0765266 7 
0 0.076981 7 
0 0.077787 7 
0 0.0813558 7 
0 0.0818978 7 
0 0.0855029 7 
0 0.0873527 7 
0 0.12531 7 
0 0.153848 7 
0 0.157272 7 
0 0.268898 7 
0 0.277237 7 
0 0.284689 7 
0 0.285218 7 
0 0.317862 7 
0 0.322321 7 
0 0.342888 7 
0 0.393256 7 
0 0.441863 7 
0 0.446357 7 
0 0.446755 7 
0 0.462031 7 
0 0.47178 7 
0 0.477889 7 
0 0.479242 7 
0 0.572304 7 
0 0.575936 7 
0 0.591321 7 
0 0.591861 7 
0 0.598836 7 
0 0.616124 7 
0 0.638315 7 
0 0.64697 7 
0 0.660811 7 
0 0.666599 7 
0 0.673619 7 
0 0.675631 7 
0 0.677729 7 
0 0.714623 7 
0 0.715169 7 
0 0.726237 7 
0 0.730148 7 
0 0.735823 7 
0 0.741146 7 
0 0.74129 7 
0 0.768081 7 
0 0.768377 7 
0 0.780112 7 
0 0.780965 7 
0 0.818489 7 
0 0.821171 7 
0 0.842947 7 
0 0.848141 7 
0 0.872938 7 
0 0.900876 7 
0 0.936546 7 
0 0.937379 7 
0 0.937635 7 
0 0.966648 7 
0 0.966694 7 
0 1.00189 7 
0 1.05691 7 
0 1.06844 7 
0 1.08822 7 
0 1.09313 7 
0 1.09646 7 
0 1.11324 7 
0 1.1134 7 
0 1.12083 7 
0 1.20176 7 
0 1.27735 7 
0 1.30153 7 
0 1.32114 7 
0 1.36357 7 
0 1.36634 7 
0 1.36654 7 
0 1.57676 7 
0 inf 7 
0 0.0157612 8 
0 0.0183602 8 
0 0.0279417 8 
0 0.0294881 8 
0 0.0315221 8 
0 0.0331675 8 
0 0.0352424 8 
0 0.0369646 8 
0 0.037205 8 
0 0.0401855 8 
0 0.040625 8 
0 0.0408464 8 
0 0.0451789 8 
0 0.0457585 8 
0 0.0478454 8 
0 0.0611889 8 
0 0.0623368 8 
0 0.0634672 8 
0 0.0649882 8 
0 0.0680505 8 
0 0.0685738 8 
0 0.0701116 8 
0 0.0717338 8 
0 0.0751143 8 
0 0.0754697 8 
0 0.0768693 8 
0 0.0773265 8 
0 0.0773292 8 
0 0.0811374 8 
0 0.0849811 8 
0 0.132405 8 
0 0.136559 8 
0 0.256265 8 
0 0.257508 8 
0 0.268651 8 
0 0.280789 8 
0 0.28789 8 
0 0.307086 8 
0 0.307086 8 
0 0.3243 8 
0 0.327157 8 
0 0.343121 8 
0 0.396454 8 
0 0.397058 8 
0 0.39856 8 
0 0.398991 8 
0 0.409526 8 
0 0.419354 8 
0 0.45265 8 
0 0.460311 8 
0 0.463456 8 
0 0.463513 8 
0 0.470939 8 
0 0.472819 8 
0 0.478334 8 
0 0.573698 8 
0 0.598349 8 
0 0.616211 8 
0 0.617954 8 
0 0.631981 8 
0 0.633453 8 
0 0.645734 8 
0 0.647491 8 
0 0.648883 8 
0 0.648968 8 
0 0.64932 8 
0 0.654708 8 
0 0.667437 8 
0 0.698507 8 
0 0.725256 8 
0 0.727125 8 
0 0.727369 8 
0 0.734045 8 
0 0.7527 8 
0 0.754771 8 
0 0.755194 8 
0 0.763222 8 
0 0.809108 8 
0 0.820507 8 
0 0.852336 8 
0 0.873149 8 
0 0.877858 8 
0 0.913713 8 
0 0.9379 8 
0 0.937985 8 
0 0.93824 8 
0 0.978893 8 
0 1.01306 8 
0 1.05153 8 
0 1.09225 8 
0 1.09563 8 
0 1.10065 8 
0 1.12122 8 
0 1.18464 8 
0 1.19067 8 
0 1.23683 8 
0 1.27653 8 
0 1.38549 8 
0 1.58783 8 
0 1.6111 8 
0 1.61188 8 
0 1.69396 8 
0 1.83566 8 
0 inf 8 
0 0.0238313 9 
0 0.0282579 9 
0 0.030955 9 
0 0.0357424 9 
0 0.0372047 9 
0 0.0381459 9 
0 0.0406238 9 
0 0.0419128 9 
0 0.0431641 9 
0 0.0433718 9 
0 0.0498413 9 
0 0.0522673 9 
0 0.0555686 9 
0 0.0563603 9 
0 0.0677935 9 
0 0.0681811 9 
0 0.068184 9 
0 0.0746398 9 
0 0.0746432 9 
0 0.0757041 9 
0 0.0774418 9 
0 0.0914203 9 
0 0.0954993 9 
0 0.135318 9 
0 0.164339 9 
0 0.16707 9 
0 0.167409 9 
0 0.209906 9 
0 0.248763 9 
0 0.278923 9 
0 0.282715 9 
0 0.317499 9 
0 0.34343 9 
0 0.34562 9 
0 0.356937 9 
0 0.358054 9 
0 0.368529 9 
0 0.368842 9 
0 0.396501 9 
0 0.396501 9 
0 0.404808 9 
0 0.421047 9 
0 0.436854 9 
0 0.455352 9 
0 0.460861 9 
0 0.481661 9 
0 0.495863 9 
0 0.504224 9 
0 0.506559 9 
0 0.507189 9 
0 0.615562 9 
0 0.615764 9 
0 0.618796 9 
0 0.622196 9 
0 0.622196 9 
0 0.624276 9 
0 0.630966 9 
0 0.631247 9 
0 0.635694 9 
0 0.654197 9 
0 0.658954 9 
0 0.666905 9 
0 0.672798 9 
0 0.673556 9 
0 0.708036 9 
0 0.708437 9 
0 0.710372 9 
0 0.714473 9 
0 0.732525 9 
0 0.735389 9 
0 0.738797 9 
0 0.765223 9 
0 0.789958 9 
0 0.837985 9 
0 0.842599 9 
0 0.872703 9 
0 0.883353 9 
0 0.883594 9 
0 0.884737 9 
0 0.88507 9 
0 0.907702 9 
0 0.937493 9 
0 0.938325 9 
0 0.947218 9 
0 0.974407 9 
0 0.976771 9 
0 1.00288 9 
0 1.02129 9 
0 1.04374 9 
0 1.1019 9 
0 1.10826 9 
0 1.17495 9 
0 1.18376 9 
0 1.23779 9 
0 1.25233 9 
0 1.25238 9 
0 1.28869 9 
0 1.31488 9 
0 1.60298 9 
0 inf 9 
0 0.0193037 10 
0 0.0245541 10 
0 0.0263067 10 
0 0.0329012 10 
0 0.0480338 10 
0 0.0544367 10 
0 0.0606068 10 
0 0.0640167 10 
0 0.0651218 10 
0 0.0732028 10 
0 0.0765208 10 
0 0.0786946 10 
0 0.0800308 10 
0 0.0876556 10 
0 0.10623 10 
0 0.118395 10 
0 0.132601 10 
0 0.134395 10 
0 0.137207 10 
0 0.137882 10 
0 0.20237 10 
0 0.208372 10 
0 0.232869 10 
0 0.274761 10 
0 0.274761 10 
0 0.286575 10 
0 0.288763 10 
0 0.320336 10 
0 0.329993 10 
0 0.340159 10 
0 0.346901 10 
0 0.350237 10 
0 0.352757 10 
0 0.353263 10 
0 0.356958 10 
0 0.381202 10 
0 0.396532 10 
0 0.41936 10 
0 0.427891 10 
0 0.428466 10 
0 0.435544 10 
0 0.447485 10 
0 0.472743 10 
0 0.473005 10 
0 0.478483 10 
0 0.478748 10 
0 0.498396 10 
0 0.499196 10 
0 0.504634 10 
0 0.537649 10 
0 0.537781 10 
0 0.592533 10 
0 0.599455 10 
0 0.619341 10 
0 0.622957 10 
0 0.62438 10 
0 0.629163 10 
0 0.634856 10 
0 0.636078 10 
0 0.646408 10 
0 0.652759 10 
0 0.689503 10 
0 0.689915 10 
0 0.707993 10 
0 0.708243 10 
0 0.725625 10 
0 0.734339 10 
0 0.763459 10 
0 0.859614 10 
0 0.861299 10 
0 0.867322 10 
0 0.867393 10 
0 0.868484 10 
0 0.937379 10 
0 0.937985 10 
0 0.968834 10 
0 1.05517 10 
0 1.06301 10 
0 1.10973 10 
0 1.11495 10 
0 1.11534 10 
0 1.12436 10 
0 1.12448 10 
0 1.15209 10 
0 1.15841 10 
0 1.16333 10 
0 1.16335 10 
0 1.28392 10 
0 1.28738 10 
0 1.37226 10 
0 1.37371 10 
0 1.51691 10 
0 1.53894 10 
0 1.86262 10 
0 1.86293 10 
0 inf 10 
0 0.0362317 11 
0 0.0362363 11 
0 0.0545971 11 
0 0.0649866 11 
0 0.0769842 11 
0 0.077438 11 
0 0.0977084 11 
0 0.0989765 11 
0 0.103987 11 
0 0.112408 11 
0 0.11892 11 
0 0.137722 11 
0 0.139011 11 
0 0.160566 11 
0 0.168198 11 
0 0.177216 11 
0 0.216225 11 
0 0.22864 11 
0 0.240493 11 
0 0.245775 11 
0 0.255556 11 
0 0.257217 11 
0 0.257733 11 
0 0.317583 11 
0 0.325503 11 
0 0.328537 11 
0 0.3365 11 
0 0.339639 11 
0 0.339819 11 
0 0.340475 11 
0 0.354775 11 
0 0.362104 11 
0 0.363779 11 
0 0.382442 11 
0 0.384478 11 
0 0.38464 11 
0 0.390375 11 
0 0.401065 11 
0 0.405895 11 
0 0.417214 11 
0 0.42571 11 
0 0.430874 11 
0 0.448238 11 
0 0.472143 11 
0 0.47265 11 
0 0.477629 11 
0 0.478284 11 
0 0.478451 11 
0 0.5654 11 
0 0.565588 11 
0 0.593073 11 
0 0.593492 11 
0 0.616312 11 
0 0.638722 11 
0 0.63979 11 
0 0.643436 11 
0 0.645914 11 
0 0.661426 11 
0 0.662431 11 
0 0.713689 11 
0 0.71534 11 
0 0.744707 11 
0 0.745469 11 
0 0.749646 11 
0 0.827313 11 
0 0.843846 11 
0 0.852138 11 
0 0.861386 11 
0 0.937937 11 
0 0.93867 11 
0 0.939383 11 
0 0.985613 11 
0 0.986219 11 
0 0.986219 11 
0 1.08773 11 
0 1.09086 11 
0 1.09246 11 
0 1.09253 11 
0 1.22692 11 
0 1.25344 11 
0 1.25878 11 
0 1.25921 11 
0 1.36699 11 
0 1.36813 11 
0 1.37613 11 
0 1.37615 11 
0 1.40962 11 
0 1.42533 11 
0 1.63884 11 
0 1.78636 11 
0 1.78648 11 
0 inf 11 
0 0.0317986 12 
0 0.0631828 12 
0 0.077023 12 
0 0.105807 12 
0 0.10635 12 
0 0.146229 12 
0 0.162703 12 
0 0.198882 12 
0 0.210319 12 
0 0.213001 12 
0 0.218106 12 
0 0.218106 12 
0 0.218268 12 
0 0.224133 12 
0 0.241589 12 
0 0.244008 12 
0 0.24517 12 
0 0.272153 12 
0 0.273394 12 
0 0.278343 12 
0 0.316407 12 
0 0.318306 12 
0 0.338933 12 
0 0.339769 12 
0 0.352334 12 
0 0.35334 12 
0 0.355276 12 
0 0.368963 12 
0 0.374733 12 
0 0.389029 12 
0 0.391295 12 
0 0.391907 12 
0 0.409473 12 
0 0.417728 12 
0 0.438297 12 
0 0.440236 12 
0 0.445743 12 
0 0.445997 12 
0 0.477146 12 
0 0.522728 12 
0 0.534163 12 
0 0.536963 12 
0 0.553114 12 
0 0.594729 12 
0 0.597824 12 
0 0.598535 12 
0 0.632637 12 
0 0.634653 12 
0 0.637488 12 
0 0.645831 12 
0 0.647079 12 
0 0.662142 12 
0 0.66257 12 
0 0.672531 12 
0 0.673164 12 
0 0.675415 12 
0 0.683618 12 
0 0.683969 12 
0 0.743154 12 
0 0.743345 12 
0 0.849657 12 
0 0.868587 12 
0 0.935475 12 
0 0.937871 12 
0 0.938174 12 
0 0.941298 12 
0 0.977596 12 
0 0.993127 12 
0 0.99319 12 
0 1.01274 12 
0 1.01387 12 
0 1.014 12 
0 1.09724 12 
0 1.10444 12 
0 1.18903 12 
0 1.18928 12 
0 1.22978 12 
0 1.22979 12 
0 1.23162 12 
0 1.31516 12 
0 1.4545 12 
0 1.50703 12 
0 1.55144 12 
0 1.57603 12 
0 1.59182 12 
0 1.59254 12 
0 1.68908 12 
0 inf 12 
0 0.0334279 13 
0 0.071354 13 
0 0.108946 13 
0 0.118696 13 
0 0.12298 13 
0 0.123966 13 
0 0.135152 13 
0 0.173989 13 
0 0.181914 13 
0 0.204171 13 
0 0.22001 13 
0 0.226848 13 
0 0.237374 13 
0 0.239745 13 
0 0.257885 13 
0 0.268968 13 
0 0.331765 13 
0 0.333317 13 
0 0.336101 13 
0 0.343948 13 
0 0.359027 13 
0 0.359435 13 
0 0.361871 13 
0 0.388679 13 
0 0.389021 13 
0 0.39381 13 
0 0.39692 13 
0 0.397634 13 
0 0.429071 13 
0 0.42913 13 
0 0.458575 13 
0 0.471989 13 
0 0.475276 13 
0 0.475892 13 
0 0.535729 13 
0 0.536077 13 
0 0.536524 13 
0 0.546744 13 
0 0.614473 13 
0 0.622671 13 
0 0.623355 13 
0 0.626761 13 
0 0.629628 13 
0 0.631654 13 
0 0.634023 13 
0 0.634157 13 
0 0.63947 13 
0 0.63947 13 
0 0.641119 13 
0 0.649271 13 
0 0.685173 13 
0 0.685536 13 
0 0.687952 13 
0 0.703398 13 
0 0.706582 13 
0 0.707184 13 
0 0.861448 13 
0 0.865054 13 
0 0.935703 13 
0 0.940668 13 
0 0.959738 13 
0 0.959849 13 
0 0.960329 13 
0 0.990623 13 
0 0.99208 13 
0 0.992116 13 
0 0.992214 13 
0 0.997371 13 
0 1.00361 13 
0 1.01294 13 
0 1.05117 13 
0 1.0987 13 
0 1.18962 13 
0 1.18997 13 
0 1.19038 13 
0 1.19108 13 
0 1.32344 13 
0 1.32484 13 
0 1.33443 13 
0 1.44545 13 
0 1.44545 13 
0 1.44618 13 
0 1.72491 13 
0 inf 13 
0 0.0574492 14 
0 0.080593 14 
0 0.0836098 14 
0 0.113889 14 
0 0.120334 14 
0 0.184393 14 
0 0.212877 14 
0 0.244947 14 
0 0.249593 14 
0 0.252416 14 
0 0.252867 14 
0 0.271852 14 
0 0.276853 14 
0 0.27826 14 
0 0.278611 14 
0 0.281052 14 
0 0.308578 14 
0 0.313682 14 
0 0.313909 14 
0 0.313963 14 
0 0.314671 14 
0 0.317729 14 
0 0.317832 14 
0 0.318835 14 
0 0.324184 14 
0 0.344308 14 
0 0.356486 14 
0 0.35909 14 
0 0.383439 14 
0 0.385723 14 
0 0.393675 14 
0 0.394035 14 
0 0.399846 14 
0 0.408602 14 
0 0.409902 14 
0 0.415064 14 
0 0.44598 14 
0 0.50024 14 
0 0.508735 14 
0 0.509223 14 
0 0.509851 14 
0 0.512126 14 
0 0.51351 14 
0 0.513528 14 
0 0.542911 14 
0 0.563698 14 
0 0.56971 14 
0 0.570457 14 
0 0.576399 14 
0 0.584142 14 
0 0.592954 14 
0 0.593671 14 
0 0.629669 14 
0 0.644048 14 
0 0.653357 14 
0 0.660476 14 
0 0.660489 14 
0 0.663063 14 
0 0.689177 14 
0 0.692259 14 
0 0.692771 14 
0 0.871695 14 
0 0.900858 14 
0 0.906836 14 
0 0.907775 14 
0 0.92496 14 
0 0.92542 14 
0 0.9261 14 
0 0.936243 14 
0 0.937152 14 
0 0.938892 14 
0 0.938892 14 
0 1.03699 14 
0 1.04132 14 
0 1.04262 14 
0 1.10631 14 
0 1.10869 14 
0 1.11214 14 
0 1.11405 14 
0 inf 14 
0 0.077781 15 
0 0.099863 15 
0 0.106815 15 
0 0.151764 15 
0 0.205954 15 
0 0.245459 15 
0 0.25252 15 
0 0.254178 15 
0 0.263688 15 
0 0.266201 15 
0 0.267383 15 
0 0.268193 15 
0 0.274082 15 
0 0.277858 15 
0 0.292149 15 
0 0.292877 15 
0 0.29649 15 
0 0.303815 15 
0 0.30476 15 
0 0.308463 15 
0 0.308666 15 
0 0.309497 15 
0 0.31107 15 
0 0.312095 15 
0 0.322496 15 
0 0.351876 15 
0 0.352002 15 
0 0.35457 15 
0 0.357181 15 
0 0.358049 15 
0 0.388884 15 
0 0.388907 15 
0 0.392246 15 
0 0.393511 15 
0 0.395608 15 
0 0.405397 15 
0 0.406009 15 
0 0.406774 15 
0 0.44943 15 
0 0.462518 15 
0 0.475009 15 
0 0.475028 15 
0 0.495193 15 
0 0.521337 15 
0 0.620403 15 
0 0.642667 15 
0 0.64411 15 
0 0.670335 15 
0 0.798644 15 
0 0.798644 15 
0 0.799344 15 
0 0.834169 15 
0 0.880898 15 
0 0.921905 15 
0 0.925829 15 
0 0.938798 15 
0 1.05037 15 
0 1.05117 15 
0 1.05188 15 
0 1.09425 15 
0 1.09427 15 
0 1.09467 15 
0 1.0987 15 
0 1.0989 15 
0 1.09909 15 
0 1.0997 15 
0 1.34446 15 
0 1.34446 15 
0 1.34452 15 
0 1.48843 15 
0 1.49855 15 
0 1.49983 15 
0 1.84791 15 
0 1.84797 15 
0 1.848 15 
0 inf 15 
0 0.0297795 16 
0 0.168098 16 
0 0.227782 16 
0 0.229183 16 
0 0.25798 16 
0 0.263728 16 
0 0.264802 16 
0 0.264836 16 
0 0.299981 16 
0 0.311413 16 
0 0.315851 16 
0 0.316216 16 
0 0.3163 16 
0 0.318619 16 
0 0.322101 16 
0 0.326098 16 
0 0.32618 16 
0 0.326343 16 
0 0.326914 16 
0 0.327104 16 
0 0.33355 16 
0 0.338277 16 
0 0.341956 16 
0 0.342033 16 
0 0.343895 16 
0 0.343896 16 
0 0.352607 16 
0 0.353989 16 
0 0.355839 16 
0 0.356362 16 
0 0.385078 16 
0 0.386343 16 
0 0.390454 16 
0 0.390908 16 
0 0.396504 16 
0 0.396616 16 
0 0.396616 16 
0 0.396817 16 
0 0.434706 16 
0 0.496323 16 
0 0.552431 16 
0 0.574924 16 
0 0.647058 16 
0 0.647339 16 
0 0.659013 16 
0 0.659013 16 
0 0.65908 16 
0 0.893845 16 
0 0.937076 16 
0 1.00098 16 
0 1.00229 16 
0 1.00246 16 
0 1.07739 16 
0 1.11778 16 
0 1.12083 16 
0 1.12096 16 
0 1.12105 16 
0 1.13861 16 
0 1.15789 16 
0 1.17842 16 
0 1.17852 16 
0 1.23614 16 
0 1.23623 16 
0 1.23658 16 
0 1.31029 16 
0 1.43486 16 
0 1.43486 16 
0 1.43486 16 
0 1.79283 16 
0 1.79296 16 
0 1.79296 16 
0 inf 16 
0 0.0297797 17 
0 0.0381437 17 
0 0.040619 17 
0 0.044773 17 
0 0.125625 17 
0 0.232335 17 
0 0.232678 17 
0 0.243243 17 
0 0.243425 17 
0 0.271829 17 
0 0.288153 17 
0 0.315438 17 
0 0.315439 17 
0 0.315579 17 
0 0.318317 17 
0 0.318317 17 
0 0.318401 17 
0 0.318795 17 
0 0.3204 17 
0 0.322818 17 
0 0.326752 17 
0 0.329024 17 
0 0.360247 17 
0 0.360911 17 
0 0.361844 17 
0 0.362457 17 
0 0.384364 17 
0 0.384364 17 
0 0.384525 17 
0 0.388405 17 
0 0.394868 17 
0 0.400201 17 
0 0.401309 17 
0 0.401596 17 
0 0.41351 17 
0 0.672078 17 
0 0.672152 17 
0 0.674187 17 
0 0.674226 17 
0 0.674831 17 
0 0.676394 17 
0 0.676472 17 
0 0.676564 17 
0 0.947172 17 
0 0.993374 17 
0 0.996462 17 
0 0.996729 17 
0 0.996863 17 
0 1.00903 17 
0 1.0091 17 
0 1.03366 17 
0 1.03564 17 
0 1.03654 17 
0 1.13596 17 
0 1.1952 17 
0 1.19775 17 
0 1.19791 17 
0 1.19846 17 
0 1.20012 17 
0 1.20033 17 
0 1.20049 17 
0 1.4613 17 
0 1.46188 17 
0 1.46315 17 
0 1.73674 17 
0 1.74337 17 
0 1.74367 17 
0 inf 17 
0 0.050546 18 
0 0.0607502 18 
0 0.0607515 18 
0 0.0813537 18 
0 0.145884 18 
0 0.147877 18 
0 0.150554 18 
0 0.197553 18 
0 0.219989 18 
0 0.221315 18 
0 0.241377 18 
0 0.241965 18 
0 0.243719 18 
0 0.244009 18 
0 0.268412 18 
0 0.270257 18 
0 0.274296 18 
0 0.317301 18 
0 0.362657 18 
0 0.362974 18 
0 0.363268 18 
0 0.363487 18 
0 0.365148 18 
0 0.365294 18 
0 0.365512 18 
0 0.367328 18 
0 0.384191 18 
0 0.391329 18 
0 0.391691 18 
0 0.393667 18 
0 0.395227 18 
0 0.39895 18 
0 0.399128 18 
0 0.400038 18 
0 0.672798 18 
0 0.672851 18 
0 0.673114 18 
0 0.675102 18 
0 0.70235 18 
0 0.705526 18 
0 0.705978 18 
0 0.71948 18 
0 0.73443 18 
0 0.734539 18 
0 0.947854 18 
0 0.948528 18 
0 0.948827 18 
0 0.986602 18 
0 1.00634 18 
0 1.0074 18 
0 1.09601 18 
0 1.09892 18 
0 1.09989 18 
0 1.12522 18 
0 1.14761 18 
0 1.14799 18 
0 1.1934 18 
0 1.20641 18 
0 1.20641 18 
0 1.21298 18 
0 1.23195 18 
0 1.23577 18 
0 1.5199 18 
0 inf 18 
0 0.0561979 19 
0 0.0580608 19 
0 0.0586682 19 
0 0.156845 19 
0 0.156845 19 
0 0.167353 19 
0 0.234214 19 
0 0.235121 19 
0 0.235912 19 
0 0.255925 19 
0 0.256064 19 
0 0.256064 19 
0 0.276395 19 
0 0.276396 19 
0 0.27662 19 
0 0.383361 19 
0 0.383615 19 
0 0.384747 19 
0 0.394795 19 
0 0.395155 19 
0 0.395155 19 
0 0.395424 19 
0 0.402367 19 
0 0.41072 19 
0 0.410957 19 
0 0.411475 19 
0 0.436573 19 
0 0.437791 19 
0 0.444726 19 
0 0.467327 19 
0 0.46784 19 
0 0.468806 19 
0 0.510898 19 
0 0.622885 19 
0 0.624876 19 
0 0.627044 19 
0 0.697373 19 
0 0.697869 19 
0 0.698644 19 
0 0.699664 19 
0 0.717741 19 
0 0.717741 19 
0 0.792677 19 
0 0.947771 19 
0 0.954069 19 
0 0.95419 19 
0 0.980286 19 
0 1.017 19 
0 1.02041 19 
0 1.08399 19 
0 1.08526 19 
0 1.08552 19 
0 1.08552 19 
0 1.11239 19 
0 1.11247 19 
0 1.11392 19 
0 1.21083 19 
0 1.22649 19 
0 1.22673 19 
0 inf 19 
0 0.0282463 20 
0 0.0317943 20 
0 0.0328917 20 
0 0.147761 20 
0 0.149016 20 
0 0.230534 20 
0 0.23088 20 
0 0.299054 20 
0 0.300475 20 
0 0.320586 20 
0 0.321359 20 
0 0.321994 20 
0 0.323036 20 
0 0.329199 20 
0 0.335605 20 
0 0.35016 20 
0 0.355065 20 
0 0.358868 20 
0 0.404262 20 
0 0.405905 20 
0 0.43479 20 
0 0.435707 20 
0 0.441296 20 
0 0.469032 20 
0 0.471241 20 
0 0.486901 20 
0 0.48712 20 
0 0.488429 20 
0 0.576659 20 
0 0.589355 20 
0 0.595887 20 
0 0.596482 20 
0 0.616571 20 
0 0.616571 20 
0 0.616628 20 
0 0.667211 20 
0 0.719657 20 
0 0.720003 20 
0 0.750448 20 
0 0.757825 20 
0 0.758001 20 
0 0.962413 20 
0 0.966743 20 
0 0.968055 20 
0 0.968385 20 
0 1.12628 20 
0 1.13924 20 
0 1.142 20 
0 1.14249 20 
0 1.14916 20 
0 1.15087 20 
0 1.15571 20 
0 1.25963 20 
0 1.27819 20 
0 1.27836 20 
0 inf 20 
