0 0.0149867 1 
0 0.0217787 1 
0 0.0234342 1 
0 0.0234342 1 
0 0.0249808 1 
0 0.024984 1 
0 0.0254767 1 
0 0.0259607 1 
0 0.0259607 1 
0 0.0259615 1 
0 0.027365 1 
0 0.0278209 1 
0 0.0295567 1 
0 0.029976 1 
0 0.0299765 1 
0 0.029977 1 
0 0.0303908 1 
0 0.0312016 1 
0 0.0315959 1 
0 0.0315984 1 
0 0.0315987 1 
0 0.0319909 1 
0 0.0323728 1 
0 0.0323789 1 
0 0.0327674 1 
0 0.0338853 1 
0 0.0342491 1 
0 0.0342617 1 
0 0.0349721 1 
0 0.0353299 1 
0 0.0356769 1 
0 0.0356807 1 
0 0.0360308 1 
0 0.037054 1 
0 0.0377187 1 
0 0.038046 1 
0 0.0380518 1 
0 0.0383785 1 
0 0.0386954 1 
0 0.0408984 1 
0 0.0409031 1 
0 0.041502 1 
0 0.0423939 1 
0 0.0435558 1 
0 0.043841 1 
0 0.0438417 1 
0 0.0444043 1 
0 0.0452424 1 
0 0.0455195 1 
0 0.0460625 1 
0 0.046063 1 
0 0.0463312 1 
0 0.0463335 1 
0 0.0466013 1 
0 0.0466047 1 
0 0.0481822 1 
0 0.0487042 1 
0 0.04946 1 
0 0.0497119 1 
0 0.0499617 1 
0 0.0499624 1 
0 0.0514395 1 
0 0.0551848 1 
0 0.059328 1 
0 0.0603731 1 
0 0.0607757 1 
0 0.0609905 1 
0 0.0615969 1 
0 0.0619982 1 
0 0.0622027 1 
0 0.0635933 1 
0 0.0653361 1 
0 0.0668468 1 
0 0.0704805 1 
0 0.0718829 1 
0 0.0729171 1 
0 0.0746097 1 
0 0.0749431 1 
0 0.0788361 1 
0 0.0788386 1 
0 0.0808715 1 
0 0.0882473 1 
0 0.088248 1 
0 0.0882496 1 
0 0.090759 1 
0 0.0921234 1 
0 0.104325 1 
0 0.104805 1 
0 0.112831 1 
0 0.11781 1 
0 0.121563 1 
0 0.123498 1 
0 0.124607 1 
0 0.139358 1 
0 0.140159 1 
0 0.170969 1 
0 0.173505 1 
0 0.175797 1 
0 0.184118 1 
0 0.196509 1 
0 0.212381 1 
0 0.298567 1 
0 0.323249 1 
0 0.379289 1 
0 0.401772 1 
0 0.502973 1 
0 0.516559 1 
0 0.519097 1 
0 0.569235 1 
0 0.578372 1 
0 0.592735 1 
0 0.670291 1 
0 0.680485 1 
0 0.682303 1 
0 0.734375 1 
0 0.762244 1 
0 0.897929 1 
0 0.91752 1 
0 0.96683 1 
0 0.992976 1 
0 1.26821 1 
0 1.27105 1 
0 1.55022 1 
0 2.37686 1 
0 2.50955 1 
0 2.62461 1 
0 2.7423 1 
0 3.86327 1 
0 4.14829 1 
0 4.27317 1 
0 4.35525 1 
0 inf 1 
0 0.020599 2 
0 0.0228945 2 
0 0.022895 2 
0 0.0234333 2 
0 0.0244757 2 
0 0.0254792 2 
0 0.0254798 2 
0 0.0264371 2 
0 0.0278178 2 
0 0.029974 2 
0 0.0303901 2 
0 0.0308024 2 
0 0.0323787 2 
0 0.0331391 2 
0 0.033885 2 
0 0.0338858 2 
0 0.0342523 2 
0 0.0356803 2 
0 0.0370544 2 
0 0.0373881 2 
0 0.0373883 2 
0 0.0387003 2 
0 0.039654 2 
0 0.0396585 2 
0 0.0405872 2 
0 0.040904 2 
0 0.0411984 2 
0 0.0415014 2 
0 0.0420982 2 
0 0.0435559 2 
0 0.0441256 2 
0 0.0444069 2 
0 0.0444083 2 
0 0.0449661 2 
0 0.0452432 2 
0 0.045517 2 
0 0.0455177 2 
0 0.0473978 2 
0 0.0473994 2 
0 0.047926 2 
0 0.0484403 2 
0 0.0484415 2 
0 0.0484452 2 
0 0.0502111 2 
0 0.0502155 2 
0 0.0504643 2 
0 0.0511962 2 
0 0.0545007 2 
0 0.0549569 2 
0 0.0551946 2 
0 0.0554106 2 
0 0.0562982 2 
0 0.056746 2 
0 0.0569638 2 
0 0.0632013 2 
0 0.0653401 2 
0 0.0664707 2 
0 0.0664708 2 
0 0.0672139 2 
0 0.0677684 2 
0 0.0701283 2 
0 0.0724047 2 
0 0.0735988 2 
0 0.0761001 2 
0 0.0762614 2 
0 0.0774024 2 
0 0.0777232 2 
0 0.0886734 2 
0 0.0907603 2 
0 0.0933403 2 
0 0.105391 2 
0 0.118125 2 
0 0.121769 2 
0 0.122689 2 
0 0.122786 2 
0 0.127768 2 
0 0.128067 2 
0 0.128455 2 
0 0.128553 2 
0 0.134808 2 
0 0.136189 2 
0 0.152115 2 
0 0.154562 2 
0 0.156489 2 
0 0.159099 2 
0 0.167134 2 
0 0.188273 2 
0 0.208472 2 
0 0.250558 2 
0 0.273385 2 
0 0.288211 2 
0 0.303702 2 
0 0.308157 2 
0 0.431901 2 
0 0.443221 2 
0 0.451013 2 
0 0.483819 2 
0 0.493401 2 
0 0.52806 2 
0 0.569302 2 
0 0.606025 2 
0 0.60847 2 
0 0.62281 2 
0 0.647557 2 
0 0.686477 2 
0 0.703075 2 
0 0.734098 2 
0 0.753042 2 
0 0.762121 2 
0 0.762511 2 
0 0.763568 2 
0 0.791816 2 
0 0.804975 2 
0 0.922325 2 
0 1.25139 2 
0 1.48425 2 
0 2.15164 2 
0 2.17802 2 
0 2.33689 2 
0 2.91103 2 
0 3.01879 2 
0 3.22469 2 
0 3.24161 2 
0 3.25373 2 
0 3.26549 2 
0 3.58368 2 
0 3.79506 2 
0 inf 2 
0 0.0217791 3 
0 0.0254723 3 
0 0.0278144 3 
0 0.0295567 3 
0 0.0295576 3 
0 0.0307985 3 
0 0.0319913 3 
0 0.0327617 3 
0 0.0327622 3 
0 0.0327622 3 
0 0.0335151 3 
0 0.0338823 3 
0 0.0338889 3 
0 0.0342523 3 
0 0.0342562 3 
0 0.03805 3 
0 0.0393401 3 
0 0.039656 3 
0 0.0402808 3 
0 0.0402831 3 
0 0.040897 3 
0 0.043268 3 
0 0.0435534 3 
0 0.0444038 3 
0 0.0444068 3 
0 0.0468679 3 
0 0.0473981 3 
0 0.0473983 3 
0 0.0476612 3 
0 0.0479216 3 
0 0.048696 3 
0 0.0486968 3 
0 0.0499617 3 
0 0.0507016 3 
0 0.0507054 3 
0 0.0514494 3 
0 0.0535787 3 
0 0.0542725 3 
0 0.0560825 3 
0 0.0569755 3 
0 0.0574047 3 
0 0.0589041 3 
0 0.0591151 3 
0 0.0597454 3 
0 0.0613939 3 
0 0.064373 3 
0 0.0647556 3 
0 0.0660932 3 
0 0.067029 3 
0 0.06777 3 
0 0.068687 3 
0 0.0744424 3 
0 0.0757694 3 
0 0.0765913 3 
0 0.0770785 3 
0 0.086248 3 
0 0.0932053 3 
0 0.0946674 3 
0 0.0953248 3 
0 0.0992934 3 
0 0.0998008 3 
0 0.10166 3 
0 0.103238 3 
0 0.103726 3 
0 0.104801 3 
0 0.10935 3 
0 0.111605 3 
0 0.125297 3 
0 0.125604 3 
0 0.132567 3 
0 0.133223 3 
0 0.139355 3 
0 0.139984 3 
0 0.154884 3 
0 0.169061 3 
0 0.183235 3 
0 0.249516 3 
0 0.297 3 
0 0.329567 3 
0 0.349767 3 
0 0.366255 3 
0 0.423682 3 
0 0.434112 3 
0 0.442404 3 
0 0.454836 3 
0 0.458687 3 
0 0.458774 3 
0 0.475041 3 
0 0.519602 3 
0 0.575911 3 
0 0.58083 3 
0 0.58117 3 
0 0.592236 3 
0 0.623665 3 
0 0.640524 3 
0 0.646067 3 
0 0.659651 3 
0 0.669654 3 
0 0.677975 3 
0 0.692142 3 
0 0.715876 3 
0 0.719725 3 
0 0.721475 3 
0 0.725012 3 
0 0.734667 3 
0 0.905087 3 
0 0.993264 3 
0 1.19885 3 
0 1.23854 3 
0 1.49212 3 
0 1.49849 3 
0 1.56856 3 
0 1.58389 3 
0 1.58389 3 
0 1.99881 3 
0 2.83553 3 
0 2.97011 3 
0 2.97163 3 
0 2.97166 3 
0 3.25551 3 
0 3.49111 3 
0 3.80658 3 
0 3.81831 3 
0 inf 3 
0 0.0186938 4 
0 0.0193499 4 
0 0.0254756 4 
0 0.025476 4 
0 0.0278178 4 
0 0.0312011 4 
0 0.0319914 4 
0 0.0327622 4 
0 0.0346148 4 
0 0.0349733 4 
0 0.0356795 4 
0 0.0380497 4 
0 0.0380499 4 
0 0.0383723 4 
0 0.0390216 4 
0 0.0399659 4 
0 0.0408921 4 
0 0.0408926 4 
0 0.0432658 4 
0 0.0432678 4 
0 0.0438406 4 
0 0.0444042 4 
0 0.0463366 4 
0 0.0471344 4 
0 0.0502098 4 
0 0.0502112 4 
0 0.0502114 4 
0 0.0524004 4 
0 0.0545038 4 
0 0.0571919 4 
0 0.0578348 4 
0 0.0578363 4 
0 0.0578376 4 
0 0.0584796 4 
0 0.0593262 4 
0 0.0639877 4 
0 0.0645656 4 
0 0.0655235 4 
0 0.0659061 4 
0 0.0675856 4 
0 0.0681421 4 
0 0.0695883 4 
0 0.0695898 4 
0 0.0699466 4 
0 0.0850832 4 
0 0.0892379 4 
0 0.0896528 4 
0 0.0971387 4 
0 0.100671 4 
0 0.104204 4 
0 0.107506 4 
0 0.107737 4 
0 0.112059 4 
0 0.119178 4 
0 0.119809 4 
0 0.119809 4 
0 0.124004 4 
0 0.124004 4 
0 0.124302 4 
0 0.126001 4 
0 0.126792 4 
0 0.127478 4 
0 0.127478 4 
0 0.134808 4 
0 0.138904 4 
0 0.139092 4 
0 0.145921 4 
0 0.159801 4 
0 0.245126 4 
0 0.342415 4 
0 0.363193 4 
0 0.427862 4 
0 0.435644 4 
0 0.454318 4 
0 0.454418 4 
0 0.464648 4 
0 0.490163 4 
0 0.503386 4 
0 0.527848 4 
0 0.538917 4 
0 0.559665 4 
0 0.570281 4 
0 0.573232 4 
0 0.577254 4 
0 0.577445 4 
0 0.579409 4 
0 0.610882 4 
0 0.618979 4 
0 0.62498 4 
0 0.626118 4 
0 0.65603 4 
0 0.658821 4 
0 0.66463 4 
0 0.671481 4 
0 0.677771 4 
0 0.68628 4 
0 0.860256 4 
0 0.885728 4 
0 0.953717 4 
0 0.96671 4 
0 0.997084 4 
0 0.997272 4 
0 0.998398 4 
0 1.03738 4 
0 1.21945 4 
0 1.24339 4 
0 1.48872 4 
0 1.57752 4 
0 1.57915 4 
0 1.58162 4 
0 1.83239 4 
0 2.00317 4 
0 2.55723 4 
0 2.78185 4 
0 2.85837 4 
0 2.90224 4 
0 2.91958 4 
0 2.92265 4 
0 2.92634 4 
0 inf 4 
0 0.0228945 5 
0 0.0228991 5 
0 0.0254758 5 
0 0.0273681 5 
0 0.0295577 5 
0 0.0323792 5 
0 0.0353284 5 
0 0.0356795 5 
0 0.0356796 5 
0 0.0367149 5 
0 0.0370523 5 
0 0.0370532 5 
0 0.0373879 5 
0 0.0380462 5 
0 0.0380498 5 
0 0.0383771 5 
0 0.0387001 5 
0 0.0390195 5 
0 0.0393394 5 
0 0.0393449 5 
0 0.0405865 5 
0 0.0502124 5 
0 0.0507056 5 
0 0.0540468 5 
0 0.0593291 5 
0 0.0613956 5 
0 0.0618049 5 
0 0.0624044 5 
0 0.0628045 5 
0 0.063596 5 
0 0.0653371 5 
0 0.0672175 5 
0 0.068139 5 
0 0.0747765 5 
0 0.0751112 5 
0 0.0752752 5 
0 0.0764278 5 
0 0.0778839 5 
0 0.078204 5 
0 0.0794669 5 
0 0.0810274 5 
0 0.0869728 5 
0 0.0882557 5 
0 0.0892347 5 
0 0.0896574 5 
0 0.0917221 5 
0 0.0972632 5 
0 0.106105 5 
0 0.107158 5 
0 0.109804 5 
0 0.112386 5 
0 0.114263 5 
0 0.117275 5 
0 0.117282 5 
0 0.118021 5 
0 0.118443 5 
0 0.125903 5 
0 0.129228 5 
0 0.135916 5 
0 0.138189 5 
0 0.258025 5 
0 0.300525 5 
0 0.425697 5 
0 0.426162 5 
0 0.441799 5 
0 0.448106 5 
0 0.455043 5 
0 0.459659 5 
0 0.46088 5 
0 0.469134 5 
0 0.524694 5 
0 0.538802 5 
0 0.544619 5 
0 0.553507 5 
0 0.557282 5 
0 0.562913 5 
0 0.570382 5 
0 0.573873 5 
0 0.58079 5 
0 0.581821 5 
0 0.591616 5 
0 0.601523 5 
0 0.637318 5 
0 0.642118 5 
0 0.644155 5 
0 0.648755 5 
0 0.64987 5 
0 0.651079 5 
0 0.860234 5 
0 0.878057 5 
0 0.886606 5 
0 0.903258 5 
0 0.910588 5 
0 0.910958 5 
0 0.915836 5 
0 0.948739 5 
0 1.26689 5 
0 1.49757 5 
0 1.5028 5 
0 1.62763 5 
0 1.6695 5 
0 1.74591 5 
0 1.7473 5 
0 1.76332 5 
0 1.94118 5 
0 2.00666 5 
0 2.03995 5 
0 2.0403 5 
0 2.04167 5 
0 2.04188 5 
0 2.04251 5 
0 2.04681 5 
0 2.05056 5 
0 2.08285 5 
0 2.14812 5 
0 inf 5 
0 0.0228991 6 
0 0.0244767 6 
0 0.0249776 6 
0 0.0249808 6 
0 0.0282598 6 
0 0.0299758 6 
0 0.0311991 6 
0 0.0367139 6 
0 0.0377203 6 
0 0.0390201 6 
0 0.0390215 6 
0 0.0393398 6 
0 0.0412004 6 
0 0.0412004 6 
0 0.0418007 6 
0 0.0444076 6 
0 0.0463332 6 
0 0.0473982 6 
0 0.0484408 6 
0 0.0556352 6 
0 0.0586981 6 
0 0.0589059 6 
0 0.0624027 6 
0 0.0645637 6 
0 0.0651411 6 
0 0.065904 6 
0 0.0668441 6 
0 0.0668443 6 
0 0.0685045 6 
0 0.0735988 6 
0 0.0741058 6 
0 0.0744424 6 
0 0.0765904 6 
0 0.0797838 6 
0 0.0840522 6 
0 0.0852305 6 
0 0.0861021 6 
0 0.0875413 6 
0 0.0879719 6 
0 0.0879719 6 
0 0.0896559 6 
0 0.0930711 6 
0 0.0951894 6 
0 0.0967506 6 
0 0.101165 6 
0 0.101412 6 
0 0.103485 6 
0 0.10396 6 
0 0.1082 6 
0 0.122989 6 
0 0.126099 6 
0 0.128933 6 
0 0.196698 6 
0 0.237056 6 
0 0.248313 6 
0 0.249558 6 
0 0.266405 6 
0 0.29857 6 
0 0.347861 6 
0 0.351502 6 
0 0.352035 6 
0 0.392252 6 
0 0.394947 6 
0 0.401498 6 
0 0.426839 6 
0 0.456441 6 
0 0.477231 6 
0 0.520922 6 
0 0.52695 6 
0 0.538452 6 
0 0.539841 6 
0 0.560008 6 
0 0.560746 6 
0 0.565413 6 
0 0.568501 6 
0 0.568523 6 
0 0.582112 6 
0 0.599882 6 
0 0.614835 6 
0 0.619042 6 
0 0.621357 6 
0 0.632409 6 
0 0.648314 6 
0 0.651387 6 
0 0.687791 6 
0 0.809747 6 
0 0.81287 6 
0 0.813836 6 
0 0.838247 6 
0 0.84572 6 
0 0.894591 6 
0 1.10165 6 
0 1.25225 6 
0 1.32053 6 
0 1.32098 6 
0 1.32246 6 
0 1.33524 6 
0 1.36176 6 
0 1.36787 6 
0 1.36787 6 
0 1.44506 6 
0 1.47864 6 
0 1.47939 6 
0 1.62486 6 
0 1.69362 6 
0 1.85238 6 
0 2.01065 6 
0 2.51051 6 
0 2.51232 6 
0 2.51319 6 
0 2.53331 6 
0 inf 6 
0 0.0205992 7 
0 0.0269004 7 
0 0.0278168 7 
0 0.0299769 7 
0 0.0331367 7 
0 0.0338826 7 
0 0.0338858 7 
0 0.0426876 7 
0 0.0429787 7 
0 0.043842 7 
0 0.0455149 7 
0 0.0474028 7 
0 0.0533454 7 
0 0.0542779 7 
0 0.0593311 7 
0 0.0597451 7 
0 0.0603686 7 
0 0.061395 7 
0 0.0635953 7 
0 0.0660928 7 
0 0.0668442 7 
0 0.0675911 7 
0 0.0695872 7 
0 0.0717123 7 
0 0.077401 7 
0 0.0782013 7 
0 0.0782024 7 
0 0.0794964 7 
0 0.0802509 7 
0 0.0813338 7 
0 0.0831538 7 
0 0.0872569 7 
0 0.0876862 7 
0 0.0883932 7 
0 0.0897971 7 
0 0.0955815 7 
0 0.095715 7 
0 0.0957191 7 
0 0.097908 7 
0 0.103984 7 
0 0.123499 7 
0 0.125799 7 
0 0.126673 7 
0 0.127379 7 
0 0.12777 7 
0 0.128452 7 
0 0.150882 7 
0 0.182216 7 
0 0.198028 7 
0 0.247759 7 
0 0.277224 7 
0 0.279734 7 
0 0.313915 7 
0 0.31641 7 
0 0.327021 7 
0 0.339124 7 
0 0.344709 7 
0 0.42719 7 
0 0.435613 7 
0 0.44727 7 
0 0.491726 7 
0 0.511556 7 
0 0.512409 7 
0 0.526263 7 
0 0.529005 7 
0 0.561493 7 
0 0.561647 7 
0 0.56413 7 
0 0.601395 7 
0 0.6181 7 
0 0.619492 7 
0 0.619553 7 
0 0.660807 7 
0 0.66815 7 
0 0.672266 7 
0 0.697535 7 
0 0.801567 7 
0 0.804815 7 
0 0.810979 7 
0 0.874881 7 
0 0.881451 7 
0 0.932297 7 
0 0.942978 7 
0 0.952273 7 
0 0.987459 7 
0 0.996539 7 
0 1.03261 7 
0 1.03435 7 
0 1.04407 7 
0 1.0513 7 
0 1.05737 7 
0 1.05858 7 
0 1.05869 7 
0 1.13362 7 
0 1.26193 7 
0 1.48407 7 
0 1.48583 7 
0 1.60156 7 
0 1.6435 7 
0 1.74342 7 
0 1.93258 7 
0 1.93387 7 
0 1.95265 7 
0 1.98279 7 
0 1.99721 7 
0 2.03863 7 
0 2.29707 7 
0 inf 7 
0 0.0254768 8 
0 0.0323755 8 
0 0.0346147 8 
0 0.0353289 8 
0 0.0356793 8 
0 0.0432682 8 
0 0.0494596 8 
0 0.0542755 8 
0 0.0549569 8 
0 0.0703021 8 
0 0.0703056 8 
0 0.0727459 8 
0 0.0747788 8 
0 0.0757746 8 
0 0.076428 8 
0 0.0765905 8 
0 0.0775625 8 
0 0.0789957 8 
0 0.0804056 8 
0 0.0878282 8 
0 0.088253 8 
0 0.0908974 8 
0 0.0941358 8 
0 0.0946625 8 
0 0.0955829 8 
0 0.0970121 8 
0 0.104923 8 
0 0.106929 8 
0 0.107041 8 
0 0.107045 8 
0 0.108085 8 
0 0.112389 8 
0 0.119489 8 
0 0.131431 8 
0 0.140532 8 
0 0.145411 8 
0 0.146348 8 
0 0.148367 8 
0 0.157848 8 
0 0.162817 8 
0 0.167342 8 
0 0.170885 8 
0 0.245428 8 
0 0.245685 8 
0 0.258556 8 
0 0.284304 8 
0 0.293634 8 
0 0.297137 8 
0 0.303783 8 
0 0.34625 8 
0 0.350368 8 
0 0.360379 8 
0 0.360379 8 
0 0.419691 8 
0 0.420328 8 
0 0.426869 8 
0 0.440805 8 
0 0.458355 8 
0 0.503624 8 
0 0.505405 8 
0 0.523789 8 
0 0.526713 8 
0 0.551618 8 
0 0.553786 8 
0 0.561737 8 
0 0.595299 8 
0 0.602991 8 
0 0.605161 8 
0 0.626437 8 
0 0.627691 8 
0 0.648879 8 
0 0.649974 8 
0 0.680902 8 
0 0.715497 8 
0 0.803713 8 
0 0.804257 8 
0 0.805091 8 
0 0.80774 8 
0 0.813727 8 
0 0.881124 8 
0 0.882438 8 
0 0.885614 8 
0 0.911407 8 
0 0.920566 8 
0 0.946109 8 
0 0.981893 8 
0 0.991695 8 
0 1.03658 8 
0 1.08813 8 
0 1.12145 8 
0 1.16328 8 
0 1.20637 8 
0 1.24506 8 
0 1.2737 8 
0 1.3084 8 
0 1.50919 8 
0 1.78774 8 
0 1.89263 8 
0 1.9365 8 
0 1.94127 8 
0 1.98928 8 
0 1.99094 8 
0 1.99672 8 
0 inf 8 
0 0.0402794 9 
0 0.0415015 9 
0 0.0421012 9 
0 0.0435557 9 
0 0.0444079 9 
0 0.0483983 9 
0 0.0540464 9 
0 0.058049 9 
0 0.0605757 9 
0 0.0653335 9 
0 0.0666574 9 
0 0.0674032 9 
0 0.075933 9 
0 0.0774016 9 
0 0.0785224 9 
0 0.0808708 9 
0 0.0836019 9 
0 0.0888172 9 
0 0.0936017 9 
0 0.102267 9 
0 0.107855 9 
0 0.10797 9 
0 0.108893 9 
0 0.120846 9 
0 0.123092 9 
0 0.125404 9 
0 0.137734 9 
0 0.137919 9 
0 0.140692 9 
0 0.141225 9 
0 0.15276 9 
0 0.15276 9 
0 0.177078 9 
0 0.185935 9 
0 0.187152 9 
0 0.189293 9 
0 0.196445 9 
0 0.249466 9 
0 0.266212 9 
0 0.280843 9 
0 0.285077 9 
0 0.334702 9 
0 0.34492 9 
0 0.355716 9 
0 0.413416 9 
0 0.417152 9 
0 0.426459 9 
0 0.4293 9 
0 0.432083 9 
0 0.476168 9 
0 0.4999 9 
0 0.507015 9 
0 0.507605 9 
0 0.516253 9 
0 0.525788 9 
0 0.528668 9 
0 0.535689 9 
0 0.536341 9 
0 0.560358 9 
0 0.561108 9 
0 0.569738 9 
0 0.57981 9 
0 0.583437 9 
0 0.607915 9 
0 0.619447 9 
0 0.655265 9 
0 0.656502 9 
0 0.804986 9 
0 0.807215 9 
0 0.843518 9 
0 0.856487 9 
0 0.897762 9 
0 0.899429 9 
0 0.918736 9 
0 0.964192 9 
0 0.988128 9 
0 0.988558 9 
0 0.989012 9 
0 0.989262 9 
0 0.989351 9 
0 0.994675 9 
0 1.01032 9 
0 1.02702 9 
0 1.05728 9 
0 1.08851 9 
0 1.18323 9 
0 1.25559 9 
0 1.25938 9 
0 1.27674 9 
0 1.32721 9 
0 1.32722 9 
0 1.3334 9 
0 1.85066 9 
0 1.87084 9 
0 1.94479 9 
0 1.94766 9 
0 2.00614 9 
0 2.07983 9 
0 2.07983 9 
0 inf 9 
0 0.0234334 10 
0 0.0264356 10 
0 0.0327008 10 
0 0.0484393 10 
0 0.0521662 10 
0 0.0628015 10 
0 0.080877 10 
0 0.081026 10 
0 0.0822537 10 
0 0.0833029 10 
0 0.0936034 10 
0 0.096885 10 
0 0.100546 10 
0 0.105016 10 
0 0.106104 10 
0 0.108135 10 
0 0.109691 10 
0 0.110274 10 
0 0.112274 10 
0 0.115239 10 
0 0.125505 10 
0 0.130001 10 
0 0.133313 10 
0 0.139627 10 
0 0.14193 10 
0 0.155618 10 
0 0.156088 10 
0 0.216514 10 
0 0.228742 10 
0 0.248552 10 
0 0.256277 10 
0 0.276409 10 
0 0.281111 10 
0 0.307904 10 
0 0.317642 10 
0 0.327054 10 
0 0.337197 10 
0 0.344339 10 
0 0.34637 10 
0 0.36857 10 
0 0.370428 10 
0 0.410295 10 
0 0.412611 10 
0 0.412976 10 
0 0.415417 10 
0 0.416227 10 
0 0.425668 10 
0 0.449302 10 
0 0.450274 10 
0 0.461177 10 
0 0.520275 10 
0 0.520299 10 
0 0.526854 10 
0 0.5446 10 
0 0.548095 10 
0 0.561804 10 
0 0.582115 10 
0 0.586388 10 
0 0.607922 10 
0 0.611843 10 
0 0.612332 10 
0 0.682314 10 
0 0.683149 10 
0 0.685064 10 
0 0.804443 10 
0 0.805698 10 
0 0.868703 10 
0 0.897819 10 
0 0.89805 10 
0 0.898138 10 
0 0.90077 10 
0 0.902245 10 
0 0.91747 10 
0 0.917946 10 
0 0.923166 10 
0 0.951188 10 
0 0.952565 10 
0 0.964255 10 
0 0.975336 10 
0 1.05985 10 
0 1.23529 10 
0 1.23565 10 
0 1.24317 10 
0 1.24558 10 
0 1.2457 10 
0 1.2844 10 
0 1.2861 10 
0 1.57278 10 
0 1.92931 10 
0 1.93188 10 
0 1.9321 10 
0 1.93727 10 
0 2.0061 10 
0 2.00796 10 
0 2.00799 10 
0 inf 10 
0 0.0432677 11 
0 0.052835 11 
0 0.0593277 11 
0 0.0710067 11 
0 0.0720297 11 
0 0.0783619 11 
0 0.0866847 11 
0 0.0950593 11 
0 0.0980543 11 
0 0.0986682 11 
0 0.103776 11 
0 0.112277 11 
0 0.118229 11 
0 0.128176 11 
0 0.137376 11 
0 0.141753 11 
0 0.14625 11 
0 0.164116 11 
0 0.180421 11 
0 0.180836 11 
0 0.187604 11 
0 0.225278 11 
0 0.234672 11 
0 0.248915 11 
0 0.250096 11 
0 0.252826 11 
0 0.28653 11 
0 0.287324 11 
0 0.30704 11 
0 0.307422 11 
0 0.315561 11 
0 0.342391 11 
0 0.347234 11 
0 0.351627 11 
0 0.373616 11 
0 0.384749 11 
0 0.420462 11 
0 0.420779 11 
0 0.420805 11 
0 0.421017 11 
0 0.435036 11 
0 0.495594 11 
0 0.50083 11 
0 0.522214 11 
0 0.525644 11 
0 0.532463 11 
0 0.533776 11 
0 0.551925 11 
0 0.55301 11 
0 0.558847 11 
0 0.562891 11 
0 0.576058 11 
0 0.576766 11 
0 0.587216 11 
0 0.597415 11 
0 0.607421 11 
0 0.613214 11 
0 0.613377 11 
0 0.623543 11 
0 0.624743 11 
0 0.71483 11 
0 0.718087 11 
0 0.80043 11 
0 0.801427 11 
0 0.834502 11 
0 0.837966 11 
0 0.838189 11 
0 0.83819 11 
0 0.866682 11 
0 0.89273 11 
0 0.893331 11 
0 0.89829 11 
0 0.908569 11 
0 0.908665 11 
0 0.911531 11 
0 0.946896 11 
0 0.968169 11 
0 1.10451 11 
0 1.20817 11 
0 1.21598 11 
0 1.21606 11 
0 1.21901 11 
0 1.22128 11 
0 1.2559 11 
0 1.25749 11 
0 1.26992 11 
0 1.92488 11 
0 1.92993 11 
0 1.98593 11 
0 1.98593 11 
0 1.98609 11 
0 inf 11 
0 0.0563052 12 
0 0.0659075 12 
0 0.0725459 12 
0 0.0725474 12 
0 0.0786802 12 
0 0.103001 12 
0 0.127873 12 
0 0.139194 12 
0 0.146346 12 
0 0.164813 12 
0 0.16683 12 
0 0.168542 12 
0 0.169281 12 
0 0.178434 12 
0 0.204261 12 
0 0.214551 12 
0 0.226945 12 
0 0.244086 12 
0 0.247436 12 
0 0.250245 12 
0 0.268163 12 
0 0.269696 12 
0 0.282723 12 
0 0.288868 12 
0 0.315046 12 
0 0.316731 12 
0 0.319581 12 
0 0.32557 12 
0 0.32763 12 
0 0.332559 12 
0 0.341463 12 
0 0.346429 12 
0 0.346717 12 
0 0.348133 12 
0 0.348992 12 
0 0.359659 12 
0 0.360222 12 
0 0.360449 12 
0 0.36499 12 
0 0.368124 12 
0 0.375774 12 
0 0.418461 12 
0 0.419206 12 
0 0.437553 12 
0 0.461582 12 
0 0.462569 12 
0 0.47438 12 
0 0.493835 12 
0 0.519312 12 
0 0.53963 12 
0 0.540184 12 
0 0.544677 12 
0 0.544717 12 
0 0.572499 12 
0 0.60991 12 
0 0.612908 12 
0 0.620598 12 
0 0.624208 12 
0 0.64529 12 
0 0.646218 12 
0 0.647761 12 
0 0.690396 12 
0 0.693427 12 
0 0.771786 12 
0 0.802172 12 
0 0.802299 12 
0 0.802685 12 
0 0.802918 12 
0 0.802921 12 
0 0.889719 12 
0 0.901218 12 
0 0.976233 12 
0 0.994875 12 
0 1.01471 12 
0 1.01476 12 
0 1.04277 12 
0 1.04277 12 
0 1.04287 12 
0 1.04715 12 
0 1.20961 12 
0 1.21255 12 
0 1.25411 12 
0 1.93144 12 
0 1.93222 12 
0 1.93699 12 
0 1.94255 12 
0 1.94389 12 
0 inf 12 
0 0.0553743 13 
0 0.0837738 13 
0 0.0937358 13 
0 0.104204 13 
0 0.13544 13 
0 0.137843 13 
0 0.160425 13 
0 0.163659 13 
0 0.16377 13 
0 0.184058 13 
0 0.184386 13 
0 0.185072 13 
0 0.217325 13 
0 0.223603 13 
0 0.249746 13 
0 0.250716 13 
0 0.25786 13 
0 0.273502 13 
0 0.294137 13 
0 0.304651 13 
0 0.305676 13 
0 0.331549 13 
0 0.33168 13 
0 0.332472 13 
0 0.336353 13 
0 0.343159 13 
0 0.347166 13 
0 0.34878 13 
0 0.349686 13 
0 0.350007 13 
0 0.350092 13 
0 0.351509 13 
0 0.352334 13 
0 0.354878 13 
0 0.355154 13 
0 0.361176 13 
0 0.362005 13 
0 0.367752 13 
0 0.371365 13 
0 0.3922 13 
0 0.435379 13 
0 0.449689 13 
0 0.46188 13 
0 0.462231 13 
0 0.462609 13 
0 0.51206 13 
0 0.575423 13 
0 0.578161 13 
0 0.584014 13 
0 0.584783 13 
0 0.607833 13 
0 0.608141 13 
0 0.609268 13 
0 0.80163 13 
0 0.803449 13 
0 0.83981 13 
0 0.865153 13 
0 0.866882 13 
0 0.866897 13 
0 0.895341 13 
0 0.89979 13 
0 0.909239 13 
0 0.952481 13 
0 0.975079 13 
0 0.982551 13 
0 0.989675 13 
0 0.989877 13 
0 0.994657 13 
0 0.996211 13 
0 1.19539 13 
0 1.21165 13 
0 1.21182 13 
0 1.34472 13 
0 1.34487 13 
0 1.34543 13 
0 1.46547 13 
0 1.46738 13 
0 1.46976 13 
0 1.92788 13 
0 1.9392 13 
0 2.04577 13 
0 2.04583 13 
0 2.04595 13 
0 inf 13 
0 0.0479207 14 
0 0.0668143 14 
0 0.0765907 14 
0 0.108221 14 
0 0.156725 14 
0 0.162586 14 
0 0.168775 14 
0 0.184957 14 
0 0.229822 14 
0 0.239931 14 
0 0.246173 14 
0 0.246908 14 
0 0.259315 14 
0 0.268455 14 
0 0.271626 14 
0 0.272864 14 
0 0.283244 14 
0 0.285733 14 
0 0.287172 14 
0 0.315679 14 
0 0.327364 14 
0 0.327364 14 
0 0.327364 14 
0 0.328278 14 
0 0.342736 14 
0 0.351981 14 
0 0.352162 14 
0 0.35785 14 
0 0.358964 14 
0 0.359242 14 
0 0.35952 14 
0 0.365545 14 
0 0.399381 14 
0 0.405244 14 
0 0.405244 14 
0 0.407147 14 
0 0.407147 14 
0 0.40718 14 
0 0.418962 14 
0 0.421338 14 
0 0.455059 14 
0 0.518733 14 
0 0.524951 14 
0 0.525807 14 
0 0.527145 14 
0 0.569876 14 
0 0.776066 14 
0 0.802361 14 
0 0.807802 14 
0 0.893624 14 
0 0.927669 14 
0 0.931428 14 
0 0.931428 14 
0 0.933568 14 
0 0.934104 14 
0 0.981415 14 
0 0.982495 14 
0 0.982647 14 
0 0.995563 14 
0 1.00002 14 
0 1.0001 14 
0 1.00076 14 
0 1.00538 14 
0 1.0538 14 
0 1.06809 14 
0 1.08018 14 
0 1.08056 14 
0 1.21612 14 
0 1.24212 14 
0 1.24221 14 
0 1.24277 14 
0 1.61241 14 
0 1.65144 14 
0 1.65144 14 
0 1.9251 14 
0 1.94705 14 
0 2.02393 14 
0 2.02415 14 
0 2.02424 14 
0 inf 14 
0 0.0704793 15 
0 0.0711568 15 
0 0.0746081 15 
0 0.108777 15 
0 0.134526 15 
0 0.135159 15 
0 0.135251 15 
0 0.136719 15 
0 0.153216 15 
0 0.178608 15 
0 0.196002 15 
0 0.216462 15 
0 0.217842 15 
0 0.225941 15 
0 0.232738 15 
0 0.259934 15 
0 0.260653 15 
0 0.26813 15 
0 0.276274 15 
0 0.28562 15 
0 0.287439 15 
0 0.289855 15 
0 0.295622 15 
0 0.30584 15 
0 0.312775 15 
0 0.340083 15 
0 0.346675 15 
0 0.350662 15 
0 0.352898 15 
0 0.354063 15 
0 0.393629 15 
0 0.394136 15 
0 0.399296 15 
0 0.420139 15 
0 0.437295 15 
0 0.453364 15 
0 0.453776 15 
0 0.455753 15 
0 0.455753 15 
0 0.522859 15 
0 0.566824 15 
0 0.678805 15 
0 0.682271 15 
0 0.683094 15 
0 0.691248 15 
0 0.700164 15 
0 0.716289 15 
0 0.719784 15 
0 0.721031 15 
0 0.812808 15 
0 0.848643 15 
0 0.848878 15 
0 0.84901 15 
0 0.891037 15 
0 0.922714 15 
0 0.923526 15 
0 0.924079 15 
0 0.924174 15 
0 1.02086 15 
0 1.05169 15 
0 1.12753 15 
0 1.18985 15 
0 1.19632 15 
0 1.19704 15 
0 1.19929 15 
0 1.2455 15 
0 1.24557 15 
0 1.24557 15 
0 1.59139 15 
0 1.59746 15 
0 1.59828 15 
0 1.95332 15 
0 1.97895 15 
0 1.97966 15 
0 1.98005 15 
0 inf 15 
0 0.0513982 16 
0 0.0569668 16 
0 0.0826764 16 
0 0.0868007 16 
0 0.0972449 16 
0 0.118232 16 
0 0.125205 16 
0 0.16442 16 
0 0.168542 16 
0 0.180278 16 
0 0.183195 16 
0 0.195683 16 
0 0.198531 16 
0 0.237994 16 
0 0.240135 16 
0 0.24055 16 
0 0.244851 16 
0 0.246121 16 
0 0.248364 16 
0 0.248946 16 
0 0.249147 16 
0 0.265263 16 
0 0.309068 16 
0 0.337016 16 
0 0.338789 16 
0 0.340003 16 
0 0.345533 16 
0 0.347585 16 
0 0.41369 16 
0 0.414052 16 
0 0.414294 16 
0 0.414775 16 
0 0.44068 16 
0 0.442902 16 
0 0.443352 16 
0 0.444702 16 
0 0.444954 16 
0 0.519394 16 
0 0.526 16 
0 0.527376 16 
0 0.577449 16 
0 0.739765 16 
0 0.762507 16 
0 0.767792 16 
0 0.767938 16 
0 0.809284 16 
0 0.814097 16 
0 0.816883 16 
0 0.817081 16 
0 0.892241 16 
0 0.952507 16 
0 0.952612 16 
0 0.953176 16 
0 0.953437 16 
0 1.01494 16 
0 1.02826 16 
0 1.02846 16 
0 1.04353 16 
0 1.0534 16 
0 1.11294 16 
0 1.2008 16 
0 1.22249 16 
0 1.22771 16 
0 1.22777 16 
0 1.23488 16 
0 1.235 16 
0 1.4575 16 
0 1.98463 16 
0 1.98976 16 
0 1.98976 16 
0 1.98981 16 
0 inf 16 
0 0.0791304 17 
0 0.0797588 17 
0 0.0834297 17 
0 0.0835788 17 
0 0.133261 17 
0 0.139127 17 
0 0.15017 17 
0 0.153343 17 
0 0.158388 17 
0 0.158703 17 
0 0.165177 17 
0 0.18367 17 
0 0.203378 17 
0 0.240028 17 
0 0.331324 17 
0 0.332377 17 
0 0.332977 17 
0 0.336111 17 
0 0.345898 17 
0 0.383771 17 
0 0.39295 17 
0 0.397654 17 
0 0.398983 17 
0 0.39989 17 
0 0.401385 17 
0 0.40413 17 
0 0.419497 17 
0 0.452979 17 
0 0.46085 17 
0 0.460877 17 
0 0.461283 17 
0 0.464304 17 
0 0.525549 17 
0 0.527139 17 
0 0.528086 17 
0 0.52844 17 
0 0.572757 17 
0 0.572757 17 
0 0.573566 17 
0 0.579581 17 
0 0.581326 17 
0 0.809385 17 
0 0.837925 17 
0 0.844735 17 
0 0.845444 17 
0 0.845444 17 
0 0.851673 17 
0 0.907576 17 
0 0.948599 17 
0 0.948718 17 
0 0.949231 17 
0 0.949573 17 
0 1.03673 17 
0 1.08201 17 
0 1.12042 17 
0 1.12442 17 
0 1.13881 17 
0 1.14029 17 
0 1.16865 17 
0 1.20459 17 
0 1.20694 17 
0 1.22098 17 
0 1.22139 17 
0 1.98926 17 
0 1.98987 17 
0 1.99009 17 
0 1.99049 17 
0 inf 17 
0 0.0338294 18 
0 0.0338294 18 
0 0.0553763 18 
0 0.154881 18 
0 0.159252 18 
0 0.162971 18 
0 0.278585 18 
0 0.279033 18 
0 0.281039 18 
0 0.308313 18 
0 0.308313 18 
0 0.308596 18 
0 0.324025 18 
0 0.354382 18 
0 0.392096 18 
0 0.39791 18 
0 0.398255 18 
0 0.400446 18 
0 0.402684 18 
0 0.41366 18 
0 0.414954 18 
0 0.427307 18 
0 0.433224 18 
0 0.433369 18 
0 0.436132 18 
0 0.440635 18 
0 0.440636 18 
0 0.44089 18 
0 0.514477 18 
0 0.526136 18 
0 0.526776 18 
0 0.527344 18 
0 0.529219 18 
0 0.529431 18 
0 0.52962 18 
0 0.538568 18 
0 0.538915 18 
0 0.539124 18 
0 0.563556 18 
0 0.563578 18 
0 0.781346 18 
0 0.8381 18 
0 0.841118 18 
0 0.841489 18 
0 0.842734 18 
0 0.955767 18 
0 0.955871 18 
0 0.95608 18 
0 0.956185 18 
0 1.02362 18 
0 1.07198 18 
0 1.25719 18 
0 1.2591 18 
0 1.25923 18 
0 1.25927 18 
0 1.29928 18 
0 1.31277 18 
0 1.31487 18 
0 1.31496 18 
0 2.00362 18 
0 2.00566 18 
0 2.00566 18 
0 2.00574 18 
0 inf 18 
0 0.128353 19 
0 0.136003 19 
0 0.136645 19 
0 0.157597 19 
0 0.158545 19 
0 0.159722 19 
0 0.176783 19 
0 0.190316 19 
0 0.190381 19 
0 0.228235 19 
0 0.229978 19 
0 0.230791 19 
0 0.249366 19 
0 0.250165 19 
0 0.250564 19 
0 0.270537 19 
0 0.286663 19 
0 0.369593 19 
0 0.370942 19 
0 0.371346 19 
0 0.397315 19 
0 0.427803 19 
0 0.428765 19 
0 0.429201 19 
0 0.446768 19 
0 0.447215 19 
0 0.447438 19 
0 0.525028 19 
0 0.525099 19 
0 0.525408 19 
0 0.529127 19 
0 0.538058 19 
0 0.54401 19 
0 0.544492 19 
0 0.564972 19 
0 0.56656 19 
0 0.602345 19 
0 0.60976 19 
0 0.612211 19 
0 0.872168 19 
0 0.876436 19 
0 0.877258 19 
0 0.877859 19 
0 0.878599 19 
0 0.925119 19 
0 0.925173 19 
0 0.926467 19 
0 1.07208 19 
0 1.26857 19 
0 1.27032 19 
0 1.2704 19 
0 1.50891 19 
0 1.51449 19 
0 1.51452 19 
0 1.64099 19 
0 2.00228 19 
0 2.00276 19 
0 2.00302 19 
0 2.00327 19 
0 inf 19 
0 0.0685057 20 
0 0.072747 20 
0 0.0941361 20 
0 0.129032 20 
0 0.129322 20 
0 0.138817 20 
0 0.140695 20 
0 0.142195 20 
0 0.14972 20 
0 0.152687 20 
0 0.158858 20 
0 0.16081 20 
0 0.214898 20 
0 0.216978 20 
0 0.244508 20 
0 0.244559 20 
0 0.248965 20 
0 0.269885 20 
0 0.270624 20 
0 0.271177 20 
0 0.309525 20 
0 0.310491 20 
0 0.311815 20 
0 0.430334 20 
0 0.430363 20 
0 0.430595 20 
0 0.443431 20 
0 0.444556 20 
0 0.447327 20 
0 0.524336 20 
0 0.525192 20 
0 0.528749 20 
0 0.530374 20 
0 0.530374 20 
0 0.530538 20 
0 0.539541 20 
0 0.56087 20 
0 0.561626 20 
0 0.561871 20 
0 0.675364 20 
0 0.675642 20 
0 0.870354 20 
0 0.870354 20 
0 0.890896 20 
0 0.922124 20 
0 0.92395 20 
0 0.924814 20 
0 1.0703 20 
0 1.242 20 
0 1.24509 20 
0 1.55791 20 
0 1.55839 20 
0 1.68948 20 
0 2.00573 20 
0 2.00597 20 
0 inf 20 
