0 0.0158746 1 
0 0.0166513 1 
0 0.0180999 1 
0 0.0187851 1 
0 0.0187853 1 
0 0.0212981 1 
0 0.0218817 1 
0 0.0218817 1 
0 0.0224519 1 
0 0.0235481 1 
0 0.0245947 1 
0 0.0251018 1 
0 0.0255971 1 
0 0.0270354 1 
0 0.0292714 1 
0 0.0292733 1 
0 0.0297013 1 
0 0.0305377 1 
0 0.0313519 1 
0 0.0317518 1 
0 0.033301 1 
0 0.0333015 1 
0 0.0354968 1 
0 0.0354992 1 
0 0.03585 1 
0 0.0358525 1 
0 0.0358531 1 
0 0.0368893 1 
0 0.0382339 1 
0 0.0385593 1 
0 0.0385594 1 
0 0.0395275 1 
0 0.0401662 1 
0 0.0407856 1 
0 0.0416992 1 
0 0.0420003 1 
0 0.0428909 1 
0 0.0428909 1 
0 0.0431837 1 
0 0.0434745 1 
0 0.0434745 1 
0 0.0434768 1 
0 0.0446212 1 
0 0.0454616 1 
0 0.0470971 1 
0 0.0476278 1 
0 0.0476278 1 
0 0.0502035 1 
0 0.0511991 1 
0 0.0528927 1 
0 0.0536027 1 
0 0.0543043 1 
0 0.0545312 1 
0 0.0545351 1 
0 0.0545355 1 
0 0.0556745 1 
0 0.0556745 1 
0 0.0559004 1 
0 0.055904 1 
0 0.0567987 1 
0 0.0572368 1 
0 0.0581153 1 
0 0.0583311 1 
0 0.0596092 1 
0 0.0600346 1 
0 0.0610709 1 
0 0.0656506 1 
0 0.0679131 1 
0 0.0713507 1 
0 0.0774544 1 
0 0.0826452 1 
0 0.0831029 1 
0 0.0892493 1 
0 0.0896718 1 
0 0.0903669 1 
0 0.0920289 1 
0 0.0920318 1 
0 0.0925729 1 
0 0.0944593 1 
0 0.0969635 1 
0 0.097218 1 
0 0.0972243 1 
0 0.0979959 1 
0 0.103743 1 
0 0.104105 1 
0 0.114702 1 
0 0.117739 1 
0 0.123384 1 
0 0.124299 1 
0 0.128976 1 
0 0.131398 1 
0 0.136201 1 
0 0.136479 1 
0 0.142354 1 
0 0.149521 1 
0 0.172165 1 
0 0.179405 1 
0 0.181847 1 
0 0.195858 1 
0 0.245488 1 
0 0.246975 1 
0 0.304474 1 
0 0.353355 1 
0 0.410032 1 
0 0.436255 1 
0 0.493786 1 
0 0.494848 1 
0 0.548923 1 
0 0.55649 1 
0 0.570032 1 
0 0.591582 1 
0 0.645682 1 
0 0.650043 1 
0 0.674532 1 
0 0.702002 1 
0 0.768894 1 
0 0.854005 1 
0 0.920322 1 
0 0.950552 1 
0 1.04427 1 
0 1.05874 1 
0 1.23601 1 
0 1.61312 1 
0 2.17007 1 
0 2.56857 1 
0 2.6487 1 
0 2.9128 1 
0 3.8927 1 
0 4.17103 1 
0 4.20696 1 
0 4.3615 1 
0 inf 1 
0 0.0187848 2 
0 0.0218837 2 
0 0.0224517 2 
0 0.0235476 2 
0 0.0235482 2 
0 0.0245949 2 
0 0.0255971 2 
0 0.0255987 2 
0 0.0260862 2 
0 0.0292733 2 
0 0.0296987 2 
0 0.0296987 2 
0 0.0297011 2 
0 0.0309454 2 
0 0.0313525 2 
0 0.0313526 2 
0 0.0321437 2 
0 0.0329212 2 
0 0.0336752 2 
0 0.0340497 2 
0 0.0351426 2 
0 0.0379039 2 
0 0.0392075 2 
0 0.0392075 2 
0 0.0401633 2 
0 0.0407827 2 
0 0.041396 2 
0 0.0420003 2 
0 0.0422993 2 
0 0.0423024 2 
0 0.0434781 2 
0 0.0443354 2 
0 0.045458 2 
0 0.0465536 2 
0 0.0478878 2 
0 0.0478906 2 
0 0.0481501 2 
0 0.048932 2 
0 0.0499515 2 
0 0.0504554 2 
0 0.0516885 2 
0 0.0521731 2 
0 0.0531314 2 
0 0.0533633 2 
0 0.0545355 2 
0 0.0547649 2 
0 0.05522 2 
0 0.0556789 2 
0 0.0561298 2 
0 0.0618949 2 
0 0.0622966 2 
0 0.0625033 2 
0 0.0625038 2 
0 0.0635013 2 
0 0.0635025 2 
0 0.0679152 2 
0 0.0807948 2 
0 0.0831062 2 
0 0.0840114 2 
0 0.0857945 2 
0 0.0860809 2 
0 0.0866667 2 
0 0.089669 2 
0 0.0913368 2 
0 0.0961753 2 
0 0.102026 2 
0 0.102026 2 
0 0.104949 2 
0 0.10779 2 
0 0.116562 2 
0 0.117523 2 
0 0.118172 2 
0 0.120383 2 
0 0.122871 2 
0 0.125912 2 
0 0.132825 2 
0 0.135177 2 
0 0.139581 2 
0 0.139581 2 
0 0.149686 2 
0 0.152445 2 
0 0.154336 2 
0 0.158277 2 
0 0.16307 2 
0 0.169359 2 
0 0.170028 2 
0 0.173261 2 
0 0.181566 2 
0 0.23777 2 
0 0.238154 2 
0 0.296592 2 
0 0.305477 2 
0 0.313119 2 
0 0.41126 2 
0 0.418081 2 
0 0.465616 2 
0 0.467729 2 
0 0.510266 2 
0 0.528557 2 
0 0.536029 2 
0 0.538924 2 
0 0.550777 2 
0 0.616882 2 
0 0.662457 2 
0 0.69208 2 
0 0.704363 2 
0 0.713409 2 
0 0.729576 2 
0 0.735614 2 
0 0.736803 2 
0 0.779219 2 
0 0.781402 2 
0 0.911619 2 
0 0.962011 2 
0 1.29902 2 
0 1.45603 2 
0 1.71017 2 
0 2.22086 2 
0 2.56022 2 
0 2.76137 2 
0 2.83851 2 
0 3.09335 2 
0 3.1127 2 
0 3.11852 2 
0 3.37716 2 
0 3.81718 2 
0 3.92653 2 
0 inf 2 
0 0.0112251 3 
0 0.0122964 3 
0 0.0235459 3 
0 0.0235459 3 
0 0.0235482 3 
0 0.0240772 3 
0 0.0255971 3 
0 0.0274957 3 
0 0.027498 3 
0 0.0279524 3 
0 0.0283996 3 
0 0.0297015 3 
0 0.0301223 3 
0 0.0305355 3 
0 0.0305382 3 
0 0.0313523 3 
0 0.0313526 3 
0 0.0317493 3 
0 0.0325361 3 
0 0.0336752 3 
0 0.0340473 3 
0 0.0340498 3 
0 0.0368893 3 
0 0.037232 3 
0 0.0375688 3 
0 0.0423023 3 
0 0.0434781 3 
0 0.0446217 3 
0 0.0446225 3 
0 0.0465564 3 
0 0.0468263 3 
0 0.0489289 3 
0 0.0514397 3 
0 0.0519307 3 
0 0.0535989 3 
0 0.0570162 3 
0 0.057679 3 
0 0.0581107 3 
0 0.0583308 3 
0 0.0604534 3 
0 0.0618961 3 
0 0.062503 3 
0 0.0625032 3 
0 0.0686524 3 
0 0.069563 3 
0 0.0724043 3 
0 0.076961 3 
0 0.0826499 3 
0 0.0872435 3 
0 0.0896667 3 
0 0.090371 3 
0 0.0918864 3 
0 0.0929831 3 
0 0.0929834 3 
0 0.0940563 3 
0 0.095253 3 
0 0.0961759 3 
0 0.0968293 3 
0 0.0997802 3 
0 0.110901 3 
0 0.111355 3 
0 0.113493 3 
0 0.11448 3 
0 0.11763 3 
0 0.11763 3 
0 0.119331 3 
0 0.12521 3 
0 0.126114 3 
0 0.150781 3 
0 0.15269 3 
0 0.162526 3 
0 0.16839 3 
0 0.169509 3 
0 0.182262 3 
0 0.18343 3 
0 0.183572 3 
0 0.243179 3 
0 0.249364 3 
0 0.302681 3 
0 0.307572 3 
0 0.377248 3 
0 0.405119 3 
0 0.408782 3 
0 0.413699 3 
0 0.427211 3 
0 0.441336 3 
0 0.466404 3 
0 0.471365 3 
0 0.480381 3 
0 0.562807 3 
0 0.567788 3 
0 0.576731 3 
0 0.590002 3 
0 0.594842 3 
0 0.604327 3 
0 0.604498 3 
0 0.627762 3 
0 0.633509 3 
0 0.678758 3 
0 0.679713 3 
0 0.696073 3 
0 0.701987 3 
0 0.718562 3 
0 0.733587 3 
0 0.829327 3 
0 0.98167 3 
0 1.16356 3 
0 1.24194 3 
0 1.2518 3 
0 1.29817 3 
0 1.77748 3 
0 1.78827 3 
0 1.79084 3 
0 1.79215 3 
0 2.04318 3 
0 2.67358 3 
0 3.05415 3 
0 3.05799 3 
0 3.06077 3 
0 3.06122 3 
0 3.42638 3 
0 3.65234 3 
0 3.6738 3 
0 inf 3 
0 0.020698 4 
0 0.0212998 4 
0 0.0255994 4 
0 0.0292714 4 
0 0.0292737 4 
0 0.0292738 4 
0 0.0297011 4 
0 0.0305355 4 
0 0.033678 4 
0 0.033678 4 
0 0.0340496 4 
0 0.0344183 4 
0 0.035499 4 
0 0.0354999 4 
0 0.0365462 4 
0 0.0372316 4 
0 0.0379002 4 
0 0.0392075 4 
0 0.0392075 4 
0 0.0395303 4 
0 0.040475 4 
0 0.0417022 4 
0 0.0423024 4 
0 0.046286 4 
0 0.0465578 4 
0 0.0473586 4 
0 0.0478902 4 
0 0.0478911 4 
0 0.0502075 4 
0 0.0507033 4 
0 0.0514397 4 
0 0.0519312 4 
0 0.0519313 4 
0 0.0538335 4 
0 0.0543013 4 
0 0.0545345 4 
0 0.0554509 4 
0 0.0591904 4 
0 0.0606569 4 
0 0.0612804 4 
0 0.0634991 4 
0 0.0635018 4 
0 0.0644831 4 
0 0.0656482 4 
0 0.066031 4 
0 0.0709989 4 
0 0.0795423 4 
0 0.0832527 4 
0 0.0862269 4 
0 0.0898059 4 
0 0.0909214 4 
0 0.0909214 4 
0 0.0940548 4 
0 0.0982494 4 
0 0.102888 4 
0 0.111472 4 
0 0.112601 4 
0 0.132923 4 
0 0.135177 4 
0 0.135178 4 
0 0.135456 4 
0 0.141997 4 
0 0.154087 4 
0 0.172453 4 
0 0.173479 4 
0 0.173769 4 
0 0.186365 4 
0 0.203183 4 
0 0.253582 4 
0 0.300676 4 
0 0.375613 4 
0 0.389038 4 
0 0.39398 4 
0 0.419458 4 
0 0.425073 4 
0 0.438355 4 
0 0.456619 4 
0 0.493309 4 
0 0.534953 4 
0 0.539985 4 
0 0.543442 4 
0 0.552615 4 
0 0.553107 4 
0 0.558799 4 
0 0.560432 4 
0 0.579663 4 
0 0.581399 4 
0 0.581525 4 
0 0.626502 4 
0 0.632449 4 
0 0.649876 4 
0 0.651144 4 
0 0.653367 4 
0 0.655908 4 
0 0.664604 4 
0 0.680789 4 
0 0.698409 4 
0 0.771532 4 
0 0.80227 4 
0 0.802898 4 
0 0.803149 4 
0 1.00554 4 
0 1.0171 4 
0 1.22635 4 
0 1.27204 4 
0 1.50951 4 
0 1.67579 4 
0 1.88783 4 
0 1.89699 4 
0 2.01664 4 
0 2.06967 4 
0 2.06991 4 
0 2.07128 4 
0 2.38716 4 
0 2.38919 4 
0 2.39374 4 
0 2.877 4 
0 2.88829 4 
0 2.93351 4 
0 inf 4 
0 0.0292738 5 
0 0.030948 5 
0 0.0309486 5 
0 0.0313523 5 
0 0.0321463 5 
0 0.032536 5 
0 0.0329208 5 
0 0.0344184 5 
0 0.0347815 5 
0 0.0362029 5 
0 0.0365493 5 
0 0.0368918 5 
0 0.0372293 5 
0 0.0372309 5 
0 0.0395312 5 
0 0.0404751 5 
0 0.0431837 5 
0 0.0446227 5 
0 0.0462859 5 
0 0.0476282 5 
0 0.0476282 5 
0 0.0478914 5 
0 0.0484111 5 
0 0.0489289 5 
0 0.0489289 5 
0 0.0502 5 
0 0.0509502 5 
0 0.050952 5 
0 0.0514437 5 
0 0.0516841 5 
0 0.0519305 5 
0 0.056353 5 
0 0.0572374 5 
0 0.0598202 5 
0 0.0606652 5 
0 0.0612784 5 
0 0.062905 5 
0 0.064488 5 
0 0.0665992 5 
0 0.0665992 5 
0 0.0671635 5 
0 0.0688349 5 
0 0.0690149 5 
0 0.0742975 5 
0 0.0806368 5 
0 0.0826451 5 
0 0.0868111 5 
0 0.0956535 5 
0 0.0986334 5 
0 0.101648 5 
0 0.113377 5 
0 0.116123 5 
0 0.123688 5 
0 0.146111 5 
0 0.147911 5 
0 0.171358 5 
0 0.172891 5 
0 0.173259 5 
0 0.173913 5 
0 0.177639 5 
0 0.287144 5 
0 0.30587 5 
0 0.334543 5 
0 0.427596 5 
0 0.436483 5 
0 0.445822 5 
0 0.45 5 
0 0.483073 5 
0 0.516755 5 
0 0.520739 5 
0 0.521511 5 
0 0.522694 5 
0 0.52717 5 
0 0.528529 5 
0 0.533158 5 
0 0.53444 5 
0 0.534495 5 
0 0.53695 5 
0 0.54236 5 
0 0.544215 5 
0 0.576204 5 
0 0.584399 5 
0 0.605914 5 
0 0.610204 5 
0 0.611689 5 
0 0.641122 5 
0 0.642378 5 
0 0.643456 5 
0 0.782904 5 
0 0.99976 5 
0 1.01485 5 
0 1.07518 5 
0 1.2462 5 
0 1.27192 5 
0 1.27437 5 
0 1.27596 5 
0 1.33584 5 
0 1.33719 5 
0 1.34055 5 
0 1.43941 5 
0 1.48474 5 
0 1.48691 5 
0 1.49873 5 
0 1.84544 5 
0 1.89864 5 
0 1.8997 5 
0 2.02075 5 
0 2.02178 5 
0 2.02199 5 
0 2.02321 5 
0 2.07461 5 
0 2.11808 5 
0 2.64096 5 
0 2.64353 5 
0 2.67799 5 
0 inf 5 
0 0.0235481 6 
0 0.0274957 6 
0 0.0329209 6 
0 0.0340499 6 
0 0.0358529 6 
0 0.036549 6 
0 0.0395304 6 
0 0.0420037 6 
0 0.042303 6 
0 0.0446213 6 
0 0.044623 6 
0 0.0446266 6 
0 0.0465576 6 
0 0.0478917 6 
0 0.0499515 6 
0 0.0499518 6 
0 0.0502023 6 
0 0.0507001 6 
0 0.0565732 6 
0 0.0572368 6 
0 0.0585429 6 
0 0.0585429 6 
0 0.0585434 6 
0 0.0598208 6 
0 0.0608658 6 
0 0.0627048 6 
0 0.0629093 6 
0 0.0642874 6 
0 0.0671656 6 
0 0.0673504 6 
0 0.0686527 6 
0 0.0821897 6 
0 0.086082 6 
0 0.0885358 6 
0 0.0895287 6 
0 0.0896667 6 
0 0.0902248 6 
0 0.0911978 6 
0 0.0916155 6 
0 0.0923022 6 
0 0.0931162 6 
0 0.0935214 6 
0 0.0953874 6 
0 0.0973501 6 
0 0.104229 6 
0 0.104704 6 
0 0.111246 6 
0 0.138315 6 
0 0.14297 6 
0 0.161436 6 
0 0.172745 6 
0 0.212937 6 
0 0.21938 6 
0 0.236294 6 
0 0.2995 6 
0 0.319077 6 
0 0.364277 6 
0 0.368097 6 
0 0.369191 6 
0 0.402581 6 
0 0.425011 6 
0 0.425248 6 
0 0.433818 6 
0 0.443014 6 
0 0.484469 6 
0 0.516657 6 
0 0.516695 6 
0 0.522131 6 
0 0.534348 6 
0 0.534699 6 
0 0.536558 6 
0 0.540936 6 
0 0.541308 6 
0 0.598684 6 
0 0.600366 6 
0 0.602461 6 
0 0.602859 6 
0 0.635427 6 
0 0.637783 6 
0 0.662932 6 
0 0.664847 6 
0 0.671843 6 
0 0.672143 6 
0 0.675064 6 
0 0.690421 6 
0 0.718419 6 
0 0.727869 6 
0 0.735592 6 
0 0.816976 6 
0 0.878848 6 
0 1.00684 6 
0 1.14261 6 
0 1.25184 6 
0 1.25224 6 
0 1.25546 6 
0 1.25976 6 
0 1.30347 6 
0 1.32811 6 
0 1.34129 6 
0 1.35691 6 
0 1.39651 6 
0 1.42646 6 
0 1.6132 6 
0 1.62112 6 
0 1.73601 6 
0 1.74557 6 
0 1.96773 6 
0 1.97276 6 
0 1.97775 6 
0 2.09375 6 
0 2.11103 6 
0 inf 6 
0 0.0187845 7 
0 0.0270357 7 
0 0.0329205 7 
0 0.0372293 7 
0 0.0382335 7 
0 0.0392098 7 
0 0.0392105 7 
0 0.0413991 7 
0 0.0437674 7 
0 0.0440528 7 
0 0.046557 7 
0 0.0476245 7 
0 0.0491865 7 
0 0.0502018 7 
0 0.0536088 7 
0 0.0578972 7 
0 0.0578978 7 
0 0.0583287 7 
0 0.0616957 7 
0 0.0664161 7 
0 0.0664167 7 
0 0.0688365 7 
0 0.0691979 7 
0 0.0699257 7 
0 0.0706389 7 
0 0.0718765 7 
0 0.0764656 7 
0 0.0782563 7 
0 0.0801717 7 
0 0.0848963 7 
0 0.0873855 7 
0 0.0875347 7 
0 0.0896651 7 
0 0.0898049 7 
0 0.0906479 7 
0 0.0913358 7 
0 0.0913358 7 
0 0.0953892 7 
0 0.0978689 7 
0 0.098124 7 
0 0.119541 7 
0 0.139666 7 
0 0.161166 7 
0 0.17427 7 
0 0.206289 7 
0 0.246883 7 
0 0.24961 7 
0 0.2701 7 
0 0.273853 7 
0 0.303139 7 
0 0.32392 7 
0 0.331953 7 
0 0.372028 7 
0 0.378075 7 
0 0.380732 7 
0 0.397477 7 
0 0.433731 7 
0 0.492451 7 
0 0.49263 7 
0 0.504485 7 
0 0.508776 7 
0 0.514016 7 
0 0.516587 7 
0 0.533519 7 
0 0.548815 7 
0 0.548999 7 
0 0.617677 7 
0 0.621061 7 
0 0.62257 7 
0 0.624818 7 
0 0.625296 7 
0 0.625785 7 
0 0.638756 7 
0 0.642701 7 
0 0.661257 7 
0 0.663081 7 
0 0.663537 7 
0 0.669681 7 
0 0.738072 7 
0 0.907161 7 
0 0.934549 7 
0 0.976963 7 
0 0.979861 7 
0 0.986273 7 
0 0.993224 7 
0 0.999301 7 
0 1.01248 7 
0 1.22103 7 
0 1.22112 7 
0 1.27089 7 
0 1.28679 7 
0 1.33913 7 
0 1.35522 7 
0 1.36791 7 
0 1.39015 7 
0 1.40025 7 
0 1.40089 7 
0 1.40153 7 
0 1.42514 7 
0 1.4439 7 
0 1.44894 7 
0 1.45115 7 
0 1.71631 7 
0 1.82341 7 
0 1.89355 7 
0 2.07658 7 
0 2.19783 7 
0 inf 7 
0 0.0413984 8 
0 0.0431869 8 
0 0.0434787 8 
0 0.0454605 8 
0 0.0457366 8 
0 0.0489295 8 
0 0.0528896 8 
0 0.0536034 8 
0 0.0547649 8 
0 0.0547666 8 
0 0.0556811 8 
0 0.0559027 8 
0 0.0565732 8 
0 0.0565732 8 
0 0.0578978 8 
0 0.0583301 8 
0 0.0600355 8 
0 0.0608649 8 
0 0.0664122 8 
0 0.066794 8 
0 0.0699285 8 
0 0.077122 8 
0 0.0792152 8 
0 0.081262 8 
0 0.0831001 8 
0 0.0831049 8 
0 0.0837045 8 
0 0.0869542 8 
0 0.0922938 8 
0 0.0939265 8 
0 0.0956486 8 
0 0.096179 8 
0 0.100907 8 
0 0.138223 8 
0 0.1424 8 
0 0.154739 8 
0 0.162325 8 
0 0.162325 8 
0 0.170247 8 
0 0.230042 8 
0 0.237322 8 
0 0.252537 8 
0 0.260045 8 
0 0.274214 8 
0 0.275554 8 
0 0.299163 8 
0 0.342728 8 
0 0.34394 8 
0 0.366028 8 
0 0.387409 8 
0 0.399531 8 
0 0.410637 8 
0 0.430417 8 
0 0.436713 8 
0 0.469649 8 
0 0.470078 8 
0 0.483777 8 
0 0.483803 8 
0 0.513746 8 
0 0.535923 8 
0 0.536214 8 
0 0.539494 8 
0 0.550936 8 
0 0.578752 8 
0 0.590515 8 
0 0.594959 8 
0 0.640363 8 
0 0.640363 8 
0 0.640893 8 
0 0.642543 8 
0 0.662567 8 
0 0.664334 8 
0 0.665093 8 
0 0.6717 8 
0 0.675573 8 
0 0.680657 8 
0 0.752165 8 
0 0.753803 8 
0 0.785782 8 
0 0.79191 8 
0 0.880859 8 
0 0.886667 8 
0 1.03231 8 
0 1.07834 8 
0 1.11998 8 
0 1.14143 8 
0 1.19139 8 
0 1.21947 8 
0 1.21956 8 
0 1.23113 8 
0 1.23114 8 
0 1.26109 8 
0 1.26233 8 
0 1.32144 8 
0 1.32171 8 
0 1.40644 8 
0 1.41063 8 
0 1.46841 8 
0 1.47585 8 
0 1.50303 8 
0 1.50945 8 
0 1.55483 8 
0 1.7349 8 
0 inf 8 
0 0.0361997 9 
0 0.0422993 9 
0 0.0443418 9 
0 0.0446232 9 
0 0.0489289 9 
0 0.0502034 9 
0 0.0550008 9 
0 0.0565772 9 
0 0.0565774 9 
0 0.0585458 9 
0 0.0589722 9 
0 0.0598204 9 
0 0.0652645 9 
0 0.0680967 9 
0 0.06865 9 
0 0.0734419 9 
0 0.0756401 9 
0 0.08219 9 
0 0.0824879 9 
0 0.0837051 9 
0 0.090782 9 
0 0.0924351 9 
0 0.096569 9 
0 0.102768 9 
0 0.107202 9 
0 0.11033 9 
0 0.121947 9 
0 0.121992 9 
0 0.158719 9 
0 0.161864 9 
0 0.179822 9 
0 0.230524 9 
0 0.234904 9 
0 0.237954 9 
0 0.246908 9 
0 0.24943 9 
0 0.263238 9 
0 0.270661 9 
0 0.276962 9 
0 0.279988 9 
0 0.284488 9 
0 0.297855 9 
0 0.317885 9 
0 0.323386 9 
0 0.351812 9 
0 0.360552 9 
0 0.369584 9 
0 0.413152 9 
0 0.430725 9 
0 0.430959 9 
0 0.433004 9 
0 0.434703 9 
0 0.434847 9 
0 0.511519 9 
0 0.512824 9 
0 0.516145 9 
0 0.53451 9 
0 0.557651 9 
0 0.562691 9 
0 0.587412 9 
0 0.590408 9 
0 0.608582 9 
0 0.608665 9 
0 0.640371 9 
0 0.643268 9 
0 0.64696 9 
0 0.658581 9 
0 0.661254 9 
0 0.718265 9 
0 0.793642 9 
0 0.881772 9 
0 0.882672 9 
0 0.929081 9 
0 0.950523 9 
0 1.00245 9 
0 1.03261 9 
0 1.04207 9 
0 1.0422 9 
0 1.07437 9 
0 1.08802 9 
0 1.18212 9 
0 1.19039 9 
0 1.19055 9 
0 1.19818 9 
0 1.23468 9 
0 1.23661 9 
0 1.23735 9 
0 1.28336 9 
0 1.35245 9 
0 1.35404 9 
0 1.40333 9 
0 1.40521 9 
0 1.41034 9 
0 1.41981 9 
0 1.59103 9 
0 1.59227 9 
0 1.61524 9 
0 2.09322 9 
0 2.09341 9 
0 inf 9 
0 0.0297004 10 
0 0.0333004 10 
0 0.0375672 10 
0 0.0504578 10 
0 0.0516875 10 
0 0.0549919 10 
0 0.0583271 10 
0 0.0594034 10 
0 0.0612784 10 
0 0.0776117 10 
0 0.0835529 10 
0 0.0873928 10 
0 0.0883911 10 
0 0.0925681 10 
0 0.0925739 10 
0 0.0937843 10 
0 0.09735 10 
0 0.101777 10 
0 0.104466 10 
0 0.124749 10 
0 0.153185 10 
0 0.15696 10 
0 0.176141 10 
0 0.183138 10 
0 0.199202 10 
0 0.221282 10 
0 0.227993 10 
0 0.251084 10 
0 0.253249 10 
0 0.278725 10 
0 0.280271 10 
0 0.281381 10 
0 0.288456 10 
0 0.300009 10 
0 0.303554 10 
0 0.30807 10 
0 0.325225 10 
0 0.349648 10 
0 0.353389 10 
0 0.361185 10 
0 0.386539 10 
0 0.400414 10 
0 0.410568 10 
0 0.421123 10 
0 0.423723 10 
0 0.425593 10 
0 0.426421 10 
0 0.436309 10 
0 0.447657 10 
0 0.462344 10 
0 0.463025 10 
0 0.478825 10 
0 0.47985 10 
0 0.521645 10 
0 0.525088 10 
0 0.533212 10 
0 0.545329 10 
0 0.546437 10 
0 0.60261 10 
0 0.602715 10 
0 0.621953 10 
0 0.624864 10 
0 0.665074 10 
0 0.665377 10 
0 0.752183 10 
0 0.802343 10 
0 0.802755 10 
0 0.803932 10 
0 0.877071 10 
0 0.896306 10 
0 0.905198 10 
0 0.975854 10 
0 0.978175 10 
0 0.978369 10 
0 1.05688 10 
0 1.15259 10 
0 1.15285 10 
0 1.23111 10 
0 1.23138 10 
0 1.24282 10 
0 1.25926 10 
0 1.2611 10 
0 1.26157 10 
0 1.35398 10 
0 1.3559 10 
0 1.40024 10 
0 1.40206 10 
0 1.40845 10 
0 1.44633 10 
0 1.44681 10 
0 1.68065 10 
0 1.68166 10 
0 1.70105 10 
0 1.9099 10 
0 1.9099 10 
0 inf 10 
0 0.0583271 11 
0 0.063499 11 
0 0.0702824 11 
0 0.0749696 11 
0 0.0793264 11 
0 0.0807937 11 
0 0.0823391 11 
0 0.0832473 11 
0 0.0835606 11 
0 0.0883862 11 
0 0.0906457 11 
0 0.110337 11 
0 0.118746 11 
0 0.132298 11 
0 0.149094 11 
0 0.157288 11 
0 0.157801 11 
0 0.16468 11 
0 0.172162 11 
0 0.203024 11 
0 0.204366 11 
0 0.210422 11 
0 0.212498 11 
0 0.224765 11 
0 0.247802 11 
0 0.250282 11 
0 0.262864 11 
0 0.282409 11 
0 0.304385 11 
0 0.315845 11 
0 0.321693 11 
0 0.321693 11 
0 0.375884 11 
0 0.385777 11 
0 0.393299 11 
0 0.40435 11 
0 0.415946 11 
0 0.416158 11 
0 0.431221 11 
0 0.442333 11 
0 0.453283 11 
0 0.471473 11 
0 0.5167 11 
0 0.518337 11 
0 0.518689 11 
0 0.519272 11 
0 0.531564 11 
0 0.532204 11 
0 0.532772 11 
0 0.562631 11 
0 0.567939 11 
0 0.571391 11 
0 0.577487 11 
0 0.589912 11 
0 0.596061 11 
0 0.598823 11 
0 0.600001 11 
0 0.620249 11 
0 0.624784 11 
0 0.659575 11 
0 0.663177 11 
0 0.714376 11 
0 0.71464 11 
0 0.715698 11 
0 0.822407 11 
0 0.849464 11 
0 0.857908 11 
0 0.857909 11 
0 0.877518 11 
0 0.948126 11 
0 0.951509 11 
0 0.964321 11 
0 0.964752 11 
0 0.974849 11 
0 1.05834 11 
0 1.2337 11 
0 1.23517 11 
0 1.23693 11 
0 1.23708 11 
0 1.24011 11 
0 1.24031 11 
0 1.25923 11 
0 1.28217 11 
0 1.29989 11 
0 1.31268 11 
0 1.31448 11 
0 1.38785 11 
0 1.39047 11 
0 1.60077 11 
0 1.60721 11 
0 1.60831 11 
0 inf 11 
0 0.0468234 12 
0 0.0506995 12 
0 0.0863682 12 
0 0.0996524 12 
0 0.11827 12 
0 0.122095 12 
0 0.126156 12 
0 0.136387 12 
0 0.18073 12 
0 0.194504 12 
0 0.206021 12 
0 0.210898 12 
0 0.226553 12 
0 0.232267 12 
0 0.233666 12 
0 0.242141 12 
0 0.258181 12 
0 0.267337 12 
0 0.26995 12 
0 0.270779 12 
0 0.272228 12 
0 0.277826 12 
0 0.290542 12 
0 0.306377 12 
0 0.307269 12 
0 0.312494 12 
0 0.321927 12 
0 0.322826 12 
0 0.337053 12 
0 0.338248 12 
0 0.355247 12 
0 0.356436 12 
0 0.362985 12 
0 0.363042 12 
0 0.368248 12 
0 0.369059 12 
0 0.408671 12 
0 0.412038 12 
0 0.41268 12 
0 0.416902 12 
0 0.42152 12 
0 0.428371 12 
0 0.428894 12 
0 0.429833 12 
0 0.43022 12 
0 0.430536 12 
0 0.468217 12 
0 0.474234 12 
0 0.483472 12 
0 0.48845 12 
0 0.509662 12 
0 0.539298 12 
0 0.545022 12 
0 0.641287 12 
0 0.646377 12 
0 0.66149 12 
0 0.661662 12 
0 0.663766 12 
0 0.663936 12 
0 0.668466 12 
0 0.668768 12 
0 0.669415 12 
0 0.670167 12 
0 0.672994 12 
0 0.675057 12 
0 0.700392 12 
0 0.705174 12 
0 0.705442 12 
0 0.723487 12 
0 0.852267 12 
0 0.964582 12 
0 1.03436 12 
0 1.03776 12 
0 1.06307 12 
0 1.23129 12 
0 1.23482 12 
0 1.29461 12 
0 1.29484 12 
0 1.29507 12 
0 1.3198 12 
0 1.32361 12 
0 1.36757 12 
0 1.40199 12 
0 1.40823 12 
0 1.40823 12 
0 1.40992 12 
0 1.42263 12 
0 inf 12 
0 0.098253 13 
0 0.122816 13 
0 0.14026 13 
0 0.145588 13 
0 0.158759 13 
0 0.178064 13 
0 0.179891 13 
0 0.214436 13 
0 0.226108 13 
0 0.228998 13 
0 0.242557 13 
0 0.243319 13 
0 0.252306 13 
0 0.259206 13 
0 0.270893 13 
0 0.276729 13 
0 0.278372 13 
0 0.281454 13 
0 0.293067 13 
0 0.304761 13 
0 0.310552 13 
0 0.310835 13 
0 0.315881 13 
0 0.324384 13 
0 0.330713 13 
0 0.332312 13 
0 0.339514 13 
0 0.340736 13 
0 0.350219 13 
0 0.350938 13 
0 0.351428 13 
0 0.351942 13 
0 0.356032 13 
0 0.357268 13 
0 0.35911 13 
0 0.359391 13 
0 0.360578 13 
0 0.360791 13 
0 0.384781 13 
0 0.385272 13 
0 0.398322 13 
0 0.43741 13 
0 0.437865 13 
0 0.527021 13 
0 0.527021 13 
0 0.528168 13 
0 0.530612 13 
0 0.572423 13 
0 0.623854 13 
0 0.627098 13 
0 0.661864 13 
0 0.662339 13 
0 0.768379 13 
0 0.768379 13 
0 0.768772 13 
0 0.805456 13 
0 0.817723 13 
0 0.817954 13 
0 0.818278 13 
0 0.864801 13 
0 0.932836 13 
0 0.952955 13 
0 0.999741 13 
0 1.03102 13 
0 1.04495 13 
0 1.0452 13 
0 1.04616 13 
0 1.23325 13 
0 1.25022 13 
0 1.35592 13 
0 1.35592 13 
0 1.3586 13 
0 1.3618 13 
0 1.36231 13 
0 1.36239 13 
0 1.3933 13 
0 1.40372 13 
0 1.50508 13 
0 1.50515 13 
0 1.50573 13 
0 1.74104 13 
0 1.74167 13 
0 1.74656 13 
0 inf 13 
0 0.0937828 14 
0 0.103378 14 
0 0.105545 14 
0 0.114752 14 
0 0.121577 14 
0 0.136384 14 
0 0.140841 14 
0 0.186748 14 
0 0.228269 14 
0 0.229536 14 
0 0.23576 14 
0 0.257647 14 
0 0.258428 14 
0 0.259596 14 
0 0.260482 14 
0 0.261724 14 
0 0.270079 14 
0 0.271161 14 
0 0.275162 14 
0 0.280842 14 
0 0.286175 14 
0 0.287405 14 
0 0.298256 14 
0 0.301326 14 
0 0.309229 14 
0 0.311081 14 
0 0.31624 14 
0 0.318366 14 
0 0.318485 14 
0 0.319038 14 
0 0.32263 14 
0 0.323332 14 
0 0.324383 14 
0 0.355465 14 
0 0.370284 14 
0 0.378141 14 
0 0.378274 14 
0 0.37894 14 
0 0.380268 14 
0 0.412771 14 
0 0.475835 14 
0 0.481564 14 
0 0.493798 14 
0 0.493798 14 
0 0.495148 14 
0 0.500717 14 
0 0.54177 14 
0 0.639772 14 
0 0.665529 14 
0 0.851381 14 
0 0.851736 14 
0 0.852091 14 
0 0.914485 14 
0 0.929374 14 
0 0.936948 14 
0 0.952479 14 
0 0.969151 14 
0 0.981117 14 
0 0.981156 14 
0 0.983004 14 
0 1.20388 14 
0 1.22311 14 
0 1.22435 14 
0 1.22435 14 
0 1.23118 14 
0 1.23293 14 
0 1.26779 14 
0 1.26785 14 
0 1.268 14 
0 1.29728 14 
0 1.31273 14 
0 1.31287 14 
0 1.34515 14 
0 1.35219 14 
0 1.35286 14 
0 1.43286 14 
0 2.0565 14 
0 2.05687 14 
0 2.05708 14 
0 inf 14 
0 0.075471 15 
0 0.077772 15 
0 0.084601 15 
0 0.0893809 15 
0 0.132203 15 
0 0.133247 15 
0 0.135219 15 
0 0.140072 15 
0 0.159315 15 
0 0.182465 15 
0 0.205842 15 
0 0.21028 15 
0 0.211971 15 
0 0.22915 15 
0 0.231121 15 
0 0.231612 15 
0 0.268005 15 
0 0.274762 15 
0 0.275997 15 
0 0.278045 15 
0 0.280162 15 
0 0.287583 15 
0 0.296221 15 
0 0.299519 15 
0 0.34057 15 
0 0.340681 15 
0 0.348797 15 
0 0.350527 15 
0 0.355465 15 
0 0.367176 15 
0 0.373176 15 
0 0.374019 15 
0 0.375277 15 
0 0.3804 15 
0 0.381492 15 
0 0.448811 15 
0 0.460855 15 
0 0.48328 15 
0 0.484192 15 
0 0.493798 15 
0 0.493925 15 
0 0.494002 15 
0 0.495021 15 
0 0.540884 15 
0 0.638313 15 
0 0.693828 15 
0 0.694296 15 
0 0.751895 15 
0 0.754422 15 
0 0.755757 15 
0 0.827364 15 
0 0.9902 15 
0 0.99081 15 
0 0.990925 15 
0 0.991014 15 
0 1.00121 15 
0 1.00464 15 
0 1.00464 15 
0 1.13039 15 
0 1.13452 15 
0 1.24381 15 
0 1.24605 15 
0 1.24614 15 
0 1.24622 15 
0 1.29734 15 
0 1.29858 15 
0 1.29883 15 
0 1.29952 15 
0 1.32618 15 
0 1.33201 15 
0 1.33201 15 
0 1.43592 15 
0 1.69022 15 
0 1.69123 15 
0 1.69126 15 
0 inf 15 
0 0.0606575 16 
0 0.102885 16 
0 0.115139 16 
0 0.127348 16 
0 0.127349 16 
0 0.146148 16 
0 0.146795 16 
0 0.15322 16 
0 0.161821 16 
0 0.166202 16 
0 0.220463 16 
0 0.227219 16 
0 0.231849 16 
0 0.232265 16 
0 0.232753 16 
0 0.251305 16 
0 0.258843 16 
0 0.271427 16 
0 0.285931 16 
0 0.287907 16 
0 0.299433 16 
0 0.299601 16 
0 0.300483 16 
0 0.317586 16 
0 0.322986 16 
0 0.335499 16 
0 0.337148 16 
0 0.337596 16 
0 0.341493 16 
0 0.480149 16 
0 0.493696 16 
0 0.50426 16 
0 0.531835 16 
0 0.53193 16 
0 0.532214 16 
0 0.532593 16 
0 0.534793 16 
0 0.582164 16 
0 0.588108 16 
0 0.589392 16 
0 0.662396 16 
0 0.666493 16 
0 0.666493 16 
0 0.667249 16 
0 0.6791 16 
0 0.720781 16 
0 0.721166 16 
0 0.721742 16 
0 0.769071 16 
0 0.853071 16 
0 0.993122 16 
0 0.993427 16 
0 0.993516 16 
0 0.994429 16 
0 1.04935 16 
0 1.05596 16 
0 1.05624 16 
0 1.13765 16 
0 1.18132 16 
0 1.26214 16 
0 1.26241 16 
0 1.26262 16 
0 1.26262 16 
0 1.28983 16 
0 1.29847 16 
0 1.3014 16 
0 1.37401 16 
0 1.46422 16 
0 1.4877 16 
0 1.49178 16 
0 1.49249 16 
0 inf 16 
0 0.0623001 17 
0 0.0640945 17 
0 0.0818796 17 
0 0.0982481 17 
0 0.119169 17 
0 0.120431 17 
0 0.124039 17 
0 0.124954 17 
0 0.254975 17 
0 0.257484 17 
0 0.258656 17 
0 0.265438 17 
0 0.294167 17 
0 0.29421 17 
0 0.294553 17 
0 0.302654 17 
0 0.318895 17 
0 0.35149 17 
0 0.354525 17 
0 0.354809 17 
0 0.364947 17 
0 0.380929 17 
0 0.382085 17 
0 0.382743 17 
0 0.434834 17 
0 0.465447 17 
0 0.470775 17 
0 0.500136 17 
0 0.505064 17 
0 0.505139 17 
0 0.506136 17 
0 0.508024 17 
0 0.518555 17 
0 0.520013 17 
0 0.524283 17 
0 0.525436 17 
0 0.540513 17 
0 0.540722 17 
0 0.5427 17 
0 0.670961 17 
0 0.672238 17 
0 0.674259 17 
0 0.675286 17 
0 0.683725 17 
0 0.684461 17 
0 0.684829 17 
0 0.68483 17 
0 1.01219 17 
0 1.0132 17 
0 1.01324 17 
0 1.01444 17 
0 1.0527 17 
0 1.07852 17 
0 1.09088 17 
0 1.09223 17 
0 1.17198 17 
0 1.19618 17 
0 1.26517 17 
0 1.26723 17 
0 1.26767 17 
0 1.26767 17 
0 1.39465 17 
0 1.39465 17 
0 1.48549 17 
0 1.48671 17 
0 1.48678 17 
0 1.48743 17 
0 inf 17 
0 0.140887 18 
0 0.141334 18 
0 0.150989 18 
0 0.153554 18 
0 0.171508 18 
0 0.171875 18 
0 0.17293 18 
0 0.190676 18 
0 0.247755 18 
0 0.247806 18 
0 0.250939 18 
0 0.262905 18 
0 0.264815 18 
0 0.265528 18 
0 0.298657 18 
0 0.302187 18 
0 0.310085 18 
0 0.31045 18 
0 0.315466 18 
0 0.370077 18 
0 0.372825 18 
0 0.374174 18 
0 0.396779 18 
0 0.405015 18 
0 0.444351 18 
0 0.450687 18 
0 0.450939 18 
0 0.479737 18 
0 0.480708 18 
0 0.480944 18 
0 0.482121 18 
0 0.516657 18 
0 0.518021 18 
0 0.518021 18 
0 0.534793 18 
0 0.535264 18 
0 0.571068 18 
0 0.619239 18 
0 0.716227 18 
0 0.716913 18 
0 0.716913 18 
0 0.717335 18 
0 0.776693 18 
0 0.790078 18 
0 0.790396 18 
0 0.836839 18 
0 0.997338 18 
0 1.00001 18 
0 1.00221 18 
0 1.00231 18 
0 1.0028 18 
0 1.19961 18 
0 1.21654 18 
0 1.22201 18 
0 1.22251 18 
0 1.27948 18 
0 1.27982 18 
0 1.28113 18 
0 1.28124 18 
0 1.58651 18 
0 1.59105 18 
0 1.59121 18 
0 2.02464 18 
0 inf 18 
0 0.11237 19 
0 0.130626 19 
0 0.132541 19 
0 0.166163 19 
0 0.167372 19 
0 0.178448 19 
0 0.184046 19 
0 0.185682 19 
0 0.188911 19 
0 0.194086 19 
0 0.196216 19 
0 0.196216 19 
0 0.308374 19 
0 0.30866 19 
0 0.308945 19 
0 0.31406 19 
0 0.315181 19 
0 0.315341 19 
0 0.326173 19 
0 0.391369 19 
0 0.391851 19 
0 0.394262 19 
0 0.396557 19 
0 0.396589 19 
0 0.4328 19 
0 0.434428 19 
0 0.436713 19 
0 0.453488 19 
0 0.458793 19 
0 0.459671 19 
0 0.460329 19 
0 0.512813 19 
0 0.512838 19 
0 0.514016 19 
0 0.536299 19 
0 0.536557 19 
0 0.536675 19 
0 0.720018 19 
0 0.734316 19 
0 0.734916 19 
0 0.842577 19 
0 0.876 19 
0 0.876058 19 
0 0.950935 19 
0 0.985555 19 
0 0.985823 19 
0 0.985862 19 
0 0.987356 19 
0 1.27027 19 
0 1.2703 19 
0 1.27232 19 
0 1.30504 19 
0 1.31824 19 
0 1.33239 19 
0 1.33285 19 
0 1.33971 19 
0 1.67992 19 
0 1.68646 19 
0 1.6867 19 
0 inf 19 
0 0.0924358 20 
0 0.0936548 20 
0 0.096831 20 
0 0.10337 20 
0 0.113822 20 
0 0.115143 20 
0 0.11922 20 
0 0.126304 20 
0 0.126414 20 
0 0.183775 20 
0 0.187037 20 
0 0.191302 20 
0 0.203469 20 
0 0.203717 20 
0 0.245552 20 
0 0.259184 20 
0 0.26088 20 
0 0.283951 20 
0 0.285147 20 
0 0.297346 20 
0 0.297685 20 
0 0.299374 20 
0 0.413731 20 
0 0.413822 20 
0 0.414154 20 
0 0.415126 20 
0 0.415399 20 
0 0.436338 20 
0 0.437923 20 
0 0.439819 20 
0 0.514139 20 
0 0.514359 20 
0 0.5159 20 
0 0.53333 20 
0 0.534275 20 
0 0.538035 20 
0 0.551219 20 
0 0.748876 20 
0 0.753707 20 
0 0.753857 20 
0 0.893941 20 
0 0.894166 20 
0 0.896868 20 
0 0.974006 20 
0 0.974006 20 
0 0.996577 20 
0 1.25894 20 
0 1.25905 20 
0 1.33018 20 
0 1.37072 20 
0 1.37102 20 
0 1.37307 20 
0 1.69567 20 
0 1.69576 20 
0 2.76683 20 
0 inf 20 
