6.09538 8.57672 1 
0.920888 2.26412 1 
0.326743 0.341123 1 
0.317883 0.317983 1 
0.123882 0.1473 1 
0.102619 0.111987 1 
0.0994564 0.104922 1 
0.0989686 0.100254 1 
0.0956935 0.0971842 1 
0.0865959 0.104466 1 
0.0837774 0.0860326 1 
0.0804817 0.0968551 1 
0.0798875 0.0994666 1 
0.0794842 0.0900254 1 
0.0670816 0.0691875 1 
0.0592441 0.0613613 1 
0.0578827 0.0581575 1 
0.0550579 0.056489 1 
0.0541804 0.0603143 1 
0.0541752 0.0595113 1 
0.0538859 0.0581575 1 
0.0526883 0.0562047 1 
0.0520746 0.058152 1 
0.0514646 0.0600495 1 
0.051152 0.0570499 1 
0.0511491 0.0517726 1 
0.0511474 0.0595137 1 
0.0502091 0.0611031 1 
0.0498882 0.0605785 1 
0.0489196 0.0673121 1 
0.0475956 0.0644055 1 
6.16067 6.608 2 
6.16019 6.58138 2 
5.17132 6.61122 2 
0.747214 3.01688 2 
0.229031 0.253435 2 
0.227705 0.234946 2 
0.211579 0.240854 2 
0.154282 0.169271 2 
0.096692 0.098972 2 
0.0936726 0.0976785 2 
0.0812705 0.0841638 2 
0.0698687 0.0700973 2 
0.064157 0.0651424 2 
0.0631543 0.0670752 2 
0.061621 0.0631551 2 
0.0605758 0.0613612 2 
0.0605746 0.063404 2 
0.0595135 0.0623924 2 
0.0587048 0.0626474 2 
0.0576062 0.0689489 2 
0.0570492 0.0613612 2 
0.0562017 0.063659 2 
0.0550534 0.0570499 2 
0.0541808 0.0621358 2 
0.0520791 0.0529903 2 
0.0514629 0.0587037 2 
0.661626 3.18497 3 
0.434324 0.443701 3 
0.298687 0.326652 3 
0.21435 0.223247 3 
0.21014 0.224317 3 
0.210065 0.225593 3 
0.128693 0.139054 3 
0.118083 0.13997 3 
0.0971848 0.0983266 3 
0.0922998 0.0928145 3 
0.0729975 0.0856686 3 
0.0626479 0.0644054 3 
0.0597812 0.0611008 3 
0.0597799 0.0670747 3 
0.0592447 0.0636586 3 
0.0589742 0.0616205 3 
0.0587012 0.0611007 3 
0.0538856 0.0675514 3 
0.0532904 0.0541811 3 
0.0403397 0.0502072 3 
0.685852 3.08387 4 
0.162345 0.164397 4 
0.158063 0.16546 4 
0.151887 0.152725 4 
0.0961945 0.0973493 4 
0.0889627 0.106733 4 
0.0884168 0.0909167 4 
0.0732157 0.0734338 4 
0.0714471 0.0759987 4 
0.0677852 0.0694125 4 
0.063154 0.0644049 4 
0.0597805 0.0689522 4 
0.0508391 0.0550578 4 
3.43795 3.72094 5 
3.42076 3.71423 5 
3.4174 3.71426 5 
3.39153 3.71426 5 
2.70172 2.71125 5 
1.44054 2.74126 5 
0.146649 0.153038 5 
0.0603122 0.0644054 5 
2.45031 2.5074 6 
2.41515 2.9413 6 
2.41341 2.47688 6 
2.41071 2.93455 6 
2.40874 2.93617 6 
1.60001 2.48431 6 
0.481826 0.502895 6 
0.14234 0.157561 6 
0.136507 0.165173 6 
0.128314 0.136037 6 
0.0603117 0.0644055 6 
0.0597779 0.0616165 6 
2.09176 2.23212 7 
1.69665 2.16267 7 
1.67423 2.19049 7 
1.62183 2.25845 7 
1.60369 2.28207 7 
0.339536 0.38569 7 
0.151462 0.160163 7 
0.138944 0.181987 7 
0.112826 0.119292 7 
0.110546 0.12246 7 
2.80781 2.83318 8 
1.9716 1.99477 8 
1.89998 1.95936 8 
1.47974 1.97737 8 
1.47948 2.00413 8 
1.47663 2.02331 8 
0.144789 0.155936 8 
0.0975127 0.11563 8 
0.0933335 0.0994639 8 
0.0867776 0.0880625 8 
0.0847324 0.0884157 8 
2.07412 2.16373 9 
1.68047 1.7289 9 
1.66101 1.68162 9 
1.63437 2.01494 9 
1.63163 1.99556 9 
1.43359 1.73896 9 
1.43319 1.74611 9 
0.738101 0.767766 9 
0.319511 0.328794 9 
0.149875 0.175111 9 
2.33183 2.42769 10 
2.3073 2.41514 10 
1.5908 1.68384 10 
1.54722 1.56065 10 
1.41648 1.59982 10 
0.401763 0.409659 10 
0.0889584 0.091257 10 
2.50579 2.63215 11 
2.46481 2.60987 11 
1.41285 1.46564 11 
0.901492 0.919229 11 
0.89622 0.912959 11 
0.618099 0.629212 11 
1.6076 1.68887 12 
1.57426 1.67712 12 
1.51308 1.77004 12 
1.50659 1.76888 12 
1.43554 1.46115 12 
1.17749 1.20899 12 
1.14959 1.20183 12 
0.537638 0.57157 12 
0.438093 0.458001 12 
1.43207 1.43321 13 
1.42692 1.49658 13 
1.02892 1.05891 13 
0.866508 0.896534 13 
0.865218 0.961129 13 
0.847689 0.881025 13 
0.758237 0.881681 13 
0.749349 0.782915 13 
0.423892 0.496754 13 
1.74192 1.8013 14 
1.73051 1.78032 14 
0.77982 0.825681 14 
0.769604 0.82815 14 
0.761432 0.924542 14 
0.760424 0.852992 14 
0.746892 0.793519 14 
0.544248 0.622009 14 
0.405949 0.442965 14 
1.03411 1.04247 15 
1.00126 1.02056 15 
0.792862 0.875808 15 
0.399773 0.40068 15 
2.68255 2.69771 16 
2.64808 2.69156 16 
0.855131 0.879119 16 
0.749027 0.761633 16 
0.422242 0.479837 16 
0.38979 0.416225 16 
2.04707 2.25846 17 
2.02984 2.24065 17 
1.50461 1.66736 18 
1.50427 1.72611 18 
0.392115 0.396236 19 
0.39126 0.392798 19 
0.388313 0.398604 19 
