5.83164 8.94421 1 
0.855003 1.95388 1 
0.463716 0.502783 1 
0.434593 0.451596 1 
0.376967 0.432538 1 
0.264315 0.275692 1 
0.118626 0.120285 1 
0.103932 0.108136 1 
0.100045 0.103935 1 
0.0939125 0.0980408 1 
0.0912386 0.0985483 1 
0.0884812 0.0917806 1 
0.088477 0.0923181 1 
0.084471 0.095485 1 
0.0790118 0.0884767 1 
0.0783835 0.0808696 1 
0.0771111 0.0867857 1 
0.0758134 0.0901457 1 
0.0629589 0.0703905 1 
0.0571845 0.0571847 1 
0.056312 0.0667775 1 
6.45396 6.51269 2 
6.44891 6.49446 2 
5.13401 6.52333 2 
0.718792 2.50351 2 
0.401899 0.404724 2 
0.394057 0.437437 2 
0.388995 0.400421 2 
0.364124 0.443293 2 
0.363988 0.445078 2 
0.325012 0.367924 2 
0.299965 0.359335 2 
0.191487 0.196592 2 
0.145962 0.15958 2 
0.135034 0.137218 2 
0.130556 0.131315 2 
0.109505 0.110849 2 
0.108596 0.111739 2 
0.103932 0.113503 2 
0.102489 0.104406 2 
0.0944359 0.0959972 2 
0.0933833 0.0954819 2 
0.0928484 0.0965111 2 
0.0917763 0.0980407 2 
0.090141 0.100535 2 
0.0856314 0.0965111 2 
0.0808695 0.0923136 2 
0.0526748 0.0637411 2 
0.687715 2.43237 3 
0.358922 0.372872 3 
0.355309 0.357261 3 
0.341955 0.354614 3 
0.338455 0.34369 3 
0.338309 0.357261 3 
0.334775 0.384385 3 
0.300134 0.300957 3 
0.149986 0.166276 3 
0.142535 0.150643 3 
0.141482 0.167464 3 
0.130554 0.157399 3 
0.124332 0.124736 3 
0.109044 0.116093 3 
0.109044 0.122732 3 
0.104407 0.109954 3 
0.102492 0.105821 3 
0.0960016 0.123534 3 
0.0613645 0.0637408 3 
0.5588 2.35105 4 
0.385801 0.413927 4 
0.354337 0.371938 4 
0.322724 0.331357 4 
0.146644 0.150971 4 
0.13972 0.150644 4 
0.135029 0.154213 4 
0.12192 0.126309 4 
0.103932 0.116091 4 
0.101517 0.103932 4 
0.0901464 0.0965163 4 
0.082087 0.0879137 4 
0.0731512 0.0764611 4 
2.15773 2.17383 5 
1.19373 1.26117 5 
1.03965 2.23498 5 
0.355726 0.36697 5 
0.288345 0.289375 5 
0.152603 0.181932 5 
0.140075 0.149983 5 
0.132435 0.182204 5 
0.130551 0.142529 5 
0.129412 0.130553 5 
0.126308 0.135398 5 
0.121919 0.133928 5 
0.102003 0.119865 5 
2.09203 2.09744 6 
2.02994 2.08957 6 
1.88326 1.95397 6 
1.87091 1.9648 6 
1.74607 1.89577 6 
1.71756 1.93117 6 
1.57354 1.66424 6 
1.56188 1.75331 6 
1.30605 1.97508 6 
0.395944 0.399432 6 
0.279793 0.314323 6 
0.276234 0.302269 6 
0.219903 0.240973 6 
0.121923 0.136858 6 
1.8841 1.88854 7 
1.72088 1.73752 7 
1.7188 1.72697 7 
1.67387 1.73041 7 
1.65079 1.70041 7 
1.44167 1.72906 7 
1.42619 1.79505 7 
1.37669 1.76016 7 
1.19547 1.22139 7 
1.1773 1.19522 7 
0.327447 0.350262 7 
0.306016 0.310674 7 
0.267481 0.272257 7 
0.16598 0.170399 7 
0.152279 0.161748 7 
0.116521 0.122324 7 
0.109506 0.120287 7 
0.107674 0.112626 7 
2.0411 2.38235 8 
1.57785 1.57866 8 
1.55078 1.67075 8 
1.24853 1.57444 8 
1.01783 1.57933 8 
0.996732 1.63335 8 
0.416077 0.451151 8 
0.301447 0.347993 8 
0.271894 0.286615 8 
0.23431 0.266932 8 
1.37705 1.39486 9 
1.32265 1.49188 9 
1.024 1.34416 9 
1.01652 1.39859 9 
0.15064 0.171269 9 
0.125922 0.135399 9 
1.2701 1.31665 10 
1.1802 1.21013 10 
1.03789 1.25862 10 
0.639043 0.661814 10 
0.360848 0.361398 10 
0.321494 0.33554 10 
0.298642 0.300131 10 
0.292443 0.313556 10 
0.143915 0.187299 10 
1.90146 2.0102 11 
1.9007 2.12978 11 
1.34152 1.4992 11 
1.09261 1.10532 11 
1.0577 1.36201 11 
0.45698 0.458276 11 
0.379352 0.413999 11 
0.212573 0.22126 11 
1.71373 1.86006 12 
1.51824 1.64761 12 
1.47201 1.57919 12 
1.33797 1.74732 12 
1.33797 1.67072 12 
1.23185 1.34673 12 
0.914203 1.01903 12 
0.468089 0.520885 12 
0.443957 0.461042 12 
0.382995 0.473031 12 
1.56101 1.59836 13 
1.45893 1.6378 13 
0.720532 0.723822 13 
0.623026 0.804674 13 
0.39769 0.46723 13 
0.610822 0.617909 14 
0.599763 0.651636 14 
0.538342 0.651636 14 
0.790265 0.796825 15 
1.48674 1.56684 17 
1.48464 1.57818 17 
1.48274 1.57123 17 
1.59356 1.6005 18 
1.48855 1.59405 18 
1.35624 1.61873 18 
1.32101 1.59405 18 
1.05329 1.06735 19 
1.05254 1.06027 19 
0.386854 0.515046 19 
0.38647 0.490711 19 
0.383768 0.484205 19 
1.02347 1.02729 20 
