4.53935 7.88203 1 
1.06014 2.68648 1 
0.252997 0.267747 1 
0.239409 0.27087 1 
0.234993 0.236947 1 
0.223162 0.233614 1 
0.210336 0.238548 1 
0.202802 0.219775 1 
0.176205 0.19988 1 
0.167407 0.177245 1 
0.132227 0.197028 1 
0.120929 0.17815 1 
0.0723631 0.0763902 1 
0.0663752 0.0780307 1 
0.0649798 0.0658573 1 
0.0628087 0.0748708 1 
0.054548 0.0837362 1 
0.0284131 0.0318574 1 
0.0280092 0.0311245 1 
5.83277 5.84587 2 
5.69876 5.93437 2 
3.94708 5.94697 2 
0.843747 3.53189 2 
0.238545 0.24047 2 
0.226596 0.238598 2 
0.226541 0.242809 2 
0.217185 0.236116 2 
0.215533 0.241623 2 
0.215105 0.238742 2 
0.21257 0.245269 2 
0.201947 0.251902 2 
0.20149 0.241382 2 
0.200911 0.222177 2 
0.0967708 0.105882 2 
0.0668909 0.0718784 2 
0.0665482 0.0667208 2 
0.0642555 0.0684295 2 
0.0640734 0.0800737 2 
0.0501423 0.0517273 2 
0.0480273 0.0489779 2 
0.0480257 0.0485047 2 
4.12903 4.78071 3 
4.12777 4.72593 3 
3.41638 4.7912 3 
0.783735 3.64745 3 
0.609326 0.614021 3 
0.241336 0.26745 3 
0.236462 0.256804 3 
0.224911 0.275646 3 
0.222013 0.244846 3 
0.21962 0.233861 3 
0.217562 0.235825 3 
0.204724 0.227154 3 
0.0646117 0.068253 3 
3.05458 3.16522 4 
2.99939 3.14149 4 
2.94262 3.249 4 
2.94092 3.00172 4 
1.10347 3.26191 4 
0.272444 0.304011 4 
0.234987 0.239707 4 
0.208127 0.208791 4 
0.205739 0.239705 4 
0.203705 0.22756 4 
0.196969 0.207911 4 
0.194679 0.195332 4 
0.0784792 0.0817933 4 
0.0424212 0.0447922 4 
2.89882 2.91978 5 
2.83073 2.89435 5 
2.33315 2.52968 5 
2.33172 2.52275 5 
2.33071 2.52115 5 
2.28397 2.42501 5 
1.7934 2.92123 5 
0.236951 0.269383 5 
0.216237 0.217238 5 
0.205737 0.217135 5 
0.0482634 0.0526073 5 
2.72017 2.761 6 
2.71326 2.74165 6 
2.71246 2.75565 6 
2.67609 2.8296 6 
2.36716 2.41304 6 
2.36506 2.41518 6 
1.99939 2.59491 6 
2.66081 3.24759 7 
2.19467 2.23619 7 
2.00729 2.05651 7 
1.88461 2.23619 7 
1.80009 1.85148 7 
1.76557 2.30892 7 
1.74778 2.27857 7 
1.73576 1.84198 7 
2.33386 2.47334 8 
2.1115 2.27996 8 
1.91309 2.00197 8 
1.79609 2.26045 8 
1.51123 2.01457 8 
1.21452 2.03118 8 
0.530177 0.532433 8 
0.149345 0.151419 8 
0.0994755 0.106312 8 
0.0777433 0.0805134 8 
2.61617 2.89319 9 
2.61581 2.89253 9 
2.30979 2.36167 9 
2.30977 2.36168 9 
1.11814 1.73038 9 
0.753938 0.795558 9 
2.68871 2.7588 10 
2.68864 2.7593 10 
1.38534 1.45554 10 
1.19327 1.51569 10 
1.43989 1.71491 11 
1.43835 1.74655 11 
1.43465 1.48413 11 
1.27727 1.4479 11 
1.25769 1.31023 11 
1.15411 1.23539 11 
0.586798 0.677265 11 
0.247192 0.26788 11 
1.89688 1.97369 12 
1.8388 1.85241 12 
1.8332 1.84213 12 
1.0623 1.07686 12 
0.995261 1.1028 12 
0.877023 1.10455 12 
0.867597 1.13368 12 
0.815128 1.131 12 
0.797527 1.04822 12 
1.21641 1.31046 13 
1.19445 1.25289 13 
0.948674 1.08459 13 
0.489766 0.492361 13 
0.377613 0.400415 13 
2.6358 2.8176 14 
2.63559 2.81776 14 
2.63439 2.81744 14 
2.42014 2.42972 15 
2.41317 2.42448 15 
1.59429 1.84754 16 
1.41035 1.88468 16 
1.37593 1.81288 16 
1.28969 1.39427 16 
0.845801 0.905176 16 
0.374795 0.394822 16 
0.374456 0.383703 16 
0.373778 0.402115 16 
1.10341 1.11834 17 
0.90252 1.00121 17 
0.899467 0.904697 18 
0.646657 0.665659 18 
0.633978 0.655603 18 
0.616303 0.689708 18 
0.377615 0.396796 18 
0.372231 0.398912 18 
0.37186 0.397377 18 
0.37158 0.39729 18 
0.426471 0.430668 19 
0.66882 0.67056 20 
0.574144 0.608471 20 
0.573662 0.613003 20 
