5.2977 9.32218 1 
0.704213 1.58989 1 
0.459732 0.48264 1 
0.37456 0.468744 1 
0.325081 0.327269 1 
0.306399 0.342602 1 
0.260422 0.27395 1 
0.257107 0.265839 1 
0.250181 0.26405 1 
0.246538 0.264951 1 
0.244018 0.260239 1 
0.22768 0.240283 1 
0.220248 0.266913 1 
0.195304 0.231617 1 
0.194081 0.215445 1 
0.193593 0.210532 1 
0.192599 0.193589 1 
0.186838 0.231207 1 
0.177438 0.178241 1 
0.174744 0.227265 1 
0.144 0.14433 1 
0.142341 0.155437 1 
0.137575 0.1514 1 
0.128655 0.138277 1 
0.128648 0.156349 1 
0.121419 0.127157 1 
0.117838 0.125653 1 
0.117438 0.125278 1 
0.114984 0.124515 1 
0.113317 0.154521 1 
0.113316 0.119848 1 
0.109909 0.11457 1 
0.103215 0.121813 1 
0.0970401 0.102753 1 
0.0945575 0.0975287 1 
0.0930364 0.0960546 1 
0.0893861 0.0970396 1 
0.0844626 0.104132 1 
4.39059 6.86756 2 
0.593485 1.71542 2 
0.490559 0.492108 2 
0.470866 0.483821 2 
0.441687 0.458177 2 
0.428014 0.443935 2 
0.419596 0.421408 2 
0.411469 0.457967 2 
0.389018 0.444583 2 
0.382228 0.387174 2 
0.364399 0.451483 2 
0.30484 0.323912 2 
0.292262 0.303755 2 
0.200591 0.202474 2 
0.190118 0.193587 2 
0.176093 0.177163 2 
0.169204 0.171994 2 
0.164064 0.18835 2 
0.163783 0.169491 2 
0.153284 0.170606 2 
0.148551 0.152656 2 
0.148229 0.184532 2 
0.130118 0.143999 2 
0.128279 0.131938 2 
0.121811 0.130116 2 
0.11663 0.117034 2 
0.108164 0.112052 2 
0.104588 0.106391 2 
0.0965504 0.117034 2 
0.0950507 0.106391 2 
0.0945555 0.0985028 2 
0.0703292 0.0761723 2 
5.34871 5.37688 3 
4.07221 5.4344 3 
0.50243 1.49573 3 
0.456616 0.49959 3 
0.415034 0.41721 3 
0.351502 0.359133 3 
0.295978 0.297258 3 
0.269223 0.317828 3 
0.209859 0.22789 3 
0.204346 0.219171 3 
0.192854 0.215227 3 
0.169767 0.170604 3 
0.163775 0.169485 3 
0.16261 0.166938 3 
0.159363 0.169488 3 
0.156955 0.156957 3 
0.15172 0.161729 3 
0.150144 0.152968 3 
0.145639 0.16055 3 
0.139981 0.14726 3 
0.117032 0.135842 3 
0.116219 0.126412 3 
0.115813 0.117039 3 
0.115809 0.122591 3 
0.114985 0.120636 3 
0.110341 0.122979 3 
0.109909 0.122591 3 
0.108164 0.126412 3 
0.105494 0.12103 3 
0.104129 0.117039 3 
0.0980131 0.12181 3 
0.0970384 0.114987 3 
0.0940529 0.105041 3 
4.11441 4.20502 4 
4.11368 4.18574 4 
4.11351 4.20796 4 
3.98509 4.16804 4 
1.26644 1.28638 4 
0.849953 0.855309 4 
0.731209 0.790043 4 
0.672808 1.37105 4 
0.44373 0.447673 4 
0.430896 0.43222 4 
0.372144 0.425116 4 
0.330596 0.337566 4 
0.33045 0.331315 4 
0.318423 0.348382 4 
0.287005 0.299967 4 
0.232841 0.280465 4 
0.17851 0.1822 4 
0.148551 0.151403 4 
0.144659 0.15297 4 
0.131934 0.15786 4 
0.128651 0.139297 4 
0.126405 0.129018 4 
0.121814 0.133012 4 
0.119845 0.140319 4 
0.0989822 0.115402 4 
0.0965433 0.104127 4 
0.0821763 0.0989753 4 
1.19235 1.19346 5 
1.18788 1.22396 5 
1.18664 1.19346 5 
1.18177 1.20734 5 
1.14585 1.22768 5 
1.00867 1.26887 5 
0.493357 0.528814 5 
0.263504 0.264947 5 
0.261876 0.279106 5 
0.217423 0.224525 5 
0.182195 0.189114 5 
0.179304 0.181151 5 
0.176361 0.214999 5 
0.157258 0.160258 5 
0.131938 0.133371 5 
0.129014 0.164935 5 
0.123367 0.134792 5 
0.0989822 0.104134 5 
0.979141 1.04716 6 
0.971681 1.10765 6 
0.965544 1.1168 6 
0.437578 0.457766 6 
0.190118 0.202707 6 
0.177703 0.181937 6 
0.153275 0.161433 6 
0.148552 0.148873 6 
0.140991 0.161433 6 
0.14032 0.151091 6 
0.135838 0.141662 6 
0.124133 0.134432 6 
0.0984989 0.100884 6 
1.47239 1.57107 7 
0.943708 0.959321 7 
0.908424 0.918948 7 
0.884028 0.936306 7 
0.869051 0.989524 7 
0.340924 0.351775 7 
0.300444 0.314971 7 
0.297102 0.318127 7 
0.245958 0.268868 7 
0.240484 0.260239 7 
0.188357 0.202239 7 
0.155438 0.174464 7 
0.144657 0.171717 7 
0.14433 0.185559 7 
1.25845 1.31178 8 
1.17112 1.20237 8 
1.16169 1.16671 8 
1.08183 1.15786 8 
0.960095 0.964105 8 
0.842482 0.878713 8 
0.752048 0.803226 8 
0.725975 0.803409 8 
0.71743 0.863271 8 
0.715752 0.760412 8 
0.563727 0.585338 8 
0.290628 0.329 8 
0.191614 0.193589 8 
0.186834 0.189611 8 
0.131934 0.140994 8 
1.05719 1.0589 9 
0.638704 0.727875 9 
0.556764 0.651834 9 
0.542135 0.627672 9 
0.510602 0.598511 9 
0.461275 0.506211 9 
0.438334 0.470465 9 
0.19481 0.222394 9 
0.188868 0.195308 9 
0.482737 0.48451 10 
0.480564 0.57838 10 
0.428458 0.432873 10 
0.419143 0.436491 10 
0.418009 0.425786 10 
0.37596 0.429458 10 
0.966272 0.993641 11 
0.743077 0.762787 11 
0.681785 0.68346 11 
0.484904 0.497204 11 
0.379733 0.4562 11 
0.371365 0.374588 11 
0.332028 0.363868 11 
0.936123 0.976748 12 
0.927139 0.95154 12 
0.808594 0.860078 12 
0.657293 0.6601 12 
0.648029 0.655909 12 
0.511631 0.53044 12 
0.453779 0.520657 12 
0.418137 0.440806 12 
0.38656 0.611094 12 
0.362697 0.412963 12 
0.3594 0.408688 12 
1.12434 1.12926 13 
0.579864 0.608831 13 
0.520577 0.553256 14 
0.412279 0.457969 14 
0.88585 0.886548 15 
0.745506 0.765398 15 
0.38315 0.441923 15 
0.380159 0.413571 15 
0.932961 1.03849 16 
0.400239 0.432639 16 
0.814598 0.908956 17 
0.651033 0.677877 17 
0.52166 0.529263 17 
0.436055 0.440289 17 
0.524753 0.565831 18 
0.409275 0.450423 19 
0.402358 0.46077 20 
0.322432 0.343846 20 
0.193589 0.20153 20 
