4.59199 8.2406 1 
1.06481 2.6857 1 
0.218531 0.222143 1 
0.200898 0.25122 1 
0.188967 0.234586 1 
0.159525 0.171291 1 
0.143941 0.16376 1 
0.113494 0.177608 1 
0.0949367 0.0954509 1 
0.0841221 0.0948068 1 
0.06768 0.0708564 1 
0.066395 0.0808664 1 
0.0662115 0.0676719 1 
0.0597929 0.0604069 1 
0.0585531 0.0735628 1 
0.0564247 0.0641485 1 
0.0516719 0.055111 1 
0.0511945 0.0519037 1 
0.050237 0.0557739 1 
0.0492398 0.0499846 1 
0.0489863 0.0817687 1 
0.0270958 0.0270995 1 
0.0171433 0.018517 1 
4.01748 6.26188 2 
0.851172 3.5771 2 
0.257382 0.32968 2 
0.221924 0.243797 2 
0.218927 0.335606 2 
0.199553 0.234163 2 
0.19684 0.234163 2 
0.193133 0.1969 2 
0.082516 0.101543 2 
0.0691022 0.104162 2 
0.0676734 0.0745627 2 
0.0492479 0.059802 2 
0.0469514 0.0472148 2 
0.0428625 0.0431508 2 
4.75065 4.81193 3 
4.74728 4.81306 3 
3.54573 4.81562 3 
0.793642 3.54757 3 
0.719165 0.74748 3 
0.281649 0.288985 3 
0.269697 0.316683 3 
0.172075 0.181767 3 
0.105909 0.139452 3 
0.0915188 0.098603 3 
3.08339 3.0852 4 
2.96862 3.02397 4 
2.96735 3.45243 4 
2.96728 3.44668 4 
2.96583 3.43854 4 
1.0098 3.09578 4 
0.296349 0.309567 4 
0.284197 0.304425 4 
0.170069 0.17816 4 
0.130467 0.139097 4 
2.79463 2.8004 5 
2.75556 2.79858 5 
2.75116 2.79848 5 
2.70274 2.71591 5 
2.56486 2.64299 5 
1.96985 2.78799 5 
0.287626 0.295021 5 
0.155786 0.158676 5 
2.55922 2.59747 6 
2.55435 2.61775 6 
2.54109 2.61161 6 
2.41557 2.42774 6 
2.39311 2.39499 6 
1.79862 2.64663 6 
0.0671281 0.0722254 6 
2.85614 2.98393 7 
2.6965 3.0747 7 
2.27372 2.42366 7 
1.91425 2.10466 7 
1.83488 2.22545 7 
1.68373 2.12127 7 
1.57371 1.84766 7 
1.4164 1.72123 7 
1.37089 1.68266 7 
0.0608087 0.0652821 7 
2.63037 2.70321 8 
1.96969 2.30868 8 
1.78903 1.88545 8 
1.71269 2.05999 8 
1.61787 1.76818 8 
1.22342 1.893 8 
0.0782485 0.0907116 8 
2.58253 2.62694 9 
2.58123 2.6233 9 
1.53396 1.66744 9 
1.41547 1.79118 9 
1.3812 1.40073 9 
1.32527 1.6905 9 
1.66047 1.9179 10 
1.28987 1.44049 10 
1.26408 1.33448 10 
0.543177 0.554736 10 
0.265444 0.33484 10 
1.91905 1.94128 11 
1.53477 1.65083 11 
1.48663 1.50153 11 
1.4339 1.50178 11 
1.43376 1.65083 11 
1.32326 1.51187 11 
1.03872 1.07586 11 
0.402705 0.464514 11 
1.56986 1.66903 12 
1.56651 1.63761 12 
1.55816 1.56054 12 
0.97302 1.05971 12 
0.95057 1.09114 12 
0.924276 1.00238 12 
0.819527 1.11439 12 
0.396825 0.413496 12 
0.851841 0.875408 13 
0.696707 0.70053 13 
1.28384 1.28664 14 
0.701334 0.712658 14 
0.376239 0.404465 14 
1.76495 1.96129 15 
1.76472 2.04962 15 
1.76345 1.96069 15 
0.403708 0.414706 15 
1.4742 1.66947 16 
1.44195 1.70033 16 
1.43101 1.74568 16 
1.41989 1.57873 16 
1.26409 1.68069 16 
0.389976 0.407135 16 
0.389348 0.405809 16 
1.40904 1.76552 17 
1.40005 1.56562 17 
1.33393 1.56613 17 
1.19524 1.55457 17 
0.400021 0.403238 17 
0.398549 0.40129 17 
0.392605 0.395295 17 
1.39953 1.69008 18 
1.39806 1.69046 18 
1.39743 1.69014 18 
1.36461 1.74107 18 
0.60026 0.632922 18 
1.57167 1.69794 19 
1.56969 1.69794 19 
0.661786 0.67098 19 
1.65047 1.74465 20 
1.64786 1.74209 20 
0.447371 0.484606 20 
0.311815 0.332784 20 
0.301107 0.327777 20 
