0 0.019302 1 
0 0.0294709 1 
0 0.0324779 1 
0 0.0360976 1 
0 0.0401685 1 
0 0.0401685 1 
0 0.040938 1 
0 0.0431441 1 
0 0.0438614 1 
0 0.0498182 1 
0 0.050441 1 
0 0.0510451 1 
0 0.0510513 1 
0 0.0516543 1 
0 0.0528413 1 
0 0.0528457 1 
0 0.0534197 1 
0 0.0534227 1 
0 0.0534256 1 
0 0.0545697 1 
0 0.0551343 1 
0 0.0551357 1 
0 0.0573521 1 
0 0.0578869 1 
0 0.0594702 1 
0 0.0599887 1 
0 0.0610124 1 
0 0.0615217 1 
0 0.0620231 1 
0 0.0620231 1 
0 0.0649559 1 
0 0.0649608 1 
0 0.0654319 1 
0 0.0663743 1 
0 0.0663755 1 
0 0.0663791 1 
0 0.0682267 1 
0 0.0695719 1 
0 0.0700153 1 
0 0.0704585 1 
0 0.0708944 1 
0 0.0708971 1 
0 0.0713355 1 
0 0.0713355 1 
0 0.0721996 1 
0 0.0738969 1 
0 0.0738975 1 
0 0.0747321 1 
0 0.0747331 1 
0 0.0751348 1 
0 0.0767811 1 
0 0.0771813 1 
0 0.0779828 1 
0 0.0799467 1 
0 0.0803342 1 
0 0.0814804 1 
0 0.0829906 1 
0 0.0833657 1 
0 0.0844747 1 
0 0.0862919 1 
0 0.0862937 1 
0 0.0870048 1 
0 0.0870094 1 
0 0.0877192 1 
0 0.0884249 1 
0 0.0887727 1 
0 0.0908469 1 
0 0.0918649 1 
0 0.0951821 1 
0 0.0955102 1 
0 0.0955104 1 
0 0.0958322 1 
0 0.0967979 1 
0 0.0983911 1 
0 0.0987018 1 
0 0.0990196 1 
0 0.0996434 1 
0 0.100262 1 
0 0.100264 1 
0 0.100877 1 
0 0.101186 1 
0 0.101492 1 
0 0.108297 1 
0 0.108582 1 
0 0.110568 1 
0 0.112233 1 
0 0.112792 1 
0 0.113063 1 
0 0.113885 1 
0 0.116578 1 
0 0.118164 1 
0 0.118945 1 
0 0.119206 1 
0 0.134837 1 
0 0.166177 1 
0 0.167847 1 
0 0.205717 1 
0 0.206318 1 
0 0.207071 1 
0 0.223234 1 
0 0.228177 1 
0 0.228315 1 
0 0.23169 1 
0 0.236454 1 
0 0.236454 1 
0 0.261266 1 
0 0.268529 1 
0 0.284104 1 
0 0.289548 1 
0 0.338184 1 
0 0.367374 1 
0 0.370406 1 
0 0.371161 1 
0 0.375219 1 
0 0.40361 1 
0 0.411601 1 
0 0.41661 1 
0 0.43674 1 
0 0.46012 1 
0 0.741634 1 
0 1.26158 1 
0 1.89227 1 
0 2.86731 1 
0 3.02039 1 
0 3.60929 1 
0 4.16653 1 
0 4.28873 1 
0 5.71516 1 
0 7.0609 1 
0 7.24988 1 
0 7.67467 1 
0 inf 1 
0 0.0324804 2 
0 0.0352248 2 
0 0.0485577 2 
0 0.0504379 2 
0 0.0504379 2 
0 0.0522564 2 
0 0.0528368 2 
0 0.0534212 2 
0 0.05343 2 
0 0.057348 2 
0 0.0578937 2 
0 0.0594794 2 
0 0.0605092 2 
0 0.0615255 2 
0 0.0620307 2 
0 0.0625276 2 
0 0.0639953 2 
0 0.0644762 2 
0 0.0649583 2 
0 0.0659025 2 
0 0.0668334 2 
0 0.0695739 2 
0 0.0726272 2 
0 0.0734676 2 
0 0.0734762 2 
0 0.0734762 2 
0 0.0743161 2 
0 0.0747352 2 
0 0.0759598 2 
0 0.0763767 2 
0 0.0779847 2 
0 0.0779858 2 
0 0.0783708 2 
0 0.0799437 2 
0 0.0833676 2 
0 0.0841054 2 
0 0.0844709 2 
0 0.0844737 2 
0 0.0848386 2 
0 0.0852035 2 
0 0.0852057 2 
0 0.0862855 2 
0 0.0873619 2 
0 0.0880718 2 
0 0.0884188 2 
0 0.0891215 2 
0 0.0898116 2 
0 0.090504 2 
0 0.0911874 2 
0 0.0932051 2 
0 0.0932076 2 
0 0.0935388 2 
0 0.0935429 2 
0 0.0955098 2 
0 0.0955102 2 
0 0.0977496 2 
0 0.0977528 2 
0 0.0990188 2 
0 0.0999544 2 
0 0.100566 2 
0 0.100574 2 
0 0.101183 2 
0 0.101494 2 
0 0.103914 2 
0 0.105984 2 
0 0.108867 2 
0 0.110287 2 
0 0.110852 2 
0 0.111959 2 
0 0.112239 2 
0 0.114155 2 
0 0.114971 2 
0 0.117374 2 
0 0.11816 2 
0 0.122045 2 
0 0.124553 2 
0 0.133221 2 
0 0.137798 2 
0 0.148837 2 
0 0.150497 2 
0 0.153766 2 
0 0.168588 2 
0 0.174016 2 
0 0.182033 2 
0 0.188093 2 
0 0.189548 2 
0 0.191992 2 
0 0.202687 2 
0 0.204812 2 
0 0.206921 2 
0 0.213711 2 
0 0.218592 2 
0 0.224755 2 
0 0.233551 2 
0 0.265274 2 
0 0.276278 2 
0 0.292821 2 
0 0.307226 2 
0 0.315788 2 
0 0.334578 2 
0 0.339262 2 
0 0.343349 2 
0 0.347918 2 
0 0.362018 2 
0 0.365007 2 
0 0.365009 2 
0 0.371161 2 
0 0.371394 2 
0 0.382769 2 
0 0.385028 2 
0 0.405445 2 
0 0.678719 2 
0 1.17388 2 
0 1.74813 2 
0 1.76773 2 
0 2.01155 2 
0 2.26258 2 
0 2.75967 2 
0 3.80279 2 
0 4.11798 2 
0 4.49402 2 
0 4.64918 2 
0 4.69603 2 
0 5.51017 2 
0 5.99543 2 
0 6.6312 2 
0 6.85024 2 
0 inf 2 
0 0.0343298 3 
0 0.0369519 3 
0 0.0377786 3 
0 0.040936 3 
0 0.043856 3 
0 0.0438578 3 
0 0.045929 3 
0 0.0516513 3 
0 0.0516604 3 
0 0.0528396 3 
0 0.0578842 3 
0 0.0594675 3 
0 0.0640002 3 
0 0.0654285 3 
0 0.0654309 3 
0 0.0677619 3 
0 0.0700142 3 
0 0.0704529 3 
0 0.0713284 3 
0 0.073054 3 
0 0.0738911 3 
0 0.0739024 3 
0 0.0751429 3 
0 0.0751473 3 
0 0.0759609 3 
0 0.0763726 3 
0 0.0763736 3 
0 0.0763736 3 
0 0.0775816 3 
0 0.0779858 3 
0 0.0783749 3 
0 0.0783809 3 
0 0.0795603 3 
0 0.0795623 3 
0 0.0803292 3 
0 0.081103 3 
0 0.0811063 3 
0 0.0814804 3 
0 0.0859387 3 
0 0.0870109 3 
0 0.0894716 3 
0 0.0898186 3 
0 0.0908462 3 
0 0.0938722 3 
0 0.094201 3 
0 0.0951846 3 
0 0.0958348 3 
0 0.097756 3 
0 0.0999537 3 
0 0.10057 3 
0 0.10119 3 
0 0.101191 3 
0 0.101493 3 
0 0.105096 3 
0 0.105983 3 
0 0.107147 3 
0 0.113064 3 
0 0.114147 3 
0 0.11764 3 
0 0.122551 3 
0 0.130401 3 
0 0.133219 3 
0 0.135988 3 
0 0.139592 3 
0 0.142013 3 
0 0.143963 3 
0 0.160476 3 
0 0.163544 3 
0 0.167295 3 
0 0.169318 3 
0 0.171501 3 
0 0.171688 3 
0 0.171689 3 
0 0.204507 3 
0 0.208573 3 
0 0.208721 3 
0 0.212398 3 
0 0.212406 3 
0 0.217737 3 
0 0.219588 3 
0 0.270848 3 
0 0.274834 3 
0 0.287281 3 
0 0.292212 3 
0 0.292428 3 
0 0.292499 3 
0 0.293668 3 
0 0.297999 3 
0 0.299244 3 
0 0.301201 3 
0 0.301305 3 
0 0.301408 3 
0 0.303458 3 
0 0.308724 3 
0 0.314898 3 
0 0.316765 3 
0 0.327551 3 
0 0.335493 3 
0 0.335592 3 
0 0.352374 3 
0 0.353772 3 
0 0.39118 3 
0 0.41638 3 
0 0.675558 3 
0 1.01121 3 
0 1.01243 3 
0 1.17475 3 
0 1.74798 3 
0 2.17721 3 
0 2.32278 3 
0 2.4295 3 
0 2.60966 3 
0 2.66737 3 
0 2.69048 3 
0 2.69207 3 
0 2.69511 3 
0 3.33123 3 
0 3.34184 3 
0 3.34719 3 
0 3.35384 3 
0 4.32974 3 
0 4.32997 3 
0 4.33721 3 
0 inf 3 
0 0.0334226 4 
0 0.0459359 4 
0 0.0498233 4 
0 0.0540051 4 
0 0.0584221 4 
0 0.060504 4 
0 0.0625241 4 
0 0.0659061 4 
0 0.0663767 4 
0 0.0686744 4 
0 0.0691239 4 
0 0.0691239 4 
0 0.0695671 4 
0 0.0700086 4 
0 0.0700176 4 
0 0.0700176 4 
0 0.0726257 4 
0 0.0730492 4 
0 0.0734655 4 
0 0.0738975 4 
0 0.075964 4 
0 0.076374 4 
0 0.0775842 4 
0 0.0775844 4 
0 0.0779848 4 
0 0.07955 4 
0 0.0795593 4 
0 0.0799378 4 
0 0.082239 4 
0 0.0829972 4 
0 0.0855681 4 
0 0.0859276 4 
0 0.0869993 4 
0 0.0880777 4 
0 0.0898147 4 
0 0.0983899 4 
0 0.0983932 4 
0 0.0990163 4 
0 0.103014 4 
0 0.108014 4 
0 0.110007 4 
0 0.110288 4 
0 0.111677 4 
0 0.111961 4 
0 0.114154 4 
0 0.114159 4 
0 0.115513 4 
0 0.116579 4 
0 0.11711 4 
0 0.119474 4 
0 0.120247 4 
0 0.121781 4 
0 0.130397 4 
0 0.138663 4 
0 0.15873 4 
0 0.166176 4 
0 0.177375 4 
0 0.177571 4 
0 0.183594 4 
0 0.184072 4 
0 0.18474 4 
0 0.189879 4 
0 0.195194 4 
0 0.198662 4 
0 0.203903 4 
0 0.207218 4 
0 0.208418 4 
0 0.232888 4 
0 0.238153 4 
0 0.242674 4 
0 0.246352 4 
0 0.246482 4 
0 0.248993 4 
0 0.253918 4 
0 0.260025 4 
0 0.26064 4 
0 0.265691 4 
0 0.26767 4 
0 0.270553 4 
0 0.277063 4 
0 0.292974 4 
0 0.294118 4 
0 0.295505 4 
0 0.297285 4 
0 0.298301 4 
0 0.300379 4 
0 0.310337 4 
0 0.324704 4 
0 0.330669 4 
0 0.334672 4 
0 0.338549 4 
0 0.346617 4 
0 0.395445 4 
0 0.402056 4 
0 0.413395 4 
0 0.664864 4 
0 0.943887 4 
0 0.970245 4 
0 1.00095 4 
0 1.09448 4 
0 1.74732 4 
0 2.16629 4 
0 2.29985 4 
0 2.40691 4 
0 2.53457 4 
0 2.53545 4 
0 2.53666 4 
0 2.79822 4 
0 2.97959 4 
0 2.99591 4 
0 3.01376 4 
0 3.22645 4 
0 3.22746 4 
0 3.22746 4 
0 3.22861 4 
0 3.25573 4 
0 3.27966 4 
0 3.28023 4 
0 3.28084 4 
0 inf 4 
0 0.0272913 5 
0 0.0305114 5 
0 0.0438632 5 
0 0.0459357 5 
0 0.0534285 5 
0 0.0615204 5 
0 0.061523 5 
0 0.0615243 5 
0 0.0635107 5 
0 0.0639904 5 
0 0.063994 5 
0 0.0659049 5 
0 0.0663755 5 
0 0.0663755 5 
0 0.0673033 5 
0 0.068671 5 
0 0.068671 5 
0 0.075971 5 
0 0.0787725 5 
0 0.0787726 5 
0 0.0795564 5 
0 0.0795584 5 
0 0.0866555 5 
0 0.0873628 5 
0 0.0884232 5 
0 0.0894695 5 
0 0.0901624 5 
0 0.0915272 5 
0 0.0925391 5 
0 0.093868 5 
0 0.09387 5 
0 0.0967993 5 
0 0.101188 5 
0 0.109152 5 
0 0.111123 5 
0 0.112785 5 
0 0.113338 5 
0 0.116313 5 
0 0.118422 5 
0 0.122801 5 
0 0.123552 5 
0 0.125794 5 
0 0.130158 5 
0 0.130396 5 
0 0.135297 5 
0 0.145473 5 
0 0.149679 5 
0 0.154163 5 
0 0.155577 5 
0 0.16335 5 
0 0.191185 5 
0 0.193917 5 
0 0.194715 5 
0 0.200218 5 
0 0.219865 5 
0 0.223651 5 
0 0.229266 5 
0 0.230205 5 
0 0.23249 5 
0 0.236728 5 
0 0.238816 5 
0 0.239714 5 
0 0.241786 5 
0 0.241786 5 
0 0.243837 5 
0 0.244855 5 
0 0.247376 5 
0 0.251672 5 
0 0.258763 5 
0 0.260212 5 
0 0.271253 5 
0 0.272301 5 
0 0.273645 5 
0 0.276691 5 
0 0.280281 5 
0 0.280365 5 
0 0.28258 5 
0 0.294013 5 
0 0.309438 5 
0 0.310038 5 
0 0.344439 5 
0 0.345428 5 
0 0.345788 5 
0 0.359009 5 
0 0.365604 5 
0 0.369399 5 
0 0.372332 5 
0 0.624364 5 
0 0.690823 5 
0 0.977934 5 
0 0.995169 5 
0 1.00977 5 
0 1.68039 5 
0 1.68144 5 
0 1.68209 5 
0 1.68614 5 
0 1.76766 5 
0 2.02101 5 
0 2.15425 5 
0 2.22303 5 
0 2.24503 5 
0 2.24503 5 
0 2.40584 5 
0 2.7494 5 
0 2.76678 5 
0 2.76695 5 
0 2.76947 5 
0 2.7759 5 
0 2.78912 5 
0 2.80203 5 
0 2.84374 5 
0 2.96086 5 
0 2.96108 5 
0 2.96143 5 
0 2.96814 5 
0 inf 5 
0 0.0459393 6 
0 0.0466018 6 
0 0.0540021 6 
0 0.0615253 6 
0 0.062024 6 
0 0.0682172 6 
0 0.0682174 6 
0 0.0695682 6 
0 0.0708945 6 
0 0.0730511 6 
0 0.0738954 6 
0 0.0767747 6 
0 0.0767809 6 
0 0.0810995 6 
0 0.0822466 6 
0 0.0837353 6 
0 0.0837383 6 
0 0.0841136 6 
0 0.0859249 6 
0 0.0859249 6 
0 0.0866545 6 
0 0.0877173 6 
0 0.0877174 6 
0 0.0877188 6 
0 0.0880716 6 
0 0.0898151 6 
0 0.0915288 6 
0 0.0948521 6 
0 0.0958356 6 
0 0.103908 6 
0 0.104203 6 
0 0.108585 6 
0 0.110003 6 
0 0.113061 6 
0 0.114171 6 
0 0.121013 6 
0 0.125548 6 
0 0.1304 6 
0 0.133468 6 
0 0.138923 6 
0 0.139592 6 
0 0.140036 6 
0 0.14137 6 
0 0.154163 6 
0 0.164296 6 
0 0.179298 6 
0 0.181524 6 
0 0.18204 6 
0 0.201298 6 
0 0.201916 6 
0 0.206179 6 
0 0.211087 6 
0 0.211375 6 
0 0.222537 6 
0 0.230841 6 
0 0.233152 6 
0 0.26397 6 
0 0.266891 6 
0 0.270946 6 
0 0.276035 6 
0 0.279054 6 
0 0.279298 6 
0 0.279742 6 
0 0.281511 6 
0 0.283025 6 
0 0.283803 6 
0 0.283908 6 
0 0.285643 6 
0 0.288239 6 
0 0.296217 6 
0 0.298817 6 
0 0.301711 6 
0 0.313807 6 
0 0.320065 6 
0 0.346431 6 
0 0.349549 6 
0 0.353784 6 
0 0.355534 6 
0 0.433192 6 
0 0.500792 6 
0 0.663652 6 
0 0.948903 6 
0 0.977044 6 
0 1.04493 6 
0 1.04553 6 
0 1.06047 6 
0 1.0647 6 
0 1.15442 6 
0 1.65693 6 
0 1.68431 6 
0 1.69899 6 
0 1.74369 6 
0 1.75418 6 
0 1.7915 6 
0 1.7997 6 
0 1.82234 6 
0 1.84523 6 
0 2.13427 6 
0 2.1509 6 
0 2.15371 6 
0 2.17476 6 
0 2.18955 6 
0 2.40714 6 
0 2.48461 6 
0 2.48492 6 
0 2.4881 6 
0 2.49583 6 
0 2.57412 6 
0 2.57759 6 
0 2.58224 6 
0 2.58264 6 
0 inf 6 
0 0.0416857 7 
0 0.045929 7 
0 0.045929 7 
0 0.0528442 7 
0 0.0578842 7 
0 0.058414 7 
0 0.0599979 7 
0 0.0605027 7 
0 0.061527 7 
0 0.0659092 7 
0 0.0677605 7 
0 0.0682209 7 
0 0.0730532 7 
0 0.0811004 7 
0 0.0829951 7 
0 0.08629 7 
0 0.0884278 7 
0 0.0898116 7 
0 0.090503 7 
0 0.0990174 7 
0 0.100262 7 
0 0.100263 7 
0 0.100267 7 
0 0.103613 7 
0 0.103911 7 
0 0.105983 7 
0 0.105983 7 
0 0.107437 7 
0 0.113885 7 
0 0.114156 7 
0 0.115503 7 
0 0.121287 7 
0 0.133212 7 
0 0.13393 7 
0 0.136682 7 
0 0.138248 7 
0 0.138924 7 
0 0.142451 7 
0 0.145904 7 
0 0.147164 7 
0 0.147379 7 
0 0.171679 7 
0 0.174914 7 
0 0.181008 7 
0 0.198357 7 
0 0.198509 7 
0 0.199129 7 
0 0.206778 7 
0 0.207378 7 
0 0.211225 7 
0 0.216573 7 
0 0.218285 7 
0 0.220406 7 
0 0.242763 7 
0 0.24293 7 
0 0.245354 7 
0 0.252459 7 
0 0.257799 7 
0 0.264336 7 
0 0.264336 7 
0 0.28305 7 
0 0.3146 7 
0 0.322791 7 
0 0.322791 7 
0 0.335239 7 
0 0.337721 7 
0 0.338171 7 
0 0.373303 7 
0 0.374961 7 
0 0.381442 7 
0 0.399587 7 
0 0.502987 7 
0 0.512582 7 
0 0.544288 7 
0 0.686019 7 
0 0.690753 7 
0 0.711876 7 
0 0.961165 7 
0 0.961197 7 
0 0.962248 7 
0 0.971536 7 
0 0.981131 7 
0 0.981163 7 
0 1.20526 7 
0 1.31516 7 
0 1.3283 7 
0 1.33308 7 
0 1.33789 7 
0 1.45334 7 
0 1.49943 7 
0 1.53646 7 
0 1.76915 7 
0 1.84112 7 
0 2.10648 7 
0 2.10706 7 
0 2.11182 7 
0 2.11217 7 
0 2.12038 7 
0 2.21693 7 
0 2.22287 7 
0 2.22548 7 
0 2.22899 7 
0 2.39745 7 
0 2.41053 7 
0 2.41067 7 
0 2.41176 7 
0 2.41237 7 
0 inf 7 
0 0.0369473 8 
0 0.0431419 8 
0 0.0431441 8 
0 0.0510494 8 
0 0.0516482 8 
0 0.0551428 8 
0 0.0763737 8 
0 0.0779898 8 
0 0.0803381 8 
0 0.0807274 8 
0 0.0848414 8 
0 0.0852018 8 
0 0.0918672 8 
0 0.0938887 8 
0 0.0941993 8 
0 0.0951796 8 
0 0.098392 8 
0 0.101191 8 
0 0.102404 8 
0 0.105687 8 
0 0.10714 8 
0 0.108867 8 
0 0.110006 8 
0 0.111677 8 
0 0.113336 8 
0 0.140036 8 
0 0.141366 8 
0 0.143322 8 
0 0.144621 8 
0 0.145685 8 
0 0.154137 8 
0 0.161643 8 
0 0.162777 8 
0 0.165049 8 
0 0.173493 8 
0 0.186085 8 
0 0.18639 8 
0 0.188871 8 
0 0.191345 8 
0 0.194235 8 
0 0.195674 8 
0 0.197562 8 
0 0.200214 8 
0 0.202378 8 
0 0.20268 8 
0 0.220283 8 
0 0.224745 8 
0 0.228578 8 
0 0.2354 8 
0 0.237598 8 
0 0.23877 8 
0 0.238804 8 
0 0.248612 8 
0 0.250234 8 
0 0.250853 8 
0 0.251798 8 
0 0.263859 8 
0 0.289084 8 
0 0.291057 8 
0 0.292651 8 
0 0.297697 8 
0 0.366028 8 
0 0.366206 8 
0 0.390675 8 
0 0.398954 8 
0 0.398954 8 
0 0.419648 8 
0 0.644009 8 
0 0.667614 8 
0 0.935566 8 
0 0.937761 8 
0 0.956629 8 
0 0.964645 8 
0 0.966091 8 
0 0.967214 8 
0 0.970033 8 
0 0.986525 8 
0 1.02438 8 
0 1.02535 8 
0 1.03484 8 
0 1.09632 8 
0 1.11223 8 
0 1.11848 8 
0 1.21415 8 
0 1.25009 8 
0 1.25316 8 
0 1.52414 8 
0 1.57999 8 
0 1.74583 8 
0 1.78342 8 
0 1.78398 8 
0 1.78445 8 
0 1.78506 8 
0 2.09792 8 
0 2.1005 8 
0 2.10072 8 
0 2.11442 8 
0 2.15367 8 
0 2.40109 8 
0 2.40443 8 
0 2.40888 8 
0 2.40981 8 
0 2.41114 8 
0 inf 8 
0 0.039392 9 
0 0.0452546 9 
0 0.0540036 9 
0 0.0584187 9 
0 0.0620262 9 
0 0.0635105 9 
0 0.0639916 9 
0 0.0682434 9 
0 0.0695649 9 
0 0.0755519 9 
0 0.0755528 9 
0 0.0763778 9 
0 0.0787688 9 
0 0.0807225 9 
0 0.0814873 9 
0 0.0822605 9 
0 0.0837556 9 
0 0.0859295 9 
0 0.0925567 9 
0 0.0993313 9 
0 0.101204 9 
0 0.106273 9 
0 0.114696 9 
0 0.116044 9 
0 0.129194 9 
0 0.138697 9 
0 0.140254 9 
0 0.141762 9 
0 0.151522 9 
0 0.151701 9 
0 0.153328 9 
0 0.178596 9 
0 0.178598 9 
0 0.179465 9 
0 0.179812 9 
0 0.182041 9 
0 0.205266 9 
0 0.205718 9 
0 0.209456 9 
0 0.218872 9 
0 0.247696 9 
0 0.259354 9 
0 0.260685 9 
0 0.266453 9 
0 0.277165 9 
0 0.281724 9 
0 0.282157 9 
0 0.283257 9 
0 0.289109 9 
0 0.290091 9 
0 0.304356 9 
0 0.304662 9 
0 0.344728 9 
0 0.40306 9 
0 0.410987 9 
0 0.455941 9 
0 0.463301 9 
0 0.471204 9 
0 0.473044 9 
0 0.498775 9 
0 0.547079 9 
0 0.6005 9 
0 0.685943 9 
0 0.714658 9 
0 0.776542 9 
0 0.782275 9 
0 0.785323 9 
0 0.809138 9 
0 0.938744 9 
0 0.963584 9 
0 0.964357 9 
0 0.979757 9 
0 0.979852 9 
0 0.984731 9 
0 0.985141 9 
0 0.986148 9 
0 1.00082 9 
0 1.01109 9 
0 1.04019 9 
0 1.07059 9 
0 1.18636 9 
0 1.23118 9 
0 1.29829 9 
0 1.37421 9 
0 1.74124 9 
0 1.74209 9 
0 1.75296 9 
0 1.76676 9 
0 1.76702 9 
0 2.09926 9 
0 2.09978 9 
0 2.13592 9 
0 2.13672 9 
0 2.13885 9 
0 2.40095 9 
0 2.40292 9 
0 2.40315 9 
0 2.40683 9 
0 2.40687 9 
0 inf 9 
0 0.0763753 10 
0 0.0866723 10 
0 0.0866724 10 
0 0.0877094 10 
0 0.0887747 10 
0 0.0894776 10 
0 0.092535 10 
0 0.0938715 10 
0 0.0951861 10 
0 0.0968018 10 
0 0.101183 10 
0 0.10148 10 
0 0.106551 10 
0 0.106581 10 
0 0.109152 10 
0 0.110863 10 
0 0.112237 10 
0 0.114155 10 
0 0.119947 10 
0 0.123567 10 
0 0.127508 10 
0 0.13438 10 
0 0.141353 10 
0 0.145675 10 
0 0.15554 10 
0 0.155761 10 
0 0.158735 10 
0 0.171869 10 
0 0.183706 10 
0 0.197094 10 
0 0.198196 10 
0 0.199927 10 
0 0.203143 10 
0 0.208269 10 
0 0.216612 10 
0 0.249601 10 
0 0.256837 10 
0 0.257802 10 
0 0.25972 10 
0 0.262536 10 
0 0.264655 10 
0 0.269879 10 
0 0.274915 10 
0 0.288148 10 
0 0.304892 10 
0 0.342011 10 
0 0.344902 10 
0 0.363301 10 
0 0.363557 10 
0 0.386961 10 
0 0.399041 10 
0 0.403761 10 
0 0.425311 10 
0 0.480918 10 
0 0.4865 10 
0 0.491637 10 
0 0.612392 10 
0 0.669005 10 
0 0.670857 10 
0 0.688754 10 
0 0.695211 10 
0 0.69588 10 
0 0.763751 10 
0 0.763792 10 
0 0.839247 10 
0 0.839247 10 
0 0.890858 10 
0 0.923248 10 
0 0.933774 10 
0 0.94211 10 
0 0.94211 10 
0 0.944216 10 
0 0.965128 10 
0 0.965128 10 
0 0.986496 10 
0 1.01807 10 
0 1.01868 10 
0 1.06556 10 
0 1.38216 10 
0 1.38733 10 
0 1.75314 10 
0 1.75314 10 
0 1.77594 10 
0 1.7783 10 
0 1.77851 10 
0 2.11174 10 
0 2.11199 10 
0 2.1286 10 
0 2.16755 10 
0 2.16768 10 
0 2.39643 10 
0 2.39716 10 
0 2.39783 10 
0 2.39805 10 
0 2.39836 10 
0 inf 10 
0 0.077983 11 
0 0.109123 11 
0 0.111407 11 
0 0.115237 11 
0 0.119208 11 
0 0.11973 11 
0 0.119742 11 
0 0.121796 11 
0 0.123289 11 
0 0.125534 11 
0 0.126774 11 
0 0.126795 11 
0 0.134149 11 
0 0.138924 11 
0 0.150054 11 
0 0.150261 11 
0 0.153553 11 
0 0.179285 11 
0 0.181711 11 
0 0.189876 11 
0 0.198816 11 
0 0.201011 11 
0 0.201473 11 
0 0.204365 11 
0 0.210487 11 
0 0.210637 11 
0 0.211809 11 
0 0.230747 11 
0 0.239456 11 
0 0.253148 11 
0 0.253149 11 
0 0.268762 11 
0 0.272422 11 
0 0.27548 11 
0 0.276491 11 
0 0.281294 11 
0 0.28816 11 
0 0.317254 11 
0 0.321625 11 
0 0.32231 11 
0 0.326613 11 
0 0.327646 11 
0 0.331785 11 
0 0.337451 11 
0 0.340653 11 
0 0.340658 11 
0 0.373745 11 
0 0.388404 11 
0 0.417357 11 
0 0.42261 11 
0 0.42327 11 
0 0.48138 11 
0 0.543314 11 
0 0.582984 11 
0 0.611975 11 
0 0.611975 11 
0 0.633115 11 
0 0.667837 11 
0 0.668162 11 
0 0.693285 11 
0 0.693688 11 
0 0.698495 11 
0 0.912354 11 
0 0.944839 11 
0 0.946414 11 
0 0.952525 11 
0 0.964162 11 
0 0.964259 11 
0 1.00707 11 
0 1.01199 11 
0 1.01199 11 
0 1.04902 11 
0 1.05515 11 
0 1.07341 11 
0 1.37722 11 
0 1.38551 11 
0 1.74437 11 
0 1.74523 11 
0 1.74679 11 
0 1.74695 11 
0 1.74738 11 
0 2.09886 11 
0 2.09957 11 
0 2.12074 11 
0 2.13636 11 
0 2.13636 11 
0 2.39595 11 
0 2.39595 11 
0 2.39632 11 
0 2.41017 11 
0 2.41048 11 
0 inf 11 
0 0.0534315 12 
0 0.0534315 12 
0 0.097454 12 
0 0.102681 12 
0 0.103902 12 
0 0.121517 12 
0 0.122538 12 
0 0.125308 12 
0 0.12554 12 
0 0.125793 12 
0 0.12653 12 
0 0.140696 12 
0 0.148426 12 
0 0.163735 12 
0 0.174359 12 
0 0.181715 12 
0 0.184259 12 
0 0.189221 12 
0 0.19456 12 
0 0.237767 12 
0 0.238671 12 
0 0.245472 12 
0 0.245472 12 
0 0.255344 12 
0 0.256837 12 
0 0.261507 12 
0 0.274813 12 
0 0.275042 12 
0 0.276803 12 
0 0.277698 12 
0 0.278403 12 
0 0.28173 12 
0 0.28413 12 
0 0.287603 12 
0 0.31093 12 
0 0.312039 12 
0 0.312039 12 
0 0.315305 12 
0 0.342081 12 
0 0.342462 12 
0 0.367634 12 
0 0.370622 12 
0 0.372498 12 
0 0.387725 12 
0 0.394939 12 
0 0.40244 12 
0 0.444087 12 
0 0.467097 12 
0 0.468628 12 
0 0.495654 12 
0 0.527906 12 
0 0.550516 12 
0 0.668404 12 
0 0.676295 12 
0 0.693195 12 
0 0.695204 12 
0 0.695204 12 
0 0.844266 12 
0 0.846647 12 
0 0.858006 12 
0 0.887935 12 
0 0.901316 12 
0 0.934273 12 
0 0.935866 12 
0 0.957206 12 
0 0.967214 12 
0 0.967535 12 
0 0.968209 12 
0 0.968752 12 
0 0.97179 12 
0 0.988273 12 
0 0.996808 12 
0 1.74234 12 
0 1.74247 12 
0 1.74257 12 
0 1.74302 12 
0 1.74361 12 
0 2.09935 12 
0 2.10146 12 
0 2.11301 12 
0 2.11323 12 
0 2.11624 12 
0 2.39751 12 
0 2.39877 12 
0 2.3988 12 
0 2.39881 12 
0 2.40035 12 
0 inf 12 
0 0.0639941 13 
0 0.0880912 13 
0 0.0894899 13 
0 0.103008 13 
0 0.108297 13 
0 0.118161 13 
0 0.129633 13 
0 0.146511 13 
0 0.147366 13 
0 0.147591 13 
0 0.14902 13 
0 0.14946 13 
0 0.150902 13 
0 0.151111 13 
0 0.154772 13 
0 0.165017 13 
0 0.166176 13 
0 0.169467 13 
0 0.173307 13 
0 0.201605 13 
0 0.204076 13 
0 0.20468 13 
0 0.23235 13 
0 0.237769 13 
0 0.238803 13 
0 0.239718 13 
0 0.240488 13 
0 0.241392 13 
0 0.246999 13 
0 0.258872 13 
0 0.258872 13 
0 0.266321 13 
0 0.269905 13 
0 0.276392 13 
0 0.278623 13 
0 0.280736 13 
0 0.283042 13 
0 0.309732 13 
0 0.309734 13 
0 0.316962 13 
0 0.319203 13 
0 0.340828 13 
0 0.380164 13 
0 0.381305 13 
0 0.381875 13 
0 0.405213 13 
0 0.423268 13 
0 0.482724 13 
0 0.489354 13 
0 0.493404 13 
0 0.577907 13 
0 0.674041 13 
0 0.674732 13 
0 0.708281 13 
0 0.708281 13 
0 0.70885 13 
0 0.835583 13 
0 0.860282 13 
0 0.927138 13 
0 0.969043 13 
0 0.969555 13 
0 0.970449 13 
0 0.974023 13 
0 0.975139 13 
0 1.0352 13 
0 1.03625 13 
0 1.03625 13 
0 1.08389 13 
0 1.24145 13 
0 1.74499 13 
0 1.74505 13 
0 1.74713 13 
0 1.7472 13 
0 1.74931 13 
0 2.09823 13 
0 2.0987 13 
0 2.10177 13 
0 2.1026 13 
0 2.10303 13 
0 2.39748 13 
0 2.401 13 
0 2.401 13 
0 2.40352 13 
0 inf 13 
0 0.0610472 14 
0 0.114697 14 
0 0.11493 14 
0 0.117634 14 
0 0.119725 14 
0 0.1205 14 
0 0.130837 14 
0 0.135063 14 
0 0.135065 14 
0 0.146741 14 
0 0.153357 14 
0 0.164883 14 
0 0.194878 14 
0 0.195988 14 
0 0.198506 14 
0 0.199746 14 
0 0.201139 14 
0 0.204663 14 
0 0.206168 14 
0 0.207077 14 
0 0.207217 14 
0 0.216157 14 
0 0.217595 14 
0 0.23178 14 
0 0.235153 14 
0 0.23881 14 
0 0.247861 14 
0 0.251467 14 
0 0.267373 14 
0 0.272773 14 
0 0.273681 14 
0 0.289336 14 
0 0.292216 14 
0 0.294531 14 
0 0.307924 14 
0 0.310638 14 
0 0.311435 14 
0 0.328693 14 
0 0.331701 14 
0 0.343465 14 
0 0.398577 14 
0 0.434118 14 
0 0.45267 14 
0 0.461486 14 
0 0.467166 14 
0 0.493901 14 
0 0.496907 14 
0 0.497093 14 
0 0.570772 14 
0 0.661798 14 
0 0.663463 14 
0 0.665704 14 
0 0.703768 14 
0 0.704649 14 
0 0.706627 14 
0 0.85091 14 
0 0.943218 14 
0 0.956199 14 
0 0.966572 14 
0 0.971536 14 
0 0.973552 14 
0 0.974317 14 
0 0.976125 14 
0 0.97622 14 
0 1.2695 14 
0 1.27144 14 
0 1.35152 14 
0 1.74752 14 
0 1.76168 14 
0 1.76536 14 
0 1.76611 14 
0 2.10242 14 
0 2.10761 14 
0 2.10997 14 
0 2.11067 14 
0 2.39515 14 
0 2.3967 14 
0 2.39754 14 
0 2.39775 14 
0 inf 14 
0 0.0682172 15 
0 0.0713595 15 
0 0.0918675 15 
0 0.10206 15 
0 0.10391 15 
0 0.125789 15 
0 0.132283 15 
0 0.142012 15 
0 0.168768 15 
0 0.168768 15 
0 0.172944 15 
0 0.173652 15 
0 0.176695 15 
0 0.176695 15 
0 0.177221 15 
0 0.178071 15 
0 0.184741 15 
0 0.187763 15 
0 0.195195 15 
0 0.200069 15 
0 0.216742 15 
0 0.234876 15 
0 0.237634 15 
0 0.241393 15 
0 0.262928 15 
0 0.264222 15 
0 0.27266 15 
0 0.278615 15 
0 0.287393 15 
0 0.303978 15 
0 0.309532 15 
0 0.314018 15 
0 0.315292 15 
0 0.318433 15 
0 0.319893 15 
0 0.322781 15 
0 0.3754 15 
0 0.405902 15 
0 0.436259 15 
0 0.448047 15 
0 0.451152 15 
0 0.584952 15 
0 0.619219 15 
0 0.653734 15 
0 0.674269 15 
0 0.674271 15 
0 0.674639 15 
0 0.674961 15 
0 0.707849 15 
0 0.71542 15 
0 0.729165 15 
0 0.729208 15 
0 0.924121 15 
0 0.969522 15 
0 0.996911 15 
0 1.00374 15 
0 1.00472 15 
0 1.00869 15 
0 1.01007 15 
0 1.01311 15 
0 1.37572 15 
0 1.37572 15 
0 1.37572 15 
0 1.74293 15 
0 1.75174 15 
0 1.75188 15 
0 1.75216 15 
0 2.10028 15 
0 2.15039 15 
0 2.15402 15 
0 2.15419 15 
0 2.39782 15 
0 2.40496 15 
0 2.4051 15 
0 2.40592 15 
0 inf 15 
0 0.109182 16 
0 0.111084 16 
0 0.111364 16 
0 0.117647 16 
0 0.120496 16 
0 0.122286 16 
0 0.129645 16 
0 0.135268 16 
0 0.141982 16 
0 0.152338 16 
0 0.156357 16 
0 0.165048 16 
0 0.167477 16 
0 0.168032 16 
0 0.174753 16 
0 0.175262 16 
0 0.187102 16 
0 0.191039 16 
0 0.192496 16 
0 0.202678 16 
0 0.214577 16 
0 0.232489 16 
0 0.241132 16 
0 0.243274 16 
0 0.262444 16 
0 0.330286 16 
0 0.332814 16 
0 0.338465 16 
0 0.338739 16 
0 0.339014 16 
0 0.339563 16 
0 0.355881 16 
0 0.368977 16 
0 0.392777 16 
0 0.403686 16 
0 0.419959 16 
0 0.543431 16 
0 0.549133 16 
0 0.563998 16 
0 0.565974 16 
0 0.665983 16 
0 0.667101 16 
0 0.675007 16 
0 0.676109 16 
0 0.684393 16 
0 0.699723 16 
0 0.739516 16 
0 0.821793 16 
0 0.937024 16 
0 0.964034 16 
0 0.98012 16 
0 0.982112 16 
0 0.983627 16 
0 0.994082 16 
0 1.00414 16 
0 1.00451 16 
0 1.37302 16 
0 1.38597 16 
0 1.38743 16 
0 1.74208 16 
0 1.74464 16 
0 1.74634 16 
0 1.74746 16 
0 2.10021 16 
0 2.13671 16 
0 2.137 16 
0 2.13769 16 
0 2.40532 16 
0 2.40707 16 
0 2.4154 16 
0 2.41566 16 
0 inf 16 
0 0.0630461 17 
0 0.0654585 17 
0 0.0709199 17 
0 0.0730747 17 
0 0.0743363 17 
0 0.117122 17 
0 0.118438 17 
0 0.120509 17 
0 0.12677 17 
0 0.131811 17 
0 0.149227 17 
0 0.15071 17 
0 0.152519 17 
0 0.168213 17 
0 0.169476 17 
0 0.18322 17 
0 0.19002 17 
0 0.213582 17 
0 0.21575 17 
0 0.222685 17 
0 0.229492 17 
0 0.23568 17 
0 0.273004 17 
0 0.275267 17 
0 0.277064 17 
0 0.27807 17 
0 0.288248 17 
0 0.306508 17 
0 0.316271 17 
0 0.338543 17 
0 0.342463 17 
0 0.343638 17 
0 0.343909 17 
0 0.396537 17 
0 0.399267 17 
0 0.414079 17 
0 0.424658 17 
0 0.424659 17 
0 0.693867 17 
0 0.696367 17 
0 0.696367 17 
0 0.697035 17 
0 0.965577 17 
0 0.97096 17 
0 0.974978 17 
0 0.975646 17 
0 1.02332 17 
0 1.04815 17 
0 1.077 17 
0 1.08002 17 
0 1.16032 17 
0 1.19784 17 
0 1.20752 17 
0 1.22854 17 
0 1.38898 17 
0 1.39926 17 
0 1.74238 17 
0 1.74663 17 
0 1.74677 17 
0 1.74748 17 
0 2.10952 17 
0 2.11371 17 
0 2.12338 17 
0 2.12348 17 
0 2.40713 17 
0 2.40735 17 
0 2.40867 17 
0 inf 17 
0 0.0726276 18 
0 0.0738989 18 
0 0.08264 18 
0 0.0833903 18 
0 0.0837552 18 
0 0.084496 18 
0 0.0898154 18 
0 0.0908653 18 
0 0.0941541 18 
0 0.0967537 18 
0 0.0967537 18 
0 0.100527 18 
0 0.136008 18 
0 0.153986 18 
0 0.156386 18 
0 0.176669 18 
0 0.194555 18 
0 0.19646 18 
0 0.196461 18 
0 0.225263 18 
0 0.226498 18 
0 0.229952 18 
0 0.232744 18 
0 0.233167 18 
0 0.233699 18 
0 0.236471 18 
0 0.245431 18 
0 0.402138 18 
0 0.403063 18 
0 0.419952 18 
0 0.420542 18 
0 0.47409 18 
0 0.479297 18 
0 0.486045 18 
0 0.502617 18 
0 0.505755 18 
0 0.673396 18 
0 0.677394 18 
0 0.679588 18 
0 0.681048 18 
0 0.82565 18 
0 0.864339 18 
0 0.865713 18 
0 0.901345 18 
0 0.962809 18 
0 0.964824 18 
0 0.980233 18 
0 0.980518 18 
0 0.983848 18 
0 0.984983 18 
0 1.2034 18 
0 1.3967 18 
0 1.75328 18 
0 1.75395 18 
0 1.75408 18 
0 1.75503 18 
0 2.09897 18 
0 2.13856 18 
0 2.13856 18 
0 2.16014 18 
0 2.39955 18 
0 2.40509 18 
0 2.4076 18 
0 inf 18 
0 0.059503 19 
0 0.0615257 19 
0 0.07133 19 
0 0.0743382 19 
0 0.0759641 19 
0 0.0925558 19 
0 0.153769 19 
0 0.155575 19 
0 0.164647 19 
0 0.165211 19 
0 0.165995 19 
0 0.166706 19 
0 0.184401 19 
0 0.194713 19 
0 0.196301 19 
0 0.197404 19 
0 0.233779 19 
0 0.237467 19 
0 0.237597 19 
0 0.242419 19 
0 0.261625 19 
0 0.269788 19 
0 0.273114 19 
0 0.28391 19 
0 0.288786 19 
0 0.332927 19 
0 0.335693 19 
0 0.34501 19 
0 0.352836 19 
0 0.356336 19 
0 0.376393 19 
0 0.391902 19 
0 0.436545 19 
0 0.449501 19 
0 0.449984 19 
0 0.485916 19 
0 0.485916 19 
0 0.703413 19 
0 0.727566 19 
0 0.727694 19 
0 0.728078 19 
0 0.83825 19 
0 0.935965 19 
0 0.942867 19 
0 0.945857 19 
0 0.965545 19 
0 0.985331 19 
0 0.986747 19 
0 1.09707 19 
0 1.37509 19 
0 1.74213 19 
0 1.74227 19 
0 1.7425 19 
0 2.10211 19 
0 2.10614 19 
0 2.10649 19 
0 2.39595 19 
0 2.39607 19 
0 2.39619 19 
0 inf 19 
0 0.0700421 20 
0 0.099351 20 
0 0.099351 20 
0 0.136441 20 
0 0.147162 20 
0 0.152747 20 
0 0.154773 20 
0 0.155775 20 
0 0.158735 20 
0 0.165432 20 
0 0.165994 20 
0 0.184909 20 
0 0.187574 20 
0 0.187575 20 
0 0.221391 20 
0 0.221793 20 
0 0.238549 20 
0 0.241882 20 
0 0.247108 20 
0 0.247573 20 
0 0.247698 20 
0 0.256958 20 
0 0.258763 20 
0 0.269331 20 
0 0.275601 20 
0 0.279623 20 
0 0.280171 20 
0 0.280724 20 
0 0.286203 20 
0 0.291151 20 
0 0.292532 20 
0 0.311037 20 
0 0.355015 20 
0 0.357539 20 
0 0.387924 20 
0 0.634827 20 
0 0.68437 20 
0 0.687627 20 
0 0.933808 20 
0 0.934339 20 
0 0.935169 20 
0 0.984449 20 
0 0.984859 20 
0 0.985866 20 
0 1.37277 20 
0 1.37514 20 
0 1.78081 20 
0 1.78086 20 
0 2.11412 20 
0 2.12817 20 
0 2.12898 20 
0 2.39736 20 
0 2.39886 20 
0 2.39918 20 
0 2.95479 20 
0 inf 20 
