4.00013 6.68196 1 
1.22966 3.06548 1 
0.158814 0.175835 1 
0.156298 0.204068 1 
0.144016 0.169557 1 
0.110297 0.115456 1 
0.0868216 0.0992527 1 
0.0820391 0.0848487 1 
0.0758895 0.0839793 1 
0.0743791 0.0810464 1 
0.0721792 0.0909247 1 
0.0587008 0.0759932 1 
0.0564619 0.0652355 1 
0.0542639 0.0565991 1 
0.0511949 0.0513525 1 
0.0504 0.054114 1 
0.047422 0.048764 1 
0.047251 0.050714 1 
0.0465639 0.0519735 1 
0.0447838 0.0456844 1 
0.0406194 0.0408217 1 
0.0394082 0.0578676 1 
0.0392011 0.0408186 1 
0.0366413 0.0525924 1 
0.0289998 0.036857 1 
4.83501 4.85592 2 
4.83365 4.96943 2 
3.49266 4.96984 2 
1.00074 3.99928 2 
0.166082 0.185631 2 
0.165741 0.178975 2 
0.139282 0.186069 2 
0.131512 0.132184 2 
0.112621 0.119387 2 
0.107708 0.107931 2 
0.0893989 0.102867 2 
0.0875689 0.0889436 2 
0.0871068 0.0974464 2 
0.0782076 0.0814403 2 
0.0767439 0.0777845 2 
0.0737271 0.101118 2 
0.0563084 0.0615327 2 
0.0438738 0.0474175 2 
0.0436884 0.0438743 2 
0.0429427 0.0458593 2 
0.0423763 0.0447896 2 
0.0406229 0.0435059 2 
0.0406227 0.0451501 2 
0.0394049 0.0419911 2 
0.0389928 0.0427539 2 
0.0364201 0.0400215 2 
3.57997 3.65854 3 
3.56405 3.654 3 
2.8411 3.67594 3 
0.908814 4.25057 3 
0.143114 0.158352 3 
0.137465 0.168262 3 
0.137407 0.164909 3 
0.136935 0.171542 3 
0.133522 0.139972 3 
0.130276 0.173932 3 
0.0616626 0.0625719 3 
0.0599284 0.0649813 3 
0.0474188 0.0480952 3 
0.0467352 0.046738 3 
0.0458579 0.0538119 3 
0.0442442 0.0474211 3 
0.0385789 0.0460342 3 
2.28029 2.36714 4 
2.27972 2.3632 4 
2.27803 2.35657 4 
0.825024 0.82521 4 
0.819432 4.14746 4 
0.132129 0.138284 4 
0.118643 0.152474 4 
0.108302 0.138983 4 
0.104734 0.108374 4 
0.0945841 0.0948408 4 
0.081439 0.0958634 4 
0.0769514 0.0786165 4 
0.0674272 0.0776857 4 
0.0668227 0.0727379 4 
0.0497517 0.0507157 4 
2.0367 2.09568 5 
1.66991 1.72895 5 
1.39533 3.83415 5 
0.120337 0.128717 5 
0.0878476 0.104498 5 
0.0761064 0.0886752 5 
0.0740528 0.081445 5 
0.0433216 0.044427 5 
3.16721 3.2969 6 
3.16391 3.25401 6 
1.6604 3.3697 6 
1.65537 1.67077 6 
1.60357 1.67077 6 
1.37593 1.42176 6 
1.27941 1.40176 6 
1.25992 1.35227 6 
0.120871 0.121003 6 
0.11782 0.123121 6 
0.0849443 0.086736 6 
0.0717281 0.078096 6 
0.0357536 0.0379445 6 
2.48303 2.66812 7 
2.45679 2.4981 7 
2.44013 2.78354 7 
2.43126 2.66679 7 
2.34365 2.78616 7 
1.70918 1.72417 7 
1.25145 1.34547 7 
1.13288 1.21763 7 
1.10611 1.1812 7 
0.0844665 0.0942416 7 
0.0834042 0.0856032 7 
0.0689686 0.0693185 7 
2.27686 2.48456 8 
2.11906 3.25337 8 
1.96416 2.56865 8 
1.27963 1.30532 8 
0.101038 0.110443 8 
0.0906581 0.0972861 8 
0.0880256 0.0889456 8 
2.46143 2.54158 9 
1.9771 2.02492 9 
1.97495 2.19185 9 
1.63019 2.32843 9 
0.959359 0.9752 9 
0.303655 0.31315 9 
2.02114 2.16248 10 
2.02075 2.16278 10 
2.00519 2.0766 10 
1.88647 2.06765 10 
1.81827 2.22687 10 
1.81813 2.17458 10 
1.33261 2.07461 10 
1.27483 1.4033 10 
0.0835061 0.0880338 10 
2.14131 2.76134 11 
2.14118 2.80388 11 
1.68705 1.7057 11 
1.68031 1.79845 11 
0.24993 0.258451 11 
1.83648 1.85382 12 
1.75239 1.90353 12 
1.70411 2.01968 12 
1.57832 1.66062 12 
1.55985 1.90373 12 
1.53475 1.54542 12 
0.720736 0.750318 12 
1.57675 1.586 13 
1.32412 1.34132 13 
1.28869 1.29704 13 
1.28737 1.35459 13 
0.977263 1.0886 13 
0.862319 0.862987 13 
1.07826 1.11384 14 
1.06681 1.16627 14 
0.979628 1.12478 14 
0.745092 0.764406 14 
0.731981 0.751094 14 
0.727127 0.741754 14 
2.01561 2.08248 15 
2.01555 2.08217 15 
2.01553 2.08259 15 
1.66797 1.86997 15 
1.66741 1.89198 15 
1.66725 1.89231 15 
0.978624 1.02548 15 
0.977056 1.0219 15 
0.974266 1.00416 15 
0.97267 0.989824 15 
0.967292 0.99652 15 
0.961662 1.04655 15 
0.912637 1.10268 15 
0.64105 0.669174 15 
2.09064 2.45679 16 
2.09057 2.45655 16 
2.08953 2.4551 16 
1.35398 1.35418 16 
0.641808 0.668775 16 
1.86055 1.86275 17 
1.84883 1.86066 17 
1.83079 1.86228 17 
1.81324 1.87334 17 
1.78196 1.8779 17 
1.78116 1.87738 17 
1.77921 1.8692 17 
2.13364 2.17427 18 
1.89778 2.12602 18 
1.5675 2.12805 18 
1.56727 2.17193 18 
1.6069 1.67858 19 
1.6039 1.76815 19 
1.59983 1.68158 19 
1.17921 1.25542 19 
1.31826 1.49306 20 
1.31817 1.59037 20 
0.726131 0.807247 20 
