4.50395 8.14468 1 
1.05981 2.67254 1 
0.228679 0.270519 1 
0.20059 0.259662 1 
0.166514 0.170135 1 
0.156015 0.173163 1 
0.102688 0.105617 1 
0.100128 0.153536 1 
0.0991071 0.16974 1 
0.0970325 0.101471 1 
0.0942025 0.0962183 1 
0.0690286 0.0703242 1 
0.0680379 0.0723816 1 
0.0595437 0.0639293 1 
0.0520528 0.0526954 1 
0.0509551 0.097381 1 
0.0281114 0.0281115 1 
0.0201594 0.0222878 1 
0.0177796 0.0222878 1 
5.854 5.85994 2 
5.81498 5.86524 2 
3.92009 5.88148 2 
0.849302 3.49304 2 
0.247783 0.248692 2 
0.225502 0.243507 2 
0.212989 0.218376 2 
0.206304 0.270229 2 
0.189779 0.202891 2 
0.171656 0.183296 2 
0.16934 0.183175 2 
0.166922 0.190961 2 
0.100125 0.113639 2 
0.0726916 0.0760328 2 
0.0670318 0.0690247 2 
0.0660129 0.0660172 2 
0.0593515 0.0752838 2 
4.0518 4.49391 3 
4.05068 4.51927 3 
3.30759 4.53256 3 
0.786244 3.60928 3 
0.228633 0.270604 3 
0.216977 0.242525 3 
0.207183 0.260567 3 
0.203997 0.206362 3 
0.198784 0.214042 3 
0.189235 0.200026 3 
0.167263 0.216506 3 
0.162604 0.279589 3 
0.155582 0.18732 3 
0.141519 0.144987 3 
0.0507362 0.0585849 3 
2.94292 3.19106 4 
2.92357 3.18571 4 
2.90257 3.20191 4 
1.55731 1.60899 4 
1.43066 3.329 4 
0.233951 0.24392 4 
0.227394 0.234436 4 
0.210643 0.238964 4 
0.206033 0.221715 4 
0.199464 0.200705 4 
0.192842 0.248053 4 
0.174069 0.181004 4 
0.155146 0.155505 4 
2.93208 2.93701 5 
2.92894 2.9712 5 
2.7771 2.87584 5 
1.79564 2.97789 5 
0.182494 0.202661 5 
0.162121 0.201488 5 
0.05992 0.0599206 5 
0.0432899 0.0443265 5 
0.0365012 0.0368081 5 
2.76967 2.83908 6 
2.58626 2.6182 6 
2.25223 2.39343 6 
2.09819 2.62156 6 
0.131771 0.136652 6 
0.038606 0.0388951 6 
2.55284 3.10228 7 
2.53522 2.64036 7 
2.23911 2.25421 7 
1.88087 2.33227 7 
1.8562 1.97809 7 
1.84723 2.29058 7 
1.84699 1.96779 7 
1.83457 2.3615 7 
0.399156 0.462883 7 
2.32784 2.54762 8 
2.02488 2.35215 8 
1.97761 1.99819 8 
1.65009 2.02009 8 
1.58674 2.211 8 
1.54356 2.03343 8 
0.212454 0.217445 8 
2.76693 2.81476 9 
2.74866 2.75171 9 
2.51354 3.00321 9 
2.51333 2.98109 9 
1.74765 1.75709 9 
1.7329 1.75952 9 
1.44497 1.75963 9 
0.509953 0.563152 9 
0.095035 0.0975007 9 
0.0644579 0.0654967 9 
2.5958 2.74271 10 
2.59577 2.74372 10 
2.57946 2.60386 10 
2.56478 2.60703 10 
1.46846 1.49844 10 
1.44133 1.52092 10 
0.496628 0.570652 10 
0.191605 0.197068 10 
1.53588 1.9037 11 
1.53541 1.89226 11 
1.34838 1.37925 11 
1.24145 1.35122 11 
1.12835 1.37925 11 
1.12754 1.43002 11 
0.33781 0.345387 11 
0.199968 0.200421 11 
1.74917 1.80916 12 
1.74427 1.80001 12 
1.73413 1.84669 12 
1.04622 1.0874 12 
1.02444 1.03847 12 
1.0122 1.02534 12 
1.0015 1.04135 12 
0.998552 1.03544 12 
0.852304 1.10404 12 
0.762697 1.02734 12 
0.687853 0.731939 12 
0.309341 0.332127 12 
1.15983 1.25868 13 
0.956402 1.05197 13 
0.632021 0.679237 13 
0.312824 0.358919 13 
0.311559 0.313806 13 
2.44928 2.50975 14 
2.44899 2.50986 14 
2.4274 2.48156 14 
0.627036 0.659184 14 
1.5618 1.96943 16 
1.56178 1.96929 16 
1.39737 1.40612 16 
0.306113 0.344606 16 
0.306076 0.346728 16 
1.497 1.57401 17 
0.552903 0.5703 17 
0.514317 0.551806 17 
0.514317 0.553604 17 
0.512045 0.557081 17 
0.494717 0.525845 17 
0.33587 0.349551 17 
0.559483 0.60376 18 
0.478661 0.531566 18 
2.4842 2.51913 19 
0.453522 0.529483 19 
0.436162 0.512661 19 
0.590656 0.591098 20 
