0 0.0152324 1 
0 0.0215424 1 
0 0.0227504 1 
0 0.0227512 1 
0 0.0238896 1 
0 0.0238984 1 
0 0.0246373 1 
0 0.0249924 1 
0 0.0249929 1 
0 0.0256975 1 
0 0.0256976 1 
0 0.0256979 1 
0 0.0273793 1 
0 0.0280229 1 
0 0.0280229 1 
0 0.0280232 1 
0 0.0280233 1 
0 0.0280234 1 
0 0.0280235 1 
0 0.0286515 1 
0 0.029876 1 
0 0.0301683 1 
0 0.0301695 1 
0 0.03017 1 
0 0.0301704 1 
0 0.0301709 1 
0 0.0304614 1 
0 0.0304646 1 
0 0.0304646 1 
0 0.0313303 1 
0 0.0313317 1 
0 0.0318966 1 
0 0.0318967 1 
0 0.0329956 1 
0 0.0337912 1 
0 0.033797 1 
0 0.03406 1 
0 0.0340601 1 
0 0.0345789 1 
0 0.0348377 1 
0 0.0348378 1 
0 0.0355925 1 
0 0.0365874 1 
0 0.0368301 1 
0 0.0377866 1 
0 0.0382508 1 
0 0.0384889 1 
0 0.0400732 1 
0 0.0402959 1 
0 0.0402994 1 
0 0.0420344 1 
0 0.0422468 1 
0 0.0426666 1 
0 0.0428753 1 
0 0.0441002 1 
0 0.0441065 1 
0 0.044511 1 
0 0.0447098 1 
0 0.045891 1 
0 0.0462795 1 
0 0.0470443 1 
0 0.0490858 1 
0 0.0505186 1 
0 0.0525969 1 
0 0.053265 1 
0 0.056368 1 
0 0.0580808 1 
0 0.05854 1 
0 0.0633698 1 
0 0.0642089 1 
0 0.0675931 1 
0 0.069417 1 
0 0.0705673 1 
0 0.0720691 1 
0 0.0746218 1 
0 0.0765121 1 
0 0.077092 1 
0 0.0797148 1 
0 0.0800498 1 
0 0.0821331 1 
0 0.0840701 1 
0 0.0843831 1 
0 0.0878089 1 
0 0.0914879 1 
0 0.0926544 1 
0 0.102702 1 
0 0.106047 1 
0 0.113123 1 
0 0.135852 1 
0 0.151737 1 
0 0.156709 1 
0 0.157053 1 
0 0.164217 1 
0 0.16525 1 
0 0.165896 1 
0 0.166545 1 
0 0.173364 1 
0 0.173366 1 
0 0.183079 1 
0 0.204626 1 
0 0.241844 1 
0 0.2606 1 
0 0.305262 1 
0 0.352096 1 
0 0.402344 1 
0 0.407675 1 
0 0.414213 1 
0 0.460373 1 
0 0.471617 1 
0 0.473174 1 
0 0.525626 1 
0 0.563437 1 
0 0.573382 1 
0 0.577713 1 
0 0.638215 1 
0 0.647123 1 
0 0.794773 1 
0 0.795638 1 
0 0.858727 1 
0 0.994725 1 
0 1.08341 1 
0 1.52155 1 
0 1.80222 1 
0 1.96836 1 
0 2.69925 1 
0 2.93806 1 
0 3.86334 1 
0 4.19958 1 
0 5.05188 1 
0 5.09037 1 
0 5.12326 1 
0 inf 1 
0 0.0146344 2 
0 0.0168958 2 
0 0.0193599 2 
0 0.0253482 2 
0 0.0273811 2 
0 0.0283399 2 
0 0.0283401 2 
0 0.0286533 2 
0 0.0286553 2 
0 0.0289612 2 
0 0.0295726 2 
0 0.0301709 2 
0 0.0301709 2 
0 0.0301741 2 
0 0.0310448 2 
0 0.0318956 2 
0 0.0321742 2 
0 0.0321756 2 
0 0.0327225 2 
0 0.0329941 2 
0 0.0329957 2 
0 0.0335325 2 
0 0.0340601 2 
0 0.0353454 2 
0 0.0355979 2 
0 0.0358443 2 
0 0.0358461 2 
0 0.0358483 2 
0 0.0365854 2 
0 0.0368297 2 
0 0.0368299 2 
0 0.0370731 2 
0 0.0373116 2 
0 0.0373116 2 
0 0.0373117 2 
0 0.037314 2 
0 0.0375489 2 
0 0.0384874 2 
0 0.0384895 2 
0 0.0391772 2 
0 0.0398555 2 
0 0.0398556 2 
0 0.0400785 2 
0 0.0403002 2 
0 0.040302 2 
0 0.0405215 2 
0 0.0409616 2 
0 0.0456937 2 
0 0.0470434 2 
0 0.0476101 2 
0 0.0483538 2 
0 0.0490858 2 
0 0.0539368 2 
0 0.0552402 2 
0 0.0583833 2 
0 0.0588401 2 
0 0.0610756 2 
0 0.0630883 2 
0 0.0640706 2 
0 0.0647638 2 
0 0.0734165 2 
0 0.077324 2 
0 0.0839671 2 
0 0.0840697 2 
0 0.0847007 2 
0 0.0893152 2 
0 0.0965185 2 
0 0.101042 2 
0 0.103916 2 
0 0.105783 2 
0 0.125823 2 
0 0.130419 2 
0 0.133928 2 
0 0.141006 2 
0 0.14132 2 
0 0.142267 2 
0 0.143018 2 
0 0.145978 2 
0 0.150613 2 
0 0.151089 2 
0 0.152676 2 
0 0.156144 2 
0 0.156311 2 
0 0.157282 2 
0 0.159365 2 
0 0.181069 2 
0 0.195347 2 
0 0.198384 2 
0 0.204585 2 
0 0.218952 2 
0 0.265382 2 
0 0.268328 2 
0 0.357454 2 
0 0.377888 2 
0 0.391937 2 
0 0.405636 2 
0 0.431545 2 
0 0.439656 2 
0 0.483364 2 
0 0.498132 2 
0 0.501929 2 
0 0.532822 2 
0 0.548387 2 
0 0.602412 2 
0 0.622229 2 
0 0.640327 2 
0 0.645033 2 
0 0.646649 2 
0 0.668517 2 
0 0.672155 2 
0 0.680075 2 
0 0.768367 2 
0 0.926433 2 
0 0.946991 2 
0 1.13029 2 
0 1.55028 2 
0 1.94189 2 
0 2.21314 2 
0 3.36461 2 
0 3.56895 2 
0 3.63037 2 
0 3.7559 2 
0 3.98956 2 
0 4.03879 2 
0 4.04534 2 
0 4.06148 2 
0 4.1501 2 
0 inf 2 
0 0.0215394 3 
0 0.0235245 3 
0 0.0246325 3 
0 0.025348 3 
0 0.0260413 3 
0 0.0273804 3 
0 0.0289627 3 
0 0.029575 3 
0 0.0298728 3 
0 0.0301716 3 
0 0.0310451 3 
0 0.0321719 3 
0 0.0321745 3 
0 0.0321745 3 
0 0.0329969 3 
0 0.0329974 3 
0 0.0340633 3 
0 0.0345806 3 
0 0.0348383 3 
0 0.0353454 3 
0 0.0355973 3 
0 0.0358468 3 
0 0.0373118 3 
0 0.0377868 3 
0 0.0389493 3 
0 0.0391777 3 
0 0.0394048 3 
0 0.0394058 3 
0 0.0396288 3 
0 0.0400793 3 
0 0.0403001 3 
0 0.0403015 3 
0 0.0430836 3 
0 0.043904 3 
0 0.0474223 3 
0 0.0476074 3 
0 0.0477933 3 
0 0.0485372 3 
0 0.048538 3 
0 0.0492666 3 
0 0.0505197 3 
0 0.0505197 3 
0 0.0512209 3 
0 0.053433 3 
0 0.0558843 3 
0 0.0571482 3 
0 0.0579261 3 
0 0.0589995 3 
0 0.0597439 3 
0 0.0637911 3 
0 0.0687775 3 
0 0.0705651 3 
0 0.0781309 3 
0 0.0785865 3 
0 0.0795945 3 
0 0.0839619 3 
0 0.0857516 3 
0 0.0868903 3 
0 0.0871979 3 
0 0.091976 3 
0 0.112169 3 
0 0.113284 3 
0 0.117005 3 
0 0.124396 3 
0 0.124753 3 
0 0.131851 3 
0 0.136305 3 
0 0.136833 3 
0 0.139097 3 
0 0.140813 3 
0 0.150672 3 
0 0.157052 3 
0 0.157168 3 
0 0.158916 3 
0 0.162633 3 
0 0.171192 3 
0 0.188463 3 
0 0.193557 3 
0 0.264305 3 
0 0.268723 3 
0 0.343681 3 
0 0.360091 3 
0 0.366133 3 
0 0.367005 3 
0 0.370392 3 
0 0.394212 3 
0 0.408113 3 
0 0.409017 3 
0 0.435821 3 
0 0.501459 3 
0 0.509763 3 
0 0.521334 3 
0 0.522103 3 
0 0.523951 3 
0 0.533036 3 
0 0.535273 3 
0 0.569544 3 
0 0.586541 3 
0 0.599446 3 
0 0.607658 3 
0 0.619008 3 
0 0.620643 3 
0 0.646012 3 
0 0.646012 3 
0 0.768111 3 
0 0.782781 3 
0 0.924929 3 
0 1.48467 3 
0 1.51594 3 
0 2.00619 3 
0 2.04686 3 
0 2.52303 3 
0 2.68147 3 
0 2.68254 3 
0 2.68281 3 
0 2.78432 3 
0 3.045 3 
0 3.04879 3 
0 3.04908 3 
0 3.67657 3 
0 4.04085 3 
0 4.23733 3 
0 4.25281 3 
0 inf 3 
0 0.0163624 4 
0 0.0235223 4 
0 0.0246351 4 
0 0.0253481 4 
0 0.0263839 4 
0 0.0301722 4 
0 0.0313308 4 
0 0.0324506 4 
0 0.0345812 4 
0 0.0345817 4 
0 0.0348385 4 
0 0.0348391 4 
0 0.0368315 4 
0 0.0375491 4 
0 0.0387193 4 
0 0.0387204 4 
0 0.0389494 4 
0 0.0394057 4 
0 0.0409583 4 
0 0.0409608 4 
0 0.041822 4 
0 0.0428752 4 
0 0.0428753 4 
0 0.0428759 4 
0 0.0430809 4 
0 0.0430824 4 
0 0.0434946 4 
0 0.0434971 4 
0 0.0445092 4 
0 0.0449089 4 
0 0.0462728 4 
0 0.0468538 4 
0 0.0477926 4 
0 0.0510458 4 
0 0.0519093 4 
0 0.0566812 4 
0 0.0571501 4 
0 0.0577719 4 
0 0.0579265 4 
0 0.060043 4 
0 0.0604846 4 
0 0.061946 4 
0 0.0628044 4 
0 0.0632296 4 
0 0.0649011 4 
0 0.0661259 4 
0 0.067198 4 
0 0.0675959 4 
0 0.0700568 4 
0 0.0813722 4 
0 0.0904146 4 
0 0.0955932 4 
0 0.103651 4 
0 0.105781 4 
0 0.108036 4 
0 0.114297 4 
0 0.114537 4 
0 0.115774 4 
0 0.120534 4 
0 0.120908 4 
0 0.122657 4 
0 0.12382 4 
0 0.126317 4 
0 0.128281 4 
0 0.153897 4 
0 0.155227 4 
0 0.160873 4 
0 0.16335 4 
0 0.186173 4 
0 0.194063 4 
0 0.308642 4 
0 0.330011 4 
0 0.330471 4 
0 0.364959 4 
0 0.378945 4 
0 0.380654 4 
0 0.382611 4 
0 0.41568 4 
0 0.452246 4 
0 0.461566 4 
0 0.473927 4 
0 0.489687 4 
0 0.490751 4 
0 0.497411 4 
0 0.497625 4 
0 0.498144 4 
0 0.502392 4 
0 0.507324 4 
0 0.508472 4 
0 0.529909 4 
0 0.576393 4 
0 0.585793 4 
0 0.593285 4 
0 0.612405 4 
0 0.615544 4 
0 0.628897 4 
0 0.668642 4 
0 0.771519 4 
0 0.973817 4 
0 1.08908 4 
0 1.235 4 
0 1.40113 4 
0 1.44546 4 
0 1.44589 4 
0 1.44635 4 
0 1.52189 4 
0 1.57166 4 
0 1.57895 4 
0 1.58942 4 
0 1.65334 4 
0 1.8927 4 
0 2.4987 4 
0 2.80305 4 
0 2.80488 4 
0 2.8059 4 
0 2.84346 4 
0 2.88451 4 
0 2.8871 4 
0 2.97179 4 
0 inf 4 
0 0.0298738 5 
0 0.0337944 5 
0 0.0337966 5 
0 0.0337969 5 
0 0.033797 5 
0 0.0345804 5 
0 0.0345806 5 
0 0.036584 5 
0 0.0380228 5 
0 0.0380235 5 
0 0.0382563 5 
0 0.0387201 5 
0 0.0389481 5 
0 0.0396308 5 
0 0.0405202 5 
0 0.0405217 5 
0 0.0405237 5 
0 0.040524 5 
0 0.0424589 5 
0 0.0428757 5 
0 0.0437005 5 
0 0.0455015 5 
0 0.0476113 5 
0 0.0481675 5 
0 0.0489031 5 
0 0.0506974 5 
0 0.0510458 5 
0 0.0510465 5 
0 0.0513955 5 
0 0.0532716 5 
0 0.0545895 5 
0 0.0591442 5 
0 0.0594423 5 
0 0.0612225 5 
0 0.0616555 5 
0 0.0626572 5 
0 0.0639249 5 
0 0.0639249 5 
0 0.0655797 5 
0 0.0661261 5 
0 0.0666667 5 
0 0.0669299 5 
0 0.0670642 5 
0 0.0675921 5 
0 0.0749792 5 
0 0.0753359 5 
0 0.0754516 5 
0 0.0762747 5 
0 0.0780118 5 
0 0.078694 5 
0 0.104597 5 
0 0.110082 5 
0 0.11289 5 
0 0.116692 5 
0 0.117304 5 
0 0.132326 5 
0 0.146473 5 
0 0.152675 5 
0 0.159814 5 
0 0.159814 5 
0 0.184879 5 
0 0.18837 5 
0 0.244443 5 
0 0.330472 5 
0 0.331038 5 
0 0.37984 5 
0 0.393637 5 
0 0.398022 5 
0 0.405894 5 
0 0.40789 5 
0 0.451705 5 
0 0.458586 5 
0 0.459033 5 
0 0.481184 5 
0 0.486716 5 
0 0.487169 5 
0 0.488546 5 
0 0.499172 5 
0 0.500385 5 
0 0.503514 5 
0 0.510291 5 
0 0.537734 5 
0 0.546762 5 
0 0.554542 5 
0 0.555892 5 
0 0.564105 5 
0 0.569583 5 
0 0.570085 5 
0 0.781175 5 
0 0.947654 5 
0 1.09598 5 
0 1.2247 5 
0 1.29907 5 
0 1.3484 5 
0 1.40595 5 
0 1.46928 5 
0 1.53109 5 
0 1.59635 5 
0 1.6658 5 
0 1.76934 5 
0 1.77545 5 
0 1.77595 5 
0 1.78175 5 
0 1.92832 5 
0 1.9959 5 
0 1.99677 5 
0 2.00972 5 
0 2.15307 5 
0 2.15367 5 
0 2.15624 5 
0 2.15845 5 
0 2.17314 5 
0 2.25227 5 
0 2.25906 5 
0 2.3265 5 
0 inf 5 
0 0.0184171 6 
0 0.0286556 6 
0 0.0327219 6 
0 0.0368287 6 
0 0.0382558 6 
0 0.0422479 6 
0 0.042668 6 
0 0.0443124 6 
0 0.0447098 6 
0 0.0447106 6 
0 0.046663 6 
0 0.0476078 6 
0 0.0476085 6 
0 0.0476102 6 
0 0.051221 6 
0 0.0513938 6 
0 0.0519073 6 
0 0.0519124 6 
0 0.0527656 6 
0 0.0527657 6 
0 0.0534387 6 
0 0.0550821 6 
0 0.0550824 6 
0 0.0552431 6 
0 0.0563632 6 
0 0.056837 6 
0 0.0571503 6 
0 0.0574616 6 
0 0.0577659 6 
0 0.0612261 6 
0 0.0626611 6 
0 0.0626628 6 
0 0.064348 6 
0 0.0643504 6 
0 0.0647637 6 
0 0.0689071 6 
0 0.0692946 6 
0 0.06968 6 
0 0.0777846 6 
0 0.0782428 6 
0 0.0809247 6 
0 0.0825626 6 
0 0.0832145 6 
0 0.0892193 6 
0 0.0988096 6 
0 0.106625 6 
0 0.108035 6 
0 0.111774 6 
0 0.122588 6 
0 0.12389 6 
0 0.134796 6 
0 0.1532 6 
0 0.190913 6 
0 0.19189 6 
0 0.203576 6 
0 0.217388 6 
0 0.275323 6 
0 0.276358 6 
0 0.2851 6 
0 0.330255 6 
0 0.363376 6 
0 0.376725 6 
0 0.382004 6 
0 0.386894 6 
0 0.39027 6 
0 0.408707 6 
0 0.411428 6 
0 0.438456 6 
0 0.480352 6 
0 0.487433 6 
0 0.487469 6 
0 0.488669 6 
0 0.489188 6 
0 0.528658 6 
0 0.547824 6 
0 0.549304 6 
0 0.553405 6 
0 0.557426 6 
0 0.564519 6 
0 0.575248 6 
0 0.57672 6 
0 0.656945 6 
0 0.718919 6 
0 0.768958 6 
0 1.00072 6 
0 1.01196 6 
0 1.07582 6 
0 1.14235 6 
0 1.17396 6 
0 1.17796 6 
0 1.17848 6 
0 1.19 6 
0 1.19045 6 
0 1.38767 6 
0 1.39337 6 
0 1.40623 6 
0 1.44106 6 
0 1.44781 6 
0 1.53758 6 
0 1.54554 6 
0 1.55207 6 
0 1.5783 6 
0 1.68913 6 
0 1.68913 6 
0 1.68989 6 
0 1.69542 6 
0 1.71484 6 
0 2.30276 6 
0 2.30626 6 
0 2.31659 6 
0 2.36331 6 
0 inf 6 
0 0.0280211 7 
0 0.028963 7 
0 0.0298735 7 
0 0.0313306 7 
0 0.0313311 7 
0 0.0355965 7 
0 0.0391771 7 
0 0.04052 7 
0 0.0405203 7 
0 0.0428773 7 
0 0.0434944 7 
0 0.0439045 7 
0 0.0443068 7 
0 0.0468529 7 
0 0.0487205 7 
0 0.0490844 7 
0 0.049808 7 
0 0.0508678 7 
0 0.051742 7 
0 0.0527637 7 
0 0.0527693 7 
0 0.0555672 7 
0 0.0604908 7 
0 0.0632287 7 
0 0.0653127 7 
0 0.0685109 7 
0 0.0704397 7 
0 0.0705649 7 
0 0.0770935 7 
0 0.0778985 7 
0 0.0795966 7 
0 0.0826811 7 
0 0.0900158 7 
0 0.0908056 7 
0 0.0982638 7 
0 0.0988085 7 
0 0.100419 7 
0 0.101127 7 
0 0.112962 7 
0 0.118134 7 
0 0.126107 7 
0 0.128491 7 
0 0.129941 7 
0 0.147017 7 
0 0.147202 7 
0 0.168779 7 
0 0.189062 7 
0 0.189079 7 
0 0.227075 7 
0 0.239508 7 
0 0.242286 7 
0 0.242626 7 
0 0.273879 7 
0 0.281115 7 
0 0.281926 7 
0 0.282333 7 
0 0.285949 7 
0 0.3292 7 
0 0.370357 7 
0 0.385821 7 
0 0.411497 7 
0 0.412601 7 
0 0.458424 7 
0 0.481486 7 
0 0.481801 7 
0 0.488249 7 
0 0.490571 7 
0 0.505077 7 
0 0.551344 7 
0 0.55734 7 
0 0.563312 7 
0 0.565636 7 
0 0.570079 7 
0 0.577545 7 
0 0.580996 7 
0 0.654464 7 
0 0.677762 7 
0 0.749672 7 
0 0.774856 7 
0 0.94005 7 
0 1.00293 7 
0 1.07074 7 
0 1.17101 7 
0 1.17243 7 
0 1.17535 7 
0 1.19321 7 
0 1.19393 7 
0 1.20326 7 
0 1.20326 7 
0 1.20546 7 
0 1.29967 7 
0 1.35434 7 
0 1.35516 7 
0 1.36817 7 
0 1.37467 7 
0 1.38481 7 
0 1.49387 7 
0 1.52071 7 
0 1.53066 7 
0 1.58115 7 
0 1.67901 7 
0 1.78092 7 
0 1.99196 7 
0 2.01038 7 
0 2.01101 7 
0 2.01131 7 
0 2.01694 7 
0 inf 7 
0 0.0310465 8 
0 0.0380247 8 
0 0.0396286 8 
0 0.0487219 8 
0 0.051397 8 
0 0.0515659 8 
0 0.0515673 8 
0 0.051742 8 
0 0.0580763 8 
0 0.0591448 8 
0 0.0600433 8 
0 0.0606349 8 
0 0.0606352 8 
0 0.0696756 8 
0 0.0718203 8 
0 0.0734128 8 
0 0.0767405 8 
0 0.0770923 8 
0 0.0778935 8 
0 0.0796023 8 
0 0.0797143 8 
0 0.0825689 8 
0 0.0834311 8 
0 0.0835407 8 
0 0.0870909 8 
0 0.0881131 8 
0 0.0971644 8 
0 0.0975355 8 
0 0.0989008 8 
0 0.107043 8 
0 0.108775 8 
0 0.110085 8 
0 0.112097 8 
0 0.113285 8 
0 0.114761 8 
0 0.115463 8 
0 0.115926 8 
0 0.152675 8 
0 0.166099 8 
0 0.176681 8 
0 0.181465 8 
0 0.187468 8 
0 0.200924 8 
0 0.215467 8 
0 0.251173 8 
0 0.255366 8 
0 0.257713 8 
0 0.262244 8 
0 0.269157 8 
0 0.276044 8 
0 0.287911 8 
0 0.297785 8 
0 0.327814 8 
0 0.371944 8 
0 0.421605 8 
0 0.423526 8 
0 0.424756 8 
0 0.434623 8 
0 0.45998 8 
0 0.486901 8 
0 0.488961 8 
0 0.567987 8 
0 0.568866 8 
0 0.576338 8 
0 0.579796 8 
0 0.619662 8 
0 0.674777 8 
0 0.681543 8 
0 0.697987 8 
0 0.766332 8 
0 0.820649 8 
0 0.822994 8 
0 0.847832 8 
0 0.84859 8 
0 0.85878 8 
0 0.896455 8 
0 0.912588 8 
0 0.98603 8 
0 1.01447 8 
0 1.01942 8 
0 1.0772 8 
0 1.17581 8 
0 1.17657 8 
0 1.18147 8 
0 1.18337 8 
0 1.18412 8 
0 1.19203 8 
0 1.34336 8 
0 1.37344 8 
0 1.37715 8 
0 1.40107 8 
0 1.40184 8 
0 1.40717 8 
0 1.42675 8 
0 1.50567 8 
0 1.50605 8 
0 1.51849 8 
0 1.56189 8 
0 1.56222 8 
0 1.57363 8 
0 1.57779 8 
0 1.63141 8 
0 1.70877 8 
0 inf 8 
0 0.0219534 9 
0 0.0256983 9 
0 0.0424573 9 
0 0.0468535 9 
0 0.0476075 9 
0 0.0519214 9 
0 0.0532718 9 
0 0.053772 9 
0 0.0600386 9 
0 0.0630882 9 
0 0.0632313 9 
0 0.0642046 9 
0 0.064348 9 
0 0.0658565 9 
0 0.0662603 9 
0 0.0686422 9 
0 0.0718182 9 
0 0.0790388 9 
0 0.0794894 9 
0 0.088517 9 
0 0.089316 9 
0 0.0899132 9 
0 0.0945617 9 
0 0.102446 9 
0 0.10696 9 
0 0.11453 9 
0 0.115232 9 
0 0.116081 9 
0 0.147928 9 
0 0.154361 9 
0 0.166276 9 
0 0.167543 9 
0 0.176021 9 
0 0.190864 9 
0 0.199098 9 
0 0.20615 9 
0 0.220324 9 
0 0.227144 9 
0 0.24977 9 
0 0.255869 9 
0 0.262983 9 
0 0.266471 9 
0 0.329172 9 
0 0.330545 9 
0 0.331757 9 
0 0.353441 9 
0 0.414582 9 
0 0.416536 9 
0 0.439182 9 
0 0.442743 9 
0 0.448515 9 
0 0.450069 9 
0 0.487634 9 
0 0.487846 9 
0 0.517418 9 
0 0.526493 9 
0 0.528506 9 
0 0.576765 9 
0 0.577755 9 
0 0.59534 9 
0 0.694526 9 
0 0.706943 9 
0 0.767042 9 
0 0.771155 9 
0 0.781792 9 
0 0.785788 9 
0 0.799258 9 
0 0.805264 9 
0 0.813722 9 
0 0.828088 9 
0 0.831664 9 
0 0.848036 9 
0 0.85683 9 
0 0.911518 9 
0 0.912271 9 
0 0.949097 9 
0 0.966982 9 
0 0.967121 9 
0 0.992488 9 
0 1.09543 9 
0 1.1763 9 
0 1.1772 9 
0 1.19308 9 
0 1.2835 9 
0 1.28384 9 
0 1.38804 9 
0 1.39063 9 
0 1.39389 9 
0 1.40075 9 
0 1.44362 9 
0 1.50669 9 
0 1.50801 9 
0 1.53479 9 
0 1.56743 9 
0 1.56745 9 
0 1.6479 9 
0 1.64942 9 
0 1.65837 9 
0 1.65844 9 
0 inf 9 
0 0.0283362 10 
0 0.041178 10 
0 0.0464709 10 
0 0.0481678 10 
0 0.0583923 10 
0 0.0627994 10 
0 0.062951 10 
0 0.0662621 10 
0 0.0695456 10 
0 0.0737854 10 
0 0.0759237 10 
0 0.0798248 10 
0 0.0813716 10 
0 0.0814817 10 
0 0.0912947 10 
0 0.10051 10 
0 0.101567 10 
0 0.101654 10 
0 0.108118 10 
0 0.110971 10 
0 0.114455 10 
0 0.123604 10 
0 0.156439 10 
0 0.157338 10 
0 0.15768 10 
0 0.18192 10 
0 0.19521 10 
0 0.198205 10 
0 0.215201 10 
0 0.229781 10 
0 0.232752 10 
0 0.240399 10 
0 0.260844 10 
0 0.262298 10 
0 0.309373 10 
0 0.315542 10 
0 0.339161 10 
0 0.348273 10 
0 0.34876 10 
0 0.371721 10 
0 0.376374 10 
0 0.377511 10 
0 0.380616 10 
0 0.380688 10 
0 0.396877 10 
0 0.403013 10 
0 0.427677 10 
0 0.449744 10 
0 0.452572 10 
0 0.482736 10 
0 0.486894 10 
0 0.491153 10 
0 0.524216 10 
0 0.524993 10 
0 0.526673 10 
0 0.526933 10 
0 0.607551 10 
0 0.667505 10 
0 0.68426 10 
0 0.766966 10 
0 0.768739 10 
0 0.772387 10 
0 0.774377 10 
0 0.785618 10 
0 0.864399 10 
0 0.864729 10 
0 0.909508 10 
0 0.914089 10 
0 0.925694 10 
0 0.925809 10 
0 0.926282 10 
0 1.00301 10 
0 1.05087 10 
0 1.0695 10 
0 1.07203 10 
0 1.10708 10 
0 1.17122 10 
0 1.17186 10 
0 1.20731 10 
0 1.22094 10 
0 1.221 10 
0 1.27618 10 
0 1.27744 10 
0 1.352 10 
0 1.35206 10 
0 1.36489 10 
0 1.36799 10 
0 1.49374 10 
0 1.50987 10 
0 1.51024 10 
0 1.52176 10 
0 1.52279 10 
0 1.52338 10 
0 1.57865 10 
0 1.57869 10 
0 inf 10 
0 0.0273788 11 
0 0.0418311 11 
0 0.0503441 11 
0 0.0513967 11 
0 0.0522515 11 
0 0.0542651 11 
0 0.0740257 11 
0 0.0866808 11 
0 0.0975457 11 
0 0.10713 11 
0 0.113442 11 
0 0.127512 11 
0 0.131509 11 
0 0.14942 11 
0 0.159312 11 
0 0.160225 11 
0 0.161977 11 
0 0.167512 11 
0 0.175362 11 
0 0.181363 11 
0 0.183311 11 
0 0.206463 11 
0 0.212458 11 
0 0.215307 11 
0 0.225902 11 
0 0.235539 11 
0 0.239658 11 
0 0.249901 11 
0 0.294111 11 
0 0.32724 11 
0 0.330469 11 
0 0.331011 11 
0 0.334264 11 
0 0.3632 11 
0 0.365012 11 
0 0.365625 11 
0 0.380032 11 
0 0.381439 11 
0 0.385905 11 
0 0.395886 11 
0 0.40592 11 
0 0.487077 11 
0 0.490429 11 
0 0.508525 11 
0 0.522846 11 
0 0.528196 11 
0 0.529418 11 
0 0.530075 11 
0 0.530075 11 
0 0.534268 11 
0 0.53725 11 
0 0.537317 11 
0 0.547567 11 
0 0.558028 11 
0 0.658184 11 
0 0.659165 11 
0 0.674156 11 
0 0.67779 11 
0 0.710864 11 
0 0.715556 11 
0 0.741145 11 
0 0.792292 11 
0 0.856463 11 
0 0.856546 11 
0 0.919494 11 
0 0.921507 11 
0 0.925363 11 
0 0.925501 11 
0 0.926079 11 
0 0.926633 11 
0 0.928182 11 
0 0.938128 11 
0 0.943601 11 
0 1.06618 11 
0 1.15682 11 
0 1.17109 11 
0 1.17274 11 
0 1.18682 11 
0 1.18948 11 
0 1.18957 11 
0 1.19011 11 
0 1.36931 11 
0 1.37315 11 
0 1.45239 11 
0 1.45305 11 
0 1.45305 11 
0 1.50493 11 
0 1.50695 11 
0 1.50695 11 
0 1.50738 11 
0 1.50765 11 
0 inf 11 
0 0.0481629 12 
0 0.0498161 12 
0 0.0510494 12 
0 0.0625245 12 
0 0.0768606 12 
0 0.110086 12 
0 0.114926 12 
0 0.121422 12 
0 0.144754 12 
0 0.148045 12 
0 0.149342 12 
0 0.156448 12 
0 0.168733 12 
0 0.178129 12 
0 0.185878 12 
0 0.185935 12 
0 0.190498 12 
0 0.208429 12 
0 0.212344 12 
0 0.212344 12 
0 0.22363 12 
0 0.243023 12 
0 0.274932 12 
0 0.277598 12 
0 0.282107 12 
0 0.284754 12 
0 0.285974 12 
0 0.29597 12 
0 0.303562 12 
0 0.304914 12 
0 0.311907 12 
0 0.313363 12 
0 0.330687 12 
0 0.338045 12 
0 0.342243 12 
0 0.347503 12 
0 0.370976 12 
0 0.373336 12 
0 0.379939 12 
0 0.397612 12 
0 0.408507 12 
0 0.408704 12 
0 0.419433 12 
0 0.429569 12 
0 0.493529 12 
0 0.507488 12 
0 0.507657 12 
0 0.623916 12 
0 0.62677 12 
0 0.627795 12 
0 0.648982 12 
0 0.675244 12 
0 0.675666 12 
0 0.676722 12 
0 0.702539 12 
0 0.703047 12 
0 0.757414 12 
0 0.757885 12 
0 0.822345 12 
0 0.825886 12 
0 0.828475 12 
0 0.867688 12 
0 0.867843 12 
0 0.908625 12 
0 0.91762 12 
0 0.919821 12 
0 1.04019 12 
0 1.04048 12 
0 1.04048 12 
0 1.17125 12 
0 1.17141 12 
0 1.17254 12 
0 1.17299 12 
0 1.17315 12 
0 1.34912 12 
0 1.35602 12 
0 1.37103 12 
0 1.37106 12 
0 1.37475 12 
0 1.37599 12 
0 1.37621 12 
0 1.38171 12 
0 1.50475 12 
0 1.50698 12 
0 1.5506 12 
0 1.55065 12 
0 1.55116 12 
0 inf 12 
0 0.0717009 13 
0 0.088012 13 
0 0.106795 13 
0 0.153139 13 
0 0.155685 13 
0 0.161578 13 
0 0.162208 13 
0 0.165736 13 
0 0.182112 13 
0 0.197928 13 
0 0.209977 13 
0 0.239766 13 
0 0.249303 13 
0 0.250542 13 
0 0.253455 13 
0 0.253736 13 
0 0.258605 13 
0 0.261964 13 
0 0.28222 13 
0 0.283404 13 
0 0.28524 13 
0 0.285619 13 
0 0.290031 13 
0 0.292051 13 
0 0.295789 13 
0 0.295789 13 
0 0.297949 13 
0 0.299831 13 
0 0.307291 13 
0 0.328654 13 
0 0.330226 13 
0 0.330658 13 
0 0.334095 13 
0 0.334121 13 
0 0.337205 13 
0 0.341413 13 
0 0.345221 13 
0 0.358949 13 
0 0.365914 13 
0 0.412331 13 
0 0.421408 13 
0 0.437369 13 
0 0.45121 13 
0 0.452159 13 
0 0.452217 13 
0 0.493707 13 
0 0.511336 13 
0 0.65675 13 
0 0.660367 13 
0 0.689005 13 
0 0.743186 13 
0 0.792904 13 
0 0.792904 13 
0 0.793207 13 
0 0.886151 13 
0 0.909908 13 
0 0.911106 13 
0 0.92235 13 
0 0.975914 13 
0 0.976234 13 
0 0.977805 13 
0 1.03611 13 
0 1.17105 13 
0 1.17454 13 
0 1.21877 13 
0 1.2189 13 
0 1.22238 13 
0 1.23037 13 
0 1.23063 13 
0 1.23071 13 
0 1.33537 13 
0 1.33911 13 
0 1.35569 13 
0 1.3664 13 
0 1.37224 13 
0 1.46812 13 
0 1.46812 13 
0 1.46828 13 
0 1.50573 13 
0 1.51247 13 
0 1.58762 13 
0 1.58774 13 
0 1.5885 13 
0 inf 13 
0 0.0515757 14 
0 0.0622336 14 
0 0.0663973 14 
0 0.110972 14 
0 0.164448 14 
0 0.168673 14 
0 0.175415 14 
0 0.210699 14 
0 0.212345 14 
0 0.213351 14 
0 0.215349 14 
0 0.226368 14 
0 0.235603 14 
0 0.246447 14 
0 0.266758 14 
0 0.267703 14 
0 0.267924 14 
0 0.273648 14 
0 0.277437 14 
0 0.277598 14 
0 0.277887 14 
0 0.277919 14 
0 0.305053 14 
0 0.305441 14 
0 0.311451 14 
0 0.311451 14 
0 0.312337 14 
0 0.314189 14 
0 0.321968 14 
0 0.323074 14 
0 0.324557 14 
0 0.328308 14 
0 0.345959 14 
0 0.346165 14 
0 0.350877 14 
0 0.350877 14 
0 0.360734 14 
0 0.373637 14 
0 0.422592 14 
0 0.426292 14 
0 0.427963 14 
0 0.431618 14 
0 0.485845 14 
0 0.496692 14 
0 0.652579 14 
0 0.722366 14 
0 0.766251 14 
0 0.77375 14 
0 0.773796 14 
0 0.793342 14 
0 0.824559 14 
0 0.910861 14 
0 0.930403 14 
0 0.939309 14 
0 0.939338 14 
0 0.940961 14 
0 0.960773 14 
0 1.1712 14 
0 1.17412 14 
0 1.25591 14 
0 1.27049 14 
0 1.27055 14 
0 1.27077 14 
0 1.33653 14 
0 1.34347 14 
0 1.34377 14 
0 1.36686 14 
0 1.37706 14 
0 1.48444 14 
0 1.48489 14 
0 1.48509 14 
0 1.5044 14 
0 1.51109 14 
0 1.52234 14 
0 1.52239 14 
0 1.52248 14 
0 1.6846 14 
0 1.68512 14 
0 1.6852 14 
0 inf 14 
0 0.0655805 15 
0 0.0672074 15 
0 0.0699341 15 
0 0.0703212 15 
0 0.0714541 15 
0 0.108123 15 
0 0.108787 15 
0 0.121713 15 
0 0.158591 15 
0 0.161325 15 
0 0.16363 15 
0 0.164283 15 
0 0.166059 15 
0 0.169713 15 
0 0.220265 15 
0 0.220856 15 
0 0.223523 15 
0 0.225934 15 
0 0.227388 15 
0 0.232564 15 
0 0.236181 15 
0 0.256354 15 
0 0.266759 15 
0 0.282506 15 
0 0.282979 15 
0 0.290449 15 
0 0.290449 15 
0 0.329306 15 
0 0.329956 15 
0 0.334335 15 
0 0.334522 15 
0 0.341388 15 
0 0.36386 15 
0 0.365915 15 
0 0.36782 15 
0 0.476675 15 
0 0.478916 15 
0 0.479363 15 
0 0.479754 15 
0 0.488858 15 
0 0.49906 15 
0 0.503735 15 
0 0.536819 15 
0 0.546816 15 
0 0.680789 15 
0 0.755089 15 
0 0.852391 15 
0 0.862187 15 
0 0.863211 15 
0 0.910782 15 
0 0.929981 15 
0 0.930211 15 
0 0.931131 15 
0 0.931218 15 
0 0.961477 15 
0 0.992564 15 
0 0.998399 15 
0 0.998399 15 
0 1.0915 15 
0 1.17933 15 
0 1.19374 15 
0 1.19382 15 
0 1.19434 15 
0 1.32789 15 
0 1.33668 15 
0 1.33695 15 
0 1.33698 15 
0 1.38582 15 
0 1.47535 15 
0 1.47671 15 
0 1.47671 15 
0 1.51623 15 
0 1.51962 15 
0 1.51975 15 
0 1.51994 15 
0 inf 15 
0 0.0539448 16 
0 0.0831141 16 
0 0.0879072 16 
0 0.0930415 16 
0 0.0938943 16 
0 0.102969 16 
0 0.103574 16 
0 0.104599 16 
0 0.167832 16 
0 0.171544 16 
0 0.173685 16 
0 0.174096 16 
0 0.176134 16 
0 0.180122 16 
0 0.181453 16 
0 0.182631 16 
0 0.216836 16 
0 0.217698 16 
0 0.217822 16 
0 0.221841 16 
0 0.256378 16 
0 0.296755 16 
0 0.312016 16 
0 0.313215 16 
0 0.314608 16 
0 0.324275 16 
0 0.328963 16 
0 0.340894 16 
0 0.342554 16 
0 0.345501 16 
0 0.377374 16 
0 0.466627 16 
0 0.467392 16 
0 0.467697 16 
0 0.468155 16 
0 0.499487 16 
0 0.499548 16 
0 0.591604 16 
0 0.596913 16 
0 0.616329 16 
0 0.638283 16 
0 0.736009 16 
0 0.798611 16 
0 0.806278 16 
0 0.846397 16 
0 0.847745 16 
0 0.848755 16 
0 0.90773 16 
0 0.90773 16 
0 0.907818 16 
0 0.911227 16 
0 0.913702 16 
0 0.959685 16 
0 0.959713 16 
0 0.959713 16 
0 0.960689 16 
0 1.1671 16 
0 1.18093 16 
0 1.18355 16 
0 1.18526 16 
0 1.18529 16 
0 1.26293 16 
0 1.39582 16 
0 1.41443 16 
0 1.41633 16 
0 1.41713 16 
0 1.41734 16 
0 1.51789 16 
0 1.51791 16 
0 1.51829 16 
0 1.51845 16 
0 inf 16 
0 0.0734224 17 
0 0.0743878 17 
0 0.0846033 17 
0 0.108617 17 
0 0.118369 17 
0 0.162019 17 
0 0.164696 17 
0 0.164696 17 
0 0.171202 17 
0 0.171202 17 
0 0.172604 17 
0 0.193357 17 
0 0.224394 17 
0 0.235484 17 
0 0.255388 17 
0 0.256225 17 
0 0.257787 17 
0 0.26364 17 
0 0.267462 17 
0 0.365693 17 
0 0.374401 17 
0 0.375716 17 
0 0.37952 17 
0 0.381654 17 
0 0.453706 17 
0 0.454335 17 
0 0.454394 17 
0 0.454394 17 
0 0.488091 17 
0 0.488949 17 
0 0.491637 17 
0 0.492314 17 
0 0.492586 17 
0 0.496029 17 
0 0.49619 17 
0 0.521432 17 
0 0.565755 17 
0 0.565951 17 
0 0.606049 17 
0 0.639315 17 
0 0.646902 17 
0 0.657087 17 
0 0.660337 17 
0 0.79334 17 
0 0.793441 17 
0 0.842403 17 
0 0.854561 17 
0 0.855688 17 
0 0.856522 17 
0 0.955182 17 
0 0.955407 17 
0 0.955631 17 
0 0.95578 17 
0 1.03808 17 
0 1.18577 17 
0 1.18649 17 
0 1.18649 17 
0 1.18683 17 
0 1.20167 17 
0 1.40651 17 
0 1.40917 17 
0 1.40996 17 
0 1.41 17 
0 1.53531 17 
0 1.53558 17 
0 1.53564 17 
0 1.53621 17 
0 inf 17 
0 0.0834366 18 
0 0.0884216 18 
0 0.0928518 18 
0 0.167596 18 
0 0.170133 18 
0 0.170395 18 
0 0.193649 18 
0 0.204411 18 
0 0.205325 18 
0 0.218634 18 
0 0.220706 18 
0 0.221835 18 
0 0.222638 18 
0 0.333803 18 
0 0.336651 18 
0 0.338343 18 
0 0.370526 18 
0 0.370646 18 
0 0.370862 18 
0 0.3869 18 
0 0.418014 18 
0 0.418035 18 
0 0.418163 18 
0 0.425826 18 
0 0.428471 18 
0 0.44536 18 
0 0.447411 18 
0 0.449642 18 
0 0.453259 18 
0 0.458082 18 
0 0.458452 18 
0 0.488931 18 
0 0.490444 18 
0 0.490735 18 
0 0.491782 18 
0 0.491945 18 
0 0.492217 18 
0 0.53682 18 
0 0.622373 18 
0 0.776672 18 
0 0.777257 18 
0 0.841362 18 
0 0.948006 18 
0 0.948232 18 
0 0.948533 18 
0 0.953066 18 
0 0.956097 18 
0 0.98073 18 
0 0.98114 18 
0 0.982839 18 
0 1.18749 18 
0 1.19237 18 
0 1.19255 18 
0 1.19255 18 
0 1.2668 18 
0 1.42 18 
0 1.4411 18 
0 1.4412 18 
0 1.44185 18 
0 1.53351 18 
0 1.53363 18 
0 1.53379 18 
0 1.53901 18 
0 inf 18 
0 0.147866 19 
0 0.149186 19 
0 0.149186 19 
0 0.153551 19 
0 0.154015 19 
0 0.15864 19 
0 0.159985 19 
0 0.159985 19 
0 0.173523 19 
0 0.176468 19 
0 0.176518 19 
0 0.176922 19 
0 0.20954 19 
0 0.211701 19 
0 0.211701 19 
0 0.302944 19 
0 0.324534 19 
0 0.328331 19 
0 0.328412 19 
0 0.332061 19 
0 0.37412 19 
0 0.374478 19 
0 0.374693 19 
0 0.394122 19 
0 0.395027 19 
0 0.395207 19 
0 0.398173 19 
0 0.417986 19 
0 0.439528 19 
0 0.442623 19 
0 0.488164 19 
0 0.488365 19 
0 0.488383 19 
0 0.488578 19 
0 0.489727 19 
0 0.489945 19 
0 0.574431 19 
0 0.756421 19 
0 0.779575 19 
0 0.782489 19 
0 0.933422 19 
0 0.934139 19 
0 0.934874 19 
0 1.05566 19 
0 1.06881 19 
0 1.07 19 
0 1.21469 19 
0 1.21845 19 
0 1.21924 19 
0 1.21995 19 
0 1.33031 19 
0 1.46715 19 
0 1.46802 19 
0 1.47016 19 
0 1.5282 19 
0 1.52834 19 
0 1.52849 19 
0 2.03503 19 
0 3.02946 19 
0 inf 19 
0 0.103575 20 
0 0.104262 20 
0 0.104426 20 
0 0.104426 20 
0 0.112178 20 
0 0.126171 20 
0 0.127298 20 
0 0.127857 20 
0 0.157338 20 
0 0.157338 20 
0 0.16384 20 
0 0.177535 20 
0 0.192771 20 
0 0.193095 20 
0 0.195712 20 
0 0.219309 20 
0 0.219757 20 
0 0.220162 20 
0 0.228599 20 
0 0.231084 20 
0 0.331334 20 
0 0.331334 20 
0 0.34173 20 
0 0.37064 20 
0 0.37064 20 
0 0.37064 20 
0 0.377327 20 
0 0.377682 20 
0 0.377918 20 
0 0.431747 20 
0 0.432923 20 
0 0.488194 20 
0 0.488577 20 
0 0.489088 20 
0 0.49028 20 
0 0.49128 20 
0 0.493817 20 
0 0.549194 20 
0 0.556361 20 
0 0.686 20 
0 0.733692 20 
0 0.782123 20 
0 0.785766 20 
0 0.9215 20 
0 0.921645 20 
0 0.922138 20 
0 1.09765 20 
0 1.09826 20 
0 1.20674 20 
0 1.20723 20 
0 1.33783 20 
0 1.49094 20 
0 1.49127 20 
0 1.52189 20 
0 1.52271 20 
0 inf 20 
