4.13652 6.90389 1 
1.19937 2.96229 1 
0.172132 0.178552 1 
0.15794 0.21679 1 
0.154703 0.18326 1 
0.144995 0.151924 1 
0.136691 0.14646 1 
0.123812 0.162647 1 
0.0951222 0.112787 1 
0.0802511 0.093143 1 
0.0774418 0.0919013 1 
0.0661959 0.0704731 1 
0.0655186 0.0699731 1 
0.062047 0.0633241 1 
0.0611854 0.0648504 1 
0.0594149 0.064155 1 
0.0562029 0.0617655 1 
0.0550789 0.0656659 1 
0.054591 0.0561954 1 
0.054101 0.0649792 1 
0.0503685 0.0677896 1 
0.0388305 0.0425417 1 
0.0359855 0.0371975 1 
0.034989 0.0369574 1 
0.0339607 0.0342268 1 
0.029789 0.0404038 1 
0.0294871 0.0326234 1 
0.0285713 0.0342256 1 
5.10091 5.19233 2 
5.09255 5.11995 2 
3.69906 5.19582 2 
0.9844 3.94591 2 
0.383809 0.435601 2 
0.193119 0.193481 2 
0.191223 0.198556 2 
0.183164 0.187998 2 
0.164591 0.178358 2 
0.154763 0.173773 2 
0.143149 0.210021 2 
0.0669945 0.0676469 2 
0.066729 0.0712307 2 
0.0645733 0.0673919 2 
0.0640134 0.0807983 2 
0.0623381 0.0680511 2 
0.0617613 0.0659297 2 
0.0616177 0.0633248 2 
0.061471 0.0633248 2 
0.0608889 0.079915 2 
0.0537775 0.0626167 2 
0.03721 0.0379122 2 
0.0372021 0.0404038 2 
0.036718 0.0379067 2 
0.0359901 0.0367203 2 
0.0357419 0.0367203 2 
0.0349865 0.0379067 2 
0.0339545 0.0381408 2 
3.70087 3.90252 3 
3.6937 3.89733 3 
2.89767 3.93172 3 
0.870854 4.09186 3 
0.191722 0.197702 3 
0.189633 0.195945 3 
0.187278 0.192005 3 
0.166629 0.17331 3 
0.147234 0.162859 3 
0.145238 0.212158 3 
0.0773219 0.0780058 3 
0.0707366 0.0746392 3 
0.0683054 0.0743986 3 
0.0680443 0.070355 3 
0.0668619 0.0676544 3 
0.0666018 0.0770935 3 
0.063317 0.0653916 3 
0.0614738 0.0692102 3 
0.043365 0.0470952 3 
0.0371953 0.0381364 3 
2.34526 2.57403 4 
2.34497 2.56993 4 
2.34444 2.35476 4 
2.34115 2.56296 4 
0.902798 3.9166 4 
0.170207 0.181612 4 
0.155843 0.160061 4 
0.14627 0.182876 4 
0.086734 0.0878502 4 
0.0690862 0.0716059 4 
0.0656587 0.0730788 4 
0.0606007 0.0680477 4 
0.048755 0.0501939 4 
0.0429533 0.0487576 4 
1.58433 1.6052 5 
1.38 3.59397 5 
0.158052 0.160223 5 
0.152858 0.160223 5 
0.079583 0.0831814 5 
0.0664646 0.0741574 5 
0.0627577 0.0644359 5 
0.0560457 0.0608944 5 
0.0515871 0.0620484 5 
0.0469075 0.0496657 5 
0.0374407 0.0427485 5 
3.07502 3.21232 6 
3.07346 3.19277 6 
3.01493 3.04016 6 
1.73933 3.24253 6 
1.57026 1.73016 6 
1.57019 1.57058 6 
1.48217 1.57762 6 
1.46068 1.52647 6 
0.0740501 0.0810231 6 
0.0697234 0.0701084 6 
0.0680486 0.07356 6 
2.28384 2.76859 7 
2.28148 2.74308 7 
2.27908 2.58007 7 
2.09969 2.7863 7 
1.02199 1.02915 7 
0.0620515 0.0644319 7 
2.24694 2.32431 8 
2.11302 3.2135 8 
2.04098 2.32019 8 
1.80337 2.44259 8 
1.16385 1.19593 8 
0.875253 0.884056 8 
0.150047 0.154307 8 
0.0934272 0.0977 8 
0.0785676 0.0801391 8 
0.0751154 0.0788006 8 
0.0738005 0.0818921 8 
2.27548 2.35825 9 
2.05324 2.08074 9 
1.82581 2.05178 9 
1.4685 2.25926 9 
1.09685 1.24806 9 
0.887931 0.893461 9 
0.0686963 0.083076 9 
1.99751 2.10704 10 
1.92915 2.29451 10 
1.92905 2.30642 10 
1.92223 2.02892 10 
1.18993 2.00923 10 
1.1472 1.38487 10 
0.68713 0.695653 10 
0.129685 0.130236 10 
2.13633 2.60126 11 
2.13563 2.63469 11 
1.61243 1.77188 11 
1.49619 1.49622 11 
0.636431 0.63666 11 
0.131114 0.15251 11 
1.76357 1.86358 12 
1.70054 1.89049 12 
1.70006 1.81532 12 
1.65762 1.72268 12 
1.64821 1.74217 12 
1.61589 1.81131 12 
1.6005 1.86771 12 
1.5724 1.96187 12 
1.39387 1.48408 13 
1.34781 1.38083 13 
1.09104 1.09185 13 
1.06564 1.07877 13 
0.919812 1.06584 13 
1.25352 1.29961 14 
1.22451 1.24368 14 
0.921411 1.0366 14 
0.744097 0.760561 14 
0.723241 0.766695 14 
0.722322 0.755789 14 
0.719651 0.755401 14 
1.76949 2.05186 15 
1.76949 2.05206 15 
1.76855 2.03545 15 
1.15441 1.18881 15 
0.913063 1.12083 15 
2.08996 2.47922 16 
2.08996 2.47925 16 
2.08935 2.47787 16 
1.69766 1.72869 17 
1.68437 1.73051 17 
1.00744 1.03671 17 
2.07736 2.12159 18 
2.00721 2.01154 18 
1.9807 2.14003 18 
1.7357 1.85147 18 
1.44741 1.93936 18 
1.43654 2.01154 18 
1.35434 1.42495 19 
1.35369 1.61709 19 
1.10194 1.10407 19 
0.725208 0.784913 19 
1.12962 1.33084 20 
1.1294 1.5203 20 
0.721789 0.737956 20 
0.639505 0.718419 20 
