0 0.0354389 1 
0 0.0366901 1 
0 0.0390507 1 
0 0.041288 1 
0 0.041288 1 
0 0.0434123 1 
0 0.0444268 1 
0 0.057612 1 
0 0.0583932 1 
0 0.0583965 1 
0 0.0621111 1 
0 0.0635386 1 
0 0.0676461 1 
0 0.0683016 1 
0 0.0683086 1 
0 0.0689536 1 
0 0.0695995 1 
0 0.0696036 1 
0 0.0696091 1 
0 0.070887 1 
0 0.0721424 1 
0 0.0721424 1 
0 0.0721424 1 
0 0.0727522 1 
0 0.0727561 1 
0 0.0739723 1 
0 0.0751746 1 
0 0.0751809 1 
0 0.0751897 1 
0 0.0775251 1 
0 0.0792496 1 
0 0.0792497 1 
0 0.0792556 1 
0 0.0798123 1 
0 0.0798135 1 
0 0.0798182 1 
0 0.0809351 1 
0 0.0820288 1 
0 0.0825782 1 
0 0.0831103 1 
0 0.0841791 1 
0 0.0841881 1 
0 0.0847134 1 
0 0.085771 1 
0 0.0862967 1 
0 0.0883485 1 
0 0.0903517 1 
0 0.0908529 1 
0 0.0913451 1 
0 0.0913492 1 
0 0.0923216 1 
0 0.0928102 1 
0 0.0937715 1 
0 0.094725 1 
0 0.099348 1 
0 0.0997983 1 
0 0.100246 1 
0 0.100692 1 
0 0.101569 1 
0 0.101577 1 
0 0.102886 1 
0 0.103761 1 
0 0.104189 1 
0 0.105901 1 
0 0.106334 1 
0 0.108412 1 
0 0.111679 1 
0 0.114451 1 
0 0.115223 1 
0 0.117541 1 
0 0.117932 1 
0 0.119069 1 
0 0.12093 1 
0 0.120935 1 
0 0.122406 1 
0 0.12241 1 
0 0.122768 1 
0 0.127786 1 
0 0.127788 1 
0 0.131927 1 
0 0.133952 1 
0 0.138565 1 
0 0.138883 1 
0 0.140822 1 
0 0.141775 1 
0 0.149768 1 
0 0.154196 1 
0 0.169443 1 
0 0.176692 1 
0 0.176699 1 
0 0.184886 1 
0 0.195958 1 
0 0.199588 1 
0 0.218056 1 
0 0.230857 1 
0 0.232983 1 
0 0.234326 1 
0 0.251143 1 
0 0.252213 1 
0 0.253281 1 
0 0.258883 1 
0 0.259402 1 
0 0.269574 1 
0 0.298627 1 
0 0.334747 1 
0 0.354392 1 
0 0.354406 1 
0 0.37495 1 
0 0.383818 1 
0 0.455167 1 
0 0.467425 1 
0 0.485236 1 
0 0.52312 1 
0 0.531286 1 
0 0.549051 1 
0 0.574376 1 
0 0.668901 1 
0 0.735489 1 
0 0.746193 1 
0 0.816646 1 
0 0.858981 1 
0 0.867619 1 
0 1.07463 1 
0 1.96303 1 
0 2.24961 1 
0 3.1572 1 
0 3.65506 1 
0 4.44255 1 
0 5.02732 1 
0 5.49805 1 
0 5.54447 1 
0 inf 1 
0 0.032805 2 
0 0.0328166 2 
0 0.0444268 2 
0 0.0492133 2 
0 0.0527393 2 
0 0.053581 2 
0 0.0568283 2 
0 0.0568317 2 
0 0.0591465 2 
0 0.0591498 2 
0 0.0591513 2 
0 0.0591513 2 
0 0.0621188 2 
0 0.0642434 2 
0 0.0676405 2 
0 0.0676517 2 
0 0.068303 2 
0 0.0696023 2 
0 0.0696036 2 
0 0.0696036 2 
0 0.0702435 2 
0 0.070875 2 
0 0.070879 2 
0 0.0721397 2 
0 0.0721398 2 
0 0.0727574 2 
0 0.0739791 2 
0 0.0745872 2 
0 0.0751784 2 
0 0.07577 2 
0 0.076947 2 
0 0.0769531 2 
0 0.07753 2 
0 0.0775312 2 
0 0.0775361 2 
0 0.0803686 2 
0 0.0803698 2 
0 0.0803698 2 
0 0.0820265 2 
0 0.0888493 2 
0 0.0923155 2 
0 0.0923206 2 
0 0.0956621 2 
0 0.097519 2 
0 0.0979739 2 
0 0.105048 2 
0 0.107172 2 
0 0.108418 2 
0 0.110873 2 
0 0.111271 2 
0 0.112073 2 
0 0.112476 2 
0 0.112872 2 
0 0.112879 2 
0 0.116006 2 
0 0.11755 2 
0 0.121671 2 
0 0.122038 2 
0 0.125671 2 
0 0.128132 2 
0 0.130565 2 
0 0.131928 2 
0 0.132268 2 
0 0.133288 2 
0 0.134948 2 
0 0.137586 2 
0 0.141445 2 
0 0.142088 2 
0 0.152446 2 
0 0.153322 2 
0 0.155929 2 
0 0.156216 2 
0 0.157075 2 
0 0.164057 2 
0 0.167308 2 
0 0.168643 2 
0 0.172071 2 
0 0.186583 2 
0 0.187053 2 
0 0.187294 2 
0 0.218676 2 
0 0.219065 2 
0 0.234903 2 
0 0.262157 2 
0 0.272887 2 
0 0.283688 2 
0 0.291334 2 
0 0.302061 2 
0 0.303983 2 
0 0.306195 2 
0 0.310416 2 
0 0.312282 2 
0 0.312282 2 
0 0.325074 2 
0 0.329889 2 
0 0.335954 2 
0 0.337822 2 
0 0.343847 2 
0 0.345048 2 
0 0.352118 2 
0 0.45862 2 
0 0.476558 2 
0 0.49527 2 
0 0.505346 2 
0 0.541314 2 
0 0.611959 2 
0 0.620918 2 
0 0.62416 2 
0 0.628802 2 
0 0.645359 2 
0 0.65391 2 
0 0.656385 2 
0 0.675182 2 
0 0.722203 2 
0 0.882355 2 
0 1.40871 2 
0 1.76031 2 
0 2.29482 2 
0 2.39867 2 
0 2.54425 2 
0 2.67985 2 
0 2.68869 2 
0 2.83782 2 
0 4.45193 2 
0 4.99697 2 
0 5.23121 2 
0 5.26171 2 
0 inf 2 
0 0.0378925 3 
0 0.0492172 3 
0 0.0501181 3 
0 0.0501238 3 
0 0.0501238 3 
0 0.0599109 3 
0 0.061388 3 
0 0.0635446 3 
0 0.064239 3 
0 0.0642405 3 
0 0.0649376 3 
0 0.0676391 3 
0 0.0689578 3 
0 0.0696132 3 
0 0.070253 3 
0 0.0715195 3 
0 0.072145 3 
0 0.0739771 3 
0 0.0751847 3 
0 0.0751872 3 
0 0.0757775 3 
0 0.0781028 3 
0 0.0786854 3 
0 0.0792461 3 
0 0.0798194 3 
0 0.0803698 3 
0 0.0814826 3 
0 0.0820241 3 
0 0.0841869 3 
0 0.0847179 3 
0 0.0862879 3 
0 0.086289 3 
0 0.0862912 3 
0 0.0862977 3 
0 0.0873286 3 
0 0.0961258 3 
0 0.0975161 3 
0 0.0993384 3 
0 0.100248 3 
0 0.101133 3 
0 0.101135 3 
0 0.105043 3 
0 0.107157 3 
0 0.108822 3 
0 0.108828 3 
0 0.111671 3 
0 0.114842 3 
0 0.116395 3 
0 0.117544 3 
0 0.117544 3 
0 0.117929 3 
0 0.122409 3 
0 0.124955 3 
0 0.132276 3 
0 0.145198 3 
0 0.146131 3 
0 0.151546 3 
0 0.160464 3 
0 0.164602 3 
0 0.16461 3 
0 0.168115 3 
0 0.176699 3 
0 0.183425 3 
0 0.188493 3 
0 0.189207 3 
0 0.190858 3 
0 0.215143 3 
0 0.23163 3 
0 0.231824 3 
0 0.243709 3 
0 0.25112 3 
0 0.25239 3 
0 0.253101 3 
0 0.255568 3 
0 0.262324 3 
0 0.30824 3 
0 0.309258 3 
0 0.319806 3 
0 0.322887 3 
0 0.330975 3 
0 0.334478 3 
0 0.34401 3 
0 0.344401 3 
0 0.358238 3 
0 0.359054 3 
0 0.359735 3 
0 0.388693 3 
0 0.397598 3 
0 0.399608 3 
0 0.410588 3 
0 0.44368 3 
0 0.44819 3 
0 0.485258 3 
0 0.508942 3 
0 0.513762 3 
0 0.54141 3 
0 0.550854 3 
0 0.553198 3 
0 0.563168 3 
0 0.573125 3 
0 0.576473 3 
0 0.578795 3 
0 0.583977 3 
0 0.586188 3 
0 0.632288 3 
0 0.640009 3 
0 0.657367 3 
0 0.852831 3 
0 1.26685 3 
0 1.66427 3 
0 2.1176 3 
0 2.38321 3 
0 2.51873 3 
0 2.53784 3 
0 2.54737 3 
0 2.54737 3 
0 2.67578 3 
0 2.67633 3 
0 2.67638 3 
0 3.95487 3 
0 3.97859 3 
0 3.99735 3 
0 4.02539 3 
0 inf 3 
0 0.0341529 4 
0 0.0482995 4 
0 0.0568267 4 
0 0.0568317 4 
0 0.0576169 4 
0 0.0576202 4 
0 0.0613819 4 
0 0.0635357 4 
0 0.0663014 4 
0 0.0676405 4 
0 0.0676447 4 
0 0.069605 4 
0 0.0721358 4 
0 0.0721398 4 
0 0.0733698 4 
0 0.0733698 4 
0 0.0739816 4 
0 0.0745783 4 
0 0.0745808 4 
0 0.0751797 4 
0 0.0751834 4 
0 0.076362 4 
0 0.0792532 4 
0 0.0798087 4 
0 0.0814756 4 
0 0.0836572 4 
0 0.0836583 4 
0 0.100695 4 
0 0.102894 4 
0 0.104195 4 
0 0.105901 4 
0 0.107164 4 
0 0.109236 4 
0 0.109243 4 
0 0.113268 4 
0 0.113667 4 
0 0.114443 4 
0 0.115229 4 
0 0.115621 4 
0 0.115621 4 
0 0.118309 4 
0 0.121674 4 
0 0.132613 4 
0 0.138565 4 
0 0.140813 4 
0 0.141138 4 
0 0.143018 4 
0 0.146132 4 
0 0.146132 4 
0 0.147648 4 
0 0.147649 4 
0 0.158778 4 
0 0.165129 4 
0 0.167037 4 
0 0.168352 4 
0 0.171018 4 
0 0.206223 4 
0 0.207737 4 
0 0.227326 4 
0 0.231049 4 
0 0.232016 4 
0 0.244083 4 
0 0.246273 4 
0 0.289004 4 
0 0.299372 4 
0 0.301166 4 
0 0.305168 4 
0 0.307799 4 
0 0.309677 4 
0 0.317836 4 
0 0.320786 4 
0 0.330161 4 
0 0.33742 4 
0 0.348202 4 
0 0.351225 4 
0 0.369052 4 
0 0.398942 4 
0 0.398951 4 
0 0.400294 4 
0 0.405692 4 
0 0.412214 4 
0 0.412323 4 
0 0.422335 4 
0 0.424659 4 
0 0.475389 4 
0 0.489753 4 
0 0.499368 4 
0 0.501787 4 
0 0.507631 4 
0 0.540987 4 
0 0.5466 4 
0 0.561736 4 
0 0.568879 4 
0 0.570375 4 
0 0.577797 4 
0 0.61488 4 
0 0.625943 4 
0 0.642354 4 
0 0.863027 4 
0 0.882102 4 
0 1.12123 4 
0 1.46426 4 
0 1.50301 4 
0 1.64883 4 
0 1.65834 4 
0 1.65877 4 
0 1.65877 4 
0 1.70441 4 
0 1.7148 4 
0 1.71606 4 
0 1.94526 4 
0 2.11954 4 
0 2.12112 4 
0 2.12138 4 
0 2.12191 4 
0 2.88596 4 
0 2.90349 4 
0 2.96464 4 
0 3.03151 4 
0 inf 4 
0 0.0341557 5 
0 0.0378875 5 
0 0.0412834 5 
0 0.045427 5 
0 0.0501256 5 
0 0.0518821 5 
0 0.053581 5 
0 0.0552294 5 
0 0.0552294 5 
0 0.0689598 5 
0 0.0702476 5 
0 0.0786806 5 
0 0.0888493 5 
0 0.092805 5 
0 0.0928061 5 
0 0.0961327 5 
0 0.100243 5 
0 0.100246 5 
0 0.101575 5 
0 0.101578 5 
0 0.106332 5 
0 0.107166 5 
0 0.108409 5 
0 0.109237 5 
0 0.110462 5 
0 0.114843 5 
0 0.114845 5 
0 0.116778 5 
0 0.116786 5 
0 0.117539 5 
0 0.117545 5 
0 0.119431 5 
0 0.119811 5 
0 0.124954 5 
0 0.132606 5 
0 0.135951 5 
0 0.136273 5 
0 0.137268 5 
0 0.139852 5 
0 0.142705 5 
0 0.144272 5 
0 0.151551 5 
0 0.171275 5 
0 0.173106 5 
0 0.173883 5 
0 0.175934 5 
0 0.1772 5 
0 0.177451 5 
0 0.178214 5 
0 0.179217 5 
0 0.18268 5 
0 0.188958 5 
0 0.189195 5 
0 0.207304 5 
0 0.250247 5 
0 0.258366 5 
0 0.26858 5 
0 0.275827 5 
0 0.28304 5 
0 0.302655 5 
0 0.322197 5 
0 0.324128 5 
0 0.324546 5 
0 0.340721 5 
0 0.344053 5 
0 0.344392 5 
0 0.344396 5 
0 0.345566 5 
0 0.402974 5 
0 0.404755 5 
0 0.414391 5 
0 0.415256 5 
0 0.417303 5 
0 0.41998 5 
0 0.423491 5 
0 0.423491 5 
0 0.424973 5 
0 0.448013 5 
0 0.507085 5 
0 0.541655 5 
0 0.551701 5 
0 0.561373 5 
0 0.562571 5 
0 0.563288 5 
0 0.586239 5 
0 0.599437 5 
0 0.605765 5 
0 0.608352 5 
0 0.612098 5 
0 0.616337 5 
0 0.685785 5 
0 0.851146 5 
0 0.883623 5 
0 0.890854 5 
0 0.912397 5 
0 0.916665 5 
0 1.10543 5 
0 1.27244 5 
0 1.37831 5 
0 1.37987 5 
0 1.38055 5 
0 1.39104 5 
0 1.4026 5 
0 1.53 5 
0 1.64345 5 
0 1.66192 5 
0 1.95224 5 
0 2.03885 5 
0 2.03885 5 
0 2.03991 5 
0 2.04094 5 
0 2.05473 5 
0 2.05865 5 
0 2.05909 5 
0 2.05915 5 
0 inf 5 
0 0.0328079 6 
0 0.0378925 6 
0 0.0568283 6 
0 0.0591481 6 
0 0.0669729 6 
0 0.0676503 6 
0 0.0683037 6 
0 0.0696023 6 
0 0.0715181 6 
0 0.0775239 6 
0 0.0792472 6 
0 0.0803745 6 
0 0.0803774 6 
0 0.0814768 6 
0 0.0820253 6 
0 0.0868149 6 
0 0.0893631 6 
0 0.0903611 6 
0 0.0942414 6 
0 0.0942444 6 
0 0.0951893 6 
0 0.103329 6 
0 0.10462 6 
0 0.106737 6 
0 0.109235 6 
0 0.114841 6 
0 0.118305 6 
0 0.122775 6 
0 0.127079 6 
0 0.13056 6 
0 0.132943 6 
0 0.151842 6 
0 0.152135 6 
0 0.152727 6 
0 0.16379 6 
0 0.164881 6 
0 0.16623 6 
0 0.184404 6 
0 0.187533 6 
0 0.191088 6 
0 0.201145 6 
0 0.201824 6 
0 0.209883 6 
0 0.209883 6 
0 0.209883 6 
0 0.211799 6 
0 0.214116 6 
0 0.223162 6 
0 0.230082 6 
0 0.232988 6 
0 0.239259 6 
0 0.239259 6 
0 0.241495 6 
0 0.264206 6 
0 0.294246 6 
0 0.331244 6 
0 0.331248 6 
0 0.347117 6 
0 0.348278 6 
0 0.350205 6 
0 0.353781 6 
0 0.353782 6 
0 0.364277 6 
0 0.367221 6 
0 0.372628 6 
0 0.372628 6 
0 0.382725 6 
0 0.40575 6 
0 0.424937 6 
0 0.457327 6 
0 0.471231 6 
0 0.476532 6 
0 0.477928 6 
0 0.481016 6 
0 0.483248 6 
0 0.483263 6 
0 0.494262 6 
0 0.49464 6 
0 0.524356 6 
0 0.547829 6 
0 0.573897 6 
0 0.613268 6 
0 0.633736 6 
0 0.636352 6 
0 0.636352 6 
0 0.638773 6 
0 0.643538 6 
0 0.645311 6 
0 0.809673 6 
0 0.891907 6 
0 0.93792 6 
0 1.10779 6 
0 1.10843 6 
0 1.11296 6 
0 1.1183 6 
0 1.11974 6 
0 1.24588 6 
0 1.48583 6 
0 1.48936 6 
0 1.51382 6 
0 1.52292 6 
0 1.68517 6 
0 1.84971 6 
0 1.85087 6 
0 1.85226 6 
0 1.85242 6 
0 1.95495 6 
0 1.95625 6 
0 1.95667 6 
0 1.9577 6 
0 1.96559 6 
0 inf 6 
0 0.03788 7 
0 0.0378875 7 
0 0.0434057 7 
0 0.047362 7 
0 0.0483014 7 
0 0.0635401 7 
0 0.0739784 7 
0 0.0798158 7 
0 0.0798158 7 
0 0.0852456 7 
0 0.0923257 7 
0 0.093288 7 
0 0.0942494 7 
0 0.094724 7 
0 0.0947242 7 
0 0.0993375 7 
0 0.100685 7 
0 0.102462 7 
0 0.10801 7 
0 0.11046 7 
0 0.114451 7 
0 0.122403 7 
0 0.1253 7 
0 0.125308 7 
0 0.13056 7 
0 0.135614 7 
0 0.140807 7 
0 0.144268 7 
0 0.152448 7 
0 0.155639 7 
0 0.159355 7 
0 0.160183 7 
0 0.160184 7 
0 0.161299 7 
0 0.162684 7 
0 0.165161 7 
0 0.172324 7 
0 0.175425 7 
0 0.175428 7 
0 0.177715 7 
0 0.220685 7 
0 0.224949 7 
0 0.23144 7 
0 0.236814 7 
0 0.252395 7 
0 0.255222 7 
0 0.255755 7 
0 0.259931 7 
0 0.260608 7 
0 0.276639 7 
0 0.27664 7 
0 0.301471 7 
0 0.304285 7 
0 0.328885 7 
0 0.350159 7 
0 0.352076 7 
0 0.386267 7 
0 0.38708 7 
0 0.399611 7 
0 0.401712 7 
0 0.404313 7 
0 0.415463 7 
0 0.415464 7 
0 0.415464 7 
0 0.445588 7 
0 0.451986 7 
0 0.483643 7 
0 0.503211 7 
0 0.5158 7 
0 0.523998 7 
0 0.526366 7 
0 0.526867 7 
0 0.540493 7 
0 0.543061 7 
0 0.544462 7 
0 0.549377 7 
0 0.5506 7 
0 0.556758 7 
0 0.561446 7 
0 0.566215 7 
0 0.638569 7 
0 0.823301 7 
0 0.852146 7 
0 0.934186 7 
0 0.935193 7 
0 0.992202 7 
0 1.05722 7 
0 1.10819 7 
0 1.10831 7 
0 1.11013 7 
0 1.14031 7 
0 1.14074 7 
0 1.18619 7 
0 1.18675 7 
0 1.19128 7 
0 1.21698 7 
0 1.31207 7 
0 1.65142 7 
0 1.65193 7 
0 1.66052 7 
0 1.66335 7 
0 1.66503 7 
0 1.94602 7 
0 1.96392 7 
0 1.9642 7 
0 1.96627 7 
0 1.96645 7 
0 inf 7 
0 0.0635386 8 
0 0.069605 8 
0 0.0702411 8 
0 0.0739816 8 
0 0.0745796 8 
0 0.0769445 8 
0 0.0836606 8 
0 0.0883438 8 
0 0.0903611 8 
0 0.0918314 8 
0 0.0918316 8 
0 0.0997954 8 
0 0.109646 8 
0 0.112081 8 
0 0.115232 8 
0 0.116779 8 
0 0.122405 8 
0 0.124224 8 
0 0.125664 8 
0 0.128838 8 
0 0.13595 8 
0 0.138556 8 
0 0.147953 8 
0 0.150064 8 
0 0.153906 8 
0 0.157647 8 
0 0.161904 8 
0 0.164879 8 
0 0.165688 8 
0 0.176442 8 
0 0.177458 8 
0 0.187299 8 
0 0.188014 8 
0 0.190152 8 
0 0.202047 8 
0 0.204034 8 
0 0.2287 8 
0 0.243897 8 
0 0.246635 8 
0 0.249004 8 
0 0.251692 8 
0 0.251693 8 
0 0.255223 8 
0 0.317647 8 
0 0.343877 8 
0 0.357513 8 
0 0.366104 8 
0 0.366107 8 
0 0.367096 8 
0 0.367937 8 
0 0.369363 8 
0 0.392145 8 
0 0.400397 8 
0 0.400398 8 
0 0.402075 8 
0 0.415587 8 
0 0.42031 8 
0 0.440562 8 
0 0.440868 8 
0 0.459502 8 
0 0.467132 8 
0 0.467132 8 
0 0.481041 8 
0 0.501658 8 
0 0.513288 8 
0 0.518543 8 
0 0.522761 8 
0 0.527039 8 
0 0.538748 8 
0 0.572566 8 
0 0.581504 8 
0 0.581505 8 
0 0.598161 8 
0 0.601084 8 
0 0.601084 8 
0 0.603095 8 
0 0.639904 8 
0 0.653431 8 
0 0.834342 8 
0 0.857812 8 
0 0.866813 8 
0 0.867176 8 
0 0.891806 8 
0 0.915829 8 
0 0.963083 8 
0 1.05807 8 
0 1.10177 8 
0 1.10738 8 
0 1.13901 8 
0 1.15563 8 
0 1.15621 8 
0 1.16944 8 
0 1.3275 8 
0 1.65949 8 
0 1.66195 8 
0 1.6626 8 
0 1.68086 8 
0 1.70502 8 
0 1.94529 8 
0 1.94757 8 
0 1.94929 8 
0 1.94978 8 
0 1.9994 8 
0 inf 8 
0 0.0444374 9 
0 0.0727509 9 
0 0.0841883 9 
0 0.0883506 9 
0 0.0918328 9 
0 0.0942434 9 
0 0.0947182 9 
0 0.0975191 9 
0 0.0993397 9 
0 0.0993441 9 
0 0.109237 9 
0 0.11127 9 
0 0.123859 9 
0 0.126707 9 
0 0.129182 9 
0 0.130565 9 
0 0.132281 9 
0 0.13261 9 
0 0.13628 9 
0 0.137589 9 
0 0.148865 9 
0 0.155925 9 
0 0.156802 9 
0 0.159355 9 
0 0.173106 9 
0 0.17516 9 
0 0.181202 9 
0 0.199367 9 
0 0.207732 9 
0 0.214328 9 
0 0.220531 9 
0 0.246832 9 
0 0.263352 9 
0 0.269093 9 
0 0.297712 9 
0 0.299964 9 
0 0.307072 9 
0 0.314006 9 
0 0.317417 9 
0 0.320789 9 
0 0.336741 9 
0 0.339527 9 
0 0.358425 9 
0 0.363116 9 
0 0.363486 9 
0 0.364596 9 
0 0.371229 9 
0 0.383354 9 
0 0.401306 9 
0 0.404242 9 
0 0.411283 9 
0 0.414947 9 
0 0.456821 9 
0 0.465881 9 
0 0.471603 9 
0 0.47388 9 
0 0.47388 9 
0 0.483552 9 
0 0.485574 9 
0 0.540576 9 
0 0.544958 9 
0 0.551097 9 
0 0.565393 9 
0 0.579417 9 
0 0.582516 9 
0 0.58258 9 
0 0.589408 9 
0 0.62479 9 
0 0.652168 9 
0 0.653776 9 
0 0.655424 9 
0 0.685461 9 
0 0.701256 9 
0 0.770218 9 
0 0.77115 9 
0 0.819922 9 
0 0.846252 9 
0 0.873793 9 
0 0.884441 9 
0 0.884441 9 
0 0.895625 9 
0 0.90276 9 
0 0.908308 9 
0 0.974193 9 
0 1.10491 9 
0 1.10495 9 
0 1.10588 9 
0 1.11263 9 
0 1.11279 9 
0 1.65392 9 
0 1.65421 9 
0 1.65424 9 
0 1.65554 9 
0 1.65554 9 
0 1.95198 9 
0 1.95244 9 
0 1.95279 9 
0 1.97063 9 
0 1.98017 9 
0 inf 9 
0 0.059903 10 
0 0.0606507 10 
0 0.0696012 10 
0 0.0702447 10 
0 0.0775336 10 
0 0.0927887 10 
0 0.093291 10 
0 0.0942459 10 
0 0.131248 10 
0 0.134948 10 
0 0.138253 10 
0 0.138558 10 
0 0.142086 10 
0 0.143343 10 
0 0.150087 10 
0 0.160178 10 
0 0.160511 10 
0 0.165689 10 
0 0.171022 10 
0 0.175461 10 
0 0.178976 10 
0 0.185371 10 
0 0.193889 10 
0 0.210522 10 
0 0.218254 10 
0 0.219892 10 
0 0.248285 10 
0 0.265724 10 
0 0.26707 10 
0 0.275832 10 
0 0.27614 10 
0 0.276636 10 
0 0.279689 10 
0 0.288531 10 
0 0.30398 10 
0 0.307659 10 
0 0.324129 10 
0 0.329064 10 
0 0.329263 10 
0 0.332517 10 
0 0.351347 10 
0 0.380179 10 
0 0.383117 10 
0 0.388686 10 
0 0.397721 10 
0 0.411788 10 
0 0.414719 10 
0 0.416984 10 
0 0.417462 10 
0 0.417529 10 
0 0.419657 10 
0 0.42317 10 
0 0.431726 10 
0 0.481306 10 
0 0.48618 10 
0 0.50832 10 
0 0.513737 10 
0 0.530235 10 
0 0.543183 10 
0 0.543926 10 
0 0.554425 10 
0 0.563096 10 
0 0.570923 10 
0 0.590508 10 
0 0.633632 10 
0 0.634269 10 
0 0.654093 10 
0 0.682703 10 
0 0.717944 10 
0 0.722079 10 
0 0.724498 10 
0 0.739298 10 
0 0.745039 10 
0 0.847025 10 
0 0.847448 10 
0 0.851409 10 
0 0.896166 10 
0 0.912831 10 
0 0.930701 10 
0 0.933397 10 
0 1.11461 10 
0 1.11541 10 
0 1.11911 10 
0 1.19078 10 
0 1.19089 10 
0 1.64911 10 
0 1.65299 10 
0 1.65714 10 
0 1.73955 10 
0 1.74038 10 
0 1.94595 10 
0 1.94672 10 
0 1.95003 10 
0 1.95003 10 
0 1.95332 10 
0 inf 10 
0 0.0733466 11 
0 0.0769463 11 
0 0.0769728 11 
0 0.077528 11 
0 0.0792463 11 
0 0.0903538 11 
0 0.0903538 11 
0 0.118688 11 
0 0.119798 11 
0 0.126383 11 
0 0.142407 11 
0 0.14886 11 
0 0.148894 11 
0 0.15006 11 
0 0.150954 11 
0 0.153309 11 
0 0.155646 11 
0 0.164599 11 
0 0.184645 11 
0 0.198442 11 
0 0.202027 11 
0 0.22052 11 
0 0.226945 11 
0 0.231429 11 
0 0.240373 11 
0 0.242417 11 
0 0.266238 11 
0 0.268244 11 
0 0.280978 11 
0 0.330838 11 
0 0.335021 11 
0 0.335557 11 
0 0.337683 11 
0 0.342045 11 
0 0.342976 11 
0 0.344914 11 
0 0.346005 11 
0 0.348149 11 
0 0.350204 11 
0 0.353129 11 
0 0.354281 11 
0 0.355913 11 
0 0.357297 11 
0 0.368189 11 
0 0.413527 11 
0 0.417586 11 
0 0.418701 11 
0 0.42525 11 
0 0.429805 11 
0 0.450488 11 
0 0.450591 11 
0 0.451681 11 
0 0.470809 11 
0 0.473883 11 
0 0.47645 11 
0 0.503356 11 
0 0.54742 11 
0 0.553851 11 
0 0.62047 11 
0 0.620902 11 
0 0.697037 11 
0 0.698066 11 
0 0.699094 11 
0 0.744025 11 
0 0.767642 11 
0 0.815644 11 
0 0.845564 11 
0 0.854297 11 
0 0.856657 11 
0 0.864326 11 
0 0.864326 11 
0 0.871763 11 
0 0.886442 11 
0 0.908528 11 
0 0.98024 11 
0 0.980972 11 
0 1.11461 11 
0 1.12035 11 
0 1.12431 11 
0 1.14944 11 
0 1.15353 11 
0 1.67121 11 
0 1.67121 11 
0 1.68404 11 
0 1.68412 11 
0 1.69361 11 
0 1.95531 11 
0 1.9555 11 
0 1.95662 11 
0 2.01747 11 
0 2.01747 11 
0 inf 11 
0 0.0820288 12 
0 0.0947191 12 
0 0.0947191 12 
0 0.105475 12 
0 0.129538 12 
0 0.132264 12 
0 0.133248 12 
0 0.134617 12 
0 0.134629 12 
0 0.148565 12 
0 0.154803 12 
0 0.166742 12 
0 0.167035 12 
0 0.173361 12 
0 0.179717 12 
0 0.187539 12 
0 0.202929 12 
0 0.212431 12 
0 0.215807 12 
0 0.218285 12 
0 0.223963 12 
0 0.224154 12 
0 0.22695 12 
0 0.227935 12 
0 0.233956 12 
0 0.238692 12 
0 0.260953 12 
0 0.265561 12 
0 0.266741 12 
0 0.286834 12 
0 0.286834 12 
0 0.287307 12 
0 0.288071 12 
0 0.290716 12 
0 0.302506 12 
0 0.317418 12 
0 0.3199 12 
0 0.325324 12 
0 0.345177 12 
0 0.345567 12 
0 0.34595 12 
0 0.413524 12 
0 0.415256 12 
0 0.44569 12 
0 0.480573 12 
0 0.485772 12 
0 0.488076 12 
0 0.490771 12 
0 0.500405 12 
0 0.526948 12 
0 0.532962 12 
0 0.537288 12 
0 0.545245 12 
0 0.549212 12 
0 0.551901 12 
0 0.561178 12 
0 0.632994 12 
0 0.636175 12 
0 0.688981 12 
0 0.728979 12 
0 0.777625 12 
0 0.802607 12 
0 0.846728 12 
0 0.84874 12 
0 0.855576 12 
0 0.860789 12 
0 0.861623 12 
0 0.879924 12 
0 0.887521 12 
0 0.887672 12 
0 0.901463 12 
0 1.00014 12 
0 1.10669 12 
0 1.10669 12 
0 1.11746 12 
0 1.11766 12 
0 1.12442 12 
0 1.65432 12 
0 1.65473 12 
0 1.68078 12 
0 1.68238 12 
0 1.68408 12 
0 1.94761 12 
0 1.94777 12 
0 1.95005 12 
0 1.95674 12 
0 1.95839 12 
0 inf 12 
0 0.0893623 13 
0 0.101591 13 
0 0.124942 13 
0 0.126374 13 
0 0.138241 13 
0 0.146427 13 
0 0.1559 13 
0 0.15739 13 
0 0.170228 13 
0 0.189185 13 
0 0.235091 13 
0 0.247366 13 
0 0.247366 13 
0 0.25256 13 
0 0.263864 13 
0 0.279215 13 
0 0.281297 13 
0 0.282411 13 
0 0.28368 13 
0 0.284491 13 
0 0.288081 13 
0 0.288859 13 
0 0.305011 13 
0 0.308678 13 
0 0.318966 13 
0 0.319809 13 
0 0.321069 13 
0 0.323575 13 
0 0.323714 13 
0 0.329216 13 
0 0.333492 13 
0 0.335286 13 
0 0.342124 13 
0 0.352426 13 
0 0.381479 13 
0 0.391342 13 
0 0.402418 13 
0 0.406855 13 
0 0.414066 13 
0 0.419666 13 
0 0.423816 13 
0 0.425188 13 
0 0.43478 13 
0 0.448997 13 
0 0.509656 13 
0 0.510712 13 
0 0.525263 13 
0 0.538055 13 
0 0.540385 13 
0 0.558372 13 
0 0.561154 13 
0 0.571945 13 
0 0.609973 13 
0 0.61107 13 
0 0.612103 13 
0 0.618516 13 
0 0.622564 13 
0 0.623284 13 
0 0.655903 13 
0 0.657201 13 
0 0.657338 13 
0 0.846093 13 
0 0.847768 13 
0 0.849829 13 
0 0.87009 13 
0 0.870944 13 
0 0.871201 13 
0 0.872024 13 
0 1.10722 13 
0 1.1077 13 
0 1.13483 13 
0 1.13558 13 
0 1.13897 13 
0 1.64883 13 
0 1.64949 13 
0 1.65416 13 
0 1.65456 13 
0 1.65478 13 
0 1.94987 13 
0 1.95164 13 
0 1.95437 13 
0 1.95788 13 
0 1.95813 13 
0 inf 13 
0 0.102456 14 
0 0.108412 14 
0 0.110068 14 
0 0.133282 14 
0 0.133285 14 
0 0.133285 14 
0 0.155109 14 
0 0.159345 14 
0 0.159349 14 
0 0.162967 14 
0 0.163789 14 
0 0.177183 14 
0 0.18146 14 
0 0.185131 14 
0 0.199126 14 
0 0.201183 14 
0 0.206875 14 
0 0.207091 14 
0 0.244447 14 
0 0.245726 14 
0 0.253106 14 
0 0.254688 14 
0 0.271056 14 
0 0.274853 14 
0 0.276644 14 
0 0.296369 14 
0 0.298621 14 
0 0.302507 14 
0 0.302954 14 
0 0.302954 14 
0 0.30663 14 
0 0.316851 14 
0 0.316988 14 
0 0.317416 14 
0 0.320371 14 
0 0.320598 14 
0 0.321216 14 
0 0.322458 14 
0 0.324822 14 
0 0.324823 14 
0 0.33287 14 
0 0.351604 14 
0 0.385101 14 
0 0.394873 14 
0 0.401752 14 
0 0.474884 14 
0 0.501353 14 
0 0.501353 14 
0 0.504157 14 
0 0.506679 14 
0 0.510557 14 
0 0.510559 14 
0 0.553291 14 
0 0.557411 14 
0 0.558055 14 
0 0.559572 14 
0 0.621121 14 
0 0.814367 14 
0 0.852199 14 
0 0.853461 14 
0 0.878552 14 
0 0.880337 14 
0 0.9598 14 
0 0.96204 14 
0 0.967991 14 
0 1.10393 14 
0 1.10556 14 
0 1.10592 14 
0 1.10641 14 
0 1.10819 14 
0 1.6547 14 
0 1.6547 14 
0 1.66734 14 
0 1.66796 14 
0 1.67105 14 
0 1.96063 14 
0 1.96431 14 
0 1.98193 14 
0 1.98211 14 
0 inf 14 
0 0.0820313 15 
0 0.0932892 15 
0 0.116779 15 
0 0.119814 15 
0 0.120929 15 
0 0.123862 15 
0 0.137557 15 
0 0.138856 15 
0 0.14979 15 
0 0.153317 15 
0 0.155357 15 
0 0.163236 15 
0 0.163236 15 
0 0.163236 15 
0 0.165696 15 
0 0.166757 15 
0 0.170504 15 
0 0.181497 15 
0 0.193658 15 
0 0.196419 15 
0 0.19823 15 
0 0.220511 15 
0 0.240571 15 
0 0.256621 15 
0 0.260092 15 
0 0.269579 15 
0 0.269746 15 
0 0.284005 15 
0 0.285257 15 
0 0.288079 15 
0 0.29286 15 
0 0.301152 15 
0 0.303526 15 
0 0.326197 15 
0 0.333403 15 
0 0.33489 15 
0 0.33555 15 
0 0.33716 15 
0 0.338744 15 
0 0.350212 15 
0 0.354538 15 
0 0.363116 15 
0 0.363219 15 
0 0.405249 15 
0 0.409105 15 
0 0.447789 15 
0 0.533468 15 
0 0.573898 15 
0 0.576941 15 
0 0.652736 15 
0 0.693592 15 
0 0.695723 15 
0 0.70035 15 
0 0.711313 15 
0 0.743867 15 
0 0.743868 15 
0 0.849563 15 
0 0.895715 15 
0 0.912388 15 
0 0.91548 15 
0 0.926838 15 
0 0.929012 15 
0 0.929785 15 
0 1.11626 15 
0 1.1867 15 
0 1.20012 15 
0 1.20042 15 
0 1.65188 15 
0 1.73359 15 
0 1.73493 15 
0 1.73578 15 
0 1.94369 15 
0 1.94376 15 
0 1.94706 15 
0 1.9489 15 
0 inf 15 
0 0.107986 16 
0 0.114877 16 
0 0.125659 16 
0 0.134623 16 
0 0.137592 16 
0 0.142398 16 
0 0.14268 16 
0 0.155933 16 
0 0.170206 16 
0 0.176739 16 
0 0.177202 16 
0 0.180718 16 
0 0.183185 16 
0 0.184405 16 
0 0.187299 16 
0 0.19801 16 
0 0.205351 16 
0 0.241841 16 
0 0.248248 16 
0 0.248989 16 
0 0.249169 16 
0 0.256111 16 
0 0.259401 16 
0 0.262154 16 
0 0.273545 16 
0 0.285098 16 
0 0.285098 16 
0 0.287604 16 
0 0.294539 16 
0 0.303241 16 
0 0.305112 16 
0 0.316287 16 
0 0.317689 16 
0 0.328792 16 
0 0.342485 16 
0 0.34704 16 
0 0.359235 16 
0 0.425729 16 
0 0.499779 16 
0 0.507877 16 
0 0.570996 16 
0 0.622787 16 
0 0.624513 16 
0 0.634907 16 
0 0.636531 16 
0 0.638852 16 
0 0.687615 16 
0 0.764065 16 
0 0.857917 16 
0 0.859244 16 
0 0.860539 16 
0 0.876642 16 
0 0.881999 16 
0 0.882405 16 
0 0.896094 16 
0 0.902031 16 
0 1.02114 16 
0 1.025 16 
0 1.02535 16 
0 1.13759 16 
0 1.16606 16 
0 1.19888 16 
0 1.19944 16 
0 1.65884 16 
0 1.67764 16 
0 1.68405 16 
0 1.6846 16 
0 1.94319 16 
0 1.99333 16 
0 1.99441 16 
0 1.99466 16 
0 inf 16 
0 0.112871 17 
0 0.115622 17 
0 0.115622 17 
0 0.115622 17 
0 0.128851 17 
0 0.149478 17 
0 0.159635 17 
0 0.172301 17 
0 0.181187 17 
0 0.186077 17 
0 0.186799 17 
0 0.197094 17 
0 0.204465 17 
0 0.253801 17 
0 0.266062 17 
0 0.273691 17 
0 0.274037 17 
0 0.276644 17 
0 0.279536 17 
0 0.283056 17 
0 0.293157 17 
0 0.293922 17 
0 0.296806 17 
0 0.300968 17 
0 0.317978 17 
0 0.322879 17 
0 0.336006 17 
0 0.337549 17 
0 0.337604 17 
0 0.341251 17 
0 0.342354 17 
0 0.351662 17 
0 0.398622 17 
0 0.401314 17 
0 0.429501 17 
0 0.435096 17 
0 0.595453 17 
0 0.600397 17 
0 0.624724 17 
0 0.632286 17 
0 0.637374 17 
0 0.637374 17 
0 0.732878 17 
0 0.736237 17 
0 0.737759 17 
0 0.851537 17 
0 0.852463 17 
0 0.85542 17 
0 0.860958 17 
0 0.864234 17 
0 0.86491 17 
0 0.87079 17 
0 0.87079 17 
0 0.870996 17 
0 0.961115 17 
0 1.10186 17 
0 1.12071 17 
0 1.12135 17 
0 1.12327 17 
0 1.65551 17 
0 1.67817 17 
0 1.6786 17 
0 1.68125 17 
0 1.94277 17 
0 1.97935 17 
0 1.97944 17 
0 1.97944 17 
0 inf 17 
0 0.112859 18 
0 0.122413 18 
0 0.125316 18 
0 0.136262 18 
0 0.138896 18 
0 0.141431 18 
0 0.15006 18 
0 0.157955 18 
0 0.170225 18 
0 0.179214 18 
0 0.187991 18 
0 0.204453 18 
0 0.204454 18 
0 0.205547 18 
0 0.218078 18 
0 0.218694 18 
0 0.22536 18 
0 0.251675 18 
0 0.255236 18 
0 0.259747 18 
0 0.261126 18 
0 0.266231 18 
0 0.269595 18 
0 0.283372 18 
0 0.288539 18 
0 0.292246 18 
0 0.293473 18 
0 0.297119 18 
0 0.308095 18 
0 0.316286 18 
0 0.361631 18 
0 0.403385 18 
0 0.442016 18 
0 0.448564 18 
0 0.621768 18 
0 0.627298 18 
0 0.636385 18 
0 0.642912 18 
0 0.653295 18 
0 0.654324 18 
0 0.66756 18 
0 0.795031 18 
0 0.854722 18 
0 0.867244 18 
0 0.869926 18 
0 0.87538 18 
0 0.898974 18 
0 0.901218 18 
0 0.901964 18 
0 0.912317 18 
0 0.913643 18 
0 1.10568 18 
0 1.10669 18 
0 1.10669 18 
0 1.11058 18 
0 1.65478 18 
0 1.65608 18 
0 1.65619 18 
0 1.65714 18 
0 1.95026 18 
0 1.95547 18 
0 1.96127 18 
0 1.96353 18 
0 inf 18 
0 0.051031 19 
0 0.05525 19 
0 0.05525 19 
0 0.0975047 19 
0 0.112465 19 
0 0.112466 19 
0 0.161018 19 
0 0.162934 19 
0 0.173104 19 
0 0.197756 19 
0 0.200039 19 
0 0.205544 19 
0 0.224564 19 
0 0.22872 19 
0 0.236434 19 
0 0.276638 19 
0 0.295628 19 
0 0.295915 19 
0 0.296989 19 
0 0.29953 19 
0 0.299995 19 
0 0.309344 19 
0 0.381946 19 
0 0.387542 19 
0 0.387542 19 
0 0.394309 19 
0 0.403308 19 
0 0.407184 19 
0 0.411451 19 
0 0.413084 19 
0 0.421255 19 
0 0.545899 19 
0 0.54983 19 
0 0.632504 19 
0 0.648469 19 
0 0.690936 19 
0 0.691261 19 
0 0.693984 19 
0 0.694179 19 
0 0.694432 19 
0 0.695143 19 
0 0.697272 19 
0 0.709575 19 
0 0.709575 19 
0 0.838153 19 
0 0.852884 19 
0 0.855352 19 
0 0.855404 19 
0 0.85661 19 
0 1.10835 19 
0 1.11622 19 
0 1.11622 19 
0 1.65286 19 
0 1.65318 19 
0 1.65641 19 
0 1.65706 19 
0 1.94342 19 
0 1.96191 19 
0 1.96216 19 
0 inf 19 
0 0.0606676 20 
0 0.0683158 20 
0 0.068969 20 
0 0.0846978 20 
0 0.0923022 20 
0 0.0965804 20 
0 0.160231 20 
0 0.162454 20 
0 0.167083 20 
0 0.189223 20 
0 0.205585 20 
0 0.209265 20 
0 0.226143 20 
0 0.239438 20 
0 0.242418 20 
0 0.292711 20 
0 0.297438 20 
0 0.302509 20 
0 0.305901 20 
0 0.306793 20 
0 0.307799 20 
0 0.311712 20 
0 0.320929 20 
0 0.320929 20 
0 0.321783 20 
0 0.372074 20 
0 0.386255 20 
0 0.386267 20 
0 0.396468 20 
0 0.39726 20 
0 0.404963 20 
0 0.407956 20 
0 0.413839 20 
0 0.456134 20 
0 0.460832 20 
0 0.518074 20 
0 0.524528 20 
0 0.528362 20 
0 0.579465 20 
0 0.587182 20 
0 0.592405 20 
0 0.689503 20 
0 0.691063 20 
0 0.762191 20 
0 0.83762 20 
0 0.853935 20 
0 0.855772 20 
0 1.11851 20 
0 1.11979 20 
0 1.65413 20 
0 1.65508 20 
0 1.94994 20 
0 1.95407 20 
0 1.95701 20 
0 4.39791 20 
0 inf 20 
