6.82389 9.71888 1 
0.53668 1.44367 1 
0.322954 0.326403 1 
0.258201 0.285825 1 
0.230126 0.244931 1 
0.184485 0.194197 1 
0.173152 0.176551 1 
0.162183 0.220959 1 
0.145583 0.146787 1 
0.117538 0.12522 1 
0.113558 0.122934 1 
0.111635 0.114388 1 
0.0924295 0.0925727 1 
0.0767702 0.112119 1 
0.0585943 0.0634674 1 
0.0574301 0.0595104 1 
0.0519946 0.0542835 1 
0.0453278 0.0628247 1 
0.0444245 0.047083 1 
0.0265149 0.0312 1 
0.0265149 0.0303206 1 
0.0265149 0.0352681 1 
7.3245 7.40378 2 
7.32345 7.44997 2 
5.63313 7.46763 2 
0.451769 2.01525 2 
0.293844 0.320639 2 
0.289681 0.313349 2 
0.285643 0.320808 2 
0.279906 0.315754 2 
0.273459 0.288696 2 
0.266237 0.301161 2 
0.232466 0.24176 2 
0.228955 0.243599 2 
0.192661 0.194407 2 
0.167269 0.207585 2 
0.164254 0.179136 2 
0.16068 0.162186 2 
0.148075 0.216072 2 
0.119131 0.120149 2 
0.103858 0.108443 2 
0.0967147 0.126507 2 
0.0826954 0.0859051 2 
0.0795373 0.0836778 2 
0.0716647 0.0753463 2 
0.0560002 0.0585949 2 
0.0527688 0.0547797 2 
0.0501417 0.0567194 2 
0.0467967 0.0476566 2 
0.0453278 0.0501424 2 
0.0435017 0.0498717 2 
5.73608 6.0174 3 
5.73597 6.03078 3 
5.73099 6.03401 3 
0.425321 1.88966 3 
0.34316 0.39041 3 
0.299407 0.312096 3 
0.268565 0.28412 3 
0.238102 0.318273 3 
0.231946 0.241591 3 
0.214319 0.21707 3 
0.195653 0.20437 3 
0.188549 0.232472 3 
0.103074 0.13133 3 
0.0592831 0.0641034 3 
0.0583662 0.0604123 3 
0.0324676 0.0402784 3 
1.62216 1.63208 4 
0.879878 1.67081 4 
0.258934 0.28269 4 
0.258196 0.259088 4 
0.25615 0.277285 4 
0.254716 0.277575 4 
0.253866 0.279323 4 
0.244316 0.263992 4 
0.235356 0.24237 4 
0.20641 0.233632 4 
0.18682 0.186889 4 
0.169839 0.173928 4 
0.147613 0.166787 4 
3.83415 4.26793 5 
3.83257 4.27998 5 
3.83229 4.27958 5 
3.76718 4.29132 5 
1.42524 1.48842 5 
1.42364 1.50874 5 
1.4224 1.50446 5 
0.318827 0.339121 5 
0.308743 0.318906 5 
0.240186 0.240466 5 
0.236785 0.237583 5 
0.233334 0.262967 5 
0.221508 0.235124 5 
0.217875 0.247342 5 
0.184198 0.185804 5 
1.47753 1.55883 6 
1.31 1.40346 6 
1.28873 1.33126 6 
1.28823 1.36808 6 
0.331906 0.341542 6 
0.299093 0.305087 6 
0.224063 0.253977 6 
0.175551 0.232934 6 
0.0744452 0.0757053 6 
2.7012 2.97555 7 
2.70116 2.84185 7 
1.19797 1.26357 7 
1.17116 1.24676 7 
0.266493 0.279371 7 
0.207522 0.227232 7 
0.156244 0.171186 7 
0.137562 0.148344 7 
0.106682 0.125003 7 
1.65586 1.71842 8 
1.2763 1.28502 8 
1.07877 1.12609 8 
0.308083 0.315536 8 
0.199621 0.200497 8 
0.163679 0.173073 8 
0.102814 0.10931 8 
0.885046 1.01087 9 
0.878613 0.879531 9 
0.828494 0.841731 9 
0.469597 0.477164 9 
0.133169 0.147795 9 
0.129778 0.158304 9 
0.822581 0.855431 10 
0.795971 0.861523 10 
0.130503 0.130919 10 
0.0886963 0.106303 10 
1.02906 1.06808 11 
1.02838 1.03123 11 
0.746896 0.830693 11 
0.733208 0.804739 11 
0.688372 0.819404 11 
0.41469 0.418644 11 
0.309614 0.313908 11 
0.294765 0.305644 11 
0.288321 0.316136 11 
0.87043 0.976481 12 
0.865339 0.872652 12 
0.849749 0.917016 12 
0.747041 0.74906 12 
0.742865 0.82883 12 
0.675506 0.726248 12 
0.397406 0.442199 12 
0.347046 0.349909 12 
0.319672 0.360554 12 
0.284955 0.304954 12 
0.231827 0.246191 12 
0.196212 0.212985 12 
1.22606 1.23491 13 
0.841589 0.848383 13 
0.296049 0.317506 13 
0.306946 0.311395 14 
0.327894 0.420738 16 
0.626768 0.645489 18 
0.614133 0.63098 18 
0.50587 0.51246 18 
0.487584 0.56569 18 
0.488666 0.490375 19 
0.447965 0.491696 19 
0.639741 0.64918 20 
0.329538 0.355394 20 
