0 0.0348575 1 
0 0.0369661 1 
0 0.0369723 1 
0 0.0379791 1 
0 0.0389657 1 
0 0.0417821 1 
0 0.043568 1 
0 0.0444278 1 
0 0.0485096 1 
0 0.051546 1 
0 0.0515485 1 
0 0.051551 1 
0 0.0544195 1 
0 0.0557909 1 
0 0.0564682 1 
0 0.058449 1 
0 0.0597288 1 
0 0.061606 1 
0 0.061606 1 
0 0.0616121 1 
0 0.0622187 1 
0 0.0622187 1 
0 0.0640284 1 
0 0.0669275 1 
0 0.0686068 1 
0 0.0691544 1 
0 0.0718463 1 
0 0.0718468 1 
0 0.0759561 1 
0 0.0759581 1 
0 0.0784222 1 
0 0.0788978 1 
0 0.0812726 1 
0 0.0826589 1 
0 0.0840252 1 
0 0.0844724 1 
0 0.0853647 1 
0 0.0862509 1 
0 0.0892822 1 
0 0.0913808 1 
0 0.0954443 1 
0 0.0954517 1 
0 0.0981878 1 
0 0.0981878 1 
0 0.0993417 1 
0 0.0997132 1 
0 0.0997158 1 
0 0.100482 1 
0 0.10086 1 
0 0.101235 1 
0 0.101236 1 
0 0.107064 1 
0 0.107774 1 
0 0.107774 1 
0 0.109518 1 
0 0.10986 1 
0 0.110553 1 
0 0.110556 1 
0 0.1109 1 
0 0.112597 1 
0 0.113269 1 
0 0.113604 1 
0 0.113938 1 
0 0.115589 1 
0 0.120414 1 
0 0.121352 1 
0 0.124145 1 
0 0.129825 1 
0 0.132146 1 
0 0.132998 1 
0 0.137761 1 
0 0.145273 1 
0 0.147092 1 
0 0.152421 1 
0 0.153409 1 
0 0.159474 1 
0 0.162311 1 
0 0.166009 1 
0 0.170956 1 
0 0.171177 1 
0 0.182354 1 
0 0.18483 1 
0 0.18565 1 
0 0.190296 1 
0 0.192675 1 
0 0.205633 1 
0 0.216606 1 
0 0.217126 1 
0 0.221249 1 
0 0.225336 1 
0 0.240362 1 
0 0.243031 1 
0 0.243657 1 
0 0.243813 1 
0 0.268389 1 
0 0.269258 1 
0 0.269396 1 
0 0.272623 1 
0 0.273864 1 
0 0.288572 1 
0 0.294572 1 
0 0.301452 1 
0 0.310145 1 
0 0.324379 1 
0 0.328329 1 
0 0.3296 1 
0 0.339133 1 
0 0.340921 1 
0 0.34235 1 
0 0.343582 1 
0 0.34787 1 
0 0.356578 1 
0 0.367423 1 
0 0.36899 1 
0 0.372372 1 
0 0.402498 1 
0 0.43265 1 
0 0.49024 1 
0 0.499102 1 
0 0.709079 1 
0 0.757388 1 
0 1.0954 1 
0 1.26307 1 
0 1.83231 1 
0 2.11315 1 
0 2.75475 1 
0 3.54434 1 
0 3.71583 1 
0 4.384 1 
0 4.64155 1 
0 4.73669 1 
0 inf 1 
0 0.0301801 2 
0 0.031421 2 
0 0.0326032 2 
0 0.0348575 2 
0 0.0408684 2 
0 0.0444262 2 
0 0.0461047 2 
0 0.0477194 2 
0 0.0477223 2 
0 0.0477231 2 
0 0.0492924 2 
0 0.0492942 2 
0 0.0515468 2 
0 0.0522783 2 
0 0.0537083 2 
0 0.0537099 2 
0 0.0551122 2 
0 0.0551138 2 
0 0.0564669 2 
0 0.0564719 2 
0 0.0571336 2 
0 0.0577991 2 
0 0.0628337 2 
0 0.0634276 2 
0 0.0646207 2 
0 0.0646207 2 
0 0.0646211 2 
0 0.0674854 2 
0 0.0702409 2 
0 0.0749495 2 
0 0.0749547 2 
0 0.0749576 2 
0 0.0807969 2 
0 0.0867097 2 
0 0.0875663 2 
0 0.0913827 2 
0 0.101609 2 
0 0.102358 2 
0 0.10419 2 
0 0.104552 2 
0 0.105645 2 
0 0.107065 2 
0 0.110559 2 
0 0.110902 2 
0 0.113602 2 
0 0.113602 2 
0 0.11559 2 
0 0.117873 2 
0 0.118824 2 
0 0.11883 2 
0 0.120098 2 
0 0.127161 2 
0 0.128635 2 
0 0.12893 2 
0 0.129528 2 
0 0.129531 2 
0 0.134981 2 
0 0.144221 2 
0 0.146579 2 
0 0.149398 2 
0 0.15266 2 
0 0.157074 2 
0 0.158279 2 
0 0.163231 2 
0 0.171405 2 
0 0.185038 2 
0 0.185451 2 
0 0.186674 2 
0 0.188899 2 
0 0.197921 2 
0 0.200769 2 
0 0.201159 2 
0 0.206737 2 
0 0.211283 2 
0 0.216781 2 
0 0.224352 2 
0 0.230652 2 
0 0.231514 2 
0 0.236869 2 
0 0.239571 2 
0 0.243343 2 
0 0.248122 2 
0 0.256999 2 
0 0.265861 2 
0 0.272869 2 
0 0.272872 2 
0 0.274154 2 
0 0.278551 2 
0 0.280045 2 
0 0.289377 2 
0 0.291438 2 
0 0.292086 2 
0 0.292089 2 
0 0.305699 2 
0 0.306691 2 
0 0.321087 2 
0 0.32554 2 
0 0.327186 2 
0 0.343966 2 
0 0.350801 2 
0 0.355632 2 
0 0.359144 2 
0 0.365426 2 
0 0.369757 2 
0 0.373121 2 
0 0.418671 2 
0 0.421651 2 
0 0.436549 2 
0 0.441773 2 
0 0.458226 2 
0 0.471306 2 
0 0.513682 2 
0 0.679902 2 
0 0.731009 2 
0 1.06767 2 
0 1.49615 2 
0 1.505 2 
0 2.33643 2 
0 2.77076 2 
0 2.8925 2 
0 3.08154 2 
0 3.24266 2 
0 3.25705 2 
0 3.29509 2 
0 3.75207 2 
0 3.9322 2 
0 3.98183 2 
0 inf 2 
0 0.0337476 3 
0 0.0337492 3 
0 0.0369652 3 
0 0.037985 3 
0 0.0417905 3 
0 0.0426866 3 
0 0.0485144 3 
0 0.0522777 3 
0 0.0522782 3 
0 0.052279 3 
0 0.0616096 3 
0 0.0616131 3 
0 0.0634342 3 
0 0.0646099 3 
0 0.0663548 3 
0 0.0669262 3 
0 0.0713185 3 
0 0.0713212 3 
0 0.072891 3 
0 0.0729013 3 
0 0.0844734 3 
0 0.0866925 3 
0 0.0897021 3 
0 0.089707 3 
0 0.0962395 3 
0 0.102726 3 
0 0.113268 3 
0 0.117223 3 
0 0.118191 3 
0 0.118191 3 
0 0.119139 3 
0 0.119145 3 
0 0.119151 3 
0 0.120092 3 
0 0.12104 3 
0 0.121982 3 
0 0.122914 3 
0 0.123235 3 
0 0.126263 3 
0 0.126556 3 
0 0.12656 3 
0 0.126561 3 
0 0.128643 3 
0 0.128948 3 
0 0.130111 3 
0 0.132427 3 
0 0.13328 3 
0 0.13328 3 
0 0.133566 3 
0 0.139956 3 
0 0.141028 3 
0 0.143431 3 
0 0.146574 3 
0 0.147876 3 
0 0.148647 3 
0 0.163228 3 
0 0.164631 3 
0 0.165071 3 
0 0.170513 3 
0 0.181931 3 
0 0.183383 3 
0 0.183383 3 
0 0.203777 3 
0 0.206735 3 
0 0.211993 3 
0 0.213252 3 
0 0.214482 3 
0 0.219903 3 
0 0.233473 3 
0 0.237344 3 
0 0.241122 3 
0 0.248134 3 
0 0.260517 3 
0 0.261681 3 
0 0.270528 3 
0 0.271087 3 
0 0.277288 3 
0 0.286861 3 
0 0.287657 3 
0 0.29173 3 
0 0.299937 3 
0 0.301198 3 
0 0.321178 3 
0 0.32529 3 
0 0.33029 3 
0 0.330498 3 
0 0.330634 3 
0 0.332336 3 
0 0.332577 3 
0 0.337194 3 
0 0.340921 3 
0 0.34546 3 
0 0.361232 3 
0 0.362256 3 
0 0.375148 3 
0 0.39289 3 
0 0.406463 3 
0 0.409481 3 
0 0.418427 3 
0 0.419099 3 
0 0.429618 3 
0 0.433399 3 
0 0.457495 3 
0 0.476897 3 
0 0.677833 3 
0 0.797755 3 
0 0.956195 3 
0 1.02197 3 
0 1.26069 3 
0 1.37162 3 
0 2.06545 3 
0 2.44768 3 
0 2.4838 3 
0 2.53111 3 
0 2.57252 3 
0 2.57287 3 
0 2.68147 3 
0 2.68544 3 
0 2.68544 3 
0 3.16482 3 
0 3.33852 3 
0 3.40243 3 
0 3.40409 3 
0 inf 3 
0 0.0301827 4 
0 0.0348525 4 
0 0.0348525 4 
0 0.0426858 4 
0 0.0452745 4 
0 0.0469289 4 
0 0.0485024 4 
0 0.0485042 4 
0 0.0544144 4 
0 0.0578021 4 
0 0.0597376 4 
0 0.0603692 4 
0 0.0628355 4 
0 0.0669214 4 
0 0.0674945 4 
0 0.0691574 4 
0 0.0713176 4 
0 0.0774429 4 
0 0.0808045 4 
0 0.0981886 4 
0 0.0993422 4 
0 0.103095 4 
0 0.103095 4 
0 0.104188 4 
0 0.105995 4 
0 0.105998 4 
0 0.111242 4 
0 0.112263 4 
0 0.114267 4 
0 0.114268 4 
0 0.114272 4 
0 0.11526 4 
0 0.115266 4 
0 0.116575 4 
0 0.116894 4 
0 0.11755 4 
0 0.119153 4 
0 0.120096 4 
0 0.120385 4 
0 0.121327 4 
0 0.131846 4 
0 0.132705 4 
0 0.133567 4 
0 0.135817 4 
0 0.144484 4 
0 0.144491 4 
0 0.145275 4 
0 0.146054 4 
0 0.147351 4 
0 0.151422 4 
0 0.151673 4 
0 0.152414 4 
0 0.152415 4 
0 0.155371 4 
0 0.163463 4 
0 0.18173 4 
0 0.183388 4 
0 0.213779 4 
0 0.213961 4 
0 0.216607 4 
0 0.217655 4 
0 0.229671 4 
0 0.230652 4 
0 0.239247 4 
0 0.252365 4 
0 0.262206 4 
0 0.26771 4 
0 0.268974 4 
0 0.280316 4 
0 0.285017 4 
0 0.293797 4 
0 0.295209 4 
0 0.295723 4 
0 0.299947 4 
0 0.302494 4 
0 0.307444 4 
0 0.316086 4 
0 0.318825 4 
0 0.32356 4 
0 0.3303 4 
0 0.340272 4 
0 0.349812 4 
0 0.358515 4 
0 0.36247 4 
0 0.362599 4 
0 0.369114 4 
0 0.370367 4 
0 0.374358 4 
0 0.374368 4 
0 0.374874 4 
0 0.375962 4 
0 0.376793 4 
0 0.395332 4 
0 0.408551 4 
0 0.541167 4 
0 0.683075 4 
0 0.749822 4 
0 0.807638 4 
0 0.927464 4 
0 1.03679 4 
0 1.11722 4 
0 1.12954 4 
0 1.34618 4 
0 1.76013 4 
0 1.91334 4 
0 2.01736 4 
0 2.01892 4 
0 2.02074 4 
0 2.02104 4 
0 2.04385 4 
0 2.04437 4 
0 2.04569 4 
0 2.1244 4 
0 2.12457 4 
0 2.12457 4 
0 2.73414 4 
0 3.1426 4 
0 3.15529 4 
0 3.19636 4 
0 inf 4 
0 0.0275523 5 
0 0.0337469 5 
0 0.0348553 5 
0 0.0369664 5 
0 0.0485101 5 
0 0.0522739 5 
0 0.0537071 5 
0 0.0544115 5 
0 0.0571371 5 
0 0.0603699 5 
0 0.0628299 5 
0 0.0634348 5 
0 0.0739307 5 
0 0.087136 5 
0 0.0897027 5 
0 0.0930301 5 
0 0.0970174 5 
0 0.0974165 5 
0 0.101231 5 
0 0.103088 5 
0 0.106008 5 
0 0.107423 5 
0 0.111244 5 
0 0.112262 5 
0 0.113607 5 
0 0.11526 5 
0 0.115583 5 
0 0.11657 5 
0 0.116573 5 
0 0.116908 5 
0 0.117543 5 
0 0.119147 5 
0 0.119794 5 
0 0.123524 5 
0 0.124154 5 
0 0.127756 5 
0 0.13242 5 
0 0.134133 5 
0 0.135262 5 
0 0.136931 5 
0 0.138308 5 
0 0.139132 5 
0 0.1413 5 
0 0.143434 5 
0 0.146591 5 
0 0.148093 5 
0 0.155125 5 
0 0.155128 5 
0 0.161597 5 
0 0.1623 5 
0 0.163465 5 
0 0.163699 5 
0 0.165317 5 
0 0.165548 5 
0 0.172509 5 
0 0.175772 5 
0 0.181096 5 
0 0.19424 5 
0 0.194435 5 
0 0.211277 5 
0 0.211277 5 
0 0.229694 5 
0 0.239248 5 
0 0.256403 5 
0 0.263655 5 
0 0.267983 5 
0 0.27713 5 
0 0.282421 5 
0 0.286821 5 
0 0.29393 5 
0 0.299258 5 
0 0.322649 5 
0 0.328093 5 
0 0.338229 5 
0 0.346333 5 
0 0.364169 5 
0 0.365833 5 
0 0.367019 5 
0 0.369389 5 
0 0.370261 5 
0 0.374593 5 
0 0.375504 5 
0 0.379775 5 
0 0.385928 5 
0 0.416848 5 
0 0.421197 5 
0 0.671957 5 
0 0.689158 5 
0 0.705541 5 
0 0.782909 5 
0 0.932042 5 
0 1.03646 5 
0 1.08572 5 
0 1.11369 5 
0 1.11981 5 
0 1.13436 5 
0 1.16536 5 
0 1.24068 5 
0 1.35251 5 
0 1.4163 5 
0 1.41769 5 
0 1.4179 5 
0 1.61622 5 
0 1.82354 5 
0 1.82377 5 
0 1.8241 5 
0 1.82994 5 
0 1.8305 5 
0 1.97158 5 
0 1.99734 5 
0 2.10436 5 
0 2.10985 5 
0 2.1767 5 
0 2.17684 5 
0 2.18025 5 
0 inf 5 
0 0.0389677 6 
0 0.0408665 6 
0 0.0426873 6 
0 0.0452791 6 
0 0.0485155 6 
0 0.050807 6 
0 0.0713204 6 
0 0.076449 6 
0 0.0774409 6 
0 0.0789011 6 
0 0.0803294 6 
0 0.0826598 6 
0 0.0849308 6 
0 0.0962405 6 
0 0.102725 6 
0 0.106714 6 
0 0.108824 6 
0 0.111239 6 
0 0.115262 6 
0 0.124138 6 
0 0.124141 6 
0 0.124754 6 
0 0.124754 6 
0 0.128057 6 
0 0.129529 6 
0 0.130979 6 
0 0.132137 6 
0 0.132139 6 
0 0.132422 6 
0 0.136647 6 
0 0.15363 6 
0 0.156344 6 
0 0.161371 6 
0 0.161372 6 
0 0.162066 6 
0 0.162068 6 
0 0.163236 6 
0 0.165785 6 
0 0.170297 6 
0 0.182346 6 
0 0.187209 6 
0 0.18747 6 
0 0.189088 6 
0 0.189098 6 
0 0.189299 6 
0 0.190698 6 
0 0.191487 6 
0 0.192075 6 
0 0.193453 6 
0 0.196959 6 
0 0.202844 6 
0 0.2045 6 
0 0.205259 6 
0 0.216598 6 
0 0.21887 6 
0 0.219384 6 
0 0.220939 6 
0 0.243498 6 
0 0.24853 6 
0 0.249749 6 
0 0.250356 6 
0 0.280444 6 
0 0.298153 6 
0 0.305323 6 
0 0.307552 6 
0 0.313651 6 
0 0.319289 6 
0 0.321185 6 
0 0.333602 6 
0 0.349266 6 
0 0.364002 6 
0 0.383177 6 
0 0.384391 6 
0 0.384391 6 
0 0.386755 6 
0 0.391992 6 
0 0.402031 6 
0 0.448768 6 
0 0.482299 6 
0 0.603599 6 
0 0.659383 6 
0 0.707639 6 
0 0.741243 6 
0 0.742198 6 
0 0.750135 6 
0 0.807262 6 
0 0.815973 6 
0 0.818787 6 
0 0.825807 6 
0 0.82618 6 
0 0.903682 6 
0 0.996854 6 
0 1.0249 6 
0 1.0311 6 
0 1.08514 6 
0 1.18294 6 
0 1.35608 6 
0 1.5196 6 
0 1.62228 6 
0 1.6223 6 
0 1.62244 6 
0 1.63049 6 
0 1.74637 6 
0 1.8014 6 
0 1.80408 6 
0 1.80424 6 
0 1.8066 6 
0 1.81102 6 
0 1.89995 6 
0 1.90856 6 
0 1.99747 6 
0 inf 6 
0 0.0515461 7 
0 0.061606 7 
0 0.063429 7 
0 0.0702173 7 
0 0.0718496 7 
0 0.0754588 7 
0 0.0888524 7 
0 0.0978028 7 
0 0.098186 7 
0 0.101622 7 
0 0.104196 7 
0 0.108474 7 
0 0.112934 7 
0 0.114268 7 
0 0.115918 7 
0 0.120731 7 
0 0.125351 7 
0 0.127167 7 
0 0.131554 7 
0 0.131555 7 
0 0.132712 7 
0 0.133284 7 
0 0.134136 7 
0 0.134136 7 
0 0.135818 7 
0 0.136659 7 
0 0.138314 7 
0 0.14528 7 
0 0.153899 7 
0 0.156352 7 
0 0.15828 7 
0 0.161137 7 
0 0.161373 7 
0 0.163237 7 
0 0.16486 7 
0 0.1694 7 
0 0.171844 7 
0 0.173809 7 
0 0.174043 7 
0 0.176208 7 
0 0.179833 7 
0 0.183799 7 
0 0.185853 7 
0 0.197156 7 
0 0.19869 7 
0 0.199815 7 
0 0.20709 7 
0 0.219221 7 
0 0.234246 7 
0 0.245805 7 
0 0.245806 7 
0 0.262505 7 
0 0.263659 7 
0 0.274429 7 
0 0.274697 7 
0 0.305322 7 
0 0.318228 7 
0 0.318704 7 
0 0.320247 7 
0 0.331563 7 
0 0.331907 7 
0 0.331907 7 
0 0.332232 7 
0 0.332803 7 
0 0.333828 7 
0 0.338047 7 
0 0.362432 7 
0 0.363687 7 
0 0.381116 7 
0 0.408276 7 
0 0.541948 7 
0 0.573147 7 
0 0.607153 7 
0 0.629033 7 
0 0.632043 7 
0 0.633542 7 
0 0.677548 7 
0 0.683735 7 
0 0.690258 7 
0 0.701479 7 
0 0.729192 7 
0 0.762572 7 
0 0.80906 7 
0 0.862852 7 
0 0.88786 7 
0 1.04011 7 
0 1.04409 7 
0 1.08556 7 
0 1.13383 7 
0 1.14572 7 
0 1.23398 7 
0 1.33513 7 
0 1.3399 7 
0 1.34013 7 
0 1.34857 7 
0 1.35007 7 
0 1.37027 7 
0 1.37783 7 
0 1.37948 7 
0 1.38398 7 
0 1.44976 7 
0 1.56379 7 
0 1.79887 7 
0 1.80022 7 
0 1.80292 7 
0 1.80622 7 
0 1.82961 7 
0 inf 7 
0 0.0529968 8 
0 0.0529973 8 
0 0.0622149 8 
0 0.0840253 8 
0 0.0913799 8 
0 0.0930255 8 
0 0.0974165 8 
0 0.101615 8 
0 0.101616 8 
0 0.115592 8 
0 0.116249 8 
0 0.11755 8 
0 0.11915 8 
0 0.121672 8 
0 0.123521 8 
0 0.127155 8 
0 0.128354 8 
0 0.129233 8 
0 0.129825 8 
0 0.131267 8 
0 0.133566 8 
0 0.133844 8 
0 0.135545 8 
0 0.14449 8 
0 0.145279 8 
0 0.159239 8 
0 0.161806 8 
0 0.164369 8 
0 0.173165 8 
0 0.173384 8 
0 0.179804 8 
0 0.180038 8 
0 0.183179 8 
0 0.192643 8 
0 0.198672 8 
0 0.200595 8 
0 0.201537 8 
0 0.211815 8 
0 0.217611 8 
0 0.222132 8 
0 0.224507 8 
0 0.225014 8 
0 0.231022 8 
0 0.247224 8 
0 0.247837 8 
0 0.273591 8 
0 0.275258 8 
0 0.27554 8 
0 0.285674 8 
0 0.289324 8 
0 0.29024 8 
0 0.293926 8 
0 0.29867 8 
0 0.304708 8 
0 0.322846 8 
0 0.328134 8 
0 0.330522 8 
0 0.333601 8 
0 0.339019 8 
0 0.343614 8 
0 0.349636 8 
0 0.374536 8 
0 0.460552 8 
0 0.482196 8 
0 0.491558 8 
0 0.510647 8 
0 0.550444 8 
0 0.550444 8 
0 0.56373 8 
0 0.607172 8 
0 0.640616 8 
0 0.647752 8 
0 0.65476 8 
0 0.658619 8 
0 0.666765 8 
0 0.710745 8 
0 0.745785 8 
0 0.750966 8 
0 0.764987 8 
0 0.777263 8 
0 0.799412 8 
0 0.823595 8 
0 0.834003 8 
0 0.875327 8 
0 0.890857 8 
0 0.922205 8 
0 1.01866 8 
0 1.021 8 
0 1.03198 8 
0 1.04132 8 
0 1.0483 8 
0 1.10157 8 
0 1.10909 8 
0 1.33363 8 
0 1.3342 8 
0 1.33769 8 
0 1.35002 8 
0 1.36354 8 
0 1.79511 8 
0 1.79866 8 
0 1.79866 8 
0 1.80176 8 
0 1.80184 8 
0 inf 8 
0 0.0379825 9 
0 0.0544106 9 
0 0.0603636 9 
0 0.062227 9 
0 0.0723748 9 
0 0.0808059 9 
0 0.0844806 9 
0 0.102734 9 
0 0.106357 9 
0 0.113934 9 
0 0.120102 9 
0 0.122608 9 
0 0.122907 9 
0 0.12536 9 
0 0.130959 9 
0 0.135545 9 
0 0.143959 9 
0 0.14501 9 
0 0.145278 9 
0 0.145537 9 
0 0.151421 9 
0 0.165054 9 
0 0.167588 9 
0 0.180904 9 
0 0.18317 9 
0 0.187273 9 
0 0.192273 9 
0 0.19579 9 
0 0.196769 9 
0 0.200182 9 
0 0.211641 9 
0 0.214133 9 
0 0.218523 9 
0 0.219562 9 
0 0.220761 9 
0 0.2216 9 
0 0.221935 9 
0 0.227554 9 
0 0.227554 9 
0 0.235895 9 
0 0.239878 9 
0 0.243444 9 
0 0.246447 9 
0 0.259352 9 
0 0.260905 9 
0 0.263222 9 
0 0.280853 9 
0 0.298532 9 
0 0.312214 9 
0 0.31704 9 
0 0.33223 9 
0 0.33223 9 
0 0.364214 9 
0 0.365462 9 
0 0.386635 9 
0 0.394596 9 
0 0.450955 9 
0 0.471287 9 
0 0.4807 9 
0 0.486042 9 
0 0.571292 9 
0 0.571824 9 
0 0.589215 9 
0 0.589216 9 
0 0.630722 9 
0 0.661695 9 
0 0.668543 9 
0 0.685849 9 
0 0.697049 9 
0 0.699658 9 
0 0.703339 9 
0 0.760331 9 
0 0.781843 9 
0 0.797608 9 
0 0.824793 9 
0 0.863102 9 
0 0.89439 9 
0 0.913015 9 
0 0.932879 9 
0 0.934441 9 
0 0.961557 9 
0 0.982151 9 
0 0.98273 9 
0 0.986921 9 
0 1.02922 9 
0 1.02952 9 
0 1.03393 9 
0 1.05274 9 
0 1.05501 9 
0 1.33442 9 
0 1.33613 9 
0 1.34632 9 
0 1.37375 9 
0 1.37463 9 
0 1.80054 9 
0 1.80085 9 
0 1.80355 9 
0 1.80355 9 
0 1.80389 9 
0 inf 9 
0 0.0477221 10 
0 0.0707838 10 
0 0.0840211 10 
0 0.0853706 10 
0 0.0866944 10 
0 0.0950482 10 
0 0.100112 10 
0 0.103463 10 
0 0.10918 10 
0 0.115248 10 
0 0.116237 10 
0 0.117558 10 
0 0.119785 10 
0 0.136379 10 
0 0.136659 10 
0 0.139141 10 
0 0.149638 10 
0 0.154393 10 
0 0.155349 10 
0 0.172285 10 
0 0.178139 10 
0 0.180251 10 
0 0.182347 10 
0 0.184006 10 
0 0.188485 10 
0 0.202295 10 
0 0.203602 10 
0 0.205384 10 
0 0.205938 10 
0 0.220261 10 
0 0.229545 10 
0 0.240042 10 
0 0.241773 10 
0 0.243186 10 
0 0.243442 10 
0 0.262977 10 
0 0.262982 10 
0 0.28368 10 
0 0.295575 10 
0 0.300437 10 
0 0.307187 10 
0 0.324291 10 
0 0.325545 10 
0 0.327205 10 
0 0.341256 10 
0 0.342921 10 
0 0.357662 10 
0 0.358086 10 
0 0.375462 10 
0 0.380283 10 
0 0.387013 10 
0 0.412371 10 
0 0.543558 10 
0 0.664143 10 
0 0.664143 10 
0 0.665033 10 
0 0.66676 10 
0 0.668296 10 
0 0.681901 10 
0 0.698236 10 
0 0.707849 10 
0 0.70801 10 
0 0.734328 10 
0 0.734328 10 
0 0.748256 10 
0 0.775702 10 
0 0.807512 10 
0 0.829661 10 
0 0.837856 10 
0 0.851102 10 
0 0.882211 10 
0 0.890372 10 
0 0.906982 10 
0 0.908445 10 
0 0.934977 10 
0 0.942415 10 
0 0.953295 10 
0 0.954131 10 
0 0.995155 10 
0 1.00154 10 
0 1.01406 10 
0 1.01552 10 
0 1.03283 10 
0 1.03342 10 
0 1.03595 10 
0 1.34064 10 
0 1.34064 10 
0 1.34157 10 
0 1.34228 10 
0 1.34868 10 
0 1.81653 10 
0 1.81722 10 
0 1.82081 10 
0 1.82081 10 
0 1.82331 10 
0 inf 10 
0 0.05973 11 
0 0.0835691 11 
0 0.110553 11 
0 0.111925 11 
0 0.112939 11 
0 0.120739 11 
0 0.126261 11 
0 0.137478 11 
0 0.153408 11 
0 0.158518 11 
0 0.164379 11 
0 0.167597 11 
0 0.168048 11 
0 0.174691 11 
0 0.174907 11 
0 0.177282 11 
0 0.178761 11 
0 0.180464 11 
0 0.18151 11 
0 0.193653 11 
0 0.205997 11 
0 0.206003 11 
0 0.219418 11 
0 0.223666 11 
0 0.224326 11 
0 0.229527 11 
0 0.233447 11 
0 0.270211 11 
0 0.274563 11 
0 0.276077 11 
0 0.282209 11 
0 0.307923 11 
0 0.317399 11 
0 0.317399 11 
0 0.323783 11 
0 0.325308 11 
0 0.33182 11 
0 0.339142 11 
0 0.340147 11 
0 0.343914 11 
0 0.344245 11 
0 0.346223 11 
0 0.348195 11 
0 0.360754 11 
0 0.360756 11 
0 0.366496 11 
0 0.374536 11 
0 0.386015 11 
0 0.403724 11 
0 0.414759 11 
0 0.48275 11 
0 0.50573 11 
0 0.53257 11 
0 0.544691 11 
0 0.544901 11 
0 0.545231 11 
0 0.563329 11 
0 0.563801 11 
0 0.612586 11 
0 0.619977 11 
0 0.636831 11 
0 0.677955 11 
0 0.682809 11 
0 0.695558 11 
0 0.698009 11 
0 0.702887 11 
0 0.713296 11 
0 0.731231 11 
0 0.754982 11 
0 0.763382 11 
0 0.765895 11 
0 0.797182 11 
0 0.826026 11 
0 0.827595 11 
0 0.827862 11 
0 0.891775 11 
0 1.01851 11 
0 1.01907 11 
0 1.02311 11 
0 1.02315 11 
0 1.02844 11 
0 1.35146 11 
0 1.35191 11 
0 1.36104 11 
0 1.36238 11 
0 1.37112 11 
0 1.79708 11 
0 1.79841 11 
0 1.80262 11 
0 1.80448 11 
0 1.80464 11 
0 inf 11 
0 0.0871247 12 
0 0.0942454 12 
0 0.134139 12 
0 0.147602 12 
0 0.158273 12 
0 0.166232 12 
0 0.176636 12 
0 0.178984 12 
0 0.181299 12 
0 0.183173 12 
0 0.183594 12 
0 0.187478 12 
0 0.20128 12 
0 0.205266 12 
0 0.213066 12 
0 0.214815 12 
0 0.217631 12 
0 0.234762 12 
0 0.23493 12 
0 0.249665 12 
0 0.249963 12 
0 0.252379 12 
0 0.252818 12 
0 0.25373 12 
0 0.261232 12 
0 0.273041 12 
0 0.278001 12 
0 0.280175 12 
0 0.286072 12 
0 0.286075 12 
0 0.30103 12 
0 0.310014 12 
0 0.312439 12 
0 0.314151 12 
0 0.321672 12 
0 0.325895 12 
0 0.33587 12 
0 0.338691 12 
0 0.340923 12 
0 0.344663 12 
0 0.359883 12 
0 0.360173 12 
0 0.366043 12 
0 0.401061 12 
0 0.402951 12 
0 0.406702 12 
0 0.411452 12 
0 0.415929 12 
0 0.415929 12 
0 0.437911 12 
0 0.450397 12 
0 0.452823 12 
0 0.454497 12 
0 0.454497 12 
0 0.456423 12 
0 0.462199 12 
0 0.482696 12 
0 0.5465 12 
0 0.548234 12 
0 0.574924 12 
0 0.615616 12 
0 0.625404 12 
0 0.645169 12 
0 0.649566 12 
0 0.650093 12 
0 0.660465 12 
0 0.681342 12 
0 0.710789 12 
0 0.716961 12 
0 0.762503 12 
0 0.767861 12 
0 0.79854 12 
0 1.01657 12 
0 1.01716 12 
0 1.02278 12 
0 1.02308 12 
0 1.02604 12 
0 1.33405 12 
0 1.33542 12 
0 1.34631 12 
0 1.34642 12 
0 1.3465 12 
0 1.79919 12 
0 1.79919 12 
0 1.80264 12 
0 1.80416 12 
0 1.80567 12 
0 inf 12 
0 0.101219 13 
0 0.152907 13 
0 0.15828 13 
0 0.160402 13 
0 0.168268 13 
0 0.170293 13 
0 0.181936 13 
0 0.189679 13 
0 0.190493 13 
0 0.199823 13 
0 0.199824 13 
0 0.21199 13 
0 0.21219 13 
0 0.21235 13 
0 0.214659 13 
0 0.216601 13 
0 0.223517 13 
0 0.234922 13 
0 0.236372 13 
0 0.242565 13 
0 0.24428 13 
0 0.249955 13 
0 0.252226 13 
0 0.267563 13 
0 0.277565 13 
0 0.277997 13 
0 0.284069 13 
0 0.288057 13 
0 0.304577 13 
0 0.305826 13 
0 0.314517 13 
0 0.320253 13 
0 0.332126 13 
0 0.337227 13 
0 0.34721 13 
0 0.359247 13 
0 0.362194 13 
0 0.362508 13 
0 0.364388 13 
0 0.373746 13 
0 0.424256 13 
0 0.497771 13 
0 0.521821 13 
0 0.52438 13 
0 0.534492 13 
0 0.534772 13 
0 0.536193 13 
0 0.537039 13 
0 0.537607 13 
0 0.53928 13 
0 0.540421 13 
0 0.543296 13 
0 0.559608 13 
0 0.565125 13 
0 0.565327 13 
0 0.565662 13 
0 0.576243 13 
0 0.602331 13 
0 0.606093 13 
0 0.703214 13 
0 0.719664 13 
0 0.725965 13 
0 0.728835 13 
0 0.7484 13 
0 0.768671 13 
0 0.78716 13 
0 0.822582 13 
0 0.892095 13 
0 1.02845 13 
0 1.02874 13 
0 1.04963 13 
0 1.05007 13 
0 1.065 13 
0 1.34135 13 
0 1.3418 13 
0 1.37199 13 
0 1.37299 13 
0 1.37299 13 
0 1.79522 13 
0 1.79649 13 
0 1.80575 13 
0 1.80691 13 
0 1.80823 13 
0 inf 13 
0 0.0764317 14 
0 0.136101 14 
0 0.156348 14 
0 0.156833 14 
0 0.161846 14 
0 0.165084 14 
0 0.171845 14 
0 0.181067 14 
0 0.1815 14 
0 0.186667 14 
0 0.193063 14 
0 0.225019 14 
0 0.22536 14 
0 0.22571 14 
0 0.22855 14 
0 0.230854 14 
0 0.233643 14 
0 0.235095 14 
0 0.239248 14 
0 0.241469 14 
0 0.242248 14 
0 0.243495 14 
0 0.252387 14 
0 0.260818 14 
0 0.26442 14 
0 0.267992 14 
0 0.272061 14 
0 0.277999 14 
0 0.293536 14 
0 0.300058 14 
0 0.303703 14 
0 0.308664 14 
0 0.311235 14 
0 0.311601 14 
0 0.361641 14 
0 0.365121 14 
0 0.366779 14 
0 0.384069 14 
0 0.408311 14 
0 0.409796 14 
0 0.449612 14 
0 0.476515 14 
0 0.522487 14 
0 0.567758 14 
0 0.570758 14 
0 0.583108 14 
0 0.602209 14 
0 0.672887 14 
0 0.673393 14 
0 0.68096 14 
0 0.681463 14 
0 0.700596 14 
0 0.716718 14 
0 0.720047 14 
0 0.797839 14 
0 0.84538 14 
0 0.852498 14 
0 0.855965 14 
0 0.857162 14 
0 0.911813 14 
0 0.911938 14 
0 0.926679 14 
0 0.940193 14 
0 0.947753 14 
0 0.947913 14 
0 1.01496 14 
0 1.02193 14 
0 1.02882 14 
0 1.03136 14 
0 1.03191 14 
0 1.33491 14 
0 1.33493 14 
0 1.35713 14 
0 1.35727 14 
0 1.35758 14 
0 1.79575 14 
0 1.81969 14 
0 1.82013 14 
0 1.82138 14 
0 inf 14 
0 0.0707893 15 
0 0.111238 15 
0 0.155376 15 
0 0.161358 15 
0 0.162989 15 
0 0.166234 15 
0 0.171828 15 
0 0.176218 15 
0 0.185622 15 
0 0.188485 15 
0 0.192053 15 
0 0.197359 15 
0 0.199654 15 
0 0.201319 15 
0 0.201319 15 
0 0.202486 15 
0 0.203608 15 
0 0.214841 15 
0 0.215722 15 
0 0.225528 15 
0 0.225696 15 
0 0.226203 15 
0 0.237493 15 
0 0.239721 15 
0 0.243492 15 
0 0.254167 15 
0 0.266099 15 
0 0.266425 15 
0 0.281798 15 
0 0.281932 15 
0 0.289899 15 
0 0.312335 15 
0 0.31822 15 
0 0.319649 15 
0 0.329484 15 
0 0.361667 15 
0 0.363027 15 
0 0.380391 15 
0 0.383568 15 
0 0.389947 15 
0 0.499289 15 
0 0.569694 15 
0 0.577962 15 
0 0.687063 15 
0 0.693009 15 
0 0.707673 15 
0 0.715326 15 
0 0.718715 15 
0 0.718979 15 
0 0.758335 15 
0 0.776147 15 
0 0.778344 15 
0 0.789581 15 
0 0.808195 15 
0 0.85365 15 
0 0.858178 15 
0 0.869494 15 
0 0.880189 15 
0 0.884448 15 
0 0.889487 15 
0 0.896163 15 
0 0.930891 15 
0 0.943849 15 
0 1.0169 15 
0 1.01716 15 
0 1.01988 15 
0 1.01988 15 
0 1.33874 15 
0 1.33874 15 
0 1.33883 15 
0 1.34053 15 
0 1.80283 15 
0 1.81647 15 
0 1.81971 15 
0 1.82012 15 
0 inf 15 
0 0.0452741 16 
0 0.0946339 16 
0 0.109513 16 
0 0.136934 16 
0 0.146333 16 
0 0.162302 16 
0 0.180445 16 
0 0.185646 16 
0 0.18842 16 
0 0.191615 16 
0 0.196313 16 
0 0.196543 16 
0 0.197535 16 
0 0.198869 16 
0 0.202091 16 
0 0.202815 16 
0 0.204888 16 
0 0.214664 16 
0 0.216775 16 
0 0.22196 16 
0 0.224177 16 
0 0.225697 16 
0 0.229048 16 
0 0.239263 16 
0 0.239737 16 
0 0.245965 16 
0 0.2818 16 
0 0.299639 16 
0 0.311344 16 
0 0.331089 16 
0 0.33304 16 
0 0.341289 16 
0 0.357871 16 
0 0.369971 16 
0 0.370381 16 
0 0.371915 16 
0 0.458737 16 
0 0.536193 16 
0 0.549892 16 
0 0.552423 16 
0 0.552922 16 
0 0.556684 16 
0 0.574065 16 
0 0.578946 16 
0 0.593964 16 
0 0.611596 16 
0 0.619489 16 
0 0.683298 16 
0 0.68463 16 
0 0.687948 16 
0 0.687948 16 
0 0.709287 16 
0 0.71313 16 
0 0.718222 16 
0 0.829908 16 
0 0.837741 16 
0 0.847831 16 
0 0.851645 16 
0 0.899003 16 
0 1.02789 16 
0 1.03672 16 
0 1.03672 16 
0 1.03672 16 
0 1.34004 16 
0 1.35113 16 
0 1.35113 16 
0 1.35189 16 
0 1.7952 16 
0 1.7953 16 
0 1.79691 16 
0 1.79748 16 
0 inf 16 
0 0.0645847 17 
0 0.0707596 17 
0 0.102339 17 
0 0.104178 17 
0 0.152892 17 
0 0.158738 17 
0 0.160402 17 
0 0.161358 17 
0 0.186678 17 
0 0.191081 17 
0 0.196136 17 
0 0.199812 17 
0 0.206508 17 
0 0.225027 17 
0 0.231486 17 
0 0.232983 17 
0 0.260382 17 
0 0.260383 17 
0 0.266862 17 
0 0.288839 17 
0 0.289366 17 
0 0.291977 17 
0 0.293015 17 
0 0.314309 17 
0 0.323825 17 
0 0.339034 17 
0 0.354454 17 
0 0.35489 17 
0 0.35489 17 
0 0.356948 17 
0 0.36044 17 
0 0.361565 17 
0 0.389853 17 
0 0.497324 17 
0 0.556278 17 
0 0.58553 17 
0 0.590375 17 
0 0.590693 17 
0 0.590694 17 
0 0.591657 17 
0 0.596834 17 
0 0.597851 17 
0 0.618013 17 
0 0.654564 17 
0 0.655433 17 
0 0.656648 17 
0 0.679008 17 
0 0.680351 17 
0 0.680794 17 
0 0.681073 17 
0 0.703714 17 
0 0.73145 17 
0 0.7476 17 
0 0.763675 17 
0 0.90103 17 
0 1.02508 17 
0 1.02922 17 
0 1.03125 17 
0 1.05038 17 
0 1.34736 17 
0 1.35486 17 
0 1.35531 17 
0 1.35576 17 
0 1.79967 17 
0 1.80943 17 
0 1.80977 17 
0 1.80983 17 
0 inf 17 
0 0.146567 18 
0 0.146568 18 
0 0.148623 18 
0 0.171847 18 
0 0.181502 18 
0 0.187815 18 
0 0.199574 18 
0 0.199575 18 
0 0.203344 18 
0 0.209464 18 
0 0.224999 18 
0 0.227681 18 
0 0.248871 18 
0 0.250417 18 
0 0.250871 18 
0 0.258892 18 
0 0.261665 18 
0 0.262383 18 
0 0.266568 18 
0 0.280444 18 
0 0.289106 18 
0 0.292368 18 
0 0.292368 18 
0 0.299593 18 
0 0.302574 18 
0 0.302619 18 
0 0.305985 18 
0 0.369568 18 
0 0.385651 18 
0 0.38634 18 
0 0.394593 18 
0 0.400144 18 
0 0.512069 18 
0 0.568352 18 
0 0.635396 18 
0 0.637903 18 
0 0.638795 18 
0 0.679623 18 
0 0.679623 18 
0 0.681018 18 
0 0.691637 18 
0 0.704577 18 
0 0.728524 18 
0 0.72868 18 
0 0.732363 18 
0 0.748235 18 
0 0.748996 18 
0 0.75006 18 
0 0.810952 18 
0 0.861089 18 
0 1.02878 18 
0 1.03364 18 
0 1.03595 18 
0 1.03771 18 
0 1.07997 18 
0 1.34372 18 
0 1.34372 18 
0 1.34541 18 
0 1.3641 18 
0 1.80035 18 
0 1.80368 18 
0 1.8042 18 
0 1.80521 18 
0 inf 18 
0 0.0734181 19 
0 0.0734186 19 
0 0.0849266 19 
0 0.140213 19 
0 0.140222 19 
0 0.142103 19 
0 0.156339 19 
0 0.172292 19 
0 0.174469 19 
0 0.177917 19 
0 0.187271 19 
0 0.209821 19 
0 0.210363 19 
0 0.21198 19 
0 0.225638 19 
0 0.225638 19 
0 0.227504 19 
0 0.230133 19 
0 0.262841 19 
0 0.263994 19 
0 0.271368 19 
0 0.283937 19 
0 0.293014 19 
0 0.293402 19 
0 0.298704 19 
0 0.299085 19 
0 0.299719 19 
0 0.351651 19 
0 0.36406 19 
0 0.370572 19 
0 0.399945 19 
0 0.470744 19 
0 0.641522 19 
0 0.703341 19 
0 0.707647 19 
0 0.708504 19 
0 0.718717 19 
0 0.719975 19 
0 0.720133 19 
0 0.722235 19 
0 0.742377 19 
0 0.7633 19 
0 0.766426 19 
0 0.848794 19 
0 0.885261 19 
0 0.886418 19 
0 0.944913 19 
0 0.949625 19 
0 0.950119 19 
0 1.02208 19 
0 1.02834 19 
0 1.03441 19 
0 1.03705 19 
0 1.34282 19 
0 1.34282 19 
0 1.34493 19 
0 1.80803 19 
0 1.80887 19 
0 1.80943 19 
0 inf 19 
0 0.0444312 20 
0 0.0734182 20 
0 0.0784154 20 
0 0.0812696 20 
0 0.0880121 20 
0 0.0958424 20 
0 0.103462 20 
0 0.129792 20 
0 0.132424 20 
0 0.145794 20 
0 0.157074 20 
0 0.159948 20 
0 0.175345 20 
0 0.185847 20 
0 0.185847 20 
0 0.187474 20 
0 0.212888 20 
0 0.236641 20 
0 0.240619 20 
0 0.240619 20 
0 0.262408 20 
0 0.263992 20 
0 0.264997 20 
0 0.293533 20 
0 0.293921 20 
0 0.297941 20 
0 0.303078 20 
0 0.306942 20 
0 0.307593 20 
0 0.308701 20 
0 0.382674 20 
0 0.390236 20 
0 0.441195 20 
0 0.473316 20 
0 0.654525 20 
0 0.682068 20 
0 0.68318 20 
0 0.740454 20 
0 0.742758 20 
0 0.765538 20 
0 0.775388 20 
0 0.775388 20 
0 0.779267 20 
0 0.800174 20 
0 0.88941 20 
0 0.889411 20 
0 0.93526 20 
0 1.03452 20 
0 1.03511 20 
0 1.34939 20 
0 1.35093 20 
0 1.80717 20 
0 1.824 20 
0 1.82649 20 
0 3.16607 20 
0 inf 20 
