5.15051 8.80406 1 
0.717453 0.777357 1 
0.66184 1.4674 1 
0.636367 0.645604 1 
0.355729 0.525099 1 
0.276897 0.278293 1 
0.255796 0.312942 1 
0.242621 0.278763 1 
0.235941 0.25597 1 
0.229812 0.242265 1 
0.220601 0.231498 1 
0.190765 0.210783 1 
0.167863 0.172684 1 
0.147007 0.148176 1 
0.131484 0.154733 1 
0.100999 0.104361 1 
0.0966109 0.0966118 1 
0.0906195 0.09204 1 
0.0906154 0.129503 1 
0.086222 0.0961748 1 
0.0847029 0.0886891 1 
0.0846996 0.0906195 1 
0.0805173 0.0841919 1 
0.0799761 0.0810457 1 
0.0534036 0.0616621 1 
0.0525928 0.0542038 1 
6.4855 6.49082 2 
3.89553 6.52247 2 
1.23799 1.24102 2 
0.714254 0.723212 2 
0.66551 0.696673 2 
0.561572 1.36964 2 
0.48941 0.505309 2 
0.363779 0.528395 2 
0.302839 0.327647 2 
0.26016 0.328049 2 
0.246687 0.251709 2 
0.243867 0.245631 2 
0.103939 0.106407 2 
0.0821105 0.0821139 2 
0.0805173 0.087213 2 
0.076103 0.0821184 2 
4.41543 4.96464 3 
4.41022 4.57738 3 
4.40301 5.06673 3 
3.54774 5.0668 3 
1.10388 1.17179 3 
0.70364 0.745808 3 
0.585945 1.39585 3 
0.522715 0.592543 3 
0.442965 0.476799 3 
0.438352 0.443544 3 
0.401615 0.402369 3 
0.38513 0.534975 3 
0.220216 0.254782 3 
0.0943591 0.106004 3 
0.093428 0.0966254 3 
0.0906175 0.106418 3 
0.087214 0.117238 3 
0.0872119 0.097955 3 
0.0862188 0.0901411 3 
0.0805126 0.0805207 3 
0.0689544 0.072022 3 
3.37125 3.79698 4 
3.37093 3.79862 4 
3.36724 3.79998 4 
2.90821 3.11902 4 
1.36492 1.38281 4 
1.10976 1.17116 4 
1.09517 1.184 4 
1.00216 1.08959 4 
0.722338 1.26806 4 
0.499976 0.506936 4 
0.467643 0.473969 4 
0.413081 0.429795 4 
0.37914 0.399989 4 
0.122637 0.124731 4 
0.112335 0.124731 4 
0.0938977 0.101848 4 
0.0867178 0.0996978 4 
0.0777902 0.081048 4 
1.03163 1.10814 5 
1.01007 1.08113 5 
0.972629 1.15396 5 
0.939293 1.17265 5 
0.109609 0.111172 5 
0.096168 0.107625 5 
0.0841919 0.0886912 5 
0.0788884 0.102269 5 
0.0788872 0.107626 5 
1.95932 2.14583 6 
1.93891 2.16599 6 
1.08607 1.10112 6 
0.952903 1.10308 6 
0.932094 0.991233 6 
0.212622 0.213025 6 
0.20263 0.213025 6 
0.186407 0.19479 6 
0.096171 0.1056 6 
0.0777831 0.0815798 6 
0.0726097 0.0737963 6 
0.070807 0.0821082 6 
1.85736 2.21444 7 
1.65663 1.75527 7 
1.6429 1.68488 7 
1.62644 1.70936 7 
1.5958 1.88471 7 
1.05399 1.08852 7 
0.995557 1.01396 7 
0.806611 0.889921 7 
0.247905 0.273444 7 
0.247731 0.27154 7 
0.242802 0.250679 7 
0.240657 0.242262 7 
0.165016 0.169149 7 
0.0847017 0.0996969 7 
0.0826309 0.0901277 7 
0.062364 0.0749554 7 
1.20523 1.22716 8 
0.875863 0.94819 8 
0.821496 0.861483 8 
0.258989 0.293705 8 
0.203268 0.22197 8 
0.193685 0.193903 8 
0.850581 0.857113 9 
0.794099 0.955737 9 
0.275646 0.302982 9 
0.269623 0.270579 9 
2.15041 2.2053 10 
2.14576 2.30107 10 
1.83505 1.9688 10 
0.934261 0.941912 10 
0.926291 0.96509 10 
0.742795 0.754281 10 
0.734833 0.744821 10 
0.316518 0.318148 10 
1.08611 1.11237 11 
1.0364 1.10974 11 
0.775805 0.878182 11 
0.726209 0.828869 11 
0.705062 0.710798 11 
0.512106 0.526092 11 
0.457544 0.465898 11 
1.18437 1.19991 12 
1.14424 1.18809 12 
0.648276 0.698469 12 
0.602096 0.716612 12 
0.564768 0.630638 12 
0.392872 0.40677 12 
0.86399 0.925157 13 
0.757075 0.800902 13 
0.232584 0.254293 13 
0.966416 1.00813 14 
1.02699 1.02826 15 
0.9841 1.03379 15 
1.42611 1.42974 16 
1.19889 1.29377 16 
0.982387 1.0268 16 
0.335448 0.340684 16 
0.334546 0.340684 16 
0.825999 0.994678 17 
1.18316 1.20787 18 
0.915375 1.03743 18 
0.897379 1.04606 19 
0.918796 1.02042 20 
0.302409 0.356458 20 
