5.79106 9.36503 1 
0.67609 1.69228 1 
0.412341 0.427623 1 
0.376891 0.396464 1 
0.343634 0.363893 1 
0.258528 0.271086 1 
0.214946 0.21995 1 
0.213872 0.237742 1 
0.20316 0.282479 1 
0.186078 0.205963 1 
0.152551 0.156633 1 
0.115818 0.157724 1 
0.0992959 0.112804 1 
0.0794075 0.0921085 1 
0.0764654 0.0921085 1 
0.0726209 0.0764657 1 
0.0726205 0.0772118 1 
0.0718275 0.076466 1 
0.0718272 0.0764657 1 
0.0702134 0.0718265 1 
0.0685603 0.0693917 1 
0.06513 0.0668666 1 
0.0605701 0.0624344 1 
0.058647 0.0685601 1 
0.0556374 0.0605702 1 
0.0355122 0.0370909 1 
6.86877 7.04148 2 
6.51724 6.88908 2 
4.54138 7.04234 2 
0.573732 2.11301 2 
0.368899 0.398336 2 
0.327929 0.403195 2 
0.284303 0.328809 2 
0.250655 0.276534 2 
0.228901 0.233366 2 
0.16588 0.170311 2 
0.16414 0.167938 2 
0.162384 0.167939 2 
0.1307 0.151805 2 
0.123019 0.123944 2 
0.0957695 0.0963656 2 
0.095169 0.0975489 2 
0.0902218 0.0969586 2 
0.070213 0.0710238 2 
0.0693918 0.076466 2 
0.0660042 0.0734057 2 
0.0642442 0.0726208 2 
0.0633455 0.0633457 2 
0.0624346 0.0869872 2 
0.0624339 0.0660047 2 
0.0586465 0.059616 2 
0.0556363 0.056658 2 
0.054597 0.0556368 2 
0.0535368 0.0556372 2 
0.0535364 0.0556368 2 
4.30036 4.4088 3 
4.24859 4.50393 3 
4.01496 4.50484 3 
0.779551 0.810209 3 
0.526083 1.98852 3 
0.477651 0.552647 3 
0.354473 0.392975 3 
0.259199 0.315095 3 
0.206795 0.218388 3 
0.184526 0.193917 3 
0.12255 0.126237 3 
0.11875 0.142048 3 
0.0786831 0.086987 3 
0.0693906 0.075712 3 
0.0660052 0.0718278 3 
0.0615093 0.0651295 3 
0.0596159 0.0596165 3 
0.0535367 0.0642438 3 
0.0513503 0.0633448 3 
3.67051 3.68544 4 
1.76949 1.86045 4 
0.617608 1.91481 4 
0.252022 0.277359 4 
0.193921 0.219961 4 
0.193917 0.197433 4 
0.193619 0.212808 4 
0.18669 0.20032 4 
0.158095 0.181077 4 
0.130257 0.136699 4 
0.113317 0.117784 4 
0.102704 0.106538 4 
0.0876434 0.0889421 4 
0.0822447 0.082939 4 
0.0772112 0.0772112 4 
0.072621 0.0726211 4 
0.0726209 0.072621 4 
0.0633458 0.0677195 4 
0.0576614 0.064244 4 
0.0576609 0.0651305 4 
0.0566578 0.0660046 4 
2.66476 2.97029 5 
1.53333 1.57909 5 
1.50618 1.63531 5 
0.823107 1.68958 5 
0.244634 0.251341 5 
0.188219 0.247897 5 
0.173647 0.188519 5 
0.164143 0.166226 5 
0.157 0.163791 5 
0.151426 0.187605 5 
0.0734058 0.0822446 5 
0.066005 0.0808388 5 
0.0651302 0.0815441 5 
0.0624343 0.0651298 5 
0.0605698 0.0677187 5 
2.19067 2.32639 6 
1.54315 1.5548 6 
1.54095 1.54778 6 
1.39641 1.47721 6 
1.30211 1.58796 6 
0.420048 0.444186 6 
0.209547 0.220215 6 
0.174963 0.183594 6 
0.166569 0.183594 6 
0.166565 0.171652 6 
0.159538 0.173977 6 
0.15143 0.19034 6 
0.145244 0.197146 6 
0.0726207 0.0764655 6 
0.0702126 0.0779503 6 
0.0685602 0.0794078 6 
2.41694 2.44476 7 
2.13122 2.19574 7 
1.91 1.92239 7 
1.48088 1.48947 7 
1.17459 1.25048 7 
1.13679 1.46004 7 
0.360567 0.363889 7 
0.26811 0.29245 7 
0.23238 0.276738 7 
0.21146 0.237021 7 
0.208448 0.23238 7 
0.205127 0.228893 7 
0.205124 0.228893 7 
0.194507 0.206797 7 
0.188829 0.198305 7 
0.0734056 0.087643 7 
0.0693915 0.072621 7 
1.28269 1.60906 8 
1.02201 1.32434 8 
0.989687 1.04483 8 
0.908856 1.25299 8 
0.263797 0.265102 8 
0.227893 0.229151 8 
0.222805 0.229899 8 
0.0633457 0.0642439 8 
1.61958 1.65953 9 
1.60518 1.645 9 
0.958476 1.00596 9 
0.840689 0.872822 9 
0.787477 1.05134 9 
0.311804 0.338929 9 
0.255629 0.268532 9 
2.29308 2.30929 10 
2.29108 2.30842 10 
1.66591 1.74686 10 
1.6345 1.73847 10 
0.779036 0.879678 10 
0.754995 0.927101 10 
0.429104 0.479802 10 
0.403766 0.415659 10 
0.371687 0.451237 10 
0.317266 0.347623 10 
0.269609 0.280244 10 
0.188825 0.242754 10 
0.981811 1.00184 11 
0.914747 1.13966 11 
0.879564 1.03444 11 
0.853479 1.02214 11 
0.851327 0.986092 11 
0.471729 0.490085 11 
0.149913 0.155189 11 
1.04549 1.10457 12 
0.93357 0.981293 12 
0.786603 0.803118 12 
0.433082 0.554918 12 
0.428693 0.443023 12 
1.41992 1.4376 13 
0.576408 0.755534 13 
0.558325 0.574215 13 
0.518615 0.648303 13 
0.513277 0.575707 13 
0.80547 0.823767 14 
0.694154 0.776113 14 
0.881978 0.932583 15 
0.878131 0.881192 15 
0.820351 0.96021 15 
0.310877 0.332298 15 
1.02779 1.20444 16 
0.993818 1.25172 16 
1.06564 1.11083 17 
1.02422 1.04696 17 
0.919335 0.942669 17 
0.821721 0.837823 17 
0.795736 1.02393 17 
0.772704 0.809021 17 
0.808573 0.837833 18 
0.808573 0.819362 18 
0.750585 0.767505 18 
2.46212 2.55362 19 
0.208445 0.21495 20 
0.174308 0.178846 20 
