5.32571 9.02434 1 
0.837366 2.19274 1 
0.255835 0.277121 1 
0.227804 0.229999 1 
0.224533 0.230075 1 
0.100657 0.10801 1 
0.100186 0.110525 1 
0.0989496 0.156062 1 
0.0949493 0.096135 1 
0.0856103 0.109836 1 
0.0795338 0.082226 1 
0.07833 0.0822231 1 
0.0762494 0.0870325 1 
0.0741097 0.0814159 1 
0.0741051 0.0752476 1 
0.072163 0.0725577 1 
0.071506 0.0735931 1 
0.0711114 0.0771172 1 
0.0707074 0.073596 1 
0.0705745 0.0733401 1 
0.070574 0.0771172 1 
0.0697664 0.0708438 1 
0.0635138 0.0698976 1 
0.0633647 0.0805982 1 
0.0632151 0.0638118 1 
0.0629104 0.0672804 1 
0.0613911 0.0810668 1 
0.0595112 0.0598287 1 
0.0501883 0.0522222 1 
0.0295127 0.0298367 1 
0.0238387 0.0250028 1 
0.0189704 0.0253784 1 
6.62051 6.68803 2 
4.16009 6.69166 2 
0.692833 2.96782 2 
0.273894 0.28042 2 
0.273202 0.28042 2 
0.244211 0.273094 2 
0.239588 0.256799 2 
0.238994 0.291254 2 
0.192174 0.193989 2 
0.18703 0.200093 2 
0.172767 0.174403 2 
0.144595 0.162894 2 
0.120842 0.129539 2 
0.114809 0.122009 2 
0.111636 0.131279 2 
0.0821093 0.0883311 2 
0.0758771 0.077113 2 
0.0744927 0.0747465 2 
0.071244 0.0766228 2 
0.0712437 0.0785752 2 
0.0700367 0.0769927 2 
0.0681179 0.0705753 2 
0.0671379 0.100471 2 
0.0655677 0.0685338 2 
0.064841 0.0737259 2 
0.0615436 0.0912837 2 
0.0574061 0.0599868 2 
0.0569087 0.0601446 2 
4.40877 5.24965 3 
4.39916 5.25952 3 
4.35197 4.38929 3 
4.31879 5.26872 3 
0.625493 3.02479 3 
0.195697 0.2295 3 
0.182473 0.205647 3 
0.181006 0.238842 3 
0.161547 0.165774 3 
0.13519 0.14739 3 
0.12084 0.126126 3 
0.107131 0.134484 3 
0.0933385 0.0983761 3 
0.0802453 0.0843857 3 
0.0649892 0.0675627 3 
0.0565748 0.0615455 3 
1.2328 2.70075 4 
0.201177 0.248249 4 
0.193256 0.239317 4 
0.157092 0.162252 4 
0.112733 0.1191 4 
0.104808 0.161075 4 
0.10066 0.102801 4 
0.0890815 0.0896111 4 
0.0876882 0.0950448 4 
0.0870349 0.094946 4 
0.0804804 0.0907654 4 
0.079656 0.0950428 4 
0.0749992 0.0853874 4 
0.0725588 0.0838225 4 
0.0692219 0.0756285 4 
0.0671352 0.0703067 4 
0.0659979 0.0796519 4 
0.0642538 0.0790549 4 
2.41379 2.42736 5 
1.90028 2.10819 5 
1.50155 2.43089 5 
0.3449 0.35813 5 
0.197908 0.20514 5 
0.170782 0.203429 5 
0.148156 0.153246 5 
0.142225 0.189545 5 
0.121853 0.188895 5 
0.118464 0.122471 5 
0.0899243 0.0912857 5 
0.0829115 0.0834823 5 
0.0716417 0.0733357 5 
0.0548744 0.0610817 5 
2.146 2.17221 6 
2.12984 2.1509 6 
2.06857 2.21731 6 
2.0554 2.20085 6 
2.04337 2.20129 6 
1.58523 2.24019 6 
0.164222 0.185097 6 
0.162249 0.166681 6 
0.161371 0.200234 6 
0.121776 0.160961 6 
0.112476 0.119496 6 
0.0518587 0.0540068 6 
0.050378 0.0505639 6 
0.0466699 0.0525851 6 
2.24227 2.53257 7 
2.1797 2.42395 7 
2.10441 2.11528 7 
1.86186 1.86608 7 
1.75035 1.87445 7 
1.44194 1.94403 7 
1.39692 1.89816 7 
0.18738 0.195637 7 
0.159836 0.178486 7 
0.149496 0.150942 7 
0.145057 0.160607 7 
0.114564 0.115468 7 
0.103444 0.104625 7 
0.0811839 0.0867102 7 
2.00213 2.05973 8 
1.89584 2.26897 8 
1.72505 2.10736 8 
1.6502 1.65612 8 
1.59623 1.76288 8 
1.49457 1.49987 8 
1.45755 1.67625 8 
1.11916 1.12302 8 
0.278623 0.287691 8 
0.224903 0.243268 8 
0.17429 0.174402 8 
0.152313 0.171057 8 
0.125829 0.128065 8 
0.118782 0.119894 8 
2.20388 2.29664 9 
2.16092 2.29565 9 
2.13506 2.46596 9 
2.13228 2.46615 9 
1.47156 1.50563 9 
1.38843 1.44283 9 
1.37163 1.73261 9 
0.131854 0.183191 9 
0.121463 0.151818 9 
1.82555 2.06672 10 
1.8069 2.05152 10 
1.74796 2.08453 10 
1.74796 1.96432 10 
1.39461 1.70166 10 
1.21011 1.28362 10 
0.468762 0.485593 10 
0.17222 0.174189 10 
0.154964 0.168037 10 
1.69005 1.72534 11 
1.11558 1.12159 11 
1.04443 1.05467 11 
0.763349 0.768388 11 
0.733919 0.734877 11 
0.468655 0.475279 11 
0.132714 0.150821 11 
1.56345 1.61563 12 
1.56329 1.61378 12 
1.55061 1.68412 12 
0.911215 0.921091 12 
0.876086 0.995412 12 
0.797162 0.926399 12 
1.89032 1.95206 13 
1.84 1.95429 13 
1.83536 1.95413 13 
0.915616 0.933324 13 
0.851325 0.873975 13 
2.23516 2.24029 14 
2.2343 2.23968 14 
1.69469 1.94604 15 
1.69191 1.92672 15 
1.31064 1.8194 15 
1.31045 1.66952 15 
1.31022 1.70065 15 
1.18554 1.22804 15 
0.519933 0.534303 15 
0.281889 0.325565 15 
1.71413 1.72933 16 
1.46857 1.54123 16 
1.46741 1.47684 16 
1.33178 1.42151 16 
0.429641 0.461029 16 
0.207605 0.216822 16 
0.20093 0.225682 16 
1.53672 1.66029 17 
1.47387 1.53858 17 
1.33525 1.5215 17 
1.21155 1.5388 17 
1.45466 1.81432 18 
1.39673 1.57314 18 
1.3442 1.57239 18 
1.34166 1.57234 18 
2.22303 2.30775 19 
1.32581 1.48002 19 
1.32396 1.47854 19 
0.279945 0.315628 19 
1.3393 1.5158 20 
1.33751 1.51565 20 
0.405078 0.433664 20 
