4.754 7.29622 1 
1.48908 1.51082 1 
1.03234 2.61621 1 
0.19137 0.367103 1 
0.129097 0.13663 1 
0.100344 0.14643 1 
0.075409 0.0757101 1 
0.0749044 0.109935 1 
0.0720131 0.0728517 1 
0.0720115 0.0728501 1 
0.0686735 0.0715921 1 
0.066542 0.0667696 1 
0.0569655 0.0594406 1 
0.0556193 0.0623056 1 
0.0543776 0.055071 1 
0.0538151 0.0553436 1 
0.0413964 0.0459074 1 
0.0275446 0.0299109 1 
5.337 5.47819 2 
5.0325 5.33614 2 
3.7153 5.47895 2 
0.838831 3.41553 2 
0.473915 0.493306 2 
0.278905 0.302491 2 
0.16202 0.333763 2 
0.115056 0.133372 2 
0.0556191 0.0576316 2 
0.0500206 0.0561615 2 
0.049871 0.0513718 2 
0.0462398 0.0621833 2 
0.0444037 0.0484847 2 
0.0437123 0.0494114 2 
0.0408435 0.0423013 2 
0.0402839 0.0424798 2 
0.0373574 0.0402839 2 
0.0365362 0.0410264 2 
3.83264 3.87844 3 
3.68177 3.80695 3 
3.65646 3.97688 3 
3.6398 3.97793 3 
3.60797 3.99773 3 
1.10791 1.20182 3 
0.772795 3.6057 3 
0.568448 0.572607 3 
0.18245 0.30719 3 
0.0733719 0.0783668 3 
0.0346133 0.0363243 3 
1.14564 1.21682 4 
0.971584 1.07993 4 
0.891455 3.4168 4 
0.279206 0.284289 4 
0.0748012 0.0789426 4 
0.040282 0.0480078 4 
0.0379592 0.0410255 4 
0.0373564 0.0397116 4 
3.02821 3.03012 5 
1.23957 3.06748 5 
0.259689 0.278501 5 
0.247904 0.255557 5 
0.22203 0.234263 5 
0.0657406 0.0691123 5 
0.0503287 0.0538195 5 
2.60444 2.73088 6 
2.602 2.76714 6 
2.51382 2.61109 6 
1.97976 2.1319 6 
1.93289 2.03826 6 
1.92774 2.03945 6 
1.89471 2.00812 6 
1.69446 2.79285 6 
0.223804 0.253143 6 
0.0875116 0.0978946 6 
0.0549308 0.057361 6 
2.19685 2.21331 7 
1.88379 2.42352 7 
1.88149 2.41232 7 
1.85077 2.26184 7 
1.41236 2.55489 7 
0.947357 0.951657 7 
0.0824208 0.0958602 7 
2.71723 2.89938 8 
1.70297 2.23509 8 
1.59413 2.10335 8 
1.39189 2.20623 8 
1.2792 1.35236 8 
0.0887191 0.0937828 8 
0.0882912 0.0884598 8 
2.0306 2.15451 9 
1.99438 2.10519 9 
1.87752 2.11801 9 
1.1897 2.00879 9 
1.10161 1.8846 9 
0.779483 0.987744 9 
2.10609 2.13635 10 
2.10587 2.13647 10 
1.79743 2.02085 10 
1.75431 1.92343 10 
1.54033 1.59048 10 
1.10441 1.74118 10 
1.00796 1.13399 10 
2.61208 2.68599 11 
2.56238 2.57646 11 
1.34912 2.02014 11 
0.573614 0.611512 11 
0.148487 0.158368 11 
0.118501 0.123634 11 
1.74096 1.77478 12 
1.34815 1.84878 12 
1.33342 1.81728 12 
1.26046 1.95267 12 
0.734025 0.754862 12 
0.558244 0.566788 12 
0.54327 0.574453 12 
1.53744 1.55901 13 
1.45473 1.50921 13 
1.34811 1.64775 13 
1.331 1.3353 13 
1.20506 1.3232 13 
1.1996 1.33544 13 
1.15099 1.29981 13 
1.08749 1.21046 13 
0.890291 1.04419 13 
0.841196 1.02192 13 
0.595859 0.662434 13 
0.532798 0.534997 13 
0.303446 0.311115 13 
1.10107 1.16595 14 
0.998908 1.09387 14 
0.70468 0.70672 14 
0.574982 0.58018 14 
0.569984 0.575736 14 
1.0765 1.0915 15 
1.9956 2.09712 17 
1.98753 2.0954 17 
1.43642 1.57376 17 
1.4193 1.6032 17 
1.5293 1.8645 18 
1.51217 1.54803 18 
1.47561 1.54803 18 
1.36977 1.43876 18 
1.23428 1.70142 18 
1.2339 1.61654 18 
1.63426 1.79069 19 
1.16508 1.17703 19 
1.16487 1.20114 19 
1.00689 1.09609 19 
0.790192 0.844593 19 
1.00193 1.04731 20 
1.00009 1.30497 20 
0.62599 0.663097 20 
0.564318 0.591206 20 
