5.54572 9.17351 1 
0.95593 2.15065 1 
0.400987 0.471012 1 
0.282669 0.318661 1 
0.279595 0.300587 1 
0.215813 0.234282 1 
0.208045 0.223856 1 
0.129249 0.142567 1 
0.122716 0.129561 1 
0.121371 0.14515 1 
0.120002 0.131453 1 
0.119317 0.131143 1 
0.118968 0.11931 1 
0.107328 0.10771 1 
0.104614 0.110351 1 
0.102232 0.111095 1 
0.0964283 0.0964284 1 
0.0942653 0.123045 1 
0.0925104 0.110355 1 
0.0920603 0.0968552 1 
0.0916174 0.103426 1 
0.0874835 0.105012 1 
0.087009 0.101013 1 
0.0860572 0.101015 1 
0.0850969 0.0933959 1 
0.0841225 0.0898036 1 
0.0821489 0.0981209 1 
0.0795969 0.0874783 1 
0.0785508 0.0816433 1 
0.0775064 0.0826442 1 
0.0758982 0.0865275 1 
0.0758982 0.0816433 1 
0.075351 0.0964284 1 
0.0748101 0.0836332 1 
0.07257 0.0769718 1 
0.0696758 0.0708479 1 
0.0654158 0.0748065 1 
0.0615261 0.069079 1 
6.5843 6.58876 2 
4.51771 6.59356 2 
0.789886 2.68363 2 
0.399338 0.548338 2 
0.338688 0.347912 2 
0.30722 0.354014 2 
0.276485 0.30385 2 
0.166765 0.168486 2 
0.15341 0.166032 2 
0.138757 0.171637 2 
0.126349 0.135467 2 
0.12136 0.13546 2 
0.121025 0.138767 2 
0.109229 0.111835 2 
0.105399 0.106946 2 
0.100609 0.10182 2 
0.0997823 0.145421 2 
0.0929582 0.0955736 2 
0.0902614 0.0955736 2 
0.0860551 0.0879451 2 
0.0836343 0.0898015 2 
0.0836289 0.0836332 2 
0.0795958 0.0884178 2 
0.079083 0.0993761 2 
0.0759018 0.0836343 2 
0.075897 0.076437 2 
0.0731333 0.0769725 2 
4.80394 4.92678 3 
4.79403 4.88022 3 
3.95922 4.92688 3 
0.708825 2.64094 3 
0.487571 0.498998 3 
0.438525 0.439936 3 
0.398108 0.435329 3 
0.395725 0.443378 3 
0.379154 0.41974 3 
0.37774 0.450741 3 
0.315937 0.328204 3 
0.288292 0.329325 3 
0.249584 0.251063 3 
0.234104 0.253349 3 
0.146556 0.192433 3 
0.11966 0.119661 3 
0.109982 0.111469 3 
0.105789 0.113297 3 
0.0993687 0.109981 3 
0.0946993 0.0951355 3 
0.0946936 0.100604 3 
0.0879431 0.105793 3 
0.0753483 0.0929545 3 
2.23496 2.25534 4 
0.694853 2.25663 4 
0.478027 0.521026 4 
0.410717 0.41688 4 
0.408811 0.423832 4 
0.383895 0.399133 4 
0.381316 0.435702 4 
0.368703 0.39468 4 
0.268026 0.276494 4 
0.206857 0.220154 4 
0.199979 0.202436 4 
0.100602 0.104615 4 
0.0993696 0.108096 4 
0.097277 0.105009 4 
0.0964276 0.100603 4 
0.0884174 0.0893395 4 
0.0879503 0.0916124 4 
0.0870101 0.0916155 4 
0.0731334 0.0850918 4 
0.0647882 0.0731371 4 
2.03452 2.04965 5 
1.99261 1.99652 5 
0.806537 2.01057 5 
0.111102 0.116879 5 
0.108097 0.111105 5 
0.0997815 0.115457 5 
0.0920698 0.0942728 5 
1.8917 1.91055 6 
1.71493 1.78851 6 
1.65735 1.76217 6 
1.6538 1.76835 6 
1.48633 1.79123 6 
0.499244 0.504249 6 
0.279749 0.283102 6 
0.183235 0.198539 6 
0.129247 0.133013 6 
0.08653 0.0879487 6 
0.0865297 0.0898016 6 
0.0714246 0.0748004 6 
0.0690778 0.0690832 6 
1.654 1.66154 7 
1.29872 1.32354 7 
1.29762 1.48636 7 
1.26548 1.47884 7 
1.22315 1.51044 7 
0.258814 0.268021 7 
0.256899 0.268787 7 
0.246262 0.250406 7 
0.122717 0.126024 7 
0.101415 0.103428 7 
0.0968509 0.105791 7 
0.0938396 0.0968559 7 
1.25525 1.26654 8 
1.15469 1.26771 8 
1.02401 1.2937 8 
0.807299 1.30912 8 
0.281937 0.288002 8 
0.190923 0.218466 8 
0.181878 0.188105 8 
0.12925 0.13363 8 
0.0997822 0.108091 8 
0.0907092 0.0929553 8 
1.32461 1.3588 9 
1.28281 1.34458 9 
1.1106 1.11135 9 
1.00455 1.18015 9 
0.765671 1.2315 9 
0.260707 0.264314 9 
0.101014 0.109982 9 
0.864065 1.03493 10 
0.77613 1.07431 10 
0.479143 0.49177 10 
0.164782 0.182556 10 
0.13114 0.132391 10 
0.835885 1.11521 11 
0.688103 0.852412 11 
0.669619 0.683485 11 
0.32046 0.327321 11 
1.02889 1.19702 12 
1.02589 1.26969 12 
0.984388 1.28707 12 
0.594638 0.602269 12 
0.757544 0.789856 13 
0.642847 0.647693 13 
0.55178 0.749084 13 
0.538799 0.607298 13 
0.533968 0.649524 14 
0.496271 0.723653 14 
0.446337 0.546241 14 
0.398416 0.486229 14 
0.776053 0.849651 15 
0.760904 0.801817 16 
1.26793 1.31242 17 
1.26732 1.27695 17 
1.52858 1.61049 18 
1.4547 1.46821 18 
1.4198 1.62326 18 
1.41381 1.41927 18 
0.797414 0.819447 19 
0.7661 0.805932 20 
0.458787 0.499661 20 
0.447989 0.484867 20 
